0.15 0.017 0.167 0.117 0.014 0.131 57.66 0.058 57.707 65.484 0.00700000000000001 65.479 65.376 0 65.362
0.154 0.015 0.169 0.116 0.012 0.129 56.219 0.059 56.265 64.268 0 64.255 64.119 0 64.106
0.146 0.019 0.165 0.115 0.012 0.127 55.716 0.047 55.752 64.946 0 64.935 64.811 0 64.799
0.147 0.025 0.172 0.112 0.017 0.129 56.187 0.04 56.215 63.8 0 63.787 64.42 0 64.407
0.151 0.018 0.169 0.117 0.013 0.129 56.607 0.022 56.617 64.602 0 64.588 64.164 0.002 64.163
0.164 0.00799999999999999 0.172 0.113 0.017 0.13 56.373 0.042 56.402 64.546 0 64.533 64.492 0 64.478
0.156 0.016 0.172 0.115 0.014 0.129 55.949 0.06 55.996 64.274 0.005 64.263 64.461 0.001 64.448
0.152 0.017 0.169 0.114 0.015 0.129 56.251 0.05 56.288 64.343 0.029 64.358 64.263 0.038 64.288
0.148 0.017 0.164 0.121 0.00700000000000001 0.128 55.625 0.036 55.656 63.413 0 63.399 63.231 0.002 63.241
0.159 0.011 0.169 0.122 0.00600000000000001 0.129 55.419 0.029 55.442 63.254 0.001 63.242 63.096 0 63.094
0.155 0.016 0.17 0.116 0.013 0.13 55.5 0.061 55.557 63.558 0 63.544 63.699 0.002 63.692
0.206 0.035 0.241 0.159 0.019 0.178 77.653 0.049 77.797 88.731 0 88.837 88.917 0.005 89.03
0.15 0.016 0.167 0.117 0.011 0.128 55.882 0.065 55.935 64.116 0.034 64.138 64.173 0.023 64.183
0.156 0.015 0.171 0.114 0.015 0.129 56.65 0.078 56.714 64.781 0.025 64.794 64.446 0.024 64.462
0.155 0.014 0.169 0.121 0.00899999999999998 0.129 56.138 0.026 56.152 64.116 0 64.104 64.261 0 64.247
0.153 0.016 0.17 0.122 0.00700000000000001 0.129 56.347 0.034 56.37 64.247 0 64.236 64.352 0 64.34
0.149 0.021 0.171 0.113 0.017 0.128 56.055 0.03 56.073 64.086 0.001 64.074 64.069 0 64.056
0.153 0.016 0.17 0.115 0.014 0.128 55.685 0.045 55.72 63.146 0.001 63.14 63.208 0 63.195
0.16 0.01 0.17 0.114 0.014 0.128 56.105 0.035 56.127 64.158 0 64.144 63.627 0 63.613
0.159 0.011 0.169 0.115 0.013 0.128 56.386 0.066 56.439 64.398 0.022 64.406 64.418 0.028 64.432
0.159 0.013 0.171 0.121 0.00800000000000001 0.13 56.294 0.027 56.308 64.173 0 64.159 64.072 0 64.058
0.148 0.02 0.169 0.114 0.016 0.129 57.031 0.057 57.075 65.219 0.00900000000000001 65.216 65.175 0.003 65.163
0.152 0.017 0.169 0.123 0.00700000000000001 0.13 56.973 0.043 57.003 64.989 0 64.976 64.877 0 64.863
0.153 0.016 0.169 0.115 0.013 0.128 56.074 0.05 56.11 64.213 0 64.198 63.596 0 63.591
0.153 0.017 0.17 0.117 0.014 0.131 57.505 0.07 57.563 65.472 0.057 65.515 64.972 0.034 64.993
0.156 0.014 0.169 0.117 0.011 0.129 56.234 0.035 56.254 64.461 0.002 64.45 64.438 0.003 64.425
0.158 0.015 0.173 0.121 0.01 0.13 56.111 0.032 56.131 64.101 0 64.087 64.057 0.001 64.044
0.155 0.016 0.171 0.114 0.015 0.13 56.901 0.032 56.921 64.785 0 64.78 64.221 0 64.209
0.154 0.015 0.168 0.117 0.011 0.129 55.96 0.03 55.976 63.988 0 63.975 63.861 0 63.848
0.158 0.012 0.169 0.118 0.012 0.13 56.754 0.031 56.771 64.797 0 64.782 64.814 0 64.799
0.158 0.014 0.172 0.123 0.00699999999999998 0.13 56.615 0.039 56.641 64.501 0 64.492 63.267 0 63.254
0.153 0.016 0.169 0.117 0.012 0.128 56.064 0.039 56.091 64.068 0 64.054 64.032 0.001 64.021
0.155 0.011 0.166 0.115 0.013 0.127 57.047 0.042 57.077 65.406 0 65.392 65.445 0.002 65.433
0.155 0.018 0.172 0.116 0.014 0.131 56.539 0.041 56.568 64.56 0 64.546 64.7 0 64.687
0.152 0.02 0.172 0.111 0.018 0.129 56.286 0.033 56.307 63.361 0.002 63.356 63.742 0 63.729
0.159 0.011 0.17 0.121 0.00800000000000001 0.129 57.049 0.041 57.077 65.093 0.023 65.103 64.506 0.023 64.525
0.161 0.01 0.171 0.122 0.01 0.132 56.727 0.063 56.785 64.573 0 64.56 64.8 0.001 64.801
0.211 0.02 0.232 0.155 0.027 0.182 78.66 0.065 78.819 89.601 0.002 89.708 89.557 0 89.664
0.207 0.026 0.233 0.153 0.029 0.182 78.683 0.059 78.836 89.611 0.003 89.72 89.558 0.003 89.667
0.199 0.032 0.231 0.163 0.013 0.176 76.013 0.056 76.159 87.18 0.001 87.284 87.145 0 87.247
0.157 0.015 0.171 0.115 0.014 0.128 56.401 0.047 56.436 64.205 0.005 64.202 63.263 0.00600000000000001 63.258
0.161 0.01 0.172 0.115 0.015 0.13 56.522 0.051 56.56 64.436 0 64.424 63.964 0.002 63.952
0.162 0.00700000000000001 0.169 0.114 0.014 0.128 56.062 0.038 56.087 64.26 0 64.246 64.438 0 64.424
0.158 0.012 0.17 0.116 0.013 0.129 56.005 0.04 56.031 64.061 0 64.048 63.782 0 63.778
0.205 0.029 0.236 0.162 0.017 0.178 76.57 0.076 76.74 87.569 0.00900000000000001 87.684 87.263 0.005 87.384
0.15 0.021 0.171 0.111 0.018 0.129 56.959 0.059 57.005 64.873 0 64.857 63.811 0 63.807
0.149 0.021 0.17 0.117 0.012 0.129 56.045 0.028 56.064 64.024 0.004 64.021 63.288 0.005 63.28
0.157 0.015 0.171 0.118 0.012 0.13 56.166 0.041 56.194 64.1 0.001 64.096 63.436 0 63.424
0.15 0.017 0.166 0.119 0.011 0.129 57.024 0.065 57.078 64.974 0.004 64.963 64.93 0.001 64.918
0.158 0.013 0.171 0.115 0.014 0.129 56.344 0.049 56.38 64.302 0.046 64.334 64.268 0.026 64.281
0.154 0.014 0.168 0.116 0.013 0.129 56.077 0.042 56.107 63.999 0.001 63.985 64.032 0 64.019
0.156 0.014 0.17 0.117 0.011 0.128 56.352 0.035 56.375 64.392 0 64.378 64.252 0.001 64.24
0.157 0.013 0.17 0.119 0.012 0.13 56.137 0.037 56.163 64.213 0.001 64.2 64.116 0 64.103
0.159 0.011 0.169 0.117 0.012 0.129 56.465 0.025 56.479 64.231 0 64.217 64.061 0 64.049
0.152 0.013 0.164 0.12 0.00799999999999998 0.127 55.808 0.034 55.831 63.987 0.002 63.976 63.797 0.003 63.787
0.153 0.017 0.17 0.112 0.017 0.129 56.113 0.053 56.154 63.616 0.044 63.653 62.591 0.002 62.581
0.159 0.00799999999999999 0.168 0.12 0.00900000000000001 0.128 56.061 0.03 56.08 63.717 0 63.714 63.185 0.001 63.172
0.154 0.016 0.17 0.12 0.01 0.13 56.094 0.045 56.128 64.209 0 64.197 64.168 0.001 64.157
0.156 0.014 0.17 0.118 0.011 0.129 56.617 0.031 56.635 64.649 0 64.633 64.657 0.001 64.643
0.156 0.012 0.168 0.113 0.017 0.131 57.308 0.06 57.357 64.777 0.012 64.781 64.196 0.00800000000000001 64.191
0.151 0.017 0.167 0.123 0.005 0.129 56.418 0.029 56.435 64.397 0.001 64.384 64.521 0.003 64.51
0.153 0.017 0.169 0.116 0.012 0.128 56.984 0.033 57.005 65.225 0.001 65.214 65.281 0.001 65.267
0.154 0.015 0.169 0.12 0.01 0.129 56.229 0.035 56.251 64.258 0 64.242 64.466 0 64.451
0.153 0.013 0.166 0.115 0.015 0.13 57.56 0.07 57.618 65.566 0 65.553 64.961 0.001 64.957
0.157 0.012 0.169 0.119 0.013 0.132 57.532 0.058 57.578 65.629 0.00599999999999998 65.622 65.502 0.003 65.491
0.155 0.016 0.17 0.119 0.014 0.133 57.541 0.047 57.577 65.258 0.001 65.253 64.211 0 64.198
0.163 0.011 0.173 0.12 0.01 0.13 56.32 0.033 56.34 63.793 0 63.781 63.739 0.001 63.728
0.154 0.017 0.17 0.115 0.013 0.128 55.368 0.038 55.4 63.509 0 63.495 63.302 0 63.303
0.155 0.018 0.173 0.115 0.014 0.129 56.953 0.041 56.982 64.289 0 64.285 63.641 0 63.629
0.215 0.02 0.235 0.162 0.016 0.179 76.29 0.058 76.439 87.249 0.014 87.367 86.464 0.00800000000000001 86.593
0.214 0.025 0.238 0.158 0.022 0.181 77.672 0.055 77.82 88.738 0 88.843 88.654 0 88.775
0.154 0.015 0.17 0.12 0.00900000000000001 0.128 55.801 0.041 55.83 63.827 0.00600000000000001 63.825 63.153 0.002 63.141
0.151 0.019 0.17 0.112 0.017 0.13 56.132 0.049 56.168 63.52 0.001 63.517 63.229 0 63.216
0.152 0.019 0.171 0.12 0.00900000000000001 0.129 56.411 0.04 56.478 63.753 0.001 63.785 63.812 0.00199999999999997 63.854
0.157 0.015 0.171 0.116 0.014 0.13 56.428 0.035 56.451 64.547 0 64.535 64.363 0 64.357
0.146 0.019 0.166 0.115 0.014 0.128 56.216 0.036 56.24 64.391 0 64.378 64.471 0 64.457
0.159 0.012 0.171 0.116 0.013 0.129 57.037 0.039 57.064 64.957 0 64.942 64.858 0 64.844
0.153 0.017 0.17 0.119 0.011 0.13 57.078 0.034 57.1 65.07 0 65.055 64.985 0 64.972
0.152 0.017 0.169 0.122 0.00699999999999998 0.129 57.168 0.038 57.194 65.384 0.013 65.383 65.384 0.011 65.382
0.154 0.011 0.166 0.113 0.015 0.127 55.373 0.033 55.394 64.207 0.001 64.196 64.233 0 64.22
0.158 0.014 0.172 0.119 0.01 0.129 56.103 0.056 56.188 63.351 0.001 63.392 62.678 0 62.713
0.157 0.013 0.17 0.12 0.012 0.132 57.555 0.043 57.585 65.621 0 65.607 64.754 0.001 64.749
0.15 0.015 0.165 0.116 0.011 0.127 56.299 0.059 56.345 64.395 0.003 64.385 64.483 0.003 64.471
0.155 0.011 0.166 0.117 0.015 0.132 56.74 0.055 56.782 64.934 0.004 64.923 64.191 0 64.185
0.154 0.013 0.166 0.117 0.01 0.128 56.88 0.065 56.932 64.952 0.023 64.96 64.935 0.03 64.952
0.16 0.013 0.172 0.123 0.00800000000000001 0.131 55.788 0.05 55.833 63.594 0.001 63.582 63.425 0 63.422
0.15 0.016 0.166 0.116 0.012 0.129 56.035 0.053 56.075 64.113 0.063 64.162 64.103 0.064 64.153
0.156 0.015 0.171 0.117 0.013 0.13 56.061 0.072 56.12 64.126 0.015 64.133 63.607 0.015 63.608
0.153 0.018 0.171 0.117 0.011 0.129 56.312 0.055 56.355 64.456 0.003 64.45 63.55 0 63.54
0.157 0.015 0.171 0.114 0.015 0.13 55.895 0.046 55.928 63.994 0.001 63.982 63.435 0.001 63.423
0.156 0.013 0.168 0.121 0.00799999999999998 0.129 56.963 0.049 57 65.017 0 65.004 65.175 0 65.162
0.157 0.012 0.169 0.115 0.014 0.129 56.474 0.032 56.494 64.536 0.003 64.526 64.457 0 64.445
0.148 0.02 0.168 0.115 0.016 0.131 57.354 0.032 57.376 65.389 0.002 65.385 64.556 0.001 64.547
0.153 0.017 0.17 0.12 0.00900000000000001 0.129 56.814 0.054 56.855 64.932 0 64.919 65.008 0.001 64.995
0.155 0.011 0.166 0.11 0.019 0.129 56.271 0.057 56.317 64.306 0 64.293 64.265 0.001 64.256
0.158 0.011 0.17 0.116 0.013 0.128 56.24 0.038 56.266 64.28 0 64.267 64.303 0 64.289
0.16 0.012 0.171 0.114 0.015 0.129 56.974 0.048 57.009 64.912 0 64.899 64.939 0.002 64.928
0.156 0.013 0.169 0.117 0.011 0.128 56.168 0.035 56.195 64.049 0 64.034 63.871 0 63.864
0.159 0.012 0.169 0.12 0.00900000000000001 0.129 56.52 0.048 56.556 64.61 0.027 64.623 64.741 0.00900000000000001 64.735
0.156 0.015 0.171 0.117 0.013 0.13 56.889 0.04 56.916 64.911 0 64.896 64.829 0.001 64.816
0.159 0.011 0.17 0.116 0.012 0.127 56.82 0.032 56.841 64.684 0 64.681 63.986 0.002 63.976
0.158 0.01 0.169 0.121 0.011 0.131 57.014 0.04 57.041 65.188 0 65.174 65.132 0.004 65.122
0.151 0.014 0.165 0.118 0.01 0.127 55.996 0.024 56.017 63.726 0.002 63.716 63.61 0 63.611
0.158 0.01 0.169 0.114 0.014 0.128 55.23 0.055 55.28 63.065 0.024 63.075 63.027 0.018 63.038
0.154 0.017 0.171 0.116 0.013 0.129 55.829 0.041 55.864 63.39 0.001 63.378 63.576 0.001 63.575
0.148 0.017 0.165 0.118 0.00999999999999998 0.128 55.432 0.043 55.465 63.617 0.002 63.606 63.658 0.001 63.646
0.15 0.015 0.165 0.113 0.015 0.128 56.138 0.037 56.164 64.18 0 64.166 64.255 0.001 64.243
0.155 0.013 0.168 0.117 0.015 0.132 57.585 0.047 57.62 65.66 0 65.647 65.588 0 65.574
0.152 0.017 0.17 0.116 0.013 0.129 56.503 0.032 56.522 64.569 0.002 64.559 64.664 0.004 64.654
0.153 0.016 0.17 0.119 0.01 0.128 56.377 0.031 56.397 64.401 0 64.39 64.255 0.001 64.244
0.151 0.019 0.171 0.118 0.011 0.128 56.478 0.044 56.512 64.225 0 64.222 63.429 0 63.419
0.158 0.012 0.17 0.113 0.015 0.128 56.201 0.039 56.23 64.283 0 64.273 63.793 0 63.791
0.15 0.017 0.167 0.115 0.016 0.131 57.459 0.046 57.493 65.379 0.003 65.367 65.31 0.001 65.296
0.151 0.014 0.165 0.119 0.00899999999999998 0.128 56.102 0.063 56.152 64.628 0.028 64.642 64.632 0.014 64.632
0.155 0.015 0.169 0.115 0.013 0.129 56.273 0.067 56.327 64.413 0.014 64.413 64.406 0.023 64.414
0.155 0.016 0.171 0.119 0.01 0.128 56.14 0.037 56.164 64.158 0.001 64.144 64.168 0 64.153
0.157 0.012 0.168 0.117 0.012 0.129 56.932 0.053 56.972 64.911 0.001 64.897 64.914 0.00600000000000001 64.905
0.156 0.017 0.173 0.116 0.014 0.13 56.229 0.04 56.256 64.282 0.002 64.27 64.195 0.002 64.182
0.158 0.012 0.17 0.115 0.017 0.132 56.757 0.074 56.826 64.282 0.012 64.282 64.572 0 64.568
0.148 0.016 0.164 0.116 0.012 0.128 56.347 0.047 56.38 65.089 0 65.074 65.041 0 65.026
0.15 0.019 0.168 0.115 0.013 0.129 56.668 0.037 56.691 64.657 0.001 64.644 64.77 0.004 64.758
0.154 0.011 0.165 0.115 0.017 0.132 57.774 0.043 57.809 65.236 0.002 65.225 65.058 0.001 65.051
0.149 0.018 0.167 0.115 0.014 0.128 55.78 0.042 55.809 65.082 0 65.068 65.847 0 65.832
0.15 0.016 0.167 0.116 0.013 0.128 56.773 0.038 56.797 65.012 0 64.998 65.151 0.002 65.146
0.153 0.018 0.17 0.114 0.015 0.129 56.07 0.028 56.085 64.192 0 64.18 64.077 0 64.063
0.148 0.017 0.165 0.111 0.015 0.127 55.635 0.071 55.695 63.519 0 63.507 63.7 0.003 63.693
0.148 0.019 0.168 0.116 0.016 0.132 57.179 0.036 57.203 65.294 0 65.284 65.153 0 65.141
0.157 0.016 0.173 0.122 0.01 0.131 56.235 0.049 56.271 64.321 0 64.319 63.696 0 63.683
0.154 0.017 0.171 0.113 0.017 0.131 56.088 0.043 56.117 63.994 0.001 63.982 63.955 0 63.94
0.158 0.013 0.171 0.11 0.019 0.129 56.297 0.062 56.346 64.69 0.001 64.678 65.1 0.004 65.09
0.158 0.012 0.169 0.116 0.013 0.129 56.508 0.03 56.525 63.695 0 63.69 63.711 0 63.702
0.158 0.011 0.17 0.123 0.00600000000000001 0.128 55.782 0.042 55.818 63.059 0 63.049 63.337 0.002 63.331
0.159 0.012 0.171 0.119 0.01 0.129 55.485 0.054 55.531 62.746 0.012 62.745 63.469 0.046 63.51
0.159 0.012 0.17 0.118 0.01 0.129 55.746 0.054 55.788 63.488 0 63.474 63.109 0 63.104
0.162 0.00800000000000001 0.17 0.109 0.019 0.128 55.95 0.024 55.961 63.963 0.001 63.95 63.694 0.001 63.682
0.152 0.012 0.164 0.112 0.015 0.127 57.036 0.053 57.076 65.125 0 65.11 65.101 0 65.087
0.154 0.018 0.171 0.124 0.005 0.129 56.204 0.032 56.223 64.215 0.001 64.201 64.144 0 64.13
0.152 0.017 0.169 0.12 0.011 0.131 58.185 0.034 58.207 66.171 0.001 66.157 66.106 0.001 66.092
0.156 0.016 0.172 0.117 0.012 0.129 56.223 0.041 56.251 64.276 0 64.262 64.272 0 64.259
0.153 0.012 0.165 0.113 0.016 0.128 56.245 0.043 56.277 64.816 0.001 64.803 64.796 0 64.783
0.15 0.016 0.166 0.119 0.00900000000000001 0.129 56.045 0.053 56.084 64.744 0.002 64.733 64.835 0.002 64.823
0.157 0.015 0.172 0.115 0.014 0.128 56.914 0.043 56.944 65.063 0.002 65.048 64.733 0 64.718
0.153 0.016 0.169 0.115 0.013 0.128 55.985 0.044 56.017 64.012 0.001 63.999 63.91 0.003 63.899
0.153 0.018 0.171 0.118 0.012 0.13 56.516 0.052 56.556 64.538 0 64.524 64.486 0 64.472
0.15 0.02 0.17 0.119 0.00899999999999998 0.128 55.847 0.04 55.881 63.654 0 63.639 63.5 0 63.498
0.152 0.018 0.171 0.114 0.015 0.128 57.022 0.06 57.068 65.156 0.004 65.146 64.403 0 64.398
0.157 0.011 0.169 0.116 0.013 0.129 56.194 0.03 56.211 64.255 0.001 64.243 64.225 0.001 64.212
0.159 0.013 0.172 0.118 0.012 0.13 56.347 0.029 56.363 64.227 0 64.214 64.178 0 64.164
0.151 0.018 0.169 0.115 0.013 0.128 56.554 0.035 56.576 64.656 0 64.644 64.724 0 64.709
0.157 0.013 0.169 0.116 0.013 0.13 56.452 0.03 56.468 64.447 0.001 64.435 64.393 0 64.379
0.153 0.015 0.168 0.116 0.014 0.13 56.623 0.077 56.687 64.576 0.039 64.602 64.485 0.027 64.499
0.147 0.019 0.166 0.118 0.01 0.127 55.809 0.033 55.831 64.162 0 64.149 64.151 0.001 64.138
0.161 0.01 0.171 0.115 0.014 0.13 56.047 0.038 56.073 64.05 0 64.036 64.087 0.001 64.074
0.147 0.012 0.16 0.11 0.015 0.125 55.216 0.037 55.281 63.625 0.004 63.665 63.185 0.004 63.232
0.155 0.015 0.17 0.119 0.00900000000000001 0.129 56.276 0.042 56.305 64.348 0.003 64.339 64.254 0.000999999999999973 64.247
0.155 0.016 0.171 0.115 0.014 0.129 56.597 0.056 56.64 64.579 0 64.565 64.344 0 64.331
0.152 0.013 0.165 0.117 0.011 0.129 55.683 0.03 55.706 63.456 0 63.442 63.297 0.001 63.294
0.156 0.017 0.172 0.114 0.016 0.131 56.472 0.066 56.525 64.607 0.041 64.634 64.445 0.042 64.477
0.142 0.023 0.166 0.117 0.012 0.128 55.517 0.042 55.547 64.196 0 64.181 64.223 0.001 64.21
0.15 0.018 0.168 0.121 0.00900000000000001 0.131 55.666 0.066 55.718 63.884 0.001 63.873 63.925 0 63.91
0.151 0.014 0.165 0.118 0.011 0.129 56.317 0.047 56.352 64.399 0 64.385 64.369 0 64.355
0.158 0.013 0.171 0.11 0.018 0.128 56.271 0.031 56.289 64.221 0.001 64.209 64.16 0 64.146
0.155 0.015 0.17 0.113 0.017 0.128 56.961 0.038 56.987 64.932 0.001 64.919 64.47 0 64.457
0.15 0.02 0.171 0.123 0.00600000000000001 0.129 56.129 0.022 56.137 63.841 0 63.834 62.729 0 62.716
0.151 0.016 0.167 0.115 0.015 0.13 56.28 0.027 56.294 64.746 0 64.732 64.649 0 64.642
0.154 0.011 0.166 0.12 0.012 0.131 57.603 0.064 57.655 65.382 0 65.367 65.419 0.002 65.406
0.153 0.017 0.17 0.117 0.012 0.129 56.361 0.051 56.398 64.363 0 64.349 64.327 0.001 64.312
0.159 0.013 0.172 0.12 0.00900000000000001 0.129 56.085 0.028 56.14 63.802 0.002 63.844 62.976 0.002 63.009
0.155 0.016 0.171 0.118 0.00999999999999998 0.129 56.156 0.045 56.187 63.999 0.002 63.99 64.009 0.002 63.998
0.158 0.01 0.168 0.117 0.011 0.128 56.149 0.043 56.18 63.399 0.002 63.397 63.229 0.001 63.221
0.153 0.017 0.169 0.117 0.011 0.129 56.62 0.05 56.658 64.722 0.003 64.713 64.669 0 64.658
0.154 0.016 0.17 0.12 0.00800000000000001 0.128 56.473 0.053 56.515 64.105 0 64.1 63.766 0.001 63.755
0.155 0.015 0.17 0.123 0.00700000000000001 0.13 56.43 0.032 56.45 64.367 0.001 64.355 64.47 0.002 64.466
0.154 0.016 0.17 0.119 0.00899999999999998 0.128 55.974 0.043 56.005 64.124 0 64.111 64.173 0.002 64.163
0.158 0.013 0.17 0.119 0.01 0.129 55.977 0.045 56.008 63.817 0.001 63.814 63.115 0 63.1
0.154 0.017 0.171 0.121 0.00800000000000001 0.129 56.349 0.047 56.384 64.629 0.001 64.616 64.022 0.001 64.017
0.154 0.015 0.169 0.116 0.012 0.127 56.253 0.046 56.286 63.835 0.00199999999999997 63.831 63.622 0 63.608
0.156 0.014 0.17 0.121 0.00899999999999998 0.129 56.185 0.034 56.207 64.218 0 64.204 64.123 0 64.111
0.151 0.018 0.169 0.118 0.01 0.128 55.97 0.035 55.991 63.977 0.002 63.972 63.182 0.001 63.17
0.154 0.019 0.173 0.121 0.011 0.132 56.721 0.031 56.738 66.897 0 66.884 67.407 0 67.39
0.158 0.013 0.171 0.115 0.013 0.128 56.678 0.036 56.701 63.713 0 63.705 63.965 0.001 63.952
0.159 0.011 0.169 0.115 0.013 0.129 55.858 0.036 55.889 63.381 0 63.368 63.335 0 63.331
0.155 0.014 0.169 0.115 0.012 0.127 55.877 0.031 55.902 63.68 0 63.667 63.462 0.001 63.463
0.156 0.015 0.171 0.119 0.012 0.13 55.946 0.035 55.978 63.627 0 63.614 63.618 0 63.619
0.156 0.014 0.17 0.119 0.00999999999999998 0.129 55.679 0.055 55.731 63.265 0.042 63.293 63.478 0.038 63.508
0.157 0.013 0.17 0.118 0.01 0.128 56.297 0.075 56.359 64.604 0.047 64.638 64.469 0.033 64.495
0.161 0.00899999999999999 0.169 0.112 0.017 0.128 56.438 0.03 56.455 64.343 0 64.328 64.276 0.002 64.27
0.151 0.02 0.169 0.121 0.00799999999999998 0.129 56.365 0.049 56.403 63.674 0.001 63.671 63.502 0 63.491
0.156 0.014 0.17 0.12 0.011 0.13 56.349 0.033 56.37 64.376 0.013 64.375 64.362 0.005 64.354
0.153 0.017 0.169 0.117 0.012 0.129 56.36 0.033 56.381 64.571 0.001 64.558 64.431 0.004 64.421
0.151 0.018 0.169 0.119 0.011 0.129 56.393 0.04 56.421 64.513 0 64.499 64.494 0.002 64.482
0.156 0.013 0.17 0.11 0.018 0.128 56.049 0.058 56.095 63.989 0.003 63.978 64.038 0.002 64.028
0.156 0.011 0.167 0.113 0.014 0.127 56.288 0.036 56.312 64.435 0 64.422 63.562 0.002 63.559
0.152 0.017 0.169 0.113 0.015 0.128 56.051 0.031 56.07 64.063 0.001 64.052 64.014 0.001 64.002
0.15 0.014 0.165 0.111 0.016 0.126 55.959 0.073 56.021 64.692 0.024 64.702 64.555 0.004 64.545
0.147 0.016 0.165 0.116 0.012 0.127 56.138 0.064 56.189 64.298 0 64.284 64.308 0 64.294
0.159 0.01 0.17 0.123 0.00899999999999998 0.132 58.27 0.026 58.283 66.27 0.001 66.256 66.088 0 66.073
0.156 0.014 0.17 0.114 0.015 0.13 56.626 0.046 56.667 64.872 0 64.867 64.829 0 64.823
0.155 0.015 0.169 0.115 0.014 0.129 56.957 0.033 56.978 64.83 0.00199999999999997 64.817 64.856 0.002 64.844
0.147 0.019 0.166 0.117 0.011 0.128 55.661 0.038 55.687 63.965 0 63.95 63.183 0.002 63.18
0.161 0.012 0.172 0.122 0.00900000000000001 0.131 56.585 0.037 56.609 64.558 0 64.544 64.224 0.001 64.212
0.15 0.015 0.166 0.115 0.013 0.127 56.209 0.038 56.235 64.525 0 64.512 64.46 0 64.446
0.161 0.00800000000000001 0.169 0.116 0.012 0.128 56.168 0.035 56.19 64.134 0 64.119 64.131 0 64.117
0.149 0.02 0.169 0.118 0.011 0.129 56.352 0.035 56.374 64.339 0.001 64.326 64.37 0 64.355
0.158 0.013 0.172 0.115 0.014 0.128 56.345 0.031 56.364 64.504 0.002 64.491 64.379 0 64.364
0.15 0.016 0.167 0.117 0.013 0.129 56.288 0.083 56.359 65.102 0.023 65.113 65.326 0.012 65.325
0.152 0.02 0.172 0.114 0.016 0.13 55.894 0.034 55.915 63.004 0.002 62.999 63.313 0.001 63.3
0.158 0.012 0.17 0.124 0.00999999999999998 0.134 57.783 0.05 57.824 67.109 0 67.097 66.112 0 66.11
0.154 0.016 0.17 0.116 0.015 0.13 56.089 0.037 56.114 64.278 0.001 64.266 63.731 0 63.719
0.153 0.017 0.169 0.118 0.012 0.13 56.497 0.047 56.533 64.475 0 64.462 64.427 0 64.414
0.156 0.014 0.17 0.114 0.014 0.128 56.478 0.052 56.518 64.602 0.00199999999999997 64.591 64.488 0.001 64.476
0.156 0.012 0.169 0.113 0.016 0.129 56.156 0.06 56.204 64.185 0.01 64.182 64.212 0.005 64.203
0.154 0.014 0.168 0.119 0.012 0.131 57.099 0.042 57.128 65.228 0 65.215 65.222 0.000999999999999973 65.209
0.153 0.015 0.167 0.121 0.00900000000000001 0.131 56.798 0.041 56.825 64.763 0.001 64.751 64.733 0 64.719
0.162 0.00800000000000001 0.17 0.119 0.01 0.128 56.029 0.059 56.077 64.078 0.003 64.068 64.088 0.002 64.077
0.156 0.015 0.171 0.114 0.016 0.129 57.035 0.055 57.077 65.045 0 65.031 65.063 0 65.049
0.158 0.011 0.17 0.117 0.012 0.128 56.572 0.032 56.591 64.593 0.003 64.583 64.606 0 64.591
0.149 0.02 0.169 0.115 0.014 0.129 55.834 0.038 55.86 63.786 0.002 63.785 63.091 0.001 63.08
0.147 0.022 0.169 0.12 0.00699999999999998 0.127 56.058 0.038 56.083 63.96 0.003 63.95 64.092 0.001 64.079
0.159 0.013 0.172 0.117 0.014 0.131 56.096 0.038 56.121 64.244 0 64.23 64.186 0 64.172
0.155 0.014 0.169 0.113 0.015 0.128 56.535 0.069 56.591 64.383 0.004 64.383 63.702 0.004 63.693
0.153 0.016 0.169 0.118 0.01 0.128 56.107 0.045 56.139 64.01 0 64.003 63.489 0 63.476
0.156 0.015 0.171 0.115 0.014 0.129 56.366 0.049 56.402 63.874 0.001 63.869 62.876 0 62.863
0.156 0.014 0.17 0.115 0.014 0.129 55.963 0.048 55.998 64.038 0.001 64.025 63.986 0.001 63.973
0.151 0.019 0.171 0.114 0.015 0.129 56.959 0.061 57.008 65.016 0.003 65.004 64.355 0.000999999999999973 64.352
0.15 0.019 0.169 0.12 0.00900000000000001 0.13 56.474 0.038 56.499 64.43 0 64.417 64.35 0 64.339
0.152 0.017 0.169 0.109 0.02 0.129 56.32 0.042 56.352 64.255 0 64.243 64.171 0.002 64.161
0.157 0.011 0.168 0.121 0.00999999999999998 0.13 56.195 0.039 56.223 64.217 0.001 64.205 64.191 0 64.178
0.151 0.019 0.17 0.115 0.015 0.13 56.246 0.045 56.279 64.261 0 64.248 64.354 0 64.341
0.157 0.014 0.17 0.122 0.00700000000000001 0.129 56.199 0.04 56.228 64.262 0 64.25 64.186 0.001 64.175
0.161 0.00800000000000001 0.169 0.116 0.016 0.132 57.578 0.045 57.612 65.729 0 65.716 65.606 0.001 65.593
0.15 0.019 0.168 0.116 0.017 0.133 57.62 0.031 57.643 65.356 0.003 65.353 64.598 0 64.588
0.154 0.017 0.171 0.119 0.011 0.13 56.727 0.03 56.786 63.903 0.00299999999999997 63.944 63.797 0.002 63.834
0.158 0.012 0.17 0.114 0.014 0.128 56.552 0.038 56.576 64.321 0 64.313 63.377 0.001 63.363
0.149 0.015 0.165 0.12 0.00799999999999998 0.127 56.069 0.057 56.114 64.798 0.003 64.788 64.312 0 64.303
0.149 0.016 0.165 0.115 0.013 0.128 54.82 0.033 54.846 63.443 0 63.43 63.084 0 63.077
0.159 0.012 0.171 0.118 0.01 0.128 56.297 0.038 56.321 63.701 0 63.697 63.459 0 63.447
0.153 0.012 0.165 0.118 0.00999999999999998 0.128 57.002 0.039 57.028 65.148 0.001 65.134 65.345 0.003 65.333
0.152 0.018 0.171 0.116 0.013 0.128 56.194 0.049 56.229 63.864 0.002 63.852 64.32 0.005 64.311
0.152 0.016 0.169 0.117 0.012 0.128 56.719 0.04 56.746 64.798 0.003 64.788 64.997 0.004 64.987
0.156 0.015 0.171 0.119 0.01 0.129 56.952 0.076 57.017 64.999 0.041 65.028 64.975 0.001 64.964
0.156 0.016 0.172 0.119 0.011 0.13 56.049 0.033 56.068 63.481 0 63.474 63.31 0 63.295
0.159 0.013 0.172 0.115 0.014 0.129 56.137 0.043 56.166 63.493 0.001 63.48 64.043 0 64.028
0.156 0.013 0.168 0.118 0.012 0.13 56.953 0.03 56.97 64.924 0 64.91 64.432 0.004 64.429
0.152 0.019 0.172 0.122 0.00800000000000001 0.13 56.554 0.046 56.588 64.62 0.012 64.619 64.62 0.00700000000000001 64.613
0.156 0.014 0.169 0.116 0.016 0.132 57.529 0.061 57.58 65.476 0 65.465 65.255 0.001 65.242
0.15 0.015 0.164 0.113 0.014 0.127 55.32 0.051 55.391 63.152 0.001 63.183 62.603 0 62.624
0.155 0.015 0.169 0.114 0.017 0.132 57.736 0.051 57.775 65.714 0.014 65.714 65.576 0.001 65.571
0.155 0.015 0.17 0.114 0.017 0.131 56.506 0.033 56.529 64.305 0.001 64.305 63.556 0 63.545
0.152 0.018 0.171 0.118 0.011 0.129 56.268 0.049 56.305 64.802 0.003 64.791 64.89 0 64.877
0.156 0.016 0.171 0.115 0.014 0.129 56.377 0.032 56.404 64.13 0.001 64.118 64.157 0 64.155
0.158 0.011 0.17 0.119 0.012 0.13 57.226 0.042 57.258 65.55 0 65.535 64.704 0.001 64.697
0.154 0.014 0.168 0.112 0.017 0.129 56.318 0.033 56.338 64.305 0 64.291 64.401 0 64.387
0.152 0.014 0.165 0.118 0.00900000000000001 0.127 56.541 0.044 56.573 64.875 0.002 64.862 64.787 0 64.773
0.156 0.012 0.168 0.114 0.016 0.131 57.588 0.065 57.641 65.563 0 65.547 65.487 0 65.473
0.155 0.015 0.17 0.113 0.015 0.128 55.62 0.057 55.666 64.215 0 64.201 64.452 0.001 64.439
0.146 0.024 0.17 0.119 0.01 0.128 56.203 0.031 56.222 64.322 0 64.307 64.302 0.003 64.289
0.153 0.014 0.166 0.117 0.015 0.132 58.055 0.033 58.075 65.97 0 65.955 66.114 0.001 66.1
0.154 0.018 0.172 0.116 0.014 0.13 56.661 0.04 56.688 65.684 0.00499999999999998 65.674 65.664 0.002 65.651
0.149 0.015 0.163 0.114 0.013 0.128 55.385 0.041 55.42 63.539 0 63.526 63.594 0 63.593
0.157 0.015 0.172 0.12 0.011 0.131 56.533 0.047 56.566 64.541 0 64.526 63.961 0 63.953
0.158 0.017 0.176 0.12 0.012 0.132 56.971 0.039 56.996 65.187 0 65.173 65.243 0 65.229
0.152 0.02 0.172 0.114 0.016 0.13 55.95 0.052 55.99 64.053 0.018 64.057 63.96 0.01 63.957
0.148 0.016 0.164 0.12 0.00999999999999998 0.13 56.679 0.063 56.735 64.319 0.00700000000000001 64.312 64.095 0.002 64.094
0.151 0.017 0.168 0.118 0.01 0.128 55.998 0.037 56.021 64.298 0 64.285 64.358 0 64.343
0.154 0.016 0.17 0.118 0.011 0.129 56.434 0.054 56.475 64.01 0.00800000000000001 64.004 64.345 0 64.337
0.159 0.013 0.172 0.119 0.011 0.13 56.335 0.051 56.373 64.412 0.00799999999999998 64.406 64.153 0.002 64.142
0.158 0.012 0.17 0.11 0.019 0.129 56.231 0.054 56.273 64.338 0.003 64.327 64.233 0.001 64.222
0.15 0.018 0.169 0.119 0.011 0.129 56.957 0.05 56.995 64.978 0.001 64.965 64.825 0 64.811
0.154 0.017 0.172 0.113 0.016 0.129 55.815 0.028 55.831 63.939 0.001 63.927 63.989 0 63.976
0.155 0.013 0.168 0.115 0.014 0.13 55.677 0.03 55.703 63.456 0 63.442 63.303 0.001 63.302
0.149 0.02 0.169 0.118 0.01 0.129 56.067 0.052 56.105 64.2 0.004 64.191 64.272 0.002 64.261
0.158 0.011 0.169 0.122 0.00700000000000001 0.129 56.464 0.04 56.495 64.405 0.000999999999999973 64.397 64.347 0.003 64.34
0.15 0.019 0.169 0.116 0.012 0.128 56.267 0.059 56.314 64.193 0.024 64.204 64.213 0.00900000000000001 64.209
0.153 0.012 0.165 0.109 0.019 0.127 55.457 0.079 55.525 63.547 0.01 63.544 63.525 0.00800000000000001 63.519
0.145 0.02 0.165 0.111 0.016 0.127 56.163 0.037 56.187 64.331 0.001 64.318 64.376 0 64.362
0.155 0.016 0.171 0.121 0.00799999999999998 0.128 56.639 0.045 56.671 64.826 0.016 64.829 64.663 0.019 64.667
0.15 0.018 0.169 0.113 0.016 0.128 56.312 0.03 56.33 64.244 0.001 64.231 64.15 0.003 64.139
0.161 0.00999999999999998 0.171 0.115 0.014 0.129 56.345 0.041 56.373 64.432 0.000999999999999973 64.42 64.393 0 64.379
0.148 0.019 0.167 0.12 0.011 0.131 56.856 0.062 56.911 64.532 0.022 64.541 64.372 0.016 64.383
0.158 0.013 0.171 0.112 0.017 0.129 56.156 0.049 56.192 64.387 0.001 64.374 64.329 0.001 64.316
0.155 0.017 0.17 0.124 0.00800000000000001 0.132 56.664 0.038 56.69 65.534 0 65.52 65.522 0 65.508
0.15 0.019 0.169 0.108 0.021 0.129 56.777 0.067 56.831 64.843 0.062 64.891 64.808 0.07 64.864
0.157 0.016 0.173 0.116 0.016 0.132 56.113 0.03 56.131 64.554 0 64.54 64.728 0 64.715
0.145 0.021 0.165 0.118 0.00899999999999998 0.127 55.35 0.036 55.374 63.993 0 63.98 64.143 0 64.129
0.152 0.015 0.167 0.117 0.011 0.127 56.239 0.028 56.254 64.043 0.001 64.041 63.265 0 63.251
0.155 0.013 0.168 0.121 0.00999999999999998 0.131 57.261 0.034 57.282 65.137 0 65.121 65.241 0.001 65.228
0.149 0.018 0.167 0.114 0.015 0.129 56.455 0.105 56.607 64.441 0.042 64.498 64.591 0.003 64.581
0.155 0.015 0.17 0.119 0.01 0.129 57.151 0.024 57.162 65.209 0.001 65.196 65.298 0 65.284
0.15 0.018 0.168 0.114 0.015 0.129 56.537 0.039 56.563 64.644 0 64.629 64.59 0 64.576
0.159 0.013 0.173 0.116 0.015 0.131 56.794 0.04 56.821 64.769 0 64.755 64.955 0.002 64.943
0.157 0.013 0.171 0.113 0.015 0.129 56.075 0.043 56.106 63.847 0.00600000000000001 63.846 63.013 0.001 63.002
0.157 0.013 0.17 0.115 0.014 0.129 56.748 0.033 56.769 64.682 0 64.668 64.521 0.001 64.509
0.154 0.015 0.17 0.126 0.004 0.129 56.339 0.056 56.383 63.701 0 63.698 63.417 0 63.404
0.15 0.018 0.167 0.12 0.011 0.131 57.662 0.053 57.705 65.54 0 65.527 65.578 0.001 65.574
0.153 0.013 0.165 0.114 0.014 0.128 57.18 0.032 57.2 65.383 0.012 65.381 65.495 0.003 65.484
0.157 0.014 0.171 0.114 0.016 0.13 57.23 0.036 57.254 65.288 0.001 65.274 65.137 0 65.123
0.158 0.013 0.172 0.121 0.00900000000000001 0.13 56.394 0.052 56.433 64.214 0.013 64.214 63.639 0 63.626
0.154 0.015 0.169 0.12 0.00900000000000001 0.129 56.053 0.035 56.075 64.07 0 64.062 63.136 0 63.123
0.154 0.015 0.169 0.116 0.015 0.131 57.391 0.051 57.43 65.529 0.002 65.515 65.414 0.001 65.408
0.151 0.021 0.172 0.117 0.013 0.129 56.435 0.042 56.466 64.483 0.002 64.47 64.52 0 64.507
0.149 0.019 0.168 0.118 0.012 0.129 56.372 0.033 56.393 63.687 0 63.68 63.518 0 63.507
0.154 0.018 0.172 0.12 0.01 0.131 56.433 0.032 56.452 64.506 0 64.492 64.467 0 64.454
0.146 0.019 0.165 0.112 0.016 0.127 56.099 0.052 56.138 63.993 0.001 63.986 63.204 0.001 63.193
0.156 0.015 0.172 0.118 0.011 0.129 56.185 0.042 56.213 63.627 0 63.614 64.188 0 64.173
0.158 0.013 0.171 0.121 0.00900000000000001 0.13 56.103 0.036 56.127 64.108 0 64.095 64.138 0 64.13
0.151 0.017 0.168 0.119 0.012 0.131 56.777 0.049 56.821 64.862 0.00499999999999998 64.855 64.842 0.001 64.846
0.148 0.019 0.168 0.12 0.012 0.131 57.542 0.048 57.578 65.692 0.001 65.681 65.68 0.001 65.666
0.149 0.02 0.169 0.112 0.016 0.128 56.425 0.039 56.452 64.513 0.003 64.503 64.576 0.001 64.564
0.149 0.018 0.168 0.119 0.011 0.129 55.809 0.047 55.851 63.477 0 63.462 63.356 0 63.357
0.155 0.017 0.172 0.122 0.00700000000000001 0.129 55.868 0.038 55.893 64.06 0.001 64.046 64.117 0.001 64.103
0.154 0.016 0.169 0.12 0.012 0.133 56.884 0.048 56.919 64.788 0 64.783 64.291 0 64.279
0.149 0.016 0.165 0.115 0.013 0.128 55.739 0.028 55.756 64.453 0.001 64.439 64.385 0.001 64.373
0.155 0.015 0.17 0.113 0.015 0.128 56.251 0.036 56.275 64.388 0.002 64.384 63.731 0 63.72
0.156 0.014 0.171 0.115 0.014 0.128 56.618 0.032 56.639 64.725 0.001 64.712 64.647 0.001 64.642
0.155 0.016 0.171 0.11 0.02 0.13 56.482 0.033 56.502 64.539 0 64.525 64.227 0 64.213
0.15 0.017 0.167 0.121 0.00899999999999998 0.129 56.687 0.029 56.703 65.474 0 65.467 64.822 0 64.808
0.154 0.017 0.172 0.118 0.012 0.13 56.198 0.035 56.221 64.136 0 64.121 63.776 0 63.764
0.156 0.01 0.165 0.119 0.00800000000000001 0.127 56.034 0.037 56.059 64.227 0 64.214 64.398 0 64.384
0.156 0.018 0.174 0.118 0.013 0.13 55.62 0.052 55.669 63.641 0.00900000000000001 63.634 63.845 0.002 63.846
0.152 0.016 0.168 0.116 0.015 0.131 57.129 0.072 57.189 65.169 0 65.156 65.053 0 65.04
0.161 0.00600000000000001 0.167 0.12 0.011 0.131 57.035 0.041 57.063 65.059 0.001 65.048 65.217 0.003 65.206
0.154 0.016 0.169 0.121 0.00800000000000001 0.129 56.307 0.033 56.328 64.426 0 64.412 64.365 0.000999999999999973 64.352
0.147 0.019 0.165 0.116 0.012 0.128 55.783 0.046 55.817 64.396 0.002 64.386 64.291 0.002 64.278
0.154 0.017 0.171 0.12 0.011 0.131 56.283 0.041 56.311 64.462 0 64.448 64.376 0.001 64.361
0.152 0.02 0.172 0.118 0.012 0.13 56.619 0.03 56.638 64.271 0 64.258 65.008 0.001 64.999
0.158 0.014 0.171 0.117 0.014 0.131 56.161 0.04 56.188 63.039 0.005 63.037 63.368 0.002 63.356
0.154 0.017 0.17 0.117 0.012 0.129 57.203 0.043 57.237 65.378 0.004 65.372 64.383 0.003 64.382
0.149 0.021 0.17 0.114 0.015 0.13 56.777 0.056 56.82 64.888 0 64.874 64.706 0 64.693
0.151 0.019 0.17 0.123 0.00600000000000001 0.129 56.757 0.051 56.796 64.781 0.015 64.781 64.815 0.00600000000000001 64.807
0.156 0.015 0.17 0.118 0.011 0.13 56.796 0.03 56.814 64.825 0.001 64.812 64.723 0 64.71
0.157 0.015 0.171 0.117 0.013 0.131 56.806 0.032 56.826 64.77 0 64.757 64.931 0.001 64.919
0.157 0.014 0.171 0.118 0.012 0.13 56.358 0.037 56.383 64.387 0 64.374 64.313 0 64.3
0.154 0.013 0.166 0.117 0.014 0.131 57.416 0.033 57.438 65.517 0 65.503 65.381 0.003 65.37
0.156 0.014 0.17 0.118 0.011 0.129 56.618 0.042 56.648 64.597 0 64.585 64.538 0 64.524
0.145 0.02 0.166 0.115 0.012 0.127 55.425 0.033 55.446 63.595 0 63.58 63.603 0 63.59
0.149 0.02 0.169 0.114 0.014 0.128 55.307 0.035 55.336 63.233 0.001 63.22 63.186 0 63.18
0.154 0.016 0.17 0.116 0.014 0.129 56.151 0.027 56.165 64.157 0 64.144 64.142 0 64.128
0.158 0.015 0.173 0.116 0.015 0.132 56.067 0.03 56.084 64.126 0.001 64.114 64.073 0.002 64.062
0.16 0.00999999999999998 0.17 0.12 0.00900000000000001 0.129 55.87 0.045 55.902 63.92 0.001 63.907 63.913 0 63.9
0.153 0.018 0.17 0.12 0.00899999999999998 0.13 55.891 0.036 55.915 64.031 0.003 64.02 63.932 0.001 63.918
0.161 0.00900000000000001 0.17 0.118 0.011 0.129 56.201 0.048 56.237 64.123 0.00999999999999998 64.121 64.184 0 64.17
0.157 0.013 0.171 0.119 0.011 0.129 56.831 0.038 56.856 64.673 0 64.66 64.704 0 64.69
0.159 0.012 0.171 0.114 0.014 0.129 56.48 0.037 56.505 64.534 0.001 64.521 64.053 0.002 64.043
0.151 0.013 0.164 0.116 0.011 0.127 56.544 0.031 56.561 65.084 0 65.07 64.934 0 64.92
0.144 0.021 0.165 0.118 0.00999999999999998 0.127 55.769 0.03 55.789 63.132 0 63.127 62.948 0 62.935
0.151 0.014 0.165 0.116 0.012 0.128 55.887 0.045 55.92 64.473 0.033 64.493 64.34 0.026 64.353
0.158 0.013 0.171 0.122 0.00700000000000001 0.129 56.374 0.048 56.41 64.049 0 64.044 63.635 0 63.623
0.159 0.01 0.168 0.114 0.016 0.131 57.94 0.034 57.961 65.761 0.003 65.757 64.907 0.002 64.896
0.159 0.013 0.171 0.119 0.00999999999999998 0.129 56.262 0.038 56.287 64.636 0.00900000000000001 64.635 63.671 0.001 63.659
0.152 0.013 0.165 0.109 0.019 0.128 55.539 0.032 55.559 64.078 0 64.065 63.735 0 63.729
0.151 0.016 0.167 0.12 0.011 0.131 57.176 0.04 57.203 64.968 0 64.964 64.678 0 64.664
0.152 0.019 0.171 0.117 0.012 0.129 56.017 0.036 56.04 64.079 0 64.066 63.964 0 63.951
0.16 0.011 0.17 0.125 0.00600000000000001 0.131 56.259 0.027 56.275 64.453 0 64.439 64.433 0.004 64.423
0.16 0.00899999999999999 0.169 0.118 0.01 0.128 56.132 0.058 56.178 64.138 0.054 64.179 64.095 0 64.082
0.147 0.022 0.169 0.112 0.017 0.129 55.899 0.038 55.925 63.507 0 63.502 63.274 0 63.261
0.155 0.016 0.171 0.119 0.011 0.13 56.087 0.027 56.102 63.476 0.001 63.462 63.661 0 63.647
0.152 0.019 0.17 0.121 0.00900000000000001 0.131 56.481 0.053 56.521 64.575 0.001 64.563 64.695 0.001 64.682
0.155 0.018 0.173 0.118 0.012 0.13 57.335 0.06 57.383 65.326 0.005 65.316 65.271 0.005 65.262
0.156 0.015 0.17 0.119 0.00900000000000001 0.129 56.776 0.029 56.79 64.614 0.001 64.605 64.029 0 64.014
0.154 0.018 0.173 0.119 0.012 0.129 56.485 0.055 56.528 64.177 0.001 64.163 63.969 0.00199999999999997 63.956
0.159 0.012 0.171 0.119 0.00899999999999998 0.129 56.218 0.048 56.252 64.312 0.013 64.311 63.775 0.002 63.763
0.154 0.011 0.165 0.115 0.013 0.128 55.78 0.045 55.813 63.873 0.003 63.863 63.918 0.002 63.905
0.152 0.017 0.169 0.114 0.014 0.129 56.049 0.038 56.075 64.171 0 64.158 64.112 0 64.099
0.158 0.00899999999999998 0.166 0.113 0.016 0.13 56.71 0.04 56.737 65.313 0 65.299 65.242 0 65.227
0.156 0.013 0.17 0.122 0.00800000000000001 0.129 56.267 0.033 56.291 64.106 0.002 64.105 63.528 0 63.518
0.155 0.015 0.171 0.12 0.013 0.133 57.531 0.041 57.559 65.673 0.00900000000000001 65.669 65.635 0.003 65.623
0.164 0.00700000000000001 0.171 0.12 0.00899999999999998 0.129 56.193 0.035 56.217 64.479 0 64.466 63.916 0 63.903
0.157 0.013 0.171 0.122 0.00799999999999998 0.13 56.045 0.057 56.127 64.14 0.00299999999999997 64.171 64.067 0.001 64.096
0.154 0.017 0.171 0.113 0.017 0.13 56.416 0.035 56.44 64.72 0.002 64.71 64.671 0.002 64.663
0.155 0.015 0.17 0.121 0.00799999999999998 0.129 55.463 0.035 55.496 63.154 0.002 63.143 63.264 0.001 63.26
0.154 0.016 0.168 0.116 0.015 0.131 56.859 0.06 56.907 64.965 0.000999999999999973 64.952 65.245 0.002 65.238
0.16 0.01 0.17 0.112 0.017 0.129 56.244 0.035 56.268 64.425 0 64.411 63.546 0.001 63.54
0.154 0.015 0.169 0.121 0.00999999999999998 0.131 56.334 0.049 56.377 63.764 0.002 63.753 63.71 0 63.703
0.153 0.017 0.171 0.119 0.011 0.129 56.019 0.03 56.037 64.246 0.001 64.233 64.234 0 64.219
0.153 0.017 0.171 0.117 0.013 0.13 56.471 0.05 56.507 64.555 0.001 64.541 64.469 0.00399999999999998 64.459
0.152 0.017 0.169 0.12 0.00899999999999998 0.129 56.537 0.051 56.574 64.61 0.002 64.597 64.653 0.001 64.641
0.154 0.016 0.17 0.119 0.011 0.13 56.283 0.031 56.302 64.27 0 64.256 64.321 0 64.308
0.152 0.018 0.171 0.117 0.011 0.128 55.58 0.04 55.614 63.099 0 63.086 63.457 0 63.447
0.158 0.012 0.17 0.116 0.014 0.13 56.601 0.056 56.646 64.632 0.00600000000000001 64.623 64.602 0.00499999999999998 64.593
0.153 0.017 0.17 0.113 0.017 0.13 56.239 0.045 56.271 64.261 0 64.248 64.196 0.001 64.183
0.156 0.013 0.169 0.118 0.011 0.129 55.476 0.036 55.506 63.204 0 63.19 63.168 0.001 63.168
0.157 0.016 0.173 0.116 0.014 0.13 57.61 0.047 57.645 65.428 0.000999999999999973 65.416 65.121 0.001 65.108
0.151 0.019 0.17 0.112 0.016 0.128 55.982 0.036 56.005 64.051 0 64.037 63.952 0.001 63.94
0.155 0.014 0.169 0.121 0.00800000000000001 0.129 56.064 0.051 56.103 64.283 0.001 64.27 64.33 0 64.316
0.157 0.014 0.171 0.122 0.00700000000000001 0.129 56.318 0.035 56.344 63.795 0.001 63.784 64.272 0 64.262
0.161 0.011 0.171 0.119 0.00900000000000001 0.129 56.451 0.053 56.49 63.956 0 63.943 64.31 0 64.303
0.152 0.019 0.169 0.118 0.00999999999999998 0.129 56.229 0.05 56.267 64.281 0 64.267 64.364 0 64.35
0.155 0.012 0.167 0.119 0.00899999999999998 0.128 56.885 0.054 56.926 65.014 0.00899999999999998 65.009 64.482 0.005 64.482
0.151 0.018 0.168 0.118 0.012 0.13 56.652 0.044 56.683 64.649 0.001 64.636 64.718 0.001 64.707
0.156 0.014 0.169 0.116 0.013 0.129 56.336 0.04 56.364 64.274 0.001 64.262 64.324 0 64.311
0.16 0.011 0.171 0.115 0.012 0.128 56.38 0.033 56.4 64.447 0.002 64.436 64.388 0 64.374
0.153 0.016 0.168 0.112 0.016 0.129 55.787 0.056 55.835 63.386 0 63.374 63.379 0 63.376
0.153 0.017 0.17 0.112 0.017 0.128 56.192 0.03 56.211 64.129 0.005 64.12 64.03 0.003 64.027
0.151 0.013 0.164 0.114 0.016 0.13 57.215 0.046 57.249 65.837 0.003 65.827 65.843 0 65.829
0.149 0.015 0.164 0.112 0.015 0.128 56.317 0.043 56.346 64.624 0.001 64.612 64.378 0 64.364
0.152 0.019 0.171 0.117 0.011 0.128 56.424 0.038 56.449 64.504 0 64.489 64.279 0 64.266
0.153 0.016 0.17 0.115 0.015 0.13 56.378 0.03 56.394 64.468 0 64.454 64.546 0.001 64.534
0.15 0.02 0.17 0.116 0.014 0.13 56.362 0.038 56.387 64.296 0 64.282 64.243 0 64.229
0.151 0.018 0.167 0.118 0.011 0.129 55.842 0.05 55.886 63.531 0.037 63.556 63.334 0.003 63.336
0.153 0.019 0.171 0.12 0.00900000000000001 0.13 56.369 0.033 56.388 64.363 0.001 64.351 64.393 0 64.38
0.153 0.016 0.169 0.117 0.013 0.13 56.237 0.051 56.276 64.263 0.00199999999999997 64.252 64.285 0.001 64.273
0.163 0.00800000000000001 0.171 0.11 0.018 0.128 56.777 0.041 56.805 64.812 0.001 64.799 64.676 0 64.663
0.154 0.018 0.171 0.116 0.014 0.131 55.772 0.034 55.793 64.166 0.001 64.154 64.436 0.001 64.423
0.158 0.013 0.171 0.117 0.012 0.129 55.776 0.03 55.794 64.254 0.003 64.243 64.581 0.001 64.567
0.148 0.017 0.164 0.118 0.00900000000000001 0.128 56.424 0.055 56.466 64.024 0.004 64.024 63.796 0.001 63.782
0.152 0.019 0.17 0.119 0.01 0.13 57.104 0.038 57.128 65.422 0 65.407 65.275 0 65.267
0.154 0.016 0.17 0.116 0.014 0.128 56.178 0.037 56.203 63.973 0 63.969 63.26 0 63.248
0.152 0.018 0.17 0.122 0.00599999999999998 0.128 55.965 0.043 55.996 63.895 0.003 63.885 63.708 0.001 63.7
0.156 0.012 0.168 0.12 0.00900000000000001 0.128 56.804 0.047 56.839 63.873 0.002 63.871 63.923 0.001 63.914
0.156 0.014 0.169 0.112 0.016 0.128 56.097 0.029 56.115 64.119 0 64.107 64.058 0.003 64.05
0.152 0.018 0.17 0.119 0.011 0.13 55.944 0.024 55.956 63.556 0.002 63.545 64.146 0.001 64.134
0.147 0.022 0.17 0.12 0.012 0.132 57.352 0.039 57.378 65.339 0.001 65.325 65.72 0 65.706
0.161 0.00900000000000001 0.17 0.114 0.015 0.129 56.039 0.045 56.072 64.132 0.00199999999999997 64.121 63.667 0 63.654
0.151 0.014 0.164 0.116 0.01 0.127 55.244 0.063 55.295 63.514 0.002 63.503 64.063 0.001 64.05
0.156 0.01 0.166 0.118 0.011 0.128 57.063 0.06 57.111 65.388 0.043 65.417 65.402 0.036 65.424
0.16 0.00900000000000001 0.17 0.123 0.00899999999999998 0.131 57.287 0.046 57.322 65.434 0 65.419 65.086 0.001 65.073
0.155 0.014 0.169 0.116 0.014 0.13 56.125 0.079 56.193 64.227 0.00900000000000001 64.222 64.284 0.001 64.272
0.16 0.01 0.17 0.118 0.014 0.132 57.762 0.033 57.783 65.856 0 65.842 65.697 0.001 65.684
0.155 0.014 0.169 0.123 0.00800000000000001 0.13 57.894 0.033 57.916 65.57 0 65.562 65.102 0 65.087
0.153 0.015 0.169 0.117 0.012 0.129 56.895 0.028 56.91 65.06 0 65.045 65.064 0 65.055
0.149 0.022 0.171 0.114 0.015 0.129 56.428 0.031 56.446 64.678 0.002 64.667 64.701 0.004 64.691
0.155 0.014 0.169 0.121 0.00799999999999998 0.129 56.055 0.039 56.08 64.274 0.001 64.261 64.784 0 64.77
0.152 0.017 0.169 0.117 0.012 0.129 56.263 0.044 56.296 63.509 0.001 63.504 63.29 0.002 63.279
0.156 0.015 0.171 0.12 0.01 0.13 56.38 0.034 56.401 64.355 0 64.341 64.241 0 64.233
0.155 0.012 0.167 0.114 0.016 0.128 56.264 0.051 56.303 64.393 0.004 64.383 64.434 0.001 64.422
0.158 0.012 0.17 0.118 0.011 0.129 56.267 0.035 56.289 64.417 0 64.404 64.553 0.003 64.542
0.154 0.016 0.17 0.118 0.011 0.129 56.71 0.037 56.734 64.618 0 64.604 64.611 0 64.598
0.152 0.018 0.17 0.117 0.011 0.128 55.999 0.047 56.033 64.075 0 64.062 64.076 0.002 64.064
0.155 0.015 0.17 0.112 0.018 0.13 55.067 0.042 55.105 63.198 0.001 63.187 63.147 0 63.141
0.152 0.015 0.167 0.116 0.014 0.129 56.029 0.037 56.054 64.14 0.002 64.129 64.129 0.004 64.127
0.155 0.014 0.17 0.111 0.018 0.128 56.061 0.029 56.079 64.126 0 64.113 64.077 0 64.063
0.155 0.015 0.17 0.115 0.013 0.128 55.344 0.056 55.394 63.172 0.034 63.192 63.133 0.00900000000000001 63.141
0.154 0.016 0.169 0.118 0.013 0.131 56.845 0.038 56.869 65.009 0.002 64.995 65.131 0.003 65.12
0.148 0.016 0.165 0.114 0.013 0.127 55.558 0.035 55.581 63.505 0 63.5 63.308 0 63.295
0.153 0.018 0.171 0.116 0.013 0.129 56.33 0.03 56.348 64.272 0 64.258 64.082 0 64.068
0.153 0.016 0.17 0.121 0.00800000000000001 0.128 56.514 0.03 56.53 63.939 0 63.934 63.751 0.002 63.738
0.155 0.017 0.172 0.122 0.00900000000000001 0.131 56.123 0.033 56.144 64.033 0.001 64.02 63.438 0.002 63.427
0.151 0.022 0.172 0.118 0.012 0.13 56.987 0.029 57.003 65.039 0.003 65.027 64.997 0 64.982
0.156 0.01 0.165 0.117 0.011 0.128 56.169 0.087 56.243 64.224 0.055 64.267 64.379 0.074 64.438
0.155 0.017 0.172 0.116 0.013 0.129 55.498 0.066 55.558 63.285 0.026 63.297 63.366 0.00800000000000001 63.375
0.153 0.015 0.168 0.112 0.016 0.128 56.168 0.061 56.217 64.352 0 64.339 64.261 0 64.249
0.154 0.016 0.17 0.117 0.011 0.128 56.09 0.038 56.115 64.083 0 64.071 64.13 0.003 64.119
0.158 0.012 0.17 0.113 0.016 0.129 56.495 0.051 56.533 64.499 0.005 64.489 64.476 0.002 64.465
0.148 0.017 0.165 0.118 0.01 0.127 56.095 0.04 56.123 64.842 0.001 64.829 64.834 0 64.821
0.154 0.016 0.17 0.118 0.011 0.129 56.076 0.032 56.1 63.711 0.001 63.703 63.574 0.003 63.568
0.155 0.016 0.17 0.115 0.014 0.129 56.366 0.041 56.438 63.224 0.02 63.286 63.473 0.005 63.515
0.157 0.013 0.17 0.119 0.01 0.128 55.987 0.036 56.014 64.11 0.001 64.101 63.517 0 63.516
0.152 0.018 0.17 0.12 0.00900000000000001 0.128 56.177 0.035 56.201 63.887 0.003 63.875 63.827 0 63.814
0.156 0.014 0.17 0.117 0.012 0.13 56.124 0.039 56.15 64.217 0.001 64.204 64.135 0 64.121
0.153 0.017 0.171 0.123 0.00700000000000001 0.129 56.128 0.039 56.155 64.243 0 64.229 64.251 0 64.238
0.152 0.017 0.168 0.114 0.014 0.129 56.074 0.032 56.094 63.646 0 63.643 63.187 0 63.175
0.155 0.015 0.169 0.114 0.014 0.128 56.167 0.04 56.195 64.263 0 64.251 64.351 0.001 64.34
0.156 0.014 0.17 0.114 0.015 0.129 56.174 0.074 56.272 64.246 0.019 64.285 64.305 0 64.296
0.155 0.017 0.172 0.118 0.013 0.13 56.165 0.036 56.19 64.422 0.001 64.409 64.369 0.002 64.358
0.152 0.015 0.167 0.117 0.012 0.129 56.161 0.036 56.184 64.277 0 64.263 64.255 0.001 64.242
0.155 0.015 0.171 0.117 0.012 0.128 56.238 0.029 56.254 64.359 0 64.344 63.965 0 63.951
0.157 0.012 0.17 0.122 0.00999999999999998 0.131 58.024 0.034 58.046 66.094 0.001 66.08 66.066 0.001 66.052
0.153 0.017 0.17 0.123 0.00700000000000001 0.13 56.152 0.032 56.172 64.274 0 64.26 64.25 0 64.236
0.149 0.02 0.169 0.116 0.017 0.131 57.389 0.047 57.426 65.41 0 65.394 65.266 0 65.252
0.165 0.00800000000000001 0.174 0.118 0.014 0.131 55.989 0.041 56.017 64.032 0 64.019 63.975 0 63.961
0.147 0.021 0.169 0.12 0.00800000000000001 0.127 55.809 0.047 55.843 63.961 0.001 63.949 63.969 0 63.956
0.155 0.014 0.169 0.118 0.01 0.129 55.985 0.05 56.024 64.046 0.000999999999999973 64.034 64.035 0.002 64.023
0.155 0.015 0.17 0.116 0.013 0.128 56.628 0.044 56.66 64.694 0.00299999999999997 64.683 64.751 0 64.738
0.156 0.014 0.17 0.116 0.013 0.129 56.359 0.03 56.377 64.467 0 64.454 64.199 0.001 64.186
0.149 0.014 0.163 0.112 0.018 0.13 56.797 0.05 56.835 64.406 0.003 64.403 63.93 0 63.917
0.151 0.015 0.167 0.117 0.012 0.129 56.42 0.043 56.45 65.084 0 65.072 64.879 0.001 64.866
0.153 0.017 0.17 0.117 0.011 0.128 56.856 0.061 56.905 63.994 0 63.985 64.23 0 64.218
0.151 0.018 0.169 0.114 0.015 0.129 56.625 0.022 56.678 64.421 0.001 64.457 63.421 0 63.419
0.152 0.018 0.17 0.114 0.014 0.129 57.048 0.052 57.085 64.75 0.002 64.741 63.786 0.002 63.774
0.155 0.01 0.164 0.118 0.00900000000000001 0.127 55.615 0.024 55.628 64.137 0 64.124 63.547 0 63.539
0.156 0.013 0.169 0.117 0.012 0.129 56.041 0.036 56.064 64.09 0.043 64.121 64.133 0.052 64.172
0.158 0.012 0.169 0.116 0.013 0.129 56.316 0.044 56.348 64.626 0 64.613 64.569 0.002 64.559
0.156 0.015 0.171 0.109 0.02 0.129 56.276 0.04 56.304 64.018 0.004 64.009 63.804 0 63.791
0.147 0.018 0.164 0.112 0.015 0.127 56.289 0.032 56.308 64.437 0 64.424 64.283 0 64.268
0.152 0.016 0.168 0.118 0.011 0.129 56.167 0.06 56.215 64.212 0.06 64.259 64.15 0 64.135
0.155 0.016 0.172 0.121 0.00899999999999998 0.129 56.402 0.032 56.421 64.434 0 64.42 64.381 0 64.367
0.16 0.013 0.173 0.12 0.01 0.13 56.415 0.038 56.44 64.02 0 64.006 64.592 0 64.578
0.158 0.012 0.17 0.115 0.014 0.129 56.179 0.074 56.241 63.801 0.005 63.8 63.513 0.005 63.505
0.157 0.011 0.168 0.113 0.015 0.128 57.04 0.081 57.108 65.225 0.003 65.214 65.306 0.00299999999999997 65.295
0.154 0.018 0.172 0.12 0.01 0.13 56.248 0.035 56.271 64.339 0.001 64.326 64.287 0 64.274
0.154 0.018 0.171 0.116 0.014 0.129 56.292 0.048 56.328 64.278 0.00699999999999998 64.276 63.588 0.003 63.576
0.158 0.014 0.172 0.113 0.017 0.13 57.116 0.047 57.149 65.536 0 65.52 65.566 0 65.551
0.157 0.012 0.169 0.12 0.00800000000000001 0.128 56.397 0.042 56.426 64.553 0 64.539 64.426 0.001 64.413
0.15 0.016 0.164 0.116 0.011 0.128 55.6 0.05 55.637 64.306 0.001 64.294 64.384 0 64.369
0.158 0.00800000000000001 0.166 0.119 0.014 0.133 58.261 0.044 58.296 65.795 0.002 65.793 65.041 0 65.03
0.155 0.015 0.17 0.118 0.011 0.129 56.965 0.041 56.994 65.147 0 65.133 65.118 0 65.104
0.151 0.02 0.17 0.114 0.014 0.129 56.109 0.03 56.126 64.188 0.002 64.177 63.723 0 63.71
0.151 0.016 0.166 0.118 0.013 0.131 57.841 0.042 57.871 65.804 0 65.791 65.733 0 65.719
0.155 0.017 0.171 0.113 0.017 0.131 56.137 0.064 56.19 64.247 0.001 64.237 64.239 0 64.226
0.155 0.015 0.17 0.115 0.016 0.131 56.954 0.043 56.984 65.211 0.003 65.201 65.392 0.002 65.38
0.153 0.017 0.17 0.119 0.00999999999999998 0.129 55.381 0.042 55.416 63.131 0.01 63.128 63.215 0 63.213
0.159 0.012 0.17 0.116 0.013 0.13 56.503 0.029 56.52 64.495 0 64.481 63.593 0 63.587
0.148 0.02 0.168 0.115 0.013 0.129 56.343 0.047 56.376 64.261 0.00999999999999998 64.259 64.193 0.003 64.181
0.158 0.011 0.169 0.124 0.00900000000000001 0.133 58.044 0.035 58.066 66.032 0.00299999999999997 66.02 65.948 0.002 65.936
0.153 0.016 0.169 0.118 0.013 0.131 56.084 0.038 56.109 64.257 0.001 64.243 64.326 0 64.312
0.157 0.00900000000000001 0.166 0.118 0.015 0.133 57.926 0.054 57.968 65.887 0.026 65.898 65.949 0.00700000000000001 65.941
0.148 0.024 0.171 0.117 0.013 0.13 56.202 0.03 56.22 64.199 0.001 64.185 64.222 0.001 64.209
0.146 0.024 0.171 0.118 0.012 0.129 56.196 0.036 56.225 63.687 0 63.675 63.861 0.002 63.853
0.154 0.014 0.169 0.118 0.01 0.128 56.416 0.029 56.441 63.879 0 63.864 63.823 0 63.822
0.151 0.02 0.171 0.114 0.016 0.13 55.935 0.047 55.97 64.245 0.001 64.232 64.183 0 64.169
0.162 0.00900000000000001 0.17 0.119 0.01 0.129 55.959 0.038 55.984 63.432 0 63.426 63.307 0 63.292
0.156 0.014 0.17 0.111 0.02 0.131 57.227 0.048 57.262 65.504 0.001 65.49 64.842 0.014 64.841
0.157 0.014 0.17 0.115 0.015 0.129 56.055 0.036 56.079 64.075 0 64.062 64.067 0 64.052
0.152 0.018 0.17 0.118 0.00999999999999998 0.128 56.145 0.031 56.164 64.162 0 64.148 64.147 0 64.133
0.151 0.014 0.165 0.116 0.011 0.127 55.431 0.041 55.46 63.488 0.016 63.492 64.161 0.014 64.162
0.16 0.00999999999999998 0.17 0.12 0.013 0.133 58.066 0.059 58.112 65.485 0.032 65.503 65.733 0.002 65.726
0.157 0.011 0.168 0.118 0.011 0.128 56.376 0.037 56.401 64.336 0.001 64.323 64.378 0 64.364
0.156 0.014 0.17 0.115 0.015 0.129 56.467 0.037 56.492 64.696 0.001 64.682 64.516 0 64.502
0.156 0.012 0.168 0.119 0.00899999999999998 0.129 56.633 0.042 56.662 64.756 0.001 64.744 64.003 0 63.997
0.155 0.014 0.169 0.117 0.012 0.129 56.7 0.036 56.723 64.759 0.002 64.748 64.836 0 64.823
0.16 0.00899999999999998 0.169 0.118 0.011 0.129 55.781 0.048 55.817 63.905 0 63.893 64.006 0 63.992
0.153 0.015 0.168 0.117 0.011 0.128 56.847 0.035 56.87 64.262 0 64.256 64.046 0 64.034
0.157 0.012 0.168 0.124 0.005 0.13 56.692 0.035 56.714 64.645 0 64.633 64.606 0.001 64.593
0.152 0.012 0.165 0.118 0.00999999999999998 0.128 55.653 0.047 55.688 64.365 0.001 64.352 64.484 0 64.471
0.146 0.021 0.167 0.121 0.00800000000000001 0.129 56.551 0.046 56.584 64.54 0 64.524 64.437 0.00199999999999997 64.424
0.163 0.00700000000000001 0.169 0.115 0.016 0.131 57.733 0.055 57.776 65.827 0.001 65.813 65.576 0 65.561
0.159 0.00999999999999998 0.168 0.117 0.016 0.133 57.586 0.053 57.627 65.677 0.001 65.664 65.687 0.002 65.675
0.158 0.014 0.171 0.115 0.014 0.13 56.41 0.035 56.431 64.381 0 64.367 64.421 0.001 64.408
0.152 0.015 0.168 0.109 0.021 0.129 55.957 0.057 56.002 64.005 0.024 64.015 63.986 0.012 63.984
0.156 0.012 0.168 0.115 0.014 0.129 56.292 0.042 56.32 64.381 0.005 64.373 64.354 0.002 64.341
0.162 0.01 0.172 0.116 0.014 0.13 57.278 0.057 57.323 65.701 0 65.687 65.594 0 65.578
0.158 0.011 0.169 0.113 0.016 0.129 56.704 0.036 56.728 64.647 0.001 64.635 64.572 0 64.558
0.145 0.023 0.168 0.117 0.014 0.131 57.872 0.034 57.894 65.825 0.001 65.812 65.736 0 65.722
0.153 0.018 0.171 0.117 0.012 0.13 56.199 0.036 56.221 64.122 0.004 64.113 64.107 0.00299999999999997 64.103
0.151 0.017 0.168 0.118 0.011 0.129 56.451 0.042 56.479 63.521 0.00700000000000001 63.524 63.324 0.00800000000000001 63.318
0.153 0.017 0.17 0.115 0.014 0.129 56.084 0.033 56.103 64.179 0.001 64.166 64.343 0 64.328
0.154 0.016 0.17 0.116 0.014 0.13 56.145 0.042 56.175 63.873 0 63.868 63.042 0 63.029
0.157 0.014 0.171 0.114 0.014 0.128 56.848 0.041 56.878 64.844 0.002 64.833 64.817 0 64.808
0.149 0.018 0.167 0.12 0.00900000000000001 0.129 56.399 0.046 56.433 63.523 0.001 63.518 63.328 0.002 63.317
0.156 0.015 0.171 0.121 0.00999999999999998 0.13 56.25 0.026 56.264 63.853 0.001 63.84 64.285 0.000999999999999973 64.274
0.155 0.013 0.168 0.117 0.014 0.131 57.944 0.054 57.988 66.108 0.00900000000000001 66.104 65.951 0 65.946
0.155 0.015 0.17 0.118 0.016 0.134 56.601 0.061 56.651 64.825 0 64.82 64.181 0 64.168
0.16 0.01 0.17 0.115 0.015 0.128 55.664 0.032 55.685 63.245 0 63.241 63.279 0 63.266
0.156 0.015 0.172 0.118 0.011 0.129 56.327 0.055 56.369 64.449 0.00700000000000001 64.443 63.933 0.001 63.919
0.149 0.017 0.165 0.117 0.011 0.129 56.789 0.034 56.809 64.676 0 64.664 63.967 0.001 63.963
0.159 0.012 0.171 0.118 0.011 0.13 56.16 0.031 56.178 64.181 0.002 64.17 63.909 0.00199999999999997 63.901
0.156 0.013 0.169 0.116 0.014 0.129 56.249 0.057 56.295 64.309 0 64.295 64.533 0.003 64.522
0.148 0.022 0.17 0.12 0.01 0.13 56.421 0.069 56.477 64.481 0 64.467 64.463 0.001 64.451
0.159 0.012 0.171 0.12 0.00900000000000001 0.129 56.92 0.044 56.952 64.86 0 64.852 64.162 0 64.149
0.157 0.012 0.169 0.116 0.014 0.13 56.396 0.038 56.421 64.502 0.001 64.49 64.459 0 64.445
0.152 0.019 0.172 0.114 0.016 0.129 56.64 0.039 56.667 64.664 0 64.651 64.802 0.001 64.789
0.158 0.013 0.171 0.12 0.00999999999999998 0.131 56.456 0.029 56.471 64.286 0 64.271 64.308 0 64.294
0.156 0.015 0.17 0.119 0.012 0.131 57.503 0.056 57.547 64.775 0.028 64.795 64.559 0.034 64.581
0.164 0.00800000000000001 0.172 0.121 0.00899999999999998 0.13 56.537 0.029 56.553 64.542 0 64.529 64.506 0.001 64.493
0.152 0.013 0.165 0.116 0.011 0.127 55.453 0.055 55.497 64.232 0.014 64.233 64.207 0 64.195
0.157 0.013 0.17 0.113 0.015 0.129 54.954 0.032 54.982 63.045 0.001 63.036 63.054 0 63.05
0.15 0.018 0.168 0.117 0.011 0.128 56.199 0.042 56.229 64.422 0.002 64.41 64.339 0.001 64.328
0.152 0.017 0.17 0.121 0.00800000000000001 0.128 56.24 0.038 56.266 64.222 0.004 64.214 64.291 0.00299999999999997 64.281
0.154 0.016 0.17 0.112 0.018 0.129 55.699 0.038 55.733 63.497 0 63.483 63.357 0 63.359
0.157 0.015 0.172 0.115 0.014 0.129 55.547 0.03 55.564 63.967 0.002 63.954 64.072 0.002 64.06
0.16 0.01 0.17 0.115 0.014 0.129 56.853 0.059 56.899 64.925 0.001 64.913 64.831 0 64.817
0.154 0.015 0.169 0.122 0.00599999999999998 0.128 56.953 0.047 56.988 65.04 0 65.026 64.979 0.003 64.969
0.155 0.012 0.167 0.116 0.013 0.129 57.023 0.077 57.09 64.889 0.054 64.933 64.869 0.015 64.874
0.152 0.018 0.17 0.115 0.013 0.128 56.794 0.035 56.817 64.94 0 64.926 64.907 0 64.894
0.153 0.016 0.17 0.112 0.016 0.128 55.874 0.034 55.895 63.32 0 63.315 63.143 0 63.128
0.149 0.016 0.165 0.108 0.02 0.128 55.885 0.034 55.905 64.426 0 64.412 64.402 0 64.388
0.159 0.012 0.171 0.117 0.012 0.13 56.194 0.032 56.219 63.487 0 63.476 63.386 0 63.375
0.156 0.016 0.171 0.115 0.015 0.13 55.736 0.06 55.793 63.416 0.029 63.431 63.553 0.028 63.573
0.156 0.012 0.168 0.113 0.017 0.129 56.25 0.041 56.28 64.361 0 64.348 64.255 0 64.242
0.158 0.012 0.17 0.119 0.00999999999999998 0.129 56.437 0.034 56.458 64.615 0.001 64.604 64.684 0.001 64.671
0.148 0.021 0.169 0.119 0.00900000000000001 0.128 56.268 0.041 56.297 64.293 0 64.279 64.267 0 64.253
0.154 0.013 0.166 0.121 0.00800000000000001 0.129 55.524 0.036 55.549 64.23 0 64.216 64.324 0.003 64.313
0.154 0.014 0.168 0.115 0.013 0.128 56.402 0.039 56.428 64.463 0.002 64.451 64.361 0.005 64.352
0.158 0.013 0.171 0.119 0.011 0.13 56.711 0.036 56.735 64.825 0 64.813 64.86 0 64.846
0.153 0.017 0.171 0.116 0.015 0.13 56.166 0.041 56.197 64.346 0 64.334 63.787 0 63.775
0.158 0.013 0.172 0.121 0.011 0.131 56.439 0.051 56.479 63.981 0 63.969 64.614 0 64.6
0.155 0.015 0.17 0.113 0.016 0.129 56.118 0.056 56.161 63.236 0.003 63.23 63.48 0 63.466
0.152 0.016 0.168 0.118 0.011 0.129 56.256 0.094 56.397 64.173 0.012 64.185 64.042 0.001 64.03
0.159 0.013 0.172 0.119 0.012 0.13 57.106 0.051 57.145 65.428 0 65.412 65.389 0 65.375
0.156 0.013 0.169 0.119 0.00999999999999998 0.129 56.316 0.031 56.334 64.327 0.001 64.315 64.425 0 64.411
0.154 0.016 0.171 0.117 0.013 0.129 56.131 0.034 56.153 64.32 0 64.306 64.359 0 64.347
0.153 0.017 0.169 0.116 0.012 0.128 57.112 0.05 57.152 64.82 0.00399999999999998 64.822 63.797 0.002 63.79
0.156 0.014 0.17 0.118 0.011 0.129 56.185 0.053 56.226 63.977 0.015 63.986 63.248 0.001 63.236
0.148 0.019 0.165 0.117 0.011 0.128 55.724 0.048 55.761 64.252 0.001 64.238 64.336 0 64.324
0.154 0.011 0.164 0.112 0.015 0.127 56.061 0.046 56.094 64.239 0 64.226 63.855 0 63.849
0.156 0.014 0.17 0.115 0.014 0.129 56.421 0.024 56.431 63.307 0 63.3 63.606 0 63.591
0.15 0.017 0.167 0.116 0.012 0.129 56.525 0.037 56.549 64.565 0 64.551 64.528 0.002 64.523
0.157 0.016 0.172 0.115 0.016 0.131 56.48 0.05 56.519 64.548 0 64.533 64.5 0 64.487
0.153 0.016 0.168 0.12 0.012 0.133 57.375 0.031 57.393 65.907 0.001 65.891 65.888 0 65.873
0.157 0.014 0.171 0.113 0.017 0.129 57.083 0.034 57.104 65.068 0 65.052 64.763 0.00299999999999997 64.753
0.158 0.012 0.17 0.119 0.00900000000000001 0.128 56.223 0.061 56.271 64.467 0.001 64.453 64.498 0.005 64.49
0.154 0.00999999999999998 0.164 0.112 0.015 0.127 55.898 0.038 55.923 64.026 0.001 64.014 64.018 0.001 64.005
0.156 0.014 0.17 0.122 0.012 0.134 57.486 0.036 57.51 65.549 0 65.536 65.561 0.002 65.548
0.151 0.018 0.169 0.124 0.005 0.129 56.013 0.028 56.029 64.182 0 64.168 64.103 0.001 64.09
0.149 0.016 0.165 0.114 0.014 0.127 55.363 0.033 55.383 62.906 0 62.898 62.687 0.002 62.675
0.147 0.018 0.165 0.118 0.011 0.129 55.932 0.064 55.984 64.484 0.051 64.522 64.344 0.045 64.376
0.157 0.013 0.17 0.117 0.013 0.13 56.343 0.044 56.378 63.428 0 63.425 63.451 0.001 63.442
0.158 0.014 0.173 0.121 0.01 0.131 56.17 0.039 56.239 64.111 0.004 64.153 63.058 0.005 63.097
0.157 0.013 0.169 0.112 0.018 0.129 56.699 0.027 56.713 64.412 0.002 64.403 63.625 0 63.61
0.153 0.011 0.163 0.123 0.00799999999999999 0.131 57.204 0.06 57.251 65.71 0.028 65.724 65.144 0.002 65.139
0.153 0.019 0.171 0.119 0.01 0.13 57.158 0.045 57.19 65.065 0 65.051 64.355 0.001 64.352
0.16 0.00600000000000001 0.166 0.112 0.019 0.131 57.441 0.037 57.475 65.159 0.002 65.146 65.024 0.003 65.025
0.156 0.014 0.17 0.119 0.01 0.13 56.871 0.029 56.888 64.984 0.001 64.971 65.11 0.001 65.098
0.153 0.014 0.167 0.118 0.011 0.129 54.488 0.059 54.56 63.11 0.003 63.104 63.003 0.000999999999999973 63.009
0.157 0.014 0.17 0.117 0.012 0.129 56.136 0.031 56.153 64.284 0.001 64.27 63.891 0.001 63.878
0.155 0.014 0.17 0.119 0.011 0.129 56.797 0.07 56.855 64.466 0.00900000000000001 64.472 63.971 0.00700000000000001 63.963
0.156 0.014 0.17 0.118 0.012 0.129 57.201 0.039 57.228 65.087 0 65.079 64.266 0 64.253
0.157 0.015 0.173 0.122 0.00899999999999998 0.131 56.326 0.059 56.373 64.451 0.018 64.455 64.454 0.025 64.466
0.154 0.015 0.169 0.123 0.00600000000000001 0.128 56.1 0.079 56.165 64.086 0.045 64.124 63.328 0.036 63.35
0.157 0.014 0.17 0.113 0.016 0.129 56.426 0.037 56.451 64.297 0 64.282 64.328 0.001 64.314
0.157 0.013 0.17 0.119 0.00999999999999998 0.129 56.079 0.026 56.092 64.036 0 64.023 63.758 0 63.751
0.156 0.015 0.171 0.117 0.013 0.13 55.917 0.045 55.95 64.026 0 64.012 63.963 0.001 63.95
0.145 0.022 0.167 0.119 0.00900000000000001 0.128 56.199 0.04 56.227 64.244 0 64.23 64.232 0.002 64.222
0.164 0.00800000000000001 0.172 0.114 0.014 0.128 56.16 0.034 56.182 64.138 0 64.125 63.797 0 63.783
0.154 0.016 0.169 0.118 0.011 0.13 56.473 0.043 56.506 64.207 0 64.206 63.661 0 63.651
0.159 0.013 0.17 0.114 0.015 0.13 55.981 0.031 56 63.991 0 63.978 63.915 0.001 63.903
0.16 0.012 0.172 0.112 0.017 0.129 56.521 0.029 56.538 64.557 0.002 64.546 64.382 0.001 64.37
0.162 0.00900000000000001 0.171 0.118 0.011 0.129 56.313 0.038 56.34 64.427 0 64.416 64.341 0.001 64.33
0.154 0.016 0.17 0.119 0.014 0.132 57.504 0.056 57.55 65.556 0.001 65.543 65.503 0 65.489
0.155 0.016 0.171 0.115 0.015 0.13 56.5 0.043 56.532 64.658 0 64.643 64.928 0 64.915
0.161 0.00900000000000001 0.17 0.116 0.013 0.129 56.581 0.036 56.613 64.061 0.002 64.05 64.284 0.002 64.284
0.166 0.00800000000000001 0.173 0.116 0.015 0.132 56.485 0.036 56.508 65.797 0.001 65.784 64.974 0 64.967
0.159 0.011 0.17 0.119 0.012 0.131 56.187 0.034 56.208 64.365 0 64.351 64.365 0 64.35
0.155 0.015 0.17 0.119 0.00899999999999998 0.129 56.063 0.036 56.086 64.118 0 64.104 64.026 0 64.012
0.15 0.02 0.17 0.114 0.017 0.13 56.131 0.038 56.166 63.72 0.001 63.707 63.732 0.002 63.731
0.155 0.014 0.17 0.119 0.012 0.13 56.18 0.03 56.197 64.249 0.001 64.237 64.343 0.001 64.33
0.156 0.015 0.172 0.118 0.013 0.13 56.968 0.027 56.982 65.029 0 65.017 64.951 0 64.937
0.156 0.014 0.17 0.117 0.011 0.128 55.701 0.033 55.728 63.275 0.003 63.265 63.451 0 63.444
0.15 0.02 0.17 0.116 0.012 0.128 56.665 0.038 56.691 64.745 0 64.731 64.826 0.003 64.815
0.16 0.011 0.17 0.116 0.012 0.129 55.967 0.039 55.994 64.073 0.001 64.06 64.004 0.001 63.991
0.165 0.00399999999999998 0.169 0.118 0.014 0.133 57.163 0.038 57.187 64.421 0.001 64.415 64.297 0.001 64.283
0.156 0.013 0.169 0.116 0.013 0.129 55.971 0.045 56.011 63.876 0.003 63.865 63.79 0.003 63.791
0.157 0.011 0.168 0.113 0.019 0.132 58.052 0.05 58.088 65.913 0.001 65.907 65.03 0.001 65.017
0.15 0.02 0.171 0.118 0.011 0.128 56.527 0.055 56.57 64.573 0.00700000000000001 64.566 64.55 0.003 64.539
0.157 0.013 0.17 0.119 0.014 0.132 57.492 0.069 57.551 65.057 0.00800000000000001 65.051 65.513 0.013 65.513
0.157 0.015 0.172 0.114 0.016 0.13 56.206 0.025 56.218 63.62 0.001 63.608 63.864 0.001 63.856
0.156 0.013 0.169 0.117 0.012 0.128 57.09 0.036 57.114 65.215 0.001 65.201 65.147 0 65.133
0.156 0.014 0.169 0.118 0.00999999999999998 0.128 56.648 0.046 56.681 64.583 0.001 64.571 64.701 0.001 64.688
0.151 0.017 0.168 0.115 0.015 0.13 56.662 0.061 56.71 64.805 0.003 64.795 64.598 0.002 64.586
0.152 0.019 0.17 0.119 0.011 0.131 56.092 0.052 56.13 64.124 0.04 64.152 64.239 0.002 64.227
0.156 0.014 0.171 0.12 0.00899999999999998 0.128 55.924 0.037 55.95 64.077 0.004 64.067 64.247 0.003 64.237
0.152 0.016 0.168 0.118 0.00999999999999998 0.129 56.304 0.038 56.329 64.364 0.005 64.356 63.427 0.001 63.421
0.15 0.019 0.17 0.116 0.012 0.128 56.093 0.06 56.141 64.125 0 64.111 64.069 0.001 64.057
0.155 0.014 0.169 0.118 0.014 0.132 57.313 0.053 57.354 64.826 0 64.819 63.672 0.003 63.662
0.151 0.015 0.166 0.111 0.017 0.129 55.623 0.041 55.65 63.742 0.001 63.729 63.695 0 63.682
0.154 0.014 0.168 0.115 0.015 0.13 56.799 0.048 56.834 64.742 0.002 64.729 64.846 0 64.832
0.15 0.021 0.17 0.119 0.014 0.133 57.782 0.034 57.803 65.782 0 65.768 65.687 0 65.673
0.153 0.014 0.168 0.12 0.012 0.132 57.733 0.057 57.778 65.784 0.002 65.772 65.008 0.005 65.006
0.157 0.011 0.169 0.12 0.011 0.131 57.405 0.043 57.435 65.555 0 65.541 65.695 0.001 65.682
0.157 0.013 0.169 0.118 0.015 0.133 57.143 0.048 57.178 64.444 0.00699999999999998 64.442 64.408 0.003 64.399
0.158 0.012 0.17 0.12 0.01 0.13 56.022 0.028 56.037 64.19 0.002 64.178 63.996 0.001 63.991
0.156 0.013 0.17 0.119 0.011 0.129 56.226 0.05 56.264 64.337 0 64.323 64.254 0 64.24
0.155 0.013 0.169 0.116 0.012 0.128 55.188 0.045 55.23 62.948 0 62.935 62.868 0.002 62.868
0.156 0.011 0.167 0.119 0.012 0.131 57.563 0.061 57.612 65.7 0.001 65.687 65.53 0.001 65.518
0.15 0.019 0.169 0.117 0.013 0.13 56.741 0.057 56.784 63.915 0 63.911 63.864 0 63.855
0.15 0.017 0.167 0.117 0.015 0.13 57.608 0.032 57.628 65.537 0 65.522 65.446 0.001 65.43
0.15 0.02 0.171 0.11 0.019 0.129 55.837 0.059 55.919 63.75 0.005 63.792 62.788 0.003 62.824
0.156 0.014 0.171 0.113 0.02 0.132 57.882 0.052 57.924 65.736 0.00299999999999997 65.725 65.556 0.001 65.548
0.162 0.00699999999999999 0.168 0.118 0.011 0.129 55.997 0.04 56.025 63.532 0.000999999999999973 63.528 63.406 0 63.399
0.153 0.016 0.169 0.113 0.015 0.128 56.243 0.032 56.263 64.27 0 64.259 64.255 0 64.242
0.16 0.012 0.172 0.119 0.011 0.13 56.64 0.047 56.676 64.523 0.002 64.51 64.903 0.002 64.892
0.161 0.011 0.172 0.118 0.013 0.131 55.842 0.033 55.862 63.958 0.002 63.955 63.279 0 63.269
0.157 0.013 0.17 0.117 0.013 0.129 56.045 0.022 56.055 63.513 0.001 63.508 63.602 0 63.589
0.149 0.016 0.165 0.119 0.00900000000000001 0.127 56.096 0.07 56.155 64.809 0.00700000000000001 64.803 64.379 0 64.375
0.157 0.014 0.17 0.119 0.01 0.129 56.551 0.052 56.59 64.29 0.002 64.283 63.485 0.001 63.475
0.156 0.013 0.169 0.115 0.015 0.13 56.71 0.062 56.759 64.9 0.003 64.889 64.938 0 64.924
0.154 0.016 0.17 0.12 0.01 0.13 56.634 0.034 56.655 64.776 0.002 64.765 64.741 0.001 64.728
0.159 0.01 0.169 0.118 0.013 0.131 57.092 0.036 57.115 65.093 0 65.078 65.085 0.001 65.071
0.153 0.016 0.169 0.118 0.012 0.13 56.463 0.057 56.508 64.097 0.001 64.092 63.864 0 63.851
0.155 0.014 0.17 0.118 0.012 0.129 56.586 0.049 56.623 64.769 0 64.756 64.811 0.00700000000000001 64.804
0.148 0.02 0.167 0.119 0.01 0.13 56.55 0.086 56.623 64.674 0.002 64.662 64.713 0.002 64.701
0.155 0.013 0.169 0.114 0.018 0.131 57.306 0.038 57.332 65.526 0 65.511 65.488 0.002 65.477
0.148 0.019 0.166 0.111 0.02 0.132 57.76 0.032 57.78 65.725 0 65.71 65.698 0.001 65.685
0.156 0.015 0.171 0.116 0.011 0.128 57.225 0.052 57.265 65.386 0.002 65.372 65.374 0.001 65.362
0.146 0.019 0.164 0.118 0.00999999999999998 0.128 55.544 0.048 55.584 64.504 0 64.493 64.345 0 64.333
0.156 0.014 0.171 0.122 0.00599999999999998 0.128 55.647 0.049 55.692 63.846 0 63.834 63.75 0 63.744
0.15 0.019 0.169 0.116 0.013 0.129 56.324 0.045 56.357 64.474 0 64.46 64.387 0.001 64.382
0.157 0.013 0.169 0.117 0.011 0.129 56.047 0.031 56.065 63.986 0.002 63.975 63.95 0 63.938
0.16 0.00899999999999998 0.169 0.113 0.016 0.129 55.363 0.038 55.396 63.009 0 62.994 62.907 0.004 62.913
0.151 0.021 0.172 0.118 0.012 0.129 56.544 0.043 56.575 64.92 0 64.905 65.036 0 65.02
0.159 0.012 0.17 0.117 0.011 0.129 56.144 0.044 56.176 64.275 0.001 64.263 63.615 0 63.609
0.15 0.017 0.167 0.115 0.017 0.132 57.725 0.037 57.751 65.74 0 65.726 65.793 0 65.779
0.155 0.014 0.169 0.119 0.00999999999999998 0.129 56.243 0.07 56.301 64.378 0 64.364 64.452 0.001 64.439
0.153 0.011 0.164 0.114 0.013 0.127 55.686 0.033 55.707 64.155 0 64.142 64.073 0.002 64.061
0.159 0.01 0.168 0.112 0.015 0.128 57.009 0.039 57.033 64.426 0.001 64.422 64.295 0 64.28
0.152 0.013 0.165 0.117 0.011 0.128 55.176 0.028 55.198 63.27 0.001 63.257 63.076 0 63.07
0.154 0.015 0.169 0.116 0.013 0.128 56.104 0.04 56.138 63.453 0 63.44 63.409 0 63.404
0.157 0.015 0.171 0.115 0.014 0.129 55.918 0.046 55.96 63.452 0.026 63.464 63.539 0.014 63.551
0.158 0.011 0.169 0.117 0.011 0.128 55.82 0.042 55.851 64.098 0.001 64.086 64.126 0 64.113
0.14 0.024 0.164 0.12 0.00700000000000001 0.127 55.88 0.054 55.921 63.969 0.001 63.956 63.843 0.001 63.829
0.155 0.013 0.169 0.123 0.00600000000000001 0.128 56.687 0.034 56.708 64.786 0 64.772 64.919 0 64.906
0.16 0.011 0.171 0.115 0.015 0.129 55.999 0.029 56.016 64.219 0.001 64.206 64.398 0.002 64.386
0.155 0.014 0.169 0.117 0.011 0.129 57.156 0.06 57.202 65.13 0.031 65.148 65.121 0.00799999999999998 65.114
0.156 0.015 0.17 0.119 0.00999999999999998 0.13 56.963 0.048 56.998 64.996 0 64.982 65.142 0.002 65.131
0.158 0.015 0.173 0.117 0.014 0.131 56.168 0.028 56.185 64.308 0 64.296 63.75 0.001 63.739
0.154 0.017 0.171 0.115 0.014 0.129 56.433 0.032 56.453 64.338 0 64.325 64.798 0 64.784
0.157 0.014 0.171 0.116 0.013 0.129 56.157 0.037 56.2 63.105 0.022 63.168 63.119 0.026 63.18
0.153 0.017 0.169 0.117 0.012 0.129 56.757 0.038 56.786 64.537 0 64.538 63.64 0 63.63
0.157 0.014 0.17 0.116 0.013 0.13 57.003 0.03 57.02 64.646 0.001 64.641 64.084 0.002 64.072
0.152 0.013 0.165 0.112 0.016 0.128 55.273 0.043 55.304 64.032 0.001 64.02 64.103 0 64.09
0.155 0.015 0.17 0.118 0.01 0.128 56.094 0.032 56.114 64.125 0 64.112 63.776 0.001 63.764
0.155 0.013 0.169 0.116 0.014 0.13 55.761 0.041 55.798 63.613 0.003 63.608 63.389 0.003 63.401
0.157 0.00800000000000001 0.165 0.114 0.014 0.128 55.657 0.061 55.705 63.952 0.029 63.968 64.588 0.001 64.575
0.155 0.013 0.168 0.119 0.012 0.131 57.499 0.044 57.531 65.471 0.002 65.459 65.345 0.00199999999999997 65.34
0.153 0.012 0.165 0.114 0.014 0.127 55.789 0.04 55.816 64.062 0 64.049 63.998 0 63.984
0.155 0.017 0.172 0.117 0.013 0.13 56.127 0.056 56.17 63.209 0.002 63.206 63.385 0.001 63.372
0.156 0.014 0.17 0.115 0.015 0.13 56.216 0.034 56.236 64.364 0.001 64.353 64.442 0 64.433
0.161 0.00999999999999998 0.171 0.117 0.012 0.129 56.956 0.035 56.978 64.914 0 64.9 64.913 0.001 64.9
0.154 0.01 0.165 0.114 0.014 0.127 55.491 0.037 55.514 63.643 0.001 63.629 63.652 0 63.637
0.154 0.016 0.17 0.117 0.012 0.129 56.539 0.033 56.559 64.685 0.001 64.671 63.74 0 63.732
0.153 0.015 0.169 0.117 0.012 0.129 56.213 0.078 56.278 64.347 0 64.332 64.357 0 64.344
0.159 0.013 0.171 0.124 0.00599999999999998 0.13 56.85 0.033 56.87 64.915 0 64.901 64.924 0 64.91
0.15 0.019 0.17 0.113 0.015 0.128 56.717 0.037 56.741 64.897 0 64.884 64.954 0 64.941
0.159 0.013 0.172 0.119 0.01 0.129 55.558 0.044 55.598 63.94 0.002 63.93 63.718 0.001 63.723
0.152 0.012 0.164 0.117 0.013 0.13 57.29 0.049 57.328 64.782 0.015 64.79 64.714 0.003 64.703
0.155 0.016 0.171 0.12 0.01 0.131 56.063 0.03 56.085 63.892 0 63.884 63.718 0.002 63.711
0.157 0.011 0.168 0.117 0.012 0.129 56.495 0.041 56.523 64.404 0 64.39 64.392 0.001 64.38
0.161 0.00999999999999998 0.171 0.124 0.00700000000000001 0.131 56.479 0.038 56.504 64.545 0 64.531 64.508 0 64.494
0.145 0.02 0.165 0.114 0.016 0.13 57.221 0.056 57.265 65.158 0 65.143 65.093 0.003 65.082
0.155 0.015 0.17 0.118 0.01 0.129 56.529 0.043 56.56 64.479 0 64.464 64.642 0 64.628
0.151 0.021 0.172 0.118 0.012 0.13 56.587 0.039 56.617 65.192 0 65.188 65.329 0.001 65.32
0.155 0.015 0.17 0.119 0.011 0.129 56.696 0.049 56.733 64.697 0 64.684 63.513 0 63.508
0.153 0.017 0.17 0.113 0.015 0.128 56.356 0.029 56.372 64.386 0.001 64.376 63.226 0 63.213
0.148 0.015 0.163 0.121 0.00999999999999998 0.13 57.092 0.043 57.125 65.665 0.002 65.653 65.168 0 65.164
0.154 0.015 0.169 0.114 0.016 0.13 57.166 0.055 57.208 65.074 0.032 65.099 64.285 0.03 64.304
0.158 0.015 0.172 0.118 0.011 0.129 56.24 0.046 56.273 64.349 0 64.336 64.343 0 64.33
0.15 0.02 0.17 0.119 0.00900000000000001 0.128 56.046 0.048 56.08 64.013 0.000999999999999973 64.004 63.166 0.001 63.155
0.158 0.014 0.171 0.114 0.015 0.129 57.091 0.041 57.118 64.962 0.001 64.948 65.138 0.00600000000000001 65.129
0.161 0.00899999999999998 0.17 0.117 0.012 0.129 56.099 0.041 56.127 64.354 0 64.34 63.874 0 63.869
0.158 0.011 0.169 0.122 0.00800000000000001 0.129 56.001 0.033 56.022 64.07 0 64.057 64.073 0 64.059
0.157 0.013 0.169 0.124 0.00499999999999998 0.129 56.469 0.038 56.494 64.614 0.00600000000000001 64.607 64.479 0.004 64.469
0.156 0.017 0.172 0.121 0.00999999999999998 0.131 56.313 0.053 56.355 64.301 0 64.288 64.011 0 63.997
0.158 0.012 0.171 0.118 0.013 0.13 55.947 0.046 55.981 64.075 0.004 64.065 64.009 0.001 63.996
0.153 0.017 0.169 0.119 0.00999999999999998 0.129 56.1 0.036 56.124 64.395 0.001 64.382 64.418 0.001 64.407
0.154 0.017 0.171 0.121 0.00999999999999998 0.131 56.886 0.081 56.954 64.933 0 64.92 63.916 0.003 63.913
0.152 0.017 0.17 0.115 0.015 0.129 56.282 0.038 56.309 64.288 0.00499999999999998 64.279 64.313 0.002 64.302
0.152 0.017 0.17 0.116 0.013 0.129 56.293 0.031 56.313 64.401 0 64.389 64.336 0.000999999999999973 64.326
0.154 0.017 0.169 0.115 0.013 0.129 55.403 0.033 55.433 63.113 0.001 63.101 63.24 0.003 63.237
0.158 0.013 0.17 0.114 0.015 0.129 56.913 0.061 56.963 65.219 0.03 65.234 65.337 0.014 65.338
0.153 0.017 0.17 0.125 0.00399999999999998 0.129 56.524 0.036 56.548 64.516 0 64.502 63.751 0 63.745
0.158 0.011 0.169 0.116 0.013 0.129 56.84 0.064 56.892 65.068 0.001 65.056 64.94 0.00600000000000001 64.933
0.158 0.012 0.17 0.121 0.00699999999999998 0.129 56.851 0.034 56.872 64.887 0 64.871 64.908 0 64.894
0.155 0.015 0.169 0.114 0.017 0.13 57.522 0.07 57.582 65.408 0.002 65.395 64.396 0.001 64.392
0.143 0.021 0.164 0.117 0.01 0.127 55.309 0.049 55.355 64.342 0.032 64.361 63.912 0.001 63.921
0.156 0.015 0.17 0.112 0.016 0.128 55.721 0.04 55.756 63.371 0.003 63.361 63.674 0.001 63.675
0.156 0.013 0.169 0.118 0.00900000000000001 0.127 56.328 0.041 56.357 64.374 0 64.36 64.411 0.002 64.399
0.153 0.013 0.166 0.116 0.011 0.127 56.548 0.084 56.62 64.83 0.003 64.819 64.798 0.003 64.787
0.152 0.016 0.167 0.111 0.016 0.128 55.913 0.033 55.932 63.436 0 63.43 63.014 0.001 63.001
0.151 0.017 0.169 0.116 0.013 0.128 55.797 0.045 55.83 63.914 0.001 63.899 63.954 0.002 63.941
0.159 0.00700000000000001 0.166 0.118 0.014 0.131 57.542 0.03 57.56 65.507 0.001 65.493 65.479 0.001 65.464
0.159 0.01 0.169 0.118 0.011 0.129 56.176 0.036 56.199 64.173 0.001 64.16 64.361 0 64.347
0.153 0.016 0.168 0.117 0.012 0.128 56.808 0.065 56.861 64.94 0.001 64.928 64.906 0 64.893
0.161 0.011 0.172 0.109 0.02 0.129 56.885 0.029 56.902 64.977 0 64.964 64.903 0 64.89
0.156 0.00800000000000001 0.163 0.119 0.012 0.132 57.082 0.039 57.108 65.363 0.003 65.354 65.239 0.001 65.226
0.157 0.015 0.172 0.115 0.017 0.131 56.481 0.037 56.508 64.122 0 64.109 64.248 0 64.244
0.154 0.015 0.168 0.119 0.01 0.129 56.129 0.04 56.156 64.427 0.002 64.416 64.355 0 64.34
0.157 0.014 0.17 0.113 0.015 0.129 56.228 0.027 56.242 64.282 0 64.268 64.248 0 64.234
0.154 0.015 0.168 0.111 0.018 0.129 56.531 0.048 56.568 64.573 0.013 64.573 63.947 0.004 63.944
0.16 0.00799999999999998 0.168 0.116 0.016 0.131 57.238 0.038 57.265 65.364 0 65.349 65.244 0.002 65.233
0.155 0.015 0.17 0.112 0.016 0.128 56.925 0.04 56.953 64.843 0.001 64.832 64.164 0 64.15
0.156 0.014 0.17 0.111 0.017 0.128 55.744 0.031 55.771 63.525 0 63.512 63.363 0 63.362
0.153 0.016 0.169 0.114 0.015 0.129 56.191 0.052 56.231 64.23 0 64.217 64.19 0 64.178
0.158 0.012 0.17 0.121 0.00800000000000001 0.128 56.628 0.045 56.661 63.704 0 63.698 63.471 0.002 63.46
0.154 0.011 0.165 0.118 0.01 0.128 56.076 0.061 56.125 64.152 0.014 64.152 64.269 0.024 64.28
0.156 0.00800000000000001 0.164 0.116 0.012 0.128 56.304 0.034 56.325 64.452 0 64.438 64.397 0 64.383
0.162 0.01 0.172 0.121 0.01 0.131 56.547 0.049 56.583 64.569 0.002 64.557 64.415 0 64.4
0.16 0.01 0.169 0.117 0.012 0.13 56.224 0.026 56.237 64.317 0.004 64.307 64.261 0.002 64.248
0.154 0.017 0.171 0.123 0.00699999999999998 0.129 56.201 0.044 56.233 64.216 0 64.203 64.187 0.003 64.176
0.149 0.017 0.166 0.12 0.00899999999999998 0.128 55.553 0.043 55.584 63.839 0 63.825 63.785 0 63.77
0.16 0.01 0.17 0.118 0.013 0.131 56.616 0.033 56.636 65.244 0 65.23 65.229 0.003 65.218
0.156 0.016 0.171 0.109 0.02 0.129 56.508 0.061 56.557 64.588 0 64.574 64.684 0 64.671
0.154 0.014 0.168 0.12 0.00900000000000001 0.129 56.528 0.031 56.547 64.521 0 64.507 64.443 0 64.43
0.151 0.019 0.169 0.121 0.00800000000000001 0.129 56.362 0.045 56.396 64.42 0 64.405 64.392 0.001 64.38
0.16 0.014 0.174 0.124 0.00900000000000001 0.133 56.313 0.026 56.327 63.41 0 63.404 63.506 0 63.493
0.153 0.013 0.167 0.117 0.012 0.128 56.271 0.051 56.31 63.911 0.001 63.908 63.383 0.002 63.371
0.161 0.00900000000000001 0.17 0.12 0.013 0.132 57.744 0.054 57.786 65.785 0.03 65.799 65.753 0.048 65.792
0.159 0.013 0.173 0.118 0.011 0.129 55.582 0.039 55.615 63.221 0 63.207 63.47 0 63.463
0.159 0.011 0.169 0.113 0.018 0.132 58.069 0.072 58.13 65.988 0.011 65.985 65.797 0.001 65.792
0.158 0.012 0.169 0.115 0.013 0.129 56.079 0.031 56.097 64.098 0.001 64.092 63.078 0 63.068
0.149 0.02 0.169 0.114 0.014 0.127 56.774 0.043 56.806 63.917 0.001 63.914 63.742 0 63.73
0.149 0.02 0.17 0.116 0.013 0.129 56.833 0.042 56.863 64.758 0 64.746 64.692 0.003 64.683
0.157 0.015 0.171 0.12 0.00999999999999998 0.131 56.788 0.06 56.835 65.149 0.048 65.183 65.485 0.024 65.496
0.153 0.018 0.171 0.117 0.013 0.13 55.645 0.033 55.666 63.782 0 63.768 63.074 0.001 63.069
0.154 0.016 0.17 0.116 0.012 0.129 55.99 0.033 56.011 63.981 0.001 63.969 63.37 0.003 63.367
0.147 0.017 0.164 0.117 0.013 0.13 57.731 0.029 57.748 65.753 0 65.738 65.718 0.003 65.707
0.157 0.015 0.172 0.117 0.013 0.13 56.627 0.047 56.661 64.696 0.00999999999999998 64.692 64.744 0.00800000000000001 64.74
0.153 0.018 0.17 0.12 0.011 0.131 56.587 0.057 56.632 64.628 0.003 64.617 64.598 0.00699999999999998 64.592
0.146 0.023 0.169 0.112 0.017 0.129 56.321 0.056 56.363 64.38 0.046 64.414 64.334 0 64.32
0.158 0.013 0.171 0.119 0.013 0.132 56.05 0.035 56.072 64.082 0 64.067 64.024 0 64.01
0.156 0.013 0.169 0.118 0.012 0.13 56.73 0.041 56.758 64.762 0.001 64.747 64.626 0.001 64.613
0.155 0.015 0.17 0.118 0.012 0.129 56.223 0.061 56.271 64.158 0.044 64.188 64.049 0.024 64.06
0.153 0.017 0.17 0.115 0.014 0.129 56.224 0.054 56.265 64.113 0 64.106 63.043 0 63.03
0.154 0.016 0.171 0.113 0.017 0.129 57.02 0.035 57.042 65.107 0 65.093 64.999 0 64.992
0.161 0.00900000000000001 0.17 0.114 0.015 0.128 56.115 0.041 56.143 64.172 0 64.159 64.137 0 64.123
0.151 0.014 0.166 0.112 0.016 0.128 55.622 0.058 55.668 64.189 0.001 64.183 63.183 0.001 63.174
0.151 0.02 0.17 0.123 0.005 0.129 55.287 0.041 55.324 63.477 0.003 63.468 63.385 0.001 63.385
0.152 0.016 0.168 0.12 0.00900000000000001 0.129 56.492 0.044 56.524 64.538 0 64.523 64.471 0.002 64.461
0.147 0.02 0.168 0.12 0.012 0.132 57.287 0.031 57.306 65.454 0.004 65.445 65.401 0.003 65.389
0.151 0.018 0.169 0.12 0.01 0.129 55.503 0.043 55.543 63.265 0 63.251 63.141 0 63.14
0.153 0.018 0.171 0.119 0.011 0.129 55.711 0.036 55.734 64.117 0.002 64.104 64.228 0 64.213
0.152 0.015 0.167 0.115 0.013 0.128 57.129 0.042 57.158 65.163 0 65.149 65.155 0 65.142
0.155 0.00900000000000001 0.164 0.113 0.017 0.129 57.456 0.081 57.527 65.503 0.02 65.508 65.555 0.021 65.562
0.156 0.015 0.169 0.117 0.012 0.129 56.713 0.049 56.75 64.678 0.00800000000000001 64.674 64.772 0.001 64.759
0.148 0.016 0.164 0.116 0.011 0.127 56.079 0.055 56.123 64.727 0.001 64.714 63.939 0 63.935
0.15 0.018 0.168 0.115 0.014 0.128 56.693 0.054 56.735 64.723 0 64.709 64.736 0 64.724
0.159 0.01 0.169 0.123 0.00899999999999998 0.132 57.377 0.048 57.412 64.818 0.00600000000000001 64.816 64.504 0.001 64.492
0.152 0.018 0.17 0.116 0.013 0.13 56.427 0.039 56.452 64.509 0 64.497 64.414 0 64.4
0.146 0.017 0.163 0.12 0.00700000000000001 0.127 55.845 0.03 55.862 64.35 0 64.336 64.308 0 64.293
0.158 0.013 0.171 0.118 0.012 0.129 56.814 0.059 56.866 64.447 0 64.434 64.489 0.001 64.48
0.155 0.017 0.172 0.12 0.00900000000000001 0.129 55.639 0.028 55.663 63.153 0 63.139 63.409 0.001 63.403
0.154 0.015 0.17 0.119 0.01 0.128 56.071 0.031 56.09 64.188 0.001 64.177 64.156 0 64.151
0.151 0.019 0.169 0.117 0.013 0.13 55.889 0.04 55.917 63.968 0 63.953 63.92 0 63.907
0.16 0.00900000000000001 0.169 0.115 0.014 0.129 56.37 0.063 56.421 64.393 0.001 64.379 64.488 0 64.474
0.163 0.00799999999999998 0.172 0.119 0.012 0.131 55.901 0.048 55.936 64.269 0 64.255 64.356 0 64.344
0.156 0.015 0.171 0.115 0.014 0.129 56.381 0.036 56.406 64.561 0.001 64.55 63.454 0 63.45
0.155 0.015 0.17 0.116 0.012 0.129 56.286 0.081 56.354 63.721 0.025 63.734 64.221 0.014 64.222
0.152 0.019 0.171 0.123 0.00700000000000001 0.129 56.195 0.029 56.212 64.008 0 64 63.12 0.001 63.107
0.158 0.013 0.17 0.115 0.013 0.128 56.217 0.042 56.25 63.989 0.001 63.99 63.032 0 63.021
0.157 0.013 0.17 0.114 0.014 0.128 56.548 0.043 56.578 64.171 0.001 64.167 63.118 0.003 63.107
0.157 0.013 0.171 0.114 0.015 0.129 56.312 0.065 56.365 64.885 0.001 64.872 64.981 0 64.974
0.149 0.022 0.171 0.121 0.00900000000000001 0.13 56.168 0.031 56.187 64.239 0.001 64.227 63.417 0 63.412
0.155 0.014 0.169 0.119 0.01 0.129 56.118 0.036 56.142 64.178 0 64.163 64.092 0 64.08
0.154 0.015 0.169 0.12 0.012 0.132 58.045 0.037 58.07 66.101 0 66.086 66.059 0 66.046
0.149 0.017 0.165 0.116 0.011 0.128 56.557 0.037 56.581 64.931 0 64.917 64.875 0.001 64.863
0.16 0.011 0.171 0.116 0.014 0.13 56.581 0.055 56.623 64.062 0 64.055 64.263 0.002 64.251
0.154 0.017 0.171 0.123 0.00800000000000001 0.131 57.158 0.054 57.199 65.442 0.023 65.451 65.352 0.00399999999999998 65.348
0.155 0.015 0.17 0.118 0.012 0.13 56.288 0.053 56.327 64.203 0 64.191 64.11 0.004 64.1
0.144 0.02 0.164 0.115 0.012 0.127 56.247 0.088 56.366 64.438 0.002 64.429 64.188 0.002 64.182
0.156 0.014 0.171 0.115 0.016 0.13 56.314 0.03 56.331 64.463 0.002 64.451 64.225 0 64.211
0.16 0.011 0.171 0.111 0.018 0.129 56.761 0.033 56.78 64.87 0 64.856 64.459 0.001 64.446
0.147 0.018 0.165 0.12 0.00800000000000001 0.128 56.602 0.065 56.654 64.721 0.041 64.748 64.629 0.044 64.659
0.16 0.011 0.171 0.116 0.014 0.13 56.675 0.042 56.703 64.682 0.002 64.67 64.737 0.003 64.726
0.154 0.014 0.168 0.119 0.013 0.132 57.406 0.043 57.438 65.404 0.003 65.392 65.017 0.002 65.012
0.159 0.00899999999999999 0.168 0.118 0.014 0.132 56.911 0.034 56.941 65.197 0.002 65.19 64.91 0.001 64.911
0.15 0.017 0.167 0.117 0.012 0.129 55.642 0.038 55.667 63.203 0.001 63.2 62.938 0.003 62.927
0.156 0.015 0.172 0.119 0.012 0.13 54.653 0.037 54.686 63.537 0 63.524 63.233 0 63.233
0.149 0.021 0.169 0.115 0.013 0.128 56.091 0.031 56.111 63.357 0 63.349 63.259 0.005 63.251
0.157 0.013 0.169 0.117 0.012 0.129 55.989 0.049 56.069 64.076 0.003 64.115 62.957 0.003 63.002
0.157 0.013 0.169 0.114 0.014 0.129 56.214 0.02 56.22 64.415 0 64.406 63.181 0 63.167
0.15 0.014 0.164 0.114 0.013 0.126 55.904 0.035 55.926 64.559 0 64.546 64.142 0.003 64.139
0.147 0.021 0.169 0.122 0.01 0.131 57.963 0.042 57.994 65.921 0.001 65.908 65.725 0 65.711
0.155 0.014 0.17 0.118 0.012 0.129 56.215 0.064 56.276 63.65 0.004 63.641 63.374 0.002 63.374
0.155 0.014 0.169 0.122 0.00599999999999998 0.128 56.106 0.051 56.145 64.159 0.018 64.164 64.131 0.018 64.135
0.153 0.019 0.171 0.119 0.012 0.131 55.884 0.065 55.937 63.63 0 63.616 63.569 0.001 63.558
0.151 0.018 0.169 0.122 0.00800000000000001 0.129 56.679 0.041 56.709 64.73 0.001 64.726 63.988 0.001 63.976
0.159 0.014 0.172 0.122 0.00700000000000001 0.129 56.982 0.032 57.001 65.045 0 65.032 65.016 0.001 65.002
0.151 0.02 0.171 0.114 0.016 0.129 56.361 0.029 56.377 64.498 0 64.489 63.703 0 63.689
0.154 0.015 0.169 0.115 0.016 0.131 57.66 0.041 57.688 65.464 0 65.449 65.572 0 65.562
0.158 0.013 0.171 0.123 0.00700000000000001 0.13 55.946 0.037 55.971 64.063 0.001 64.051 63.579 0 63.573
0.157 0.015 0.171 0.121 0.01 0.13 55.897 0.056 55.941 63.87 0.001 63.864 63.031 0 63.018
0.154 0.014 0.169 0.117 0.011 0.128 55.99 0.034 56.012 64.048 0.001 64.034 63.39 0.002 63.389
0.156 0.016 0.171 0.118 0.01 0.128 56.13 0.03 56.148 64.161 0 64.149 63.046 0.002 63.04
0.153 0.016 0.17 0.12 0.00900000000000001 0.128 56.882 0.053 56.923 64.995 0.00299999999999997 64.983 64.963 0.003 64.951
0.145 0.024 0.169 0.112 0.017 0.128 55.398 0.05 55.445 63.268 0 63.255 63.11 0.002 63.12
0.158 0.014 0.172 0.121 0.00899999999999998 0.129 56.128 0.067 56.183 64.305 0.055 64.347 63.432 0.035 63.462
0.151 0.017 0.168 0.115 0.014 0.129 56.231 0.053 56.271 64.234 0 64.221 64.219 0 64.206
0.161 0.00899999999999998 0.17 0.115 0.014 0.129 56.88 0.042 56.911 64.83 0 64.817 64.788 0 64.778
0.154 0.011 0.165 0.116 0.011 0.127 55.675 0.037 55.7 64.247 0 64.233 64.167 0 64.153
0.153 0.016 0.168 0.119 0.00900000000000001 0.128 55.31 0.038 55.344 63.152 0 63.139 63.247 0 63.243
0.156 0.015 0.17 0.12 0.00900000000000001 0.129 55.851 0.036 55.875 64.087 0.001 64.074 64.175 0.003 64.166
0.154 0.017 0.17 0.119 0.011 0.13 57.056 0.059 57.103 65.322 0.004 65.312 64.333 0.00499999999999998 64.331
0.146 0.022 0.168 0.116 0.013 0.128 56.069 0.033 56.09 64.204 0.002 64.191 64.126 0.003 64.116
0.159 0.012 0.17 0.119 0.011 0.13 56.05 0.032 56.07 64.053 0.00600000000000001 64.045 63.979 0 63.965
0.156 0.013 0.168 0.119 0.012 0.132 57.465 0.029 57.482 65.383 0.001 65.376 64.205 0.001 64.195
0.152 0.018 0.17 0.118 0.013 0.132 56.348 0.035 56.369 64.497 0 64.483 64.545 0 64.531
0.156 0.015 0.17 0.121 0.00800000000000001 0.129 56.283 0.039 56.309 64.286 0 64.272 64.304 0 64.29
0.148 0.017 0.166 0.116 0.011 0.127 56.496 0.043 56.526 64.505 0.002 64.493 64.533 0.004 64.523
0.16 0.011 0.171 0.111 0.019 0.13 55.706 0.023 55.723 63.303 0.001 63.292 63.41 0.001 63.402
0.155 0.014 0.169 0.12 0.00900000000000001 0.129 56.113 0.049 56.15 64.234 0.036 64.256 64.248 0.042 64.276
0.158 0.014 0.172 0.124 0.00700000000000001 0.131 56.497 0.036 56.52 64.559 0 64.546 64.587 0 64.572
0.154 0.011 0.165 0.118 0.01 0.128 56.47 0.037 56.494 63.788 0.00800000000000001 63.788 63.482 0.004 63.472
0.155 0.015 0.17 0.12 0.01 0.129 55.953 0.05 55.99 63.974 0.001 63.96 63.921 0 63.908
0.151 0.017 0.168 0.113 0.017 0.129 57.048 0.061 57.096 65.346 0 65.331 65.235 0 65.221
0.147 0.022 0.169 0.118 0.011 0.129 56.874 0.039 56.9 65.258 0 65.243 65.364 0.001 65.351
0.158 0.014 0.171 0.118 0.011 0.13 56.437 0.06 56.485 63.575 0.035 63.608 63.763 0.021 63.77
0.157 0.013 0.17 0.118 0.01 0.128 56.172 0.079 56.239 64.388 0.037 64.41 64.047 0.001 64.034
0.155 0.014 0.169 0.121 0.00800000000000001 0.129 56.216 0.046 56.249 64.194 0 64.181 64.161 0 64.147
0.156 0.013 0.169 0.113 0.016 0.128 56.267 0.042 56.297 64.313 0.026 64.327 64.176 0.023 64.187
0.157 0.011 0.167 0.121 0.01 0.131 57.499 0.034 57.521 65.472 0.001 65.458 65.477 0 65.463
0.151 0.017 0.168 0.12 0.00899999999999998 0.128 57.152 0.037 57.176 65.182 0.002 65.17 65.403 0.004 65.394
0.154 0.016 0.169 0.118 0.011 0.13 56.06 0.045 56.093 64.226 0 64.213 64.295 0 64.282
0.155 0.016 0.171 0.12 0.00999999999999998 0.13 56.531 0.072 56.59 64.534 0.001 64.522 64.457 0.001 64.445
0.158 0.011 0.169 0.118 0.012 0.13 56.188 0.047 56.224 64.279 0.033 64.298 64.156 0.019 64.163
0.145 0.024 0.169 0.117 0.013 0.129 56.289 0.066 56.342 64.336 0.038 64.362 64.452 0.033 64.472
0.146 0.018 0.165 0.116 0.011 0.127 56.623 0.062 56.673 64.864 0 64.85 64.805 0.002 64.794
0.16 0.011 0.17 0.116 0.012 0.129 56.183 0.055 56.225 64.396 0.003 64.385 64.24 0.003 64.228
0.157 0.012 0.169 0.121 0.011 0.132 57.789 0.03 57.806 65.88 0.001 65.867 65.74 0 65.725
0.155 0.015 0.169 0.115 0.014 0.129 56.097 0.034 56.119 64.191 0 64.177 64.228 0 64.214
0.153 0.012 0.166 0.119 0.00900000000000001 0.127 55.831 0.036 55.855 63.989 0 63.975 64.057 0 64.042
0.154 0.016 0.17 0.119 0.011 0.13 56.264 0.071 56.322 64.481 0.056 64.523 64.385 0.05 64.421
0.157 0.015 0.172 0.12 0.014 0.134 57.728 0.042 57.758 66.188 0 66.174 66.105 0.001 66.092
0.153 0.016 0.169 0.115 0.014 0.129 57.153 0.049 57.189 65.26 0 65.246 65.439 0 65.424
0.157 0.014 0.172 0.118 0.013 0.13 57.203 0.027 57.219 65.247 0 65.232 65.192 0 65.178
0.151 0.019 0.171 0.113 0.016 0.129 56.543 0.037 56.567 63.701 0.001 63.694 62.975 0 62.963
0.147 0.022 0.169 0.118 0.013 0.131 56.52 0.046 56.553 63.738 0.001 63.731 63.634 0.001 63.622
0.156 0.015 0.171 0.118 0.011 0.129 56.05 0.036 56.072 64.035 0.001 64.021 64.127 0.001 64.114
0.153 0.012 0.165 0.114 0.017 0.131 57.033 0.062 57.091 64.547 0.001 64.534 64.889 0 64.889
0.152 0.019 0.17 0.116 0.014 0.13 55.739 0.035 55.76 64.137 0 64.124 64.243 0.001 64.23
0.158 0.013 0.171 0.118 0.011 0.129 56.144 0.028 56.161 64.062 0 64.055 63.004 0.002 62.994
0.149 0.021 0.171 0.116 0.013 0.128 56.185 0.032 56.206 64.113 0.001 64.101 63.85 0.001 63.836
0.152 0.019 0.171 0.119 0.00999999999999998 0.129 56.208 0.045 56.241 63.413 0 63.41 63.391 0.002 63.387
0.152 0.019 0.171 0.116 0.013 0.129 56.356 0.044 56.39 64.363 0 64.352 64.353 0 64.341
0.158 0.013 0.172 0.112 0.017 0.129 56.536 0.027 56.551 64.291 0 64.277 64.808 0 64.796
0.155 0.016 0.171 0.115 0.014 0.129 55.931 0.04 55.959 64.26 0 64.255 63.509 0.001 63.498
0.149 0.016 0.165 0.115 0.013 0.128 56.128 0.042 56.157 64.257 0.011 64.255 64.222 0.00399999999999998 64.213
0.161 0.012 0.173 0.117 0.013 0.13 56.641 0.038 56.666 66.045 0 66.031 65.972 0 65.958
0.149 0.02 0.168 0.116 0.013 0.129 56.212 0.043 56.242 64.453 0.001 64.44 64.517 0 64.504
0.163 0.00800000000000001 0.17 0.113 0.014 0.128 56.196 0.031 56.214 64.237 0 64.224 64.285 0.003 64.274
0.151 0.018 0.169 0.114 0.015 0.129 56.079 0.032 56.096 64.17 0 64.157 64.123 0 64.108
0.154 0.015 0.169 0.122 0.00799999999999998 0.13 56.349 0.035 56.372 64.215 0.002 64.202 64.239 0.001 64.225
0.153 0.018 0.171 0.115 0.015 0.13 56.669 0.039 56.695 64.704 0 64.69 64.662 0 64.648
0.154 0.016 0.17 0.115 0.014 0.129 56.141 0.052 56.18 63.877 0.001 63.87 63.237 0 63.224
0.153 0.018 0.17 0.11 0.02 0.13 56.859 0.073 56.918 65.109 0.037 65.132 65.093 0.024 65.111
0.155 0.016 0.171 0.119 0.00900000000000001 0.128 56.244 0.033 56.264 64.275 0.001 64.263 64.209 0 64.194
0.152 0.012 0.164 0.114 0.013 0.128 55.527 0.071 55.586 64.081 0.04 64.114 63.123 0.032 63.146
0.16 0.01 0.169 0.116 0.012 0.128 55.228 0.025 55.248 63.562 0 63.55 63.449 0 63.454
0.153 0.015 0.168 0.119 0.00999999999999998 0.129 56.247 0.031 56.266 64.223 0.002 64.212 64.356 0 64.342
0.156 0.014 0.17 0.114 0.016 0.13 56.253 0.043 56.284 64.252 0.001 64.24 64.145 0 64.132
0.155 0.014 0.17 0.116 0.012 0.128 56.014 0.037 56.047 63.838 0 63.823 63.631 0.001 63.625
0.155 0.017 0.171 0.118 0.012 0.13 56.421 0.044 56.451 64.957 0.001 64.943 64.963 0 64.954
0.155 0.011 0.165 0.116 0.012 0.128 56.552 0.024 56.565 64.817 0.001 64.812 64.364 0.005 64.355
0.154 0.016 0.17 0.121 0.011 0.132 56.259 0.05 56.296 64.257 0 64.243 64.2 0.001 64.189
0.157 0.012 0.168 0.119 0.00999999999999998 0.129 56.196 0.034 56.219 64.298 0 64.284 64.263 0 64.25
0.161 0.00899999999999998 0.17 0.117 0.014 0.129 56.189 0.036 56.214 64.24 0.001 64.228 64.27 0.001 64.257
0.153 0.016 0.169 0.118 0.011 0.129 56.566 0.041 56.594 64.627 0 64.614 64.585 0 64.572
0.156 0.014 0.169 0.12 0.00900000000000001 0.129 56.121 0.024 56.132 64.218 0.001 64.206 64.15 0 64.137
0.152 0.013 0.165 0.111 0.016 0.128 56.533 0.057 56.577 64.999 0 64.985 65.071 0.001 65.057
0.153 0.018 0.171 0.115 0.014 0.13 56.292 0.042 56.328 63.901 0.005 63.892 63.737 0.005 63.742
0.153 0.019 0.172 0.115 0.013 0.129 56.558 0.053 56.606 63.98 0 63.965 64.131 0 64.125
0.161 0.00800000000000001 0.167 0.118 0.012 0.132 57.043 0.039 57.068 65.165 0 65.152 65.242 0.001 65.231
0.143 0.026 0.169 0.12 0.00900000000000001 0.129 56.061 0.041 56.099 63.708 0 63.694 63.583 0 63.582
0.156 0.013 0.169 0.115 0.013 0.128 56.334 0.042 56.369 63.78 0 63.768 63.727 0 63.719
0.154 0.016 0.17 0.115 0.016 0.131 56.867 0.06 56.922 64.774 0.023 64.783 64.913 0.004 64.912
0.153 0.01 0.163 0.117 0.013 0.13 56.769 0.043 56.805 64.378 0.002 64.367 64.309 0 64.304
0.158 0.011 0.169 0.111 0.02 0.132 57.331 0.038 57.358 65.524 0.001 65.511 64.487 0 64.48
0.149 0.022 0.17 0.116 0.013 0.129 56.602 0.062 56.653 64.331 0.043 64.361 64.782 0.053 64.821
0.153 0.015 0.169 0.114 0.018 0.131 57.668 0.04 57.695 65.419 0 65.409 64.498 0.001 64.485
0.153 0.017 0.169 0.115 0.014 0.129 55.989 0.046 56.031 63.554 0.038 63.578 63.708 0.053 63.757
0.155 0.015 0.17 0.115 0.014 0.129 56.084 0.038 56.114 63.762 0 63.762 62.971 0 62.961
0.158 0.013 0.171 0.118 0.011 0.129 56.874 0.051 56.912 64.944 0.003 64.933 63.994 0.005 63.992
0.16 0.012 0.172 0.124 0.00699999999999998 0.131 55.835 0.06 55.933 65.162 0.012 65.216 65.704 0.014 65.763
0.149 0.018 0.167 0.117 0.011 0.128 56.209 0.041 56.238 64.133 0.001 64.12 64.165 0 64.152
0.153 0.011 0.164 0.112 0.019 0.13 57.209 0.027 57.224 65.744 0.002 65.733 65.556 0.002 65.544
0.156 0.015 0.172 0.119 0.011 0.13 56.455 0.035 56.476 64.548 0.001 64.536 64.585 0 64.572
0.154 0.014 0.168 0.113 0.015 0.128 56.031 0.049 56.066 64.457 0.001 64.443 64.511 0 64.496
0.154 0.013 0.167 0.121 0.00699999999999998 0.128 56.026 0.043 56.056 64.295 0.004 64.284 64.332 0 64.319
0.15 0.02 0.17 0.121 0.00800000000000001 0.129 56.091 0.058 56.145 63.554 0 63.54 63.5 0 63.495
0.153 0.017 0.171 0.119 0.01 0.129 56.888 0.039 56.913 64.874 0 64.859 64.42 0 64.407
0.154 0.015 0.17 0.114 0.016 0.129 56.069 0.035 56.092 64.151 0 64.136 63.965 0 63.958
0.159 0.011 0.169 0.116 0.013 0.129 56.853 0.052 56.892 64.967 0.003 64.956 65.239 0 65.225
0.149 0.016 0.164 0.123 0.00900000000000001 0.132 57.249 0.049 57.286 65.322 0.001 65.309 65.362 0.001 65.349
0.16 0.01 0.169 0.116 0.012 0.128 56.52 0.067 56.575 64.633 0.014 64.633 64.558 0 64.544
0.153 0.016 0.169 0.116 0.013 0.129 56.205 0.023 56.216 64.388 0 64.374 63.913 0 63.909
0.158 0.01 0.169 0.115 0.013 0.128 56.723 0.059 56.768 64.673 0 64.66 64.836 0 64.823
0.151 0.015 0.166 0.117 0.012 0.129 55.92 0.034 55.941 63.619 0 63.613 63.381 0 63.366
0.154 0.014 0.169 0.121 0.011 0.131 57.5 0.047 57.539 64.607 0 64.603 64.75 0 64.74
0.148 0.022 0.17 0.117 0.011 0.128 55.969 0.06 56.017 64.217 0.001 64.206 62.998 0.002 62.994
0.157 0.013 0.17 0.119 0.00999999999999998 0.129 55.986 0.032 56.005 64.025 0.002 64.011 63.05 0.005 63.048
0.155 0.011 0.166 0.116 0.011 0.127 55.749 0.032 55.769 64.411 0 64.397 64.033 0 64.027
0.157 0.013 0.171 0.118 0.011 0.128 56.058 0.031 56.078 64.111 0 64.097 63.863 0 63.851
0.152 0.013 0.166 0.116 0.012 0.128 56.09 0.047 56.124 63.501 0 63.498 63.331 0.001 63.32
0.152 0.018 0.17 0.123 0.00600000000000001 0.129 57.144 0.043 57.174 65.218 0.001 65.205 65.079 0.00299999999999997 65.074
0.151 0.018 0.168 0.12 0.00900000000000001 0.13 56.069 0.043 56.1 64.118 0.00499999999999998 64.109 64.121 0.012 64.12
0.155 0.014 0.169 0.112 0.016 0.127 56.127 0.036 56.151 64.146 0 64.133 64.144 0 64.131
0.161 0.01 0.171 0.116 0.013 0.129 56.243 0.046 56.277 64.363 0.003 64.35 63.936 0.001 63.923
0.156 0.013 0.169 0.116 0.013 0.129 56.009 0.031 56.028 64.189 0 64.175 64.169 0 64.156
0.157 0.014 0.171 0.117 0.014 0.13 56.242 0.029 56.258 64.254 0.001 64.252 63.455 0 63.441
0.157 0.014 0.171 0.115 0.015 0.13 56.173 0.038 56.199 64.354 0 64.34 64.211 0 64.197
0.153 0.017 0.17 0.114 0.015 0.129 56.168 0.043 56.198 64.034 0 64.025 63.354 0 63.339
0.155 0.016 0.171 0.118 0.011 0.129 56.529 0.037 56.552 64.523 0 64.507 64.581 0.001 64.568
0.154 0.016 0.17 0.117 0.011 0.128 56.699 0.043 56.729 64.957 0.004 64.947 64.863 0.003 64.852
0.153 0.016 0.17 0.117 0.013 0.129 55.953 0.047 55.987 64.142 0.001 64.135 63.43 0 63.417
0.155 0.015 0.17 0.119 0.01 0.128 56.049 0.044 56.08 64.114 0 64.109 63.268 0 63.256
0.15 0.022 0.171 0.118 0.012 0.129 56.424 0.043 56.455 64.309 0 64.301 63.252 0.003 63.245
0.161 0.011 0.172 0.119 0.011 0.13 55.756 0.036 55.78 63.94 0 63.926 63.323 0.001 63.32
0.16 0.01 0.17 0.119 0.00900000000000001 0.129 56.541 0.052 56.581 64.343 0.035 64.371 63.846 0.025 63.86
0.152 0.018 0.17 0.118 0.011 0.129 56.845 0.058 56.89 64.921 0.001 64.909 65.083 0.001 65.078
0.154 0.016 0.17 0.118 0.011 0.129 56.511 0.038 56.538 64.497 0 64.486 64.472 0 64.46
0.157 0.013 0.17 0.121 0.00800000000000001 0.129 56.079 0.04 56.106 64.674 0 64.66 64.576 0 64.563
0.154 0.017 0.171 0.116 0.013 0.129 55.582 0.039 55.617 63.347 0.00700000000000001 63.338 63.361 0.00900000000000001 63.366
0.162 0.00900000000000001 0.17 0.117 0.011 0.129 55.858 0.049 55.892 64.188 0.032 64.205 64.508 0.024 64.518
0.155 0.015 0.17 0.111 0.017 0.128 56.264 0.059 56.311 64.442 0.034 64.462 63.451 0.003 63.447
0.156 0.014 0.169 0.125 0.003 0.129 56.779 0.041 56.807 64.835 0 64.82 65.015 0.002 65.002
0.155 0.013 0.168 0.119 0.01 0.129 56.549 0.058 56.595 64.141 0 64.136 63.605 0.002 63.593
0.156 0.01 0.166 0.109 0.019 0.129 55.741 0.032 55.759 64.641 0 64.628 64.511 0 64.496
0.158 0.012 0.17 0.112 0.018 0.129 57.351 0.036 57.375 65.476 0 65.462 65.29 0.005 65.28
0.152 0.018 0.17 0.116 0.013 0.129 56.567 0.039 56.593 64.438 0 64.425 64.421 0.002 64.409
0.16 0.01 0.17 0.114 0.014 0.128 55.79 0.083 55.866 63.309 0.052 63.349 63.574 0.032 63.6
0.152 0.015 0.167 0.116 0.012 0.128 56.453 0.037 56.477 64.603 0 64.588 64.68 0 64.667
0.152 0.019 0.17 0.118 0.011 0.129 56.563 0.043 56.594 64.735 0.005 64.726 64.544 0.001 64.532
0.164 0.011 0.175 0.117 0.013 0.129 56.311 0.033 56.332 64.268 0.001 64.262 63.435 0.001 63.422
0.154 0.015 0.17 0.115 0.014 0.129 56.51 0.054 56.55 64.511 0.003 64.499 64.559 0 64.545
0.15 0.019 0.169 0.116 0.014 0.131 56.366 0.027 56.379 64.516 0.001 64.504 64.426 0.002 64.413
0.161 0.00900000000000001 0.17 0.12 0.013 0.133 57.172 0.033 57.192 65.137 0 65.122 65.153 0.002 65.141
0.157 0.014 0.17 0.116 0.013 0.13 56.544 0.061 56.593 63.76 0.023 63.779 63.733 0.00800000000000001 63.729
0.152 0.019 0.171 0.118 0.011 0.129 56.639 0.059 56.684 64.735 0.002 64.724 64.218 0 64.207
0.155 0.014 0.17 0.121 0.00800000000000001 0.129 56.251 0.036 56.274 64.241 0.001 64.228 64.429 0.001 64.418
0.158 0.011 0.169 0.117 0.012 0.129 56.273 0.037 56.296 64.114 0.001 64.102 64.271 0.002 64.259
0.154 0.015 0.169 0.123 0.00599999999999998 0.129 55.993 0.032 56.014 64.132 0.002 64.119 63.709 0 63.703
0.153 0.016 0.169 0.12 0.00900000000000001 0.129 56.783 0.029 56.799 64.675 0.002 64.663 64.785 0 64.771
0.148 0.019 0.168 0.116 0.016 0.131 57.274 0.053 57.316 64.535 0 64.528 64.712 0.002 64.701
0.149 0.016 0.165 0.115 0.012 0.127 56.14 0.082 56.213 64.198 0.001 64.191 64.082 0.002 64.074
0.155 0.015 0.17 0.117 0.011 0.128 56.237 0.049 56.273 64.108 0 64.096 64.136 0.000999999999999973 64.123
0.15 0.015 0.165 0.116 0.012 0.127 55.543 0.036 55.567 63.881 0 63.868 63.754 0 63.741
0.152 0.013 0.165 0.113 0.014 0.127 56.66 0.041 56.688 64.801 0 64.786 64.816 0 64.803
0.161 0.013 0.173 0.114 0.017 0.131 57.086 0.031 57.104 65.251 0 65.237 64.967 0.001 64.954
0.151 0.016 0.167 0.114 0.019 0.132 57.412 0.044 57.451 65.469 0 65.462 65.417 0.002 65.414
0.154 0.015 0.168 0.116 0.015 0.132 57.153 0.076 57.216 65.174 0.003 65.162 65.125 0.00299999999999997 65.115
0.158 0.011 0.169 0.118 0.013 0.131 56.331 0.04 56.358 66.909 0.002 66.897 66.856 0.001 66.843
