0.023 0.004 0.028 0.032 0 0.032 10.947 0.011 10.956 12.022 0 12.02 11.945 0 11.941
0.028 0.001 0.029 0.034 0 0.034 11.282 0.007 11.286 11.976 0 11.973 11.522 0 11.52
0.028 0.000999999999999994 0.028 0.033 0 0.033 10.71 0.01 10.717 11.122 0 11.12 11.036 0 11.034
0.027 0.001 0.028 0.034 0 0.034 10.409 0.006 10.414 11.014 0 11.011 10.924 0 10.921
0.029 0 0.029 0.033 0.001 0.035 11.044 0.005 11.047 11.718 0.004 11.718 11.691 0 11.689
0.028 0.001 0.028 0.034 0 0.034 11.073 0.01 11.081 11.781 0 11.777 11.697 0.001 11.697
0.025 0.002 0.027 0.03 0 0.03 10.699 0.008 10.704 11.755 0.00199999999999999 11.755 11.705 0 11.702
0.028 0.001 0.029 0.034 0 0.034 11.166 0.011 11.173 11.884 0 11.883 11.405 0 11.401
0.027 0.002 0.029 0.032 0 0.033 11.386 0.007 11.39 12.127 0 12.124 12.016 0 12.014
0.028 0.001 0.029 0.034 0 0.034 11.073 0.009 11.08 11.766 0 11.763 11.745 0.001 11.744
0.026 0.002 0.029 0.034 0 0.033 11.018 0.012 11.028 11.581 0 11.577 11.534 0 11.532
0.029 0 0.029 0.034 0 0.034 11.165 0.01 11.172 11.886 0 11.884 11.781 0 11.778
0.029 0 0.029 0.034 0 0.034 11.097 0.006 11.1 11.859 0 11.857 11.785 0 11.783
0.025 0.003 0.028 0.035 0 0.034 11.153 0.006 11.157 11.884 0.001 11.883 11.811 0 11.809
0.023 0.004 0.027 0.031 0 0.032 11.026 0.012 11.036 11.755 0 11.751 11.695 0 11.693
0.029 0 0.029 0.034 0 0.033 11.096 0.011 11.103 11.838 0 11.837 11.784 0 11.782
0.026 0.002 0.028 0.033 0.001 0.034 11.086 0.008 11.091 11.854 0 11.851 11.783 0 11.781
0.026 0.002 0.028 0.033 0.001 0.034 11.221 0.01 11.228 11.973 0 11.97 11.902 0 11.9
0.025 0.005 0.03 0.033 0 0.033 11.35 0.01 11.357 12.186 0 12.183 12.047 0 12.046
0.027 0.00199999999999999 0.028 0.037 0 0.038 11.132 0.01 11.138 11.843 0.001 11.842 11.795 0 11.793
0.025 0.003 0.029 0.035 0 0.034 11.168 0.01 11.174 11.882 0 11.88 11.806 0.002 11.806
0.026 0.001 0.027 0.03 0 0.03 11.135 0.006 11.138 11.946 0 11.944 11.916 0 11.913
0.029 0 0.029 0.035 0 0.034 10.976 0.009 10.983 11.78 0.001 11.779 11.727 0 11.725
0.027 0.001 0.029 0.034 0 0.034 10.93 0.009 10.935 11.752 0.001 11.751 11.678 0 11.675
0.027 0.001 0.028 0.036 0 0.036 11.319 0.01 11.326 12.122 0 12.119 12.038 0 12.036
0.027 0.001 0.028 0.034 0 0.034 11.096 0.012 11.105 11.854 0 11.852 11.784 0 11.781
0.026 0.00199999999999999 0.028 0.031 0.001 0.033 11.047 0.007 11.05 11.82 0 11.819 11.756 0 11.753
0.029 0 0.029 0.034 0 0.034 11.312 0.012 11.321 12.021 0 12.019 11.918 0 11.916
0.027 0.002 0.029 0.036 0 0.036 10.992 0.012 11.002 11.528 0.000999999999999994 11.526 11.51 0 11.507
0.028 0 0.028 0.032 0.00199999999999999 0.035 11.138 0.011 11.145 11.886 0.002 11.886 11.768 0 11.766
0.029 0 0.03 0.034 0 0.034 11.35 0.005 11.351 11.916 0 11.915 11.867 0 11.863
0.026 0.00199999999999999 0.029 0.035 0 0.034 11.101 0.009 11.108 12.007 0 12.005 11.965 0.001 11.963
0.028 0.000999999999999994 0.029 0.035 0 0.034 11.085 0.01 11.093 11.849 0.002 11.849 11.796 0 11.792
0.026 0.00199999999999999 0.029 0.034 0 0.034 11.088 0.008 11.093 11.809 0 11.807 11.755 0 11.753
0.029 0 0.029 0.034 0 0.034 11.116 0.006 11.119 11.725 0 11.729 11.479 0 11.48
0.027 0.002 0.029 0.033 0 0.033 11.133 0.01 11.14 11.941 0.000999999999999994 11.939 11.86 0 11.858
0.029 0 0.029 0.034 0 0.034 11.621 0.004 11.622 12.326 0 12.324 12.335 0 12.332
0.029 0.000999999999999994 0.03 0.034 0 0.034 12.24 0.013 12.25 13.072 0 13.069 12.774 0 12.771
0.027 0.001 0.028 0.035 0 0.034 11.154 0.007 11.157 11.869 0 11.868 11.813 0 11.811
0.026 0.001 0.027 0.03 0 0.029 10.855 0.007 10.86 11.955 0 11.953 11.883 0 11.881
0.027 0.002 0.029 0.034 0 0.034 11.196 0.008 11.201 11.947 0.001 11.945 11.522 0 11.52
0.027 0.002 0.029 0.036 0 0.036 11.748 0.009 11.754 12.456 0 12.454 12.378 0 12.375
0.025 0.00199999999999999 0.028 0.033 0 0.033 10.936 0.006 10.94 11.664 0.002 11.664 11.631 0 11.628
0.025 0.003 0.028 0.034 0 0.035 11.103 0.01 11.11 11.865 0 11.862 11.752 0 11.75
0.027 0.001 0.029 0.034 0 0.034 11.454 0.005 11.456 12.229 0 12.226 12.2 0 12.198
0.029 0 0.029 0.034 0 0.034 11.117 0.008 11.122 11.885 0.001 11.882 11.823 0 11.821
0.026 0.002 0.029 0.034 0 0.034 11.658 0.01 11.665 12.364 0.000999999999999994 12.361 12.179 0 12.177
0.026 0.004 0.029 0.034 0 0.034 11.658 0.007 11.662 12.416 0.001 12.414 12.245 0 12.243
0.024 0.004 0.029 0.035 0 0.034 11.184 0.006 11.188 11.917 0 11.914 11.89 0 11.888
0.028 0.001 0.029 0.034 0 0.035 11.094 0.008 11.098 11.829 0 11.826 11.766 0 11.764
0.029 0 0.028 0.034 0 0.034 11.219 0.009 11.225 11.986 0.003 11.986 11.925 0 11.924
0.025 0.002 0.027 0.029 0.001 0.03 10.396 0.006 10.399 11.081 0.002 11.082 10.998 0 10.995
0.027 0.001 0.028 0.033 0 0.033 10.967 0.006 10.97 11.581 0.001 11.58 11.496 0 11.494
0.029 0 0.029 0.033 0 0.033 10.973 0.01 10.98 11.707 0.001 11.706 11.668 0 11.666
0.026 0.003 0.028 0.034 0 0.034 11.233 0.011 11.242 11.978 0.001 11.976 11.82 0 11.818
0.024 0.004 0.028 0.034 0 0.034 11.17 0.006 11.173 11.902 0.002 11.903 11.779 0 11.776
0.026 0.002 0.0679999999999999 0.032 0 0.032 10.766 0.008 10.771 11.489 0 11.488 11.418 0 11.415
0.028 0.002 0.03 0.033 0 0.033 12.096 0.007 12.1 12.874 0 12.871 12.75 0 12.747
0.026 0.002 0.028 0.036 0 0.036 11.24 0.011 11.248 12 0.001 11.998 11.909 0 11.907
0.027 0.001 0.029 0.034 0.001 0.034 10.998 0.006 11.001 11.757 0.001 11.757 11.708 0 11.704
0.028 0 0.028 0.031 0 0.031 10.837 0.016 10.85 11.613 0.001 11.611 11.66 0 11.659
0.026 0.002 0.029 0.036 0 0.035 11.212 0.00899999999999999 11.219 11.918 0.002 11.917 11.867 0 11.865
0.032 0.001 0.032 0.034 0.00199999999999999 0.036 13.728 0.007 13.731 14.473 0 14.47 13.806 0 13.803
0.028 0.002 0.03 0.034 0 0.034 11.29 0.012 11.299 12 0 11.997 11.922 0 11.92
0.028 0.001 0.029 0.034 0 0.035 11.164 0.004 11.164 11.877 0 11.875 11.823 0 11.822
0.026 0.001 0.027 0.03 0 0.029 10.324 0.007 10.329 10.993 0 10.991 10.9 0 10.897
0.024 0.002 0.026 0.029 0.001 0.03 10.646 0.008 10.651 11.743 0 11.741 11.639 0 11.636
0.028 0.001 0.029 0.033 0 0.033 11.374 0.01 11.381 12.172 0 12.17 11.582 0 11.58
0.028 0 0.028 0.03 0 0.029 10.447 0.01 10.454 11.174 0 11.173 11.094 0 11.092
0.027 0 0.028 0.03 0 0.03 10.864 0.009 10.87 11.993 0 11.989 11.913 0 11.912
0.026 0.001 0.027 0.03 0 0.03 10.859 0.009 10.865 11.959 0.001 11.958 11.857 0 11.854
0.028 0.001 0.029 0.034 0 0.035 11.066 0.01 11.072 11.868 0.001 11.867 11.44 0 11.439
0.027 0.002 0.029 0.033 0.001 0.034 11.15 0.011 11.158 11.874 0 11.872 11.466 0 11.464
0.027 0.001 0.028 0.032 0 0.033 11.1 0.01 11.106 11.896 0 11.893 11.772 0 11.771
0.027 0.001 0.028 0.035 0 0.035 10.845 0.007 10.849 11.446 0 11.444 11.383 0.002 11.383
0.026 0.00199999999999999 0.028 0.034 0 0.034 11.122 0.006 11.125 11.825 0 11.823 11.768 0 11.765
0.027 0.00199999999999999 0.028 0.033 0 0.034 10.808 0.00800000000000001 10.813 11.468 0 11.466 11.324 0 11.322
0.029 0 0.029 0.034 0 0.033 11.597 0.012 11.606 12.305 0 12.303 12.27 0 12.268
0.027 0.002 0.029 0.035 0 0.035 11.103 0.005 11.105 11.849 0 11.847 11.764 0 11.761
0.025 0.002 0.027 0.029 0 0.03 10.758 0.01 10.764 12.415 0 12.412 12.359 0 12.357
0.027 0.002 0.028 0.034 0 0.034 11.355 0.013 11.365 12.103 0 12.102 11.255 0 11.252
0.028 0.001 0.028 0.034 0 0.035 11.105 0.009 11.111 11.829 0 11.827 11.769 0 11.766
0.027 0.001 0.028 0.032 0.000999999999999994 0.034 11.423 0.003 11.423 12.194 0 12.191 12.083 0 12.081
0.028 0.001 0.03 0.034 0 0.033 11.254 0.009 11.261 11.967 0 11.964 11.91 0 11.907
0.028 0.001 0.029 0.032 0.002 0.035 11.054 0.011 11.061 11.765 0.002 11.766 11.719 0 11.716
0.027 0.002 0.029 0.034 0 0.034 11.767 0.011 11.775 12.513 0.003 12.514 12.362 0 12.36
0.025 0.002 0.026 0.029 0.001 0.03 10.304 0.008 10.311 11.836 0 11.832 11.771 0 11.769
0.024 0.004 0.029 0.034 0 0.033 11.251 0.016 11.264 11.987 0.002 11.986 11.021 0 11.025
0.026 0.001 0.027 0.028 0.001 0.03 10.293 0.013 10.307 11.038 0.005 11.047 10.994 0 10.993
0.027 0.001 0.028 0.032 0 0.033 11.105 0.006 11.108 11.842 0.001 11.839 11.767 0 11.766
0.026 0.003 0.029 0.033 0.001 0.035 11.082 0.007 11.085 11.799 0 11.797 11.733 0 11.73
0.024 0.005 0.029 0.033 0 0.034 11.343 0.012 11.351 12.132 0 12.129 11.998 0 11.996
0.027 0.002 0.028 0.034 0 0.034 11.235 0.011 11.244 11.965 0.002 11.964 11.859 0 11.856
0.028 0.001 0.027 0.03 0.001 0.031 10.82 0.003 10.821 11.518 0.001 11.517 11.463 0 11.46
0.027 0.002 0.029 0.033 0 0.033 11.49 0.008 11.495 12.214 0.003 12.214 12.082 0 12.082
0.031 0.002 0.033 0.037 0 0.037 13.777 0.006 13.78 14.58 0 14.577 13.837 0 13.833
0.027 0.001 0.028 0.034 0 0.034 11.078 0.006 11.081 11.795 0 11.792 11.739 0 11.738
0.022 0.005 0.028 0.03 0 0.029 11.244 0.009 11.25 11.911 0.001 11.911 11.849 0 11.847
0.029 0 0.029 0.036 0 0.036 11.527 0.012 11.536 12.281 0 12.278 12.108 0 12.107
0.029 0.001 0.03 0.034 0 0.034 11.434 0.011 11.442 12.239 0 12.237 12.087 0 12.085
0.028 0.000999999999999997 0.029 0.035 0 0.035 11.101 0.01 11.108 11.917 0.001 11.915 11.846 0 11.844
0.027 0.001 0.028 0.037 0 0.037 11.138 0.009 11.149 11.753 0 11.754 11.578 0.001 11.581
0.03 0 0.029 0.033 0 0.033 11.066 0.012 11.075 11.831 0 11.829 11.773 0 11.77
0.027 0.002 0.028 0.034 0 0.034 11.279 0.01 11.286 12.057 0 12.055 11.948 0 11.945
0.027 0 0.027 0.03 0 0.03 10.325 0.011 10.333 11.081 0 11.078 10.971 0 10.968
0.026 0.002 0.028 0.037 0 0.037 11.206 0.007 11.21 12.004 0.002 12.004 11.915 0.000999999999999994 11.914
0.027 0.001 0.028 0.034 0 0.034 11.043 0.011 11.051 11.806 0.000999999999999994 11.804 11.75 0 11.748
0.027 0.003 0.03 0.034 0 0.034 11.668 0.009 11.674 12.383 0 12.38 12.248 0 12.246
0.028 0.000999999999999994 0.029 0.034 0 0.034 11.356 0.00700000000000001 11.36 11.935 0 11.932 11.866 0 11.864
0.027 0.00199999999999999 0.029 0.033 0 0.033 11.177 0.011 11.185 11.912 0 11.909 11.845 0 11.843
0.025 0.003 0.028 0.034 0 0.034 11.116 0.007 11.12 11.852 0 11.85 11.817 0 11.813
0.027 0.002 0.028 0.033 0.000999999999999994 0.034 11.244 0.005 11.247 11.949 0 11.947 11.886 0 11.883
0.025 0.003 0.029 0.036 0 0.035 11.26 0.007 11.264 11.947 0.002 11.947 11.895 0 11.892
0.028 0 0.028 0.034 0 0.035 11.039 0.013 11.049 11.832 0 11.828 11.77 0.001 11.77
0.028 0.001 0.029 0.034 0 0.034 11.233 0.009 11.238 12.003 0 12.002 11.951 0 11.947
0.03 0.003 0.033 0.035 0 0.036 13.74 0.00700000000000001 13.743 14.524 0.001 14.522 13.816 0 13.812
0.027 0.001 0.029 0.034 0 0.034 11.03 0.008 11.034 11.791 0.002 11.792 11.721 0 11.717
0.029 0.002 0.03 0.032 0 0.032 12.062 0.008 12.068 12.789 0 12.786 12.688 0 12.685
0.026 0.003 0.029 0.034 0 0.034 11.094 0.01 11.101 11.937 0 11.934 11.898 0 11.896
0.027 0.001 0.029 0.033 0 0.033 11.015 0.01 11.022 11.707 0 11.705 11.664 0 11.661
0.027 0.002 0.029 0.034 0 0.034 11.326 0.01 11.333 12.12 0 12.118 12.04 0 12.038
0.027 0.001 0.028 0.034 0 0.034 11.086 0.011 11.094 11.829 0 11.826 11.75 0 11.748
0.027 0.002 0.029 0.035 0 0.035 11.216 0.004 11.217 11.974 0 11.972 11.892 0 11.889
0.027 0.002 0.029 0.035 0 0.035 11.421 0.011 11.429 12.111 0 12.109 12.068 0 12.065
0.029 0 0.029 0.034 0 0.034 11.08 0.01 11.087 11.823 0 11.821 11.766 0 11.764
0.028 0.001 0.029 0.033 0 0.032 11.609 0.007 11.613 12.448 0.00199999999999999 12.448 12.278 0 12.276
0.027 0.002 0.028 0.034 0 0.035 11.105 0.009 11.111 11.845 0 11.843 11.779 0 11.777
0.027 0 0.026 0.029 0 0.03 10.849 0.006 10.852 11.796 0 11.794 11.748 0 11.746
0.028 0.001 0.029 0.034 0 0.034 11.334 0.008 11.339 12.106 0 12.104 11.588 0 11.586
0.026 0.002 0.028 0.034 0 0.034 10.835 0.002 10.844 11.407 0.001 11.411 11.31 0.001 11.312
0.025 0.003 0.028 0.035 0 0.036 11.382 0.011 11.389 12.149 0 12.147 12.071 0 12.068
0.025 0.003 0.028 0.033 0.001 0.035 11.186 0.012 11.194 11.894 0.001 11.893 11.829 0 11.827
0.025 0.004 0.029 0.035 0 0.034 11.116 0.01 11.124 11.838 0.001 11.836 11.782 0 11.78
0.027 0.00199999999999999 0.028 0.034 0 0.034 11.099 0.009 11.106 11.836 0 11.834 11.76 0.001 11.759
0.023 0.004 0.027 0.031 0.001 0.031 10.66 0.012 10.67 11.411 0 11.408 11.342 0 11.341
0.027 0.000999999999999997 0.027 0.03 0 0.031 10.952 0.007 10.955 11.723 0.001 11.723 11.677 0 11.674
0.027 0.001 0.029 0.034 0 0.034 10.933 0.009 10.939 11.736 0 11.733 11.645 0 11.644
0.028 0.001 0.028 0.035 0 0.036 11.083 0.008 11.088 11.77 0 11.767 11.731 0 11.729
0.026 0.00199999999999999 0.028 0.035 0 0.034 11.033 0.008 11.039 11.743 0 11.74 11.685 0 11.683
0.028 0 0.029 0.032 0 0.033 11.209 0.009 11.214 11.953 0 11.951 11.906 0.001 11.904
0.026 0.00199999999999999 0.029 0.035 0 0.034 11.052 0.009 11.058 11.773 0 11.772 11.736 0 11.732
0.029 0 0.029 0.034 0 0.033 11.003 0.01 11.011 11.642 0.001 11.641 11.582 0 11.58
0.027 0.002 0.029 0.033 0.001 0.034 11.055 0.014 11.066 11.777 0 11.775 11.704 0 11.701
0.026 0.003 0.029 0.033 0 0.034 11.362 0.01 11.368 12.104 0 12.102 12.018 0 12.015
0.027 0.001 0.029 0.035 0 0.034 11.637 0.008 11.643 12.455 0 12.451 12.274 0 12.272
0.027 0.001 0.029 0.035 0 0.034 11.126 0.01 11.133 11.905 0 11.903 11.829 0 11.826
0.027 0.002 0.028 0.032 0 0.033 11.201 0.01 11.207 11.916 0.001 11.915 11.854 0 11.852
0.029 0 0.028 0.034 0 0.035 11.127 0.009 11.133 11.86 0 11.857 11.797 0 11.795
0.024 0.00199999999999999 0.026 0.029 0.001 0.03 10.346 0.016 10.359 11.017 0 11.018 10.75 0 10.751
0.026 0.002 0.028 0.034 0.000999999999999994 0.035 11.171 0.009 11.177 11.903 0 11.9 11.854 0 11.852
0.026 0.001 0.027 0.03 0 0.03 10.794 0.008 10.798 11.87 0 11.868 11.807 0 11.805
0.024 0.004 0.029 0.034 0 0.033 11.229 0.01 11.236 11.996 0 11.994 11.528 0 11.525
0.028 0 0.027 0.029 0 0.03 10.426 0.01 10.434 11.139 0.001 11.137 11.092 0 11.09
0.028 0.001 0.028 0.035 0 0.034 11.016 0.015 11.032 11.822 0.003 11.83 11.766 0.055 11.827
0.025 0.004 0.029 0.034 0 0.034 10.836 0.012 10.845 11.521 0.001 11.52 11.409 0 11.407
0.025 0.003 0.029 0.035 0 0.034 10.988 0.016 11.005 11.404 0 11.409 11.257 0.001 11.265
0.026 0.002 0.029 0.034 0 0.034 11.264 0.01 11.271 12.039 0 12.037 11.952 0 11.949
0.026 0.002 0.028 0.031 0.001 0.033 11.218 0.006 11.219 11.984 0.001 11.984 11.868 0.001 11.868
0.024 0.003 0.027 0.03 0 0.029 10.246 0.013 10.257 10.989 0 10.987 10.942 0 10.939
0.029 0 0.029 0.028 0 0.028 11.474 0.008 11.479 13.05 0 13.047 12.972 0 12.969
0.027 0.001 0.029 0.035 0 0.034 11.018 0.006 11.022 11.775 0.001 11.772 11.148 0 11.146
0.026 0.000999999999999994 0.027 0.029 0.001 0.03 10.885 0.005 10.886 11.988 0 11.987 11.923 0 11.92
0.025 0.003 0.029 0.034 0 0.034 11.626 0.006 11.629 12.385 0.002 12.384 11.808 0 11.806
0.026 0.002 0.028 0.033 0 0.032 11.119 0.01 11.127 11.897 0 11.895 11.833 0 11.831
0.026 0.002 0.028 0.035 0 0.035 11.108 0.006 11.11 11.834 0 11.832 11.77 0 11.769
0.025 0.002 0.027 0.03 0 0.03 10.472 0.011 10.481 11.217 0.001 11.215 11.119 0 11.117
0.026 0.003 0.028 0.035 0 0.036 11.075 0.009 11.08 11.826 0 11.825 11.764 0 11.761
0.027 0.001 0.028 0.034 0 0.034 11.064 0.009 11.07 11.826 0.001 11.824 11.75 0 11.748
0.027 0 0.027 0.03 0 0.03 10.242 0.015 10.254 10.928 0 10.927 10.857 0 10.853
0.029 0 0.029 0.033 0 0.033 11.182 0.009 11.188 11.959 0 11.957 11.892 0 11.889
0.024 0.005 0.028 0.034 0 0.034 10.96 0.005 10.963 11.64 0.001 11.638 11.655 0 11.654
0.026 0.002 0.028 0.033 0 0.033 11.233 0.011 11.24 11.95 0 11.948 11.921 0 11.919
0.027 0.002 0.029 0.034 0.001 0.034 11.364 0.006 11.367 12.142 0 12.14 12.001 0 11.999
0.026 0.002 0.029 0.036 0 0.035 11.116 0.007 11.121 11.88 0 11.878 11.833 0 11.83
0.028 0.000999999999999994 0.029 0.033 0.001 0.034 11.146 0.009 11.152 11.968 0 11.965 11.88 0 11.878
0.027 0.001 0.028 0.03 0 0.03 10.834 0.00899999999999999 10.84 11.526 0 11.524 11.47 0 11.468
0.029 0.001 0.03 0.036 0 0.036 11.539 0.01 11.546 12.11 0 12.107 12.051 0 12.05
0.028 0 0.029 0.034 0 0.034 10.937 0.007 10.94 11.689 0.002 11.688 11.613 0.001 11.612
0.028 0.001 0.029 0.034 0 0.034 11.072 0.008 11.077 11.839 0 11.837 11.773 0 11.77
0.027 0.002 0.029 0.035 0 0.035 11.707 0.006 11.71 12.379 0.001 12.377 12.305 0 12.303
0.027 0.002 0.029 0.035 0 0.035 11.677 0.01 11.684 12.435 0.002 12.434 12.374 0 12.371
0.023 0.004 0.027 0.03 0 0.03 10.318 0.003 10.318 11.004 0.001 11.003 11.459 0 11.457
0.028 0 0.028 0.035 0 0.034 11.112 0.016 11.125 11.864 0 11.862 11.786 0 11.783
0.028 0 0.028 0.036 0 0.036 11.25 0.00899999999999999 11.256 11.954 0.001 11.952 11.908 0 11.906
0.028 0 0.029 0.034 0 0.034 11.144 0.008 11.148 11.903 0 11.902 11.858 0 11.855
0.026 0.002 0.029 0.034 0 0.034 10.841 0.011 10.849 11.446 0 11.442 11.314 0 11.312
0.027 0.00199999999999999 0.029 0.034 0 0.035 11.293 0.013 11.302 12.057 0.002 12.057 11.949 0 11.946
0.027 0.001 0.028 0.034 0 0.034 10.973 0.011 10.981 11.687 0 11.685 11.653 0 11.65
0.023 0.004 0.027 0.03 0 0.03 10.265 0.008 10.27 10.97 0 10.968 11.395 0 11.394
0.027 0.001 0.029 0.034 0 0.033 10.866 0.009 10.872 11.642 0.001 11.641 11.59 0 11.588
0.026 0.002 0.029 0.034 0 0.033 11.293 0.004 11.295 12.081 0 12.077 11.955 0 11.952
0.026 0.002 0.029 0.034 0 0.033 11.105 0.004 11.106 11.819 0 11.817 11.765 0 11.763
0.028 0.001 0.028 0.033 0.001 0.035 10.997 0.008 11.002 11.741 0.001 11.738 11.681 0 11.68
0.025 0.003 0.028 0.033 0.001 0.034 11.354 0.008 11.359 12.112 0.001 12.109 11.902 0 11.901
0.028 0.001 0.029 0.034 0 0.034 10.77 0.011 10.778 11.039 0.001 11.038 10.957 0 10.955
0.027 0.001 0.027 0.031 0 0.031 11.259 0.007 11.263 11.99 0 11.988 11.924 0.001 11.922
0.027 0.001 0.027 0.03 0 0.03 10.907 0.011 10.915 11.635 0 11.634 11.571 0 11.568
0.027 0.003 0.029 0.034 0 0.034 11.245 0.009 11.251 11.981 0.00199999999999999 11.981 11.879 0 11.877
0.024 0.005 0.028 0.032 0 0.033 11.462 0.007 11.464 12.226 0 12.225 12.139 0 12.135
0.026 0.003 0.03 0.034 0 0.034 11.748 0.01 11.755 12.44 0.00199999999999999 12.439 12.313 0 12.311
0.023 0.006 0.029 0.033 0 0.034 11.236 0.013 11.246 12.001 0.003 12.001 11.943 0 11.94
0.025 0.003 0.029 0.033 0.001 0.034 11.16 0.012 11.169 11.862 0 11.858 11.793 0 11.792
0.028 0.001 0.029 0.034 0 0.034 11.024 0.009 11.031 11.309 0 11.305 11.202 0 11.201
0.025 0.005 0.029 0.034 0 0.034 11.146 0.007 11.15 11.915 0 11.913 11.835 0 11.832
0.025 0.003 0.028 0.034 0 0.034 11.119 0.01 11.127 11.862 0.001 11.86 11.794 0 11.792
0.025 0.003 0.028 0.034 0.001 0.035 11.112 0.014 11.123 11.904 0 11.902 11.825 0 11.823
0.026 0.002 0.028 0.035 0 0.035 11.637 0.012 11.646 12.417 0.001 12.416 12.255 0 12.252
0.026 0.002 0.028 0.034 0.002 0.036 11.082 0.009 11.088 11.822 0 11.82 11.726 0 11.724
0.029 0 0.028 0.033 0.001 0.034 11.177 0.006 11.181 11.952 0 11.95 11.846 0 11.842
0.028 0.001 0.028 0.034 0 0.034 11.126 0.007 11.13 11.811 0.002 11.812 11.763 0 11.761
0.028 0.000999999999999994 0.029 0.034 0.001 0.036 11.273 0.01 11.279 11.989 0.002 11.988 11.918 0.001 11.917
0.028 0.001 0.029 0.034 0 0.034 11.218 0.013 11.228 11.963 0 11.96 11.909 0 11.907
0.026 0.002 0.027 0.03 0 0.03 10.895 0.007 10.9 12.011 0 12.008 11.926 0 11.925
0.027 0.002 0.028 0.034 0 0.034 11.102 0.007 11.107 11.848 0 11.845 11.408 0 11.406
0.024 0.003 0.028 0.031 0 0.03 10.496 0.012 10.505 11.252 0.001 11.252 11.176 0 11.173
0.027 0.001 0.029 0.033 0.000999999999999994 0.034 10.889 0.008 10.893 11.619 0 11.617 11.627 0 11.624
0.025 0.003 0.029 0.034 0 0.034 10.754 0.01 10.761 11.584 0 11.582 11.516 0 11.514
0.025 0.004 0.029 0.034 0.001 0.035 11.142 0.005 11.144 11.913 0 11.91 11.85 0 11.848
0.026 0.002 0.028 0.034 0 0.034 11.585 0.011 11.593 12.45 0 12.447 12.252 0 12.25
0.024 0.003 0.027 0.03 0 0.03 10.405 0.01 10.412 11.88 0 11.877 11.81 0 11.807
0.027 0.003 0.031 0.031 0.001 0.032 12.132 0.008 12.137 12.966 0 12.962 11.947 0 11.945
0.027 0 0.027 0.03 0 0.03 10.355 0.008 10.36 11.037 0.001 11.036 10.973 0 10.969
0.024 0.004 0.029 0.034 0 0.034 11.652 0.009 11.657 12.471 0 12.47 12.309 0 12.306
0.027 0.002 0.028 0.034 0 0.034 11.389 0.01 11.397 12.16 0.003 12.161 12.094 0 12.09
0.028 0.001 0.028 0.034 0 0.034 10.954 0.00199999999999999 10.953 11.682 0.001 11.681 11.539 0 11.536
0.029 0 0.03 0.034 0 0.034 11.497 0.009 11.502 12.304 0 12.302 12.201 0 12.199
0.029 0 0.029 0.034 0 0.034 11.188 0.006 11.191 11.968 0 11.965 11.881 0 11.878
0.026 0.001 0.027 0.03 0 0.03 10.45 0.009 10.456 11.124 0.000999999999999994 11.123 11.052 0 11.049
0.027 0.002 0.029 0.028 0 0.028 11.313 0.006 11.316 12.008 0 12.006 11.939 0 11.936
0.028 0.001 0.029 0.034 0 0.033 11.005 0.013 11.015 11.78 0.003 11.781 11.794 0 11.791
0.028 0 0.028 0.034 0 0.034 11.038 0.012 11.048 11.621 0.001 11.619 11.577 0 11.575
0.026 0.00199999999999999 0.029 0.034 0 0.034 11.261 0.00600000000000001 11.264 11.921 0 11.919 11.902 0 11.9
0.027 0.001 0.028 0.035 0 0.034 11.054 0.009 11.06 11.769 0.00199999999999999 11.769 11.728 0 11.726
0.026 0.003 0.029 0.034 0 0.034 11.174 0.011 11.182 11.868 0 11.866 11.811 0 11.809
0.026 0.00199999999999999 0.028 0.03 0 0.03 10.583 0.005 10.585 11.245 0 11.242 11.174 0 11.171
0.029 0 0.029 0.033 0 0.033 11.623 0.003 11.623 12.32 0.002 12.32 12.271 0 12.268
0.028 0 0.027 0.03 0 0.03 11.091 0.01 11.098 11.77 0 11.768 11.69 0 11.687
0.026 0.003 0.029 0.033 0 0.034 11.129 0.00600000000000001 11.131 11.986 0.001 11.987 11.909 0 11.906
0.025 0.003 0.029 0.035 0 0.034 11.306 0.008 11.311 12.033 0.001 12.031 11.987 0 11.985
0.025 0.00199999999999999 0.027 0.03 0 0.03 10.891 0.009 10.897 12.036 0.002 12.036 11.998 0 11.995
0.029 0 0.028 0.033 0.001 0.034 11.089 0.004 11.09 11.836 0 11.834 11.402 0 11.4
0.028 0.001 0.028 0.034 0 0.034 11.22 0.013 11.23 12.025 0 12.024 11.927 0 11.923
0.028 0 0.027 0.03 0 0.03 10.377 0.011 10.387 11.07 0 11.068 10.996 0 10.993
0.026 0.003 0.028 0.034 0 0.034 11.03 0.00799999999999999 11.036 11.734 0 11.731 11.674 0 11.672
0.026 0.002 0.028 0.034 0 0.034 11.201 0.008 11.206 11.936 0.001 11.935 11.818 0 11.815
0.029 0.000999999999999994 0.03 0.035 0 0.035 11.117 0.009 11.123 11.869 0.001 11.868 11.79 0 11.788
0.027 0.001 0.029 0.033 0.001 0.034 11.115 0.005 11.116 11.843 0.001 11.843 11.771 0.001 11.77
0.026 0.002 0.028 0.032 0 0.032 11.12 0.012 11.129 11.879 0 11.876 11.844 0 11.842
0.028 0 0.029 0.034 0 0.034 11.212 0.005 11.213 11.95 0.002 11.949 11.825 0 11.822
0.027 0.000999999999999994 0.028 0.035 0 0.035 11.125 0.01 11.132 11.836 0.001 11.835 11.773 0 11.771
0.028 0.001 0.029 0.034 0 0.034 11.266 0.006 11.269 12.085 0.001 12.083 11.988 0 11.987
0.025 0.003 0.028 0.03 0 0.03 10.943 0.008 10.948 12.008 0 12.006 11.968 0 11.966
0.027 0.002 0.029 0.034 0 0.034 11.088 0.009 11.094 11.813 0 11.811 11.382 0 11.38
0.026 0.001 0.028 0.03 0.001 0.031 10.616 0.012 10.624 11.329 0 11.328 11.285 0 11.282
0.026 0.002 0.029 0.034 0 0.034 10.868 0.01 10.874 11.546 0 11.544 11.501 0 11.5
0.029 0.000999999999999994 0.03 0.039 0 0.039 11.392 0.012 11.401 12.166 0.002 12.166 12.029 0 12.026
0.027 0.00199999999999999 0.028 0.034 0 0.035 11.697 0.008 11.702 12.367 0.002 12.365 12.314 0 12.311
0.026 0.002 0.028 0.034 0 0.034 11.331 0.007 11.335 12.077 0 12.075 12.058 0 12.055
0.025 0.002 0.027 0.03 0 0.03 10.523 0.007 10.527 11.215 0 11.214 11.508 0 11.505
0.026 0.003 0.029 0.034 0 0.034 11.255 0.00600000000000001 11.258 12.001 0 11.999 11.938 0 11.935
0.028 0 0.029 0.034 0 0.034 11.127 0.011 11.135 11.889 0.001 11.888 11.837 0 11.833
0.026 0.002 0.029 0.034 0 0.034 11.329 0.011 11.336 12.071 0 12.069 12.014 0 12.012
0.026 0.002 0.029 0.035 0 0.035 11.356 0.008 11.361 12.133 0 12.129 12.104 0 12.103
0.029 0 0.029 0.034 0 0.034 10.957 0.008 10.962 11.762 0.001 11.76 11.648 0 11.646
0.028 0.001 0.028 0.033 0.001 0.035 11.069 0.006 11.071 11.772 0.001 11.771 11.735 0 11.732
0.028 0 0.028 0.033 0.001 0.034 11.114 0.009 11.119 11.861 0 11.86 11.783 0 11.781
0.024 0.003 0.028 0.03 0 0.029 10.845 0.01 10.852 11.522 0 11.52 11.967 0 11.965
0.027 0.003 0.029 0.035 0 0.036 11.296 0.008 11.3 12.014 0.001 12.013 11.973 0 11.971
0.029 0 0.028 0.034 0 0.034 11.188 0.01 11.196 11.961 0.000999999999999994 11.958 11.892 0 11.89
0.028 0 0.028 0.034 0 0.034 10.92 0.01 10.928 11.641 0 11.638 11.513 0 11.511
0.025 0.002 0.027 0.03 0 0.03 10.968 0.008 10.973 11.631 0 11.629 11.579 0 11.576
0.028 0.001 0.028 0.034 0 0.034 11.03 0.004 11.031 11.776 0 11.774 11.716 0.001 11.715
0.025 0.004 0.029 0.034 0 0.034 11.196 0.008 11.201 11.916 0.002 11.916 11.858 0 11.854
0.026 0.002 0.028 0.034 0 0.034 11.151 0.009 11.157 11.898 0 11.895 11.825 0 11.823
0.028 0 0.029 0.034 0 0.034 10.64 0.008 10.644 11.041 0.002 11.04 10.935 0 10.934
0.028 0 0.028 0.033 0.001 0.034 11.145 0.009 11.151 11.902 0 11.9 11.808 0 11.806
0.027 0.001 0.027 0.03 0 0.03 10.882 0.009 10.888 11.479 0.001 11.478 11.461 0 11.459
0.027 0.002 0.029 0.034 0 0.033 11.358 0.011 11.366 12.064 0.001 12.062 12.011 0 12.01
0.029 0 0.029 0.034 0 0.034 11.066 0.008 11.07 11.795 0.000999999999999994 11.793 11.738 0 11.736
0.025 0.003 0.029 0.033 0.001 0.034 11.236 0.013 11.246 12.047 0.001 12.045 11.989 0 11.986
0.029 0 0.029 0.034 0 0.034 11.366 0.008 11.37 12.155 0 12.153 11.998 0 11.996
0.028 0.001 0.029 0.034 0 0.034 11.384 0.008 11.389 12.161 0 12.158 11.981 0 11.979
0.025 0.004 0.029 0.034 0 0.034 10.952 0.008 10.957 11.253 0 11.252 11.159 0 11.156
0.027 0.000999999999999994 0.029 0.034 0 0.033 11.228 0.01 11.235 11.961 0.001 11.959 11.897 0 11.896
0.025 0.003 0.029 0.034 0 0.034 11.688 0.00600000000000001 11.691 12.293 0 12.291 12.219 0 12.215
0.026 0.003 0.029 0.034 0 0.034 11.25 0.008 11.254 12.004 0 12.001 11.933 0 11.932
0.028 0.001 0.029 0.033 0 0.034 11.274 0.008 11.279 12.019 0 12.017 11.935 0 11.933
0.027 0.001 0.028 0.036 0 0.036 11.093 0.005 11.095 11.853 0 11.851 11.783 0 11.78
0.025 0.004 0.029 0.034 0 0.034 11.428 0.011 11.436 12.177 0 12.174 12.063 0 12.061
0.028 0.001 0.028 0.033 0 0.034 11.134 0.012 11.143 11.874 0.001 11.872 11.781 0 11.78
0.027 0 0.027 0.029 0 0.03 10.779 0.009 10.785 11.895 0.001 11.894 11.825 0 11.822
0.026 0.003 0.029 0.033 0.001 0.034 11.069 0.009 11.074 11.836 0.00199999999999999 11.836 11.757 0 11.756
0.029 0 0.029 0.034 0 0.034 11.125 0.011 11.133 11.701 0.001 11.7 11.3 0 11.298
0.026 0.002 0.028 0.031 0 0.031 10.624 0.007 10.628 11.408 0 11.407 11.365 0 11.361
0.028 0.001 0.028 0.034 0 0.034 10.811 0.007 10.817 11.605 0.002 11.604 11.57 0 11.568
0.027 0 0.026 0.03 0 0.031 10.861 0.012 10.87 11.684 0 11.682 11.646 0 11.644
0.026 0.00199999999999999 0.028 0.036 0.001 0.036 11.122 0.00700000000000001 11.127 11.927 0 11.925 11.865 0 11.861
0.028 0.001 0.029 0.034 0 0.034 11.423 0.008 11.428 12.221 0.001 12.218 12.059 0 12.058
0.026 0.001 0.028 0.03 0 0.029 10.795 0.01 10.802 11.455 0 11.453 11.39 0 11.388
0.027 0.001 0.027 0.029 0 0.03 10.879 0.014 10.89 12.401 0.002 12.4 12.357 0 12.355
0.023 0.005 0.029 0.035 0 0.034 11.131 0.005 11.133 11.885 0 11.882 11.191 0 11.189
0.027 0.002 0.028 0.033 0 0.033 11.697 0.012 11.706 12.411 0 12.41 12.285 0 12.281
0.026 0.003 0.029 0.032 0.00199999999999999 0.034 11.234 0.012 11.243 11.812 0.003 11.813 11.761 0 11.758
0.024 0.003 0.027 0.032 0 0.031 11.131 0.011 11.139 11.789 0.00199999999999999 11.789 11.701 0 11.699
0.026 0.003 0.029 0.034 0 0.034 11.132 0.012 11.141 11.897 0 11.895 11.805 0 11.803
0.026 0.003 0.028 0.033 0.001 0.034 11.018 0.00899999999999999 11.024 11.73 0 11.728 11.683 0 11.682
0.027 0 0.027 0.03 0 0.03 10.317 0.009 10.323 11.759 0 11.757 11.724 0 11.722
0.025 0.003 0.029 0.034 0 0.034 11.243 0.014 11.254 11.994 0.001 11.991 11.08 0 11.079
0.027 0 0.027 0.03 0 0.03 10.348 0.012 10.358 11.072 0 11.07 10.997 0 10.995
0.028 0.001 0.028 0.033 0 0.034 11.495 0.007 11.499 12.198 0.001 12.196 12 0 11.998
0.027 0.00199999999999999 0.029 0.033 0 0.034 11.114 0.006 11.116 11.862 0.001 11.861 11.8 0 11.797
0.027 0.002 0.028 0.035 0 0.035 11.415 0.012 11.425 12.176 0 12.173 12.119 0 12.117
0.027 0.001 0.028 0.035 0 0.035 11.721 0.00899999999999999 11.727 12.448 0 12.446 12.361 0 12.358
0.025 0.002 0.027 0.03 0 0.03 10.325 0.009 10.331 11.027 0 11.025 10.954 0 10.95
0.029 0 0.029 0.033 0.001 0.034 11.249 0.008 11.254 12.065 0.001 12.064 12.026 0 12.023
0.026 0.00199999999999999 0.028 0.034 0 0.034 10.98 0.01 10.987 11.615 0 11.613 11.583 0 11.581
0.026 0.002 0.03 0.035 0 0.034 11.231 0.012 11.24 11.925 0 11.923 11.901 0 11.898
0.026 0.003 0.029 0.035 0 0.034 11.221 0.011 11.229 11.934 0 11.932 11.87 0 11.867
0.025 0.003 0.029 0.034 0 0.034 11.05 0.01 11.056 11.825 0 11.823 11.761 0 11.759
0.029 0.003 0.032 0.049 0.001 0.05 13.314 0.004 13.316 14.136 0.003 14.136 14.116 0 14.112
0.025 0.002 0.028 0.029 0.001 0.029 10.335 0.011 10.344 11.692 0 11.696 11.435 0 11.437
0.025 0.003 0.028 0.034 0 0.034 11.123 0.005 11.125 11.901 0.001 11.899 10.836 0 10.839
0.028 0.001 0.028 0.035 0 0.035 11.384 0.00899999999999999 11.391 12.143 0 12.141 12.05 0 12.046
0.028 0.001 0.028 0.032 0.00199999999999999 0.034 11.156 0.01 11.163 11.945 0 11.943 11.869 0.001 11.868
0.028 0.001 0.028 0.036 0 0.037 11.288 0.008 11.292 12.072 0 12.07 11.969 0 11.966
0.029 0 0.029 0.034 0 0.034 11.258 0.01 11.265 11.998 0 11.996 11.936 0 11.933
0.026 0.001 0.027 0.03 0 0.031 10.798 0.01 10.805 11.89 0 11.887 11.824 0 11.822
0.027 0.00199999999999999 0.029 0.034 0 0.034 11.024 0.007 11.027 11.778 0.001 11.776 11.351 0 11.35
0.024 0.003 0.027 0.029 0.001 0.03 10.292 0.012 10.302 10.988 0 10.986 10.936 0 10.933
0.028 0 0.028 0.033 0 0.034 11.266 0.008 11.27 11.966 0 11.968 11.685 0 11.687
0.028 0.001 0.029 0.035 0.000999999999999994 0.037 11.127 0.008 11.131 11.878 0 11.876 11.827 0 11.825
0.028 0.001 0.029 0.033 0.001 0.034 11.253 0.008 11.258 12.012 0 12.008 11.963 0 11.961
0.029 0 0.029 0.033 0.001 0.033 11.21 0.012 11.22 12.035 0 12.032 11.947 0 11.944
0.023 0.004 0.027 0.031 0 0.031 10.768 0.005 10.769 11.51 0.001 11.51 11.423 0 11.421
0.029 0 0.029 0.034 0 0.034 10.927 0.008 10.932 11.648 0.001 11.647 11.593 0 11.591
0.026 0.002 0.029 0.034 0 0.034 11 0.011 11.007 11.784 0.001 11.783 11.702 0 11.699
0.026 0.002 0.027 0.029 0 0.03 11.053 0.009 11.059 12.162 0.001 12.16 12.045 0 12.042
0.028 0 0.028 0.034 0 0.034 11.159 0.007 11.164 11.937 0 11.935 11.527 0 11.523
0.026 0.000999999999999994 0.027 0.03 0 0.03 10.314 0.012 10.323 11.003 0 11.001 11.258 0.001 11.257
0.028 0.001 0.029 0.033 0 0.033 11.112 0.005 11.114 11.898 0 11.896 11.845 0 11.842
0.028 0.001 0.029 0.032 0.002 0.034 11.223 0.009 11.229 11.912 0 11.91 11.844 0 11.841
0.028 0.001 0.029 0.033 0 0.033 11.29 0.006 11.293 12.04 0 12.038 11.978 0 11.976
0.026 0.003 0.029 0.034 0 0.034 11.126 0.014 11.138 11.749 0 11.747 11.663 0 11.659
0.025 0.005 0.03 0.033 0 0.033 12.346 0.006 12.348 13.141 0 13.139 12.868 0 12.865
0.026 0.004 0.03 0.035 0 0.035 11.52 0.01 11.534 11.999 0.001 12.002 11.828 0 11.831
0.027 0.00199999999999999 0.029 0.034 0 0.034 11.234 0.008 11.239 11.96 0.001 11.959 11.873 0 11.871
0.024 0.00199999999999999 0.027 0.03 0 0.03 10.765 0.00600000000000001 10.768 11.893 0 11.891 11.825 0 11.821
0.029 0 0.028 0.034 0 0.034 11.111 0.005 11.113 11.866 0.001 11.864 11.368 0 11.366
0.027 0 0.027 0.031 0 0.029 10.225 0.013 10.237 10.938 0 10.936 10.849 0 10.846
0.027 0 0.026 0.029 0.001 0.03 10.801 0.006 10.805 11.877 0 11.874 11.806 0 11.803
0.027 0.002 0.028 0.034 0 0.035 11.188 0.004 11.189 11.857 0 11.854 11.441 0 11.439
0.027 0.00199999999999999 0.029 0.034 0 0.034 10.633 0.00600000000000001 10.636 10.924 0.001 10.923 10.852 0 10.849
0.028 0.002 0.03 0.034 0 0.034 11.102 0.01 11.109 11.872 0 11.87 11.83 0 11.827
0.026 0.000999999999999994 0.027 0.03 0 0.031 10.939 0.009 10.944 11.646 0.004 11.648 11.583 0 11.582
0.027 0.002 0.028 0.034 0 0.034 11.123 0.008 11.129 11.896 0 11.894 11.766 0 11.764
0.028 0.001 0.029 0.034 0 0.034 11.123 0.01 11.13 11.863 0 11.86 11.801 0 11.799
0.027 0.002 0.029 0.034 0.001 0.034 11.169 0.01 11.177 11.938 0 11.935 11.872 0 11.87
0.026 0.001 0.027 0.029 0 0.029 10.368 0.008 10.373 11.858 0 11.856 11.764 0 11.762
0.029 0 0.029 0.035 0 0.034 11.122 0.008 11.127 11.984 0 11.982 11.151 0 11.148
0.026 0.001 0.027 0.03 0 0.029 10.29 0.00899999999999999 10.297 11.05 0 11.048 10.975 0 10.972
0.025 0.002 0.027 0.03 0 0.029 11.293 0.009 11.3 12.448 0 12.445 12.34 0 12.337
0.027 0.002 0.029 0.034 0 0.034 11.127 0.007 11.13 11.887 0 11.885 11.542 0 11.54
0.027 0.001 0.028 0.037 0 0.037 11.035 0.01 11.042 11.81 0.000999999999999994 11.81 11.767 0 11.764
0.025 0.003 0.029 0.034 0 0.034 11.174 0.008 11.179 11.883 0.002 11.882 11.805 0 11.803
0.026 0.001 0.027 0.029 0 0.03 10.466 0.01 10.473 11.142 0 11.139 11.044 0 11.042
0.027 0.001 0.028 0.035 0.001 0.036 11.068 0.003 11.068 11.876 0.001 11.875 11.81 0 11.808
0.029 0 0.029 0.033 0.001 0.034 11.082 0.008 11.087 11.811 0 11.809 11.75 0 11.748
0.028 0.001 0.03 0.035 0 0.034 11.654 0.006 11.657 12.268 0 12.266 12.215 0 12.211
0.028 0.001 0.029 0.034 0 0.034 11.39 0.00899999999999999 11.396 12.151 0.002 12.152 12.022 0 12.019
0.03 0.002 0.031 0.032 0 0.033 12.313 0.007 12.315 13.057 0 13.055 12.966 0 12.963
0.03 0 0.031 0.033 0 0.033 12.315 0.008 12.319 13.208 0 13.205 13.085 0 13.082
0.03 0 0.03 0.034 0 0.035 11.011 0.01 11.018 11.88 0 11.878 11.743 0 11.739
0.027 0.00199999999999999 0.029 0.035 0 0.035 11.114 0.009 11.12 11.889 0 11.886 11.841 0 11.839
0.03 0.001 0.031 0.032 0 0.033 12.264 0.003 12.262 12.959 0.001 12.958 12.672 0 12.67
0.023 0.004 0.027 0.031 0 0.031 10.719 0.011 10.727 11.553 0.001 11.552 11.484 0 11.482
0.027 0.001 0.028 0.034 0 0.034 10.99 0.007 10.994 11.717 0 11.713 11.665 0 11.664
0.022 0.005 0.027 0.03 0 0.03 11.132 0.009 11.138 11.957 0 11.955 11.907 0 11.905
0.028 0.001 0.03 0.033 0 0.033 11.168 0.011 11.175 11.922 0.001 11.921 11.877 0 11.875
0.027 0.001 0.028 0.033 0.000999999999999994 0.035 11.076 0.009 11.082 11.796 0 11.794 11.742 0 11.738
0.026 0.001 0.027 0.03 0 0.03 10.323 0.00700000000000001 10.327 11.041 0.00199999999999999 11.041 10.97 0 10.967
0.027 0.001 0.029 0.033 0 0.032 11.51 0.01 11.518 12.248 0.001 12.245 12.178 0 12.177
0.023 0.005 0.028 0.034 0 0.034 11.356 0.007 11.36 12.194 0 12.191 12.117 0 12.115
0.026 0.003 0.029 0.034 0 0.034 11.056 0.004 11.057 11.679 0.001 11.678 11.597 0 11.595
0.027 0.001 0.029 0.035 0 0.034 11.071 0.012 11.081 11.826 0.001 11.824 11.741 0 11.739
0.029 0 0.029 0.034 0 0.034 11.636 0.005 11.638 12.409 0.00199999999999999 12.408 12.259 0 12.257
0.025 0.004 0.029 0.034 0 0.034 11.266 0.014 11.283 12.012 0.002 12.015 11.959 0 11.957
0.029 0 0.028 0.033 0 0.034 11.361 0.007 11.364 12.15 0 12.148 12.041 0 12.039
0.025 0.002 0.027 0.03 0 0.03 10.389 0.013 10.399 11.13 0 11.128 11.125 0 11.123
0.025 0.002 0.027 0.03 0 0.03 10.37 0.013 10.38 11.044 0.002 11.044 10.969 0 10.966
0.025 0.003 0.028 0.034 0 0.034 11.551 0.007 11.554 12.299 0 12.297 12.211 0 12.208
0.026 0.002 0.029 0.034 0 0.034 11.017 0.009 11.022 11.755 0 11.753 11.663 0 11.661
0.028 0.001 0.029 0.034 0 0.034 11.231 0.008 11.236 11.983 0.001 11.982 11.894 0 11.891
0.029 0 0.028 0.036 0 0.036 11.137 0.00700000000000001 11.141 11.879 0.001 11.877 11.843 0 11.841
0.027 0.002 0.028 0.034 0 0.034 11.218 0.011 11.226 11.938 0 11.935 11.883 0 11.881
0.03 0.002 0.033 0.035 0.001 0.036 13.81 0.004 13.81 14.601 0.004 14.603 13.828 0 13.825
0.028 0 0.029 0.035 0 0.034 11.028 0.011 11.037 11.767 0.001 11.764 11.707 0 11.705
0.028 0.001 0.028 0.034 0 0.035 10.435 0.011 10.442 11.292 0 11.291 11.194 0 11.191
0.028 0 0.029 0.037 0 0.036 11.258 0.009 11.264 12.009 0 12.007 11.929 0 11.926
0.025 0.00199999999999999 0.027 0.03 0 0.03 10.575 0.012 10.584 11.341 0.003 11.342 11.628 0 11.626
0.027 0 0.027 0.03 0 0.03 10.642 0.009 10.648 12.159 0 12.155 12.075 0 12.074
0.027 0.001 0.028 0.035 0 0.034 11.018 0.01 11.025 11.794 0.001 11.793 11.099 0 11.097
0.022 0.005 0.027 0.029 0.001 0.03 10.42 0.009 10.426 11.133 0 11.131 11.026 0 11.024
0.027 0.00199999999999999 0.028 0.034 0 0.034 11.087 0.009 11.093 11.838 0 11.835 11.781 0 11.779
0.027 0.001 0.028 0.033 0 0.033 11.051 0.009 11.057 11.763 0.002 11.763 11.691 0 11.689
0.028 0.000999999999999997 0.028 0.034 0 0.034 11.277 0.004 11.279 12.022 0.001 12.02 11.939 0 11.936
0.028 0.001 0.029 0.036 0 0.036 11.134 0.006 11.138 11.892 0 11.888 11.837 0 11.835
0.027 0.000999999999999994 0.028 0.034 0 0.034 11.103 0.013 11.113 11.876 0 11.874 11.812 0 11.809
0.03 0 0.03 0.035 0 0.035 11.127 0.012 11.136 11.875 0.003 11.876 11.792 0 11.79
0.026 0.00199999999999999 0.028 0.035 0 0.035 10.975 0.004 10.976 11.715 0.00199999999999999 11.714 11.657 0 11.654
0.027 0.001 0.028 0.031 0 0.031 10.598 0.008 10.603 11.312 0.002 11.311 11.208 0 11.207
0.028 0.000999999999999997 0.029 0.034 0 0.034 11.064 0.009 11.07 11.62 0 11.618 11.477 0 11.475
0.025 0.003 0.029 0.034 0 0.034 11.26 0.007 11.263 12.048 0 12.046 11.997 0 11.995
0.027 0 0.028 0.036 0 0.036 11.138 0.00899999999999999 11.143 11.864 0 11.862 11.813 0 11.811
0.028 0.001 0.028 0.034 0 0.034 11.463 0.011 11.472 12.167 0.001 12.165 12.061 0 12.059
0.026 0.001 0.027 0.03 0 0.03 10.38 0.011 10.388 11.064 0 11.062 11.271 0 11.269
0.028 0 0.028 0.034 0 0.034 11.113 0.00800000000000001 11.118 11.848 0 11.845 11.795 0 11.793
0.028 0.001 0.028 0.034 0 0.034 11.177 0.01 11.184 11.932 0 11.93 11.835 0 11.833
0.029 0 0.029 0.034 0 0.034 11.107 0.006 11.11 11.806 0.001 11.805 11.75 0 11.748
0.028 0.001 0.029 0.036 0 0.037 11.139 0.011 11.147 11.863 0 11.859 11.786 0 11.784
0.028 0.001 0.029 0.034 0 0.034 10.702 0.009 10.708 11.466 0 11.464 11.392 0.000999999999999994 11.391
0.025 0.002 0.027 0.03 0 0.03 10.748 0.008 10.754 11.891 0 11.888 11.819 0 11.818
0.028 0 0.028 0.035 0 0.035 11.015 0.008 11.02 11.69 0.001 11.689 11.289 0 11.287
0.026 0.000999999999999994 0.027 0.03 0 0.031 10.747 0.013 10.756 11.767 0.001 11.766 11.727 0 11.726
0.026 0.001 0.027 0.03 0 0.029 10.523 0.007 10.529 11.241 0 11.238 11.527 0 11.525
0.026 0.00199999999999999 0.028 0.034 0 0.035 11.137 0.01 11.143 11.861 0 11.86 11.41 0 11.408
0.026 0.004 0.029 0.036 0 0.036 10.988 0.014 11 11.358 0 11.356 11.263 0 11.261
0.026 0 0.027 0.03 0 0.03 10.344 0.004 10.345 11.031 0 11.029 10.93 0 10.926
0.028 0 0.029 0.034 0 0.034 10.537 0.01 10.544 11.044 0.001 11.042 10.95 0 10.947
0.027 0.001 0.029 0.034 0 0.034 11.074 0.005 11.075 11.846 0 11.843 11.744 0 11.742
0.027 0.002 0.029 0.034 0 0.034 10.721 0.013 10.732 11.445 0 11.442 11.432 0 11.431
0.026 0.002 0.029 0.035 0 0.034 11.008 0.006 11.011 11.819 0.002 11.819 11.738 0 11.736
0.025 0.004 0.028 0.031 0.001 0.032 11.135 0.01 11.142 11.884 0.002 11.884 11.827 0 11.825
0.026 0.003 0.028 0.034 0 0.035 10.976 0.01 10.982 11.725 0 11.723 11.678 0 11.677
0.027 0.001 0.028 0.029 0 0.029 10.916 0.007 10.921 12.037 0.002 12.036 11.943 0 11.941
0.028 0.001 0.029 0.033 0.001 0.034 11.208 0.009 11.213 12.003 0.001 12.001 11.501 0 11.499
0.027 0.002 0.028 0.033 0.001 0.034 10.499 0.007 10.504 10.904 0.001 10.903 10.812 0 10.809
0.029 0 0.029 0.035 0 0.034 11.03 0.004 11.032 11.817 0 11.814 11.757 0 11.755
0.027 0.002 0.029 0.035 0 0.035 11.445 0.009 11.45 12.184 0.002 12.184 12.098 0 12.097
0.027 0.001 0.028 0.033 0.001 0.034 11.27 0.00600000000000001 11.273 11.995 0 11.993 11.907 0 11.904
0.027 0.00199999999999999 0.029 0.034 0 0.034 11.154 0.011 11.162 11.956 0 11.954 11.86 0 11.857
0.026 0.001 0.027 0.03 0 0.03 10.371 0.008 10.376 11.089 0 11.087 11.034 0 11.031
0.028 0 0.029 0.034 0 0.033 11.427 0.007 11.431 12.174 0.001 12.173 12.005 0 12.004
0.026 0.002 0.028 0.034 0 0.034 10.883 0.008 10.888 11.61 0.001 11.609 11.556 0 11.553
0.027 0.00199999999999999 0.029 0.035 0 0.034 11.033 0.008 11.039 11.838 0 11.836 11.77 0 11.766
0.027 0.000999999999999994 0.028 0.034 0 0.034 11.08 0.008 11.085 11.704 0 11.701 11.635 0 11.633
0.028 0 0.029 0.034 0 0.034 11.35 0.01 11.357 12.118 0.002 12.118 11.973 0 11.971
0.029 0.001 0.03 0.033 0 0.033 11.035 0.011 11.043 11.824 0.00199999999999999 11.824 11.78 0 11.777
0.027 0.001 0.028 0.031 0 0.031 11.168 0.011 11.176 11.466 0 11.463 11.093 0 11.092
0.029 0 0.03 0.034 0 0.033 11.32 0.007 11.323 12.065 0 12.064 11.993 0 11.991
0.028 0.000999999999999994 0.029 0.034 0 0.034 11.202 0.00700000000000001 11.206 11.966 0.003 11.967 11.909 0 11.906
0.025 0.003 0.028 0.031 0 0.031 10.629 0.008 10.634 11.374 0 11.372 11.291 0 11.289
0.027 0.001 0.029 0.034 0 0.034 10.991 0.009 10.996 11.746 0.001 11.745 11.626 0 11.624
0.028 0.001 0.029 0.033 0 0.034 11.042 0.013 11.055 11.786 0.005 11.798 11.738 0.004 11.743
0.028 0.001 0.028 0.034 0 0.034 11.206 0.012 11.215 11.938 0.001 11.937 11.887 0 11.885
0.027 0.001 0.028 0.034 0 0.034 11.124 0.008 11.129 11.879 0 11.877 11.839 0 11.836
0.026 0.002 0.027 0.029 0 0.03 10.537 0.004 10.538 11.257 0 11.254 11.756 0 11.752
0.024 0.004 0.029 0.033 0 0.032 11.371 0.007 11.375 12.166 0 12.164 12.053 0 12.05
0.027 0.001 0.028 0.033 0.001 0.034 11.04 0.012 11.049 11.74 0 11.737 11.713 0 11.712
0.027 0.002 0.029 0.034 0 0.034 10.811 0.00799999999999999 10.816 11.636 0.001 11.635 11.491 0 11.489
0.026 0.001 0.027 0.03 0 0.03 10.918 0.008 10.923 12.182 0 12.18 12.071 0 12.068
0.027 0.000999999999999994 0.028 0.034 0 0.034 11.087 0.00800000000000001 11.093 11.827 0 11.824 11.378 0 11.376
0.027 0.003 0.029 0.033 0 0.033 11.186 0.01 11.193 11.919 0 11.917 11.872 0 11.871
0.026 0.00199999999999999 0.028 0.034 0 0.034 11.264 0.004 11.265 11.837 0.003 11.839 11.791 0 11.788
0.025 0.002 0.027 0.029 0 0.03 10.267 0.009 10.274 10.974 0.001 10.972 11.508 0 11.506
0.025 0.002 0.027 0.03 0 0.03 10.321 0.011 10.329 11.01 0 11.008 10.918 0 10.914
0.026 0.001 0.027 0.03 0 0.03 10.842 0.014 10.853 11.953 0.001 11.952 11.869 0 11.866
0.028 0.001 0.029 0.034 0 0.034 11.1 0.008 11.105 11.867 0 11.864 11.415 0 11.413
0.029 0 0.029 0.034 0 0.034 11.329 0.007 11.332 12.113 0 12.111 11.975 0 11.973
0.027 0.002 0.029 0.032 0.001 0.033 10.851 0.004 10.852 11.679 0 11.677 11.487 0 11.484
0.028 0.00199999999999999 0.029 0.037 0 0.038 11.441 0.009 11.446 12.12 0.002 12.119 12.086 0 12.084
0.028 0.001 0.029 0.035 0 0.035 11.13 0.005 11.132 11.852 0 11.85 11.771 0 11.768
0.028 0.001 0.029 0.033 0.001 0.034 11.172 0.01 11.179 11.921 0 11.919 11.846 0 11.843
0.027 0.00199999999999999 0.029 0.034 0 0.034 11.292 0.006 11.295 11.996 0.002 11.996 11.92 0 11.918
0.028 0.001 0.029 0.034 0 0.034 11.026 0.009 11.032 11.858 0.001 11.857 11.789 0 11.787
0.029 0.002 0.031 0.033 0 0.032 11.863 0.009 11.87 11.975 0 11.972 11.907 0 11.905
0.029 0 0.029 0.037 0 0.037 11.238 0.009 11.243 11.952 0.001 11.952 11.875 0 11.872
0.026 0.002 0.028 0.034 0 0.035 11.036 0.008 11.041 11.784 0 11.782 11.732 0 11.729
0.026 0.001 0.027 0.03 0 0.03 10.375 0.006 10.379 11.839 0 11.836 11.765 0 11.763
0.026 0.002 0.028 0.033 0.001 0.034 11.147 0.007 11.151 11.864 0 11.86 11.007 0 11.005
0.028 0.001 0.029 0.034 0 0.034 10.922 0.01 10.928 11.102 0.001 11.102 11.046 0 11.044
0.026 0.000999999999999994 0.027 0.029 0.001 0.03 10.311 0.006 10.314 11.006 0 11.004 11.289 0 11.286
0.028 0.001 0.029 0.035 0 0.034 11.067 0.013 11.078 11.825 0.001 11.824 11.764 0 11.761
0.027 0.001 0.029 0.035 0 0.034 11.14 0.006 11.143 11.904 0 11.902 11.805 0 11.803
0.03 0.002 0.032 0.034 0 0.034 12.442 0.006 12.444 13.24 0 13.237 13.153 0 13.152
0.023 0.004 0.028 0.031 0 0.031 10.723 0.007 10.726 11.463 0 11.462 11.39 0 11.387
0.03 0.000999999999999994 0.03 0.032 0 0.033 12.191 0.009 12.196 13.083 0 13.08 13.007 0 13.004
0.027 0.002 0.029 0.034 0 0.034 11.575 0.008 11.58 12.36 0.001 12.358 12.141 0 12.139
0.027 0.000999999999999997 0.028 0.034 0 0.034 10.915 0.007 10.919 11.763 0 11.759 11.703 0 11.702
0.027 0.001 0.029 0.036 0 0.036 11.141 0.009 11.145 11.891 0 11.889 11.842 0 11.841
0.025 0.003 0.028 0.034 0 0.034 11.125 0.005 11.127 11.953 0 11.951 11.86 0 11.857
0.027 0 0.028 0.03 0 0.029 10.46 0.012 10.47 11.171 0 11.169 11.142 0 11.14
0.026 0.00199999999999999 0.029 0.035 0 0.034 11.165 0.006 11.169 11.899 0 11.896 11.838 0.001 11.837
0.029 0.000999999999999994 0.029 0.032 0.001 0.034 11.06 0.005 11.062 11.75 0 11.747 11.629 0 11.626
0.029 0 0.028 0.033 0 0.034 11.135 0.01 11.141 11.86 0 11.858 11.785 0 11.782
0.027 0.00199999999999999 0.029 0.034 0 0.034 11.298 0.009 11.303 12.022 0 12.02 11.911 0 11.909
0.027 0.002 0.029 0.034 0 0.034 11.721 0.009 11.728 12.57 0.001 12.568 12.427 0 12.425
0.025 0.005 0.03 0.034 0 0.034 11.323 0.008 11.329 12.057 0 12.054 11.993 0 11.99
0.026 0.002 0.028 0.035 0 0.034 11.048 0.011 11.057 11.766 0 11.763 11.726 0 11.724
0.026 0.003 0.028 0.037 0 0.038 11.393 0.004 11.394 12.143 0.000999999999999994 12.141 12.072 0 12.069
0.028 0.001 0.028 0.035 0 0.035 11.179 0.011 11.188 11.918 0.003 11.917 11.874 0 11.873
0.028 0 0.028 0.031 0 0.031 10.334 0.011 10.341 11.045 0 11.044 11.231 0.001 11.229
0.027 0.003 0.03 0.032 0 0.032 11.64 0.009 11.645 11.977 0.000999999999999994 11.976 11.91 0 11.907
0.025 0.002 0.026 0.03 0 0.03 10.345 0.01 10.353 10.926 0 10.924 10.876 0.001 10.873
0.025 0.003 0.029 0.034 0 0.033 10.836 0.007 10.841 11.634 0 11.632 11.549 0 11.546
0.027 0.00199999999999999 0.029 0.034 0 0.034 10.977 0.008 10.982 11.753 0.001 11.752 11.765 0 11.762
0.027 0.002 0.029 0.034 0 0.034 11.119 0.013 11.129 11.915 0 11.912 11.878 0 11.876
0.03 0 0.029 0.034 0 0.034 11.278 0.014 11.29 12.03 0 12.026 11.958 0 11.957
0.026 0.003 0.029 0.033 0 0.033 11.322 0.011 11.33 12.036 0.002 12.036 11.953 0 11.95
0.027 0.001 0.028 0.034 0 0.035 11.11 0.012 11.118 11.815 0 11.813 11.777 0 11.775
0.025 0.004 0.029 0.033 0.001 0.034 11.081 0.01 11.088 11.814 0 11.813 11.729 0.002 11.727
0.026 0.00199999999999999 0.029 0.034 0 0.034 10.503 0.013 10.512 10.968 0 10.966 10.873 0 10.87
0.029 0.001 0.03 0.035 0 0.035 11.079 0.015 11.092 11.85 0 11.846 11.808 0 11.807
0.026 0.003 0.029 0.034 0 0.034 11.173 0.014 11.184 12.004 0.001 12.002 11.915 0 11.913
0.027 0.00199999999999999 0.029 0.034 0 0.034 11.202 0.008 11.207 11.943 0.001 11.941 11.855 0 11.853
0.027 0.001 0.028 0.034 0.001 0.034 11.037 0.005 11.039 11.731 0 11.729 11.691 0 11.69
0.025 0.002 0.027 0.03 0 0.03 10.531 0.006 10.534 11.269 0 11.267 11.204 0 11.201
0.023 0.004 0.027 0.03 0 0.03 10.61 0.005 10.612 11.328 0.001 11.327 11.437 0 11.434
0.027 0.002 0.029 0.034 0 0.035 11.275 0.007 11.279 11.985 0.001 11.983 11.918 0 11.916
0.028 0 0.028 0.034 0 0.034 11.011 0.007 11.015 11.749 0.003 11.75 11.709 0 11.705
0.025 0.002 0.028 0.03 0 0.03 10.528 0.01 10.534 11.296 0 11.295 11.178 0 11.175
0.026 0.002 0.029 0.034 0 0.033 11.375 0.012 11.385 12.16 0 12.157 12.075 0 12.073
0.028 0.001 0.028 0.034 0 0.034 11.649 0.005 11.652 12.445 0.00199999999999999 12.444 12.292 0 12.29
0.025 0.00199999999999999 0.027 0.03 0 0.03 10.417 0.008 10.422 11.129 0 11.127 11.025 0 11.023
0.026 0.001 0.028 0.03 0 0.03 10.786 0.006 10.788 11.895 0 11.894 11.848 0 11.846
0.029 0 0.028 0.034 0 0.035 11.178 0.004 11.178 11.965 0.002 11.965 11.494 0 11.493
0.028 0.001 0.028 0.035 0 0.035 10.904 0.009 10.911 11.641 0.001 11.639 11.607 0 11.604
0.025 0.001 0.027 0.03 0 0.03 10.989 0.01 10.996 11.8 0.001 11.798 11.725 0 11.723
0.028 0.003 0.031 0.033 0 0.033 12.25 0.01 12.257 13.129 0 13.126 12.781 0 12.778
0.026 0.003 0.029 0.033 0.001 0.034 11.18 0.01 11.187 11.933 0 11.93 11.863 0 11.861
0.026 0.001 0.027 0.03 0 0.03 10.324 0.01 10.331 11.042 0 11.04 11.573 0 11.571
0.028 0.001 0.028 0.033 0.001 0.035 11.073 0.008 11.078 11.904 0.002 11.904 11.83 0 11.827
0.027 0.00199999999999999 0.029 0.033 0.001 0.034 10.727 0.009 10.733 11.418 0 11.416 11.276 0 11.274
0.026 0.00199999999999999 0.029 0.034 0 0.034 11.09 0.01 11.096 11.854 0 11.853 11.787 0 11.784
0.029 0 0.029 0.033 0.001 0.034 11.265 0.005 11.268 11.971 0.001 11.969 11.897 0 11.895
0.027 0.00199999999999999 0.028 0.034 0 0.035 11.081 0.012 11.089 11.822 0 11.821 11.732 0 11.729
0.025 0.002 0.027 0.03 0 0.03 11.384 0.011 11.393 12.497 0 12.493 12.471 0 12.469
0.028 0.001 0.029 0.034 0 0.034 11.398 0.004 11.399 12.118 0 12.116 11.738 0 11.735
0.027 0.001 0.028 0.036 0 0.035 11.063 0.009 11.069 11.872 0 11.869 11.813 0 11.811
0.027 0.002 0.028 0.034 0 0.035 11.026 0.008 11.03 11.804 0 11.802 11.766 0 11.764
0.028 0 0.027 0.029 0 0.03 10.513 0.011 10.521 11.255 0.000999999999999994 11.253 11.857 0 11.855
0.026 0.00199999999999999 0.029 0.034 0 0.034 10.561 0.007 10.565 11.122 0 11.12 11.032 0 11.03
0.028 0.001 0.029 0.028 0 0.029 11.238 0.006 11.24 11.94 0 11.938 11.912 0 11.91
0.027 0 0.027 0.03 0 0.03 10.244 0.00899999999999999 10.251 10.954 0 10.952 10.905 0 10.902
0.027 0.001 0.028 0.031 0 0.03 10.956 0.008 10.962 11.679 0.001 11.678 11.528 0 11.524
0.028 0.001 0.03 0.033 0 0.033 11.363 0.011 11.371 11.47 0.001 11.468 11.405 0 11.403
0.027 0.000999999999999994 0.028 0.034 0 0.034 10.871 0.01 10.879 11.725 0 11.723 11.581 0 11.579
0.028 0.000999999999999994 0.029 0.033 0 0.033 11.007 0.005 11.008 11.72 0 11.719 11.586 0 11.583
0.026 0.003 0.029 0.034 0 0.034 11.751 0.007 11.755 12.489 0.003 12.489 12.336 0 12.334
0.026 0.002 0.029 0.035 0 0.034 11.17 0.012 11.179 11.902 0 11.899 11.827 0 11.825
0.024 0.003 0.028 0.03 0 0.029 10.845 0.008 10.851 11.53 0.003 11.531 11.446 0 11.444
0.027 0.002 0.029 0.033 0 0.032 11.842 0.006 11.846 12.566 0 12.563 12.315 0 12.313
0.029 0 0.028 0.034 0 0.034 11.09 0.01 11.097 11.888 0.000999999999999994 11.887 11.848 0 11.845
0.027 0.00199999999999999 0.029 0.034 0 0.034 11.255 0.011 11.263 11.324 0.001 11.322 11.214 0 11.213
0.027 0.002 0.029 0.035 0.001 0.035 11.079 0.011 11.088 11.78 0.001 11.778 11.743 0 11.742
0.027 0.001 0.028 0.034 0 0.035 11.126 0.009 11.131 11.832 0 11.83 11.756 0 11.755
0.025 0.003 0.027 0.029 0 0.03 11.092 0.007 11.096 12.229 0 12.226 12.08 0 12.078
0.027 0.001 0.028 0.032 0.002 0.034 11.109 0.011 11.117 11.811 0 11.808 11.455 0 11.453
0.024 0.003 0.027 0.031 0 0.03 10.397 0.012 10.407 11.096 0 11.094 11.279 0 11.277
0.025 0.00199999999999999 0.027 0.031 0 0.03 10.91 0.006 10.914 11.991 0.001 11.989 11.916 0 11.914
0.028 0 0.029 0.034 0 0.034 11.053 0.01 11.059 11.801 0 11.8 11.415 0 11.412
0.026 0.001 0.027 0.03 0 0.029 10.233 0.008 10.238 10.965 0 10.963 11.097 0.001 11.096
0.026 0.001 0.027 0.03 0 0.029 11.033 0.008 11.039 12.119 0 12.122 11.823 0 11.825
0.026 0.002 0.028 0.034 0 0.034 11.254 0.005 11.256 12.039 0.001 12.038 11.575 0 11.573
0.025 0.002 0.027 0.03 0 0.03 10.751 0.011 10.759 11.821 0 11.819 11.738 0 11.737
0.026 0.003 0.029 0.034 0 0.034 11.347 0.013 11.358 12.15 0.001 12.149 11.615 0 11.612
0.027 0.001 0.028 0.034 0 0.034 11.043 0.006 11.047 11.819 0.001 11.817 11.715 0 11.712
0.024 0.004 0.028 0.033 0 0.033 10.982 0.006 10.985 11.703 0 11.701 11.637 0 11.634
0.028 0.001 0.029 0.036 0 0.036 11.394 0.011 11.401 12.209 0 12.207 12.147 0 12.145
0.028 0 0.029 0.034 0 0.034 11.734 0.007 11.736 12.462 0 12.46 12.291 0 12.288
0.027 0 0.027 0.029 0.001 0.03 10.376 0.007 10.38 11.145 0 11.143 11.047 0 11.045
0.026 0.002 0.029 0.034 0 0.034 11.172 0.014 11.183 11.938 0.001 11.936 11.868 0 11.867
0.027 0.002 0.029 0.034 0 0.034 11.102 0.009 11.108 11.79 0 11.788 11.712 0 11.71
0.025 0.003 0.028 0.035 0 0.035 11.224 0.007 11.228 11.961 0 11.959 11.882 0 11.88
0.029 0.002 0.031 0.057 0 0.057 11.318 0.016 11.331 10.994 0 10.992 10.892 0 10.89
0.027 0 0.027 0.029 0 0.03 10.48 0.008 10.485 11.133 0.002 11.133 11.066 0 11.063
0.025 0.003 0.028 0.033 0 0.032 11.046 0.01 11.053 11.764 0.000999999999999994 11.763 11.727 0 11.725
0.026 0.003 0.029 0.034 0 0.034 11.398 0.01 11.405 12.119 0.001 12.117 11.981 0 11.979
0.027 0.001 0.029 0.035 0.001 0.036 11.227 0.012 11.236 11.971 0.002 11.97 11.89 0 11.888
0.028 0 0.028 0.034 0 0.034 11.24 0.011 11.249 12.002 0 12 11.914 0 11.91
0.025 0.00199999999999999 0.027 0.029 0.001 0.03 10.409 0.01 10.416 11.146 0 11.144 11.058 0 11.056
0.027 0.002 0.029 0.034 0 0.033 10.583 0.007 10.587 11.097 0 11.096 11.043 0 11.041
0.026 0.003 0.029 0.033 0.001 0.034 10.528 0.011 10.536 10.959 0 10.962 10.756 0 10.758
0.026 0.00199999999999999 0.027 0.029 0 0.03 10.111 0.00700000000000001 10.121 10.68 0 10.686 10.549 0.001 10.547
0.025 0.004 0.029 0.034 0 0.034 11.144 0.012 11.153 11.849 0 11.847 11.801 0 11.799
0.027 0.001 0.028 0.031 0 0.031 10.601 0.004 10.603 11.344 0 11.342 11.284 0 11.282
0.029 0.001 0.03 0.033 0 0.032 12.238 0.006 12.241 13.082 0 13.078 12.759 0 12.757
0.028 0 0.027 0.03 0 0.031 10.331 0.005 10.333 11.01 0 11.008 10.933 0 10.93
0.029 0 0.029 0.034 0 0.034 11.113 0.008 11.119 11.899 0 11.896 11.852 0 11.849
0.025 0.004 0.029 0.033 0 0.034 11.026 0.00800000000000001 11.031 11.789 0.000999999999999994 11.787 11.68 0 11.678
0.025 0.003 0.029 0.035 0 0.034 11.047 0.007 11.059 11.626 0 11.628 11.445 0 11.451
0.025 0.002 0.028 0.03 0 0.03 10.378 0.008 10.382 11.215 0 11.214 11.796 0 11.793
0.026 0.003 0.028 0.034 0 0.034 11.231 0.008 11.237 12.045 0 12.041 11.918 0 11.917
0.027 0.00199999999999999 0.029 0.034 0 0.033 11.193 0.009 11.2 11.904 0.001 11.902 11.838 0 11.836
0.023 0.004 0.027 0.03 0 0.03 10.256 0.005 10.258 10.978 0 10.976 11.075 0 11.072
0.023 0.005 0.029 0.035 0 0.034 10.986 0.01 10.993 11.653 0 11.651 11.619 0 11.617
0.026 0.001 0.027 0.03 0 0.03 10.313 0.007 10.317 11.012 0 11.01 10.936 0 10.933
0.028 0.001 0.028 0.034 0 0.034 11.446 0.007 11.45 12.163 0 12.161 12.028 0 12.025
0.028 0 0.027 0.03 0 0.031 10.893 0.006 10.896 11.509 0 11.507 12.242 0 12.238
0.027 0.001 0.028 0.034 0 0.034 10.967 0.007 10.971 11.706 0 11.705 11.666 0 11.662
0.029 0 0.029 0.034 0 0.034 11.051 0.008 11.057 11.822 0 11.818 11.779 0 11.778
0.028 0.001 0.029 0.034 0 0.034 11.251 0.004 11.253 11.975 0.001 11.972 11.915 0 11.913
0.026 0.002 0.027 0.03 0 0.03 10.532 0.012 10.542 11.274 0 11.272 11.895 0 11.893
0.025 0.00199999999999999 0.027 0.03 0 0.03 10.429 0.012 10.438 11.096 0.003 11.097 11.025 0 11.022
0.026 0.000999999999999994 0.028 0.03 0 0.03 11.065 0.01 11.072 12.206 0.001 12.205 12.106 0 12.103
0.026 0.003 0.029 0.034 0 0.034 10.805 0.005 10.81 11.382 0 11.384 11.187 0 11.189
0.027 0.002 0.029 0.034 0 0.034 11.015 0.007 11.019 11.728 0.002 11.728 11.362 0 11.36
0.027 0.002 0.029 0.034 0 0.033 11.074 0.012 11.084 11.845 0 11.843 11.747 0 11.744
0.026 0.001 0.027 0.03 0 0.03 10.882 0.005 10.884 11.959 0.001 11.958 11.899 0 11.896
0.026 0.002 0.028 0.034 0 0.034 11.174 0.005 11.176 11.906 0.002 11.906 11.455 0 11.452
0.027 0 0.027 0.03 0 0.03 10.442 0.007 10.447 11.164 0 11.162 11.461 0 11.458
0.024 0.002 0.027 0.029 0.001 0.029 10.315 0.007 10.32 10.926 0.001 10.926 10.819 0 10.815
0.027 0.001 0.028 0.034 0 0.034 10.975 0.00799999999999999 10.985 10.861 0 10.863 10.643 0 10.646
0.029 0 0.028 0.032 0 0.033 11.428 0.006 11.43 12.183 0 12.181 12.053 0 12.051
0.028 0.001 0.028 0.034 0 0.035 10.456 0.009 10.461 10.959 0 10.957 10.884 0 10.882
0.025 0.003 0.028 0.034 0 0.034 11.119 0.009 11.125 11.862 0 11.86 11.813 0.001 11.812
0.025 0.003 0.028 0.03 0 0.03 11.133 0.006 11.136 12.193 0.001 12.192 12.133 0 12.129
0.028 0.001 0.029 0.034 0 0.034 11.642 0.008 11.648 12.378 0 12.375 11.927 0 11.924
0.026 0.001 0.027 0.029 0 0.03 10.288 0.009 10.295 10.982 0.001 10.981 11.291 0 11.287
0.027 0.002 0.029 0.034 0 0.034 11.113 0.009 11.119 11.165 0.001 11.164 11.056 0 11.054
0.026 0.004 0.03 0.035 0 0.035 10.928 0.008 10.933 11.049 0 11.047 10.942 0 10.94
0.026 0.001 0.027 0.029 0 0.03 10.36 0.009 10.366 11.014 0.003 11.014 10.945 0 10.942
0.03 0.002 0.032 0.033 0 0.033 12.496 0.008 12.501 13.109 0 13.106 12.892 0 12.889
0.028 0.001 0.029 0.034 0 0.034 11.24 0.01 11.248 11.991 0 11.988 11.938 0 11.936
0.027 0.001 0.028 0.031 0 0.03 10.751 0.006 10.756 11.494 0.002 11.493 11.4 0 11.397
0.025 0.003 0.029 0.034 0 0.033 10.713 0.007 10.717 11.126 0 11.124 11.064 0 11.062
0.027 0.002 0.029 0.034 0 0.034 11.218 0.006 11.221 12.011 0 12.008 11.916 0 11.914
0.026 0.002 0.028 0.034 0 0.034 11.075 0.007 11.079 11.848 0 11.846 11.779 0 11.776
0.028 0.001 0.029 0.034 0 0.034 10.993 0.01 10.999 11.732 0 11.731 11.682 0 11.68
0.028 0.001 0.028 0.033 0 0.034 10.76 0.01 10.766 11.579 0.001 11.579 11.509 0 11.507
0.026 0.00199999999999999 0.028 0.034 0.001 0.035 11.229 0.012 11.238 12.005 0.003 12.006 11.972 0 11.969
0.024 0.004 0.029 0.035 0 0.034 11.229 0.005 11.232 11.965 0.00199999999999999 11.963 11.908 0 11.906
0.025 0.003 0.027 0.029 0 0.03 10.38 0.007 10.383 11.046 0 11.044 10.992 0 10.99
0.024 0.003 0.028 0.03 0 0.029 10.899 0.01 10.906 12.024 0 12.022 11.945 0 11.942
0.027 0.001 0.029 0.029 0 0.028 11.265 0.003 11.264 11.991 0 11.99 11.896 0 11.894
0.026 0.003 0.03 0.035 0 0.035 11.631 0.008 11.635 12.404 0 12.401 12.221 0 12.22
0.027 0.001 0.028 0.034 0 0.035 11.054 0.01 11.061 11.793 0 11.79 11.727 0 11.724
0.024 0.004 0.028 0.034 0 0.034 11.37 0.011 11.378 12.12 0 12.117 11.653 0 11.651
0.026 0.003 0.029 0.034 0 0.034 11.145 0.01 11.153 11.542 0 11.54 11.395 0 11.393
0.028 0.001 0.03 0.034 0 0.034 11.455 0.008 11.459 12.186 0 12.185 12.09 0 12.087
0.029 0 0.029 0.034 0 0.034 11.729 0.01 11.735 12.442 0.003 12.442 12.331 0 12.329
0.025 0.001 0.027 0.03 0 0.03 10.37 0.011 10.378 11.106 0.001 11.105 11.045 0 11.041
0.027 0.001 0.028 0.034 0 0.035 11.156 0.01 11.162 11.955 0 11.954 11.872 0 11.868
0.028 0.002 0.03 0.034 0 0.034 12.31 0.007 12.314 12.966 0 12.962 12.677 0 12.674
0.027 0.002 0.029 0.034 0.001 0.034 11.019 0.013 11.03 11.766 0 11.764 11.701 0 11.699
0.027 0.002 0.028 0.034 0 0.035 10.977 0.007 10.982 11.684 0 11.681 11.646 0 11.644
0.027 0 0.027 0.03 0 0.03 10.902 0.009 10.909 11.684 0 11.681 11.62 0 11.617
0.027 0.002 0.029 0.035 0 0.035 11.072 0.007 11.076 11.815 0 11.813 11.73 0 11.728
0.028 0.001 0.028 0.034 0 0.034 11.189 0.014 11.2 11.899 0 11.897 11.835 0 11.832
0.026 0.002 0.027 0.03 0 0.03 10.353 0.004 10.356 11.02 0 11.018 11.011 0 11.007
0.026 0.003 0.029 0.034 0 0.034 11.043 0.011 11.051 11.892 0 11.888 11.74 0 11.738
0.026 0.001 0.027 0.03 0 0.029 10.48 0.012 10.489 11.164 0.002 11.163 11.092 0 11.091
0.028 0.001 0.028 0.034 0 0.034 11.154 0.009 11.16 11.902 0 11.9 11.84 0 11.837
0.026 0.003 0.029 0.033 0 0.033 11.697 0.01 11.703 12.41 0.000999999999999994 12.41 12.259 0 12.255
0.029 0 0.029 0.034 0 0.033 11.462 0.01 11.47 12.189 0.001 12.187 12.074 0 12.072
0.027 0 0.028 0.03 0 0.029 10.256 0.006 10.261 11.014 0 11.011 11.016 0 11.013
0.029 0 0.029 0.034 0 0.034 11.677 0.01 11.684 12.469 0.001 12.467 12.33 0 12.329
0.029 0.001 0.031 0.032 0.001 0.032 12.543 0.009 12.548 13.284 0.000999999999999994 13.282 13.227 0 13.225
0.026 0.002 0.027 0.03 0 0.03 11.085 0.009 11.091 12.265 0 12.262 12.216 0 12.215
0.029 0 0.028 0.034 0 0.034 11.367 0.011 11.375 12.091 0.001 12.09 11.706 0 11.704
0.029 0 0.029 0.035 0 0.035 11.346 0.012 11.355 12.087 0 12.085 12.035 0 12.032
0.026 0.002 0.029 0.034 0 0.034 11.685 0.008 11.688 12.44 0.001 12.44 12.295 0 12.293
0.027 0.00199999999999999 0.029 0.034 0 0.035 11.156 0.011 11.163 11.895 0.002 11.895 11.838 0 11.836
0.029 0 0.028 0.034 0 0.034 11.273 0.006 11.276 11.994 0.001 11.994 11.883 0 11.88
0.026 0.001 0.028 0.032 0 0.031 10.715 0.013 10.725 11.429 0 11.426 11.316 0 11.315
0.028 0 0.028 0.03 0 0.029 10.588 0.006 10.592 11.302 0 11.299 11.175 0 11.174
0.027 0.001 0.029 0.035 0 0.034 11.113 0.008 11.118 11.886 0 11.883 11.84 0 11.838
0.025 0.003 0.028 0.034 0 0.034 11.239 0.008 11.242 11.958 0 11.956 11.874 0 11.872
0.027 0.002 0.029 0.033 0 0.034 11.713 0.005 11.715 12.429 0 12.425 12.423 0 12.422
0.027 0.002 0.028 0.034 0 0.035 10.752 0.011 10.76 11.526 0.001 11.525 11.498 0 11.496
0.026 0.002 0.028 0.036 0 0.035 11.123 0.009 11.13 11.667 0 11.664 11.626 0 11.624
0.029 0 0.028 0.034 0 0.035 11.333 0.011 11.34 12.061 0.002 12.06 11.936 0 11.935
0.024 0.003 0.026 0.03 0 0.03 10.282 0.009 10.288 10.951 0.001 10.951 11.476 0 11.474
0.026 0.002 0.028 0.029 0 0.03 11.01 0.007 11.014 12.121 0.001 12.119 12.035 0 12.033
0.032 0.002 0.034 0.043 0 0.043 14.008 0.01 14.015 14.878 0.001 14.876 14.755 0 14.751
0.027 0.001 0.029 0.036 0 0.036 11.2 0.005 11.202 11.928 0 11.926 11.861 0 11.858
0.028 0.001 0.028 0.034 0 0.034 11.338 0.009 11.344 12.079 0.000999999999999994 12.078 11.988 0 11.986
0.029 0 0.029 0.034 0 0.034 11.646 0.011 11.654 12.383 0.001 12.382 11.832 0 11.829
0.028 0.001 0.029 0.033 0 0.034 10.451 0.005 10.453 11.085 0.001 11.084 11.005 0 11.003
0.023 0.004 0.027 0.029 0.001 0.03 10.671 0.006 10.673 11.809 0.001 11.807 11.748 0 11.747
0.025 0.003 0.029 0.034 0 0.033 11.219 0.00600000000000001 11.223 11.958 0 11.955 11.508 0 11.505
0.026 0.000999999999999994 0.027 0.03 0 0.03 10.32 0.008 10.326 11.223 0 11.221 11.844 0 11.841
0.027 0.003 0.03 0.032 0.001 0.032 13.347 0.005 13.349 14.594 0.001 14.592 14.359 0 14.357
0.024 0.004 0.028 0.035 0 0.035 10.982 0.011 10.99 11.789 0.001 11.788 11.729 0 11.727
0.025 0.00199999999999999 0.027 0.03 0 0.03 10.926 0.005 10.928 11.721 0 11.719 11.642 0 11.64
0.025 0.004 0.028 0.034 0 0.035 11.405 0.008 11.409 12.2 0 12.197 12.023 0 12.022
0.026 0.002 0.028 0.033 0.001 0.034 11.015 0.009 11.02 11.757 0.001 11.757 11.672 0.002 11.671
0.027 0.001 0.027 0.029 0 0.03 10.504 0.006 10.506 11.256 0.002 11.256 11.186 0 11.184
0.026 0.003 0.029 0.032 0.001 0.034 10.933 0.005 10.934 11.687 0.001 11.686 11.643 0 11.641
0.027 0.001 0.029 0.034 0 0.034 11.078 0.008 11.083 11.845 0 11.843 11.787 0.001 11.785
0.028 0 0.027 0.032 0.000999999999999994 0.032 11.449 0.007 11.453 12.182 0.001 12.181 12.035 0 12.032
0.028 0.001 0.028 0.029 0 0.029 12.045 0.006 12.047 12.89 0 12.889 12.803 0 12.8
0.027 0.002 0.029 0.034 0 0.033 11.117 0.015 11.129 11.894 0 11.892 11.847 0 11.845
0.028 0.001 0.028 0.034 0 0.034 10.86 0.01 10.867 11.646 0.001 11.645 11.593 0 11.591
0.028 0 0.028 0.034 0.001 0.035 10.9 0.005 10.902 11.65 0.001 11.649 11.569 0 11.567
0.028 0 0.027 0.029 0 0.03 10.395 0.009 10.401 11.135 0.001 11.135 11.732 0 11.728
0.027 0.002 0.028 0.033 0 0.033 11.264 0.007 11.268 12.051 0 12.048 11.922 0 11.92
0.029 0 0.028 0.034 0 0.034 10.971 0.011 10.98 11.763 0 11.76 11.695 0 11.693
0.026 0.003 0.03 0.034 0 0.034 11.172 0.009 11.178 11.983 0.001 11.982 11.904 0 11.901
0.028 0.001 0.029 0.033 0 0.034 11.414 0.007 11.417 11.522 0.001 11.522 11.394 0 11.391
0.027 0.002 0.029 0.033 0 0.034 10.973 0.009 10.982 11.503 0.002 11.507 11.334 0 11.336
0.027 0 0.027 0.03 0 0.03 11.399 0.009 11.405 12.169 0 12.167 12.14 0 12.137
0.027 0.002 0.029 0.033 0 0.034 11.349 0.011 11.356 12.073 0.001 12.072 11.987 0 11.984
0.026 0 0.027 0.03 0 0.03 10.257 0.008 10.263 10.956 0.003 10.957 10.902 0 10.899
0.025 0.003 0.028 0.034 0 0.034 11.252 0.01 11.259 12.072 0.000999999999999994 12.07 11.942 0 11.94
0.029 0 0.029 0.032 0 0.032 11.221 0.009 11.226 11.926 0 11.924 11.847 0.001 11.847
0.027 0 0.027 0.03 0 0.03 10.976 0.005 10.977 11.721 0 11.72 11.653 0 11.651
0.026 0.001 0.028 0.031 0 0.03 11.278 0.012 11.3 11.899 0.003 11.906 11.85 0 11.847
0.028 0.000999999999999994 0.028 0.034 0 0.034 10.993 0.01 11 11.736 0.002 11.736 11.682 0 11.68
0.027 0 0.027 0.03 0 0.03 10.655 0.009 10.661 11.321 0 11.319 11.224 0 11.221
0.025 0.003 0.028 0.033 0.001 0.034 10.991 0.01 10.998 11.729 0.003 11.73 11.674 0 11.672
0.029 0 0.028 0.034 0 0.034 11.051 0.00600000000000001 11.054 11.774 0 11.772 11.709 0 11.706
0.024 0.003 0.027 0.03 0 0.03 10.459 0.013 10.469 11.2 0 11.197 11.308 0 11.306
0.027 0.001 0.029 0.034 0 0.034 11.071 0.013 11.081 11.585 0 11.592 11.463 0 11.465
0.028 0.001 0.029 0.034 0 0.034 11.272 0.00899999999999999 11.278 12.001 0.002 12 11.989 0 11.987
0.026 0.001 0.028 0.03 0 0.03 11.173 0.01 11.179 11.921 0.001 11.92 11.829 0 11.827
0.026 0.00199999999999999 0.029 0.034 0.001 0.034 10.813 0.041 10.865 11.634 0.014 11.666 11.423 0.015 11.466
0.028 0.002 0.03 0.032 0 0.031 11.15 0.007 11.153 11.877 0.002 11.877 11.805 0 11.802
0.027 0.001 0.028 0.034 0 0.035 11.129 0.005 11.13 11.89 0.001 11.889 11.824 0 11.822
0.026 0.00199999999999999 0.029 0.036 0 0.035 11.237 0.00700000000000001 11.249 11.772 0 11.774 11.589 0 11.591
0.027 0.001 0.028 0.034 0 0.035 11.135 0.009 11.141 11.877 0 11.874 11.758 0 11.756
0.026 0.001 0.028 0.029 0.001 0.03 10.266 0.005 10.268 10.967 0.001 10.966 10.901 0 10.899
0.027 0.003 0.031 0.033 0 0.033 11.972 0.007 11.975 12.893 0 12.891 12.766 0 12.763
0.029 0 0.029 0.033 0.001 0.034 10.815 0.01 10.822 11.03 0 11.028 10.941 0 10.939
0.026 0.002 0.028 0.034 0 0.033 11.102 0.005 11.105 11.863 0.001 11.861 11.784 0 11.782
0.029 0.001 0.03 0.034 0 0.033 12.295 0.008 12.3 13.096 0 13.093 12.724 0 12.722
0.026 0.00199999999999999 0.027 0.029 0 0.03 10.985 0.012 10.993 12.056 0.001 12.054 11.962 0 11.961
0.024 0.004 0.028 0.034 0 0.034 11.202 0.007 11.206 11.919 0 11.916 11.51 0 11.507
0.028 0.001 0.029 0.034 0 0.034 11.201 0.009 11.207 11.829 0 11.834 11.545 0 11.546
0.028 0.000999999999999994 0.029 0.033 0.001 0.034 10.983 0.005 10.984 11.703 0.00199999999999999 11.704 11.672 0 11.671
0.027 0 0.027 0.029 0 0.03 10.291 0.007 10.294 10.986 0.001 10.985 10.916 0 10.913
0.026 0.003 0.029 0.033 0 0.034 11.461 0.011 11.469 11.43 0.001 11.429 11.231 0 11.227
0.026 0.00199999999999999 0.029 0.034 0 0.034 11.073 0.009 11.079 11.744 0 11.74 11.658 0 11.657
0.028 0 0.028 0.034 0 0.034 10.457 0.011 10.466 11.047 0 11.044 10.959 0 10.956
0.028 0.001 0.029 0.033 0.001 0.034 10.946 0.006 10.948 11.726 0 11.724 11.658 0 11.657
0.024 0.006 0.029 0.034 0 0.035 11.203 0.008 11.208 11.954 0 11.952 11.897 0 11.894
0.025 0.002 0.027 0.03 0 0.03 11.126 0.008 11.131 11.789 0.003 11.79 11.706 0 11.704
0.025 0.00199999999999999 0.027 0.03 0 0.031 10.888 0.01 10.895 11.58 0 11.578 11.602 0 11.599
0.025 0.002 0.027 0.03 0 0.03 10.42 0.009 10.427 11.149 0 11.146 11.093 0 11.091
0.028 0 0.028 0.034 0 0.034 11.388 0.008 11.393 12.11 0.000999999999999994 12.109 12.062 0 12.06
0.026 0.003 0.029 0.034 0 0.034 11.289 0.009 11.294 12.129 0 12.126 12.095 0 12.094
0.03 0.001 0.031 0.032 0 0.033 12.087 0.008 12.091 12.971 0 12.968 12.901 0 12.898
0.027 0.002 0.029 0.034 0 0.034 10.97 0.009 10.976 11.761 0.001 11.761 11.701 0 11.698
0.023 0.006 0.029 0.034 0 0.034 11.235 0.007 11.239 11.992 0 11.989 11.841 0 11.839
0.027 0.002 0.029 0.034 0 0.034 11.159 0.006 11.162 11.917 0 11.915 11.857 0 11.855
0.024 0.004 0.029 0.033 0.001 0.034 11.036 0.015 11.048 11.825 0.001 11.824 11.776 0 11.774
0.028 0.001 0.029 0.028 0 0.029 11.232 0.005 11.234 11.967 0 11.964 11.901 0 11.898
0.027 0.002 0.029 0.034 0 0.034 11.357 0.01 11.364 12.121 0 12.119 11.826 0 11.823
0.025 0.002 0.028 0.03 0 0.029 10.56 0.01 10.567 11.956 0 11.954 11.891 0 11.888
0.027 0.00199999999999999 0.029 0.034 0 0.034 11.346 0.01 11.353 12.11 0 12.108 12.045 0 12.041
0.029 0 0.028 0.033 0 0.033 10.955 0.009 10.96 11.752 0 11.751 11.709 0 11.706
0.029 0 0.029 0.034 0 0.034 11.731 0.013 11.741 12.464 0.000999999999999994 12.463 12.296 0 12.293
0.028 0 0.029 0.034 0 0.034 11.149 0.009 11.154 11.867 0 11.866 11.807 0 11.805
0.028 0.000999999999999994 0.03 0.034 0 0.033 11.138 0.01 11.145 11.832 0 11.829 11.789 0 11.788
0.027 0.000999999999999994 0.029 0.034 0 0.033 11.556 0.01 11.562 12.362 0.001 12.362 12.324 0 12.322
0.026 0.003 0.029 0.033 0.000999999999999994 0.033 10.971 0.014 10.984 11.503 0.00199999999999999 11.502 11.462 0 11.46
0.027 0.002 0.029 0.034 0 0.034 11.016 0.007 11.02 11.72 0 11.718 11.681 0 11.679
0.026 0.003 0.029 0.033 0 0.034 11.59 0.004 11.59 12.423 0 12.421 12.281 0 12.278
0.026 0.002 0.027 0.03 0 0.03 10.746 0.011 10.755 11.467 0.001 11.466 11.401 0 11.399
0.028 0.001 0.029 0.033 0 0.033 11.272 0.012 11.282 12.042 0 12.039 11.977 0 11.975
0.027 0.002 0.029 0.034 0 0.033 11.035 0.00600000000000001 11.038 11.845 0 11.842 11.77 0 11.768
0.029 0 0.029 0.034 0 0.034 11.14 0.016 11.153 11.905 0 11.903 11.835 0 11.831
0.027 0.001 0.028 0.028 0.001 0.029 10.41 0.009 10.416 11.095 0.00199999999999999 11.095 11.026 0 11.023
0.024 0.003 0.027 0.03 0.001 0.03 10.998 0.008 11.004 11.731 0.002 11.73 11.678 0 11.676
0.026 0.002 0.029 0.033 0.001 0.033 11.033 0.008 11.038 11.514 0 11.513 11.631 0 11.628
0.029 0.001 0.029 0.034 0 0.034 11.086 0.005 11.088 11.819 0.001 11.818 11.14 0 11.138
0.025 0.004 0.029 0.034 0 0.034 11.087 0.004 11.088 11.84 0.002 11.839 11.77 0 11.768
0.028 0.003 0.032 0.033 0 0.032 12.294 0.015 12.305 13.062 0 13.061 13.004 0 13
0.029 0 0.029 0.035 0 0.035 11.289 0.006 11.291 12.001 0 11.999 11.942 0 11.939
0.024 0.005 0.028 0.031 0 0.032 11.007 0.008 11.014 11.602 0 11.605 11.398 0 11.4
0.027 0.002 0.028 0.034 0 0.034 11.144 0.011 11.152 11.896 0 11.894 11.851 0 11.848
0.028 0.001 0.028 0.033 0 0.034 10.782 0.008 10.786 11.469 0 11.467 11.531 0 11.528
0.028 0.001 0.028 0.033 0.001 0.035 11.186 0.013 11.196 11.871 0 11.869 11.876 0 11.873
0.027 0.00199999999999999 0.029 0.033 0 0.034 11.609 0.00800000000000001 11.613 12.326 0.00199999999999999 12.326 12.245 0 12.243
0.025 0.002 0.028 0.029 0 0.029 11.039 0.008 11.044 11.762 0.003 11.762 11.717 0 11.715
0.027 0.001 0.029 0.033 0.002 0.034 10.887 0.007 10.891 11.65 0.001 11.649 11.616 0 11.613
0.027 0 0.027 0.029 0 0.029 10.314 0.01 10.321 11.015 0.001 11.014 11.167 0 11.163
0.026 0.003 0.029 0.033 0 0.033 11.208 0.013 11.218 11.958 0 11.956 11.975 0 11.972
0.024 0.003 0.027 0.029 0 0.03 10.235 0.014 10.245 10.869 0.001 10.868 10.827 0 10.823
0.027 0 0.027 0.03 0 0.03 11.074 0.011 11.082 11.787 0.002 11.787 11.763 0 11.761
0.026 0.002 0.029 0.034 0 0.034 10.964 0.01 10.971 11.678 0.001 11.677 11.61 0 11.607
0.027 0.001 0.028 0.033 0.001 0.034 11.079 0.007 11.083 11.867 0 11.865 11.83 0 11.827
0.025 0.004 0.029 0.032 0.002 0.033 10.606 0.01 10.614 11.136 0 11.134 11.031 0 11.029
0.028 0.001 0.029 0.035 0 0.034 11.524 0.012 11.534 12.382 0 12.379 12.313 0 12.311
0.028 0.001 0.028 0.033 0 0.034 11.452 0.008 11.456 11.825 0 11.823 12.047 0 12.044
0.024 0.003 0.027 0.033 0 0.033 10.415 0.00899999999999999 10.422 11.1 0.001 11.098 10.984 0 10.981
0.025 0.002 0.027 0.03 0 0.03 11.037 0.004 11.038 11.778 0 11.776 11.709 0 11.707
0.03 0 0.03 0.038 0 0.038 12.199 0.011 12.206 12.736 0 12.733 12.454 0 12.452
0.021 0.008 0.029 0.034 0 0.034 11.688 0.008 11.693 12.42 0.001 12.419 12.312 0 12.309
0.027 0.000999999999999994 0.028 0.035 0 0.035 11.2 0.01 11.207 11.949 0 11.946 11.885 0 11.883
0.028 0 0.028 0.034 0 0.034 10.897 0.009 10.903 11.673 0 11.67 11.516 0 11.515
0.025 0.002 0.027 0.03 0 0.03 11.088 0.011 11.095 11.78 0 11.777 11.734 0 11.732
0.024 0.003 0.027 0.031 0 0.031 11.018 0.01 11.025 11.737 0.00199999999999999 11.737 11.71 0.001 11.709
0.027 0.002 0.029 0.034 0 0.034 11.062 0.01 11.069 11.78 0.000999999999999994 11.778 11.736 0 11.735
0.028 0.001 0.028 0.033 0 0.034 11.229 0.009 11.235 11.979 0.001 11.977 11.851 0 11.849
0.029 0 0.028 0.034 0 0.034 11.077 0.009 11.083 11.848 0 11.846 11.8 0 11.797
0.026 0.001 0.027 0.03 0 0.03 10.341 0.007 10.345 11.072 0 11.07 10.963 0 10.96
0.027 0.00199999999999999 0.029 0.033 0 0.034 11.383 0.011 11.39 12.123 0 12.12 12.059 0 12.058
0.028 0.001 0.028 0.034 0 0.034 11.028 0.01 11.035 11.787 0.001 11.785 11.735 0 11.733
0.028 0.001 0.028 0.034 0 0.035 10.993 0.006 10.996 11.691 0 11.688 11.682 0 11.679
0.027 0 0.027 0.029 0 0.03 10.282 0.004 10.284 10.938 0 10.936 10.886 0 10.883
0.029 0 0.029 0.034 0 0.034 10.927 0.013 10.937 11.712 0 11.709 11.688 0 11.687
0.028 0.001 0.029 0.033 0 0.034 10.918 0.011 10.925 12.051 0.001 12.049 11.611 0 11.61
0.027 0.001 0.028 0.034 0 0.034 11.193 0.01 11.2 11.929 0 11.926 11.867 0 11.865
0.028 0 0.028 0.034 0 0.034 11.27 0.007 11.274 12.013 0 12.01 11.938 0 11.936
0.026 0.001 0.027 0.03 0 0.03 10.625 0.014 10.636 11.452 0 11.45 11.451 0 11.448
0.028 0.001 0.029 0.034 0 0.034 11.193 0.00799999999999999 11.199 11.934 0 11.931 11.857 0 11.856
0.026 0.00199999999999999 0.028 0.034 0 0.034 11.653 0.008 11.658 12.377 0.002 12.377 12.299 0 12.296
0.028 0.000999999999999994 0.028 0.034 0 0.034 11.045 0.008 11.051 11.823 0 11.821 11.756 0 11.753
0.027 0.00199999999999999 0.029 0.037 0 0.037 10.955 0.008 10.96 11.782 0 11.779 11.691 0 11.689
0.025 0.003 0.027 0.033 0 0.034 11.571 0.004 11.572 12.313 0.001 12.31 12.288 0 12.287
0.025 0.003 0.027 0.029 0 0.03 10.389 0.008 10.393 11.137 0.002 11.137 11.679 0 11.676
0.027 0.002 0.029 0.033 0 0.033 11.013 0.005 11.015 11.176 0 11.175 11.076 0 11.073
0.029 0 0.029 0.034 0.001 0.035 11.097 0.008 11.103 11.863 0.001 11.861 11.786 0 11.784
0.027 0.002 0.029 0.034 0 0.034 10.992 0.006 10.995 12.029 0 12.027 11.599 0 11.596
0.027 0.001 0.028 0.032 0.000999999999999997 0.033 11.135 0.006 11.138 11.903 0 11.902 11.827 0 11.824
0.025 0.004 0.028 0.034 0 0.034 11.222 0.014 11.234 12.029 0 12.026 11.946 0 11.944
0.025 0.003 0.029 0.034 0 0.033 10.897 0.01 10.904 11.646 0 11.645 11.588 0 11.586
0.025 0.004 0.029 0.033 0 0.034 11.476 0.011 11.484 12.268 0 12.264 12.192 0 12.191
0.025 0.002 0.027 0.03 0 0.03 11.132 0.006 11.135 11.908 0.001 11.907 11.862 0 11.859
0.028 0.001 0.029 0.034 0 0.034 11.068 0.01 11.076 11.816 0 11.813 11.735 0 11.733
0.028 0.003 0.031 0.032 0 0.032 12.045 0.00800000000000001 12.05 12.761 0 12.758 12.823 0 12.82
0.025 0.004 0.028 0.038 0 0.038 11.137 0.006 11.141 11.836 0 11.833 11.775 0 11.773
0.026 0.001 0.028 0.03 0 0.03 10.844 0.00799999999999999 10.849 11.548 0.001 11.545 11.448 0 11.447
0.024 0.004 0.028 0.03 0 0.03 11.152 0.005 11.155 11.713 0.002 11.713 12.088 0 12.085
0.027 0.001 0.029 0.034 0 0.033 11.337 0.006 11.34 12.072 0.001 12.07 12.029 0 12.028
0.028 0 0.027 0.029 0 0.03 10.335 0.006 10.338 11.028 0 11.026 10.952 0 10.948
0.026 0.003 0.029 0.034 0.001 0.035 11.346 0.012 11.355 12.093 0 12.092 12.057 0 12.053
0.025 0.003 0.027 0.031 0 0.031 10.878 0.004 10.88 11.766 0 11.764 11.665 0 11.662
0.026 0.003 0.029 0.033 0 0.034 11.126 0.009 11.131 11.752 0 11.749 11.674 0 11.672
0.028 0.001 0.028 0.032 0.00199999999999999 0.034 10.889 0.009 10.896 11.508 0 11.505 11.265 0 11.263
0.028 0.001 0.029 0.035 0 0.035 11.394 0.016 11.408 12.195 0 12.192 12.106 0 12.104
0.028 0.001 0.028 0.034 0 0.035 11.237 0.012 11.246 11.973 0.001 11.971 11.904 0 11.902
0.026 0.00199999999999999 0.029 0.034 0 0.033 10.709 0.009 10.715 11.454 0.002 11.455 11.506 0 11.503
0.028 0.001 0.03 0.034 0 0.034 11.091 0.005 11.093 11.709 0.001 11.708 11.65 0 11.647
0.025 0.004 0.029 0.033 0.001 0.034 11.158 0.012 11.168 11.944 0 11.941 11.857 0 11.854
0.027 0.002 0.029 0.034 0 0.033 11.112 0.01 11.12 11.913 0.003 11.914 11.852 0 11.85
0.026 0.003 0.029 0.034 0 0.034 11.053 0.007 11.057 11.818 0 11.816 11.713 0 11.711
0.026 0.003 0.029 0.032 0.002 0.034 10.995 0.005 10.997 11.674 0 11.672 11.639 0 11.637
0.028 0.000999999999999994 0.029 0.033 0.001 0.034 10.915 0.014 10.926 11.987 0.000999999999999994 11.987 11.698 0 11.696
0.027 0.001 0.028 0.034 0 0.034 11.148 0.008 11.153 11.852 0.001 11.85 11.775 0 11.773
0.025 0.002 0.027 0.03 0 0.031 11.04 0.015 11.052 11.731 0 11.729 11.684 0 11.681
0.028 0 0.029 0.034 0 0.034 11.03 0.007 11.033 11.736 0.002 11.736 11.69 0 11.688
0.026 0.003 0.029 0.033 0.001 0.034 11.25 0.008 11.255 12.054 0 12.051 12.036 0 12.034
0.026 0.003 0.029 0.033 0.001 0.034 11.268 0.009 11.274 12.026 0 12.023 11.978 0 11.976
0.029 0 0.028 0.032 0.001 0.034 10.854 0.007 10.858 11.926 0 11.923 11.418 0 11.422
0.027 0.002 0.029 0.033 0 0.034 11.668 0.009 11.674 12.371 0 12.368 12.34 0 12.337
0.025 0.003 0.028 0.034 0 0.035 11.119 0.007 11.123 11.872 0 11.869 11.864 0 11.863
0.026 0.000999999999999994 0.027 0.03 0 0.03 11.061 0.01 11.067 11.597 0 11.596 11.903 0 11.901
0.028 0.001 0.029 0.034 0 0.034 11.055 0.01 11.061 11.871 0 11.87 11.819 0 11.816
0.027 0.001 0.029 0.034 0 0.033 11.733 0.006 11.736 12.387 0 12.385 12.33 0 12.328
0.027 0.002 0.028 0.034 0 0.034 11.685 0.007 11.689 12.402 0.001 12.401 12.303 0 12.299
0.024 0.004 0.028 0.034 0 0.034 11.141 0.008 11.146 11.937 0.00199999999999999 11.936 11.852 0 11.85
0.026 0.002 0.029 0.035 0 0.033 10.898 0.01 10.906 11.829 0.001 11.828 11.64 0 11.638
0.026 0 0.026 0.031 0 0.031 10.874 0.005 10.876 11.346 0.001 11.344 11.658 0 11.656
0.026 0.003 0.029 0.035 0 0.035 11.212 0.006 11.215 11.956 0 11.953 11.908 0 11.906
0.027 0.002 0.028 0.033 0 0.034 11.309 0.012 11.318 12.031 0 12.028 11.991 0 11.989
0.028 0.000999999999999994 0.029 0.034 0 0.034 11.363 0.00700000000000001 11.367 12.138 0 12.136 12.06 0 12.057
0.026 0.001 0.027 0.031 0 0.03 11.615 0.00600000000000001 11.618 12.3 0.000999999999999994 12.299 12.21 0 12.207
0.024 0.005 0.033 0.034 0 0.034 10.974 0.007 10.977 11.66 0.001 11.66 11.553 0 11.55
0.027 0.001 0.029 0.034 0 0.034 10.874 0.01 10.881 11.518 0 11.516 11.528 0 11.525
0.027 0.00199999999999999 0.029 0.034 0 0.034 11.52 0.008 11.525 12.221 0 12.218 11.958 0 11.956
0.029 0 0.029 0.033 0 0.033 11.486 0.008 11.491 12.058 0.001 12.056 12.092 0 12.09
0.027 0.00199999999999999 0.029 0.033 0 0.034 11.218 0.009 11.224 11.967 0 11.964 11.875 0 11.874
0.026 0.003 0.029 0.034 0 0.034 11.198 0.004 11.199 11.984 0 11.982 11.95 0 11.948
0.026 0.003 0.029 0.034 0 0.035 11.066 0.012 11.074 11.846 0 11.845 11.773 0 11.77
0.027 0.002 0.029 0.034 0 0.034 11.242 0.013 11.252 12.01 0.001 12.009 11.937 0 11.936
0.028 0.000999999999999994 0.028 0.033 0 0.034 10.662 0.011 10.669 11.753 0 11.752 11.383 0 11.38
0.026 0.002 0.029 0.034 0 0.033 11.054 0.009 11.06 11.803 0 11.801 11.756 0 11.755
0.025 0.003 0.029 0.034 0 0.033 11.058 0.01 11.065 11.813 0 11.811 11.74 0 11.738
0.027 0.002 0.029 0.034 0 0.034 11.092 0.007 11.096 11.912 0 11.909 11.867 0 11.865
0.028 0.001 0.028 0.033 0 0.034 10.861 0.006 10.864 11.804 0 11.802 11.586 0 11.584
0.027 0 0.027 0.03 0 0.03 11.024 0.007 11.027 11.547 0.002 11.547 11.872 0 11.871
0.029 0 0.029 0.034 0 0.034 11.294 0.011 11.302 12.012 0.001 12.011 11.952 0 11.949
0.026 0.002 0.028 0.034 0 0.034 11.152 0.006 11.154 11.905 0 11.903 11.846 0 11.844
0.027 0.001 0.029 0.035 0 0.034 11.081 0.00799999999999999 11.087 11.933 0.001 11.932 11.804 0 11.802
0.024 0.00199999999999999 0.027 0.03 0 0.03 10.889 0.012 10.897 11.766 0 11.764 11.699 0 11.696
0.023 0.004 0.027 0.03 0 0.03 10.306 0.007 10.31 11.782 0 11.78 11.741 0 11.738
0.027 0.003 0.03 0.033 0 0.033 12.321 0.00799999999999999 12.325 13.034 0 13.031 12.774 0 12.772
0.027 0.001 0.029 0.031 0.003 0.034 11.071 0.009 11.077 11.775 0 11.772 11.74 0 11.738
0.027 0.001 0.027 0.029 0 0.03 10.855 0.005 10.856 11.495 0.002 11.495 11.446 0 11.445
0.028 0 0.027 0.03 0 0.03 10.938 0.009 10.944 11.677 0 11.675 11.71 0 11.708
0.028 0 0.028 0.034 0 0.034 10.716 0.007 10.72 11.477 0.001 11.476 11.436 0 11.433
0.027 0.001 0.029 0.034 0 0.034 11.03 0.01 11.037 11.796 0 11.792 11.729 0 11.727
0.031 0 0.031 0.037 0 0.038 11.135 0.015 11.147 11.883 0.002 11.882 11.788 0 11.787
0.025 0.003 0.028 0.031 0 0.031 10.989 0.007 10.993 11.566 0.001 11.565 11.514 0 11.512
0.03 0.000999999999999994 0.031 0.032 0 0.032 12.225 0.011 12.232 13.027 0 13.024 12.961 0 12.959
0.027 0.002 0.029 0.034 0 0.034 11.144 0.011 11.158 11.908 0.004 11.917 11.844 0.004 11.85
0.026 0.001 0.027 0.03 0 0.03 10.74 0.006 10.743 11.703 0 11.701 11.544 0 11.542
0.027 0.001 0.028 0.034 0 0.034 10.985 0.00799999999999999 10.991 11.755 0 11.753 10.908 0 10.906
0.028 0 0.029 0.029 0 0.029 12.178 0.005 12.179 12.911 0 12.908 12.849 0 12.847
0.027 0.000999999999999994 0.029 0.035 0 0.035 11.151 0.007 11.155 11.887 0.001 11.885 11.814 0 11.811
0.026 0.003 0.029 0.034 0 0.034 11.206 0.011 11.214 12.385 0 12.382 11.956 0 11.954
0.026 0.00199999999999999 0.029 0.034 0 0.034 11.117 0.00700000000000001 11.121 11.562 0 11.56 11.706 0 11.704
0.025 0.00199999999999999 0.027 0.03 0 0.03 10.359 0.013 10.369 11.08 0 11.078 11.029 0 11.026
0.026 0.002 0.028 0.035 0 0.034 11.351 0.006 11.355 12.055 0 12.054 12.015 0 12.011
0.025 0.003 0.028 0.032 0.002 0.034 11.038 0.008 11.043 11.68 0 11.678 11.636 0 11.634
0.026 0.003 0.029 0.034 0 0.034 11.436 0.009 11.441 12.182 0.00199999999999999 12.181 12.07 0 12.068
0.026 0.001 0.027 0.03 0 0.03 10.821 0.01 10.828 11.615 0 11.613 11.61 0 11.608
0.026 0.001 0.027 0.029 0.001 0.031 10.936 0.007 10.939 11.72 0 11.717 11.699 0 11.697
0.029 0.000999999999999994 0.03 0.033 0 0.034 11.126 0.00600000000000001 11.136 11.789 0.005 11.794 11.749 0.002 11.756
0.027 0.002 0.028 0.034 0 0.034 11.327 0.004 11.328 12.06 0 12.058 11.994 0 11.992
0.029 0 0.029 0.034 0 0.034 11.033 0.012 11.042 11.667 0 11.665 11.681 0 11.679
0.029 0 0.029 0.033 0 0.033 10.984 0.01 10.991 11.809 0.001 11.808 11.727 0 11.725
0.028 0 0.028 0.034 0 0.034 10.94 0.012 10.949 11.709 0.003 11.71 11.608 0 11.607
0.028 0.001 0.029 0.034 0 0.034 11.196 0.008 11.201 11.902 0 11.9 11.884 0 11.882
0.025 0.003 0.028 0.034 0 0.034 10.749 0.007 10.754 11.499 0 11.496 11.419 0 11.418
0.026 0.003 0.029 0.034 0 0.033 11.051 0.004 11.053 11.813 0 11.812 11.741 0 11.74
0.028 0.002 0.029 0.033 0 0.034 11.197 0.011 11.205 11.959 0.001 11.956 11.91 0 11.909
0.025 0.003 0.029 0.035 0 0.034 10.714 0.008 10.72 11.871 0 11.868 11.425 0 11.423
0.029 0 0.029 0.034 0 0.034 11.093 0.012 11.102 11.796 0 11.794 11.726 0 11.724
0.025 0.00199999999999999 0.027 0.029 0 0.029 10.452 0.01 10.458 11.147 0 11.145 11.087 0 11.085
0.027 0.001 0.029 0.034 0 0.034 11.049 0.014 11.059 11.833 0 11.831 11.794 0 11.791
0.028 0.001 0.029 0.034 0 0.034 11.078 0.008 11.084 11.83 0 11.826 11.784 0 11.782
0.029 0 0.029 0.029 0 0.029 12.374 0.009 12.379 12.613 0.001 12.612 12.932 0 12.929
0.029 0.001 0.032 0.033 0.001 0.035 10.935 0.005 10.936 11.62 0.001 11.62 11.44 0 11.438
0.027 0.003 0.029 0.034 0 0.034 11.031 0.017 11.045 11.801 0 11.798 11.746 0 11.744
0.027 0.002 0.029 0.034 0 0.034 11.079 0.011 11.087 11.86 0 11.858 11.806 0 11.803
0.028 0 0.028 0.035 0 0.035 11.213 0.012 11.222 11.981 0 11.979 11.894 0 11.891
0.026 0.003 0.029 0.034 0 0.034 11.268 0.00700000000000001 11.273 11.992 0.001 11.99 11.953 0 11.951
0.026 0.002 0.028 0.034 0 0.034 11.02 0.007 11.024 11.734 0.002 11.734 11.568 0 11.566
0.028 0 0.029 0.034 0 0.034 11.043 0.011 11.052 11.832 0 11.829 11.746 0 11.744
0.027 0.002 0.029 0.034 0 0.034 10.941 0.008 10.946 11.712 0 11.71 11.59 0 11.588
0.027 0.00199999999999999 0.029 0.034 0 0.034 10.958 0.011 10.966 11.69 0 11.689 11.647 0 11.643
0.027 0.002 0.029 0.035 0 0.035 11.08 0.006 11.083 11.851 0 11.849 11.777 0.002 11.776
0.029 0.001 0.03 0.035 0 0.035 11.147 0.008 11.152 11.951 0 11.949 11.869 0 11.867
0.024 0.003 0.027 0.03 0.001 0.03 11.079 0.037 11.121 11.517 0.00899999999999999 11.527 11.848 0.00900000000000001 11.862
0.027 0.002 0.029 0.034 0 0.034 11.671 0.005 11.673 12.475 0 12.473 12.356 0 12.352
0.026 0.003 0.028 0.034 0 0.034 11.247 0.00700000000000001 11.251 11.881 0 11.878 11.79 0 11.789
0.027 0 0.027 0.03 0 0.03 10.96 0.007 10.965 11.547 0 11.546 11.835 0 11.831
0.028 0.001 0.029 0.033 0.001 0.034 11.117 0.011 11.125 11.647 0 11.645 11.603 0 11.601
0.027 0.00199999999999999 0.029 0.032 0.001 0.034 10.921 0.007 10.925 11.63 0 11.627 11.584 0 11.583
0.028 0 0.028 0.034 0 0.034 11.163 0.011 11.171 11.909 0 11.907 11.848 0 11.845
0.027 0.001 0.028 0.034 0 0.035 11.14 0.007 11.144 11.95 0.001 11.948 11.878 0 11.876
0.026 0.003 0.029 0.034 0 0.034 11.053 0.016 11.066 11.835 0 11.833 11.743 0 11.742
0.023 0.004 0.027 0.03 0 0.03 10.869 0.013 10.879 11.672 0 11.67 11.677 0 11.675
0.027 0.001 0.028 0.031 0 0.031 10.977 0.00899999999999999 10.983 11.713 0.002 11.712 11.639 0 11.636
0.029 0.002 0.032 0.033 0 0.032 12.249 0.007 12.253 12.661 0 12.658 12.89 0 12.888
0.028 0.001 0.028 0.034 0 0.034 11.249 0.009 11.255 11.943 0.00199999999999999 11.943 11.914 0 11.912
0.026 0.003 0.029 0.034 0 0.034 11.249 0.01 11.256 12.026 0.001 12.025 11.919 0 11.916
0.028 0.000999999999999994 0.029 0.033 0.001 0.034 10.866 0.00700000000000001 10.87 11.64 0 11.638 11.592 0 11.591
0.028 0.001 0.028 0.035 0 0.035 11.136 0.011 11.144 11.897 0 11.896 11.845 0.001 11.843
0.028 0.001 0.029 0.034 0 0.033 11.05 0.006 11.054 11.799 0 11.796 11.743 0.001 11.742
0.025 0.002 0.027 0.03 0 0.03 11.009 0.006 11.013 11.48 0.001 11.479 11.809 0.001 11.807
0.026 0.00199999999999999 0.029 0.033 0.001 0.033 10.766 0.011 10.774 11.844 0 11.842 11.466 0 11.463
0.029 0 0.029 0.034 0 0.034 10.983 0.006 10.987 11.726 0 11.724 11.655 0 11.653
0.027 0.002 0.029 0.035 0 0.035 11.109 0.009 11.115 11.833 0.001 11.832 11.785 0 11.783
0.027 0.001 0.029 0.035 0 0.034 11.218 0.012 11.227 12.001 0.001 12 11.893 0.001 11.892
0.028 0.001 0.029 0.034 0 0.034 11.035 0.006 11.038 11.812 0 11.81 11.752 0.001 11.75
0.027 0 0.026 0.03 0 0.031 11.015 0.011 11.023 11.845 0.001 11.843 11.776 0 11.773
0.027 0.001 0.028 0.035 0 0.034 10.964 0.013 10.974 11.723 0 11.721 11.627 0 11.624
0.027 0 0.027 0.029 0.001 0.031 10.888 0.011 10.896 11.602 0 11.599 11.676 0 11.674
0.027 0.002 0.029 0.034 0 0.033 11.323 0.014 11.334 12.027 0 12.024 11.985 0 11.983
0.029 0 0.029 0.034 0 0.034 11.055 0.008 11.06 11.717 0.002 11.717 11.674 0 11.672
0.025 0.003 0.029 0.035 0 0.034 11.21 0.01 11.218 11.931 0 11.928 11.828 0 11.826
0.027 0.002 0.029 0.034 0 0.034 10.899 0.007 10.903 11.671 0 11.669 11.617 0 11.614
0.026 0.001 0.027 0.031 0 0.031 11.076 0.01 11.083 11.838 0 11.836 11.754 0 11.752
0.029 0 0.029 0.034 0 0.034 11.268 0.009 11.274 11.991 0.002 11.99 11.889 0 11.887
0.026 0.001 0.027 0.031 0 0.03 10.765 0.008 10.771 11.703 0.002 11.703 11.577 0 11.575
0.027 0.002 0.028 0.033 0 0.034 10.694 0.009 10.701 11.795 0 11.791 11.399 0 11.398
0.027 0.002 0.029 0.034 0 0.034 11.04 0.011 11.048 11.769 0 11.767 11.697 0 11.695
0.027 0.002 0.03 0.034 0 0.033 11.226 0.015 11.243 11.968 0.002 11.973 11.909 0.026 11.943
0.027 0.002 0.029 0.034 0.001 0.034 11.119 0.011 11.127 11.901 0 11.899 11.844 0 11.841
0.026 0.002 0.028 0.034 0 0.035 11.235 0.011 11.243 12.016 0 12.014 11.937 0 11.933
0.026 0.001 0.027 0.03 0 0.03 11.181 0.017 11.195 11.881 0 11.878 11.805 0 11.804
0.028 0.001 0.03 0.038 0 0.038 10.92 0.009 10.925 11.633 0 11.632 11.541 0 11.539
0.029 0 0.031 0.035 0 0.034 10.904 0.011 10.912 11.697 0.001 11.695 11.661 0 11.66
0.024 0.003 0.027 0.03 0 0.03 11.154 0.012 11.163 11.961 0.002 11.961 11.92 0 11.917
0.028 0 0.029 0.034 0 0.033 11.074 0.01 11.081 11.834 0 11.832 11.802 0 11.799
0.029 0.00199999999999999 0.032 0.033 0 0.033 12.307 0.012 12.315 12.643 0.001 12.642 12.596 0 12.593
0.027 0.001 0.029 0.034 0 0.033 11.143 0.005 11.145 11.916 0 11.914 11.876 0 11.874
0.028 0.001 0.029 0.034 0 0.033 11.616 0.01 11.623 12.061 0.002 12.061 12.299 0 12.296
0.028 0.001 0.029 0.033 0 0.034 11.325 0.006 11.327 12.071 0.001 12.071 12.013 0 12.01
0.028 0.001 0.029 0.034 0 0.034 10.851 0.008 10.856 11.615 0 11.612 11.57 0 11.569
0.027 0.002 0.029 0.034 0 0.034 10.979 0.009 10.985 11.685 0 11.682 11.609 0 11.607
0.028 0.001 0.029 0.034 0 0.034 11.178 0.01 11.191 11.707 0 11.709 11.504 0 11.509
0.028 0.004 0.033 0.035 0.001 0.036 13.489 0.004 13.49 14.309 0.00199999999999999 14.308 14.225 0 14.222
0.025 0.004 0.029 0.034 0 0.034 11.276 0.00899999999999999 11.283 12.005 0 12.003 11.945 0 11.942
0.027 0.001 0.028 0.035 0 0.035 11.058 0.004 11.059 11.65 0 11.648 11.569 0 11.568
0.027 0.001 0.029 0.035 0 0.034 11.082 0.008 11.088 11.812 0 11.809 11.695 0 11.693
0.026 0.003 0.029 0.033 0 0.033 11.387 0.008 11.392 12.16 0.001 12.159 12.082 0 12.08
0.027 0.002 0.028 0.033 0 0.034 11.116 0.007 11.12 11.507 0 11.504 11.716 0 11.715
0.028 0 0.029 0.034 0 0.033 10.701 0.009 10.707 11.851 0 11.849 11.387 0 11.386
0.025 0.003 0.029 0.031 0 0.031 10.935 0.011 10.943 11.687 0 11.684 11.616 0 11.614
0.028 0.001 0.029 0.034 0 0.034 11.171 0.012 11.18 11.912 0 11.911 11.878 0 11.875
0.027 0.002 0.029 0.033 0 0.034 11.003 0.029 11.037 11.711 0.00399999999999999 11.715 11.691 0.002 11.701
0.026 0.002 0.028 0.035 0 0.035 11.274 0.006 11.276 11.999 0 11.997 11.907 0 11.905
0.027 0.002 0.029 0.033 0.001 0.034 11.119 0.011 11.126 11.865 0.001 11.864 11.865 0 11.862
0.028 0.002 0.03 0.038 0 0.038 11.842 0.01 11.85 12.055 0 12.052 11.196 0 11.193
0.024 0.003 0.028 0.03 0 0.03 11.03 0.01 11.037 11.883 0 11.88 11.814 0 11.812
0.029 0.001 0.03 0.037 0 0.038 11.231 0.013 11.241 11.629 0.003 11.63 11.919 0 11.917
0.028 0.001 0.029 0.033 0 0.033 11.398 0.013 11.408 12.301 0 12.297 12.212 0 12.21
0.025 0.004 0.029 0.029 0 0.029 11.929 0.013 11.939 12.652 0 12.649 12.968 0 12.965
0.029 0 0.029 0.033 0 0.033 11.595 0.009 11.601 12.288 0 12.285 12.199 0 12.197
0.028 0.001 0.028 0.034 0 0.034 10.992 0.011 11.002 11.744 0 11.741 11.644 0 11.642
0.025 0.004 0.028 0.033 0.001 0.034 10.858 0.011 10.866 11.641 0 11.64 11.586 0 11.583
0.024 0.003 0.027 0.03 0 0.03 11.23 0.01 11.237 11.983 0 11.981 11.904 0 11.901
0.028 0.001 0.029 0.034 0 0.034 10.922 0.005 10.924 11.647 0.001 11.645 11.561 0 11.559
0.029 0 0.029 0.034 0.001 0.034 11.566 0.009 11.579 12.19 0.006 12.2 12.105 0.026 12.134
0.024 0.003 0.027 0.03 0 0.029 10.428 0.005 10.43 11.151 0 11.15 11.08 0 11.078
0.024 0.005 0.028 0.033 0 0.034 11.108 0.01 11.113 11.864 0 11.862 11.775 0 11.772
