0.047 0 0.046 0.011 0 0.012 8.859 0.005 8.861 9.973 0 9.971 9.894 0 9.892
0.054 0 0.053 0.011 0 0.012 9.097 0.007 9.102 9.52 0 9.517 8.878 0 8.877
0.052 0 0.053 0.011 0 0.011 9.129 0.01 9.135 9.452 0 9.45 9.389 0 9.388
0.052 0.000999999999999994 0.053 0.012 0 0.012 9.51 0.015 9.523 9.954 0 9.951 9.787 0 9.785
0.045 0.001 0.046 0.011 0 0.011 8.864 0.01 8.872 9.579 0 9.576 9.514 0 9.513
0.054 0.001 0.055 0.011 0 0.012 8.962 0.011 8.97 9.416 0 9.414 9.348 0 9.347
0.052 0 0.053 0.012 0 0.012 9.498 0.011 9.506 9.997 0 9.996 9.424 0 9.421
0.052 0 0.052 0.011 0 0.011 8.848 0.01 8.854 9.257 0 9.255 9.17 0 9.17
0.054 0 0.054 0.01 0.001 0.011 9.192 0.006 9.196 9.569 0 9.566 9.479 0 9.478
0.045 0.002 0.048 0.011 0 0.011 9.439 0.01 9.446 9.917 0.001 9.916 9.896 0 9.893
0.052 0.002 0.054 0.012 0 0.011 9.561 0.013 9.572 9.696 0.001 9.695 9.898 0 9.896
0.054 0.000999999999999994 0.056 0.012 0 0.011 8.95 0.009 8.958 9.453 0 9.45 9.327 0 9.326
0.048 0 0.048 0.011 0.002 0.013 9.434 0.005 9.436 10.791 0 10.789 10.752 0 10.749
0.054 0 0.054 0.01 0.001 0.011 9.085 0.01 9.093 9.498 0 9.495 9.05 0 9.048
0.053 0 0.052 0.01 0.001 0.012 9.515 0.012 9.524 9.959 0 9.956 9.867 0 9.866
0.056 0 0.055 0.014 0 0.014 10.271 0.00899999999999999 10.277 10.776 0 10.775 10.487 0 10.484
0.054 0 0.054 0.012 0 0.011 9.418 0.01 9.427 9.612 0.001 9.61 9.697 0 9.695
0.052 0.002 0.054 0.011 0.001 0.011 9.464 0.008 9.469 9.974 0 9.971 9.766 0 9.765
0.054 0.001 0.055 0.011 0 0.011 9.499 0.007 9.505 10.024 0.001 10.023 9.861 0 9.858
0.05 0.004 0.055 0.011 0.001 0.011 9.089 0.01 9.097 9.481 0 9.479 9.459 0 9.458
0.055 0 0.055 0.01 0.001 0.011 9.219 0.00899999999999999 9.226 9.941 0 9.938 9.546 0 9.545
0.047 0.001 0.173 0.00900000000000001 0.002 0.012 9.276 0.007 9.28 10.03 0 10.027 9.641 0 9.639
0.054 0.001 0.055 0.011 0.000999999999999994 0.012 9.071 0.011 9.079 9.522 0 9.52 9.462 0 9.461
0.055 0 0.055 0.00800000000000001 0.003 0.012 9.359 0.004 9.361 9.793 0 9.789 9.689 0 9.687
0.053 0 0.053 0.01 0.001 0.011 8.989 0.015 9.001 9.41 0 9.408 9.379 0 9.378
0.045 0.000999999999999994 0.045 0.00799999999999998 0.003 0.011 8.556 0.012 8.567 9.498 0 9.494 9.509 0 9.509
0.053 0 0.054 0.01 0.00199999999999999 0.011 8.935 0.009 8.942 9.33 0 9.327 8.758 0 8.758
0.054 0.001 0.056 0.012 0 0.011 8.871 0.013 8.883 9.354 0 9.351 9.244 0 9.243
0.054 0.000999999999999997 0.055 0.012 0.002 0.014 10.39 0.006 10.393 10.866 0 10.864 10.4 0 10.397
0.057 0 0.057 0.013 0.001 0.014 10.181 0.006 10.184 10.652 0 10.65 10.593 0 10.59
0.052 0.00199999999999999 0.054 0.012 0 0.012 8.894 0.01 8.902 9.395 0.002 9.4 9.037 0 9.041
0.053 0 0.053 0.011 0 0.012 9.149 0.017 9.163 9.546 0 9.543 9.495 0 9.493
0.053 0.001 0.054 0.011 0.001 0.011 9.479 0.008 9.486 9.949 0 9.946 9.844 0 9.842
0.054 0 0.054 0.011 0 0.011 9.334 0.011 9.342 9.804 0 9.802 9.663 0 9.661
0.051 0 0.051 0.01 0.001 0.011 9.41 0.007 9.415 9.849 0 9.847 9.709 0 9.707
0.055 0 0.055 0.013 0.001 0.015 10.362 0.003 10.363 10.641 0 10.638 10.718 0 10.716
0.053 0 0.053 0.011 0 0.011 8.734 0.009 8.743 9.091 0.001 9.091 9.05 0.004 9.056
0.049 0 0.049 0.012 0.001 0.014 10.377 0.003 10.376 10.524 0 10.522 10.945 0 10.941
0.048 0 0.047 0.011 0 0.011 9.019 0.008 9.024 9.374 0.000999999999999994 9.373 9.297 0 9.295
0.054 0 0.053 0.01 0.001 0.012 9.455 0.008 9.459 9.813 0 9.811 9.788 0 9.785
0.053 0.001 0.054 0.012 0 0.012 9.089 0.012 9.099 9.518 0 9.516 9.441 0 9.439
0.054 0 0.054 0.01 0.001 0.011 9.42 0.00899999999999999 9.425 9.833 0 9.832 9.813 0 9.811
0.046 0.001 0.048 0.01 0.001 0.011 8.896 0.012 8.906 9.294 0 9.292 9.186 0 9.183
0.046 0.001 0.047 0.012 0.000999999999999997 0.014 9.495 0.004 9.497 9.884 0 9.882 9.796 0 9.793
0.051 0.003 0.055 0.01 0.002 0.011 9.149 0.008 9.156 9.528 0 9.525 9.498 0 9.496
0.048 0 0.048 0.013 0.000999999999999994 0.014 10.194 0.005 10.196 10.626 0.001 10.624 10.617 0 10.614
0.053 0.001 0.054 0.011 0.001 0.011 8.832 0.009 8.839 9.21 0 9.208 9.148 0 9.147
0.055 0 0.054 0.01 0.001 0.011 8.886 0.012 8.896 9.121 0 9.119 9.265 0 9.262
0.054 0 0.055 0.011 0.001 0.011 9.413 0.008 9.418 9.867 0 9.865 9.772 0 9.77
0.054 0.002 0.056 0.012 0.002 0.015 10.373 0.006 10.376 10.842 0.004 10.844 10.819 0 10.815
0.046 0 0.045 0.011 0 0.012 9.134 0.00199999999999999 9.133 9.942 0 9.94 9.888 0 9.886
0.053 0 0.053 0.01 0.001 0.011 9.126 0.008 9.132 9.559 0.001 9.557 9.264 0 9.263
0.045 0.001 0.047 0.011 0 0.011 8.892 0.011 8.901 9.163 0.000999999999999994 9.162 9.08 0 9.079
0.052 0.003 0.054 0.014 0 0.014 10.131 0.005 10.133 10.565 0 10.563 10.505 0 10.502
0.055 0 0.055 0.013 0.001 0.014 9.924 0.002 9.924 10.88 0 10.878 10.279 0 10.277
0.053 0 0.053 0.01 0.001 0.011 8.814 0.005 8.817 9.35 0 9.347 9.253 0 9.251
0.051 0.00199999999999999 0.053 0.011 0.001 0.011 9.555 0.009 9.562 9.914 0 9.911 9.913 0 9.911
0.054 0 0.055 0.012 0 0.011 9.554 0.01 9.562 9.953 0 9.958 9.637 0 9.641
0.055 0.000999999999999994 0.056 0.014 0 0.014 10.17 0.008 10.175 10.607 0.003 10.608 10.588 0 10.585
0.053 0.001 0.054 0.012 0 0.012 9.176 0.008 9.181 9.993 0 9.99 9.523 0 9.522
0.046 0 0.046 0.00999999999999998 0.001 0.011 8.361 0.009 8.369 8.793 0 8.789 8.724 0 8.722
0.046 0.002 0.047 0.011 0 0.012 9.491 0.008 9.496 9.901 0 9.899 9.829 0 9.827
0.053 0 0.054 0.00900000000000001 0.003 0.011 9.316 0.016 9.332 9.698 0 9.7 9.636 0.003 9.639
0.045 0.001 0.047 0.00999999999999998 0.001 0.011 8.754 0.013 8.764 9.425 0 9.422 9.03 0 9.029
0.054 0.001 0.054 0.01 0.001 0.012 9.351 0.007 9.356 9.751 0 9.748 9.73 0 9.728
0.053 0.001 0.054 0.012 0 0.011 9.484 0.008 9.49 9.912 0.001 9.91 9.842 0 9.841
0.055 0 0.055 0.011 0 0.011 9.093 0.007 9.104 9.348 0.001 9.353 9.174 0 9.178
0.055 0 0.055 0.013 0.001 0.014 10.345 0.004 10.346 10.825 0 10.823 10.329 0 10.328
0.045 0.001 0.047 0.011 0 0.01 8.378 0.011 8.387 8.723 0.001 8.722 8.745 0 8.743
0.051 0.002 0.053 0.012 0 0.011 9.233 0.009 9.241 9.701 0 9.698 9.639 0 9.637
0.053 0.001 0.054 0.011 0 0.011 9.128 0.009 9.136 9.266 0 9.262 9.515 0 9.515
0.053 0.000999999999999994 0.054 0.012 0 0.011 9.035 0.007 9.04 9.427 0.001 9.426 9.354 0 9.352
0.044 0.003 0.047 0.00899999999999998 0.002 0.011 9.453 0.004 9.454 9.9 0 9.898 9.899 0 9.897
0.053 0.001 0.055 0.012 0 0.011 9.16 0.012 9.17 9.574 0 9.572 9.494 0 9.492
0.055 0.001 0.056 0.013 0.001 0.014 10.194 0.004 10.195 10.655 0.001 10.654 10.614 0 10.611
0.048 0 0.047 0.01 0.001 0.011 9.012 0.007 9.017 9.42 0.000999999999999994 9.419 9.324 0 9.322
0.055 0 0.055 0.011 0 0.011 9.711 0.004 9.713 10.093 0 10.091 9.971 0 9.968
0.054 0.001 0.055 0.011 0 0.011 9.105 0.009 9.112 9.559 0 9.556 9.444 0 9.442
0.053 0 0.053 0.011 0 0.011 8.51 0.011 8.519 8.649 0 8.652 8.407 0 8.41
0.047 0.002 0.049 0.014 0 0.014 10.221 0.006 10.225 10.629 0.001 10.628 10.615 0 10.612
0.053 0.002 0.055 0.013 0.001 0.014 10.16 0.006 10.163 10.7 0.001 10.699 10.543 0 10.54
0.045 0.001 0.046 0.00899999999999998 0.002 0.011 8.592 0.006 8.597 9.577 0 9.575 9.555 0 9.553
0.053 0.000999999999999994 0.053 0.01 0.001 0.011 9.475 0.00600000000000001 9.48 9.793 0 9.789 9.032 0 9.032
0.054 0 0.054 0.012 0 0.012 9.515 0.004 9.516 9.771 0.001 9.769 9.703 0 9.702
0.052 0.001 0.054 0.011 0.000999999999999994 0.011 9.171 0.004 9.173 9.574 0 9.572 9.524 0 9.522
0.053 0.001 0.054 0.00900000000000001 0.003 0.011 8.899 0.00600000000000001 8.903 9.408 0.001 9.406 9.272 0 9.271
0.054 0 0.054 0.011 0 0.011 9.571 0.006 9.574 9.728 0 9.726 9.961 0 9.959
0.055 0 0.055 0.012 0.001 0.014 10.084 0.006 10.086 10.606 0 10.605 10.545 0 10.542
0.052 0.001 0.054 0.011 0.000999999999999994 0.012 9.419 0.011 9.428 9.963 0 9.96 9.853 0 9.851
0.054 0 0.054 0.011 0 0.011 9.108 0.003 9.109 9.518 0 9.515 9.441 0 9.441
0.054 0.001 0.055 0.011 0.001 0.011 8.933 0.01 8.942 9.283 0.000999999999999994 9.28 9.37 0 9.369
0.055 0.001 0.055 0.013 0.001 0.014 10.237 0.005 10.24 10.748 0.001 10.747 10.656 0 10.653
0.046 0 0.046 0.011 0 0.011 8.945 0.01 8.953 9.294 0 9.292 9.173 0 9.171
0.055 0.001 0.057 0.014 0 0.014 10.101 0.008 10.106 10.57 0 10.57 10.563 0 10.56
0.049 0 0.049 0.013 0 0.014 10.197 0.003 10.196 10.722 0 10.721 10.708 0 10.704
0.052 0.001 0.053 0.01 0.002 0.011 8.757 0.011 8.767 9.294 0 9.291 9.125 0 9.124
0.055 0 0.055 0.00900000000000001 0.002 0.012 8.851 0.00899999999999999 8.857 9.392 0 9.389 9.321 0 9.321
0.051 0.003 0.054 0.011 0.001 0.011 8.798 0.01 8.807 9.338 0 9.335 9.206 0 9.204
0.046 0.001 0.046 0.011 0 0.011 8.536 0.005 8.539 9.432 0 9.43 9.411 0 9.409
0.055 0 0.055 0.014 0 0.014 10.345 0.005 10.347 10.51 0 10.508 9.891 0 9.889
0.054 0.001 0.054 0.01 0.001 0.011 9.1 0.007 9.105 9.527 0 9.525 9.476 0 9.474
0.052 0.001 0.053 0.011 0.001 0.012 9.432 0.009 9.439 9.935 0 9.932 9.763 0 9.762
0.052 0.002 0.054 0.01 0.001 0.011 9.285 0.007 9.29 9.866 0 9.863 9.682 0 9.681
0.055 0 0.054 0.011 0 0.012 8.893 0.01 8.901 9.329 0 9.327 9.182 0 9.18
0.053 0 0.054 0.00900000000000001 0.003 0.011 8.794 0.013 8.813 9.317 0.003 9.322 9.216 0.003 9.219
0.055 0.001 0.056 0.01 0.00199999999999999 0.012 9.63 0.011 9.638 9.682 0 9.68 9.956 0 9.954
0.055 0 0.054 0.013 0.001 0.014 10.166 0.006 10.169 10.617 0 10.615 10.575 0 10.573
0.053 0.002 0.056 0.012 0.002 0.014 10.337 0.003 10.336 10.781 0 10.78 10.789 0 10.784
0.052 0.002 0.054 0.012 0 0.011 9.377 0.007 9.382 9.769 0.001 9.768 9.661 0 9.66
0.053 0.000999999999999997 0.054 0.011 0 0.011 9.011 0.012 9.02 9.085 0 9.083 9.186 0 9.184
0.048 0 0.047 0.00900000000000001 0.002 0.011 9.443 0.005 9.446 9.916 0 9.913 9.791 0 9.791
0.053 0.000999999999999994 0.054 0.01 0.001 0.011 9.106 0.01 9.114 9.539 0 9.537 9.396 0 9.394
0.046 0.000999999999999994 0.048 0.012 0.001 0.012 9.35 0.004 9.352 10.706 0 10.705 10.661 0 10.658
0.053 0 0.054 0.012 0 0.011 9.116 0.00899999999999999 9.124 9.407 0 9.404 8.973 0 8.971
0.055 0 0.055 0.01 0.001 0.011 9.031 0.014 9.042 9.462 0 9.46 9.382 0 9.38
0.052 0.001 0.053 0.011 0 0.011 9.156 0.007 9.16 9.523 0 9.521 9.445 0 9.443
0.055 0 0.055 0.013 0.001 0.014 10.149 0.005 10.151 10.649 0 10.647 10.708 0 10.705
0.054 0.001 0.055 0.00900000000000001 0.002 0.011 9.032 0.01 9.04 9.489 0.000999999999999994 9.487 9.462 0 9.461
0.054 0 0.054 0.011 0 0.011 9.01 0.006 9.013 9.394 0 9.391 9.337 0 9.336
0.053 0.000999999999999994 0.054 0.012 0 0.011 8.905 0.016 8.918 9.172 0 9.17 9.257 0 9.254
0.051 0.002 0.053 0.011 0 0.011 9.306 0.007 9.311 9.784 0 9.781 9.646 0 9.645
0.053 0.001 0.053 0.011 0 0.012 8.871 0.008 8.876 9.29 0 9.288 9.231 0 9.229
0.053 0.001 0.054 0.00900000000000001 0.002 0.011 8.843 0.009 8.85 9.283 0 9.28 9.185 0 9.184
0.051 0.004 0.056 0.014 0 0.014 10.26 0.012 10.272 10.77 0.002 10.777 10.694 0.00199999999999999 10.698
0.045 0.001 0.047 0.011 0 0.011 9.086 0.011 9.094 9.509 0 9.507 9.439 0 9.436
0.055 0 0.054 0.01 0.001 0.011 9.061 0.01 9.069 9.509 0 9.507 9.418 0 9.416
0.054 0.001 0.055 0.011 0 0.012 9 0.005 9.002 9.444 0 9.442 9.392 0 9.391
0.053 0.000999999999999997 0.053 0.011 0 0.011 8.887 0.012 8.897 9.268 0 9.266 9.256 0 9.254
0.054 0 0.054 0.011 0 0.011 8.679 0.015 8.692 9.376 0 9.373 9.062 0 9.06
0.053 0.001 0.054 0.011 0.001 0.011 9.449 0.006 9.453 9.925 0.001 9.924 9.776 0 9.774
0.047 0 0.047 0.011 0 0.011 8.491 0.009 8.498 9.448 0.001 9.446 9.429 0 9.428
0.053 0 0.053 0.011 0 0.011 8.867 0.011 8.876 9.304 0 9.302 8.719 0 8.717
0.05 0.00199999999999999 0.052 0.012 0 0.011 8.946 0.006 8.951 9.379 0 9.376 9.327 0 9.326
0.053 0 0.054 0.011 0.001 0.011 9.144 0.012 9.155 9.567 0 9.563 9.44 0 9.44
0.054 0 0.053 0.00899999999999998 0.002 0.011 8.916 0.00899999999999999 8.924 9.263 0 9.261 9.264 0 9.263
0.048 0.001 0.049 0.00999999999999998 0.001 0.011 9.081 0.008 9.087 9.481 0 9.478 9.382 0 9.381
0.046 0.000999999999999994 0.046 0.00899999999999998 0.002 0.011 9.392 0.002 9.391 9.812 0 9.809 9.67 0 9.669
0.048 0 0.047 0.011 0 0.011 9.522 0.011 9.53 9.748 0 9.745 9.866 0 9.864
0.047 0.001 0.048 0.012 0.001 0.013 10.203 0.01 10.21 10.608 0.001 10.607 10.625 0 10.622
0.054 0 0.054 0.01 0.002 0.011 9.475 0.012 9.485 9.985 0 9.983 9.838 0 9.835
0.054 0 0.055 0.011 0 0.011 8.996 0.008 9.002 9.501 0 9.499 9.368 0 9.366
0.054 0 0.054 0.012 0 0.011 9.448 0.008 9.453 9.954 0 9.951 9.853 0 9.852
0.044 0.003 0.048 0.011 0 0.011 8.893 0.005 8.895 9.295 0 9.292 9.206 0 9.206
0.054 0.001 0.055 0.014 0 0.014 10.139 0.004 10.14 10.635 0 10.634 10.555 0 10.551
0.053 0 0.053 0.011 0.001 0.011 8.903 0.009 8.91 9.198 0 9.196 9.288 0 9.285
0.054 0 0.053 0.011 0 0.012 9.314 0.011 9.324 9.647 0.007 9.657 9.592 0.008 9.604
0.054 0 0.054 0.01 0.001 0.011 8.966 0.01 8.974 9.442 0 9.439 9.336 0 9.335
0.053 0 0.054 0.011 0 0.011 9.37 0.011 9.379 9.867 0 9.863 9.728 0 9.726
0.052 0.001 0.053 0.01 0.001 0.012 9.185 0.01 9.191 9.644 0 9.642 9.558 0 9.556
0.053 0 0.054 0.011 0.001 0.011 8.827 0.013 8.838 9.361 0 9.358 9.258 0 9.257
0.056 0 0.056 0.014 0 0.014 10.329 0.006 10.332 10.827 0 10.826 10.798 0 10.794
0.055 0 0.055 0.011 0 0.011 8.765 0.007 8.77 9.298 0 9.296 9.189 0 9.187
0.054 0 0.053 0.011 0 0.011 8.848 0.008 8.854 9.523 0 9.52 9.244 0 9.242
0.046 0 0.046 0.01 0.001 0.011 9.023 0.007 9.028 9.419 0 9.416 9.31 0.000999999999999994 9.31
0.053 0.001 0.054 0.011 0 0.011 9.442 0.005 9.444 9.895 0 9.891 9.815 0 9.815
0.053 0 0.053 0.012 0 0.012 9.16 0.01 9.168 9.575 0 9.572 9.557 0 9.556
0.047 0 0.047 0.01 0.000999999999999994 0.01 9.104 0.009 9.111 9.389 0 9.388 9.331 0 9.329
0.047 0.001 0.048 0.012 0.001 0.013 9.456 0.008 9.462 9.842 0 9.84 9.816 0 9.813
0.046 0 0.046 0.00900000000000001 0.002 0.011 8.528 0.006 8.532 8.974 0 8.972 8.889 0 8.888
0.052 0.001 0.054 0.01 0.002 0.011 8.901 0.018 8.918 9.278 0 9.275 9.107 0 9.106
0.049 0 0.049 0.01 0.001 0.011 9.031 0.011 9.039 9.442 0 9.439 9.357 0 9.357
0.053 0.002 0.054 0.01 0.000999999999999994 0.011 9.364 0.013 9.382 9.791 0.003 9.794 9.687 0.005 9.696
0.052 0.002 0.054 0.012 0 0.011 9.618 0.00799999999999999 9.623 9.656 0 9.653 9.912 0 9.911
0.053 0.000999999999999994 0.053 0.011 0 0.012 9.376 0.007 9.379 9.732 0.003 9.733 9.709 0 9.707
0.053 0.001 0.054 0.011 0.001 0.011 8.814 0.048 8.864 9.242 0.004 9.247 9.152 0.002 9.156
0.057 0 0.057 0.011 0 0.011 9.008 0.00899999999999999 9.015 9.391 0 9.389 9.364 0 9.361
0.056 0 0.057 0.013 0 0.013 10.032 0.009 10.037 10.472 0 10.471 10.416 0 10.414
0.046 0.002 0.048 0.00999999999999998 0.001 0.011 9.079 0.005 9.081 9.437 0 9.435 9.406 0 9.404
0.053 0.000999999999999994 0.054 0.011 0 0.011 9.146 0.004 9.148 9.503 0 9.5 9.436 0 9.435
0.054 0.001 0.054 0.00900000000000001 0.002 0.012 9.582 0.007 9.586 9.999 0 9.998 9.924 0 9.921
0.054 0 0.054 0.01 0.001 0.011 9.098 0.006 9.101 9.553 0 9.551 9.482 0 9.48
0.045 0.002 0.047 0.013 0 0.014 9.497 0.007 9.5 10.865 0 10.863 10.822 0 10.819
0.053 0.002 0.055 0.011 0.003 0.014 10.333 0.007 10.337 10.81 0 10.807 9.826 0 9.823
0.047 0 0.047 0.00900000000000001 0.002 0.011 8.781 0.007 8.786 8.902 0 8.899 8.855 0 8.854
0.054 0 0.053 0.011 0 0.012 8.787 0.012 8.797 9.289 0 9.287 9.153 0 9.151
0.052 0.001 0.053 0.011 0.001 0.011 9.078 0.012 9.088 9.27 0 9.267 9.515 0 9.512
0.052 0.001 0.053 0.012 0 0.012 9.021 0.01 9.029 9.5 0 9.497 9.476 0 9.476
0.046 0.001 0.047 0.012 0 0.012 9.146 0.015 9.159 9.56 0 9.557 9.531 0 9.53
0.054 0 0.054 0.01 0.001 0.011 8.996 0.004 8.998 9.388 0.001 9.387 9.369 0 9.367
0.053 0.001 0.054 0.011 0.001 0.012 9.037 0.006 9.041 9.258 0 9.256 9.422 0 9.42
0.053 0.001 0.054 0.01 0.001 0.011 8.831 0.008 8.837 9.28 0 9.278 9.198 0 9.196
0.055 0 0.055 0.00900000000000001 0.00199999999999999 0.012 9.445 0.01 9.453 9.892 0 9.889 9.813 0 9.812
0.053 0 0.053 0.011 0 0.012 9.119 0.013 9.13 9.542 0 9.538 9.481 0 9.48
0.053 0 0.053 0.01 0.001 0.011 9.335 0.009 9.341 9.702 0 9.7 9.662 0 9.661
0.054 0 0.054 0.01 0.001 0.011 9.095 0.015 9.111 9.474 0.002 9.475 9.438 0.002 9.443
0.054 0 0.054 0.011 0 0.011 9.427 0.00600000000000001 9.431 9.932 0 9.929 9.846 0 9.844
0.049 0.00199999999999999 0.051 0.00899999999999998 0.002 0.011 8.903 0.01 8.911 9.231 0 9.229 9.148 0 9.146
0.051 0.00199999999999999 0.053 0.01 0.001 0.011 8.862 0.011 8.87 9.181 0 9.179 9.095 0 9.095
0.048 0 0.048 0.00899999999999998 0.002 0.011 8.837 0.007 8.843 9.575 0 9.571 9.202 0 9.201
0.053 0 0.053 0.01 0.003 0.012 8.991 0.007 8.995 9.444 0.002 9.445 9.419 0 9.417
0.047 0 0.047 0.00999999999999998 0.001 0.011 8.843 0.008 8.848 9.242 0 9.241 9.188 0 9.185
0.047 0.001 0.048 0.011 0.002 0.014 9.923 0.007 9.926 10.743 0 10.741 10.447 0 10.445
0.047 0.001 0.047 0.012 0.000999999999999994 0.014 9.442 0.005 9.444 10.805 0 10.803 10.77 0 10.768
0.054 0 0.053 0.011 0 0.012 9.485 0.005 9.488 9.905 0 9.901 9.269 0 9.268
0.051 0.001 0.052 0.01 0.001 0.011 9.106 0.007 9.109 9.514 0 9.513 9.505 0 9.502
0.054 0 0.054 0.011 0.001 0.012 9.484 0.006 9.488 9.889 0 9.886 9.769 0 9.766
0.048 0.001 0.05 0.00900000000000001 0.002 0.011 9.015 0.015 9.027 9.387 0 9.384 9.382 0 9.379
0.054 0.001 0.055 0.014 0 0.014 10.243 0.008 10.248 10.515 0 10.513 10.576 0 10.573
0.047 0.001 0.048 0.013 0 0.013 9.998 0.009 10.014 10.219 0.004 10.23 10.101 0.008 10.117
0.055 0 0.054 0.00900000000000001 0.00199999999999999 0.012 9.452 0.009 9.458 9.918 0 9.916 9.739 0 9.742
0.053 0.001 0.054 0.011 0.001 0.012 9.394 0.011 9.402 9.869 0 9.867 9.812 0 9.81
0.053 0.002 0.055 0.013 0.001 0.014 10.32 0.01 10.326 10.807 0 10.805 10.816 0 10.813
0.053 0 0.053 0.013 0.001 0.014 10.395 0.003 10.394 10.844 0 10.842 10.48 0 10.478
0.053 0.001 0.054 0.01 0.001 0.011 9.242 0.00199999999999999 9.241 9.562 0.002 9.562 9.554 0 9.552
0.046 0 0.046 0.00999999999999998 0.000999999999999994 0.011 8.424 0.014 8.437 9.359 0.001 9.356 9.352 0 9.351
0.052 0.001 0.053 0.00900000000000001 0.003 0.012 9.344 0.008 9.35 9.851 0 9.849 9.645 0 9.643
0.045 0.003 0.048 0.014 0 0.013 10.084 0.006 10.087 10.658 0 10.655 10.549 0 10.547
0.049 0 0.049 0.00900000000000001 0.002 0.012 9.089 0.006 9.092 9.537 0 9.534 9.481 0 9.48
0.061 0 0.062 0.012 0 0.012 9.503 0.016 9.517 9.9 0 9.897 9.867 0 9.866
0.046 0.002 0.047 0.011 0 0.011 8.724 0.015 8.737 9.188 0.001 9.187 9.044 0 9.042
0.048 0 0.047 0.011 0.002 0.014 10.34 0.009 10.345 10.852 0 10.852 10.821 0 10.818
0.056 0.001 0.057 0.011 0.000999999999999994 0.011 9.139 0.013 9.15 9.583 0 9.579 9.481 0 9.481
0.052 0.001 0.053 0.01 0.002 0.012 8.978 0.008 8.984 9.405 0 9.402 8.855 0 8.854
0.055 0.001 0.056 0.012 0.002 0.013 10.35 0.004 10.352 10.831 0 10.828 10.777 0 10.774
0.054 0.002 0.055 0.013 0.001 0.014 10.309 0.002 10.309 10.791 0 10.79 10.732 0 10.728
0.047 0.001 0.049 0.012 0.002 0.013 10.303 0.007 10.307 10.81 0 10.808 10.759 0 10.756
0.054 0 0.054 0.012 0 0.012 9.034 0.008 9.038 9.465 0 9.464 9.423 0 9.421
0.055 0.001 0.055 0.012 0.00199999999999999 0.014 10.192 0.002 10.192 10.659 0 10.657 10.63 0 10.627
0.052 0.00199999999999999 0.055 0.011 0.001 0.011 8.828 0.008 8.835 9.319 0 9.316 9.286 0.001 9.285
0.052 0.001 0.052 0.011 0 0.012 8.808 0.012 8.817 9.271 0 9.27 9.133 0 9.131
0.053 0.000999999999999994 0.054 0.011 0.001 0.012 9.447 0.012 9.457 9.975 0 9.971 9.797 0 9.797
0.044 0.000999999999999997 0.046 0.01 0.002 0.011 8.443 0.009 8.457 9.218 0 9.223 9.137 0 9.139
0.054 0 0.053 0.01 0.001 0.011 9.487 0.008 9.493 9.681 0.001 9.681 8.846 0.001 8.853
0.056 0 0.055 0.01 0.000999999999999994 0.011 8.917 0.013 8.929 9.314 0 9.31 9.187 0 9.186
0.054 0 0.054 0.011 0 0.011 9.086 0.006 9.089 9.543 0 9.541 9.434 0 9.432
0.052 0.001 0.054 0.011 0.000999999999999994 0.011 9.092 0.00600000000000001 9.096 9.465 0 9.463 9.307 0 9.305
0.046 0.000999999999999994 0.047 0.00999999999999998 0.001 0.011 9.402 0.01 9.409 9.737 0.001 9.735 9.873 0 9.871
0.054 0 0.054 0.01 0.001 0.011 8.752 0.01 8.76 9.204 0 9.202 9.082 0 9.08
0.054 0.001 0.055 0.01 0.001 0.012 9.272 0.008 9.278 9.654 0 9.651 9.599 0 9.598
0.049 0.003 0.052 0.014 0.001 0.014 10.389 0.007 10.394 10.309 0 10.307 10.819 0 10.816
0.052 0.002 0.054 0.01 0.001 0.011 8.924 0.014 8.936 9.373 0 9.37 9.281 0 9.279
0.052 0 0.052 0.01 0.001 0.012 9.481 0.011 9.489 9.927 0 9.924 9.857 0 9.855
0.053 0.001 0.054 0.011 0.000999999999999994 0.011 9.447 0.009 9.453 9.912 0 9.909 9.832 0 9.831
0.073 0 0.196 0.018 0 0.0179999999999999 13.217 0.004 13.237 13.786 0.001 13.804 13.757 0 13.773
0.054 0 0.054 0.011 0 0.011 8.831 0.01 8.839 9.357 0 9.354 9.244 0 9.243
0.053 0.001 0.054 0.01 0.00199999999999999 0.012 9.314 0.012 9.324 9.891 0 9.888 9.693 0 9.691
0.054 0 0.054 0.011 0.001 0.011 8.839 0.011 8.848 9.478 0 9.474 9.277 0 9.277
0.045 0.001 0.047 0.011 0 0.011 8.909 0.011 8.916 10.016 0 10.015 9.977 0 9.974
0.053 0 0.053 0.011 0.001 0.012 9.52 0.01 9.528 9.963 0 9.961 9.157 0 9.155
0.053 0.001 0.054 0.011 0.001 0.012 9.551 0.009 9.557 10.01 0 10.008 9.954 0 9.952
0.054 0 0.054 0.011 0 0.011 9.461 0.006 9.464 9.977 0 9.975 9.844 0 9.842
0.053 0.001 0.054 0.01 0.000999999999999994 0.011 8.798 0.008 8.804 9.196 0 9.195 9.095 0 9.092
0.055 0 0.055 0.01 0.001 0.011 9.617 0.006 9.621 9.988 0 9.987 9.869 0 9.866
0.055 0 0.055 0.01 0.001 0.011 9.142 0.009 9.149 9.989 0 9.986 9.518 0 9.517
0.048 0 0.048 0.011 0 0.011 9.17 0.011 9.179 9.784 0 9.781 9.482 0 9.481
0.052 0.001 0.053 0.011 0.001 0.012 9.238 0.01 9.245 9.357 0.001 9.356 9.6 0 9.598
0.053 0 0.053 0.011 0 0.011 8.827 0.011 8.835 9.248 0 9.247 9.217 0 9.216
0.055 0 0.054 0.011 0 0.012 9.645 0.012 9.655 9.669 0 9.666 9.953 0 9.952
0.053 0.001 0.054 0.01 0.000999999999999994 0.012 9.254 0.003 9.254 9.616 0 9.613 9.615 0 9.614
0.053 0.001 0.054 0.011 0 0.012 9.505 0.011 9.513 9.784 0 9.782 9.703 0 9.701
0.053 0 0.053 0.011 0 0.011 9.202 0.01 9.209 9.994 0.001 9.993 9.479 0 9.477
0.054 0 0.053 0.01 0.001 0.012 9.064 0.007 9.068 9.411 0 9.409 9.425 0 9.424
0.054 0.001 0.055 0.014 0 0.014 10.139 0.01 10.148 10.587 0.002 10.587 10.524 0 10.521
0.052 0.001 0.053 0.012 0 0.012 9.149 0.013 9.16 9.437 0 9.434 9.46 0 9.459
0.055 0.002 0.057 0.011 0.001 0.011 9.31 0.007 9.315 9.685 0 9.683 9.698 0 9.696
0.045 0.001 0.046 0.011 0 0.011 8.536 0.009 8.543 9.535 0 9.532 9.52 0 9.519
0.053 0.002 0.055 0.011 0.002 0.014 10.359 0.007 10.363 10.52 0 10.517 9.817 0 9.814
0.053 0.001 0.054 0.00900000000000001 0.003 0.012 9.128 0.005 9.131 9.499 0 9.497 9.477 0 9.474
0.054 0 0.054 0.011 0 0.012 9.512 0.009 9.517 9.935 0 9.933 9.829 0 9.828
0.053 0.001 0.054 0.00900000000000001 0.002 0.011 9.125 0.012 9.135 9.559 0 9.558 9.509 0 9.506
0.053 0.001 0.054 0.012 0 0.012 9.474 0.012 9.484 9.855 0 9.852 9.754 0 9.752
0.046 0.001 0.047 0.011 0 0.011 8.803 0.011 8.812 9.353 0 9.35 9.231 0 9.23
0.048 0 0.048 0.012 0.002 0.014 10.081 0.007 10.085 10.7 0.001 10.699 10.544 0 10.541
0.045 0.001 0.047 0.012 0 0.011 8.828 0.005 8.831 9.318 0.000999999999999994 9.317 9.234 0 9.232
0.053 0.002 0.055 0.012 0 0.012 9.049 0.005 9.052 9.485 0.001 9.483 9.401 0 9.4
0.054 0 0.054 0.01 0.001 0.012 9.068 0.008 9.074 9.496 0 9.492 9.543 0 9.542
0.053 0.001 0.054 0.011 0 0.011 9.289 0.007 9.293 9.764 0 9.761 9.474 0 9.472
0.051 0.005 0.056 0.012 0.002 0.014 10.276 0.003 10.275 10.738 0.001 10.739 10.577 0 10.581
0.045 0.001 0.047 0.011 0 0.011 8.932 0.012 8.942 9.392 0 9.39 9.272 0.001 9.27
0.048 0 0.048 0.00999999999999998 0.001 0.011 8.932 0.012 8.948 9.387 0.004 9.392 9.35 0.00199999999999999 9.352
0.054 0 0.054 0.011 0 0.011 9.428 0.013 9.439 9.834 0.001 9.832 9.803 0 9.801
0.046 0.001 0.047 0.013 0 0.014 9.441 0.002 9.44 10.871 0 10.868 10.864 0 10.861
0.055 0 0.056 0.011 0.002 0.012 10.282 0.004 10.283 10.674 0 10.672 9.75 0 9.747
0.055 0 0.055 0.011 0.000999999999999997 0.012 9.52 0.005 9.524 9.987 0 9.984 9.779 0 9.776
0.054 0 0.054 0.011 0 0.011 8.951 0.012 8.961 9.393 0 9.39 9.317 0 9.316
0.054 0 0.054 0.00900000000000001 0.002 0.012 9.017 0.011 9.025 9.38 0 9.377 9.345 0 9.344
0.055 0 0.055 0.011 0.001 0.011 9 0.008 9.006 9.229 0.001 9.228 9.417 0 9.416
0.046 0.001 0.047 0.012 0 0.012 9.381 0.016 9.402 9.824 0.001 9.825 9.703 0.002 9.712
0.053 0.001 0.054 0.012 0 0.012 9.125 0.008 9.131 9.539 0 9.537 9.488 0 9.485
0.053 0.002 0.055 0.014 0 0.014 10.188 0.006 10.19 10.604 0 10.602 10.613 0 10.611
0.052 0.000999999999999994 0.053 0.01 0.002 0.012 9.507 0.013 9.517 9.663 0 9.66 9.877 0 9.875
0.054 0 0.054 0.012 0 0.011 9.406 0.011 9.414 9.856 0 9.854 9.795 0 9.793
0.053 0.001 0.055 0.011 0 0.011 8.779 0.008 8.783 9.552 0 9.549 9.209 0 9.208
0.055 0 0.055 0.014 0 0.014 10.293 0.009 10.299 10.773 0 10.771 10.776 0 10.773
0.048 0 0.049 0.012 0 0.011 9.393 0.013 9.404 9.911 0 9.912 9.397 0 9.401
0.054 0 0.053 0.01 0.000999999999999994 0.012 9.39 0.01 9.398 9.629 0 9.626 9.569 0 9.566
0.045 0.002 0.046 0.00999999999999998 0.001 0.011 8.855 0.008 8.86 9.871 0 9.869 9.843 0 9.84
0.051 0.002 0.053 0.012 0 0.012 9.464 0.008 9.47 9.852 0 9.849 9.141 0 9.14
0.053 0.00199999999999999 0.054 0.011 0.001 0.012 9.143 0.00600000000000001 9.148 9.425 0 9.423 9.405 0 9.403
0.053 0.001 0.053 0.011 0 0.012 9.475 0.00899999999999999 9.48 9.949 0 9.947 9.785 0 9.783
0.058 0.001 0.058 0.013 0.001 0.015 10.28 0.006 10.284 10.528 0.003 10.529 10.662 0 10.659
0.054 0 0.054 0.011 0 0.011 9.383 0.006 9.385 9.722 0 9.719 9.619 0 9.619
0.046 0.001 0.046 0.00999999999999998 0.001 0.011 8.822 0.007 8.827 9.317 0 9.316 9.189 0 9.187
0.047 0 0.047 0.011 0 0.011 8.976 0.008 8.982 9.493 0 9.49 9.348 0 9.347
0.053 0.000999999999999994 0.054 0.014 0 0.014 9.914 0.004 9.915 10.879 0.001 10.877 10.312 0 10.309
0.047 0.001 0.047 0.011 0.002 0.013 9.382 0.003 9.383 9.803 0.002 9.803 9.749 0 9.748
0.054 0 0.054 0.011 0 0.011 9.076 0.01 9.085 9.449 0 9.447 9.44 0 9.438
0.055 0.002 0.058 0.013 0.000999999999999994 0.014 10.079 0.007 10.083 10.777 0.001 10.775 10.465 0 10.462
0.052 0.002 0.054 0.01 0.001 0.011 9.158 0.01 9.166 9.595 0 9.592 9.536 0 9.535
0.048 0 0.048 0.01 0.001 0.011 9 0.00799999999999999 9.006 9.513 0 9.511 9.347 0.001 9.347
0.052 0.001 0.054 0.011 0.001 0.011 9.134 0.014 9.148 9.457 0.001 9.457 9.338 0 9.336
0.052 0.002 0.054 0.00900000000000001 0.002 0.011 8.851 0.014 8.866 9.316 0.001 9.315 9.215 0 9.214
0.053 0.001 0.054 0.011 0.001 0.011 9.414 0.006 9.418 9.851 0 9.847 9.86 0 9.859
0.054 0 0.054 0.011 0.001 0.011 9.178 0.009 9.185 9.316 0.001 9.314 9.537 0 9.534
0.045 0.001 0.046 0.011 0 0.011 8.794 0.011 8.802 9.223 0 9.222 9.109 0 9.107
0.053 0.001 0.054 0.01 0.001 0.011 8.917 0.012 8.928 9.363 0 9.36 9.245 0 9.244
0.054 0 0.054 0.011 0 0.011 9.121 0.013 9.132 9.578 0 9.575 9.463 0 9.462
0.052 0.001 0.054 0.01 0.002 0.011 8.765 0.011 8.774 9.211 0 9.209 9.149 0 9.148
0.053 0.001 0.053 0.01 0.001 0.012 9.348 0.005 9.351 9.747 0 9.744 9.709 0 9.707
0.047 0 0.048 0.012 0.001 0.013 10.208 0.007 10.215 10.558 0.003 10.565 10.7 0.001 10.706
0.045 0.001 0.046 0.00999999999999998 0.001 0.011 8.587 0.012 8.597 9.167 0 9.164 8.874 0 8.872
0.046 0.002 0.047 0.012 0.001 0.014 9.455 0.007 9.458 9.829 0 9.828 9.753 0 9.75
0.054 0.000999999999999994 0.055 0.012 0.002 0.014 10.253 0.007 10.257 10.757 0 10.756 10.702 0 10.699
0.055 0 0.055 0.00900000000000001 0.002 0.011 9.408 0.007 9.412 9.91 0 9.908 9.837 0 9.835
0.054 0 0.054 0.01 0.000999999999999994 0.011 9.165 0.01 9.173 9.414 0 9.41 9.391 0 9.391
0.048 0.001 0.048 0.00999999999999998 0.001 0.011 9.594 0.01 9.602 9.872 0 9.869 9.879 0 9.879
0.045 0.001 0.046 0.011 0 0.011 9.341 0.011 9.349 9.726 0 9.724 9.733 0 9.731
0.053 0 0.053 0.011 0.001 0.012 9.034 0.007 9.038 9.395 0 9.393 9.333 0 9.331
0.052 0.000999999999999994 0.053 0.011 0.001 0.012 8.92 0.005 8.923 9.424 0 9.421 9.369 0 9.368
0.053 0 0.053 0.012 0 0.012 8.845 0.015 8.858 9.345 0 9.343 9.218 0 9.216
0.053 0 0.053 0.011 0 0.011 9.139 0.01 9.147 9.465 0 9.462 9.416 0 9.415
0.053 0 0.053 0.01 0.002 0.011 9.444 0.012 9.454 9.954 0 9.951 9.773 0 9.771
0.045 0.003 0.048 0.014 0 0.013 9.407 0.006 9.412 9.819 0.001 9.817 9.735 0.001 9.734
0.048 0 0.049 0.013 0.001 0.013 10.201 0.005 10.203 10.659 0 10.657 10.59 0.001 10.588
0.053 0 0.053 0.01 0.001 0.012 8.934 0.008 8.94 9.33 0 9.328 9.281 0 9.278
0.054 0 0.054 0.012 0 0.012 9.491 0.014 9.503 9.819 0 9.816 9.842 0.001 9.841
0.054 0.001 0.055 0.014 0 0.014 10.337 0.006 10.34 10.279 0 10.277 10.796 0 10.793
0.048 0.001 0.049 0.014 0 0.013 10.17 0.008 10.176 10.609 0.001 10.608 10.627 0 10.625
0.05 0.005 0.055 0.00900000000000001 0.003 0.012 9.332 0.011 9.341 9.792 0 9.789 9.711 0 9.71
0.044 0.002 0.046 0.011 0 0.011 8.685 0.014 8.697 8.98 0 8.977 8.956 0 8.955
0.054 0 0.054 0.011 0 0.011 8.884 0.011 8.893 9.407 0 9.404 9.277 0 9.276
0.053 0.004 0.057 0.013 0.000999999999999994 0.014 10.084 0.01 10.092 10.826 0 10.824 10.438 0 10.435
0.05 0.004 0.054 0.00900000000000001 0.003 0.012 9.056 0.007 9.06 9.235 0 9.233 9.469 0 9.467
0.045 0.001 0.046 0.00999999999999998 0.001 0.011 8.601 0.011 8.61 9.55 0 9.548 9.567 0 9.565
0.055 0 0.055 0.012 0.001 0.013 10.361 0.008 10.367 10.439 0.001 10.438 9.738 0 9.735
0.052 0 0.052 0.011 0 0.012 8.958 0.015 8.971 9.403 0 9.4 9.34 0 9.339
0.045 0.001 0.046 0.00900000000000001 0.00199999999999999 0.012 8.83 0.011 8.839 9.237 0 9.234 9.148 0 9.146
0.054 0 0.054 0.011 0 0.011 9.044 0.01 9.051 9.303 0 9.301 9.261 0 9.259
0.054 0 0.054 0.011 0 0.011 8.967 0.005 8.97 9.311 0 9.308 9.319 0 9.317
0.054 0 0.054 0.012 0 0.011 9.177 0.008 9.182 9.976 0 9.973 9.543 0 9.541
0.052 0.001 0.054 0.012 0 0.011 8.9 0.013 8.911 9.308 0 9.306 9.254 0 9.252
0.045 0.002 0.047 0.011 0 0.011 8.935 0.012 8.945 9.518 0.001 9.524 9.014 0 9.019
0.056 0 0.056 0.012 0.002 0.014 10.349 0.008 10.354 10.834 0.001 10.833 10.777 0 10.774
0.055 0 0.055 0.012 0.002 0.014 10.303 0.006 10.306 10.784 0.001 10.783 10.355 0 10.352
0.047 0 0.047 0.01 0.001 0.011 8.782 0.005 8.784 9.167 0 9.165 9.033 0 9.032
0.053 0 0.053 0.012 0 0.012 9.13 0.006 9.134 9.466 0 9.464 9.455 0 9.454
0.046 0.001 0.046 0.00999999999999998 0.001 0.011 9.379 0.008 9.385 9.742 0 9.738 9.593 0 9.592
0.054 0 0.053 0.01 0.001 0.011 8.791 0.01 8.8 9.226 0 9.222 9.113 0 9.113
0.053 0.001 0.053 0.01 0.002 0.012 9.374 0.015 9.387 9.747 0 9.744 9.797 0 9.796
0.056 0 0.054 0.01 0.000999999999999994 0.012 9.47 0.013 9.481 10.029 0 10.027 9.963 0.001 9.962
0.046 0 0.046 0.00999999999999998 0.001 0.012 8.621 0.01 8.629 9.06 0 9.058 8.961 0 8.959
0.052 0 0.052 0.011 0 0.011 9.469 0.015 9.488 9.799 0.031 9.834 9.73 0.027 9.76
0.055 0 0.055 0.012 0.000999999999999994 0.014 10.331 0.00600000000000001 10.334 10.817 0 10.814 10.517 0 10.515
0.045 0.002 0.047 0.00999999999999998 0.001 0.011 9.09 0.006 9.095 9.522 0 9.519 9.439 0 9.438
0.049 0 0.048 0.011 0 0.011 8.948 0.009 8.955 9.526 0 9.523 9.469 0 9.468
0.045 0.002 0.047 0.011 0 0.011 9.33 0.008 9.334 9.723 0 9.721 9.708 0 9.706
0.054 0.001 0.055 0.011 0 0.011 8.749 0.006 8.753 9.293 0 9.29 9.185 0 9.184
0.048 0 0.048 0.011 0 0.011 9.427 0.005 9.43 9.757 0 9.753 9.643 0 9.642
0.047 0 0.048 0.00900000000000001 0.00199999999999999 0.011 8.94 0.008 8.946 9.36 0.001 9.359 9.281 0 9.278
0.055 0 0.106 0.011 0.001 0.012 8.931 0.012 8.941 9.319 0 9.316 9.314 0 9.312
0.053 0.000999999999999994 0.054 0.011 0.001 0.012 9.537 0.008 9.543 9.97 0.001 9.969 9.759 0 9.757
0.051 0.001 0.053 0.011 0.001 0.011 8.787 0.011 8.795 9.221 0.001 9.22 9.136 0 9.134
0.046 0 0.046 0.00999999999999998 0.001 0.011 8.406 0.016 8.421 8.842 0 8.84 8.732 0 8.728
0.054 0 0.054 0.01 0.000999999999999997 0.011 9.097 0.007 9.102 9.515 0 9.512 9.474 0 9.473
0.054 0 0.054 0.011 0 0.011 8.957 0.006 8.961 9.249 0 9.247 9.305 0 9.303
0.053 0.001 0.054 0.011 0 0.011 9.298 0.01 9.305 9.672 0 9.668 9.915 0 9.914
0.054 0 0.053 0.011 0 0.011 8.865 0.011 8.874 9.302 0 9.3 9.245 0 9.243
0.053 0.001 0.054 0.011 0.000999999999999994 0.012 8.785 0.01 8.793 9.305 0.001 9.304 9.208 0 9.207
0.055 0 0.054 0.01 0.001 0.011 9.139 0.006 9.143 9.569 0 9.566 9.513 0 9.512
0.055 0.001 0.056 0.014 0 0.014 10.28 0.006 10.283 10.777 0 10.775 10.753 0 10.75
0.051 0.004 0.055 0.013 0 0.013 10.255 0.009 10.262 10.706 0 10.704 10.692 0 10.688
0.046 0 0.046 0.011 0 0.011 8.762 0.009 8.768 9.167 0 9.165 9.104 0 9.103
0.055 0 0.055 0.011 0.001 0.012 9.084 0.008 9.09 9.572 0 9.569 9.494 0 9.491
0.055 0 0.055 0.011 0.003 0.014 10.29 0.006 10.293 10.796 0 10.794 10.746 0 10.743
0.053 0.001 0.054 0.00900000000000001 0.002 0.012 8.911 0.01 8.918 9.352 0 9.351 9.288 0 9.286
0.054 0 0.053 0.011 0 0.012 9.072 0.006 9.075 9.332 0 9.33 9.231 0 9.229
0.053 0 0.053 0.011 0 0.011 8.955 0.01 8.963 9.453 0 9.449 9.379 0 9.377
0.052 0.001 0.054 0.01 0.00199999999999999 0.011 9.049 0.008 9.056 9.403 0 9.399 9.321 0 9.321
0.055 0 0.054 0.01 0.001 0.012 9.538 0.009 9.544 9.559 0 9.556 9.895 0 9.895
0.054 0 0.054 0.011 0 0.012 9.147 0.005 9.148 9.553 0 9.551 9.526 0 9.524
0.055 0 0.055 0.011 0 0.011 9.073 0.004 9.074 9.532 0 9.53 9.426 0 9.424
0.054 0.001 0.055 0.011 0 0.011 9.452 0.011 9.459 9.921 0 9.92 9.839 0 9.837
0.044 0.002 0.046 0.011 0 0.011 9.162 0.009 9.168 9.929 0.000999999999999994 9.928 9.82 0 9.818
0.052 0.000999999999999994 0.053 0.011 0 0.012 9.52 0.003 9.519 9.94 0 9.938 9.524 0 9.522
0.047 0 0.046 0.00799999999999998 0.003 0.011 8.777 0.01 8.785 9.171 0 9.169 9.137 0 9.135
0.045 0.000999999999999994 0.046 0.00999999999999998 0.001 0.011 8.728 0.005 8.73 9.825 0 9.823 9.803 0 9.801
0.045 0.001 0.046 0.011 0 0.011 8.967 0.009 8.973 9.397 0 9.395 9.363 0 9.361
0.053 0.001 0.054 0.01 0.001 0.011 8.923 0.013 8.938 9.361 0.001 9.361 9.302 0 9.299
0.052 0.002 0.054 0.01 0.001 0.012 9.077 0.01 9.085 9.417 0 9.414 9.457 0 9.456
0.052 0.001 0.053 0.01 0.002 0.011 9.186 0.007 9.191 9.52 0 9.518 9.374 0 9.371
0.051 0.00199999999999999 0.053 0.011 0.001 0.012 9.05 0.004 9.052 9.457 0 9.454 9.384 0 9.384
0.053 0.001 0.054 0.00800000000000001 0.004 0.012 8.894 0.009 8.901 9.54 0 9.538 9.289 0 9.287
0.053 0.001 0.054 0.011 0.001 0.011 9.482 0.008 9.488 9.972 0 9.969 9.83 0 9.829
0.053 0.002 0.055 0.011 0.001 0.012 9.555 0.01 9.564 9.996 0 9.994 9.912 0 9.909
0.055 0 0.054 0.01 0.001 0.012 9.481 0.008 9.486 9.96 0 9.957 9.798 0 9.797
0.053 0.001 0.053 0.011 0 0.011 9.119 0.007 9.123 9.539 0 9.537 8.97 0 8.968
0.051 0.001 0.053 0.012 0 0.011 9.463 0.006 9.468 9.895 0 9.891 9.836 0 9.836
0.053 0.000999999999999994 0.053 0.00900000000000001 0.002 0.012 9.507 0.011 9.515 9.924 0 9.921 9.794 0 9.792
0.045 0.001 0.047 0.011 0.001 0.011 9.427 0.011 9.435 9.997 0 9.994 9.696 0 9.695
0.047 0.001 0.048 0.011 0.001 0.012 10.356 0.002 10.355 10.48 0.001 10.479 10.421 0 10.417
0.05 0 0.049 0.012 0.001 0.014 10.134 0.005 10.136 10.56 0 10.559 10.482 0 10.478
0.054 0 0.053 0.01 0.001 0.012 8.974 0.011 8.982 9.163 0 9.161 9.307 0 9.305
0.054 0 0.054 0.012 0 0.011 9.569 0.011 9.577 9.977 0 9.976 9.896 0 9.893
0.053 0.001 0.054 0.012 0 0.011 9.124 0.012 9.134 9.531 0 9.529 9.481 0 9.48
0.053 0.001 0.055 0.00800000000000001 0.004 0.011 9.511 0.006 9.514 9.876 0 9.874 9.876 0 9.874
0.053 0.003 0.055 0.011 0 0.011 9.245 0.016 9.26 9.685 0 9.681 9.626 0 9.625
0.054 0 0.054 0.01 0.001 0.011 9.104 0.009 9.112 9.317 0 9.319 9.068 0 9.071
0.055 0 0.055 0.013 0.000999999999999994 0.014 10.332 0.00600000000000001 10.335 10.823 0 10.821 10.789 0 10.786
0.045 0.001 0.046 0.011 0 0.011 8.839 0.00899999999999999 8.846 9.944 0.001 9.942 9.87 0 9.868
0.053 0 0.053 0.00900000000000001 0.00199999999999999 0.011 9.108 0.00600000000000001 9.112 9.526 0 9.522 8.895 0 8.895
0.053 0.001 0.054 0.014 0 0.014 10.371 0.006 10.374 10.844 0.002 10.844 10.582 0 10.579
0.054 0.001 0.054 0.011 0 0.012 9.508 0.007 9.513 9.964 0 9.961 9.906 0 9.904
0.059 0.002 0.061 0.014 0 0.014 10.313 0.005 10.316 10.807 0.001 10.805 10.771 0 10.768
0.051 0.002 0.054 0.01 0.002 0.011 8.948 0.011 8.957 9.468 0 9.465 9.413 0 9.412
0.054 0 0.054 0.011 0 0.011 8.848 0.013 8.859 9.304 0 9.301 9.224 0 9.223
0.052 0.000999999999999994 0.053 0.012 0 0.012 8.934 0.01 8.941 9.49 0 9.488 9.422 0 9.42
0.046 0 0.047 0.011 0.001 0.011 9.356 0.008 9.362 9.737 0 9.733 9.696 0 9.695
0.053 0.002 0.056 0.013 0.001 0.014 10.125 0.002 10.125 10.576 0 10.574 10.522 0 10.519
0.047 0 0.047 0.01 0 0.01 8.721 0.009 8.728 9.173 0 9.171 9.075 0 9.073
0.053 0.001 0.053 0.011 0 0.012 9.002 0.009 9.009 9.289 0 9.285 9.317 0 9.317
0.053 0.001 0.054 0.012 0 0.011 9.446 0.006 9.449 9.73 0 9.729 9.609 0 9.607
0.048 0 0.048 0.011 0 0.011 8.998 0.00899999999999999 9.004 9.366 0 9.364 9.334 0 9.332
0.054 0.001 0.056 0.013 0.001 0.014 10.203 0.01 10.209 10.661 0 10.659 10.57 0 10.568
0.056 0.000999999999999994 0.057 0.014 0 0.014 10.31 0.007 10.314 10.79 0 10.788 10.757 0 10.753
0.054 0 0.054 0.011 0 0.011 8.811 0.016 8.825 9.289 0.001 9.288 9.158 0 9.156
0.053 0 0.054 0.01 0.00199999999999999 0.011 8.851 0.014 8.864 9.328 0 9.324 9.171 0 9.17
0.046 0 0.046 0.011 0 0.011 8.456 0.011 8.465 9.406 0 9.403 9.408 0 9.407
0.054 0.001 0.055 0.012 0 0.011 9.476 0.009 9.483 9.768 0 9.766 9.099 0 9.096
0.051 0.001 0.053 0.011 0.001 0.012 9.478 0.005 9.48 9.93 0 9.928 9.776 0 9.774
0.054 0 0.054 0.011 0 0.011 9.082 0.01 9.089 9.538 0 9.537 9.44 0 9.438
0.054 0.001 0.056 0.014 0.001 0.014 10.376 0.004 10.378 10.84 0.00199999999999999 10.84 10.823 0 10.82
0.052 0.002 0.054 0.01 0.001 0.011 8.839 0.009 8.846 9.301 0 9.298 9.163 0 9.162
0.047 0 0.046 0.011 0 0.011 8.83 0.011 8.839 9.259 0.001 9.257 9.157 0 9.156
0.044 0.003 0.047 0.00999999999999998 0.001 0.011 9.386 0.009 9.393 9.842 0 9.839 9.625 0 9.624
0.054 0 0.053 0.01 0.000999999999999994 0.012 8.953 0.00600000000000001 8.955 9.444 0 9.441 9.419 0 9.419
0.054 0 0.054 0.01 0.000999999999999994 0.011 9.094 0.00800000000000001 9.1 9.45 0 9.447 9.394 0 9.393
0.045 0.001 0.046 0.011 0 0.011 9.373 0.00899999999999999 9.379 9.743 0 9.741 9.692 0 9.691
0.053 0.001 0.053 0.011 0 0.012 8.744 0.013 8.754 9.165 0 9.163 9.238 0 9.236
0.046 0 0.046 0.01 0.000999999999999994 0.011 8.929 0.009 8.936 9.694 0.001 9.692 9.607 0 9.606
0.053 0.001 0.053 0.01 0.001 0.012 8.923 0.007 8.926 9.36 0 9.359 9.293 0 9.29
0.052 0.001 0.054 0.011 0.000999999999999994 0.011 9.012 0.007 9.018 9.406 0 9.403 9.388 0 9.387
0.053 0 0.053 0.01 0.001 0.012 8.905 0.01 8.913 9.283 0 9.28 9.249 0 9.247
0.054 0.001 0.055 0.01 0.002 0.011 9.365 0.012 9.375 9.774 0 9.771 9.724 0.001 9.723
0.046 0.001 0.047 0.01 0.001 0.011 9.047 0.007 9.052 9.51 0 9.508 9.433 0 9.431
0.053 0 0.053 0.00900000000000001 0.002 0.011 9.461 0.011 9.469 9.952 0 9.949 9.391 0 9.39
0.052 0 0.052 0.01 0.001 0.011 9.137 0.006 9.139 9.562 0 9.561 9.49 0 9.488
0.052 0.001 0.053 0.011 0.001 0.012 9.123 0.007 9.128 9.545 0 9.542 9.494 0 9.493
0.054 0 0.054 0.011 0.001 0.011 8.913 0.017 8.93 9.429 0 9.429 9.369 0.004 9.377
0.047 0.001 0.047 0.011 0 0.011 8.708 0.011 8.717 9.38 0 9.378 9.053 0 9.051
0.046 0.001 0.046 0.011 0 0.011 8.832 0.014 8.844 9.34 0 9.337 9.237 0 9.237
0.06 0 0.06 0.012 0 0.012 9.533 0.008 9.538 9.82 0 9.817 9.651 0 9.65
0.054 0 0.054 0.011 0 0.012 8.907 0.008 8.912 9.349 0 9.346 9.282 0 9.281
0.053 0.001 0.054 0.012 0 0.011 9.24 0.011 9.249 9.723 0 9.721 9.664 0 9.662
0.052 0.002 0.054 0.011 0 0.012 9.083 0.012 9.092 9.536 0 9.533 9.516 0 9.515
0.046 0.001 0.046 0.00999999999999998 0.001 0.011 9.506 0.006 9.51 9.877 0.001 9.875 9.872 0 9.871
0.048 0 0.047 0.013 0 0.013 9.463 0.009 9.469 10.821 0.002 10.821 10.801 0 10.798
0.052 0.001 0.054 0.012 0 0.011 9.128 0.01 9.137 9.588 0 9.584 9.067 0 9.066
0.054 0 0.054 0.012 0.002 0.014 10.339 0.006 10.343 10.808 0 10.806 10.534 0 10.531
0.054 0 0.054 0.011 0 0.011 9.484 0.009 9.49 9.946 0 9.944 9.818 0 9.816
0.053 0.002 0.054 0.011 0 0.012 9.451 0.013 9.461 9.887 0 9.884 9.868 0 9.866
0.053 0.001 0.053 0.01 0.001 0.011 8.864 0.017 8.881 9.269 0.005 9.273 9.249 0.002 9.254
0.053 0.000999999999999997 0.053 0.011 0 0.012 8.78 0.007 8.785 9.171 0 9.169 9.156 0 9.155
0.056 0 0.056 0.011 0 0.012 9.39 0.01 9.397 9.82 0 9.817 9.668 0 9.667
0.053 0.001 0.054 0.00900000000000001 0.002 0.011 8.885 0.006 8.889 9.255 0 9.252 9.055 0 9.052
0.053 0.001 0.054 0.011 0 0.011 9.337 0.004 9.339 9.653 0.001 9.651 9.614 0 9.612
0.054 0 0.053 0.01 0.001 0.012 9.44 0.005 9.443 9.774 0.002 9.772 9.734 0 9.733
0.054 0 0.053 0.01 0.001 0.012 8.994 0.004 8.994 9.157 0 9.156 9.372 0 9.37
0.05 0.003 0.053 0.011 0 0.011 8.794 0.012 8.808 9.281 0.000999999999999994 9.283 9.246 0.003 9.251
0.046 0 0.047 0.00999999999999998 0.002 0.012 9.343 0.009 9.349 9.784 0 9.781 9.739 0 9.737
0.053 0.00199999999999999 0.054 0.012 0 0.012 9.454 0.009 9.46 9.89 0 9.888 9.812 0 9.81
0.059 0.001 0.06 0.01 0.002 0.013 9.121 0.007 9.124 9.561 0 9.56 9.46 0 9.458
0.052 0.002 0.054 0.011 0 0.011 8.956 0.01 8.963 9.447 0 9.445 9.282 0 9.28
0.054 0.001 0.054 0.012 0 0.012 9.567 0.01 9.575 10.02 0 10.018 9.908 0 9.905
0.055 0 0.055 0.00900000000000001 0.002 0.011 9.089 0.012 9.099 9.6 0 9.596 9.508 0 9.508
0.046 0.001 0.047 0.011 0 0.011 8.84 0.004 8.842 9.962 0 9.959 9.872 0 9.87
0.054 0.001 0.054 0.012 0 0.013 10.237 0.008 10.242 10.489 0 10.487 9.693 0 9.69
0.052 0 0.052 0.011 0.001 0.011 9.125 0.01 9.134 9.515 0 9.512 9.468 0.001 9.468
0.054 0 0.053 0.01 0.00199999999999999 0.012 8.969 0.013 8.98 9.412 0.001 9.41 9.338 0 9.336
0.048 0 0.049 0.013 0.001 0.013 10.194 0.004 10.195 10.585 0 10.582 10.425 0 10.421
0.057 0 0.057 0.014 0 0.014 10.285 0.005 10.287 10.797 0 10.795 10.722 0 10.719
0.053 0.002 0.056 0.012 0.002 0.013 10.2 0.005 10.202 10.627 0.002 10.627 10.588 0 10.586
0.054 0.001 0.056 0.014 0 0.014 9.936 0.006 9.938 10.946 0.002 10.947 10.32 0 10.318
0.046 0 0.047 0.011 0.001 0.011 8.981 0.011 8.99 9.548 0 9.547 9.481 0 9.48
0.056 0.001 0.056 0.012 0.002 0.014 10.106 0.007 10.111 10.575 0 10.572 10.764 0 10.761
0.051 0.004 0.056 0.013 0 0.013 10.147 0.002 10.146 10.484 0.001 10.484 10.425 0 10.422
0.053 0.001 0.054 0.011 0 0.011 8.894 0.009 8.901 9.345 0 9.342 9.273 0 9.272
0.049 0.003 0.052 0.012 0 0.012 9.167 0.007 9.172 9.513 0 9.51 9.459 0 9.457
0.052 0.002 0.053 0.011 0 0.012 9.14 0.007 9.143 9.532 0 9.531 9.497 0 9.494
0.056 0 0.056 0.013 0 0.013 10.315 0.004 10.316 10.638 0 10.636 10.615 0 10.612
0.048 0.001 0.049 0.00900000000000001 0.003 0.012 9.51 0.00600000000000001 9.513 10.786 0 10.784 10.751 0 10.749
0.052 0.002 0.054 0.01 0.002 0.011 9.553 0.01 9.562 9.955 0 9.952 9.258 0 9.257
0.053 0 0.053 0.01 0.001 0.011 9.188 0.007 9.193 9.643 0 9.641 9.548 0 9.546
0.052 0.00199999999999999 0.053 0.011 0 0.012 9.449 0.009 9.456 9.933 0 9.929 9.751 0 9.751
0.053 0.001 0.054 0.012 0 0.011 8.971 0.009 8.979 9.388 0 9.385 9.321 0 9.319
0.051 0.00199999999999999 0.054 0.012 0 0.011 9.331 0.018 9.348 9.648 0 9.644 9.58 0 9.579
0.053 0.001 0.054 0.011 0.001 0.012 9.162 0.01 9.17 9.343 0 9.341 9.537 0.000999999999999994 9.536
0.054 0 0.054 0.011 0.001 0.012 9.501 0.006 9.504 9.818 0 9.815 9.842 0 9.841
0.054 0.001 0.055 0.011 0.001 0.011 9.275 0.011 9.284 9.78 0 9.777 9.818 0 9.816
0.054 0.001 0.054 0.012 0 0.012 8.89 0.01 8.898 9.439 0 9.435 9.379 0 9.379
0.055 0 0.054 0.01 0.001 0.011 9.229 0.006 9.231 9.588 0 9.587 9.578 0 9.576
0.046 0 0.047 0.011 0 0.011 8.898 0.006 8.904 9.328 0.004 9.332 9.312 0.004 9.321
0.047 0 0.048 0.011 0 0.011 8.83 0.009 8.837 9.399 0 9.396 9.236 0 9.235
0.046 0.001 0.047 0.011 0 0.011 8.982 0.01 8.989 9.55 0 9.548 9.482 0 9.48
0.055 0 0.054 0.011 0 0.012 9.172 0.009 9.178 9.601 0 9.598 9.564 0 9.564
0.045 0.000999999999999994 0.046 0.011 0 0.011 8.683 0.013 8.694 9.406 0 9.402 9.332 0 9.331
0.052 0 0.053 0.012 0 0.012 9.099 0.007 9.104 9.547 0.001 9.545 9.118 0 9.117
0.055 0 0.055 0.011 0 0.011 9.149 0.011 9.157 9.592 0 9.59 9.513 0 9.511
0.046 0.001 0.047 0.00999999999999998 0.000999999999999994 0.011 8.68 0.009 8.692 9.595 0 9.599 9.475 0 9.48
0.05 0.005 0.055 0.013 0.000999999999999994 0.014 10.351 0.00600000000000001 10.354 10.515 0 10.513 9.587 0 9.592
0.053 0.001 0.054 0.011 0.003 0.014 10.331 0.009 10.337 10.793 0 10.791 10.417 0 10.42
0.052 0.00199999999999999 0.054 0.011 0.001 0.011 9.013 0.007 9.018 9.434 0 9.432 9.363 0 9.361
0.048 0 0.047 0.011 0.00199999999999999 0.013 9.376 0.003 9.376 9.783 0.001 9.781 9.734 0 9.734
0.055 0 0.054 0.011 0 0.011 8.904 0.011 8.914 9.368 0 9.364 9.306 0 9.306
0.047 0.001 0.047 0.00999999999999998 0.001 0.011 9.44 0.007 9.444 9.853 0 9.849 9.74 0 9.739
0.052 0.001 0.053 0.00900000000000001 0.002 0.011 8.701 0.012 8.711 9.218 0 9.216 9.093 0 9.091
0.053 0.001 0.054 0.011 0.000999999999999994 0.011 9.216 0.012 9.225 9.529 0 9.527 9.561 0 9.559
0.053 0.001 0.054 0.011 0.001 0.012 9.561 0.007 9.565 10.177 0.001 10.176 9.817 0 9.814
0.053 0.003 0.057 0.013 0.001 0.013 11.14 0.004 11.141 11.739 0 11.738 11.814 0 11.811
0.047 0.001 0.048 0.011 0 0.011 9.375 0.006 9.378 9.814 0 9.812 9.761 0 9.759
0.053 0.001 0.054 0.01 0.001 0.012 9.544 0.013 9.554 9.534 0 9.532 9.861 0 9.858
0.046 0.001 0.047 0.011 0 0.011 8.818 0.009 8.825 9.356 0 9.354 9.23 0 9.229
0.051 0.002 0.053 0.011 0.001 0.012 8.995 0.005 8.997 9.415 0 9.413 9.315 0 9.313
0.047 0 0.047 0.011 0 0.011 8.855 0.007 8.859 9.845 0.001 9.843 9.782 0 9.781
0.055 0 0.055 0.013 0.001 0.014 10.306 0.007 10.309 10.583 0 10.582 9.78 0 9.778
0.052 0.002 0.054 0.00900000000000001 0.002 0.011 8.972 0.01 8.98 9.419 0 9.416 9.35 0 9.349
0.053 0.001 0.054 0.012 0 0.012 9.524 0.008 9.531 10.003 0 10 9.762 0 9.761
0.059 0 0.059 0.011 0 0.012 9.107 0.004 9.108 9.542 0 9.54 9.449 0 9.447
0.053 0.001 0.054 0.011 0 0.011 8.947 0.007 8.951 9.331 0 9.328 9.509 0 9.507
0.055 0.001 0.057 0.012 0 0.011 9.315 0.008 9.322 9.706 0 9.703 9.666 0 9.665
0.056 0 0.055 0.011 0 0.012 9.58 0.015 9.592 9.951 0 9.949 9.879 0 9.876
0.053 0 0.053 0.011 0 0.011 9.062 0.014 9.074 9.489 0 9.486 9.438 0 9.437
0.054 0.001 0.053 0.00900000000000001 0.002 0.012 8.7 0.011 8.709 9.236 0 9.233 8.911 0 8.911
0.055 0 0.055 0.012 0 0.011 9.034 0.013 9.046 9.335 0 9.333 9.365 0 9.363
0.052 0.001 0.053 0.011 0.001 0.012 9.281 0.01 9.288 9.951 0 9.948 9.798 0 9.796
0.053 0 0.054 0.012 0 0.011 8.979 0.01 8.986 9.412 0 9.411 9.317 0 9.314
0.045 0.002 0.047 0.011 0 0.011 8.872 0.012 8.882 9.942 0 9.939 9.889 0 9.888
0.052 0.001 0.054 0.01 0.001 0.011 8.886 0.007 8.889 9.324 0 9.323 8.764 0 8.763
0.051 0.002 0.054 0.012 0 0.011 8.874 0.006 8.878 9.305 0 9.304 9.212 0 9.209
0.054 0 0.054 0.011 0 0.011 9.109 0.005 9.112 9.507 0 9.505 9.447 0 9.445
0.053 0.001 0.054 0.01 0.001 0.012 9.461 0.004 9.463 9.847 0 9.844 9.815 0 9.813
0.054 0.000999999999999994 0.054 0.012 0.001 0.013 10.121 0.004 10.122 10.536 0 10.534 10.483 0 10.48
0.053 0.001 0.054 0.012 0 0.011 9.497 0.007 9.502 9.594 0 9.591 9.863 0 9.861
0.042 0.004 0.047 0.011 0 0.011 9.275 0.01 9.283 9.911 0 9.908 9.669 0 9.667
0.053 0 0.053 0.01 0.001 0.011 8.947 0.01 8.954 9.369 0 9.366 9.243 0 9.242
0.054 0 0.055 0.011 0 0.011 9.107 0.012 9.116 9.573 0 9.571 9.506 0 9.504
0.054 0.001 0.055 0.012 0.001 0.014 10.071 0.007 10.074 10.6 0 10.598 10.584 0 10.581
0.057 0.001 0.058 0.011 0 0.011 9.086 0.006 9.09 9.461 0 9.459 9.402 0 9.4
0.053 0.001 0.054 0.011 0 0.012 9.074 0.007 9.079 9.252 0 9.252 9.14 0 9.145
0.046 0.001 0.047 0.011 0 0.011 8.846 0.005 8.848 9.202 0 9.199 9.21 0 9.21
0.053 0 0.054 0.011 0 0.011 8.94 0.011 8.947 9.402 0 9.4 9.346 0 9.346
0.047 0.000999999999999994 0.048 0.012 0.002 0.014 9.931 0.004 9.933 10.793 0.00199999999999999 10.792 10.751 0 10.748
0.054 0 0.054 0.00800000000000001 0.003 0.011 9.468 0.011 9.476 9.902 0 9.899 9.636 0 9.634
0.053 0.003 0.055 0.012 0.00199999999999999 0.015 10.355 0.005 10.357 10.841 0.001 10.84 10.774 0 10.77
0.045 0.000999999999999994 0.046 0.011 0 0.011 8.821 0.008 8.826 9.87 0 9.868 9.851 0 9.849
0.053 0.001 0.054 0.011 0 0.011 9.12 0.01 9.127 9.524 0 9.522 8.95 0 8.949
0.051 0.001 0.052 0.00900000000000001 0.002 0.011 8.983 0.009 8.99 9.445 0 9.441 9.405 0 9.404
0.055 0 0.055 0.013 0.001 0.014 10.337 0.006 10.34 10.832 0.001 10.831 10.407 0 10.404
0.052 0.002 0.055 0.012 0 0.011 9.46 0.005 9.462 9.897 0 9.896 9.792 0 9.79
0.053 0 0.054 0.012 0 0.011 9.117 0.012 9.13 9.475 0.00199999999999999 9.477 9.437 0.002 9.44
0.054 0 0.055 0.011 0 0.011 9.133 0.011 9.141 9.571 0 9.57 9.551 0 9.549
0.046 0.002 0.048 0.012 0.000999999999999994 0.014 10.157 0.003 10.156 10.634 0 10.632 10.611 0 10.608
0.052 0.001 0.053 0.00900000000000001 0.00199999999999999 0.011 8.979 0.008 8.984 9.402 0 9.399 9.554 0 9.552
0.053 0.001 0.054 0.012 0 0.012 9.48 0.012 9.49 9.909 0 9.906 9.804 0 9.803
0.047 0.001 0.048 0.013 0 0.014 9.927 0.005 9.929 10.807 0 10.805 10.761 0 10.757
0.053 0 0.053 0.012 0 0.011 9.142 0.003 9.144 9.553 0.001 9.55 9.358 0 9.358
0.052 0.003 0.056 0.013 0.001 0.014 10.29 0.004 10.29 10.831 0 10.829 10.765 0 10.763
0.053 0 0.053 0.011 0 0.012 8.846 0.012 8.857 9.215 0 9.212 9.154 0 9.153
0.047 0 0.047 0.011 0 0.011 8.881 0.008 8.887 9.562 0 9.559 9.188 0 9.188
0.047 0 0.046 0.00999999999999998 0.001 0.011 8.909 0.005 8.912 9.357 0.001 9.357 9.21 0 9.207
0.053 0.001 0.053 0.011 0 0.011 8.773 0.018 8.788 9.301 0 9.298 9.02 0 9.018
0.056 0 0.055 0.011 0 0.012 9.088 0.014 9.099 9.544 0 9.542 9.477 0 9.475
0.052 0 0.052 0.011 0 0.012 9.543 0.01 9.551 9.976 0 9.974 9.889 0 9.886
0.054 0.001 0.055 0.012 0.001 0.013 10.292 0.009 10.298 10.767 0 10.765 10.502 0 10.499
0.054 0 0.053 0.01 0.001 0.012 9.331 0.007 9.335 9.912 0 9.91 9.634 0 9.632
0.052 0.002 0.053 0.011 0 0.012 8.902 0.013 8.912 9.394 0 9.392 9.331 0 9.328
0.051 0.003 0.054 0.01 0.001 0.011 9.391 0.009 9.397 9.855 0 9.852 9.583 0 9.582
0.054 0 0.053 0.011 0.001 0.012 9.13 0.009 9.137 9.593 0.001 9.591 9.496 0 9.495
0.052 0 0.052 0.011 0 0.012 9.511 0.003 9.51 9.961 0.001 9.961 9.853 0 9.85
0.053 0.002 0.055 0.011 0.003 0.014 10.312 0.00799999999999999 10.317 10.819 0 10.817 10.55 0 10.547
0.052 0.000999999999999994 0.053 0.01 0.002 0.012 9.509 0.005 9.511 9.926 0 9.924 9.88 0 9.878
0.046 0.001 0.047 0.00999999999999998 0.001 0.011 9.112 0.013 9.126 9.927 0 9.927 9.889 0 9.887
0.053 0 0.053 0.00900000000000001 0.003 0.011 9.13 0.01 9.138 9.598 0 9.596 9.213 0 9.212
0.053 0.002 0.055 0.01 0.001 0.011 9.502 0.011 9.511 9.942 0 9.939 9.845 0.000999999999999994 9.844
0.054 0.001 0.055 0.014 0 0.014 10.142 0.004 10.143 10.64 0 10.638 10.599 0 10.596
0.058 0 0.058 0.011 0.001 0.012 9.132 0.005 9.135 9.476 0.001 9.475 9.495 0 9.492
0.053 0.001 0.053 0.011 0 0.012 9.029 0.015 9.042 9.437 0 9.434 9.287 0 9.285
0.047 0 0.047 0.011 0 0.011 8.995 0.00899999999999999 9.002 9.206 0 9.202 9.148 0 9.147
0.052 0.001 0.053 0.01 0.001 0.011 8.9 0.012 8.91 9.386 0 9.384 9.336 0 9.334
0.051 0.001 0.052 0.00900000000000001 0.002 0.012 9.611 0.007 9.615 10.002 0 10 9.917 0 9.915
0.052 0.000999999999999994 0.054 0.011 0 0.011 9.479 0.007 9.483 9.983 0 9.98 9.868 0 9.866
0.052 0.001 0.053 0.011 0.000999999999999997 0.012 8.773 0.007 8.778 9.526 0 9.524 9.194 0 9.193
0.052 0.00199999999999999 0.055 0.012 0.002 0.014 10.065 0.002 10.064 10.722 0 10.721 10.449 0 10.445
0.047 0.002 0.048 0.012 0.001 0.013 10.037 0.007 10.041 10.415 0.002 10.415 10.373 0 10.37
0.054 0 0.054 0.011 0 0.011 9.46 0.008 9.467 9.701 0.002 9.708 9.447 0 9.452
0.054 0 0.054 0.012 0 0.012 9.152 0.013 9.163 9.524 0 9.523 9.512 0 9.509
0.052 0 0.052 0.012 0 0.011 9.101 0.011 9.11 9.556 0 9.553 9.508 0 9.506
0.053 0.001 0.054 0.01 0.001 0.011 9.144 0.008 9.15 9.438 0 9.435 9.424 0 9.423
0.054 0 0.053 0.011 0 0.012 9.359 0.008 9.364 9.813 0.001 9.812 9.694 0 9.692
0.045 0.001 0.046 0.00999999999999998 0.001 0.011 8.683 0.007 8.688 9.406 0 9.403 9.328 0 9.327
0.053 0 0.052 0.011 0.001 0.012 9.413 0.011 9.422 9.863 0 9.86 9.336 0 9.335
0.047 0 0.047 0.01 0.001 0.011 9.146 0.011 9.155 9.556 0 9.555 9.498 0 9.495
0.053 0.001 0.054 0.011 0 0.011 8.996 0.008 9.002 9.429 0 9.427 9.398 0 9.396
0.054 0 0.054 0.011 0.001 0.012 9.53 0.012 9.539 9.608 0 9.607 9.958 0 9.955
0.054 0 0.053 0.011 0 0.012 8.942 0.012 8.951 9.269 0 9.266 9.039 0 9.039
0.053 0 0.053 0.011 0.001 0.012 9.342 0.016 9.355 9.829 0 9.826 9.906 0 9.904
0.054 0.001 0.055 0.011 0.003 0.014 10.435 0.007 10.439 10.911 0 10.908 10.847 0 10.845
0.054 0.001 0.055 0.01 0.001 0.012 9.48 0.009 9.489 9.882 0.005 9.888 9.836 0.002 9.84
0.051 0.003 0.054 0.01 0.001 0.012 8.942 0.012 8.951 9.297 0 9.294 9.19 0 9.189
0.046 0 0.046 0.011 0 0.011 8.821 0.008 8.827 9.205 0 9.204 9.186 0 9.183
0.047 0 0.046 0.011 0 0.011 8.474 0.019 8.491 8.901 0 8.9 8.827 0 8.825
0.046 0 0.046 0.00999999999999998 0.001 0.011 8.714 0.009 8.721 9.459 0 9.456 9.408 0 9.406
0.051 0.00199999999999999 0.053 0.011 0 0.011 9.161 0.009 9.168 9.492 0 9.489 9.127 0 9.126
0.046 0.001 0.048 0.014 0 0.014 9.95 0.008 9.955 10.825 0.001 10.823 10.767 0 10.764
0.052 0.002 0.054 0.011 0 0.011 8.951 0.006 8.954 9.386 0 9.384 9.242 0 9.24
0.052 0.00199999999999999 0.054 0.00900000000000001 0.003 0.012 9.239 0.008 9.245 9.665 0 9.662 9.608 0 9.606
0.053 0.001 0.055 0.014 0 0.014 10.127 0.007 10.131 10.647 0 10.646 10.593 0 10.59
0.054 0.001 0.055 0.011 0 0.011 8.944 0.009 8.951 9.661 0 9.659 9.256 0 9.254
0.054 0 0.054 0.011 0 0.011 9.471 0.007 9.476 9.787 0 9.784 9.792 0 9.79
0.053 0.00199999999999999 0.055 0.012 0 0.012 9.449 0.01 9.456 9.944 0 9.941 9.658 0 9.656
0.054 0 0.054 0.011 0 0.011 8.982 0.013 8.993 9.373 0 9.371 9.319 0 9.317
0.053 0.002 0.055 0.011 0.001 0.011 9.138 0.011 9.147 9.562 0 9.559 9.507 0 9.505
0.053 0.000999999999999994 0.054 0.011 0 0.012 9.515 0.009 9.522 9.999 0 9.997 9.82 0 9.816
0.044 0.002 0.047 0.011 0 0.011 9.057 0.008 9.062 9.392 0 9.396 9.131 0 9.129
0.054 0 0.054 0.011 0 0.011 9.13 0.007 9.134 9.557 0 9.555 9.5 0 9.499
0.053 0.001 0.054 0.011 0 0.012 9.354 0.01 9.361 9.796 0 9.793 9.751 0 9.75
0.053 0.00199999999999999 0.056 0.011 0.003 0.014 10.376 0.006 10.379 10.467 0.001 10.466 10.771 0 10.769
0.053 0.000999999999999997 0.053 0.01 0.002 0.012 8.86 0.015 8.877 9.44 0.003 9.444 9.39 0 9.391
0.045 0.001 0.046 0.00900000000000001 0.002 0.011 8.846 0.004 8.848 9.912 0 9.908 9.849 0 9.849
0.053 0 0.054 0.01 0.001 0.011 9.051 0.008 9.056 9.471 0 9.469 8.894 0.001 8.892
0.053 0.001 0.054 0.011 0.001 0.012 9.053 0.007 9.057 9.488 0 9.486 9.408 0 9.406
0.054 0 0.054 0.011 0 0.011 9.456 0.011 9.464 9.93 0 9.928 9.767 0 9.765
0.045 0.001 0.046 0.00999999999999998 0.001 0.011 9.353 0.01 9.36 10.56 0 10.559 10.568 0 10.565
0.06 0.00199999999999999 0.061 0.015 0 0.015 11.166 0.007 11.17 11.7 0 11.698 11.424 0 11.421
0.052 0.002 0.053 0.011 0 0.012 8.861 0.008 8.867 9.366 0 9.364 9.271 0 9.268
0.055 0 0.055 0.01 0.001 0.011 9.011 0.009 9.018 9.519 0.001 9.518 9.333 0 9.332
0.053 0 0.053 0.012 0 0.012 9.185 0.013 9.195 9.541 0 9.539 9.586 0 9.584
0.045 0.00199999999999999 0.047 0.011 0 0.011 8.948 0.008 8.954 9.359 0 9.356 9.445 0 9.444
0.054 0 0.054 0.01 0.001 0.011 9.538 0.009 9.544 9.949 0.002 9.949 9.937 0 9.936
0.052 0.003 0.056 0.014 0 0.014 10.021 0.005 10.023 10.473 0.001 10.472 10.617 0 10.614
0.052 0.001 0.053 0.011 0 0.011 9.451 0.01 9.457 9.887 0 9.885 9.809 0 9.807
0.047 0 0.047 0.01 0.001 0.011 9.032 0.009 9.038 9.419 0 9.417 9.39 0 9.388
0.054 0 0.053 0.011 0 0.012 8.905 0.012 8.915 9.244 0 9.241 9.318 0 9.318
0.044 0.00199999999999999 0.046 0.011 0 0.011 9.04 0.005 9.042 9.356 0 9.355 9.236 0 9.233
0.053 0.001 0.053 0.011 0 0.012 8.98 0.013 8.989 9.42 0 9.419 9.372 0 9.369
0.052 0 0.052 0.011 0.001 0.012 8.987 0.006 8.991 9.418 0 9.416 9.341 0 9.339
0.054 0 0.054 0.01 0.001 0.011 9.514 0.011 9.523 9.981 0 9.979 9.769 0 9.766
0.052 0.000999999999999994 0.054 0.01 0.001 0.011 9.024 0.009 9.031 9.448 0 9.445 9.376 0 9.374
0.049 0 0.048 0.013 0 0.014 10.327 0.005 10.33 10.482 0 10.479 10.884 0 10.881
0.054 0 0.053 0.011 0.001 0.012 9.49 0.013 9.501 9.796 0 9.793 9.832 0 9.83
0.062 0.001 0.062 0.01 0.001 0.011 8.837 0.01 8.844 9.307 0 9.304 9.093 0 9.091
0.053 0.001 0.054 0.00900000000000001 0.002 0.011 8.908 0.009 8.915 9.32 0 9.317 9.204 0 9.204
0.051 0 0.052 0.011 0.001 0.012 9.531 0.012 9.539 9.953 0 9.951 9.808 0 9.805
0.053 0.001 0.053 0.012 0 0.012 9.121 0.007 9.126 9.599 0 9.596 9.517 0 9.516
0.047 0 0.048 0.011 0 0.011 8.806 0.008 8.811 9.15 0 9.148 9.066 0 9.063
0.052 0.001 0.054 0.011 0.003 0.013 10.277 0.011 10.285 10.78 0.001 10.779 10.384 0 10.382
0.047 0 0.047 0.00999999999999998 0.001 0.011 9.037 0.004 9.039 9.321 0 9.318 9.19 0 9.19
0.051 0.002 0.053 0.01 0.001 0.011 8.855 0.007 8.861 9.31 0 9.306 9.218 0 9.218
0.053 0.001 0.054 0.01 0.001 0.012 8.83 0.012 8.838 9.427 0 9.425 9.286 0 9.285
0.054 0 0.054 0.01 0.001 0.011 9.312 0.008 9.317 9.8 0 9.798 9.75 0 9.748
0.045 0.001 0.046 0.01 0.001 0.011 8.983 0.01 8.991 9.228 0 9.225 9.169 0 9.167
0.054 0 0.054 0.011 0 0.011 9.525 0.011 9.533 9.912 0 9.91 9.807 0 9.805
0.054 0 0.054 0.00900000000000001 0.002 0.011 9.091 0.00899999999999999 9.098 9.583 0 9.581 9.509 0 9.506
0.05 0.003 0.053 0.01 0.002 0.012 9.453 0.006 9.458 9.989 0 9.985 9.799 0 9.797
0.052 0.000999999999999994 0.053 0.011 0 0.011 9.02 0.00600000000000001 9.024 9.238 0 9.236 9.391 0 9.389
0.046 0.002 0.048 0.011 0.00199999999999999 0.013 10.196 0.004 10.197 10.43 0 10.428 10.546 0 10.543
0.047 0 0.048 0.00999999999999998 0.001 0.011 8.903 0.008 8.908 9.387 0.001 9.385 9.497 0 9.494
0.053 0.001 0.054 0.011 0 0.012 9.475 0.009 9.481 9.921 0.000999999999999994 9.919 9.786 0 9.784
0.046 0 0.046 0.011 0 0.011 8.947 0.011 8.956 9.359 0 9.357 9.249 0 9.246
0.052 0.001 0.053 0.012 0.001 0.013 10.331 0.005 10.332 10.72 0 10.718 10.687 0 10.684
0.053 0.002 0.055 0.01 0.003 0.014 10.343 0.007 10.346 10.831 0.00199999999999999 10.831 10.768 0 10.765
0.048 0 0.048 0.012 0.002 0.014 10.151 0.006 10.155 10.568 0 10.566 10.523 0 10.52
0.053 0 0.053 0.013 0 0.013 10.228 0.004 10.229 10.673 0 10.671 10.329 0 10.326
0.046 0.001 0.046 0.00999999999999998 0.001 0.012 9.304 0.01 9.312 9.756 0 9.753 9.715 0 9.713
0.05 0.003 0.053 0.011 0 0.012 8.977 0.015 8.988 9.412 0 9.41 9.352 0 9.35
0.054 0.002 0.055 0.013 0.001 0.014 9.886 0.004 9.888 10.871 0 10.869 10.27 0 10.267
0.052 0.001 0.053 0.011 0.001 0.012 9.185 0.007 9.19 9.521 0 9.518 9.517 0 9.517
0.054 0.001 0.055 0.013 0 0.014 10.041 0.007 10.043 10.483 0.001 10.482 10.728 0 10.725
0.052 0.002 0.053 0.012 0 0.012 9.552 0.005 9.555 9.925 0 9.923 9.835 0 9.832
0.052 0.002 0.054 0.011 0 0.012 9.482 0.008 9.487 9.917 0 9.915 9.891 0 9.89
0.047 0.001 0.048 0.00900000000000001 0.002 0.011 8.799 0.015 8.812 9.239 0 9.236 9.207 0 9.206
0.046 0 0.046 0.011 0 0.011 8.53 0.008 8.536 8.92 0 8.918 8.882 0 8.88
0.046 0 0.046 0.00999999999999998 0.001 0.011 8.836 0.007 8.841 9.209 0 9.207 9.187 0 9.185
0.051 0.001 0.052 0.012 0.000999999999999994 0.014 9.422 0.004 9.422 10.812 0 10.81 10.757 0 10.754
0.053 0.001 0.054 0.011 0 0.011 8.963 0.012 8.973 9.404 0 9.4 8.95 0 8.95
0.05 0.002 0.051 0.00900000000000001 0.002 0.012 9.488 0.016 9.501 9.91 0 9.906 9.886 0 9.886
0.054 0 0.053 0.01 0.001 0.012 9.368 0.009 9.375 9.849 0 9.846 9.742 0 9.74
0.053 0 0.053 0.011 0.001 0.012 9.662 0.008 9.667 10.093 0 10.092 9.931 0 9.928
0.054 0 0.054 0.011 0 0.011 9.139 0.009 9.146 9.285 0 9.283 9.579 0 9.578
0.055 0 0.055 0.013 0.001 0.015 10.38 0.007 10.383 10.656 0 10.655 10.769 0 10.766
0.053 0 0.053 0.012 0 0.012 8.837 0.005 8.84 9.391 0 9.388 9.133 0 9.131
0.054 0 0.054 0.011 0 0.011 8.982 0.01 8.99 9.409 0 9.406 9.344 0 9.342
0.054 0 0.054 0.00900000000000001 0.003 0.011 9.523 0.013 9.535 10.019 0 10.016 9.858 0 9.855
0.054 0.002 0.056 0.013 0 0.013 10.423 0.00600000000000001 10.426 10.799 0 10.797 10.521 0 10.517
0.053 0.002 0.054 0.011 0 0.011 9.442 0.013 9.452 9.838 0 9.835 9.806 0 9.806
0.046 0.001 0.047 0.00999999999999998 0.001 0.011 9.155 0.008 9.16 9.377 0 9.373 9.28 0 9.279
0.054 0 0.054 0.012 0 0.012 9.607 0.007 9.611 10.081 0 10.079 9.947 0 9.945
0.054 0 0.055 0.012 0 0.011 9.604 0.007 9.609 10.081 0 10.08 9.967 0 9.964
0.054 0.001 0.055 0.014 0 0.014 10.139 0.006 10.142 10.64 0 10.637 10.579 0 10.577
0.055 0 0.054 0.01 0.001 0.012 9.046 0.009 9.052 9.584 0 9.582 9.426 0 9.425
0.053 0.001 0.054 0.011 0 0.011 9.112 0.011 9.121 9.418 0 9.416 9.444 0 9.442
0.046 0.001 0.047 0.011 0 0.011 8.394 0.011 8.403 9.301 0 9.298 9.244 0 9.243
0.052 0.001 0.053 0.011 0.001 0.011 9.547 0.005 9.551 9.845 0 9.842 9.113 0 9.111
0.053 0 0.054 0.013 0.001 0.014 10.312 0.00899999999999999 10.318 10.789 0.001 10.788 10.532 0 10.529
0.053 0.000999999999999994 0.054 0.011 0 0.011 9.5 0.016 9.514 9.942 0 9.938 9.863 0 9.862
0.05 0.002 0.052 0.011 0 0.011 8.941 0.007 8.946 9.368 0.001 9.366 9.289 0 9.288
0.054 0 0.055 0.013 0 0.013 10.333 0.005 10.336 10.713 0 10.711 10.314 0 10.311
0.054 0.000999999999999994 0.055 0.013 0.001 0.014 10.173 0.005 10.176 10.643 0.00199999999999999 10.642 10.611 0 10.609
0.054 0.001 0.055 0.013 0.001 0.014 10.197 0.003 10.197 10.609 0 10.608 10.486 0 10.483
0.044 0.002 0.047 0.01 0.002 0.011 8.817 0.007 8.822 9.358 0 9.356 9.237 0 9.235
0.049 0 0.048 0.012 0 0.013 10.089 0.006 10.092 10.464 0 10.462 10.43 0 10.427
0.053 0 0.054 0.011 0.001 0.011 8.994 0.009 9.002 9.392 0 9.389 9.312 0 9.31
0.056 0.004 0.06 0.014 0 0.014 10.615 0.002 10.614 11.232 0.001 11.231 11.039 0 11.037
0.045 0.001 0.046 0.00999999999999998 0.001 0.011 8.579 0.007 8.584 8.982 0 8.979 8.864 0 8.863
0.054 0 0.054 0.011 0 0.011 9.129 0.01 9.137 9.455 0 9.452 9.446 0 9.445
0.052 0.001 0.054 0.012 0 0.011 9.289 0.008 9.296 9.809 0 9.806 9.79 0 9.787
0.052 0.003 0.055 0.012 0.002 0.014 10.284 0.007 10.288 10.775 0 10.773 10.73 0 10.728
0.056 0 0.057 0.011 0.003 0.014 10.5 0.004 10.5 10.941 0 10.939 10.882 0 10.88
0.054 0 0.054 0.00900000000000001 0.002 0.012 9.056 0.01 9.063 9.444 0.000999999999999994 9.443 9.447 0 9.445
0.047 0.001 0.048 0.012 0.001 0.013 9.48 0.003 9.48 10.814 0 10.812 10.766 0 10.763
0.053 0.001 0.054 0.011 0 0.011 8.915 0.006 8.918 9.384 0 9.382 8.935 0 8.933
0.05 0.001 0.051 0.011 0 0.011 9.468 0.009 9.475 9.912 0 9.909 9.823 0 9.822
0.054 0.001 0.056 0.013 0.001 0.013 10.331 0.006 10.335 10.824 0 10.822 10.463 0 10.46
0.055 0 0.055 0.011 0 0.011 8.823 0.006 8.827 9.266 0 9.264 9.187 0 9.185
0.053 0 0.053 0.01 0.002 0.011 9.485 0.008 9.491 9.896 0.001 9.894 9.697 0 9.696
0.052 0.00199999999999999 0.053 0.011 0.001 0.011 8.845 0.007 8.85 9.293 0 9.291 9.221 0 9.219
0.053 0.001 0.054 0.00900000000000001 0.002 0.011 8.964 0.006 8.968 9.475 0 9.472 9.432 0 9.43
0.054 0 0.053 0.01 0.001 0.012 9.09 0.006 9.094 9.462 0 9.459 9.255 0 9.252
0.052 0.00199999999999999 0.054 0.01 0.002 0.011 9.093 0.013 9.105 9.498 0.001 9.497 9.43 0 9.428
0.054 0 0.054 0.01 0.001 0.011 8.919 0.013 8.93 9.413 0.001 9.411 9.297 0 9.296
0.046 0 0.047 0.01 0.001 0.011 9.175 0.007 9.18 9.432 0 9.43 9.456 0 9.454
0.046 0 0.046 0.011 0 0.011 8.58 0.013 8.592 9.532 0 9.528 9.552 0 9.55
0.051 0.003 0.054 0.012 0.000999999999999994 0.013 10.364 0.003 10.364 10.452 0.002 10.451 9.748 0 9.747
0.053 0.002 0.054 0.01 0.002 0.012 9.445 0.009 9.453 9.912 0 9.908 9.864 0 9.864
0.055 0 0.055 0.013 0.000999999999999994 0.014 10.315 0.008 10.32 10.817 0 10.815 10.52 0 10.517
0.051 0 0.05 0.011 0 0.011 9 0.014 9.023 9.408 0.008 9.424 9.383 0.00899999999999999 9.399
0.052 0.001 0.053 0.01 0.001 0.011 9.13 0.006 9.133 9.527 0 9.525 9.455 0 9.453
0.054 0 0.054 0.01 0.002 0.012 9.504 0.012 9.513 9.908 0.001 9.907 9.805 0 9.804
0.046 0 0.047 0.01 0.000999999999999997 0.011 8.777 0.009 8.784 9.091 0 9.096 8.791 0 8.797
0.046 0.001 0.047 0.00900000000000001 0.002 0.011 9.486 0.009 9.493 9.812 0 9.808 9.668 0 9.666
0.055 0 0.054 0.011 0 0.012 9.64 0.006 9.642 10.056 0 10.056 9.985 0 9.981
0.052 0.00199999999999999 0.053 0.012 0 0.012 9.438 0.00700000000000001 9.443 9.874 0 9.871 9.795 0 9.794
0.053 0.001 0.053 0.01 0.001 0.012 8.945 0.007 8.949 9.34 0 9.337 9.445 0 9.443
0.054 0 0.054 0.011 0 0.011 8.913 0.009 8.92 9.351 0 9.348 9.276 0 9.275
0.053 0.001 0.055 0.011 0.001 0.011 9.244 0.007 9.249 9.646 0 9.644 9.577 0 9.576
0.054 0 0.054 0.011 0 0.011 9.464 0.008 9.469 9.911 0 9.909 9.876 0 9.874
0.054 0 0.054 0.012 0 0.012 9.307 0.011 9.316 9.719 0 9.716 9.715 0 9.713
0.052 0.002 0.054 0.012 0 0.012 9.322 0.008 9.328 10.08 0 10.078 9.647 0 9.645
0.053 0 0.053 0.012 0 0.012 9.089 0.004 9.09 9.362 0 9.359 9.415 0 9.414
0.045 0.001 0.046 0.011 0 0.011 8.604 0.008 8.61 9.528 0.001 9.526 9.516 0 9.515
0.051 0.002 0.053 0.011 0 0.011 8.968 0.00799999999999999 8.974 9.338 0 9.335 8.759 0 8.758
0.055 0.001 0.056 0.014 0 0.014 10.331 0.005 10.334 10.82 0 10.817 10.378 0 10.375
0.053 0 0.054 0.00900000000000001 0.002 0.011 8.838 0.005 8.841 9.308 0 9.305 9.196 0 9.195
0.055 0 0.055 0.012 0.00199999999999999 0.014 10.371 0.00600000000000001 10.374 10.921 0 10.919 10.584 0 10.581
0.053 0 0.053 0.01 0.001 0.012 9.12 0.014 9.131 9.599 0 9.596 9.562 0 9.56
0.052 0.002 0.054 0.011 0 0.011 9.451 0.008 9.456 9.884 0.001 9.882 9.847 0 9.846
0.053 0.001 0.054 0.011 0.001 0.012 9.316 0.004 9.32 9.387 0 9.392 9.461 0 9.463
0.056 0 0.056 0.013 0.001 0.014 10.12 0.004 10.122 10.751 0 10.749 10.483 0 10.481
0.054 0.001 0.055 0.012 0.002 0.014 10.054 0.004 10.054 10.675 0.002 10.676 10.688 0 10.684
0.054 0 0.054 0.011 0 0.011 9.146 0.009 9.154 9.529 0 9.527 9.508 0 9.505
0.054 0.001 0.055 0.011 0 0.011 9.222 0.007 9.227 9.66 0 9.657 9.595 0 9.594
0.053 0.001 0.054 0.012 0 0.012 9.097 0.012 9.106 9.543 0 9.541 9.47 0 9.468
0.053 0.003 0.056 0.011 0.003 0.014 9.895 0.006 9.899 10.872 0 10.87 10.283 0 10.28
0.048 0.001 0.048 0.012 0.001 0.013 9.406 0.008 9.411 9.815 0 9.813 9.742 0 9.74
0.052 0.00199999999999999 0.053 0.011 0 0.011 9.393 0.004 9.395 9.738 0 9.735 9.806 0 9.806
0.056 0 0.056 0.013 0 0.013 10.019 0.006 10.022 10.665 0.002 10.665 10.397 0 10.393
0.053 0.001 0.054 0.011 0 0.011 8.908 0.007 8.913 9.349 0 9.347 9.251 0 9.249
0.056 0 0.056 0.013 0 0.013 10.466 0.007 10.47 10.784 0 10.782 10.746 0 10.743
0.056 0 0.056 0.014 0 0.014 10.344 0.003 10.346 10.789 0 10.786 10.755 0 10.753
0.046 0.001 0.048 0.013 0 0.012 9.418 0.001 9.417 9.725 0 9.723 9.654 0 9.653
0.053 0.001 0.053 0.011 0 0.012 8.857 0.006 8.86 9.281 0 9.279 9.191 0 9.19
0.044 0.001 0.046 0.011 0.001 0.011 8.592 0.012 8.603 8.963 0 8.961 8.883 0 8.881
0.046 0 0.046 0.01 0.001 0.011 8.879 0.006 8.882 9.954 0 9.952 9.925 0 9.923
0.055 0 0.056 0.012 0.002 0.014 10.408 0.003 10.408 10.665 0 10.663 9.841 0 9.838
0.051 0 0.051 0.012 0 0.012 9.476 0.01 9.483 9.937 0 9.934 9.891 0 9.889
0.054 0 0.054 0.011 0 0.012 9.515 0.008 9.52 9.934 0 9.932 9.854 0 9.851
0.053 0 0.053 0.00900000000000001 0.00199999999999999 0.012 9.539 0.005 9.54 9.932 0.000999999999999994 9.93 9.886 0 9.885
0.053 0.00199999999999999 0.055 0.011 0 0.011 9.554 0.01 9.562 9.627 0 9.625 9.861 0 9.859
0.053 0.001 0.053 0.011 0.001 0.012 9.424 0.012 9.434 9.845 0 9.842 9.804 0 9.802
0.048 0 0.048 0.011 0 0.011 9.025 0.008 9.031 9.395 0 9.392 9.375 0 9.374
0.047 0.001 0.048 0.011 0 0.011 8.881 0.012 8.891 9.336 0 9.333 9.248 0 9.247
0.054 0 0.054 0.011 0 0.012 8.924 0.01 8.931 9.365 0 9.363 9.247 0 9.245
0.053 0 0.053 0.011 0 0.011 9.259 0.008 9.265 9.66 0 9.657 9.59 0 9.589
0.054 0 0.053 0.01 0.001 0.011 9.47 0.00899999999999999 9.476 9.915 0 9.913 9.777 0 9.775
0.053 0.001 0.054 0.01 0.001 0.011 9.121 0.007 9.125 9.548 0 9.546 9.452 0 9.451
0.052 0.001 0.054 0.01 0.001 0.011 8.79 0.007 8.795 9.242 0 9.239 9.321 0 9.318
0.054 0.001 0.054 0.011 0 0.011 9.499 0.006 9.503 9.887 0 9.884 9.856 0 9.854
0.053 0.000999999999999994 0.055 0.012 0 0.011 9.298 0.009 9.305 9.552 0.001 9.55 9.501 0 9.5
0.054 0 0.054 0.01 0.001 0.012 9.205 0.012 9.213 9.592 0.001 9.591 9.433 0 9.434
0.054 0 0.053 0.011 0 0.012 9.366 0.01 9.374 9.8 0 9.796 9.676 0 9.675
0.054 0 0.054 0.012 0 0.012 8.829 0.011 8.837 9.442 0.001 9.441 9.111 0 9.111
0.044 0.002 0.046 0.00999999999999998 0.001 0.011 8.679 0.007 8.684 9.248 0 9.246 9.118 0 9.116
0.046 0 0.047 0.00999999999999998 0.001 0.011 8.85 0.004 8.852 9.981 0 9.978 9.934 0.002 9.935
0.054 0.001 0.055 0.01 0.002 0.013 10.233 0.004 10.235 10.511 0 10.509 9.745 0 9.741
0.055 0 0.055 0.011 0 0.011 9.453 0.008 9.46 9.894 0 9.89 9.755 0 9.753
0.053 0 0.053 0.011 0 0.011 9.095 0.01 9.103 9.553 0 9.551 9.47 0 9.468
0.055 0 0.055 0.011 0.001 0.011 9.439 0.007 9.444 9.937 0 9.934 9.85 0 9.851
0.052 0.000999999999999994 0.053 0.011 0 0.011 8.909 0.01 8.917 9.388 0 9.384 9.339 0 9.338
0.054 0 0.054 0.011 0 0.012 9.023 0.009 9.033 9.439 0.00199999999999999 9.441 9.376 0.005 9.386
0.054 0 0.054 0.012 0 0.011 9.503 0.013 9.514 9.745 0 9.743 9.919 0 9.917
0.053 0.000999999999999994 0.054 0.01 0.002 0.011 9.29 0.007 9.296 9.791 0 9.788 9.741 0 9.739
0.052 0.001 0.053 0.01 0.002 0.011 9.021 0.008 9.027 9.495 0 9.492 9.534 0 9.533
0.051 0.001 0.052 0.011 0.001 0.011 8.961 0.007 8.967 9.408 0 9.405 9.345 0 9.344
0.053 0.001 0.055 0.012 0 0.011 9.512 0.005 9.515 9.811 0 9.809 9.763 0 9.762
0.054 0.001 0.054 0.011 0 0.012 9.197 0.008 9.203 9.573 0 9.569 9.506 0 9.505
0.051 0.002 0.053 0.012 0 0.012 9.05 0.011 9.058 9.416 0 9.414 9.329 0 9.327
0.055 0 0.055 0.014 0 0.014 10.034 0.007 10.038 10.695 0 10.693 10.63 0 10.626
0.053 0.001 0.054 0.011 0.001 0.012 9.57 0.011 9.579 10.071 0 10.069 9.89 0 9.888
0.053 0.001 0.054 0.011 0.001 0.012 9.49 0.013 9.501 9.97 0 9.967 9.854 0 9.852
0.053 0 0.053 0.011 0.001 0.012 8.867 0.014 8.879 9.292 0 9.29 9.181 0 9.18
0.054 0 0.053 0.01 0.001 0.012 9.021 0.01 9.028 9.468 0 9.465 9.388 0 9.387
0.046 0.001 0.047 0.00999999999999998 0.001 0.011 9.038 0.005 9.04 9.535 0 9.533 9.43 0 9.429
0.045 0.000999999999999994 0.046 0.011 0 0.011 8.367 0.009 8.374 9.216 0 9.213 9.185 0 9.184
0.053 0 0.053 0.01 0.00199999999999999 0.012 9.392 0.011 9.399 9.701 0 9.698 9.143 0 9.143
0.053 0 0.053 0.011 0 0.011 8.924 0.012 8.934 9.392 0 9.39 9.344 0 9.343
0.054 0 0.053 0.01 0.001 0.012 9.456 0.003 9.457 9.73 0 9.727 9.588 0 9.586
0.061 0.001 0.0609999999999999 0.00800000000000001 0.003 0.012 9.673 0.009 9.679 10.163 0 10.163 9.918 0 9.914
0.06 0.002 0.0619999999999999 0.013 0.001 0.013 10.512 0.005 10.515 10.985 0 10.982 10.556 0 10.553
0.054 0 0.054 0.011 0 0.011 9.391 0.009 9.397 9.799 0.001 9.798 9.834 0 9.832
0.047 0 0.047 0.011 0 0.011 9.04 0.008 9.045 9.237 0 9.235 9.154 0 9.16
0.054 0 0.054 0.011 0 0.011 8.878 0.008 8.884 9.326 0 9.323 9.225 0 9.224
0.049 0 0.05 0.011 0 0.011 9.027 0.009 9.032 9.444 0.001 9.443 9.4 0 9.398
0.054 0 0.054 0.012 0 0.012 9.516 0.012 9.526 9.953 0 9.951 9.846 0.001 9.843
0.047 0 0.046 0.01 0.001 0.012 8.562 0.007 8.567 8.925 0 8.922 8.851 0 8.851
0.053 0 0.054 0.012 0 0.011 9.038 0.01 9.046 9.453 0 9.45 9.374 0 9.373
0.052 0.002 0.054 0.00900000000000001 0.002 0.011 8.857 0.013 8.868 9.197 0 9.195 9.255 0 9.254
0.052 0 0.052 0.011 0 0.011 9.487 0.009 9.493 9.946 0 9.944 9.834 0 9.832
0.053 0.001 0.053 0.00900000000000001 0.002 0.012 9.424 0.008 9.43 9.861 0 9.858 9.857 0 9.855
0.054 0 0.053 0.01 0.001 0.011 8.97 0.01 8.977 9.392 0.001 9.392 9.329 0 9.328
0.046 0.001 0.047 0.011 0 0.011 8.898 0.009 8.905 9.326 0 9.324 9.242 0 9.241
0.046 0 0.046 0.011 0 0.011 8.753 0.009 8.761 9.254 0 9.251 9.092 0 9.09
0.053 0 0.053 0.01 0.002 0.012 9.299 0.005 9.301 9.756 0 9.753 9.827 0 9.825
0.053 0 0.054 0.012 0 0.011 9.115 0.00700000000000001 9.12 9.579 0 9.576 9.503 0 9.502
0.053 0.001 0.054 0.012 0 0.012 9.173 0.014 9.185 9.63 0 9.627 9.544 0 9.543
0.054 0 0.055 0.01 0.002 0.011 9.195 0.01 9.204 9.621 0 9.617 9.555 0 9.554
0.044 0.002 0.046 0.011 0 0.011 8.753 0.01 8.759 9.21 0 9.209 9.129 0 9.127
0.052 0 0.052 0.011 0 0.011 9.573 0.00899999999999999 9.58 9.869 0 9.865 9.847 0 9.847
0.052 0.001 0.054 0.012 0 0.011 9.492 0.01 9.5 9.924 0 9.922 9.816 0 9.813
0.053 0.001 0.054 0.01 0.001 0.012 9.204 0.011 9.213 9.936 0 9.932 9.572 0 9.571
0.052 0.002 0.054 0.01 0.000999999999999994 0.011 9.41 0.009 9.416 9.812 0 9.809 9.835 0 9.833
0.053 0.002 0.055 0.013 0.000999999999999997 0.014 9.993 0.007 9.997 10.481 0.001 10.48 10.696 0 10.692
0.053 0.001 0.054 0.012 0 0.012 9.523 0.005 9.524 9.986 0 9.985 9.894 0 9.892
0.054 0.000999999999999997 0.055 0.01 0.001 0.011 9.155 0.009 9.162 9.603 0 9.6 9.544 0 9.542
0.054 0 0.054 0.012 0 0.011 9.089 0.008 9.096 9.513 0 9.51 9.488 0 9.487
0.046 0 0.047 0.01 0.002 0.011 9.282 0.004 9.284 10.086 0 10.083 9.942 0 9.94
0.053 0 0.054 0.011 0.000999999999999997 0.011 9.502 0.008 9.508 9.941 0 9.939 9.463 0 9.46
0.046 0.001 0.046 0.00999999999999998 0.000999999999999994 0.011 8.978 0.013 8.989 9.4 0 9.397 9.372 0 9.371
0.052 0.00199999999999999 0.055 0.01 0.002 0.011 8.968 0.009 8.976 9.413 0 9.409 9.328 0 9.327
0.054 0 0.054 0.011 0 0.011 8.882 0.008 8.888 9.373 0 9.371 9.296 0 9.294
0.053 0 0.053 0.011 0.001 0.012 9.497 0.009 9.502 9.918 0 9.916 9.767 0 9.766
0.054 0 0.054 0.011 0 0.011 9.246 0.01 9.253 9.347 0 9.345 9.636 0 9.635
0.047 0.000999999999999994 0.048 0.012 0.002 0.014 10.095 0.005 10.098 10.642 0 10.64 10.525 0 10.522
0.054 0 0.054 0.011 0.001 0.012 8.833 0.011 8.841 9.215 0 9.213 9.02 0 9.018
0.055 0 0.055 0.01 0.001 0.011 8.997 0.013 9.008 9.427 0 9.426 9.35 0 9.348
0.049 0 0.048 0.011 0.002 0.014 10.341 0.005 10.343 10.84 0 10.838 10.789 0 10.785
0.053 0.001 0.054 0.011 0 0.011 8.821 0.009 8.828 9.281 0 9.279 9.149 0 9.148
0.047 0 0.047 0.01 0.001 0.011 8.544 0.008 8.55 9.45 0 9.446 9.491 0 9.491
0.059 0 0.059 0.011 0 0.011 9.474 0.008 9.479 9.685 0.001 9.684 9.134 0 9.132
0.047 0 0.047 0.011 0 0.011 9.095 0.009 9.101 9.511 0 9.509 9.468 0 9.466
0.046 0 0.047 0.011 0 0.011 8.816 0.007 8.821 9.197 0 9.193 9.555 0 9.554
0.045 0.001 0.046 0.00900000000000001 0.002 0.011 8.916 0.004 8.918 9.289 0 9.287 9.228 0 9.226
0.045 0.001 0.047 0.00899999999999998 0.002 0.011 9.488 0.002 9.487 9.874 0 9.871 9.8 0 9.798
0.053 0 0.054 0.011 0 0.011 9.219 0.009 9.224 9.951 0.00199999999999999 9.951 9.512 0.001 9.512
0.054 0 0.054 0.01 0.001 0.012 9.094 0.014 9.106 9.415 0 9.413 9.479 0 9.477
0.054 0 0.054 0.01 0.001 0.011 9.122 0.006 9.125 9.376 0 9.373 9.285 0 9.282
0.053 0.001 0.053 0.011 0 0.011 8.998 0.01 9.007 9.468 0.001 9.466 9.38 0 9.379
0.055 0 0.055 0.00900000000000001 0.002 0.011 9.1 0.008 9.106 9.507 0 9.506 9.46 0 9.457
0.053 0.000999999999999994 0.054 0.012 0 0.011 9.092 0.01 9.1 9.528 0 9.525 9.489 0 9.489
0.055 0 0.055 0.013 0.000999999999999994 0.014 9.914 0.004 9.915 9.78 0 9.779 9.718 0 9.715
0.046 0 0.046 0.00999999999999998 0.001 0.011 8.581 0.011 8.59 8.98 0 8.977 8.896 0 8.896
0.045 0 0.046 0.011 0 0.011 8.444 0.011 8.453 9.331 0 9.328 9.317 0 9.316
0.052 0.001 0.053 0.011 0.001 0.011 9.499 0.01 9.508 9.738 0 9.735 9.101 0 9.099
0.049 0.003 0.052 0.00999999999999998 0.002 0.012 9.452 0.008 9.459 9.943 0 9.939 9.842 0 9.84
0.052 0.002 0.054 0.011 0 0.011 9.11 0.009 9.116 9.573 0 9.572 9.473 0 9.47
0.054 0 0.054 0.00900000000000001 0.002 0.011 9.531 0.008 9.537 10.004 0 10.003 9.799 0 9.796
0.052 0.001 0.053 0.011 0 0.011 8.797 0.012 8.807 9.238 0 9.236 9.159 0 9.157
0.061 0 0.061 0.013 0.001 0.014 10.76 0.007 10.769 11.099 0.000999999999999994 11.107 10.896 0.003 10.911
0.053 0 0.053 0.011 0 0.011 9.531 0.011 9.54 9.633 0 9.631 9.883 0 9.881
0.055 0 0.055 0.013 0.001 0.014 10.012 0.004 10.013 10.729 0 10.727 10.472 0 10.468
0.059 0.001 0.06 0.012 0 0.012 8.911 0.007 8.914 9.364 0 9.362 9.488 0 9.486
0.054 0 0.054 0.011 0 0.012 9.568 0.014 9.579 10.002 0 10 9.88 0 9.878
0.047 0 0.047 0.00999999999999998 0.00199999999999999 0.011 9.182 0.013 9.193 9.58 0 9.578 9.528 0 9.526
0.053 0.001 0.054 0.011 0 0.011 8.885 0.013 8.896 9.373 0 9.371 9.321 0 9.319
0.045 0.001 0.046 0.011 0 0.011 8.538 0.007 8.542 8.944 0 8.942 8.884 0 8.882
0.053 0.001 0.054 0.011 0 0.011 8.845 0.008 8.85 9.468 0.001 9.466 9.249 0 9.246
0.054 0 0.054 0.00900000000000001 0.00199999999999999 0.011 9.465 0.01 9.471 9.847 0.001 9.847 9.786 0 9.784
0.047 0.000999999999999994 0.047 0.011 0 0.011 9.368 0.00700000000000001 9.374 9.719 0 9.716 9.717 0 9.714
0.046 0 0.046 0.012 0 0.012 9.476 0.00899999999999999 9.482 9.957 0.001 9.956 9.89 0 9.888
0.052 0.002 0.054 0.01 0.00199999999999999 0.011 9.466 0.005 9.469 9.875 0 9.872 9.795 0 9.795
0.059 0 0.059 0.011 0.001 0.012 9.832 0.012 9.841 10.162 0.001 10.16 10.104 0 10.103
0.046 0.001 0.047 0.011 0 0.011 8.882 0.007 8.887 9.334 0 9.331 9.154 0.000999999999999994 9.153
0.053 0.001 0.188 0.011 0 0.011 9.307 0.00899999999999999 9.314 9.791 0 9.788 9.651 0 9.65
0.058 0.00199999999999999 0.187 0.012 0 0.012 9.559 0.00700000000000001 9.563 10.081 0 10.079 9.964 0 9.962
0.058 0.00199999999999999 0.187 0.011 0.001 0.012 9.496 0.011 9.504 9.973 0 9.972 9.92 0 9.917
0.053 0 0.052 0.01 0.001 0.012 8.912 0.008 8.918 9.415 0 9.412 9.345 0 9.344
0.053 0 0.053 0.011 0 0.011 9.109 0.013 9.12 9.555 0 9.552 9.479 0 9.477
0.047 0 0.047 0.01 0.001 0.011 8.874 0.012 8.884 9.312 0 9.31 9.225 0 9.222
0.054 0 0.053 0.00900000000000001 0.002 0.012 8.988 0.005 8.99 9.095 0 9.093 9.263 0 9.261
0.054 0 0.053 0.01 0.001 0.012 9.456 0.008 9.462 9.783 0 9.779 9.782 0 9.781
0.053 0.000999999999999997 0.054 0.011 0 0.011 9.137 0.012 9.146 9.354 0 9.351 9.307 0 9.305
0.054 0 0.054 0.011 0 0.011 9.164 0.008 9.169 9.598 0 9.596 9.526 0 9.524
0.056 0 0.056 0.014 0 0.014 10.254 0.005 10.258 10.745 0 10.742 10.708 0 10.705
0.048 0 0.048 0.01 0.001 0.011 9.469 0.006 9.473 9.989 0 9.986 9.959 0 9.957
0.054 0.002 0.055 0.014 0 0.014 10.286 0.003 10.286 10.791 0 10.791 10.745 0 10.741
0.045 0.003 0.047 0.00999999999999998 0.001 0.011 8.687 0.011 8.696 9.142 0 9.139 9.059 0 9.059
0.046 0.001 0.046 0.01 0.001 0.012 8.912 0.008 8.916 10.013 0 10.011 9.943 0 9.941
0.056 0 0.056 0.01 0.001 0.011 9.606 0.007 9.61 9.994 0 9.993 9.195 0 9.192
0.05 0.00199999999999999 0.052 0.011 0 0.011 9.169 0.011 9.177 9.621 0 9.617 9.569 0 9.567
0.053 0 0.054 0.011 0 0.011 9.476 0.013 9.486 9.919 0 9.917 9.78 0 9.778
0.051 0.000999999999999994 0.052 0.011 0.001 0.011 9.568 0.003 9.569 10.013 0 10.011 9.862 0 9.86
0.053 0 0.053 0.012 0 0.012 9.203 0.006 9.206 9.594 0 9.592 9.562 0 9.56
0.046 0.001 0.047 0.011 0 0.011 9.366 0.01 9.374 9.857 0 9.854 9.714 0 9.712
0.053 0.001 0.053 0.011 0 0.012 8.87 0.007 8.874 9.64 0 9.638 9.238 0 9.236
0.053 0.001 0.053 0.011 0 0.012 9.373 0.007 9.377 9.675 0 9.672 9.674 0 9.673
0.054 0 0.053 0.011 0 0.012 9.5 0.008 9.505 9.98 0 9.979 9.839 0 9.835
0.055 0.001 0.056 0.014 0 0.014 10.329 0.001 10.327 10.786 0 10.785 10.731 0 10.728
0.048 0.001 0.048 0.01 0.001 0.012 9.542 0.00899999999999999 9.549 9.994 0 9.992 9.876 0 9.872
0.054 0 0.054 0.012 0 0.012 9.186 0.005 9.188 9.566 0 9.564 9.507 0 9.505
0.044 0.002 0.046 0.011 0.000999999999999994 0.011 8.891 0.007 8.896 9.335 0 9.332 9.171 0 9.17
0.052 0.001 0.054 0.012 0 0.011 8.949 0.006 8.953 9.382 0 9.38 9.243 0 9.242
0.052 0.001 0.054 0.01 0.002 0.012 9.53 0.013 9.54 9.981 0 9.98 9.835 0 9.832
0.047 0.001 0.048 0.011 0 0.011 8.956 0.014 8.968 9.435 0 9.431 9.408 0 9.408
0.048 0 0.048 0.011 0.002 0.013 10.309 0.008 10.314 10.812 0 10.81 10.76 0 10.757
0.055 0 0.054 0.011 0 0.012 9.518 0.012 9.527 10.004 0.001 10.003 9.869 0 9.865
0.058 0 0.058 0.011 0 0.012 9.145 0.01 9.152 9.552 0 9.55 9.543 0 9.541
0.048 0 0.048 0.013 0.001 0.014 10.118 0.011 10.131 10.609 0.013 10.629 10.547 0.026 10.577
0.053 0 0.053 0.011 0 0.012 9.116 0.013 9.126 9.375 0 9.373 9.515 0 9.514
0.054 0 0.053 0.00900000000000001 0.002 0.012 9.462 0.008 9.468 9.953 0 9.95 9.826 0 9.825
0.045 0.001 0.047 0.01 0.001 0.011 8.815 0.009 8.821 9.976 0 9.975 9.91 0 9.907
0.053 0 0.054 0.012 0 0.011 9.511 0.007 9.516 9.912 0 9.909 9.158 0 9.157
0.05 0.001 0.051 0.01 0.001 0.012 8.895 0.013 8.906 9.337 0 9.333 9.217 0 9.216
0.053 0 0.054 0.01 0.001 0.011 8.91 0.007 8.914 9.338 0 9.335 9.261 0 9.26
0.054 0 0.054 0.011 0 0.011 9.287 0.006 9.29 9.671 0 9.669 9.629 0 9.626
0.055 0.001 0.054 0.013 0.001 0.014 10.309 0.003 10.311 10.774 0.001 10.773 10.427 0 10.424
0.055 0 0.055 0.013 0.001 0.014 10.176 0.002 10.175 10.639 0.001 10.638 10.606 0 10.603
0.047 0 0.047 0.00999999999999998 0.001 0.011 8.967 0.012 8.977 9.477 0 9.474 9.273 0 9.272
0.054 0 0.054 0.011 0 0.011 8.795 0.009 8.801 9.17 0 9.167 9.163 0 9.163
0.054 0 0.054 0.011 0 0.011 8.967 0.004 8.968 9.42 0 9.418 9.391 0 9.39
0.055 0.001 0.055 0.013 0.001 0.014 10.259 0.007 10.264 10.766 0 10.764 10.724 0 10.721
0.056 0 0.056 0.013 0.001 0.014 10.378 0.009 10.385 10.865 0 10.863 10.797 0 10.792
0.054 0 0.054 0.00900000000000001 0.003 0.011 8.917 0.011 8.926 9.375 0 9.373 9.329 0 9.327
0.052 0.00199999999999999 0.054 0.011 0.001 0.011 9.492 0.006 9.497 9.946 0 9.942 9.824 0 9.823
0.048 0 0.047 0.00900000000000001 0.002 0.011 9.447 0.011 9.456 9.904 0 9.902 9.775 0 9.772
0.052 0.004 0.056 0.013 0.001 0.014 10.368 0.00899999999999999 10.374 10.839 0.001 10.838 10.798 0 10.795
0.054 0 0.054 0.01 0.001 0.011 8.879 0.015 8.891 9.334 0 9.332 9.251 0 9.249
0.054 0 0.055 0.011 0 0.011 9.308 0.01 9.315 9.896 0.001 9.895 9.742 0 9.74
0.05 0 0.051 0.012 0 0.011 9.175 0.006 9.178 9.559 0 9.557 9.397 0 9.396
0.046 0 0.046 0.011 0 0.011 8.576 0.01 8.584 9.579 0 9.578 9.582 0 9.579
0.054 0 0.054 0.01 0.000999999999999994 0.011 9.16 0.01 9.167 9.519 0 9.517 8.923 0 8.922
0.052 0.001 0.054 0.01 0.001 0.011 8.937 0.009 8.945 9.291 0 9.288 9.193 0 9.192
0.053 0.001 0.053 0.011 0 0.011 9.008 0.008 9.014 9.487 0 9.484 9.379 0 9.377
0.052 0 0.053 0.011 0.001 0.011 9.541 0.009 9.547 9.992 0 9.99 9.948 0 9.945
0.053 0 0.053 0.011 0.001 0.012 9.442 0.009 9.449 9.884 0 9.881 9.83 0 9.828
0.053 0.001 0.054 0.01 0.001 0.011 8.866 0.012 8.879 9.319 0.003 9.322 9.255 0.005 9.266
0.053 0 0.053 0.011 0 0.011 9.175 0.00899999999999999 9.182 9.35 0 9.347 9.468 0 9.468
0.054 0 0.053 0.011 0 0.012 8.869 0.011 8.881 9.228 0.005 9.234 9.263 0.003 9.27
0.054 0 0.054 0.011 0.000999999999999994 0.012 9.069 0.009 9.075 9.501 0 9.499 9.441 0 9.438
0.046 0 0.046 0.00900000000000001 0.002 0.012 8.932 0.013 8.941 9.326 0 9.325 9.279 0 9.278
0.054 0 0.054 0.00900000000000001 0.00199999999999999 0.012 9.29 0.01 9.298 9.563 0 9.56 9.557 0 9.554
0.053 0.001 0.054 0.012 0 0.012 9.417 0.013 9.428 9.901 0.001 9.899 9.8 0 9.799
0.044 0.000999999999999994 0.046 0.011 0 0.011 8.815 0.004 8.816 9.892 0 9.89 9.88 0 9.878
0.055 0 0.055 0.013 0.000999999999999994 0.014 10.374 0.004 10.375 10.598 0 10.596 9.807 0 9.805
0.054 0 0.054 0.01 0.001 0.012 9.149 0.007 9.153 9.551 0 9.55 9.488 0 9.486
0.054 0 0.054 0.01 0.001 0.011 8.923 0.011 8.932 9.373 0.001 9.371 9.274 0 9.273
0.054 0.002 0.056 0.011 0 0.012 9.135 0.013 9.145 9.602 0 9.6 9.516 0 9.514
0.053 0.001 0.054 0.014 0 0.014 10.369 0.004 10.37 10.83 0 10.828 10.446 0 10.443
0.054 0 0.053 0.011 0 0.012 8.881 0.016 8.899 9.359 0.001 9.366 9.303 0.002 9.309
0.052 0.001 0.053 0.01 0.002 0.011 9.18 0.008 9.187 9.87 0 9.868 9.428 0 9.427
0.045 0.003 0.048 0.012 0.002 0.013 10.088 0.005 10.091 10.65 0 10.648 10.506 0 10.503
0.051 0.002 0.054 0.012 0 0.011 9.041 0.01 9.05 9.448 0 9.445 9.417 0 9.415
0.051 0.002 0.054 0.012 0 0.011 9.368 0.01 9.376 9.781 0 9.779 9.701 0 9.699
0.053 0.001 0.055 0.01 0.002 0.011 9.176 0.007 9.182 9.639 0 9.636 9.555 0 9.553
0.054 0 0.054 0.012 0 0.012 9.167 0.01 9.174 9.609 0 9.607 9.543 0 9.541
0.053 0.000999999999999997 0.054 0.011 0.001 0.011 9.059 0.006 9.064 9.458 0 9.462 9.175 0 9.181
0.06 0.001 0.061 0.011 0 0.012 9.007 0.011 9.015 9.46 0 9.458 9.346 0 9.344
0.054 0 0.054 0.01 0.001 0.012 9.548 0.011 9.556 9.969 0 9.967 9.906 0 9.904
0.054 0 0.055 0.011 0.001 0.011 9.243 0.005 9.246 9.651 0.001 9.649 9.661 0 9.661
0.055 0 0.055 0.013 0 0.013 10.071 0.009 10.077 10.469 0 10.467 10.487 0 10.484
0.053 0.001 0.054 0.01 0.001 0.011 8.93 0.011 8.939 9.145 0 9.143 9.259 0 9.258
0.046 0.000999999999999997 0.047 0.011 0 0.011 9.43 0.011 9.439 9.845 0.001 9.843 9.657 0 9.656
0.045 0.000999999999999994 0.047 0.00999999999999998 0.001 0.011 8.805 0.012 8.814 9.879 0 9.876 9.872 0 9.871
0.052 0.00199999999999999 0.053 0.011 0 0.011 9.488 0.00700000000000001 9.493 9.891 0.000999999999999994 9.889 9.152 0 9.151
0.054 0 0.054 0.00900000000000001 0.00199999999999999 0.011 9.141 0.01 9.149 9.598 0 9.594 9.527 0 9.527
0.053 0 0.053 0.011 0.001 0.012 9.513 0.005 9.516 9.951 0 9.947 9.77 0 9.769
0.053 0 0.052 0.01 0.001 0.012 8.866 0.009 8.871 9.321 0 9.32 9.214 0 9.212
0.053 0.001 0.053 0.01 0.001 0.012 9.127 0.01 9.134 9.533 0 9.531 9.474 0 9.473
0.054 0 0.054 0.011 0 0.011 9.222 0.009 9.229 9.61 0 9.607 9.557 0 9.555
0.054 0 0.054 0.01 0.001 0.011 9.518 0.005 9.521 9.8 0.002 9.8 9.727 0 9.725
0.053 0.001 0.054 0.011 0 0.011 8.628 0.011 8.637 9.315 0.001 9.314 8.975 0 8.974
0.053 0 0.054 0.012 0 0.012 9.028 0.012 9.038 9.392 0 9.388 9.444 0 9.444
0.054 0 0.054 0.01 0.000999999999999997 0.011 9.141 0.006 9.145 9.557 0 9.554 9.504 0 9.503
0.053 0.001 0.053 0.011 0 0.011 8.864 0.012 8.874 9.194 0 9.193 9.109 0 9.106
0.053 0.001 0.054 0.012 0 0.011 9.521 0.00799999999999999 9.527 9.905 0 9.903 9.934 0 9.932
0.055 0 0.054 0.011 0 0.012 9.017 0.005 9.019 9.487 0 9.484 9.399 0 9.399
0.053 0.002 0.056 0.013 0.001 0.014 10.327 0.007 10.33 10.809 0 10.807 10.744 0 10.742
0.044 0.001 0.046 0.01 0.001 0.011 8.474 0.009 8.481 8.905 0 8.903 8.825 0 8.823
0.054 0.001 0.054 0.014 0 0.014 10.375 0.003 10.375 10.328 0 10.327 10.711 0 10.708
0.047 0 0.046 0.01 0.000999999999999997 0.012 9.401 0.01 9.408 9.862 0 9.859 9.708 0 9.706
0.053 0.001 0.054 0.011 0.001 0.011 8.979 0.013 8.991 9.38 0 9.377 9.341 0 9.34
0.053 0.002 0.055 0.013 0.001 0.014 10.331 0.007 10.335 10.8 0 10.798 10.752 0 10.749
0.053 0.001 0.054 0.011 0 0.012 9.517 0.007 9.521 9.936 0 9.934 9.85 0 9.847
