0.145 0.018 0.298 0.111 0.017 0.129 56.353 0.035 56.374 64.537 0.001 64.524 64.578 0 64.564
0.16 0.01 0.171 0.118 0.014 0.132 57.093 0.023 57.101 65.384 0.001 65.371 65.224 0 65.21
0.156 0.01 0.167 0.121 0.01 0.13 55.879 0.037 55.912 63.953 0.002 63.948 63.878 0.001 63.874
0.147 0.021 0.167 0.116 0.013 0.13 55.562 0.037 55.586 63.729 0.001 63.716 63.676 0 63.663
0.151 0.014 0.255 0.123 0.00700000000000001 0.13 55.08 0.03 55.097 63.327 0.002 63.315 63.285 0.001 63.272
0.158 0.01 0.169 0.116 0.017 0.133 56.71 0.035 56.732 64.817 0 64.803 64.828 0 64.819
0.149 0.02 0.168 0.118 0.013 0.131 55.824 0.031 55.844 63.963 0 63.948 63.866 0 63.852
0.158 0.011 0.169 0.121 0.012 0.133 57.059 0.038 57.084 65.201 0.001 65.188 65.169 0 65.155
0.157 0.013 0.169 0.116 0.014 0.13 55.881 0.032 55.902 64.076 0.001 64.062 64.01 0 63.998
0.153 0.014 0.167 0.121 0.00799999999999999 0.129 55.367 0.034 55.388 63.486 0.002 63.473 63.439 0.001 63.424
0.159 0.01 0.169 0.117 0.012 0.129 55.991 0.04 56.019 64.428 0 64.416 64.402 0 64.391
0.156 0.013 0.169 0.117 0.013 0.129 55.478 0.035 55.503 63.638 0.001 63.628 63.582 0 63.57
0.157 0.013 0.17 0.116 0.015 0.13 55.96 0.034 55.982 64.148 0.001 64.137 64.141 0 64.128
0.161 0.01 0.17 0.12 0.00999999999999998 0.131 55.852 0.031 55.873 63.778 0.001 63.768 63.733 0 63.721
0.149 0.012 0.163 0.113 0.015 0.128 55.475 0.065 55.53 63.558 0.034 63.581 63.591 0.002 63.581
0.153 0.013 0.166 0.118 0.012 0.131 55.663 0.024 55.674 63.64 0.004 63.629 63.603 0.001 63.591
0.151 0.017 0.167 0.114 0.016 0.131 55.638 0.032 55.656 63.651 0.001 63.638 63.559 0 63.545
0.148 0.017 0.164 0.115 0.014 0.129 55.726 0.035 55.753 63.84 0 63.828 63.801 0 63.79
0.155 0.012 0.167 0.117 0.012 0.129 55.668 0.035 55.691 63.682 0.002 63.672 63.619 0.002 63.607
0.146 0.016 0.161 0.111 0.018 0.129 55.313 0.028 55.328 63.843 0 63.828 63.774 0 63.761
0.149 0.015 0.164 0.121 0.00900000000000001 0.129 56.424 0.029 56.44 64.458 0.001 64.445 64.449 0.001 64.436
0.155 0.013 0.168 0.118 0.013 0.131 56.157 0.047 56.19 64.333 0.002 64.321 64.232 0 64.219
0.153 0.016 0.169 0.119 0.014 0.132 56.845 0.025 56.858 64.971 0 64.957 64.933 0.002 64.92
0.159 0.00899999999999999 0.168 0.117 0.013 0.129 55.67 0.031 55.689 63.754 0.001 63.741 63.743 0 63.73
0.152 0.013 0.165 0.123 0.00600000000000001 0.129 56.279 0.027 56.293 64.397 0 64.382 64.402 0 64.387
0.156 0.013 0.17 0.122 0.01 0.131 56.236 0.041 56.265 64.335 0.003 64.324 64.357 0.001 64.342
0.153 0.012 0.165 0.113 0.016 0.129 56.442 0.038 56.466 64.525 0 64.51 64.565 0 64.55
0.154 0.013 0.167 0.111 0.018 0.13 55.341 0.038 55.365 63.594 0.00700000000000001 63.587 63.439 0.002 63.426
0.158 0.012 0.169 0.116 0.016 0.132 55.998 0.045 56.03 64.176 0.001 64.161 64.156 0 64.141
0.153 0.015 0.167 0.113 0.017 0.129 56.258 0.03 56.276 64.56 0.001 64.548 64.559 0 64.545
0.157 0.011 0.167 0.117 0.013 0.13 55.756 0.044 55.787 63.856 0.018 63.861 63.57 0.00600000000000001 63.561
0.153 0.015 0.167 0.111 0.018 0.13 55.523 0.032 55.55 62.958 0 62.945 62.746 0.003 62.751
0.157 0.011 0.168 0.118 0.012 0.13 56.075 0.037 56.1 64.559 0.00299999999999997 64.549 64.437 0.001 64.432
0.149 0.019 0.168 0.119 0.01 0.13 55.861 0.024 55.872 63.937 0.002 63.927 63.876 0.004 63.868
0.15 0.017 0.168 0.118 0.012 0.129 56.44 0.043 56.472 64.645 0.001 64.634 64.637 0 64.626
0.148 0.017 0.165 0.116 0.016 0.132 57.212 0.028 57.228 65.435 0.001 65.422 65.399 0 65.384
0.156 0.011 0.167 0.124 0.00800000000000001 0.131 55.741 0.029 55.758 63.81 0.001 63.797 63.744 0 63.731
0.154 0.013 0.167 0.115 0.015 0.13 56.032 0.046 56.065 64.036 0.000999999999999973 64.023 64.064 0 64.051
0.151 0.015 0.166 0.116 0.014 0.129 55.594 0.032 55.615 63.714 0.002 63.703 63.633 0.001 63.62
0.148 0.016 0.163 0.119 0.011 0.13 56.469 0.034 56.492 65.234 0 65.221 65.232 0 65.22
0.146 0.016 0.17 0.118 0.01 0.129 56.136 0.031 56.153 64.384 0 64.371 64.337 0 64.324
0.152 0.015 0.168 0.117 0.012 0.129 55.53 0.03 55.547 63.679 0.001 63.667 63.524 0.002 63.513
0.152 0.014 0.166 0.119 0.012 0.131 56.099 0.036 56.122 64.379 0.00600000000000001 64.372 64.409 0 64.394
0.154 0.015 0.169 0.112 0.017 0.13 56.371 0.025 56.384 64.454 0.001 64.441 64.353 0 64.338
0.146 0.017 0.163 0.116 0.013 0.128 55.304 0.045 55.337 63.461 0.002 63.45 63.543 0 63.529
0.15 0.012 0.163 0.113 0.015 0.127 55.269 0.036 55.294 63.444 0 63.431 63.373 0 63.359
0.151 0.016 0.167 0.117 0.013 0.129 55.887 0.036 55.912 64.035 0.001 64.023 64.003 0 63.99
0.153 0.014 0.167 0.119 0.011 0.13 56.39 0.03 56.407 64.325 0 64.312 64.353 0 64.339
0.147 0.017 0.163 0.117 0.012 0.129 55.554 0.038 55.579 63.744 0.002 63.731 63.695 0.001 63.682
0.156 0.014 0.169 0.118 0.014 0.132 57.351 0.037 57.375 65.525 0.001 65.511 65.513 0 65.496
0.159 0.00899999999999999 0.168 0.119 0.011 0.13 55.745 0.032 55.766 63.73 0 63.717 63.233 0 63.222
0.151 0.016 0.166 0.113 0.016 0.13 55.616 0.03 55.635 63.66 0.001 63.649 63.603 0.002 63.593
0.156 0.01 0.166 0.118 0.012 0.13 55.894 0.047 55.93 63.838 0.001 63.828 63.796 0 63.783
0.152 0.013 0.164 0.117 0.012 0.129 55.629 0.036 55.656 63.721 0 63.712 63.672 0 63.663
0.152 0.015 0.166 0.118 0.011 0.129 55.543 0.03 55.562 63.69 0.001 63.677 63.647 0 63.635
0.154 0.015 0.169 0.118 0.011 0.129 55.569 0.029 55.587 63.788 0 63.777 63.723 0 63.711
0.158 0.01 0.168 0.118 0.011 0.129 55.786 0.033 55.808 63.85 0.002 63.84 63.775 0 63.763
0.148 0.016 0.164 0.113 0.016 0.129 56.145 0.024 56.157 64.381 0 64.368 64.285 0 64.272
0.147 0.019 0.167 0.12 0.00900000000000001 0.128 55.451 0.035 55.476 63.577 0.001 63.565 63.5 0 63.488
0.148 0.013 0.161 0.111 0.016 0.128 55.185 0.034 55.206 63.647 0.002 63.636 63.583 0.002 63.571
0.154 0.012 0.166 0.113 0.016 0.129 55.487 0.044 55.519 63.7 0 63.686 63.592 0.001 63.58
0.158 0.00899999999999999 0.167 0.119 0.013 0.132 56.452 0.048 56.487 65.542 0.00299999999999997 65.531 65.444 0 65.43
0.15 0.017 0.168 0.116 0.013 0.129 56.169 0.024 56.18 64.312 0 64.299 64.253 0 64.239
0.152 0.017 0.169 0.12 0.012 0.131 55.642 0.036 55.664 63.682 0 63.667 63.649 0 63.635
0.152 0.016 0.168 0.117 0.014 0.131 55.8 0.039 55.827 63.918 0.001 63.904 63.851 0 63.835
0.154 0.013 0.167 0.117 0.012 0.129 55.773 0.032 55.792 63.886 0.001 63.872 63.87 0 63.855
0.154 0.012 0.166 0.117 0.013 0.129 56.196 0.037 56.221 64.39 0 64.376 64.342 0 64.328
0.141 0.022 0.163 0.107 0.022 0.129 55.602 0.029 55.617 63.812 0.003 63.801 63.704 0 63.69
0.152 0.015 0.166 0.115 0.013 0.129 55.536 0.04 55.564 63.692 0.003 63.683 63.683 0 63.669
0.15 0.017 0.167 0.115 0.014 0.129 55.376 0.023 55.387 63.479 0.002 63.469 63.377 0 63.363
0.153 0.015 0.168 0.116 0.014 0.13 56.426 0.014 56.428 64.51 0.004 64.501 64.209 0 64.196
0.155 0.012 0.166 0.114 0.015 0.129 55.774 0.045 55.805 63.881 0 63.866 63.716 0 63.705
0.154 0.01 0.164 0.113 0.015 0.129 55.789 0.036 55.811 63.915 0.004 63.904 63.834 0 63.819
0.154 0.015 0.169 0.119 0.014 0.133 56.891 0.027 56.904 64.815 0.001 64.801 64.851 0 64.843
0.145 0.016 0.161 0.114 0.014 0.127 55.936 0.032 55.957 64.16 0 64.146 64.178 0 64.165
0.153 0.014 0.168 0.122 0.00800000000000001 0.13 55.578 0.039 55.607 63.671 0.003 63.665 63.571 0 63.561
0.152 0.013 0.164 0.119 0.01 0.13 56.373 0.043 56.403 64.532 0.001 64.52 64.512 0 64.498
0.155 0.012 0.167 0.121 0.00800000000000001 0.129 55.587 0.037 55.611 63.631 0.004 63.622 63.579 0 63.566
0.149 0.015 0.164 0.119 0.011 0.13 55.625 0.041 55.654 63.942 0.001 63.929 63.901 0 63.887
0.158 0.014 0.172 0.123 0.012 0.135 57.334 0.048 57.369 65.241 0 65.226 65.256 0.003 65.245
0.156 0.01 0.166 0.113 0.015 0.128 55.58 0.049 55.617 63.692 0.003 63.681 63.659 0 63.646
0.151 0.015 0.166 0.114 0.015 0.128 55.468 0.033 55.489 63.604 0.001 63.59 63.665 0 63.652
0.156 0.012 0.168 0.121 0.01 0.13 55.624 0.041 55.654 63.882 0.001 63.869 63.733 0 63.72
0.156 0.013 0.169 0.119 0.013 0.132 57.225 0.025 57.236 65.345 0.002 65.332 65.37 0 65.355
0.158 0.00899999999999999 0.167 0.119 0.01 0.128 54.91 0.03 54.934 62.882 0.003 62.873 62.58 0.001 62.58
0.155 0.012 0.166 0.113 0.017 0.131 55.423 0.034 55.445 63.605 0.001 63.593 63.544 0 63.537
0.161 0.00999999999999998 0.17 0.12 0.00900000000000001 0.129 56.493 0.03 56.511 64.577 0 64.564 64.683 0.001 64.67
0.16 0.00900000000000001 0.17 0.119 0.011 0.129 55.854 0.04 55.883 64.045 0.001 64.032 64.037 0.003 64.027
0.15 0.017 0.167 0.118 0.011 0.13 56.095 0.027 56.108 64.356 0.003 64.345 64.275 0 64.259
0.149 0.013 0.162 0.116 0.013 0.129 55.453 0.03 55.472 63.989 0 63.974 63.849 0 63.834
0.157 0.00900000000000001 0.165 0.116 0.013 0.129 55.777 0.041 55.806 64.065 0.001 64.052 64.07 0.003 64.059
0.153 0.014 0.167 0.12 0.00899999999999999 0.129 55.901 0.029 55.917 64.02 0 64.006 64.027 0 64.014
0.147 0.015 0.162 0.113 0.015 0.128 56.344 0.029 56.36 64.522 0 64.509 64.509 0 64.496
0.152 0.015 0.167 0.119 0.011 0.13 55.99 0.038 56.016 64.143 0.002 64.131 64.009 0.003 63.999
0.15 0.016 0.166 0.124 0.00700000000000001 0.13 56.041 0.037 56.067 64.122 0 64.108 64.057 0 64.044
0.153 0.016 0.169 0.117 0.015 0.131 55.645 0.041 55.674 63.745 0.002 63.735 63.717 0 63.704
0.15 0.014 0.164 0.116 0.013 0.129 56.054 0.07 56.112 64.206 0.001 64.194 64.205 0 64.191
0.154 0.013 0.167 0.118 0.011 0.129 56.045 0.047 56.08 63.968 0 63.954 63.919 0 63.906
0.15 0.018 0.168 0.117 0.012 0.129 55.172 0.038 55.198 63.3 0.038 63.326 63.277 0.023 63.285
0.15 0.013 0.164 0.121 0.00900000000000001 0.13 55.499 0.031 55.518 64.334 0.002 64.324 64.27 0.001 64.257
0.149 0.015 0.166 0.114 0.016 0.131 57.399 0.027 57.412 65.653 0 65.639 65.648 0 65.634
0.152 0.018 0.169 0.121 0.00900000000000001 0.13 55.8 0.033 55.821 64.194 0 64.18 64.095 0 64.082
0.157 0.012 0.168 0.125 0.00700000000000001 0.132 56.883 0.028 56.898 65.225 0.001 65.212 65.119 0.003 65.108
0.152 0.018 0.17 0.122 0.011 0.132 56.914 0.03 56.932 64.739 0.001 64.725 64.79 0.001 64.779
0.152 0.012 0.164 0.118 0.011 0.129 56.406 0.032 56.424 64.484 0 64.47 64.503 0 64.488
0.154 0.013 0.167 0.116 0.013 0.129 56.053 0.033 56.073 64.253 0 64.238 64.171 0 64.156
0.152 0.018 0.17 0.117 0.015 0.132 55.995 0.03 56.011 64.161 0.003 64.15 63.621 0 63.607
0.147 0.02 0.168 0.114 0.016 0.13 55.733 0.037 55.756 63.698 0.00899999999999998 63.695 63.622 0.003 63.611
0.151 0.017 0.168 0.117 0.014 0.131 55.533 0.041 55.561 63.721 0.027 63.735 63.681 0.021 63.688
0.15 0.012 0.162 0.112 0.017 0.128 55.133 0.034 55.155 63.684 0 63.671 63.656 0.001 63.642
0.151 0.016 0.166 0.115 0.014 0.129 55.653 0.021 55.662 63.88 0 63.867 63.408 0.002 63.398
0.156 0.00900000000000001 0.164 0.113 0.016 0.129 56.497 0.034 56.519 64.695 0.001 64.684 64.75 0 64.736
0.154 0.013 0.167 0.12 0.01 0.13 56.321 0.033 56.343 64.557 0 64.544 64.59 0 64.577
0.153 0.00800000000000001 0.161 0.117 0.011 0.128 55.493 0.027 55.507 63.728 0.001 63.716 63.646 0.002 63.636
0.158 0.01 0.167 0.118 0.011 0.129 55.362 0.025 55.376 63.506 0.002 63.495 63.411 0.003 63.4
0.154 0.01 0.165 0.113 0.016 0.129 55.633 0.024 55.646 63.728 0.003 63.717 63.657 0.001 63.646
0.155 0.012 0.167 0.114 0.017 0.131 56.174 0.035 56.197 64.334 0 64.322 64.395 0 64.382
0.155 0.012 0.167 0.122 0.00900000000000001 0.132 56.902 0.028 56.919 64.241 0.004 64.237 64.127 0 64.127
0.156 0.013 0.169 0.12 0.012 0.132 56.791 0.03 56.809 64.945 0 64.931 64.977 0 64.964
0.146 0.015 0.16 0.111 0.016 0.128 56.216 0.041 56.244 64.565 0 64.551 64.528 0 64.514
0.154 0.014 0.168 0.121 0.012 0.133 56.943 0.03 56.962 64.951 0 64.936 64.98 0 64.966
0.147 0.016 0.163 0.116 0.013 0.129 55.119 0.026 55.132 63.331 0.001 63.318 63.297 0 63.283
0.157 0.012 0.168 0.12 0.011 0.131 55.791 0.048 55.827 64.175 0.00199999999999997 64.164 64.172 0 64.158
0.143 0.023 0.166 0.116 0.013 0.129 55.968 0.039 55.993 64.226 0.002 64.213 64.159 0.002 64.146
0.153 0.016 0.169 0.122 0.00900000000000001 0.131 55.831 0.03 55.849 63.773 0.002 63.762 63.354 0 63.342
0.153 0.014 0.168 0.118 0.011 0.129 56.79 0.026 56.803 64.96 0 64.946 64.859 0 64.846
0.152 0.018 0.171 0.125 0.00700000000000001 0.131 55.433 0.027 55.448 63.58 0.001 63.568 63.536 0.001 63.523
0.15 0.015 0.165 0.115 0.014 0.129 56.576 0.039 56.603 64.478 0.003 64.466 64.382 0.00499999999999998 64.374
0.157 0.011 0.168 0.117 0.013 0.13 55.885 0.029 55.902 64.116 0.000999999999999973 64.104 64.075 0 64.061
0.142 0.018 0.161 0.114 0.014 0.128 55.109 0.035 55.132 63.361 0.001 63.349 63.36 0.002 63.346
0.149 0.019 0.168 0.112 0.017 0.13 55.961 0.033 55.981 64.167 0.002 64.156 63.64 0.001 63.637
0.155 0.011 0.166 0.118 0.013 0.13 56.325 0.026 56.343 64.395 0.002 64.388 64.433 0.004 64.427
0.151 0.016 0.167 0.118 0.011 0.13 55.47 0.029 55.487 63.552 0.001 63.541 63.518 0 63.504
0.15 0.016 0.167 0.117 0.013 0.129 56.348 0.029 56.364 64.46 0.002 64.449 64.402 0.001 64.39
0.158 0.01 0.167 0.116 0.013 0.129 55.699 0.032 55.719 63.698 0.001 63.686 63.675 0.001 63.664
0.154 0.011 0.165 0.118 0.012 0.13 55.485 0.045 55.546 63.646 0 63.679 63.155 0 63.194
0.159 0.00899999999999999 0.167 0.12 0.01 0.13 55.631 0.038 55.657 63.795 0.003 63.785 63.695 0.00299999999999997 63.684
0.153 0.012 0.166 0.124 0.005 0.129 55.655 0.048 55.69 63.793 0 63.78 63.71 0 63.698
0.151 0.016 0.167 0.12 0.00900000000000001 0.128 55.669 0.044 55.701 63.769 0.00299999999999997 63.759 63.73 0 63.717
0.139 0.023 0.164 0.118 0.013 0.13 55.85 0.057 55.912 64.105 0 64.09 64.088 0 64.076
0.153 0.01 0.163 0.118 0.011 0.129 55.966 0.047 56 63.996 0.001 63.983 63.798 0 63.789
0.15 0.022 0.17 0.116 0.016 0.132 55.997 0.035 56.02 64.082 0.001 64.07 63.858 0 63.848
0.153 0.014 0.166 0.111 0.019 0.13 55.77 0.031 55.796 63.782 0 63.777 63.78 0 63.774
0.152 0.017 0.169 0.117 0.013 0.131 55.551 0.034 55.574 63.623 0.004 63.612 63.601 0.001 63.59
0.149 0.012 0.161 0.115 0.013 0.128 55.166 0.036 55.189 63.294 0.001 63.289 62.566 0.001 62.554
0.155 0.01 0.165 0.117 0.011 0.129 55.767 0.03 55.783 63.905 0.00199999999999997 63.894 63.951 0.002 63.939
0.155 0.015 0.169 0.118 0.013 0.131 56.344 0.04 56.371 64.56 0.001 64.547 64.534 0.004 64.525
0.156 0.012 0.167 0.118 0.011 0.13 55.84 0.052 55.878 63.948 0.001 63.936 63.931 0.005 63.92
0.157 0.011 0.168 0.121 0.00900000000000001 0.13 55.648 0.048 55.684 63.708 0.023 63.717 63.658 0.012 63.655
0.15 0.012 0.162 0.114 0.014 0.128 55.339 0.04 55.365 63.926 0.00199999999999997 63.913 63.807 0.003 63.796
0.153 0.016 0.168 0.123 0.012 0.134 57.726 0.027 57.743 65.831 0 65.818 65.798 0.001 65.786
0.158 0.011 0.169 0.113 0.019 0.132 56.502 0.037 56.528 64.647 0.004 64.639 64.601 0 64.589
0.154 0.014 0.168 0.117 0.014 0.13 55.791 0.026 55.808 63.907 0.002 63.898 63.82 0.001 63.809
0.156 0.011 0.166 0.118 0.012 0.13 55.975 0.031 55.995 64.142 0.001 64.13 64.052 0.004 64.044
0.145 0.017 0.162 0.112 0.016 0.128 54.989 0.029 55.008 63.11 0 63.099 62.998 0.003 62.99
0.155 0.00900000000000001 0.164 0.119 0.011 0.129 55.442 0.038 55.467 63.493 0 63.48 63.455 0 63.439
0.159 0.00800000000000001 0.167 0.113 0.017 0.13 55.568 0.032 55.587 63.731 0.001 63.717 63.679 0 63.666
0.146 0.019 0.166 0.113 0.018 0.13 55.906 0.025 55.92 64.019 0.002 64.011 63.994 0 63.982
0.149 0.015 0.163 0.118 0.012 0.129 55.376 0.033 55.397 63.808 0.002 63.796 63.701 0 63.687
0.152 0.015 0.167 0.119 0.01 0.129 56.165 0.048 56.201 64.193 0 64.179 64.152 0.003 64.142
0.153 0.013 0.165 0.12 0.011 0.131 55.594 0.045 55.633 62.964 0.034 62.985 62.745 0.004 62.748
0.15 0.017 0.167 0.118 0.012 0.13 55.578 0.022 55.589 63.733 0.003 63.722 63.642 0 63.628
0.156 0.011 0.167 0.116 0.014 0.13 55.345 0.033 55.365 63.458 0.004 63.447 63.458 0.001 63.446
0.152 0.016 0.169 0.111 0.019 0.129 56.451 0.04 56.478 64.536 0 64.521 64.168 0 64.153
0.141 0.021 0.162 0.113 0.015 0.128 55.423 0.029 55.447 62.976 0 62.964 62.872 0 62.878
0.156 0.013 0.169 0.118 0.015 0.132 56.965 0.041 56.993 64.858 0.001 64.847 64.908 0 64.893
0.151 0.018 0.169 0.113 0.016 0.128 55.848 0.039 55.876 64.04 0 64.027 63.941 0 63.928
0.152 0.014 0.165 0.109 0.019 0.129 55.523 0.039 55.549 63.638 0.001 63.626 63.587 0.00199999999999997 63.577
0.148 0.02 0.168 0.115 0.014 0.129 56.559 0.029 56.576 64.652 0.000999999999999973 64.638 64.581 0.001 64.569
0.15 0.018 0.166 0.114 0.015 0.129 55.613 0.029 55.629 63.664 0.002 63.652 63.663 0 63.648
0.153 0.014 0.167 0.122 0.00800000000000001 0.13 56.398 0.03 56.415 64.605 0.002 64.592 64.273 0.001 64.26
0.153 0.013 0.166 0.113 0.018 0.13 56.307 0.052 56.348 64.57 0.004 64.56 64.5 0 64.486
0.156 0.012 0.168 0.118 0.012 0.13 55.737 0.034 55.759 63.915 0.002 63.904 63.876 0.001 63.864
0.156 0.01 0.166 0.118 0.012 0.13 56.028 0.044 56.06 64.295 0.002 64.284 64.343 0 64.33
0.161 0.005 0.167 0.111 0.018 0.129 55.906 0.033 55.927 64.371 0 64.36 64.341 0.001 64.331
0.156 0.011 0.166 0.117 0.013 0.131 55.693 0.036 55.716 63.953 0 63.939 63.886 0 63.873
0.156 0.011 0.166 0.117 0.012 0.129 55.486 0.028 55.502 63.594 0.001 63.582 63.528 0 63.515
0.147 0.02 0.168 0.117 0.012 0.129 55.998 0.041 56.026 64.136 0 64.122 64.153 0 64.139
0.152 0.013 0.165 0.114 0.016 0.13 56.143 0.04 56.17 64.266 0.002 64.255 64.264 0 64.249
0.146 0.015 0.161 0.12 0.00700000000000001 0.127 55.343 0.044 55.377 63.898 0 63.892 63.265 0.003 63.254
0.151 0.015 0.166 0.119 0.011 0.131 56.159 0.043 56.189 64.176 0.005 64.167 63.818 0.001 63.812
0.163 0.00600000000000001 0.168 0.118 0.012 0.13 55.967 0.04 55.995 63.978 0.002 63.966 63.957 0.001 63.946
0.151 0.015 0.167 0.12 0.01 0.13 55.568 0.031 55.585 63.697 0.001 63.684 63.672 0.00199999999999997 63.658
0.154 0.013 0.167 0.112 0.017 0.13 55.92 0.036 55.943 64.127 0.004 64.117 64.153 0 64.14
0.149 0.016 0.165 0.113 0.017 0.13 55.821 0.049 55.858 64.153 0.003 64.142 64.097 0.002 64.086
0.156 0.012 0.168 0.115 0.015 0.13 55.854 0.028 55.87 63.92 0 63.906 63.829 0 63.816
0.158 0.014 0.172 0.119 0.016 0.135 56.532 0.03 56.548 64.673 0 64.657 64.663 0 64.648
0.154 0.011 0.165 0.12 0.00800000000000001 0.128 56.256 0.034 56.275 64.521 0 64.506 64.501 0 64.487
0.156 0.015 0.17 0.119 0.013 0.132 57.182 0.029 57.197 65.299 0.003 65.287 65.358 0 65.343
0.152 0.015 0.167 0.119 0.01 0.13 55.348 0.03 55.365 63.477 0.002 63.464 63.455 0.002 63.442
0.153 0.014 0.167 0.121 0.00799999999999999 0.129 55.57 0.033 55.592 63.866 0 63.853 63.053 0 63.047
0.148 0.017 0.165 0.116 0.013 0.13 55.53 0.038 55.556 63.634 0 63.623 63.644 0.002 63.633
0.155 0.015 0.169 0.122 0.00800000000000001 0.13 55.557 0.032 55.578 63.719 0 63.708 63.725 0 63.713
0.153 0.015 0.169 0.122 0.00999999999999998 0.132 57.065 0.033 57.089 64.977 0.002 64.968 64.931 0.001 64.922
0.158 0.01 0.168 0.121 0.011 0.132 57.462 0.047 57.497 65.617 0.00800000000000001 65.611 65.544 0.001 65.531
0.151 0.015 0.166 0.118 0.011 0.129 55.682 0.038 55.708 63.779 0 63.767 63.693 0 63.681
0.157 0.011 0.168 0.117 0.013 0.129 56.033 0.033 56.055 63.97 0.00199999999999997 63.96 63.92 0.002 63.909
0.145 0.02 0.165 0.119 0.011 0.129 56.123 0.036 56.147 64.239 0 64.226 64.211 0 64.198
0.154 0.014 0.167 0.119 0.011 0.131 56.192 0.026 56.206 64.422 0.001 64.412 64.396 0 64.383
0.146 0.015 0.161 0.11 0.017 0.127 55.426 0.036 55.45 63.823 0 63.81 63.768 0.003 63.758
0.154 0.013 0.167 0.116 0.014 0.13 55.41 0.034 55.43 63.466 0.001 63.454 63.477 0 63.462
0.154 0.013 0.167 0.118 0.011 0.129 55.421 0.045 55.454 63.648 0.001 63.637 63.688 0 63.676
0.151 0.017 0.168 0.113 0.017 0.13 55.696 0.035 55.719 63.885 0.001 63.873 63.75 0 63.737
0.155 0.011 0.167 0.117 0.013 0.129 55.347 0.024 55.359 63.464 0.003 63.453 63.475 0 63.46
0.151 0.016 0.167 0.119 0.011 0.13 55.343 0.031 55.362 63.463 0.002 63.451 63.44 0 63.426
0.153 0.016 0.168 0.118 0.013 0.131 56.71 0.027 56.724 64.187 0.001 64.181 64.042 0.001 64.036
0.152 0.017 0.169 0.119 0.013 0.131 56.856 0.04 56.884 64.926 0.001 64.911 65.004 0 64.998
0.148 0.018 0.165 0.112 0.016 0.129 55.45 0.04 55.476 63.647 0 63.634 63.558 0.002 63.546
0.155 0.012 0.167 0.122 0.00699999999999999 0.129 56.087 0.032 56.106 64.258 0.001 64.245 64.346 0.003 64.336
0.149 0.014 0.163 0.119 0.012 0.131 55.338 0.02 55.346 64.072 0 64.058 64.039 0 64.026
0.149 0.018 0.168 0.114 0.015 0.129 56.379 0.033 56.4 64.678 0.002 64.666 64.412 0.001 64.401
0.154 0.014 0.169 0.122 0.00900000000000001 0.13 55.944 0.042 55.972 64.026 0.001 64.012 64.001 0.001 63.987
0.157 0.015 0.172 0.12 0.013 0.133 56.72 0.026 56.732 65.034 0.001 65.019 65.004 0 64.989
0.153 0.017 0.17 0.119 0.012 0.13 55.728 0.023 55.738 63.637 0.001 63.623 63.609 0 63.594
0.147 0.017 0.164 0.12 0.00900000000000001 0.129 55.534 0.027 55.55 63.635 0.001 63.622 63.544 0 63.531
0.152 0.015 0.166 0.114 0.015 0.13 55.65 0.023 55.697 63.804 0.00299999999999997 63.835 63.778 0.001 63.807
0.148 0.019 0.167 0.12 0.01 0.13 55.558 0.039 55.588 63.666 0.002 63.658 63.586 0.002 63.578
0.152 0.016 0.167 0.114 0.015 0.129 55.843 0.043 55.874 64.026 0.002 64.015 63.989 0.001 63.978
0.161 0.00699999999999999 0.167 0.112 0.017 0.13 55.781 0.031 55.798 63.93 0.003 63.92 63.923 0.002 63.91
0.156 0.01 0.166 0.118 0.011 0.129 55.871 0.036 55.936 63.974 0.002 64.01 63.937 0.005 63.974
0.15 0.018 0.168 0.116 0.017 0.133 56.738 0.038 56.763 64.804 0.003 64.794 64.82 0 64.806
0.151 0.016 0.168 0.12 0.011 0.131 56.076 0.025 56.088 64.068 0.002 64.056 64.044 0 64.03
0.153 0.016 0.168 0.117 0.015 0.132 56.566 0.043 56.596 64.714 0.001 64.7 64.608 0.002 64.595
0.149 0.017 0.166 0.118 0.012 0.13 55.669 0.023 55.68 63.659 0.00600000000000001 63.651 63.582 0.001 63.567
0.156 0.013 0.169 0.11 0.019 0.129 55.729 0.041 55.758 63.991 0.003 63.98 63.531 0 63.518
0.15 0.017 0.167 0.117 0.013 0.13 55.617 0.042 55.647 63.621 0.003 63.61 63.555 0.002 63.544
0.152 0.014 0.166 0.122 0.00700000000000001 0.129 56.235 0.035 56.257 64.574 0.002 64.562 64.617 0 64.603
0.162 0.005 0.167 0.121 0.00899999999999999 0.13 56.123 0.035 56.144 64.462 0 64.449 64.376 0 64.361
0.147 0.016 0.163 0.112 0.016 0.128 56.098 0.027 56.112 64.327 0.003 64.316 64.259 0.001 64.246
0.148 0.014 0.162 0.116 0.012 0.128 55.152 0.036 55.182 62.574 0.001 62.563 62.394 0 62.39
0.159 0.00899999999999999 0.167 0.116 0.015 0.13 56.205 0.046 56.238 64.218 0.002 64.207 63.813 0.001 63.809
0.153 0.015 0.168 0.115 0.015 0.129 55.97 0.042 56 64.155 0.001 64.142 64.083 0.001 64.069
0.146 0.016 0.162 0.117 0.012 0.129 55.596 0.03 55.614 63.623 0.001 63.611 63.528 0.002 63.517
0.149 0.019 0.167 0.112 0.018 0.13 55.881 0.037 55.907 63.952 0.001 63.938 63.823 0 63.81
0.153 0.015 0.168 0.119 0.011 0.13 55.563 0.037 55.588 63.655 0.003 63.645 63.572 0.00299999999999997 63.562
0.153 0.013 0.166 0.119 0.011 0.129 55.516 0.03 55.534 63.586 0.001 63.574 63.556 0.001 63.543
0.151 0.015 0.166 0.116 0.014 0.129 55.662 0.03 55.68 63.74 0 63.727 63.7 0 63.687
0.152 0.015 0.167 0.117 0.012 0.129 55.657 0.04 55.685 63.72 0.003 63.71 63.736 0 63.723
0.155 0.012 0.167 0.118 0.01 0.128 55.523 0.03 55.542 63.731 0 63.717 63.654 0 63.641
0.15 0.012 0.161 0.114 0.013 0.127 54.998 0.034 55.02 63.799 0.002 63.79 63.754 0.001 63.74
0.15 0.012 0.162 0.118 0.01 0.128 54.999 0.025 55.012 63.208 0 63.194 63.18 0 63.165
0.153 0.013 0.166 0.119 0.013 0.132 55.98 0.039 56.007 65.309 0 65.295 65.118 0 65.113
0.16 0.00800000000000001 0.167 0.118 0.012 0.13 56.076 0.033 56.096 64.454 0.002 64.444 64.428 0.001 64.414
0.155 0.01 0.164 0.114 0.015 0.129 56.069 0.026 56.083 64.16 0 64.146 64.135 0 64.122
0.155 0.013 0.168 0.114 0.015 0.13 55.954 0.044 55.985 63.976 0.003 63.966 63.932 0.002 63.92
0.157 0.011 0.168 0.122 0.00900000000000001 0.131 54.88 0.027 54.901 62.757 0 62.747 62.482 0 62.478
0.154 0.012 0.166 0.113 0.017 0.13 56.719 0.027 56.733 64.896 0.002 64.884 64.42 0.002 64.418
0.154 0.016 0.17 0.115 0.018 0.133 57.489 0.042 57.518 65.473 0 65.46 65.538 0 65.525
0.149 0.018 0.167 0.116 0.012 0.128 55.53 0.031 55.548 63.763 0.01 63.76 63.66 0 63.646
0.155 0.012 0.167 0.107 0.022 0.128 55.576 0.035 55.6 63.755 0.001 63.741 63.714 0 63.701
0.154 0.013 0.167 0.118 0.011 0.129 55.859 0.031 55.877 64.023 0.002 64.013 63.303 0.001 63.299
0.154 0.012 0.167 0.115 0.014 0.128 55.491 0.027 55.506 63.579 0 63.567 63.545 0.004 63.536
0.155 0.012 0.167 0.123 0.00699999999999999 0.13 55.84 0.043 55.872 63.927 0.001 63.915 63.882 0.004 63.873
0.149 0.013 0.162 0.119 0.011 0.129 55.591 0.041 55.621 63.818 0 63.805 63.736 0 63.723
0.15 0.017 0.167 0.114 0.016 0.129 55.797 0.04 55.825 63.989 0.001 63.976 63.787 0.002 63.778
0.156 0.011 0.166 0.116 0.015 0.132 57.004 0.028 57.019 65.116 0 65.102 65.079 0.003 65.07
0.152 0.015 0.167 0.119 0.011 0.13 56.108 0.034 56.13 64.384 0.002 64.373 64.297 0 64.285
0.156 0.00800000000000001 0.164 0.119 0.011 0.13 55.745 0.027 55.76 63.904 0.001 63.892 63.9 0.002 63.889
0.152 0.015 0.167 0.116 0.014 0.13 55.735 0.049 55.772 63.826 0.00900000000000001 63.821 63.793 0.003 63.785
0.147 0.014 0.161 0.118 0.01 0.128 55.133 0.036 55.157 63.59 0 63.577 63.519 0 63.504
0.149 0.014 0.163 0.12 0.00899999999999999 0.13 55.942 0.039 55.968 64.152 0.001 64.139 64.156 0.002 64.144
0.153 0.015 0.168 0.114 0.015 0.129 55.655 0.037 55.678 63.758 0.002 63.746 63.617 0 63.604
0.153 0.015 0.168 0.116 0.015 0.131 55.729 0.04 55.757 63.799 0 63.785 63.83 0 63.817
0.154 0.014 0.168 0.115 0.016 0.131 56.198 0.028 56.214 65.788 0.002 65.776 65.77 0 65.756
0.151 0.016 0.165 0.115 0.015 0.13 56.389 0.041 56.418 64.54 0 64.525 64.509 0 64.495
0.153 0.016 0.169 0.121 0.00900000000000001 0.13 55.885 0.036 55.908 64.144 0.002 64.132 64.107 0.002 64.096
0.149 0.016 0.166 0.12 0.01 0.13 55.713 0.032 55.731 63.797 0.000999999999999973 63.783 63.158 0.001 63.155
0.154 0.014 0.167 0.119 0.011 0.13 56.136 0.034 56.158 64.359 0.00900000000000001 64.353 64.232 0.00600000000000001 64.23
0.155 0.012 0.167 0.117 0.013 0.13 55.487 0.025 55.498 64.116 0 64.101 64.172 0.002 64.158
0.148 0.015 0.164 0.12 0.01 0.13 55.063 0.027 55.077 63.165 0.005 63.156 63.109 0.002 63.097
0.148 0.014 0.161 0.113 0.015 0.129 55.234 0.056 55.279 64.068 0.024 64.08 63.925 0.00800000000000001 63.919
0.149 0.015 0.164 0.117 0.013 0.13 56.892 0.042 56.923 65.021 0.003 65.012 64.999 0.001 64.989
0.151 0.016 0.166 0.119 0.011 0.131 55.753 0.04 55.78 63.79 0.001 63.776 63.73 0 63.716
0.152 0.016 0.167 0.114 0.016 0.129 55.448 0.027 55.462 63.451 0.001 63.438 63.397 0 63.382
0.146 0.016 0.162 0.119 0.01 0.128 55.723 0.035 55.748 63.746 0.001 63.737 63.746 0 63.735
0.159 0.00900000000000001 0.168 0.117 0.013 0.13 55.658 0.021 55.667 63.68 0.002 63.669 63.562 0 63.55
0.149 0.013 0.162 0.108 0.02 0.128 55.232 0.067 55.286 63.653 0 63.639 63.587 0.001 63.573
0.154 0.014 0.168 0.122 0.00900000000000001 0.131 56.423 0.072 56.483 64.55 0.044 64.581 64.168 0.03 64.185
0.153 0.013 0.166 0.108 0.021 0.129 55.571 0.032 55.593 63.559 0 63.548 63.523 0 63.514
0.155 0.012 0.166 0.116 0.013 0.129 55.588 0.033 55.61 63.699 0 63.687 63.686 0 63.674
0.154 0.013 0.166 0.116 0.014 0.131 56.386 0.022 56.395 64.338 0.001 64.324 64.357 0 64.343
0.156 0.012 0.167 0.114 0.015 0.129 55.739 0.036 55.763 63.803 0.001 63.79 63.711 0.003 63.699
0.157 0.011 0.167 0.118 0.014 0.132 56.447 0.036 56.478 64.644 0.004 64.641 64.531 0.001 64.527
0.157 0.011 0.168 0.111 0.019 0.13 56.066 0.027 56.08 64.175 0 64.163 64.104 0 64.089
0.152 0.014 0.165 0.124 0.00799999999999999 0.131 54.754 0.039 54.789 63.076 0.002 63.073 62.736 0.002 62.735
0.151 0.016 0.167 0.116 0.013 0.129 55.868 0.04 55.896 64.132 0 64.118 63.889 0 63.882
0.155 0.016 0.17 0.115 0.018 0.132 56.732 0.03 56.749 65.04 0 65.026 64.948 0 64.934
0.158 0.00799999999999999 0.167 0.114 0.015 0.129 55.637 0.045 55.668 63.743 0.004 63.733 63.366 0.001 63.351
0.158 0.011 0.169 0.122 0.00900000000000001 0.131 56.463 0.039 56.489 64.534 0.005 64.526 64.624 0.002 64.612
0.157 0.01 0.167 0.12 0.01 0.13 55.643 0.038 55.668 64.005 0 63.992 63.948 0.001 63.936
0.155 0.014 0.17 0.123 0.00899999999999998 0.131 56.416 0.035 56.44 64.57 0 64.559 64.294 0.001 64.284
0.156 0.013 0.168 0.118 0.013 0.131 55.606 0.033 55.629 63.664 0.003 63.657 63.613 0.001 63.603
0.152 0.016 0.168 0.12 0.013 0.133 55.554 0.023 55.565 63.65 0 63.638 63.615 0.001 63.604
0.155 0.012 0.168 0.116 0.014 0.129 56.125 0.044 56.156 64.111 0 64.098 63.853 0 63.839
0.149 0.013 0.163 0.11 0.019 0.129 55.274 0.028 55.289 64.095 0.002 64.084 63.957 0.001 63.945
0.158 0.01 0.167 0.113 0.015 0.129 54.408 0.033 54.474 62.908 0.003 62.944 62.76 0 62.805
0.154 0.011 0.166 0.114 0.016 0.13 56.533 0.031 56.551 64.664 0.002 64.653 64.765 0.004 64.755
0.157 0.013 0.17 0.116 0.016 0.131 56.316 0.04 56.344 65.538 0.004 65.53 65.481 0.004 65.471
0.151 0.016 0.166 0.12 0.01 0.131 55.594 0.029 55.611 63.722 0.001 63.709 63.608 0 63.595
0.152 0.014 0.165 0.117 0.011 0.129 55.509 0.033 55.53 63.662 0.003 63.652 63.578 0 63.565
0.156 0.013 0.169 0.115 0.018 0.132 56.748 0.023 56.759 64.739 0 64.727 64.813 0.001 64.8
0.147 0.023 0.17 0.12 0.013 0.134 56.748 0.033 56.768 64.871 0.001 64.86 64.906 0.003 64.894
0.155 0.014 0.17 0.119 0.014 0.132 56.821 0.035 56.843 64.882 0.002 64.87 64.909 0.002 64.897
0.153 0.013 0.166 0.117 0.012 0.129 55.621 0.028 55.636 63.763 0.001 63.749 63.65 0.001 63.637
0.151 0.017 0.167 0.117 0.014 0.13 55.422 0.038 55.448 63.534 0 63.52 63.477 0 63.461
0.154 0.016 0.169 0.116 0.016 0.132 57.672 0.02 57.68 66.03 0.002 66.018 65.924 0 65.91
0.156 0.014 0.169 0.111 0.02 0.132 56.713 0.033 56.733 66.177 0 66.162 66.083 0.004 66.074
0.153 0.017 0.17 0.119 0.013 0.132 56.858 0.052 56.898 65.049 0.013 65.048 64.999 0.004 64.989
0.156 0.011 0.166 0.117 0.012 0.13 55.38 0.033 55.399 63.574 0 63.558 63.482 0.001 63.467
0.147 0.02 0.168 0.114 0.017 0.13 55.44 0.033 55.461 63.67 0.001 63.657 63.643 0 63.629
0.151 0.016 0.168 0.118 0.012 0.129 55.52 0.036 55.545 63.615 0 63.603 63.364 0.002 63.351
0.155 0.012 0.167 0.122 0.00900000000000001 0.13 56.28 0.035 56.303 64.438 0.00299999999999997 64.428 64.494 0 64.48
0.155 0.012 0.167 0.111 0.018 0.13 56.123 0.039 56.15 64.166 0.002 64.156 64.083 0.001 64.073
0.153 0.014 0.166 0.118 0.012 0.13 55.916 0.032 55.936 64.568 0.004 64.558 64.549 0 64.535
0.153 0.014 0.167 0.119 0.01 0.129 56.338 0.043 56.368 64.469 0 64.455 64.49 0 64.476
0.15 0.019 0.169 0.124 0.00899999999999999 0.133 57.042 0.031 57.06 64.923 0.002 64.911 64.892 0 64.883
0.154 0.013 0.167 0.119 0.01 0.129 55.633 0.028 55.648 63.94 0.001 63.928 63.884 0.000999999999999973 63.872
0.148 0.013 0.162 0.117 0.012 0.129 55.11 0.046 55.145 63.905 0.001 63.895 63.897 0 63.885
0.147 0.014 0.162 0.12 0.00800000000000001 0.128 55.136 0.036 55.16 64.153 0.001 64.141 63.988 0.001 63.975
0.151 0.011 0.161 0.117 0.01 0.128 54.818 0.034 54.839 63.117 0.002 63.106 63.076 0.001 63.063
0.153 0.011 0.165 0.113 0.016 0.129 56.138 0.04 56.164 64.313 0 64.298 64.317 0 64.302
0.157 0.00899999999999999 0.167 0.116 0.013 0.129 56.054 0.046 56.086 64.037 0 64.024 64.002 0 63.987
0.155 0.014 0.168 0.121 0.00900000000000001 0.13 55.736 0.032 55.754 63.738 0.001 63.726 63.704 0 63.688
0.156 0.01 0.166 0.118 0.011 0.13 55.43 0.036 55.454 63.579 0.014 63.58 63.49 0.00700000000000001 63.484
0.152 0.015 0.167 0.119 0.01 0.13 55.535 0.041 55.565 63.618 0.002 63.607 63.604 0.001 63.592
0.157 0.00899999999999999 0.166 0.113 0.017 0.13 55.685 0.018 55.689 63.937 0.003 63.927 63.936 0 63.923
0.146 0.016 0.161 0.118 0.012 0.13 55.66 0.064 55.712 63.892 0.003 63.88 63.801 0 63.788
0.153 0.011 0.164 0.114 0.016 0.13 55.354 0.034 55.375 63.614 0.002 63.602 63.548 0.003 63.537
0.155 0.012 0.167 0.119 0.01 0.129 55.644 0.033 55.665 63.738 0 63.724 63.635 0 63.621
0.143 0.018 0.161 0.112 0.015 0.127 55.634 0.042 55.663 63.735 0 63.722 63.7 0 63.686
0.158 0.012 0.17 0.124 0.00799999999999998 0.132 56.811 0.05 56.85 64.31 0.03 64.334 63.939 0.005 63.931
0.156 0.01 0.165 0.116 0.013 0.13 56.022 0.03 56.04 64.166 0 64.154 64.211 0.001 64.2
0.159 0.011 0.17 0.119 0.012 0.131 56.512 0.027 56.528 64.518 0.003 64.509 64.533 0.003 64.524
0.157 0.00899999999999999 0.166 0.118 0.013 0.13 55.69 0.04 55.722 63.741 0.002 63.734 63.754 0.002 63.746
0.153 0.015 0.168 0.124 0.00699999999999999 0.131 55.706 0.023 55.717 63.786 0.00199999999999997 63.776 63.747 0.001 63.736
0.155 0.012 0.168 0.116 0.013 0.129 55.727 0.028 55.743 63.786 0.000999999999999973 63.774 63.528 0 63.514
0.152 0.017 0.168 0.111 0.018 0.129 55.849 0.025 55.863 64.083 0.001 64.072 63.725 0.001 63.714
0.156 0.01 0.166 0.117 0.013 0.129 55.9 0.033 55.921 63.862 0.001 63.85 63.876 0 63.863
0.153 0.014 0.167 0.114 0.015 0.129 56.193 0.024 56.205 64.29 0 64.277 64.244 0 64.232
0.152 0.017 0.169 0.113 0.02 0.132 56.469 0.03 56.486 64.683 0 64.667 64.67 0.001 64.655
0.147 0.018 0.165 0.118 0.012 0.13 55.851 0.024 55.863 62.986 0.001 62.981 62.785 0.002 62.781
0.154 0.012 0.166 0.116 0.013 0.129 56.059 0.043 56.09 64.135 0.002 64.121 64.047 0.001 64.034
0.154 0.014 0.167 0.123 0.00800000000000001 0.13 56.632 0.031 56.651 64.866 0 64.852 64.832 0.002 64.82
0.158 0.014 0.172 0.125 0.00900000000000001 0.133 57.455 0.034 57.476 65.538 0 65.522 65.386 0 65.371
0.153 0.01 0.163 0.116 0.012 0.128 55.619 0.029 55.635 63.898 0.001 63.886 63.815 0.001 63.802
0.149 0.017 0.166 0.111 0.018 0.129 56.601 0.031 56.621 64.708 0.003 64.696 64.703 0.004 64.693
0.154 0.014 0.168 0.121 0.00900000000000001 0.13 56.64 0.037 56.664 64.976 0.026 64.989 65.009 0.005 65
0.152 0.016 0.168 0.113 0.018 0.131 56.453 0.025 56.464 64.708 0 64.693 64.67 0 64.655
0.149 0.017 0.165 0.117 0.013 0.131 56.229 0.036 56.252 64.426 0.00299999999999997 64.415 64.405 0 64.391
0.152 0.016 0.169 0.116 0.014 0.129 56.116 0.027 56.131 64.283 0.003 64.272 64.276 0.00299999999999997 64.265
0.156 0.012 0.167 0.119 0.01 0.128 55.891 0.048 55.927 64.085 0 64.07 64.015 0.003 64.003
0.151 0.015 0.166 0.117 0.013 0.131 55.854 0.034 55.873 63.953 0 63.938 63.93 0 63.915
0.153 0.013 0.165 0.117 0.012 0.13 55.781 0.034 55.803 64.032 0 64.018 63.944 0 63.931
0.149 0.018 0.166 0.115 0.014 0.129 55.886 0.035 55.913 63.939 0 63.928 63.967 0 63.957
0.151 0.015 0.165 0.116 0.013 0.129 55.609 0.03 55.627 63.867 0.001 63.855 63.808 0.001 63.796
0.158 0.01 0.168 0.11 0.021 0.131 56.565 0.031 56.584 64.75 0.003 64.74 64.714 0.001 64.701
0.153 0.015 0.169 0.115 0.015 0.13 55.756 0.028 55.814 63.934 0.001 63.969 63.856 0.001 63.892
0.156 0.012 0.169 0.122 0.00900000000000001 0.13 55.811 0.037 55.836 63.795 0.001 63.782 63.742 0.00199999999999997 63.729
0.151 0.018 0.169 0.117 0.014 0.131 55.755 0.025 55.769 63.811 0.002 63.798 63.727 0.002 63.715
0.153 0.013 0.166 0.115 0.015 0.13 55.802 0.026 55.815 63.918 0 63.903 63.792 0.001 63.78
0.146 0.017 0.162 0.119 0.00999999999999998 0.129 55.25 0.027 55.265 63.568 0 63.554 63.46 0 63.445
0.16 0.00600000000000001 0.166 0.11 0.019 0.129 55.76 0.044 55.798 63.082 0 63.073 62.812 0.001 62.815
0.154 0.015 0.169 0.117 0.014 0.13 56.082 0.042 56.112 64.162 0.002 64.15 64.147 0.001 64.135
0.155 0.011 0.165 0.115 0.015 0.131 56.207 0.041 56.234 64.14 0.002 64.13 63.749 0 63.744
0.161 0.00799999999999999 0.169 0.126 0.00700000000000001 0.132 57.438 0.047 57.472 65.603 0.004 65.593 65.454 0 65.448
0.158 0.00900000000000001 0.167 0.113 0.015 0.128 54.585 0.035 54.613 62.601 0.001 62.594 62.263 0 62.263
0.152 0.015 0.166 0.11 0.02 0.13 56.243 0.031 56.262 64.439 0.001 64.425 64.517 0 64.502
0.156 0.012 0.167 0.117 0.011 0.129 55.476 0.037 55.501 63.557 0.001 63.544 63.588 0.00199999999999997 63.577
0.159 0.00900000000000001 0.168 0.115 0.018 0.133 57.477 0.039 57.503 65.531 0.00499999999999998 65.522 65.46 0.001 65.447
0.16 0.00800000000000001 0.168 0.12 0.00999999999999998 0.13 55.709 0.036 55.733 63.797 0.001 63.786 63.731 0 63.717
0.146 0.015 0.161 0.114 0.014 0.128 55.816 0.042 55.846 63.802 0.002 63.791 63.017 0.003 63.015
0.155 0.012 0.167 0.118 0.012 0.13 56.113 0.053 56.154 64.028 0.001 64.017 63.9 0.003 63.888
0.152 0.015 0.167 0.119 0.012 0.132 55.566 0.045 55.599 63.57 0 63.556 63.494 0.003 63.483
0.154 0.014 0.168 0.117 0.015 0.132 56.654 0.034 56.674 64.762 0 64.749 64.662 0 64.654
0.153 0.013 0.166 0.116 0.014 0.129 55.532 0.034 55.554 63.602 0 63.589 63.455 0.001 63.453
0.158 0.011 0.168 0.123 0.00700000000000001 0.131 55.188 0.036 55.212 63.319 0.002 63.308 63.31 0 63.295
0.153 0.015 0.168 0.123 0.00799999999999999 0.131 56.038 0.037 56.062 65.181 0.001 65.168 65.091 0.003 65.081
0.151 0.013 0.164 0.115 0.014 0.129 55.676 0.04 55.705 63.883 0 63.87 63.834 0 63.822
0.153 0.014 0.168 0.12 0.011 0.13 55.666 0.049 55.704 63.798 0 63.785 63.768 0.001 63.756
0.15 0.012 0.162 0.116 0.013 0.129 55.666 0.03 55.685 64.184 0 64.17 64.137 0 64.125
0.154 0.013 0.166 0.119 0.012 0.131 56.039 0.034 56.062 64.185 0.000999999999999973 64.173 64.112 0.002 64.101
0.153 0.012 0.166 0.116 0.014 0.13 55.853 0.036 55.876 64.051 0 64.037 63.997 0.001 63.985
0.151 0.016 0.167 0.117 0.013 0.129 55.771 0.042 55.801 63.764 0 63.75 63.693 0 63.68
0.156 0.013 0.169 0.12 0.01 0.13 55.646 0.039 55.672 63.726 0 63.713 63.692 0 63.679
0.159 0.00900000000000001 0.168 0.119 0.014 0.133 57.488 0.024 57.497 65.703 0.002 65.691 65.081 0 65.074
0.155 0.014 0.168 0.115 0.014 0.13 56.025 0.029 56.041 64.251 0 64.239 64.258 0.001 64.244
0.156 0.011 0.168 0.109 0.02 0.129 56.242 0.055 56.304 63.919 0 63.911 63.657 0.000999999999999973 63.647
0.147 0.02 0.167 0.116 0.014 0.13 55.491 0.055 55.533 63.627 0.013 63.627 63.593 0.011 63.589
0.152 0.015 0.168 0.12 0.00999999999999998 0.13 55.421 0.038 55.447 63.374 0 63.37 62.874 0 62.859
0.145 0.017 0.161 0.121 0.00699999999999998 0.129 54.84 0.036 54.864 63.757 0.002 63.746 63.828 0.002 63.815
0.154 0.015 0.168 0.114 0.016 0.13 55.228 0.033 55.254 63.136 0 63.134 62.864 0.001 62.857
0.148 0.018 0.166 0.112 0.02 0.133 56.455 0.037 56.481 65.099 0.002 65.089 65.14 0 65.129
0.156 0.00900000000000001 0.165 0.113 0.016 0.129 55.679 0.033 55.699 63.48 0.001 63.467 63.435 0 63.421
0.155 0.014 0.168 0.119 0.012 0.132 55.861 0.026 55.874 64.838 0.001 64.823 64.722 0 64.709
0.152 0.015 0.168 0.117 0.014 0.13 56.168 0.023 56.179 64.218 0 64.203 64.22 0 64.205
0.149 0.018 0.168 0.123 0.00799999999999999 0.13 55.788 0.026 55.802 63.785 0.002 63.775 63.722 0 63.707
0.143 0.018 0.162 0.114 0.014 0.128 55.345 0.048 55.379 63.491 0.001 63.478 63.45 0.001 63.436
0.15 0.017 0.168 0.109 0.02 0.128 55.478 0.036 55.502 63.469 0.001 63.459 63.188 0 63.174
0.148 0.017 0.165 0.116 0.014 0.13 56.14 0.032 56.16 64.259 0.002 64.248 64.202 0 64.189
0.158 0.01 0.168 0.12 0.00900000000000001 0.129 55.841 0.036 55.866 64.219 0.002 64.209 64.184 0.001 64.172
0.144 0.018 0.162 0.112 0.016 0.128 56.085 0.032 56.104 64.414 0 64.4 64.333 0.001 64.32
0.152 0.016 0.167 0.115 0.014 0.128 55.56 0.034 55.581 63.713 0.002 63.702 63.566 0 63.552
0.153 0.015 0.168 0.116 0.015 0.132 56.095 0.032 56.114 64.22 0.005 64.21 64.162 0.001 64.149
0.154 0.014 0.167 0.112 0.018 0.131 55.887 0.036 55.91 64.175 0.002 64.163 64.065 0 64.052
0.15 0.016 0.166 0.12 0.00899999999999999 0.129 56.218 0.033 56.238 64.311 0.002 64.305 63.501 0 63.489
0.156 0.013 0.168 0.116 0.014 0.13 56.614 0.041 56.643 64.656 0.00199999999999997 64.644 64.698 0.001 64.685
0.156 0.011 0.167 0.119 0.011 0.13 55.493 0.031 55.511 63.905 0.001 63.892 63.46 0 63.455
0.157 0.011 0.169 0.12 0.011 0.13 55.612 0.029 55.627 63.794 0.004 63.783 63.379 0.001 63.367
0.153 0.013 0.166 0.116 0.013 0.129 55.965 0.03 55.982 63.973 0.001 63.961 64.059 0.001 64.046
0.152 0.015 0.168 0.123 0.00700000000000001 0.13 55.527 0.038 55.553 63.647 0.002 63.636 63.578 0 63.564
0.162 0.00900000000000001 0.17 0.118 0.014 0.132 56.259 0.046 56.291 64.337 0.000999999999999973 64.325 64.152 0 64.138
0.155 0.012 0.168 0.112 0.018 0.13 55.588 0.033 55.609 64.251 0.000999999999999973 64.238 64.234 0 64.221
0.155 0.013 0.168 0.114 0.016 0.13 56.122 0.074 56.224 62.894 0.034 62.961 63.414 0.00299999999999997 63.458
0.157 0.00799999999999999 0.164 0.117 0.012 0.13 55.974 0.045 56.008 64.119 0 64.106 64.081 0 64.069
0.156 0.011 0.166 0.115 0.014 0.13 56.339 0.021 56.347 64.419 0 64.406 64.359 0 64.346
0.147 0.015 0.162 0.113 0.015 0.128 56.078 0.036 56.102 64.268 0.001 64.254 64.278 0 64.265
0.153 0.015 0.168 0.118 0.013 0.13 55.699 0.024 55.711 63.731 0 63.719 63.66 0 63.648
0.155 0.011 0.166 0.116 0.014 0.13 56.412 0.045 56.445 64.413 0.001 64.4 64.424 0 64.41
0.161 0.01 0.171 0.12 0.012 0.132 57.188 0.023 57.198 65.169 0 65.156 65.184 0 65.171
0.148 0.013 0.162 0.12 0.00899999999999999 0.129 55.482 0.029 55.501 64.609 0.001 64.6 64.577 0.003 64.571
0.145 0.016 0.161 0.117 0.012 0.129 55.713 0.028 55.728 63.957 0.002 63.945 63.878 0.00199999999999997 63.867
0.153 0.016 0.169 0.116 0.015 0.131 55.562 0.037 55.586 63.752 0.001 63.739 63.596 0.002 63.584
0.154 0.014 0.168 0.123 0.01 0.132 57.115 0.029 57.139 65.335 0.003 65.332 65.239 0.001 65.234
0.151 0.017 0.169 0.118 0.013 0.131 55.642 0.055 55.685 63.853 0.074 63.912 63.814 0.044 63.845
0.152 0.015 0.167 0.119 0.01 0.129 55.284 0.028 55.299 62.94 0.001 62.934 62.576 0 62.57
0.157 0.01 0.167 0.118 0.011 0.129 55.671 0.028 55.687 63.813 0.004 63.801 63.799 0 63.785
0.155 0.012 0.167 0.112 0.017 0.129 55.72 0.038 55.747 64.007 0 63.992 63.875 0 63.862
0.152 0.016 0.167 0.123 0.00700000000000001 0.131 55.521 0.03 55.538 63.294 0 63.285 62.752 0 62.738
0.161 0.00699999999999999 0.167 0.119 0.01 0.13 56.037 0.04 56.067 63.378 0 63.368 63.198 0.002 63.2
0.161 0.012 0.173 0.121 0.015 0.136 57.593 0.033 57.614 65.496 0.001 65.487 64.1 0 64.087
0.154 0.014 0.168 0.116 0.014 0.131 55.706 0.028 55.722 63.486 0.001 63.482 62.758 0.001 62.747
0.154 0.015 0.168 0.122 0.01 0.133 56.577 0.041 56.606 64.863 0.002 64.852 64.772 0 64.759
0.153 0.013 0.166 0.116 0.013 0.128 56.004 0.033 56.027 64.155 0 64.143 64.123 0.001 64.113
0.155 0.012 0.167 0.12 0.00900000000000001 0.129 55.557 0.029 55.574 63.745 0.001 63.733 63.278 0 63.264
0.149 0.012 0.162 0.113 0.015 0.127 55.215 0.036 55.239 63.844 0 63.83 63.815 0.002 63.803
0.155 0.013 0.167 0.113 0.017 0.13 55.063 0.037 55.09 63.444 0.002 63.435 63.648 0.001 63.635
0.157 0.013 0.169 0.118 0.013 0.131 55.952 0.033 55.973 64.486 0.003 64.476 64.796 0 64.782
0.155 0.012 0.167 0.115 0.014 0.129 55.652 0.045 55.685 63.89 0.004 63.882 62.711 0.00700000000000001 62.713
0.15 0.015 0.165 0.115 0.015 0.13 55.586 0.024 55.598 63.584 0.001 63.572 63.535 0 63.522
0.155 0.014 0.169 0.116 0.017 0.132 55.937 0.031 55.956 64 0 63.987 63.963 0 63.95
0.152 0.014 0.166 0.113 0.017 0.129 55.715 0.053 55.756 63.848 0.012 63.847 63.797 0.014 63.797
0.155 0.014 0.169 0.114 0.017 0.13 56.64 0.023 56.652 64.641 0.002 64.629 64.65 0 64.635
0.155 0.013 0.168 0.117 0.014 0.131 56.014 0.031 56.031 64.31 0 64.295 63.565 0 63.556
0.153 0.015 0.168 0.121 0.00899999999999998 0.129 55.886 0.043 55.916 64.001 0.002 63.988 64.019 0 64.005
0.151 0.016 0.168 0.119 0.012 0.13 56.084 0.029 56.101 64.228 0 64.214 63.82 0 63.814
0.151 0.016 0.168 0.118 0.012 0.129 55.358 0.032 55.379 63.55 0 63.537 63.374 0 63.37
0.151 0.016 0.166 0.119 0.011 0.13 55.607 0.026 55.621 63.588 0.001 63.576 63.578 0 63.566
0.157 0.00899999999999999 0.167 0.117 0.012 0.129 55.366 0.036 55.389 63.523 0.001 63.51 63.499 0 63.485
0.152 0.016 0.168 0.118 0.012 0.13 55.575 0.028 55.591 63.698 0.001 63.685 63.673 0 63.659
0.151 0.011 0.162 0.118 0.011 0.128 55.795 0.035 55.818 63.895 0.002 63.883 63.886 0 63.872
0.157 0.013 0.17 0.118 0.014 0.131 57.354 0.026 57.37 65.437 0 65.424 65.47 0 65.459
0.152 0.014 0.166 0.116 0.015 0.131 55.548 0.032 55.568 63.818 0.002 63.808 63.756 0 63.743
0.152 0.016 0.168 0.121 0.00900000000000001 0.129 55.915 0.028 55.932 63.888 0.001 63.874 63.546 0 63.534
0.158 0.00700000000000001 0.165 0.123 0.00899999999999999 0.131 56.544 0.04 56.572 64.603 0 64.589 64.569 0 64.555
0.154 0.012 0.167 0.116 0.014 0.129 55.706 0.037 55.731 63.733 0 63.719 63.702 0 63.69
0.144 0.017 0.161 0.118 0.00900000000000001 0.127 55.378 0.052 55.416 63.521 0.003 63.509 63.557 0 63.541
0.148 0.013 0.162 0.123 0.00599999999999999 0.128 55.663 0.032 55.683 63.853 0 63.841 63.778 0.001 63.767
0.161 0.00899999999999999 0.17 0.12 0.013 0.133 56.801 0.03 56.819 64.911 0.003 64.899 64.845 0.003 64.836
0.15 0.016 0.166 0.118 0.012 0.13 56.414 0.03 56.432 64.42 0.001 64.407 64.354 0 64.341
0.151 0.017 0.167 0.119 0.01 0.129 55.682 0.042 55.712 63.748 0.002 63.737 63.732 0 63.719
0.144 0.017 0.182 0.116 0.013 0.128 55.526 0.021 55.535 63.697 0 63.684 63.621 0.001 63.609
0.158 0.011 0.168 0.114 0.015 0.13 55.665 0.04 55.692 63.805 0.001 63.792 63.559 0.003 63.55
0.154 0.013 0.166 0.115 0.014 0.129 56.434 0.041 56.463 64.498 0 64.483 64.485 0 64.471
0.149 0.018 0.167 0.117 0.014 0.13 56.614 0.041 56.643 64.65 0.001 64.637 64.656 0 64.642
0.15 0.017 0.167 0.118 0.012 0.129 56.101 0.029 56.119 64.462 0.003 64.451 64.424 0 64.412
0.157 0.01 0.167 0.119 0.012 0.131 56.439 0.034 56.462 64.552 0.001 64.538 64.515 0 64.502
0.152 0.014 0.166 0.12 0.01 0.13 55.58 0.038 55.606 63.676 0 63.662 63.632 0 63.619
0.155 0.011 0.165 0.116 0.013 0.13 56.163 0.036 56.185 63.795 0.002 63.791 63.371 0 63.36
0.15 0.019 0.168 0.122 0.00899999999999999 0.131 57.21 0.037 57.234 65.414 0.001 65.4 65.321 0 65.312
0.15 0.018 0.169 0.124 0.00799999999999999 0.132 57.435 0.03 57.451 65.492 0 65.478 65.584 0 65.569
0.153 0.016 0.169 0.116 0.013 0.129 55.73 0.03 55.749 62.873 0.00799999999999998 62.877 62.973 0.002 62.968
0.154 0.014 0.168 0.117 0.013 0.13 55.656 0.029 55.674 63.717 0 63.706 63.673 0.001 63.662
0.15 0.015 0.166 0.119 0.011 0.128 56.442 0.031 56.462 64.428 0.001 64.416 64.389 0.001 64.379
0.147 0.017 0.164 0.116 0.013 0.129 55.571 0.034 55.596 63.772 0 63.763 63.763 0.003 63.757
0.151 0.016 0.167 0.119 0.01 0.129 55.961 0.03 55.979 64.039 0 64.027 63.99 0 63.977
0.154 0.013 0.167 0.115 0.013 0.128 56.355 0.026 56.369 64.404 0 64.39 64.393 0 64.38
0.152 0.015 0.167 0.119 0.01 0.129 56.051 0.029 56.069 64.167 0.018 64.173 64.208 0.002 64.198
0.159 0.01 0.169 0.115 0.016 0.131 56.576 0.033 56.597 64.966 0.001 64.953 64.889 0.001 64.877
0.15 0.016 0.166 0.116 0.013 0.129 55.784 0.04 55.811 64.045 0 64.033 63.994 0 63.981
0.142 0.02 0.162 0.115 0.013 0.128 55.11 0.031 55.126 63.958 0.002 63.945 63.871 0 63.857
0.146 0.017 0.163 0.116 0.013 0.129 55.09 0.03 55.107 63.246 0 63.234 63.195 0 63.18
0.15 0.018 0.169 0.12 0.012 0.132 55.841 0.026 55.86 63.745 0 63.737 63.574 0 63.582
0.153 0.013 0.166 0.115 0.014 0.129 56.03 0.044 56.062 64.178 0.001 64.165 64.219 0 64.204
0.157 0.01 0.167 0.119 0.01 0.129 55.937 0.027 55.953 64.147 0 64.133 64.072 0.001 64.059
0.153 0.013 0.166 0.114 0.016 0.129 56.12 0.033 56.141 64.123 0 64.109 64.079 0 64.067
0.157 0.012 0.168 0.117 0.013 0.131 56.575 0.044 56.606 64.507 0.001 64.495 64.438 0 64.423
0.155 0.013 0.168 0.121 0.01 0.131 55.345 0.039 55.371 63.443 0.001 63.428 63.42 0 63.406
0.147 0.016 0.163 0.118 0.01 0.128 55.591 0.026 55.612 63.607 0.002 63.596 63.298 0.001 63.301
0.155 0.014 0.168 0.121 0.00900000000000001 0.13 56.347 0.034 56.369 64.532 0.002 64.52 64.337 0.002 64.329
0.156 0.00700000000000001 0.163 0.114 0.015 0.128 55.321 0.039 55.348 63.445 0 63.43 63.385 0 63.371
0.153 0.016 0.168 0.118 0.012 0.13 56.049 0.031 56.067 64.174 0 64.159 63.654 0 63.639
0.154 0.011 0.165 0.112 0.017 0.129 55.484 0.038 55.51 63.586 0.001 63.574 63.522 0.001 63.51
0.157 0.01 0.167 0.116 0.013 0.129 55.572 0.029 55.592 63.633 0.001 63.624 63.6 0.001 63.592
0.161 0.00800000000000001 0.169 0.123 0.01 0.133 56.826 0.046 56.86 64.867 0 64.853 64.763 0.001 64.75
0.154 0.017 0.171 0.123 0.01 0.133 56.048 0.035 56.071 64.076 0.002 64.064 64.041 0 64.029
0.155 0.013 0.168 0.12 0.012 0.133 55.762 0.043 55.792 63.862 0.013 63.86 63.824 0.004 63.815
0.154 0.013 0.167 0.114 0.016 0.13 55.86 0.031 55.878 63.963 0.002 63.952 63.938 0 63.923
0.147 0.016 0.164 0.114 0.016 0.13 57.219 0.034 57.24 65.616 0 65.601 65.605 0.001 65.591
0.155 0.012 0.167 0.119 0.013 0.132 56.815 0.028 56.831 64.889 0 64.875 64.927 0 64.914
0.156 0.01 0.166 0.115 0.014 0.129 56.086 0.032 56.104 64.215 0 64.203 64.166 0.001 64.153
0.149 0.018 0.166 0.123 0.00800000000000001 0.131 56.066 0.045 56.099 64.156 0.00199999999999997 64.144 64.14 0 64.126
0.158 0.01 0.168 0.116 0.014 0.13 55.759 0.028 55.775 63.897 0.002 63.885 63.789 0 63.776
0.149 0.016 0.164 0.115 0.013 0.129 55.914 0.041 55.942 64.034 0.004 64.026 64.004 0 63.99
0.154 0.014 0.167 0.119 0.011 0.13 55.855 0.033 55.876 63.944 0.003 63.934 63.884 0 63.87
0.152 0.013 0.165 0.119 0.011 0.13 54.787 0.036 54.821 62.781 0.00399999999999998 62.783 62.409 0 62.419
0.151 0.017 0.168 0.12 0.011 0.131 55.926 0.035 55.949 63.987 0.002 63.975 63.771 0 63.766
0.152 0.015 0.166 0.116 0.016 0.132 55.97 0.05 56.01 64.049 0.004 64.038 63.395 0.002 63.39
0.154 0.014 0.168 0.12 0.01 0.13 55.659 0.033 55.68 63.718 0.001 63.705 63.714 0 63.699
0.151 0.019 0.169 0.122 0.01 0.132 55.376 0.034 55.404 64.164 0 64.158 63.818 0 63.818
0.153 0.01 0.163 0.113 0.015 0.129 56.105 0.039 56.131 64.302 0 64.289 64.279 0.002 64.266
0.149 0.02 0.17 0.117 0.014 0.13 55.588 0.034 55.619 62.806 0.001 62.8 62.941 0 62.939
0.149 0.014 0.162 0.114 0.013 0.128 54.893 0.029 54.911 63.061 0.001 63.052 62.855 0.004 62.855
0.145 0.017 0.163 0.115 0.015 0.129 55.387 0.052 55.429 64.199 0.002 64.19 64.094 0.001 64.083
0.153 0.015 0.168 0.118 0.013 0.13 55.89 0.033 55.911 64.002 0 63.988 63.737 0 63.724
0.154 0.012 0.166 0.115 0.014 0.128 55.737 0.031 55.758 63.736 0.001 63.724 63.774 0.001 63.761
0.156 0.011 0.167 0.12 0.01 0.13 55.698 0.039 55.725 63.87 0.00199999999999997 63.859 63.815 0 63.802
0.153 0.012 0.164 0.116 0.013 0.13 55.743 0.03 55.76 63.823 0 63.81 63.762 0 63.749
0.154 0.013 0.167 0.111 0.018 0.129 55.76 0.045 55.793 63.863 0 63.85 63.871 0 63.856
0.154 0.012 0.167 0.118 0.011 0.129 55.313 0.024 55.324 63.424 0.01 63.423 63.428 0.003 63.416
0.146 0.017 0.162 0.11 0.019 0.128 55.361 0.032 55.382 64.121 0.001 64.11 63.994 0 63.981
0.147 0.017 0.165 0.114 0.016 0.13 55.89 0.046 55.923 64.162 0 64.148 63.726 0.003 63.723
0.15 0.017 0.167 0.121 0.00900000000000001 0.13 55.892 0.027 55.906 63.926 0.001 63.913 63.21 0.003 63.208
0.157 0.013 0.17 0.12 0.012 0.132 56.918 0.033 56.939 65.154 0 65.138 65.14 0.002 65.134
0.152 0.018 0.17 0.112 0.019 0.13 55.757 0.039 55.782 63.81 0.001 63.796 63.297 0 63.284
0.157 0.00900000000000001 0.166 0.12 0.01 0.129 56.266 0.031 56.286 64.286 0.001 64.272 64.199 0.002 64.188
0.155 0.012 0.167 0.116 0.015 0.131 55.824 0.032 55.844 63.932 0 63.919 63.916 0 63.902
0.153 0.013 0.166 0.12 0.01 0.129 56.163 0.04 56.191 64.245 0.001 64.232 64.252 0 64.239
0.156 0.014 0.169 0.117 0.015 0.133 56.965 0.038 56.991 64.962 0.001 64.95 65.021 0.002 65.008
0.154 0.012 0.165 0.114 0.014 0.129 55.67 0.035 55.692 63.916 0 63.902 63.799 0 63.785
0.152 0.011 0.164 0.119 0.00899999999999999 0.127 54.428 0.048 54.474 62.635 0.00199999999999997 62.635 62.302 0.002 62.31
0.144 0.021 0.166 0.117 0.013 0.129 55.874 0.041 55.903 63.905 0.003 63.893 63.308 0.001 63.302
0.152 0.014 0.166 0.114 0.016 0.129 55.541 0.031 55.559 63.542 0.001 63.529 63.52 0 63.505
0.149 0.018 0.167 0.119 0.011 0.13 56.081 0.023 56.092 64.308 0 64.295 63.886 0 63.872
0.153 0.016 0.168 0.117 0.015 0.133 55.76 0.041 55.788 63.741 0 63.725 63.766 0 63.753
0.161 0.00600000000000001 0.166 0.113 0.017 0.13 55.846 0.05 55.883 63.851 0.001 63.839 63.746 0.002 63.734
0.145 0.017 0.161 0.112 0.016 0.129 55.286 0.034 55.308 63.817 0.002 63.807 63.745 0 63.732
0.151 0.017 0.168 0.111 0.019 0.13 55.834 0.051 55.912 62.962 0.004 63.004 62.367 0.004 62.403
0.151 0.017 0.168 0.117 0.012 0.129 55.924 0.033 55.946 64.039 0 64.025 63.454 0.001 63.442
0.153 0.014 0.167 0.119 0.011 0.13 55.673 0.038 55.7 63.85 0 63.837 63.902 0 63.889
0.148 0.019 0.166 0.113 0.015 0.128 55.523 0.038 55.55 63.612 0.001 63.6 63.579 0 63.566
0.149 0.012 0.162 0.114 0.013 0.127 56.14 0.024 56.15 64.354 0.002 64.343 64.341 0.00199999999999997 64.329
0.164 0.005 0.168 0.116 0.014 0.13 55.961 0.029 55.977 64.132 0.001 64.12 63.976 0 63.961
0.152 0.011 0.164 0.118 0.012 0.13 56.21 0.048 56.245 64.425 0 64.411 64.427 0.003 64.416
0.156 0.014 0.169 0.12 0.013 0.132 57.073 0.035 57.095 65.001 0.002 64.989 65.072 0 65.058
0.146 0.015 0.162 0.121 0.00799999999999999 0.129 56.555 0.033 56.574 64.589 0 64.573 64.685 0 64.671
0.155 0.013 0.167 0.115 0.014 0.13 55.503 0.035 55.524 63.575 0.00199999999999997 63.562 63.565 0 63.551
0.147 0.019 0.167 0.112 0.017 0.129 55.554 0.042 55.584 63.035 0.014 63.042 62.812 0.002 62.808
0.154 0.014 0.167 0.117 0.013 0.131 54.732 0.072 54.797 62.854 0.002 62.849 62.655 0 62.655
0.159 0.00799999999999999 0.166 0.119 0.00900000000000001 0.129 54.382 0.027 54.404 62.569 0 62.56 62.21 0 62.212
0.148 0.016 0.164 0.119 0.01 0.129 55.276 0.038 55.302 64.551 0.00199999999999997 64.54 64.001 0 63.994
0.153 0.014 0.167 0.117 0.012 0.13 55.488 0.032 55.509 62.987 0.003 62.986 62.601 0.002 62.592
0.152 0.016 0.168 0.115 0.015 0.13 55.684 0.032 55.706 63.768 0.002 63.758 63.709 0 63.698
0.156 0.013 0.169 0.126 0.005 0.131 56.483 0.033 56.505 64.562 0.001 64.55 64.497 0.001 64.492
0.152 0.016 0.167 0.118 0.012 0.131 55.981 0.054 56.023 64.046 0 64.033 63.63 0 63.617
0.154 0.015 0.169 0.117 0.012 0.129 55.162 0.036 55.186 63.794 0 63.78 63.719 0.001 63.706
0.153 0.019 0.171 0.119 0.013 0.133 56.784 0.031 56.804 65.158 0.001 65.148 65.387 0.002 65.376
0.153 0.014 0.167 0.117 0.012 0.129 55.281 0.042 55.353 63.37 0.02 63.427 62.817 0.017 62.868
0.155 0.011 0.166 0.119 0.011 0.13 55.915 0.029 55.932 63.936 0.004 63.927 63.916 0 63.903
0.156 0.012 0.167 0.118 0.011 0.129 55.857 0.057 55.903 63.923 0.014 63.924 63.884 0.011 63.883
0.15 0.012 0.161 0.117 0.011 0.129 55.165 0.047 55.2 63.627 0.00299999999999997 63.617 63.538 0 63.525
0.149 0.014 0.163 0.119 0.012 0.131 57 0.026 57.013 65.008 0.004 64.998 65.13 0 65.115
0.157 0.011 0.168 0.116 0.013 0.129 55.612 0.031 55.63 63.668 0 63.655 63.557 0.002 63.545
0.15 0.016 0.166 0.112 0.019 0.131 55.891 0.038 55.925 64.272 0.002 64.268 64.256 0 64.25
0.151 0.017 0.168 0.118 0.011 0.129 55.789 0.034 55.81 63.743 0 63.731 63.676 0 63.661
0.151 0.016 0.166 0.112 0.018 0.13 56.542 0.042 56.573 64.654 0.003 64.643 64.138 0 64.133
0.16 0.011 0.17 0.118 0.013 0.132 55.641 0.052 55.679 63.717 0.003 63.708 63.725 0.003 63.714
0.151 0.017 0.167 0.119 0.014 0.133 56.706 0.037 56.729 64.891 0.003 64.879 64.208 0 64.203
0.154 0.015 0.169 0.118 0.012 0.13 55.803 0.03 55.821 63.947 0 63.931 63.852 0.003 63.841
0.15 0.017 0.167 0.111 0.018 0.13 55.518 0.036 55.54 63.69 0.005 63.683 62.982 0.001 62.978
0.153 0.013 0.166 0.115 0.013 0.128 55.637 0.027 55.652 63.782 0.002 63.771 63.72 0.002 63.709
0.155 0.011 0.167 0.119 0.00999999999999998 0.129 56.127 0.035 56.15 64.144 0.002 64.135 64.124 0.001 64.114
0.156 0.012 0.166 0.118 0.011 0.129 55.541 0.058 55.588 63.653 0.005 63.645 63.633 0.001 63.621
0.145 0.015 0.161 0.112 0.016 0.127 54.856 0.044 54.929 63.233 0.001 63.226 63.217 0.003 63.206
0.153 0.014 0.167 0.116 0.014 0.13 55.913 0.037 55.938 64.094 0 64.081 63.689 0 63.675
0.155 0.013 0.168 0.116 0.016 0.131 56.34 0.022 56.348 64.473 0.001 64.458 64.392 0 64.378
0.156 0.012 0.168 0.108 0.021 0.129 55.943 0.022 55.953 64.305 0.001 64.293 63.994 0 63.982
0.146 0.015 0.161 0.119 0.00899999999999999 0.128 55.613 0.027 55.631 63.599 0.002 63.594 63.571 0.001 63.563
0.149 0.015 0.164 0.114 0.015 0.129 56.4 0.043 56.473 64.486 0.014 64.536 64.591 0.014 64.641
0.154 0.013 0.167 0.116 0.013 0.129 56.103 0.05 56.141 64.312 0.001 64.3 64.11 0 64.097
0.159 0.01 0.169 0.122 0.01 0.131 56.775 0.041 56.805 64.895 0 64.881 64.833 0.001 64.822
0.15 0.017 0.167 0.117 0.011 0.129 55.57 0.025 55.581 63.633 0.002 63.62 63.555 0.003 63.544
0.151 0.016 0.168 0.121 0.00899999999999999 0.129 55.537 0.032 55.555 63.741 0 63.728 63.646 0.001 63.631
0.15 0.018 0.168 0.113 0.017 0.13 55.944 0.026 55.958 64.055 0.00299999999999997 64.045 63.986 0 63.973
0.147 0.021 0.168 0.118 0.012 0.131 56.159 0.027 56.173 64.269 0.002 64.257 63.4 0.001 63.396
0.153 0.015 0.169 0.125 0.00700000000000001 0.132 55.954 0.038 55.979 64.25 0 64.236 64.18 0.001 64.168
0.155 0.012 0.167 0.116 0.015 0.131 55.626 0.023 55.636 63.988 0.002 63.976 64.007 0 63.994
0.156 0.011 0.167 0.111 0.018 0.13 55.741 0.034 55.762 63.898 0 63.884 63.934 0.002 63.922
0.149 0.018 0.167 0.121 0.00800000000000001 0.129 55.973 0.032 55.993 63.915 0.002 63.907 62.414 0 62.403
0.15 0.016 0.166 0.117 0.014 0.132 55.961 0.043 55.991 63.807 0.002 63.795 63.761 0 63.747
0.144 0.024 0.168 0.118 0.012 0.13 56.108 0.041 56.137 64.179 0.001 64.166 64.143 0.002 64.131
0.155 0.01 0.165 0.112 0.017 0.129 55.528 0.023 55.547 62.945 0 62.935 62.739 0.002 62.743
0.159 0.013 0.171 0.123 0.01 0.133 57 0.028 57.017 65.251 0.001 65.239 65.091 0 65.079
0.151 0.017 0.167 0.119 0.012 0.131 55.904 0.024 55.919 64.203 0.001 64.195 64.212 0 64.202
0.153 0.015 0.168 0.119 0.011 0.13 56.355 0.071 56.415 64.384 0.022 64.394 64.306 0.004 64.297
0.158 0.00899999999999999 0.167 0.12 0.01 0.129 56.164 0.032 56.184 64.355 0.002 64.342 64.136 0 64.123
0.152 0.016 0.167 0.118 0.01 0.129 55.834 0.029 55.852 63.49 0.001 63.489 62.7 0.002 62.689
0.152 0.015 0.167 0.114 0.016 0.13 55.634 0.033 55.655 63.715 0.00600000000000001 63.709 63.727 0 63.714
0.157 0.011 0.168 0.123 0.00799999999999999 0.132 56.757 0.044 56.787 65.082 0.00600000000000001 65.076 65.069 0.004 65.064
0.152 0.01 0.162 0.116 0.014 0.129 55.566 0.033 55.586 64.193 0.003 64.181 64.111 0 64.095
0.15 0.011 0.161 0.11 0.018 0.128 55.146 0.048 55.183 63.979 0 63.966 63.962 0 63.949
0.144 0.018 0.162 0.114 0.014 0.128 55.638 0.033 55.658 63.724 0 63.711 63.628 0 63.615
0.157 0.01 0.167 0.111 0.019 0.129 55.391 0.046 55.425 63.492 0.001 63.48 63.486 0 63.473
0.152 0.015 0.165 0.116 0.012 0.129 56.725 0.041 56.754 64.763 0.027 64.776 64.639 0.00800000000000001 64.633
0.158 0.013 0.171 0.114 0.017 0.131 56.748 0.049 56.784 64.921 0.001 64.909 64.79 0.001 64.777
0.151 0.016 0.166 0.111 0.019 0.13 55.93 0.027 55.944 64.1 0.002 64.087 64.017 0.001 64.004
0.152 0.00900000000000001 0.161 0.116 0.011 0.127 56.546 0.036 56.57 64.708 0 64.693 64.594 0 64.58
0.156 0.012 0.168 0.11 0.02 0.13 56.209 0.043 56.239 64.421 0.001 64.407 64.455 0 64.441
0.158 0.01 0.168 0.118 0.011 0.129 56.188 0.033 56.208 64.266 0.002 64.254 64.319 0 64.305
0.15 0.018 0.168 0.119 0.011 0.13 55.966 0.034 55.987 64.346 0.001 64.334 64.354 0 64.341
0.155 0.012 0.167 0.119 0.011 0.13 55.394 0.023 55.406 63.566 0 63.553 63.551 0.002 63.538
0.155 0.014 0.168 0.119 0.011 0.13 55.664 0.03 55.681 63.793 0.001 63.778 63.274 0 63.259
0.156 0.01 0.166 0.114 0.016 0.13 56.283 0.042 56.312 64.389 0.004 64.379 64.301 0 64.287
0.16 0.00699999999999999 0.167 0.114 0.015 0.129 55.651 0.033 55.671 63.718 0 63.703 63.715 0 63.703
0.153 0.01 0.162 0.114 0.015 0.129 55.46 0.037 55.484 63.834 0 63.821 63.752 0 63.737
0.154 0.014 0.168 0.117 0.012 0.128 55.661 0.022 55.671 63.755 0.001 63.742 63.618 0.001 63.606
0.149 0.012 0.16 0.111 0.016 0.128 55.957 0.027 55.973 64.33 0.005 64.32 64.2 0.001 64.188
0.158 0.01 0.168 0.123 0.00599999999999999 0.129 55.997 0.044 56.028 64.066 0.002 64.056 63.516 0.001 63.506
0.151 0.016 0.167 0.119 0.012 0.131 55.67 0.035 55.693 63.54 0 63.527 63.519 0 63.505
0.156 0.01 0.166 0.116 0.015 0.129 55.785 0.036 55.81 63.782 0.001 63.77 63.742 0 63.728
0.15 0.013 0.164 0.119 0.012 0.13 56.254 0.027 56.311 64.517 0 64.519 64.581 0.000999999999999973 64.568
0.147 0.017 0.164 0.118 0.011 0.129 55.15 0.049 55.195 63.219 0 63.218 62.94 0.002 62.944
0.147 0.02 0.167 0.113 0.018 0.129 56.487 0.037 56.512 64.498 0.001 64.486 64.478 0 64.462
0.153 0.016 0.169 0.115 0.016 0.131 55.884 0.032 55.903 63.993 0.002 63.982 63.483 0.001 63.48
0.154 0.015 0.169 0.118 0.013 0.13 56.47 0.033 56.49 64.402 0 64.39 64.469 0 64.454
0.15 0.014 0.164 0.118 0.012 0.13 54.989 0.039 55.021 63.835 0.001 63.83 63.392 0.001 63.391
0.157 0.011 0.168 0.119 0.012 0.131 55.936 0.047 55.97 63.99 0.001 63.978 64.022 0 64.008
0.154 0.015 0.169 0.121 0.011 0.132 55.955 0.038 55.982 64.03 0.001 64.018 63.993 0.001 63.981
0.15 0.017 0.167 0.115 0.015 0.13 56.452 0.041 56.481 64.646 0 64.633 64.563 0 64.55
0.152 0.015 0.167 0.12 0.01 0.13 55.585 0.031 55.604 63.66 0.002 63.65 63.601 0.001 63.589
0.152 0.016 0.168 0.111 0.018 0.129 55.559 0.033 55.581 63.633 0.002 63.622 63.616 0.000999999999999973 63.605
0.154 0.014 0.167 0.121 0.00800000000000001 0.13 56.002 0.026 56.025 63.488 0 63.48 63.739 0 63.741
0.154 0.014 0.169 0.118 0.014 0.132 57.202 0.033 57.224 64.524 0.002 64.523 64.246 0 64.243
0.151 0.017 0.169 0.115 0.016 0.13 55.662 0.041 55.703 63.918 0.001 63.907 63.593 0.001 63.604
0.152 0.014 0.167 0.12 0.011 0.131 55.66 0.033 55.681 63.691 0.003 63.68 63.634 0 63.622
0.15 0.021 0.17 0.12 0.013 0.133 57.414 0.03 57.435 65.515 0 65.504 65.53 0 65.52
0.152 0.013 0.165 0.121 0.01 0.13 56.042 0.043 56.073 64.166 0.00199999999999997 64.155 64.143 0.001 64.131
0.161 0.00900000000000001 0.169 0.119 0.012 0.132 56.897 0.033 56.917 64.904 0.003 64.893 64.888 0 64.875
0.152 0.018 0.17 0.121 0.012 0.132 56.881 0.033 56.901 65.403 0 65.389 65.161 0.001 65.148
0.152 0.015 0.168 0.12 0.01 0.129 55.962 0.032 55.983 64.111 0.001 64.099 64.096 0.001 64.083
0.15 0.016 0.166 0.114 0.015 0.129 55.704 0.032 55.724 63.965 0 63.951 63.938 0 63.925
0.151 0.015 0.166 0.121 0.00900000000000001 0.13 56.159 0.045 56.192 64.295 0.00899999999999998 64.291 64.043 0.003 64.039
0.154 0.014 0.168 0.117 0.015 0.131 56.507 0.031 56.525 64.65 0 64.636 63.927 0.001 63.922
0.156 0.011 0.166 0.114 0.016 0.13 56.366 0.04 56.393 64.372 0 64.359 64.453 0 64.439
0.155 0.013 0.168 0.118 0.012 0.13 55.538 0.036 55.561 63.676 0.001 63.662 63.409 0 63.395
0.15 0.012 0.162 0.118 0.01 0.127 56.323 0.033 56.344 64.42 0.002 64.407 64.448 0.002 64.438
0.155 0.012 0.167 0.124 0.00700000000000001 0.131 55.677 0.037 55.702 63.848 0.001 63.835 63.698 0.001 63.687
0.157 0.012 0.169 0.118 0.014 0.132 57.583 0.038 57.61 65.556 0.001 65.541 65.539 0 65.525
0.154 0.015 0.169 0.12 0.011 0.131 55.853 0.035 55.876 63.896 0 63.883 63.849 0.000999999999999973 63.838
0.149 0.012 0.161 0.115 0.013 0.128 55.603 0.042 55.631 63.771 0.001 63.76 63.706 0.001 63.693
0.156 0.011 0.166 0.112 0.016 0.129 55.427 0.032 55.445 62.99 0.001 62.988 62.735 0.003 62.733
0.152 0.012 0.164 0.122 0.00699999999999999 0.129 56.057 0.036 56.081 64.127 0.004 64.116 63.528 0 63.521
0.153 0.015 0.168 0.118 0.013 0.131 55.799 0.038 55.823 63.8 0 63.787 63.837 0.001 63.822
0.156 0.014 0.169 0.116 0.015 0.131 56.571 0.035 56.595 64.584 0.00599999999999998 64.575 63.961 0.002 63.961
0.147 0.02 0.167 0.117 0.012 0.129 56.498 0.038 56.523 64.78 0.003 64.768 64.696 0 64.682
0.153 0.017 0.168 0.117 0.013 0.13 55.623 0.04 55.652 63.88 0 63.866 63.904 0 63.888
0.151 0.013 0.164 0.122 0.00800000000000001 0.13 55.434 0.043 55.465 64.309 0 64.296 64.207 0 64.194
0.15 0.011 0.161 0.115 0.014 0.127 54.904 0.031 54.925 63.399 0.001 63.395 62.776 0 62.764
0.152 0.012 0.164 0.121 0.00900000000000001 0.13 55.682 0.034 55.705 63.768 0.001 63.755 63.698 0.002 63.688
0.153 0.013 0.166 0.114 0.015 0.129 55.861 0.023 55.872 64.034 0 64.02 63.868 0 63.856
0.145 0.017 0.162 0.116 0.011 0.127 55.595 0.028 55.611 63.554 0.000999999999999973 63.543 63.577 0.001 63.565
0.144 0.017 0.161 0.111 0.017 0.129 55.869 0.025 55.88 63.395 0.002 63.39 63.035 0 63.029
0.153 0.017 0.17 0.116 0.015 0.131 56.195 0.032 56.213 64.517 0 64.504 64.332 0 64.321
0.147 0.019 0.166 0.116 0.013 0.129 56.107 0.048 56.141 64.271 0.001 64.259 64.326 0 64.311
0.155 0.012 0.167 0.12 0.011 0.13 56.155 0.041 56.184 64.271 0 64.257 64.224 0 64.21
0.149 0.012 0.161 0.114 0.014 0.129 56.471 0.038 56.496 64.664 0.001 64.65 64.646 0.001 64.634
0.152 0.018 0.17 0.115 0.015 0.13 56.281 0.032 56.3 64.594 0 64.58 64.403 0.001 64.39
0.158 0.00699999999999999 0.164 0.117 0.012 0.13 55.976 0.025 55.988 63.984 0.003 63.974 63.972 0 63.958
0.157 0.012 0.169 0.121 0.011 0.131 56.076 0.044 56.107 64.23 0.001 64.217 64.157 0 64.143
0.153 0.01 0.163 0.113 0.015 0.128 55.047 0.033 55.067 63.718 0 63.706 63.906 0 63.893
0.151 0.012 0.163 0.118 0.012 0.129 57.113 0.04 57.14 65.546 0.002 65.532 65.51 0.001 65.496
0.158 0.01 0.168 0.116 0.014 0.129 55.585 0.027 55.602 63.136 0.002 63.134 62.841 0.001 62.829
0.158 0.00900000000000001 0.167 0.119 0.013 0.132 56.805 0.034 56.827 65.303 0.002 65.292 65.198 0.004 65.197
0.152 0.015 0.167 0.123 0.00700000000000001 0.13 55.696 0.045 55.731 63.729 0 63.718 63.662 0 63.65
0.158 0.012 0.17 0.111 0.02 0.131 56.53 0.043 56.56 64.739 0 64.726 64.185 0 64.172
0.154 0.012 0.166 0.118 0.012 0.13 56.134 0.023 56.145 64.099 0.001 64.086 64.204 0 64.19
0.155 0.011 0.167 0.119 0.011 0.13 56.091 0.039 56.116 64.315 0.001 64.304 64.262 0 64.248
0.156 0.012 0.168 0.113 0.017 0.129 56.189 0.032 56.21 64.494 0 64.482 63.607 0 63.603
0.155 0.013 0.168 0.114 0.015 0.13 55.43 0.043 55.462 63.605 0.003 63.606 63.145 0.002 63.134
0.15 0.017 0.167 0.112 0.017 0.129 55.288 0.035 55.32 62.956 0 62.944 63.015 0 63.017
0.152 0.01 0.162 0.117 0.011 0.128 55.374 0.036 55.397 63.607 0.003 63.594 63.494 0.004 63.482
0.154 0.014 0.167 0.118 0.013 0.131 55.992 0.04 56.021 64.188 0.001 64.174 64.132 0.001 64.119
0.156 0.013 0.17 0.118 0.015 0.133 56.446 0.039 56.473 64.566 0.001 64.554 64.645 0 64.631
0.16 0.00799999999999999 0.168 0.115 0.014 0.128 56.186 0.031 56.205 64.216 0.001 64.203 64.272 0 64.259
0.156 0.014 0.169 0.123 0.00900000000000001 0.132 55.918 0.043 55.948 64.134 0.003 64.124 64.07 0 64.056
0.155 0.012 0.166 0.114 0.015 0.13 55.544 0.04 55.57 63.655 0 63.64 63.675 0.002 63.661
0.154 0.012 0.166 0.119 0.012 0.131 56.043 0.053 56.082 63.976 0.003 63.964 63.932 0.005 63.922
0.153 0.016 0.168 0.114 0.016 0.131 55.873 0.025 55.885 63.952 0 63.937 63.938 0.002 63.925
0.157 0.012 0.17 0.119 0.014 0.133 57.474 0.034 57.494 65.436 0 65.421 65.457 0 65.443
0.147 0.02 0.167 0.116 0.015 0.131 56.35 0.026 56.363 64.347 0 64.332 64.457 0 64.443
0.153 0.012 0.165 0.118 0.012 0.13 55.307 0.037 55.331 63.404 0.002 63.394 63.363 0 63.35
0.153 0.013 0.166 0.117 0.012 0.13 55.86 0.03 55.877 64.007 0.001 63.996 64.076 0 64.063
0.15 0.017 0.167 0.12 0.00900000000000001 0.129 55.74 0.029 55.758 63.899 0.001 63.889 63.852 0.001 63.841
0.153 0.012 0.165 0.115 0.013 0.128 55.591 0.028 55.607 63.635 0.001 63.621 63.594 0 63.581
0.154 0.016 0.169 0.117 0.017 0.134 56.83 0.02 56.837 65.132 0 65.118 65.057 0 65.044
0.149 0.012 0.161 0.114 0.013 0.127 55.521 0.028 55.538 63.688 0.004 63.678 63.591 0.001 63.581
0.153 0.015 0.168 0.117 0.014 0.131 55.858 0.033 55.879 63.98 0.002 63.969 63.856 0 63.843
0.15 0.016 0.166 0.111 0.019 0.13 55.818 0.025 55.832 63.799 0.001 63.787 63.717 0 63.705
0.149 0.019 0.168 0.12 0.00899999999999999 0.129 56.111 0.03 56.129 64.376 0 64.363 64.426 0 64.412
0.152 0.014 0.166 0.12 0.011 0.132 56.251 0.029 56.271 64.387 0.00299999999999997 64.38 64.329 0.001 64.322
0.151 0.016 0.168 0.121 0.011 0.131 55.63 0.037 55.656 63.747 0 63.735 63.637 0 63.627
0.151 0.01 0.161 0.118 0.01 0.128 55.966 0.046 55.998 63.874 0 63.867 63.124 0 63.11
0.156 0.013 0.17 0.115 0.017 0.131 56.156 0.026 56.17 64.533 0 64.518 64.333 0 64.325
0.148 0.018 0.166 0.121 0.00900000000000001 0.13 56.033 0.03 56.058 64.294 0.001 64.289 64.201 0.001 64.197
0.158 0.011 0.168 0.115 0.014 0.129 55.582 0.044 55.614 63.89 0 63.875 63.822 0 63.81
0.15 0.013 0.163 0.118 0.011 0.128 55.92 0.033 55.94 63.966 0.003 63.955 64.037 0.002 64.026
0.155 0.016 0.17 0.118 0.014 0.132 56.633 0.025 56.644 64.811 0 64.796 64.803 0 64.788
0.152 0.016 0.168 0.116 0.015 0.131 55.805 0.052 55.844 64.136 0.00600000000000001 64.129 63.496 0.003 63.485
0.155 0.012 0.167 0.119 0.011 0.129 55.338 0.034 55.36 63.66 0.001 63.647 63.688 0 63.673
0.157 0.014 0.169 0.12 0.012 0.132 56.78 0.03 56.797 64.739 0.001 64.726 64.787 0 64.772
0.154 0.013 0.167 0.12 0.00900000000000001 0.129 55.518 0.039 55.543 63.643 0.001 63.629 63.574 0.001 63.56
0.154 0.01 0.164 0.117 0.012 0.129 56.245 0.038 56.272 64.136 0.001 64.133 63.458 0 63.445
0.155 0.016 0.171 0.123 0.012 0.135 56.959 0.03 56.978 65.073 0 65.061 64.953 0 64.946
0.149 0.016 0.165 0.121 0.011 0.131 56.259 0.037 56.287 64.194 0.018 64.211 63.51 0.011 63.511
0.155 0.015 0.169 0.118 0.014 0.133 57.079 0.041 57.107 64.669 0.00599999999999998 64.661 64.801 0.001 64.789
0.16 0.00799999999999999 0.168 0.114 0.016 0.131 56.209 0.037 56.234 64.23 0 64.219 64.231 0 64.218
0.158 0.012 0.17 0.122 0.00899999999999999 0.131 57.411 0.037 57.437 64.77 0.004 64.771 64.262 0.003 64.253
0.152 0.014 0.166 0.121 0.00900000000000001 0.129 56.121 0.029 56.137 64.269 0 64.257 64.175 0 64.162
0.152 0.015 0.167 0.118 0.012 0.13 55.893 0.035 55.917 63.976 0.001 63.964 63.915 0 63.902
0.148 0.013 0.162 0.121 0.00800000000000001 0.129 55.833 0.022 55.841 64.448 0 64.433 64.377 0.002 64.363
0.146 0.015 0.162 0.112 0.016 0.127 54.647 0.042 54.678 63.492 0.001 63.481 63.775 0 63.761
0.151 0.011 0.162 0.112 0.016 0.128 55.843 0.046 55.876 64.173 0.002 64.162 64.028 0 64.014
0.159 0.012 0.172 0.116 0.017 0.132 56.744 0.031 56.763 64.842 0 64.829 64.746 0 64.732
0.149 0.015 0.164 0.12 0.01 0.13 55.742 0.04 55.77 63.995 0.001 63.982 63.912 0.002 63.901
0.152 0.016 0.167 0.114 0.015 0.129 55.564 0.036 55.589 63.739 0.002 63.728 63.656 0.001 63.643
0.156 0.012 0.168 0.12 0.01 0.13 54.69 0.035 54.717 62.735 0.001 62.723 62.716 0 62.716
0.15 0.018 0.167 0.114 0.015 0.13 55.506 0.042 55.537 63.623 0 63.609 63.633 0.002 63.623
0.154 0.013 0.167 0.113 0.016 0.13 55.979 0.039 56.005 64.164 0 64.15 64.138 0 64.124
0.153 0.014 0.167 0.115 0.014 0.129 55.585 0.032 55.605 63.71 0.001 63.697 63.594 0.002 63.583
0.157 0.01 0.168 0.12 0.01 0.13 55.729 0.042 55.77 64.016 0.00600000000000001 64.008 63.881 0.00600000000000001 63.876
0.151 0.017 0.168 0.117 0.013 0.131 55.69 0.037 55.714 63.873 0.001 63.861 63.826 0.003 63.816
0.151 0.019 0.17 0.116 0.016 0.131 57.702 0.059 57.751 64.953 0.00699999999999998 64.953 65.086 0.003 65.083
0.151 0.015 0.166 0.12 0.011 0.129 54.881 0.039 54.92 62.575 0.001 62.566 62.215 0 62.223
0.156 0.013 0.168 0.118 0.012 0.131 54.971 0.062 55.032 62.803 0.002 62.794 62.754 0.002 62.765
0.157 0.011 0.167 0.116 0.014 0.129 55.713 0.028 55.728 63.681 0.002 63.669 63.173 0.002 63.16
0.151 0.015 0.166 0.116 0.014 0.13 55.751 0.062 55.8 63.894 0.013 63.894 63.866 0.004 63.855
0.154 0.014 0.167 0.119 0.011 0.129 56.095 0.028 56.112 64.29 0 64.275 64.159 0 64.145
0.159 0.00799999999999999 0.166 0.115 0.016 0.131 55.755 0.035 55.778 63.883 0 63.868 63.866 0.003 63.855
0.155 0.013 0.167 0.113 0.016 0.129 55.617 0.025 55.63 63.788 0.002 63.776 63.698 0 63.685
0.15 0.015 0.165 0.114 0.015 0.129 55.937 0.033 55.957 64.108 0.001 64.096 64.054 0 64.04
0.153 0.014 0.167 0.121 0.00900000000000001 0.129 55.673 0.044 55.706 63.595 0.003 63.585 63.552 0.001 63.539
0.152 0.013 0.165 0.114 0.016 0.13 55.744 0.025 55.755 63.841 0.001 63.829 63.822 0 63.807
0.15 0.016 0.165 0.114 0.014 0.129 55.734 0.042 55.762 63.709 0 63.704 63.081 0 63.066
0.151 0.018 0.168 0.115 0.015 0.13 56.512 0.031 56.529 64.58 0.002 64.57 64.514 0 64.498
0.155 0.014 0.169 0.119 0.013 0.131 56.003 0.041 56.032 64.08 0 64.067 64.132 0 64.117
0.155 0.016 0.171 0.122 0.011 0.133 57.124 0.032 57.143 65.128 0.005 65.119 65.143 0.000999999999999973 65.131
0.146 0.022 0.169 0.122 0.00800000000000001 0.13 55.697 0.039 55.724 63.822 0.001 63.809 63.737 0 63.723
0.154 0.012 0.165 0.117 0.011 0.129 55.326 0.038 55.35 63.6 0.00499999999999998 63.591 63.568 0.001 63.553
0.151 0.012 0.162 0.12 0.00900000000000001 0.13 55.698 0.043 55.728 63.908 0 63.894 63.842 0 63.828
0.154 0.015 0.17 0.118 0.013 0.131 56.155 0.035 56.176 64.206 0.002 64.195 64.187 0.001 64.173
0.156 0.011 0.167 0.116 0.014 0.13 55.327 0.044 55.358 63.568 0.004 63.558 63.48 0.004 63.47
0.156 0.013 0.169 0.115 0.017 0.131 55.974 0.029 56.03 64.155 0.003 64.189 63.499 0 63.536
0.151 0.016 0.167 0.114 0.015 0.129 55.624 0.026 55.638 63.867 0.004 63.857 63.8 0.002 63.789
0.156 0.01 0.167 0.115 0.015 0.13 55.7 0.033 55.721 63.845 0 63.831 63.776 0 63.762
0.157 0.011 0.168 0.119 0.011 0.131 56.129 0.028 56.147 64.243 0 64.233 64.269 0 64.259
0.158 0.01 0.169 0.117 0.014 0.13 55.676 0.034 55.698 63.813 0.00800000000000001 63.809 63.794 0.004 63.785
0.154 0.01 0.165 0.112 0.018 0.13 56.554 0.029 56.57 64.636 0.002 64.625 64.683 0.001 64.67
0.15 0.016 0.167 0.116 0.014 0.129 55.697 0.027 55.713 63.851 0.002 63.84 63.788 0 63.776
0.153 0.013 0.167 0.118 0.012 0.129 56.22 0.036 56.245 64.311 0.002 64.3 64.204 0 64.192
0.153 0.014 0.167 0.116 0.015 0.131 56.727 0.026 56.743 64.111 0.001 64.102 63.949 0 63.946
0.156 0.012 0.167 0.118 0.011 0.129 56.283 0.04 56.312 64.384 0 64.37 64.417 0.001 64.406
0.148 0.013 0.162 0.117 0.012 0.129 55.64 0.03 55.658 63.87 0 63.856 63.818 0.002 63.806
0.156 0.011 0.168 0.116 0.014 0.129 56.322 0.027 56.337 64.525 0.001 64.511 64.337 0 64.324
0.152 0.012 0.165 0.118 0.012 0.13 56.138 0.031 56.156 64.297 0 64.283 64.326 0 64.312
0.157 0.013 0.17 0.115 0.017 0.133 56.912 0.03 56.928 64.747 0.002 64.736 64.755 0 64.742
0.151 0.017 0.168 0.118 0.012 0.13 55.622 0.028 55.637 63.74 0.002 63.737 63.003 0 62.987
0.156 0.012 0.168 0.12 0.01 0.13 55.671 0.022 55.679 63.714 0.002 63.701 63.2 0.001 63.186
0.156 0.012 0.167 0.116 0.014 0.13 55.522 0.027 55.538 63.641 0.004 63.631 63.601 0.001 63.588
0.153 0.014 0.167 0.113 0.016 0.13 55.372 0.038 55.399 63.465 0.003 63.455 63.366 0.001 63.352
0.154 0.014 0.167 0.117 0.013 0.131 55.583 0.037 55.607 63.813 0.003 63.802 63.736 0 63.722
0.145 0.017 0.162 0.116 0.013 0.128 54.927 0.038 54.953 63.807 0.001 63.795 63.835 0 63.819
0.147 0.019 0.165 0.12 0.01 0.13 55.78 0.029 55.797 63.676 0.003 63.672 62.96 0 62.945
0.158 0.00900000000000001 0.167 0.115 0.014 0.13 55.789 0.049 55.826 63.865 0.002 63.855 63.837 0.001 63.832
0.159 0.011 0.17 0.121 0.01 0.131 55.779 0.033 55.8 63.551 0.004 63.551 62.675 0.00499999999999998 62.667
0.151 0.015 0.166 0.115 0.014 0.129 55.643 0.043 55.673 63.743 0.001 63.73 63.688 0.003 63.683
0.159 0.00899999999999999 0.167 0.115 0.014 0.13 56.324 0.042 56.352 64.399 0.003 64.389 64.333 0.002 64.32
0.15 0.012 0.162 0.119 0.01 0.128 55.691 0.044 55.723 63.877 0 63.873 63.335 0 63.324
0.151 0.013 0.164 0.116 0.014 0.129 56.017 0.041 56.047 64.143 0 64.128 64.183 0.001 64.172
0.157 0.01 0.167 0.11 0.02 0.13 55.717 0.04 55.744 63.835 0 63.822 63.734 0 63.722
0.151 0.011 0.161 0.121 0.00700000000000001 0.128 55.651 0.043 55.682 63.496 0.025 63.508 63.426 0.012 63.426
0.147 0.014 0.161 0.112 0.016 0.128 54.725 0.036 54.749 63.009 0.001 62.996 62.721 0.003 62.719
0.149 0.013 0.162 0.114 0.014 0.128 55.757 0.031 55.775 64.15 0.001 64.137 64.038 0 64.024
0.158 0.01 0.168 0.114 0.016 0.13 55.992 0.038 56.017 64.081 0.002 64.069 63.926 0 63.912
0.15 0.017 0.167 0.118 0.012 0.13 55.914 0.042 55.942 64.038 0.001 64.027 64.022 0 64.007
0.151 0.018 0.169 0.117 0.014 0.132 57.292 0.046 57.325 65.301 0.003 65.29 65.349 0.003 65.337
0.152 0.015 0.166 0.118 0.013 0.132 55.637 0.031 55.654 63.762 0 63.749 63.7 0 63.686
0.15 0.018 0.167 0.113 0.016 0.13 55.54 0.031 55.559 63.731 0.001 63.718 63.662 0 63.649
0.159 0.00699999999999999 0.166 0.118 0.011 0.129 55.887 0.084 55.98 63.946 0.02 63.977 63.919 0.001 63.907
0.157 0.01 0.167 0.119 0.01 0.129 56.034 0.038 56.059 64.198 0 64.185 64.139 0 64.125
0.154 0.00800000000000001 0.162 0.115 0.014 0.129 55.743 0.03 55.762 63.82 0 63.807 63.687 0 63.674
0.146 0.017 0.163 0.112 0.017 0.128 55.51 0.027 55.525 63.796 0.004 63.785 63.738 0.001 63.724
0.152 0.016 0.167 0.118 0.012 0.13 55.672 0.034 55.697 62.483 0.001 62.48 62.214 0.001 62.209
0.152 0.016 0.168 0.12 0.012 0.132 56.927 0.049 56.964 65.017 0.002 65.007 64.979 0 64.972
0.156 0.012 0.168 0.117 0.012 0.129 56.544 0.041 56.574 64.584 0 64.573 64.644 0 64.632
0.16 0.00800000000000001 0.168 0.114 0.016 0.13 56.826 0.026 56.839 65.029 0.002 65.018 64.037 0.00199999999999997 64.033
0.156 0.014 0.171 0.123 0.012 0.134 57.27 0.034 57.291 65.425 0 65.412 65.391 0 65.376
0.148 0.02 0.167 0.116 0.015 0.13 55.584 0.032 55.605 63.562 0.001 63.551 63.549 0.001 63.536
0.16 0.00900000000000001 0.168 0.114 0.017 0.132 56.29 0.057 56.334 64.151 0.001 64.149 62.86 0 62.848
0.154 0.015 0.17 0.119 0.011 0.13 55.637 0.047 55.681 63.12 0.001 63.109 63.134 0.001 63.14
0.15 0.017 0.167 0.121 0.01 0.13 56.189 0.032 56.216 63.966 0.00999999999999998 63.963 64.07 0.00800000000000001 64.083
0.15 0.012 0.162 0.116 0.011 0.127 55.631 0.041 55.66 63.735 0 63.72 63.124 0 63.115
0.152 0.014 0.166 0.114 0.015 0.129 55.983 0.033 56.004 64.146 0 64.133 64.097 0 64.082
0.155 0.012 0.168 0.115 0.017 0.131 55.8 0.04 55.828 63.931 0.001 63.919 63.89 0 63.877
0.154 0.013 0.167 0.113 0.017 0.13 55.763 0.042 55.793 63.89 0.00899999999999998 63.886 63.834 0.003 63.823
0.154 0.016 0.169 0.121 0.00900000000000001 0.13 55.367 0.035 55.389 63.599 0.002 63.586 63.651 0 63.636
0.159 0.011 0.17 0.117 0.014 0.131 56.15 0.028 56.164 64.181 0.001 64.167 64.171 0.003 64.159
0.158 0.014 0.171 0.115 0.02 0.134 56.704 0.037 56.728 64.945 0 64.931 64.905 0 64.889
0.153 0.014 0.166 0.12 0.011 0.131 55.848 0.031 55.867 63.965 0.002 63.953 63.785 0.001 63.772
0.153 0.014 0.166 0.119 0.01 0.129 55.602 0.048 55.638 63.634 0.03 63.65 63.632 0.00599999999999998 63.624
0.145 0.017 0.162 0.112 0.016 0.128 56.035 0.029 56.052 64.447 0.002 64.438 64.47 0.001 64.458
0.156 0.011 0.167 0.119 0.01 0.128 55.973 0.034 55.995 64.283 0.00399999999999998 64.274 63.251 0.001 63.248
0.148 0.018 0.166 0.113 0.017 0.13 56.177 0.053 56.218 64.258 0.001 64.246 63.908 0 63.904
0.153 0.015 0.167 0.116 0.014 0.131 55.915 0.025 55.929 63.993 0 63.981 63.93 0 63.918
0.15 0.018 0.169 0.121 0.01 0.13 55.773 0.03 55.791 63.722 0.001 63.71 63.7 0 63.687
0.153 0.014 0.167 0.117 0.012 0.129 55.543 0.035 55.566 63.584 0.001 63.571 63.57 0 63.557
0.155 0.012 0.167 0.115 0.014 0.129 55.463 0.032 55.484 63.57 0.001 63.558 63.523 0.004 63.514
0.153 0.015 0.168 0.12 0.01 0.13 55.744 0.041 55.774 63.968 0.001 63.955 63.933 0 63.92
0.152 0.014 0.166 0.118 0.012 0.13 55.504 0.035 55.528 63.899 0.001 63.886 63.816 0.002 63.805
0.156 0.012 0.168 0.118 0.012 0.13 55.932 0.034 55.953 64.02 0 64.008 64.013 0 63.999
0.151 0.018 0.168 0.115 0.016 0.131 56.453 0.046 56.487 64.455 0.001 64.444 64.424 0.004 64.416
0.153 0.014 0.167 0.111 0.018 0.129 55.862 0.029 55.878 63.95 0.002 63.94 63.852 0 63.838
0.143 0.019 0.162 0.119 0.00799999999999999 0.127 55.877 0.034 55.898 64.135 0.002 64.123 64.058 0 64.044
0.151 0.017 0.169 0.116 0.015 0.13 55.985 0.039 56.012 64.055 0.003 64.044 63.931 0.002 63.918
0.153 0.013 0.164 0.118 0.012 0.13 55.701 0.033 55.729 63.872 0.001 63.868 63.787 0 63.781
0.15 0.017 0.168 0.116 0.014 0.13 56.064 0.031 56.082 64.046 0 64.033 64.025 0 64.011
0.149 0.013 0.161 0.116 0.012 0.129 55.469 0.041 55.496 63.705 0.002 63.693 63.665 0 63.651
0.15 0.017 0.167 0.119 0.01 0.129 55.486 0.022 55.496 63.514 0.002 63.5 63.492 0.001 63.48
0.153 0.012 0.165 0.119 0.011 0.13 55.697 0.039 55.725 63.799 0.002 63.787 63.766 0 63.753
0.152 0.015 0.167 0.116 0.013 0.129 55.748 0.036 55.772 63.752 0.00399999999999998 63.743 63.733 0 63.718
0.149 0.018 0.167 0.117 0.012 0.13 56.061 0.034 56.082 64.259 0 64.244 64.279 0.001 64.265
0.142 0.018 0.161 0.118 0.00899999999999999 0.127 54.806 0.031 54.824 63.141 0 63.127 63.087 0.001 63.072
0.146 0.021 0.167 0.122 0.00800000000000001 0.13 55.722 0.041 55.752 63.632 0.003 63.63 62.878 0.000999999999999973 62.866
0.15 0.017 0.166 0.121 0.00799999999999999 0.129 56.422 0.029 56.439 64.445 0.003 64.436 64.408 0 64.396
0.149 0.016 0.164 0.115 0.014 0.129 55.725 0.025 55.741 63.489 0.003 63.491 62.949 0 62.937
0.158 0.01 0.168 0.115 0.014 0.13 56.336 0.031 56.354 64.366 0.003 64.356 64.305 0.001 64.293
0.154 0.013 0.167 0.121 0.00900000000000001 0.13 55.449 0.04 55.477 63.657 0.001 63.647 63.543 0 63.531
0.151 0.016 0.167 0.116 0.012 0.129 55.625 0.041 55.654 63.466 0.001 63.465 62.541 0 62.53
0.155 0.01 0.166 0.113 0.016 0.128 55.791 0.055 55.834 63.815 0.00700000000000001 63.809 63.78 0.003 63.771
0.147 0.021 0.167 0.114 0.017 0.131 55.858 0.034 55.88 63.727 0.001 63.714 63.707 0 63.695
0.145 0.016 0.162 0.112 0.016 0.127 55.589 0.03 55.606 64.126 0 64.117 63.303 0 63.291
0.151 0.016 0.168 0.113 0.017 0.129 55.191 0.03 55.21 63.428 0.003 63.418 63.617 0.003 63.606
0.147 0.021 0.168 0.116 0.013 0.13 55.295 0.039 55.321 63.418 0.00699999999999998 63.411 63.332 0.00600000000000001 63.324
0.149 0.018 0.167 0.115 0.016 0.13 55.349 0.033 55.371 63.461 0.001 63.448 63.433 0.001 63.42
0.146 0.021 0.167 0.118 0.011 0.13 55.397 0.027 55.411 63.432 0.004 63.429 62.769 0.004 62.762
0.154 0.013 0.166 0.115 0.015 0.13 56.137 0.038 56.163 64.28 0.001 64.267 64.259 0.00199999999999997 64.258
0.158 0.00800000000000001 0.167 0.118 0.012 0.129 56.065 0.037 56.089 64.217 0 64.204 64.261 0.001 64.248
0.152 0.014 0.166 0.116 0.013 0.129 55.589 0.038 55.615 63.744 0.002 63.733 63.729 0 63.715
0.152 0.014 0.166 0.119 0.012 0.131 56.687 0.028 56.702 64.782 0.001 64.77 64.798 0.002 64.785
0.159 0.00899999999999999 0.168 0.118 0.013 0.131 55.934 0.032 55.954 63.979 0.002 63.967 63.949 0 63.936
0.145 0.02 0.166 0.118 0.011 0.129 55.716 0.028 55.731 63.72 0.001 63.707 63.691 0 63.677
0.15 0.017 0.167 0.116 0.013 0.129 55.687 0.039 55.714 63.903 0.002 63.891 63.803 0 63.789
0.149 0.017 0.165 0.121 0.00799999999999999 0.129 55.144 0.026 55.168 62.754 0 62.744 62.44 0.001 62.443
0.157 0.014 0.171 0.117 0.015 0.132 56.069 0.035 56.101 63.647 0.001 63.634 63.654 0.002 63.659
0.153 0.014 0.167 0.119 0.01 0.129 55.659 0.039 55.684 63.656 0 63.641 62.663 0.004 62.66
0.157 0.012 0.169 0.121 0.012 0.134 57.099 0.03 57.116 65.222 0.003 65.212 65.217 0.001 65.204
0.154 0.012 0.167 0.117 0.012 0.128 56.364 0.043 56.394 64.468 0.02 64.475 64.473 0.016 64.475
0.146 0.017 0.163 0.117 0.013 0.13 54.99 0.032 55.016 63.32 0 63.314 62.938 0 62.94
0.148 0.014 0.162 0.113 0.017 0.129 56.153 0.032 56.175 64.27 0 64.26 64.289 0 64.28
0.155 0.013 0.168 0.115 0.014 0.129 56.325 0.035 56.348 64.497 0.001 64.485 64.333 0.001 64.32
0.148 0.018 0.166 0.119 0.011 0.131 56.164 0.028 56.179 64.242 0.001 64.23 64.177 0 64.164
0.152 0.015 0.167 0.114 0.015 0.13 56.125 0.054 56.166 64.395 0.00199999999999997 64.385 64.386 0 64.372
0.151 0.015 0.166 0.117 0.011 0.128 55.304 0.034 55.326 63.406 0.002 63.395 63.511 0.002 63.497
0.158 0.011 0.169 0.114 0.018 0.132 56.831 0.022 56.841 64.824 0.002 64.812 64.904 0.001 64.891
0.149 0.016 0.165 0.111 0.018 0.13 55.963 0.029 55.979 64.004 0.002 63.992 63.31 0 63.304
0.153 0.015 0.169 0.123 0.00700000000000001 0.13 56.056 0.029 56.072 64.151 0 64.138 64.089 0 64.076
0.152 0.014 0.166 0.112 0.017 0.129 55.757 0.03 55.773 63.846 0 63.832 63.854 0 63.838
0.15 0.012 0.161 0.117 0.011 0.129 55.669 0.031 55.686 63.829 0.001 63.817 63.79 0.003 63.778
0.157 0.012 0.169 0.114 0.017 0.131 55.591 0.03 55.608 63.699 0.003 63.688 63.616 0.002 63.604
0.153 0.014 0.167 0.122 0.00799999999999999 0.13 55.486 0.038 55.51 63.648 0.004 63.639 63.607 0.001 63.594
0.147 0.02 0.167 0.116 0.013 0.13 55.848 0.039 55.874 63.965 0.001 63.952 63.9 0 63.887
0.155 0.011 0.166 0.111 0.017 0.128 54.813 0.039 54.849 62.676 0 62.664 62.395 0 62.396
0.147 0.02 0.167 0.115 0.015 0.13 55.73 0.026 55.744 63.928 0.00199999999999997 63.917 63.86 0 63.847
0.152 0.015 0.167 0.12 0.01 0.129 55.527 0.04 55.555 63.595 0.00299999999999997 63.583 63.522 0 63.508
0.149 0.018 0.167 0.113 0.017 0.13 55.872 0.034 55.893 63.788 0 63.775 63.668 0 63.654
0.151 0.015 0.165 0.119 0.011 0.13 55.839 0.032 55.858 63.698 0.001 63.686 63.675 0 63.66
0.159 0.012 0.171 0.118 0.015 0.132 57.109 0.04 57.137 65.247 0.002 65.236 65.269 0.001 65.256
0.156 0.012 0.168 0.115 0.015 0.13 56.138 0.026 56.152 64.194 0.001 64.181 64.153 0 64.139
0.157 0.01 0.167 0.113 0.016 0.129 55.38 0.027 55.395 63.618 0.001 63.607 63.04 0 63.026
0.16 0.00800000000000001 0.168 0.116 0.013 0.13 55.845 0.023 55.856 63.985 0.004 63.976 63.193 0.001 63.189
0.145 0.018 0.163 0.115 0.014 0.13 55.902 0.028 55.917 64.124 0.001 64.112 64.231 0.001 64.217
0.148 0.015 0.162 0.112 0.017 0.13 55.436 0.035 55.458 63.597 0.001 63.584 63.624 0.001 63.613
0.145 0.017 0.163 0.118 0.012 0.129 55.559 0.035 55.581 63.723 0 63.71 63.636 0.002 63.625
0.158 0.011 0.168 0.114 0.015 0.13 56.063 0.049 56.098 64.127 0.024 64.138 63.965 0.00599999999999998 63.957
0.153 0.016 0.169 0.119 0.014 0.133 57.355 0.041 57.383 65.371 0.001 65.358 65.328 0 65.314
0.155 0.013 0.168 0.119 0.011 0.13 55.781 0.038 55.807 63.902 0 63.888 63.842 0.001 63.829
0.156 0.014 0.169 0.118 0.014 0.132 56.451 0.034 56.472 64.411 0 64.396 64.426 0 64.412
0.157 0.012 0.17 0.119 0.013 0.131 55.981 0.03 55.998 64.161 0.001 64.149 64.059 0 64.047
0.149 0.018 0.167 0.119 0.011 0.13 54.957 0.049 55.003 63.054 0.001 63.052 62.747 0.004 62.76
0.159 0.011 0.169 0.122 0.00900000000000001 0.132 55.747 0.049 55.784 63.92 0 63.905 63.951 0.001 63.942
0.15 0.016 0.166 0.118 0.012 0.129 54.953 0.044 54.992 62.652 0.015 62.655 62.323 0.001 62.333
0.154 0.014 0.168 0.115 0.016 0.131 55.312 0.043 55.343 63.163 0.00900000000000001 63.158 63.148 0.00700000000000001 63.141
0.152 0.013 0.164 0.114 0.016 0.13 55.661 0.058 55.74 63.602 0.017 63.649 62.959 0.02 63.003
0.151 0.016 0.167 0.118 0.011 0.129 55.665 0.034 55.686 63.747 0 63.733 63.685 0 63.671
0.16 0.00900000000000001 0.168 0.118 0.013 0.131 55.755 0.036 55.779 63.548 0.004 63.549 62.468 0 62.454
0.153 0.015 0.168 0.126 0.00599999999999998 0.132 57.133 0.036 57.155 65.119 0.002 65.107 65.063 0 65.052
0.154 0.015 0.168 0.124 0.00699999999999999 0.131 55.629 0.043 55.659 63.769 0.002 63.757 63.728 0.003 63.717
0.143 0.019 0.161 0.116 0.013 0.129 55.205 0.032 55.233 63.62 0.001 63.608 63.243 0.00199999999999997 63.243
0.15 0.012 0.161 0.116 0.012 0.129 56.072 0.041 56.101 64.295 0.001 64.282 64.297 0 64.284
0.156 0.013 0.169 0.116 0.015 0.13 55.599 0.022 55.612 63.586 0.001 63.577 63.489 0 63.48
0.153 0.014 0.166 0.113 0.017 0.131 56.191 0.047 56.224 64.494 0.002 64.483 64.41 0 64.396
0.156 0.01 0.166 0.118 0.011 0.129 55.737 0.032 55.757 63.919 0.001 63.907 63.82 0 63.807
0.155 0.011 0.166 0.118 0.013 0.13 55.872 0.031 55.9 63.154 0 63.142 62.934 0 62.93
0.153 0.013 0.166 0.117 0.013 0.13 55.889 0.055 55.933 63.994 0.00199999999999997 63.982 63.936 0 63.921
0.152 0.017 0.169 0.12 0.011 0.13 55.722 0.025 55.735 63.878 0 63.864 63.755 0.003 63.745
0.15 0.019 0.169 0.113 0.019 0.132 57.085 0.027 57.1 65.184 0.001 65.171 65.05 0 65.043
0.162 0.00699999999999999 0.168 0.122 0.00900000000000001 0.131 56.139 0.028 56.155 64.232 0.001 64.221 64.21 0 64.197
0.158 0.00800000000000001 0.166 0.107 0.023 0.13 55.362 0.045 55.393 63.662 0.001 63.648 63.624 0.002 63.611
0.153 0.013 0.166 0.117 0.013 0.13 55.683 0.044 55.714 63.423 0.015 63.434 62.756 0.00899999999999998 62.751
0.152 0.014 0.167 0.119 0.011 0.129 56.01 0.031 56.029 64.161 0.001 64.149 64.057 0.001 64.046
0.152 0.014 0.166 0.119 0.012 0.131 56.845 0.028 56.862 65.227 0.004 65.218 65.174 0.003 65.164
0.151 0.015 0.167 0.114 0.016 0.129 55.524 0.034 55.546 63.715 0 63.703 63.685 0 63.673
0.147 0.016 0.163 0.11 0.018 0.129 55.203 0.042 55.233 63.17 0.003 63.16 63.118 0 63.105
0.152 0.014 0.166 0.119 0.011 0.13 55.943 0.035 55.966 63.92 0 63.908 63.753 0 63.741
0.156 0.01 0.167 0.113 0.017 0.129 55.652 0.035 55.677 63.615 0 63.605 63.591 0 63.578
0.155 0.017 0.172 0.122 0.012 0.134 57.403 0.034 57.424 65.454 0.002 65.443 64.501 0.003 64.498
0.156 0.012 0.168 0.118 0.013 0.132 56.085 0.038 56.111 63.846 0.003 63.843 63.301 0 63.287
0.153 0.015 0.168 0.113 0.018 0.131 55.697 0.04 55.725 63.865 0.001 63.853 63.803 0 63.789
0.148 0.014 0.162 0.113 0.015 0.128 54.821 0.033 54.851 62.948 0 62.936 62.614 0.001 62.625
0.15 0.016 0.166 0.114 0.015 0.129 55.511 0.036 55.545 63.249 0 63.236 63.264 0.001 63.267
0.151 0.017 0.167 0.118 0.011 0.129 55.028 0.039 55.103 62.818 0.002 62.853 62.852 0.001 62.895
0.152 0.014 0.165 0.117 0.013 0.129 55.306 0.037 55.33 62.674 0 62.668 62.448 0 62.443
0.15 0.014 0.164 0.111 0.019 0.13 56.63 0.037 56.655 64.881 0.00600000000000001 64.871 64.861 0.001 64.848
0.16 0.00800000000000001 0.168 0.113 0.017 0.13 55.923 0.034 55.944 64.014 0.004 64.004 63.893 0.001 63.88
0.153 0.016 0.17 0.117 0.016 0.133 57.5 0.025 57.511 65.648 0.001 65.635 65.648 0 65.633
0.153 0.014 0.167 0.118 0.011 0.128 55.644 0.033 55.664 63.723 0.001 63.711 63.684 0.001 63.671
0.149 0.018 0.167 0.116 0.014 0.13 56.221 0.03 56.238 64.325 0 64.312 64.343 0.002 64.331
0.15 0.019 0.169 0.119 0.014 0.133 57.438 0.028 57.453 65.963 0.003 65.952 65.858 0 65.844
0.15 0.018 0.168 0.119 0.011 0.13 56.654 0.039 56.68 64.648 0 64.635 64.564 0 64.55
0.15 0.018 0.168 0.115 0.016 0.131 56.138 0.031 56.155 64.475 0.001 64.461 64.483 0 64.468
0.158 0.00900000000000001 0.167 0.117 0.013 0.13 56.354 0.035 56.375 64.384 0.003 64.372 64.366 0.003 64.354
0.153 0.015 0.168 0.122 0.00799999999999998 0.13 56.266 0.027 56.279 64.403 0 64.388 64.404 0 64.39
0.15 0.019 0.169 0.118 0.014 0.132 56.612 0.034 56.634 64.672 0 64.659 64.306 0 64.302
0.153 0.015 0.168 0.117 0.012 0.13 55.804 0.046 55.839 63.974 0.003 63.966 63.94 0 63.928
0.156 0.011 0.168 0.117 0.015 0.132 56.625 0.033 56.646 64.751 0.002 64.738 64.353 0 64.349
0.156 0.012 0.167 0.118 0.011 0.129 55.518 0.034 55.539 63.587 0.002 63.576 63.533 0 63.52
0.153 0.013 0.167 0.115 0.015 0.13 55.71 0.041 55.739 64.047 0.001 64.034 63.978 0.001 63.967
0.156 0.01 0.166 0.117 0.012 0.129 55.761 0.037 55.786 63.905 0.002 63.895 63.874 0.001 63.861
0.151 0.018 0.169 0.121 0.011 0.132 55.271 0.023 55.283 63.383 0.003 63.373 63.36 0.002 63.348
0.157 0.01 0.167 0.119 0.012 0.13 55.326 0.037 55.358 62.806 0 62.794 62.489 0.001 62.494
0.149 0.017 0.165 0.115 0.014 0.129 55.611 0.026 55.625 63.794 0.002 63.783 63.665 0 63.657
0.149 0.014 0.163 0.117 0.013 0.13 55.81 0.039 55.836 64.5 0.001 64.488 64.656 0.001 64.645
0.146 0.015 0.161 0.116 0.012 0.128 56.231 0.024 56.242 64.418 0 64.404 64.44 0.001 64.427
0.156 0.013 0.169 0.121 0.01 0.131 55.614 0.038 55.64 63.755 0 63.741 63.645 0 63.631
0.155 0.013 0.168 0.116 0.014 0.129 55.683 0.048 55.726 63.89 0.001 63.885 63.833 0 63.828
0.158 0.012 0.169 0.118 0.013 0.132 56.597 0.02 56.603 64.889 0.003 64.879 64.885 0.001 64.872
0.154 0.011 0.165 0.12 0.01 0.13 56.633 0.039 56.659 64.803 0.001 64.789 64.874 0 64.859
0.149 0.017 0.165 0.118 0.01 0.129 55.434 0.029 55.449 63.612 0 63.597 63.528 0.004 63.518
0.153 0.016 0.169 0.118 0.014 0.132 57.262 0.031 57.277 64.857 0 64.843 65.618 0 65.602
0.153 0.016 0.169 0.12 0.011 0.131 55.706 0.056 55.749 63.793 0.003 63.783 63.754 0.001 63.742
0.152 0.018 0.168 0.115 0.017 0.133 56.733 0.038 56.758 64.841 0 64.828 64.853 0.001 64.841
0.158 0.00899999999999999 0.167 0.115 0.014 0.129 55.472 0.03 55.489 63.662 0.001 63.649 63.578 0 63.563
0.154 0.013 0.167 0.118 0.012 0.13 55.553 0.051 55.594 63.039 0.023 63.059 62.794 0.00700000000000001 62.799
0.151 0.014 0.164 0.113 0.016 0.128 55.822 0.028 55.84 63.747 0.002 63.743 62.971 0.001 62.96
0.163 0.00800000000000001 0.171 0.113 0.019 0.132 56.754 0.045 56.787 64.741 0.001 64.73 64.696 0 64.688
0.154 0.011 0.165 0.117 0.011 0.128 55.757 0.05 55.797 63.472 0.001 63.469 62.945 0 62.933
0.157 0.01 0.167 0.117 0.012 0.129 55.562 0.024 55.573 63.451 0.002 63.44 63.773 0 63.766
0.153 0.016 0.168 0.118 0.012 0.131 55.559 0.031 55.578 63.658 0 63.647 63.576 0.001 63.565
0.153 0.014 0.167 0.117 0.012 0.13 55.678 0.038 55.705 63.35 0 63.344 63.187 0 63.176
0.152 0.013 0.164 0.12 0.00900000000000001 0.129 55.574 0.043 55.604 63.733 0.001 63.721 63.727 0.00299999999999997 63.717
0.151 0.015 0.166 0.113 0.018 0.13 56.405 0.037 56.431 64.418 0.012 64.417 64.393 0.002 64.382
0.147 0.015 0.162 0.118 0.011 0.129 55.353 0.032 55.37 64.714 0 64.706 63.97 0 63.954
0.148 0.014 0.162 0.112 0.017 0.129 55.906 0.026 55.92 64.219 0 64.205 64.116 0.001 64.103
0.158 0.011 0.169 0.118 0.013 0.131 55.639 0.029 55.656 63.74 0.001 63.727 63.567 0.000999999999999973 63.555
0.147 0.02 0.167 0.12 0.00999999999999998 0.129 56.483 0.058 56.529 64.576 0.000999999999999973 64.563 64.551 0 64.537
0.153 0.017 0.17 0.119 0.013 0.132 57.222 0.06 57.269 65.293 0.00700000000000001 65.286 65.338 0.003 65.327
0.154 0.015 0.169 0.116 0.013 0.129 55.748 0.03 55.766 63.887 0.001 63.872 63.858 0.001 63.845
0.151 0.018 0.17 0.119 0.012 0.129 55.634 0.034 55.656 63.955 0.001 63.942 63.878 0 63.862
0.152 0.01 0.163 0.119 0.01 0.129 55.484 0.036 55.506 63.679 0 63.665 63.573 0 63.56
0.156 0.015 0.17 0.12 0.013 0.133 57.021 0.04 57.049 65.182 0 65.167 65.254 0.001 65.241
0.157 0.01 0.168 0.117 0.013 0.129 55.53 0.036 55.554 63.639 0.003 63.63 63.623 0 63.611
0.151 0.015 0.167 0.118 0.011 0.128 55.549 0.045 55.582 63.44 0.001 63.427 63.36 0 63.346
0.156 0.014 0.17 0.118 0.014 0.132 55.76 0.026 55.783 63.704 0 63.69 63.437 0 63.439
0.156 0.012 0.168 0.117 0.013 0.13 55.56 0.027 55.575 63.842 0.001 63.828 63.123 0 63.112
0.152 0.014 0.166 0.118 0.013 0.131 56.479 0.027 56.497 63.796 0.001 63.79 63.639 0.002 63.642
0.147 0.015 0.162 0.113 0.015 0.128 55.223 0.037 55.246 63.647 0.001 63.636 63.59 0 63.576
0.156 0.012 0.167 0.118 0.012 0.13 56.372 0.036 56.396 64.463 0.001 64.45 64.462 0.003 64.452
0.159 0.00899999999999999 0.167 0.115 0.014 0.129 55.618 0.021 55.627 63.427 0.001 63.422 62.118 0 62.107
0.148 0.013 0.161 0.112 0.016 0.127 55.908 0.028 55.925 63.986 0.002 63.975 63.298 0 63.291
0.15 0.016 0.166 0.113 0.016 0.129 55.86 0.032 55.88 64.021 0.001 64.008 63.911 0.001 63.9
0.152 0.015 0.167 0.118 0.012 0.129 55.51 0.046 55.544 63.565 0 63.553 63.537 0.003 63.532
0.154 0.014 0.168 0.125 0.00600000000000001 0.131 55.848 0.03 55.866 63.738 0.001 63.726 63.618 0 63.606
0.154 0.012 0.166 0.115 0.014 0.129 55.476 0.037 55.501 63.63 0.001 63.617 63.54 0.005 63.533
0.153 0.01 0.163 0.116 0.012 0.128 56.141 0.037 56.165 64.272 0 64.259 64.291 0.000999999999999973 64.281
0.157 0.01 0.167 0.113 0.016 0.128 55.205 0.045 55.238 63.679 0.002 63.667 63.522 0.001 63.509
0.148 0.013 0.161 0.117 0.011 0.128 56.005 0.028 56.02 64.299 0.002 64.287 64.155 0.001 64.143
0.154 0.012 0.166 0.115 0.016 0.131 56.726 0.024 56.737 64.764 0.002 64.752 64.823 0.001 64.811
0.156 0.013 0.168 0.112 0.018 0.131 56.298 0.03 56.316 64.679 0.001 64.666 64.597 0 64.583
0.144 0.018 0.162 0.113 0.015 0.128 55.684 0.039 55.71 63.946 0.016 63.947 63.925 0.00700000000000001 63.917
0.153 0.013 0.166 0.123 0.00800000000000001 0.13 56.195 0.033 56.216 64.348 0.002 64.334 64.264 0 64.251
0.152 0.015 0.168 0.114 0.016 0.13 56.515 0.028 56.53 64.656 0.001 64.641 64.596 0.002 64.585
0.153 0.014 0.167 0.116 0.013 0.129 55.38 0.031 55.398 63.781 0 63.767 63.659 0 63.645
0.149 0.012 0.161 0.117 0.012 0.129 55.204 0.03 55.22 63.846 0.003 63.843 63.088 0 63.073
0.158 0.01 0.168 0.114 0.016 0.131 55.763 0.04 55.79 63.99 0.002 63.98 63.157 0 63.152
0.153 0.017 0.17 0.114 0.018 0.132 56.14 0.028 56.156 63.632 0 63.626 63.778 0 63.774
0.148 0.015 0.162 0.116 0.012 0.129 55.9 0.034 55.921 64.104 0.002 64.091 64.068 0 64.054
0.153 0.015 0.168 0.116 0.014 0.13 56.055 0.035 56.077 64.25 0 64.236 64.285 0.001 64.273
0.156 0.011 0.167 0.116 0.012 0.129 55.685 0.03 55.702 63.955 0.001 63.942 63.862 0 63.849
0.155 0.011 0.165 0.115 0.015 0.13 55.632 0.04 55.66 63.695 0.001 63.682 63.644 0 63.629
0.153 0.015 0.167 0.119 0.01 0.13 56.227 0.047 56.262 64.38 0.002 64.367 63.66 0 63.654
0.149 0.015 0.165 0.118 0.012 0.129 56.371 0.023 56.382 64.435 0 64.421 64.41 0 64.397
0.152 0.014 0.167 0.115 0.015 0.13 55.896 0.027 55.911 63.998 0.002 63.986 63.948 0 63.935
