0.039 0.006 0.046 0.019 0 0.019 11.332 0.011 11.34 12.089 0 12.087 12.026 0 12.023
0.041 0.005 0.046 0.017 0.001 0.019 11.327 0.011 11.335 12.019 0 12.015 11.948 0 11.947
0.04 0.002 0.042 0.015 0.002 0.017 10.823 0.013 10.834 11.634 0.001 11.632 11.549 0 11.547
0.046 0.001 0.047 0.017 0.001 0.018 11.24 0.009 11.245 12.023 0.001 12.022 11.958 0 11.955
0.044 0.005 0.049 0.017 0.002 0.018 11.363 0.01 11.37 12.173 0 12.17 12.064 0 12.062
0.046 0.000999999999999994 0.046 0.016 0.002 0.019 11.383 0.003 11.383 12.091 0.008 12.096 12.072 0 12.07
0.038 0.00899999999999999 0.046 0.017 0.001 0.018 11.264 0.011 11.272 12.054 0 12.052 12.036 0 12.033
0.042 0 0.041 0.016 0.001 0.018 10.894 0.008 10.899 11.645 0 11.642 11.593 0 11.59
0.037 0.004 0.041 0.015 0.003 0.018 10.803 0.008 10.808 11.558 0 11.557 11.757 0 11.754
0.043 0.003 0.046 0.016 0.002 0.018 11.813 0.011 11.821 12.557 0 12.554 12.439 0 12.437
0.042 0.004 0.046 0.018 0.001 0.019 11.329 0.015 11.342 12.093 0.001 12.092 12.045 0 12.042
0.039 0.003 0.042 0.017 0.001 0.018 11.036 0.01 11.044 11.76 0.001 11.759 11.683 0 11.681
0.04 0.004 0.043 0.017 0.001 0.018 11.271 0.012 11.281 12.017 0.001 12.016 11.955 0 11.951
0.039 0.007 0.046 0.018 0 0.019 11.531 0.013 11.539 12.186 0 12.185 12.102 0 12.099
0.046 0 0.046 0.015 0.003 0.018 11.131 0.007 11.135 11.899 0 11.896 11.853 0 11.85
0.044 0.001 0.045 0.015 0.003 0.019 11.26 0.014 11.27 12.009 0 12.007 11.932 0 11.929
0.039 0.004 0.042 0.015 0.002 0.018 11.214 0.005 11.215 11.969 0.001 11.968 11.91 0 11.907
0.043 0.003 0.046 0.018 0.001 0.018 11.371 0.01 11.379 12.083 0 12.08 12.032 0 12.03
0.041 0.001 0.043 0.017 0.001 0.017 10.821 0.009 10.828 11.505 0 11.502 11.43 0 11.429
0.046 0.00199999999999999 0.047 0.018 0 0.018 11.38 0.008 11.385 11.847 0.002 11.847 11.755 0 11.753
0.042 0.003 0.046 0.017 0.00199999999999999 0.019 11.237 0.01 11.244 12.029 0 12.026 11.96 0 11.958
0.043 0.003 0.047 0.018 0.001 0.018 11.413 0.012 11.422 12.198 0.001 12.196 12.163 0 12.162
0.044 0.002 0.046 0.016 0.00199999999999999 0.018 11.338 0.014 11.35 12.075 0 12.072 12.02 0 12.017
0.037 0.005 0.042 0.015 0.002 0.018 11.303 0.011 11.311 12.041 0 12.038 11.998 0 11.995
0.042 0.005 0.046 0.015 0.003 0.019 11.229 0.013 11.239 11.912 0 11.908 11.885 0 11.884
0.044 0.002 0.047 0.018 0.001 0.018 12.291 0.013 12.302 12.961 0.001 12.958 13.032 0 13.03
0.042 0.004 0.046 0.017 0.001 0.018 11.328 0.012 11.337 12.136 0 12.133 12.049 0 12.047
0.044 0.003 0.047 0.019 0 0.019 11.017 0.013 11.027 11.859 0.001 11.857 11.765 0 11.763
0.043 0.003 0.046 0.017 0.001 0.019 11.092 0.009 11.098 11.877 0 11.875 11.826 0 11.823
0.046 0.003 0.048 0.017 0.001 0.019 11.305 0.012 11.312 12.051 0 12.05 12 0 11.996
0.047 0.001 0.049 0.017 0.001 0.018 11.208 0.01 11.215 11.921 0.001 11.92 11.881 0 11.878
0.043 0.003 0.046 0.018 0.001 0.018 11.284 0.014 11.295 12.006 0 12.004 11.847 0 11.849
0.042 0.003 0.046 0.018 0.001 0.018 11.251 0.013 11.261 12.018 0 12.016 11.934 0 11.932
0.043 0.003 0.046 0.016 0.002 0.018 11.049 0.008 11.055 11.73 0 11.728 11.673 0 11.669
0.039 0.006 0.045 0.016 0.002 0.018 11.232 0.014 11.243 11.969 0 11.967 11.914 0 11.912
0.044 0.001 0.046 0.017 0.002 0.018 11.491 0.012 11.5 12.232 0.001 12.231 12.148 0 12.146
0.044 0.002 0.046 0.018 0.001 0.019 11.37 0.012 11.379 12.082 0 12.079 12.053 0 12.051
0.039 0.003 0.043 0.014 0.004 0.017 11.212 0.009 11.218 12.001 0 11.999 11.892 0 11.889
0.041 0.005 0.046 0.017 0.001 0.019 12.443 0.00700000000000001 12.445 13.248 0 13.246 13.062 0 13.059
0.041 0.00199999999999999 0.044 0.017 0.001 0.017 11.047 0.018 11.062 11.848 0 11.847 11.8 0 11.797
0.044 0.00199999999999999 0.046 0.017 0.001 0.018 11.761 0.01 11.768 12.474 0 12.471 12.443 0 12.44
0.04 0.002 0.042 0.018 0 0.018 11.034 0.009 11.04 12.216 0.00199999999999999 12.216 12.14 0 12.137
0.044 0.002 0.046 0.018 0 0.018 11.21 0.014 11.221 11.978 0 11.975 11.581 0 11.578
0.043 0.002 0.045 0.018 0.000999999999999994 0.019 11.345 0.01 11.352 12.106 0.001 12.104 12.063 0 12.061
0.045 0.001 0.046 0.015 0.003 0.019 11.28 0.017 11.293 12.065 0 12.063 12.021 0 12.019
0.044 0.003 0.047 0.015 0.003 0.018 11.786 0.012 11.795 12.586 0 12.583 12.447 0 12.445
0.041 0.001 0.042 0.016 0.001 0.017 10.814 0.009 10.82 11.591 0 11.589 11.533 0 11.531
0.041 0.002 0.042 0.016 0.000999999999999994 0.018 11.075 0.00800000000000001 11.08 11.832 0 11.83 11.771 0 11.769
0.041 0.005 0.046 0.018 0 0.019 11.217 0.017 11.23 11.999 0 11.998 11.953 0 11.949
0.042 0.004 0.046 0.017 0.001 0.018 11.816 0.012 11.824 12.516 0.001 12.515 12.461 0 12.458
0.04 0.002 0.042 0.016 0.001 0.017 11.116 0.012 11.125 11.917 0 11.914 11.853 0 11.851
0.041 0.005 0.046 0.016 0.002 0.018 11.216 0.009 11.222 12.013 0 12.011 11.965 0 11.962
0.043 0.006 0.048 0.015 0.003 0.018 11.27 0.011 11.278 12.008 0.001 12.006 11.961 0 11.958
0.044 0.002 0.046 0.018 0 0.018 11.25 0.019 11.266 12.002 0 12 11.952 0 11.95
0.042 0.004 0.046 0.017 0.001 0.018 11.195 0.014 11.207 11.94 0 11.937 11.869 0 11.867
0.046 0.001 0.047 0.017 0.001 0.018 11.465 0.008 11.47 12.262 0 12.26 12.134 0 12.131
0.043 0.002 0.046 0.017 0.001 0.018 11.319 0.017 11.333 12.084 0 12.083 12.053 0 12.049
0.047 0.001 0.048 0.018 0.001 0.018 11.305 0.013 11.316 12.011 0 12.008 11.988 0 11.986
0.046 0.003 0.048 0.016 0.003 0.02 13.927 0.013 13.937 14.781 0.001 14.778 14.717 0 14.714
0.041 0.005 0.046 0.016 0.003 0.019 11.3 0.013 11.311 12.041 0 12.037 12.024 0 12.022
0.041 0.001 0.042 0.016 0.002 0.018 11.257 0.011 11.265 12.054 0 12.052 12.011 0 12.008
0.039 0.004 0.043 0.018 0.000999999999999994 0.017 11.412 0.011 11.421 12.195 0.001 12.194 12.153 0 12.149
0.046 0.000999999999999994 0.047 0.017 0.001 0.018 12.292 0.014 12.302 13.098 0 13.095 13.071 0 13.068
0.042 0.004 0.046 0.017 0.002 0.018 11.817 0.011 11.825 12.556 0.001 12.556 12.48 0 12.477
0.038 0.004 0.042 0.018 0 0.018 10.858 0.009 10.864 11.993 0 11.991 11.941 0 11.938
0.041 0.005 0.046 0.016 0.002 0.019 11.299 0.012 11.308 12.027 0.001 12.025 11.577 0 11.576
0.044 0.001 0.045 0.018 0.001 0.019 11.351 0.007 11.355 12.08 0.002 12.079 12.017 0 12.015
0.042 0.003 0.045 0.018 0.001 0.019 11.521 0.008 11.526 12.282 0 12.28 12.181 0.002 12.18
0.042 0.005 0.046 0.017 0.00199999999999999 0.019 11.364 0.013 11.375 12.09 0.001 12.087 12.022 0 12.02
0.039 0.003 0.041 0.014 0.003 0.018 10.851 0.008 10.856 11.655 0 11.652 11.676 0 11.673
0.042 0.004 0.046 0.018 0 0.018 11.227 0.011 11.236 12.053 0 12.049 11.988 0 11.987
0.042 0.006 0.047 0.017 0.002 0.019 11.275 0.009 11.281 12.081 0 12.079 11.982 0 11.98
0.041 0.004 0.046 0.019 0 0.018 11.214 0.012 11.223 12.008 0 12.005 11.939 0 11.938
0.045 0.001 0.046 0.017 0.001 0.018 11.739 0.011 11.748 12.525 0.001 12.523 12.435 0 12.433
0.041 0.001 0.042 0.018 0 0.018 11.443 0.00899999999999999 11.449 12.168 0 12.165 12.119 0 12.117
0.039 0.003 0.041 0.016 0.00199999999999999 0.018 11.474 0.014 11.484 12.178 0 12.176 12.155 0 12.152
0.043 0.003 0.046 0.017 0.001 0.018 11.169 0.008 11.174 11.871 0.002 11.871 11.833 0 11.83
0.041 0.005 0.046 0.017 0.001 0.018 11.243 0.012 11.252 12.009 0 12.007 11.948 0 11.945
0.046 0.002 0.048 0.017 0.002 0.019 11.317 0.007 11.321 12.017 0 12.015 11.983 0 11.98
0.043 0.002 0.045 0.015 0.003 0.019 10.971 0.01 10.977 11.646 0 11.644 11.548 0 11.547
0.044 0.002 0.046 0.016 0.003 0.019 11.336 0.00800000000000001 11.341 12.101 0 12.099 12.009 0 12.007
0.042 0.001 0.043 0.015 0.002 0.018 10.894 0.011 10.902 11.672 0.001 11.671 11.587 0 11.586
0.04 0.003 0.043 0.016 0.002 0.018 11.341 0.005 11.343 12.157 0 12.155 12.094 0 12.091
0.045 0.001 0.046 0.018 0.000999999999999994 0.018 11.381 0.019 11.396 11.973 0 11.971 11.948 0 11.945
0.043 0.002 0.046 0.017 0.00199999999999999 0.019 11.429 0.00700000000000001 11.433 12.209 0 12.207 12.129 0 12.126
0.044 0.002 0.045 0.017 0.001 0.019 11.262 0.009 11.268 12.005 0 12.002 11.849 0 11.849
0.046 0.000999999999999994 0.047 0.016 0.002 0.018 11.268 0.008 11.273 12.005 0 12.003 11.949 0 11.946
0.04 0.004 0.043 0.013 0.004 0.017 11.446 0.011 11.452 12.242 0 12.24 12.149 0.001 12.148
0.041 0.006 0.046 0.016 0.002 0.019 11.26 0.011 11.267 11.996 0 11.993 11.927 0 11.925
0.044 0.000999999999999994 0.046 0.019 0 0.018 11.268 0.005 11.27 12.013 0.001 12.012 11.938 0 11.935
0.042 0.004 0.046 0.016 0.002 0.019 11.3 0.00899999999999999 11.306 12.048 0 12.045 11.951 0 11.949
0.044 0.002 0.046 0.017 0.001 0.018 12.332 0.015 12.344 13.187 0.003 13.187 13.009 0 13.006
0.041 0.005 0.046 0.016 0.003 0.019 11.305 0.012 11.314 12.044 0 12.04 11.976 0 11.974
0.037 0.004 0.041 0.014 0.004 0.018 10.78 0.01 10.787 11.527 0 11.525 11.427 0 11.425
0.041 0.005 0.046 0.017 0.001 0.018 11.118 0.014 11.129 11.878 0 11.876 11.837 0 11.835
0.045 0.001 0.046 0.016 0.002 0.018 12.389 0.01 12.396 13.223 0.001 13.221 13.149 0 13.146
0.044 0.002 0.046 0.019 0 0.019 11.195 0.012 11.204 11.934 0 11.931 11.855 0 11.853
0.041 0.004 0.046 0.019 0 0.019 11.044 0.013 11.054 11.825 0 11.822 11.732 0 11.729
0.043 0.003 0.046 0.015 0.003 0.019 11.174 0.012 11.182 11.918 0 11.917 11.87 0 11.868
0.046 0 0.046 0.019 0 0.018 11.165 0.011 11.174 11.955 0 11.953 11.903 0 11.9
0.046 0.002 0.048 0.017 0.001 0.018 11.126 0.012 11.136 11.861 0.001 11.86 11.818 0 11.815
0.041 0.004 0.045 0.017 0.001 0.018 11.155 0.006 11.158 11.864 0 11.862 11.82 0 11.817
0.044 0.002 0.046 0.017 0.00199999999999999 0.019 11.34 0.015 11.352 12.151 0.001 12.149 12.04 0 12.038
0.038 0.004 0.041 0.015 0.002 0.017 10.699 0.01 10.706 11.609 0 11.607 11.524 0 11.522
0.046 0 0.046 0.015 0.003 0.018 11.278 0.011 11.286 12.05 0 12.048 11.987 0 11.984
0.038 0.005 0.043 0.015 0.003 0.018 11.316 0.013 11.326 12.04 0 12.038 11.948 0.001 11.946
0.042 0.004 0.045 0.016 0.00199999999999999 0.019 11.169 0.00600000000000001 11.171 11.943 0.001 11.943 11.884 0 11.88
0.042 0.004 0.046 0.017 0.001 0.018 11.227 0.012 11.236 11.967 0 11.964 11.899 0 11.897
0.041 0.005 0.046 0.017 0.001 0.018 11.188 0.006 11.19 11.914 0 11.913 11.87 0 11.867
0.046 0 0.046 0.015 0.003 0.018 11.323 0.013 11.332 12.017 0 12.015 11.96 0 11.956
0.04 0.005 0.046 0.017 0.002 0.018 11.26 0.01 11.268 12.037 0 12.033 11.996 0 11.995
0.043 0.004 0.046 0.016 0.002 0.018 11.312 0.012 11.321 12.184 0 12.182 12.105 0 12.102
0.044 0.001 0.045 0.019 0 0.019 11.321 0.013 11.331 12.059 0.001 12.058 12.005 0 12.002
0.042 0.004 0.046 0.018 0.001 0.019 11.242 0.011 11.25 11.954 0.001 11.953 11.901 0 11.898
0.042 0.004 0.046 0.018 0 0.018 11.135 0.015 11.148 11.923 0 11.919 11.866 0 11.865
0.045 0.001 0.046 0.02 0 0.019 11.428 0.012 11.437 12.191 0.002 12.191 12.13 0 12.128
0.042 0.004 0.046 0.018 0.001 0.019 11.288 0.00700000000000001 11.291 12.047 0.000999999999999994 12.046 11.973 0 11.971
0.04 0.002 0.041 0.016 0.001 0.018 10.815 0.006 10.817 11.629 0 11.628 11.554 0 11.551
0.043 0.004 0.046 0.018 0 0.019 11.745 0.009 11.75 12.517 0.000999999999999994 12.515 12.457 0 12.456
0.045 0.002 0.047 0.019 0 0.018 12.318 0.01 12.325 13.163 0 13.159 13.112 0 13.11
0.045 0.000999999999999994 0.046 0.016 0.002 0.019 11.34 0.007 11.344 12.217 0.001 12.214 12.084 0 12.082
0.041 0.005 0.046 0.016 0.00199999999999999 0.018 11.035 0.013 11.052 11.645 0 11.645 11.455 0 11.459
0.039 0.003 0.042 0.018 0 0.017 11.39 0.009 11.396 12.095 0 12.093 12.031 0 12.028
0.042 0.004 0.045 0.016 0.00199999999999999 0.019 11.485 0.009 11.49 12.244 0 12.243 12.172 0 12.169
0.047 0.003 0.049 0.016 0.002 0.019 11.408 0.013 11.417 12.161 0.001 12.16 12.12 0 12.118
0.046 0 0.045 0.016 0.002 0.018 11.247 0.014 11.259 11.977 0 11.975 11.916 0 11.912
0.042 0.004 0.045 0.016 0.002 0.019 11.192 0.018 11.207 11.916 0.001 11.915 11.873 0 11.869
0.043 0.003 0.046 0.016 0.002 0.019 11.403 0.012 11.412 12.148 0 12.145 12.081 0 12.079
0.044 0.002 0.046 0.018 0 0.018 12.441 0.00899999999999999 12.447 13.148 0.003 13.148 12.799 0 12.796
0.043 0.003 0.046 0.017 0.000999999999999997 0.018 11.239 0.008 11.244 11.987 0 11.985 11.928 0 11.925
0.04 0.002 0.042 0.017 0.001 0.018 11.394 0.01 11.402 12.14 0 12.137 12.13 0 12.127
0.044 0.003 0.046 0.013 0.005 0.019 11.458 0.015 11.468 12.199 0.001 12.199 12.134 0 12.13
0.045 0.001 0.046 0.017 0.002 0.018 11.233 0.01 11.241 11.993 0 11.991 11.941 0 11.938
0.043 0.003 0.046 0.015 0.003 0.019 11.048 0.006 11.05 11.869 0 11.868 11.797 0 11.794
0.045 0.003 0.048 0.017 0.00199999999999999 0.019 11.412 0.00600000000000001 11.415 12.138 0 12.135 12.071 0.001 12.07
0.045 0.001 0.047 0.015 0.003 0.018 11.384 0.013 11.393 12.132 0 12.129 12.054 0 12.052
0.046 0 0.046 0.016 0.002 0.018 11.415 0.011 11.423 12.14 0.001 12.138 12.084 0 12.082
0.042 0.004 0.046 0.018 0 0.018 11.218 0.01 11.225 11.979 0 11.976 11.937 0 11.935
0.043 0.003 0.046 0.018 0.001 0.019 11.293 0.01 11.299 12.013 0 12.011 11.958 0 11.956
0.039 0.006 0.046 0.018 0.001 0.018 11.176 0.013 11.187 11.917 0 11.915 11.863 0 11.86
0.044 0.00199999999999999 0.046 0.018 0.001 0.019 11.292 0.009 11.298 11.99 0 11.987 11.945 0 11.943
0.041 0.002 0.043 0.016 0.001 0.017 10.972 0.01 10.979 11.733 0.001 11.731 11.672 0 11.671
0.043 0.003 0.046 0.019 0 0.019 11.422 0.012 11.431 12.225 0 12.222 12.179 0 12.177
0.044 0.002 0.046 0.017 0.001 0.018 11.485 0.013 11.496 12.17 0 12.167 12.14 0 12.138
0.04 0.005 0.045 0.017 0.001 0.018 11.125 0.01 11.133 11.669 0 11.667 11.606 0 11.603
0.043 0.003 0.046 0.016 0.002 0.018 11.13 0.015 11.143 11.902 0 11.898 11.823 0 11.821
0.037 0.005 0.042 0.017 0 0.018 11.266 0.012 11.275 12.007 0.001 12.005 11.93 0 11.928
0.043 0.003 0.046 0.017 0.001 0.018 11.401 0.012 11.41 12.148 0 12.146 12.042 0 12.038
0.043 0.003 0.046 0.018 0 0.018 11.579 0.011 11.587 12.28 0 12.277 12.201 0 12.199
0.045 0.004 0.049 0.016 0.002 0.018 11.811 0.008 11.815 12.542 0 12.541 12.406 0 12.402
0.043 0.004 0.047 0.018 0.000999999999999994 0.019 12.473 0.007 12.477 13.199 0.001 13.198 13.031 0 13.028
0.046 0.002 0.048 0.018 0.001 0.019 11.293 0.006 11.296 12.015 0 12.013 11.99 0 11.987
0.042 0.004 0.046 0.016 0.003 0.018 11.395 0.011 11.404 12.109 0.001 12.108 12.043 0 12.04
0.043 0.00199999999999999 0.045 0.017 0.002 0.019 11.399 0.009 11.404 12.076 0.001 12.075 12.005 0 12.003
0.042 0.004 0.047 0.018 0.001 0.018 11.64 0.01 11.648 12.425 0 12.421 12.318 0 12.317
0.044 0.001 0.046 0.018 0.001 0.019 11.202 0.013 11.212 11.945 0.001 11.943 11.867 0 11.865
0.045 0.002 0.046 0.015 0.003 0.019 11.304 0.015 11.316 12.173 0 12.17 12.1 0 12.098
0.043 0.003 0.046 0.018 0.001 0.018 11.203 0.005 11.206 11.97 0 11.967 11.905 0 11.903
0.041 0.004 0.044 0.017 0.00199999999999999 0.019 11.569 0.006 11.573 12.266 0 12.262 12.187 0 12.185
0.046 0.001 0.048 0.018 0.001 0.018 11.261 0.007 11.266 11.988 0.001 11.985 11.937 0 11.935
0.034 0.00800000000000001 0.042 0.015 0.00199999999999999 0.017 10.736 0.012 10.745 11.489 0 11.488 11.418 0 11.414
0.04 0.00199999999999999 0.041 0.013 0.004 0.018 10.753 0.012 10.761 11.638 0.001 11.638 11.559 0 11.556
0.043 0.006 0.049 0.017 0.001 0.018 12.379 0.00800000000000001 12.384 12.986 0.002 12.985 12.798 0 12.796
0.044 0.006 0.05 0.018 0 0.018 11.865 0.01 11.872 12.65 0.001 12.648 12.517 0 12.515
0.038 0.004 0.042 0.016 0.00199999999999999 0.018 11.282 0.004 11.283 12.008 0 12.006 11.905 0 11.901
0.043 0.004 0.047 0.017 0.001 0.019 11.317 0.014 11.327 12.11 0.002 12.111 12.048 0 12.044
0.044 0.002 0.046 0.017 0.001 0.018 11.266 0.012 11.275 12.103 0 12.1 12.016 0 12.013
0.044 0.003 0.046 0.017 0.001 0.019 11.231 0.016 11.242 12.037 0 12.034 11.96 0 11.957
0.043 0.003 0.046 0.018 0 0.019 11.503 0.012 11.511 12.21 0 12.209 12.157 0 12.153
0.042 0.004 0.046 0.016 0.003 0.019 11.141 0.011 11.149 11.878 0 11.876 11.842 0 11.839
0.039 0.007 0.047 0.017 0.002 0.018 11.738 0.009 11.744 12.564 0.001 12.563 12.389 0 12.385
0.045 0.001 0.045 0.016 0.00199999999999999 0.019 11.328 0.012 11.337 12.155 0.002 12.153 12.033 0 12.031
0.041 0.000999999999999994 0.042 0.017 0.001 0.018 10.906 0.00700000000000001 10.91 11.773 0.000999999999999994 11.772 11.661 0 11.658
0.041 0.001 0.043 0.016 0.002 0.018 11.199 0.013 11.208 11.859 0 11.858 11.822 0 11.818
0.037 0.007 0.044 0.018 0.001 0.019 11.375 0.011 11.383 12.101 0.00199999999999999 12.101 12.012 0 12.009
0.041 0.001 0.043 0.018 0 0.017 11.123 0.03 11.161 11.853 0.00700000000000001 11.869 11.803 0.02 11.827
0.047 0.001 0.048 0.016 0.002 0.019 11.345 0.009 11.35 12.098 0 12.095 12.044 0 12.042
0.039 0.002 0.042 0.018 0 0.018 11.395 0.008 11.399 12.077 0.001 12.076 12.019 0 12.017
0.038 0.004 0.043 0.017 0.000999999999999994 0.017 10.757 0.014 10.769 11.451 0 11.448 11.381 0 11.38
0.045 0.001 0.046 0.016 0.002 0.018 11.133 0.009 11.139 11.881 0 11.878 11.852 0 11.85
0.045 0.002 0.046 0.015 0.003 0.019 11.237 0.011 11.245 11.974 0.004 11.975 11.931 0 11.928
0.043 0.003 0.046 0.015 0.003 0.018 11.19 0.011 11.198 11.975 0 11.972 11.908 0 11.906
0.042 0.004 0.046 0.018 0.001 0.018 11.146 0.008 11.152 11.944 0.001 11.941 11.875 0 11.874
0.044 0.002 0.046 0.015 0.003 0.019 11.275 0.009 11.281 12.042 0 12.038 11.986 0 11.985
0.045 0.003 0.048 0.017 0.00199999999999999 0.018 11.263 0.012 11.273 12.036 0 12.034 11.991 0 11.988
0.043 0.004 0.047 0.015 0.003 0.018 12.516 0.008 12.52 13.174 0 13.171 12.988 0 12.987
0.043 0.003 0.046 0.017 0.001 0.018 11.373 0.007 11.377 12.177 0.003 12.177 12.042 0 12.04
0.04 0.002 0.042 0.017 0.001 0.018 11.016 0.007 11.02 11.835 0.001 11.834 11.769 0 11.766
0.039 0.003 0.041 0.013 0.004 0.018 10.851 0.009 10.857 11.647 0 11.644 11.613 0 11.612
0.042 0 0.042 0.016 0.002 0.018 11.364 0.012 11.372 12.111 0.001 12.11 12.054 0 12.052
0.046 0.004 0.051 0.018 0 0.018 11.332 0.016 11.344 12.142 0.00199999999999999 12.142 12.06 0 12.056
0.037 0.005 0.042 0.018 0 0.018 11.713 0.013 11.723 12.55 0 12.547 12.432 0 12.429
0.044 0.003 0.047 0.017 0.001 0.018 11.313 0.007 11.317 12.058 0 12.06 11.789 0 11.793
0.044 0.002 0.047 0.017 0.002 0.018 11.475 0.007 11.479 12.25 0 12.248 12.183 0 12.181
0.044 0.00199999999999999 0.046 0.017 0.001 0.019 11.311 0.01 11.318 12.031 0.001 12.029 12.016 0 12.013
0.044 0.00199999999999999 0.046 0.018 0 0.018 11.242 0.011 11.25 11.953 0 11.951 11.893 0 11.89
0.046 0.003 0.048 0.017 0.001 0.019 11.27 0.007 11.273 11.994 0 11.991 11.954 0 11.952
0.045 0.00199999999999999 0.047 0.016 0.002 0.018 11.133 0.011 11.141 11.901 0 11.898 11.845 0 11.842
0.04 0.006 0.046 0.017 0.001 0.018 11.445 0.009 11.451 12.215 0.001 12.213 12.154 0 12.152
0.039 0.003 0.041 0.016 0.000999999999999994 0.018 10.813 0.012 10.822 11.589 0 11.587 11.51 0 11.508
0.042 0.003 0.046 0.017 0.00199999999999999 0.018 11.4 0.015 11.412 12.166 0 12.163 12.048 0.000999999999999994 12.048
0.047 0.002 0.049 0.018 0 0.018 11.511 0.013 11.52 12.147 0 12.145 12.119 0 12.116
0.044 0.001 0.046 0.018 0.001 0.018 11.139 0.008 11.145 11.878 0 11.874 11.819 0 11.818
0.042 0.004 0.046 0.016 0.002 0.019 11.212 0.012 11.22 11.974 0 11.972 11.9 0 11.897
0.041 0.004 0.045 0.018 0.001 0.019 11.279 0.01 11.285 12.104 0 12.101 12.003 0 12
0.04 0.006 0.046 0.017 0.001 0.018 11.467 0.012 11.475 12.193 0 12.191 12.096 0 12.094
0.045 0.001 0.046 0.016 0.00199999999999999 0.018 11.211 0.01 11.217 12.01 0 12.008 11.95 0 11.948
0.04 0.006 0.045 0.017 0.001 0.018 11.104 0.013 11.114 11.838 0.002 11.838 11.756 0 11.753
0.047 0.001 0.048 0.016 0.002 0.018 11.24 0.011 11.248 11.968 0 11.966 11.912 0 11.909
0.041 0.004 0.046 0.017 0.00199999999999999 0.018 11.175 0.015 11.188 11.933 0 11.93 11.89 0 11.888
0.042 0.004 0.045 0.017 0.001 0.019 11.289 0.01 11.296 12.061 0 12.058 11.977 0 11.975
0.038 0.005 0.043 0.018 0 0.018 11.121 0.009 11.127 11.796 0 11.794 11.749 0 11.746
0.041 0.002 0.042 0.016 0.001 0.018 11.073 0.008 11.078 11.858 0 11.856 11.746 0 11.744
0.043 0.004 0.046 0.018 0 0.018 11.186 0.011 11.194 11.988 0 11.987 11.946 0 11.944
0.046 0 0.046 0.017 0.001 0.018 11.045 0.012 11.054 11.785 0 11.783 11.728 0 11.725
0.045 0.00199999999999999 0.046 0.017 0.001 0.018 11.363 0.013 11.373 12.109 0 12.107 12.029 0 12.025
0.042 0.004 0.046 0.019 0 0.018 11.25 0.008 11.256 11.959 0.001 11.958 11.896 0 11.893
0.046 0.001 0.046 0.017 0.001 0.019 12.417 0.014 12.428 13.303 0 13.299 13.179 0 13.175
0.043 0.003 0.046 0.017 0.001 0.019 11.284 0.012 11.292 12.045 0.002 12.044 11.986 0 11.984
0.038 0.008 0.046 0.019 0 0.019 11.383 0.011 11.391 12.233 0.000999999999999994 12.231 12.163 0.001 12.162
0.046 0.003 0.049 0.017 0.001 0.019 11.198 0.014 11.209 11.939 0 11.938 11.849 0 11.846
0.044 0.003 0.047 0.016 0.002 0.018 11.865 0.012 11.873 12.583 0 12.581 12.478 0 12.475
0.042 0.003 0.045 0.016 0.002 0.018 11.312 0.012 11.321 11.99 0.003 11.99 11.973 0 11.971
0.039 0.003 0.042 0.018 0 0.017 10.961 0.012 10.971 11.828 0 11.826 11.725 0 11.723
0.049 0 0.048 0.017 0.001 0.018 11.246 0.011 11.254 12.015 0.000999999999999994 12.015 11.989 0 11.986
0.044 0.002 0.046 0.016 0.003 0.019 11.277 0.015 11.289 12.074 0 12.072 12.012 0 12.009
0.041 0.006 0.048 0.016 0.002 0.018 11.193 0.015 11.205 11.949 0 11.947 11.886 0 11.883
0.04 0.002 0.041 0.016 0.00199999999999999 0.018 11.263 0.01 11.271 11.985 0.002 11.983 11.93 0 11.929
0.043 0.002 0.046 0.017 0.001 0.018 11.199 0.009 11.204 11.934 0 11.931 11.9 0 11.898
0.044 0.002 0.046 0.017 0.002 0.019 11.463 0.011 11.471 12.206 0 12.203 12.131 0 12.13
0.045 0.001 0.046 0.017 0.000999999999999994 0.018 11.241 0.00800000000000001 11.246 11.974 0.000999999999999994 11.973 11.921 0 11.918
0.044 0.00199999999999999 0.046 0.017 0.001 0.018 11.127 0.014 11.138 11.91 0 11.908 11.876 0 11.873
0.042 0.004 0.046 0.016 0.002 0.018 11.284 0.011 11.292 12.07 0 12.069 12.005 0 12.003
0.04 0.006 0.046 0.016 0.002 0.018 11.488 0.01 11.495 12.21 0 12.208 12.129 0 12.125
0.043 0.003 0.046 0.016 0.00199999999999999 0.019 11.246 0.01 11.252 12.032 0.001 12.03 11.978 0 11.977
0.04 0.002 0.042 0.014 0.004 0.017 10.935 0.01 10.942 11.739 0 11.735 11.65 0 11.649
0.038 0.003 0.042 0.016 0.002 0.017 10.788 0.009 10.795 11.614 0 11.612 11.54 0 11.538
0.046 0.001 0.046 0.018 0 0.019 11.322 0.008 11.327 12.133 0 12.13 12.078 0 12.076
0.044 0.002 0.046 0.017 0.000999999999999994 0.018 11.285 0.017 11.299 12.07 0.002 12.069 12.04 0.001 12.039
0.044 0.001 0.046 0.014 0.004 0.018 11.118 0.012 11.127 11.838 0 11.835 11.78 0 11.778
0.043 0.004 0.047 0.016 0.002 0.018 11.272 0.012 11.281 12.07 0.002 12.069 11.999 0 11.997
0.04 0.006 0.046 0.017 0.002 0.019 11.859 0.012 11.867 12.686 0 12.684 12.585 0 12.582
0.04 0.003 0.042 0.016 0.002 0.018 11.202 0.016 11.216 12.003 0 12 11.914 0 11.911
0.042 0.004 0.046 0.018 0.001 0.019 11.252 0.014 11.263 12.048 0 12.045 12.003 0 12.001
0.038 0.005 0.043 0.015 0.002 0.017 10.867 0.014 10.878 12.179 0 12.176 12.104 0 12.102
0.043 0.003 0.046 0.016 0.003 0.019 11.557 0.01 11.564 12.24 0.00199999999999999 12.239 11.771 0 11.769
0.042 0.003 0.046 0.018 0 0.018 11.252 0.009 11.258 11.79 0.001 11.789 11.739 0 11.737
0.043 0.003 0.046 0.018 0 0.018 11.434 0.013 11.444 12.193 0.001 12.191 12.081 0 12.079
0.038 0.004 0.042 0.015 0.00199999999999999 0.017 10.826 0.017 10.84 11.753 0 11.751 11.657 0 11.655
0.046 0.003 0.049 0.018 0.001 0.019 11.373 0.008 11.377 12.163 0 12.162 12.12 0 12.118
0.043 0.003 0.046 0.017 0.001 0.019 11.766 0.01 11.773 12.455 0 12.452 12.407 0 12.404
0.041 0.004 0.045 0.018 0.001 0.019 11.184 0.013 11.193 11.941 0 11.94 11.895 0 11.893
0.036 0.006 0.041 0.016 0.001 0.018 11.14 0.013 11.149 11.984 0 11.982 11.919 0 11.917
0.044 0.002 0.046 0.016 0.002 0.018 11.33 0.017 11.344 12.09 0.001 12.088 12.016 0 12.013
0.043 0.003 0.046 0.017 0.001 0.018 11.23 0.01 11.237 11.853 0.002 11.852 11.772 0 11.769
0.039 0.003 0.042 0.015 0.002 0.018 11.254 0.009 11.259 12.055 0 12.052 12.018 0 12.016
0.043 0.005 0.047 0.018 0.001 0.019 11.825 0.008 11.83 12.587 0 12.584 12.422 0 12.419
0.045 0.001 0.046 0.015 0.004 0.018 11.222 0.013 11.232 12.009 0 12.008 11.958 0 11.954
0.042 0.004 0.046 0.016 0.002 0.018 11.233 0.011 11.24 12.02 0 12.018 11.978 0 11.975
0.04 0.001 0.041 0.016 0.002 0.018 11.358 0.007 11.362 12.032 0 12.03 12.066 0 12.064
0.039 0.003 0.042 0.018 0 0.018 10.81 0.013 10.82 11.624 0 11.622 11.791 0 11.788
0.044 0.00199999999999999 0.046 0.017 0.002 0.019 12.428 0.013 12.438 13.151 0.000999999999999994 13.15 13.073 0 13.069
0.041 0.005 0.046 0.015 0.004 0.019 11.441 0.008 11.446 12.204 0 12.203 12.13 0 12.126
0.035 0.007 0.042 0.017 0 0.017 11.168 0.01 11.174 11.947 0 11.944 11.884 0 11.881
0.042 0.004 0.046 0.014 0.004 0.019 11.103 0.013 11.112 11.836 0 11.834 11.761 0 11.758
0.045 0.001 0.046 0.018 0.001 0.019 11.365 0.013 11.375 12.074 0 12.072 12.018 0 12.015
0.042 0.004 0.046 0.017 0.001 0.018 11.147 0.011 11.155 11.929 0 11.926 11.874 0 11.873
0.043 0.003 0.046 0.018 0.001 0.018 11.397 0.014 11.408 12.226 0 12.224 12.098 0 12.094
0.041 0.001 0.042 0.017 0.001 0.018 11.127 0.008 11.132 12.211 0 12.208 11.994 0 11.998
0.046 0 0.047 0.019 0 0.018 11.296 0.009 11.303 12.081 0 12.077 11.557 0 11.56
0.043 0.003 0.046 0.017 0.002 0.018 11.339 0.00899999999999999 11.345 12.035 0.002 12.035 11.989 0 11.987
0.041 0.005 0.046 0.018 0 0.018 12.072 0.011 12.079 12.557 0.001 12.556 12.467 0 12.464
0.043 0.003 0.046 0.015 0.003 0.018 11.218 0.011 11.226 11.948 0 11.946 11.905 0 11.903
0.043 0.002 0.045 0.018 0.001 0.019 10.907 0.011 10.915 11.601 0 11.598 11.523 0 11.521
0.039 0.004 0.042 0.017 0 0.018 10.944 0.00700000000000001 10.948 11.726 0 11.723 11.666 0 11.664
0.043 0.002 0.046 0.018 0.000999999999999994 0.018 11.31 0.011 11.319 12.046 0 12.044 12.013 0 12.009
0.044 0.002 0.046 0.018 0 0.018 11.269 0.016 11.282 11.998 0 11.995 11.975 0 11.973
0.044 0.002 0.046 0.016 0.002 0.019 11.344 0.008 11.349 12.081 0 12.078 12.006 0 12.004
0.04 0.003 0.042 0.017 0 0.017 11.826 0.014 11.836 12.561 0.002 12.561 12.508 0 12.505
0.042 0.003 0.046 0.017 0.00199999999999999 0.018 11.55 0.01 11.556 12.23 0 12.228 12.145 0 12.142
0.044 0.002 0.046 0.018 0 0.018 11.223 0.015 11.242 11.779 0 11.779 11.637 0 11.64
0.042 0.006 0.047 0.015 0.003 0.019 11.142 0.011 11.149 11.886 0 11.885 11.82 0 11.817
0.042 0.004 0.046 0.018 0.001 0.019 11.392 0.007 11.396 12.172 0.001 12.17 12.054 0 12.052
0.04 0.001 0.042 0.018 0 0.017 10.785 0.015 10.798 11.613 0.001 11.611 11.536 0 11.534
0.04 0.002 0.042 0.015 0.002 0.017 11.429 0.006 11.432 12.104 0 12.101 11.986 0 11.984
0.048 0.001 0.048 0.015 0.003 0.019 11.262 0.014 11.272 11.999 0 11.996 11.957 0 11.955
0.042 0.003 0.045 0.019 0 0.019 11.279 0.013 11.289 11.988 0 11.986 11.932 0 11.929
0.044 0.002 0.046 0.018 0.001 0.019 11.281 0.00799999999999999 11.285 12.121 0.002 12.121 12.047 0 12.044
0.047 0.003 0.05 0.014 0.005 0.019 11.152 0.011 11.16 11.895 0 11.892 11.829 0 11.827
0.042 0.003 0.046 0.019 0 0.019 11.342 0.014 11.353 12.115 0 12.112 12.035 0 12.033
0.047 0 0.047 0.018 0 0.018 11.706 0.013 11.716 12.418 0 12.415 12.337 0 12.335
0.044 0.004 0.048 0.017 0.001 0.019 11.179 0.009 11.185 11.928 0 11.926 11.874 0 11.871
0.038 0.004 0.042 0.017 0 0.017 10.873 0.015 10.885 11.682 0.001 11.681 11.584 0 11.581
0.038 0.003 0.041 0.015 0.003 0.018 10.711 0.01 10.718 11.579 0 11.577 11.513 0 11.511
0.042 0.004 0.045 0.018 0 0.019 11.397 0.01 11.404 12.15 0 12.147 12.096 0 12.094
0.044 0.002 0.046 0.015 0.003 0.018 11.284 0.013 11.293 12.01 0 12.008 11.943 0 11.941
0.044 0.00199999999999999 0.045 0.016 0.002 0.019 11.249 0.006 11.252 11.959 0 11.957 11.892 0 11.889
0.044 0.003 0.047 0.017 0.00199999999999999 0.019 11.803 0.008 11.807 12.637 0.001 12.635 12.473 0 12.472
0.043 0.003 0.046 0.016 0.002 0.018 11.371 0.01 11.378 12.074 0.002 12.074 12.049 0 12.046
0.038 0.004 0.043 0.017 0.001 0.017 11.286 0.011 11.294 12.064 0 12.062 12.023 0 12.02
0.038 0.004 0.042 0.018 0 0.017 11.469 0.002 11.469 12.24 0 12.238 12.155 0.001 12.154
0.045 0.001 0.047 0.016 0.002 0.018 11.311 0.011 11.319 12.063 0 12.06 11.994 0 11.992
0.045 0.001 0.046 0.017 0.001 0.018 11.198 0.009 11.204 11.748 0.000999999999999994 11.746 11.68 0 11.678
0.041 0.004 0.046 0.016 0.002 0.018 11.191 0.009 11.197 11.922 0 11.918 11.863 0 11.861
0.037 0.004 0.041 0.017 0.001 0.018 10.758 0.01 10.764 11.391 0 11.39 11.308 0 11.306
0.039 0.002 0.042 0.015 0.003 0.017 10.707 0.012 10.716 11.482 0 11.48 11.428 0 11.426
0.039 0.003 0.042 0.018 0 0.018 11.149 0.013 11.159 12.114 0.001 12.112 12.078 0 12.076
0.041 0.003 0.043 0.017 0 0.018 10.825 0.013 10.835 11.685 0 11.682 11.617 0 11.615
0.043 0.003 0.046 0.017 0.001 0.018 11.2 0.013 11.21 11.734 0 11.732 11.562 0 11.559
0.04 0.001 0.042 0.017 0.001 0.017 11.198 0.007 11.203 11.925 0 11.922 11.873 0 11.872
0.043 0.003 0.046 0.017 0.001 0.018 11.465 0.01 11.472 12.306 0 12.303 12.203 0 12.2
0.043 0.003 0.047 0.017 0.002 0.018 12.356 0.009 12.361 13.23 0 13.227 13.125 0 13.122
0.043 0.004 0.046 0.015 0.003 0.018 11.225 0.009 11.231 11.935 0 11.933 11.888 0.000999999999999994 11.887
0.042 0.004 0.047 0.019 0 0.018 11.478 0.016 11.491 12.215 0 12.213 12.13 0 12.127
0.043 0.003 0.046 0.017 0.002 0.019 11.285 0.011 11.293 12.053 0.001 12.051 12.015 0 12.013
0.042 0.004 0.047 0.016 0.002 0.018 11.246 0.011 11.254 12.041 0 12.038 12.008 0 12.006
0.041 0.004 0.045 0.018 0.001 0.019 11.528 0.013 11.538 12.285 0 12.283 12.209 0 12.207
0.043 0.003 0.046 0.017 0.001 0.018 11.444 0.015 11.456 12.005 0 12.001 11.955 0 11.953
0.043 0.002 0.045 0.016 0.003 0.019 11.271 0.011 11.279 12.013 0.001 12.011 11.969 0 11.967
0.041 0.004 0.045 0.018 0.001 0.019 11.082 0.01 11.089 11.859 0 11.856 11.793 0 11.791
0.043 0.003 0.045 0.016 0.002 0.019 11.229 0.011 11.237 12.007 0 12.004 11.955 0 11.953
0.042 0.004 0.046 0.018 0 0.018 11.143 0.015 11.155 11.91 0 11.909 11.679 0 11.683
0.04 0.006 0.046 0.017 0.001 0.018 11.401 0.01 11.408 12.015 0 12.012 11.917 0 11.915
0.044 0.003 0.046 0.019 0 0.019 11.345 0.014 11.356 12.113 0 12.111 12.066 0 12.063
0.043 0.003 0.046 0.016 0.002 0.018 11.312 0.008 11.317 12.075 0.002 12.074 12.023 0 12.021
0.044 0.002 0.046 0.017 0.002 0.018 11.262 0.005 11.265 12.047 0 12.045 11.982 0 11.978
0.044 0.00199999999999999 0.046 0.016 0.002 0.018 11.197 0.013 11.208 11.929 0 11.927 11.863 0 11.859
0.042 0.005 0.046 0.015 0.003 0.019 11.092 0.008 11.097 11.856 0.001 11.855 11.8 0 11.797
0.039 0.003 0.042 0.017 0 0.018 10.967 0.01 10.973 12.136 0 12.135 12.07 0 12.066
0.043 0.003 0.047 0.016 0.003 0.018 11.892 0.01 11.899 12.582 0 12.58 12.072 0 12.069
0.043 0.003 0.046 0.017 0.001 0.019 11.411 0.007 11.413 12.175 0 12.173 12.091 0 12.089
0.037 0.005 0.042 0.017 0.000999999999999994 0.018 10.865 0.01 10.872 11.725 0 11.723 11.911 0 11.909
0.038 0.004 0.041 0.016 0.000999999999999994 0.017 10.778 0.01 10.785 11.56 0 11.558 11.494 0 11.492
0.041 0.005 0.046 0.017 0.002 0.018 11.245 0.01 11.253 12.022 0 12.019 11.969 0 11.968
0.039 0.007 0.047 0.017 0.001 0.018 11.342 0.016 11.355 12.132 0 12.129 12.044 0 12.042
0.045 0.001 0.046 0.016 0.002 0.018 11.373 0.012 11.382 12.158 0 12.156 12.034 0 12.031
0.038 0.004 0.042 0.014 0.004 0.018 11.161 0.014 11.172 11.878 0 11.875 11.808 0 11.807
0.046 0 0.046 0.016 0.003 0.018 11.162 0.015 11.175 11.923 0 11.921 11.852 0 11.849
0.039 0.004 0.043 0.015 0.002 0.018 11.246 0.013 11.255 12.023 0.004 12.024 11.96 0 11.958
0.04 0.006 0.046 0.015 0.003 0.018 11.233 0.006 11.236 11.963 0.001 11.962 11.92 0 11.917
0.045 0.001 0.046 0.019 0 0.018 11.838 0.009 11.845 12.561 0 12.558 12.443 0 12.44
0.045 0.004 0.049 0.017 0.001 0.018 11.186 0.017 11.2 11.921 0.001 11.92 11.879 0 11.877
0.043 0.003 0.046 0.018 0.001 0.018 11.233 0.013 11.244 11.973 0 11.97 11.913 0 11.911
0.044 0.003 0.046 0.014 0.004 0.019 11.162 0.014 11.172 11.688 0 11.687 11.595 0 11.592
0.044 0.002 0.046 0.017 0.002 0.019 11.626 0.011 11.634 12.357 0.001 12.356 12.244 0 12.241
0.039 0.003 0.043 0.016 0.001 0.017 10.875 0.011 10.883 11.656 0 11.655 11.559 0 11.555
0.039 0.003 0.043 0.018 0 0.017 11.424 0.008 11.429 12.194 0 12.192 12.105 0 12.104
0.045 0.001 0.046 0.017 0.00199999999999999 0.018 11.158 0.013 11.169 11.933 0 11.929 11.871 0 11.87
0.043 0.004 0.047 0.015 0.003 0.018 11.174 0.012 11.184 11.882 0 11.88 11.819 0 11.815
0.044 0.002 0.046 0.018 0.001 0.018 11.3 0.013 11.311 12.071 0 12.067 12.019 0 12.018
0.038 0.004 0.042 0.017 0.001 0.018 11.333 0.01 11.34 12.098 0 12.096 12.021 0 12.019
0.047 0 0.047 0.018 0 0.018 11.331 0.013 11.34 12.114 0 12.112 12.024 0 12.022
0.046 0.001 0.046 0.015 0.003 0.018 11.139 0.008 11.144 11.865 0 11.863 11.797 0 11.794
0.046 0 0.046 0.015 0.003 0.018 11.227 0.011 11.235 11.988 0.001 11.987 11.898 0 11.895
0.041 0.005 0.046 0.017 0.00199999999999999 0.019 11.192 0.014 11.203 12.019 0.003 12.02 11.936 0 11.934
0.039 0.003 0.041 0.016 0.001 0.018 10.738 0.012 10.747 11.648 0 11.646 11.564 0 11.561
0.04 0.000999999999999994 0.042 0.015 0.003 0.017 10.845 0.011 10.853 11.63 0.001 11.629 11.566 0 11.564
0.039 0.007 0.046 0.017 0.001 0.018 11.265 0.011 11.274 12.048 0 12.044 11.971 0 11.969
0.044 0.002 0.045 0.016 0.00199999999999999 0.018 11.109 0.01 11.116 11.734 0 11.731 11.651 0 11.649
0.039 0.005 0.043 0.016 0.001 0.018 11.238 0.014 11.249 12.06 0 12.058 12.03 0 12.026
0.04 0.006 0.046 0.016 0.002 0.019 11.172 0.009 11.177 11.94 0 11.937 11.856 0 11.854
0.042 0.004 0.045 0.015 0.00199999999999999 0.018 11.29 0.011 11.297 12.095 0 12.094 12.019 0 12.016
0.043 0.003 0.045 0.018 0 0.018 11.191 0.009 11.196 11.98 0 11.979 11.929 0 11.927
0.04 0.003 0.042 0.017 0 0.018 10.994 0.01 11.001 11.802 0 11.799 11.738 0 11.736
0.041 0.004 0.045 0.017 0.001 0.019 11.124 0.011 11.131 11.86 0 11.858 11.798 0 11.795
0.044 0.003 0.047 0.018 0 0.018 11.543 0.004 11.544 12.287 0.001 12.285 12.135 0 12.133
0.042 0.003 0.046 0.016 0.00199999999999999 0.018 11.268 0.012 11.275 11.966 0.001 11.966 11.912 0 11.91
0.038 0.003 0.041 0.015 0.002 0.018 10.784 0.015 10.796 11.576 0 11.574 11.487 0 11.485
0.041 0.007 0.048 0.016 0.002 0.018 11.223 0.007 11.228 11.939 0.001 11.936 11.862 0 11.861
0.043 0.004 0.047 0.014 0.004 0.018 11.312 0.012 11.321 12.071 0 12.068 12.029 0 12.027
0.044 0.001 0.046 0.018 0 0.018 11.196 0.015 11.207 11.958 0.001 11.956 11.886 0 11.885
0.038 0.004 0.042 0.018 0 0.018 11.269 0.00600000000000001 11.271 12.06 0.000999999999999994 12.059 12.034 0 12.031
0.04 0.003 0.043 0.016 0.001 0.018 11.085 0.011 11.092 11.857 0 11.854 11.8 0 11.798
0.043 0.003 0.046 0.016 0.002 0.018 10.925 0.019 10.949 11.524 0 11.526 11.358 0 11.363
0.042 0.004 0.047 0.018 0.000999999999999994 0.018 11.716 0.013 11.727 12.553 0 12.55 12.417 0 12.414
0.038 0.005 0.043 0.016 0.002 0.017 11.494 0.012 11.504 12.246 0 12.244 12.184 0 12.18
0.047 0.002 0.049 0.018 0 0.018 11.214 0.009 11.22 11.985 0 11.983 11.926 0 11.922
0.04 0.00700000000000001 0.047 0.015 0.003 0.019 11.262 0.013 11.272 11.97 0.001 11.968 11.914 0 11.911
0.044 0.001 0.046 0.017 0.00199999999999999 0.018 11.361 0.00700000000000001 11.365 12.137 0 12.134 12.101 0 12.099
0.038 0.003 0.041 0.017 0.001 0.018 10.77 0.011 10.778 11.54 0 11.538 11.488 0 11.486
0.037 0.005 0.041 0.016 0.001 0.018 10.8 0.011 10.808 11.601 0 11.599 11.533 0 11.529
0.044 0.00199999999999999 0.047 0.018 0.001 0.018 11.143 0.007 11.148 11.892 0 11.889 11.839 0 11.838
0.043 0.003 0.046 0.017 0.002 0.018 11.104 0.013 11.114 11.902 0 11.9 11.863 0 11.861
0.045 0.001 0.046 0.018 0 0.018 11.128 0.013 11.138 11.864 0 11.861 11.812 0 11.81
0.045 0.002 0.047 0.018 0 0.018 11.167 0.011 11.176 11.961 0.000999999999999994 11.959 11.925 0 11.923
0.04 0.006 0.046 0.017 0.001 0.019 11.779 0.008 11.784 12.586 0.001 12.585 12.537 0 12.534
0.042 0.004 0.047 0.017 0.00199999999999999 0.018 11.572 0.009 11.578 12.34 0 12.337 12.271 0 12.268
0.044 0.003 0.047 0.017 0.001 0.018 11.709 0.01 11.715 12.491 0 12.488 12.442 0 12.44
0.045 0.001 0.047 0.017 0.002 0.019 11.433 0.011 11.441 12.29 0 12.287 12.199 0 12.196
0.043 0.003 0.046 0.017 0.001 0.019 11.208 0.011 11.215 12.013 0 12.01 11.935 0 11.933
0.047 0.000999999999999994 0.048 0.018 0 0.018 11.179 0.011 11.187 11.948 0 11.945 11.885 0 11.883
0.038 0.004 0.042 0.015 0.002 0.018 10.83 0.011 10.837 11.641 0.001 11.641 11.566 0 11.564
0.044 0.002 0.046 0.017 0.002 0.018 11.493 0.014 11.504 12.259 0.001 12.258 12.164 0 12.161
0.044 0.002 0.045 0.016 0.002 0.018 11.124 0.021 11.142 11.926 0 11.924 11.852 0 11.85
0.044 0.003 0.048 0.019 0 0.018 11.253 0.01 11.26 12.016 0 12.014 11.944 0 11.941
0.043 0.004 0.047 0.017 0.000999999999999994 0.018 11.484 0.013 11.494 12.246 0 12.243 12.174 0 12.171
0.044 0.00199999999999999 0.046 0.018 0.001 0.018 11.497 0.007 11.502 12.255 0 12.251 12.2 0 12.197
0.044 0.000999999999999994 0.046 0.019 0 0.019 11.193 0.011 11.201 11.923 0 11.92 11.872 0 11.87
0.042 0.004 0.046 0.018 0.001 0.018 11.239 0.011 11.248 12.026 0.00199999999999999 12.025 11.983 0 11.981
0.044 0.003 0.047 0.016 0.002 0.018 11.449 0.00700000000000001 11.453 12.243 0 12.24 12.148 0 12.146
0.045 0.005 0.049 0.018 0 0.018 11.34 0.011 11.349 12.08 0 12.077 12.068 0 12.065
0.045 0.003 0.049 0.018 0.001 0.018 11.275 0.007 11.279 11.932 0.002 11.931 11.886 0 11.885
0.043 0.003 0.046 0.018 0.001 0.018 11.598 0.013 11.608 12.312 0 12.309 12.289 0 12.286
0.041 0.002 0.043 0.017 0.001 0.018 11.014 0.009 11.02 11.814 0.003 11.815 11.778 0 11.775
0.038 0.004 0.042 0.015 0.003 0.018 10.846 0.006 10.849 11.645 0.001 11.643 11.572 0.001 11.571
0.042 0.001 0.043 0.018 0 0.018 11.245 0.007 11.25 11.962 0 11.959 11.899 0 11.897
0.043 0.003 0.046 0.018 0 0.018 11.188 0.015 11.2 11.915 0.000999999999999994 11.914 11.826 0 11.824
0.046 0.001 0.047 0.017 0.000999999999999994 0.018 11.484 0.009 11.49 12.23 0 12.227 12.13 0 12.128
0.041 0.006 0.047 0.018 0 0.018 12.358 0.009 12.365 13.032 0.001 13.029 13.07 0 13.068
0.039 0.008 0.046 0.018 0 0.019 11.845 0.01 11.851 12.614 0 12.612 12.48 0 12.477
0.041 0.004 0.046 0.017 0.001 0.018 11.255 0.01 11.261 11.892 0 11.893 11.675 0 11.677
0.044 0.003 0.047 0.018 0 0.018 11.239 0.013 11.249 11.983 0.001 11.981 11.943 0 11.941
0.047 0.00199999999999999 0.049 0.019 0 0.019 11.285 0.013 11.294 11.998 0 11.996 11.948 0 11.946
0.043 0.003 0.046 0.017 0.001 0.018 11.269 0.014 11.279 12.001 0 12 11.927 0 11.923
0.044 0.003 0.047 0.018 0.001 0.019 11.364 0.016 11.377 12.155 0.001 12.153 12.099 0 12.097
0.041 0.001 0.042 0.016 0.001 0.018 10.728 0.014 10.739 11.595 0 11.6 11.299 0 11.299
0.045 0.002 0.046 0.015 0.003 0.018 11.427 0.014 11.438 12.191 0.002 12.191 12.158 0 12.155
0.042 0.00199999999999999 0.045 0.016 0.002 0.018 11.31 0.012 11.318 11.988 0.001 11.987 11.981 0 11.978
0.044 0.002 0.046 0.016 0.00199999999999999 0.019 11.577 0.009 11.582 12.347 0 12.344 12.285 0 12.282
0.042 0.003 0.045 0.018 0.001 0.019 11.231 0.016 11.244 12.021 0 12.02 11.969 0 11.966
0.042 0.003 0.045 0.017 0.001 0.018 11.071 0.01 11.082 11.716 0.001 11.718 11.567 0 11.571
0.042 0.004 0.046 0.016 0.002 0.018 11.186 0.00799999999999999 11.191 11.935 0 11.932 11.864 0 11.862
0.04 0.006 0.046 0.017 0.001 0.018 11.283 0.011 11.291 11.983 0 11.981 11.903 0.001 11.902
0.045 0.002 0.046 0.018 0 0.019 11.317 0.012 11.325 12.135 0 12.132 12.035 0 12.033
0.039 0.003 0.042 0.016 0.00199999999999999 0.018 10.718 0.015 10.73 11.525 0 11.523 11.454 0 11.452
0.037 0.005 0.042 0.016 0.001 0.018 11.31 0.01 11.316 12.041 0.002 12.041 11.97 0 11.967
0.045 0.001 0.046 0.018 0.001 0.018 11.755 0.008 11.759 12.59 0 12.589 12.438 0 12.435
0.04 0.001 0.041 0.016 0.00199999999999999 0.018 10.833 0.009 10.84 11.433 0 11.43 11.377 0 11.375
0.038 0.003 0.041 0.018 0 0.018 10.894 0.014 10.905 11.677 0.00199999999999999 11.677 11.612 0 11.609
0.045 0.002 0.047 0.016 0.00199999999999999 0.018 11.423 0.008 11.428 12.177 0.005 12.18 12.148 0 12.145
0.043 0.003 0.046 0.018 0.001 0.019 11.284 0.01 11.29 12.055 0 12.053 12.015 0 12.012
0.043 0.003 0.045 0.016 0.002 0.018 11.143 0.016 11.156 11.952 0 11.948 11.906 0 11.905
0.043 0.003 0.046 0.018 0 0.018 11.236 0.008 11.24 11.655 0.00199999999999999 11.656 11.558 0 11.555
0.043 0.003 0.046 0.018 0 0.018 11.848 0.00600000000000001 11.851 12.555 0.000999999999999994 12.553 12.472 0 12.469
0.038 0.004 0.042 0.016 0.00199999999999999 0.018 11.401 0.014 11.412 12.034 0 12.032 11.953 0 11.951
0.044 0.002 0.047 0.016 0.002 0.018 11.176 0.018 11.19 12.009 0 12.006 11.93 0 11.928
0.04 0.003 0.043 0.016 0.002 0.018 10.832 0.011 10.84 11.721 0 11.719 11.64 0 11.638
0.04 0.002 0.041 0.016 0.001 0.018 10.714 0.012 10.723 11.599 0 11.597 11.522 0 11.52
0.043 0.003 0.046 0.018 0.001 0.018 11.357 0.012 11.367 12.118 0 12.116 12.072 0 12.069
0.038 0.004 0.042 0.016 0.00199999999999999 0.018 10.923 0.009 10.929 11.725 0.002 11.726 11.627 0 11.625
0.044 0.002 0.046 0.018 0 0.018 11.265 0.009 11.271 12.048 0 12.046 11.979 0 11.977
0.045 0.003 0.048 0.018 0.001 0.018 11.22 0.016 11.234 11.99 0 11.988 11.95 0 11.947
0.044 0.002 0.046 0.016 0.00199999999999999 0.018 11.247 0.009 11.252 12.018 0.001 12.017 11.975 0 11.972
0.041 0.005 0.046 0.018 0.001 0.019 11.281 0.012 11.29 12.026 0 12.024 11.992 0 11.989
0.042 0.003 0.046 0.019 0 0.018 11.393 0.00800000000000001 11.397 12.067 0.000999999999999994 12.066 12.026 0 12.024
0.045 0.000999999999999994 0.046 0.016 0.002 0.019 11.234 0.015 11.244 11.991 0 11.99 11.917 0 11.914
0.043 0.003 0.046 0.018 0.001 0.019 11.054 0.008 11.059 11.795 0 11.793 11.745 0 11.742
0.044 0.002 0.046 0.016 0.003 0.019 11.141 0.01 11.147 11.869 0 11.868 11.814 0 11.812
0.043 0.005 0.048 0.015 0.003 0.018 11.072 0.011 11.079 11.824 0 11.822 11.779 0 11.776
0.043 0.004 0.047 0.016 0.002 0.018 11.347 0.013 11.357 12.16 0 12.157 12.074 0 12.072
0.038 0.004 0.041 0.016 0.002 0.018 11.236 0.017 11.25 11.829 0 11.827 11.766 0 11.763
0.037 0.004 0.042 0.017 0.001 0.017 10.762 0.01 10.77 11.555 0 11.553 11.497 0 11.494
0.04 0.001 0.042 0.016 0.002 0.017 10.831 0.009 10.838 11.625 0 11.622 11.552 0 11.551
0.045 0.001 0.046 0.018 0.000999999999999994 0.019 11.602 0.008 11.606 12.317 0 12.315 12.27 0 12.267
0.043 0.003 0.046 0.018 0 0.019 11.113 0.016 11.126 11.875 0 11.872 11.809 0 11.806
0.039 0.003 0.043 0.015 0.003 0.018 11.083 0.014 11.094 11.857 0 11.855 11.796 0 11.793
0.044 0.00199999999999999 0.046 0.016 0.002 0.018 11.061 0.011 11.069 11.845 0 11.843 11.765 0 11.762
0.044 0.00199999999999999 0.046 0.017 0.001 0.018 11.323 0.009 11.329 12.051 0 12.048 11.992 0 11.99
0.042 0.004 0.046 0.017 0.000999999999999994 0.019 11.154 0.011 11.161 11.947 0 11.945 11.873 0.001 11.871
0.041 0.006 0.047 0.017 0.001 0.018 11.406 0.008 11.41 12.223 0 12.221 12.169 0 12.167
0.044 0.001 0.045 0.019 0 0.019 11.089 0.008 11.094 11.867 0 11.865 11.827 0 11.824
0.046 0 0.046 0.017 0.001 0.018 11.128 0.00899999999999999 11.134 11.882 0 11.88 11.826 0 11.823
0.044 0.002 0.046 0.019 0 0.018 11.485 0.017 11.498 12.159 0.001 12.158 12.112 0 12.11
0.04 0.002 0.042 0.018 0 0.018 10.829 0.01 10.836 11.598 0 11.595 11.531 0 11.53
0.042 0.005 0.047 0.017 0.001 0.018 11.271 0.015 11.283 12.02 0 12.018 11.973 0 11.97
0.038 0.004 0.042 0.017 0.001 0.018 11.039 0.01 11.046 11.839 0 11.837 11.909 0 11.906
0.04 0.003 0.042 0.017 0.001 0.018 10.929 0.015 10.941 11.703 0 11.701 11.661 0 11.658
0.039 0.00700000000000001 0.045 0.017 0.001 0.018 11.19 0.012 11.199 11.906 0 11.904 11.883 0 11.88
0.042 0.004 0.045 0.017 0.001 0.018 11.246 0.01 11.253 11.993 0 11.99 11.932 0 11.931
0.04 0.00199999999999999 0.041 0.015 0.002 0.018 11.13 0.006 11.133 11.872 0 11.869 11.826 0 11.824
0.045 0.001 0.046 0.017 0.002 0.019 11.165 0.01 11.172 11.993 0 11.99 11.902 0 11.9
0.041 0.00600000000000001 0.046 0.016 0.00199999999999999 0.019 12.333 0.011 12.339 13.175 0 13.173 13.054 0 13.051
0.038 0.003 0.041 0.017 0.000999999999999994 0.018 10.743 0.012 10.752 11.933 0 11.931 11.87 0 11.867
0.045 0 0.045 0.017 0.002 0.018 11.021 0.012 11.031 11.761 0 11.758 11.431 0 11.428
0.04 0.00199999999999999 0.042 0.016 0.002 0.017 11.459 0.008 11.465 12.054 0.001 12.053 11.992 0 11.989
0.042 0.004 0.046 0.016 0.002 0.018 10.987 0.014 10.998 11.659 0.002 11.659 11.562 0 11.56
0.041 0.001 0.042 0.017 0.001 0.017 10.765 0.009 10.772 11.544 0 11.541 11.477 0 11.476
0.044 0.003 0.046 0.017 0.001 0.018 11.791 0.013 11.802 12.557 0.001 12.554 12.472 0 12.47
0.042 0.004 0.046 0.018 0.001 0.018 11.228 0.018 11.244 11.982 0 11.979 11.968 0 11.966
0.046 0.001 0.047 0.017 0.001 0.018 11.801 0.008 11.805 12.537 0 12.534 12.459 0 12.457
0.045 0.001 0.047 0.019 0 0.018 11.197 0.014 11.213 11.771 0.001 11.78 11.63 0 11.635
0.044 0.002 0.047 0.016 0.003 0.018 11.502 0.014 11.512 12.326 0 12.324 12.12 0 12.118
0.044 0.00199999999999999 0.046 0.018 0.001 0.018 11.233 0.014 11.245 11.957 0 11.955 11.895 0 11.891
0.043 0.003 0.046 0.017 0.00199999999999999 0.018 11.148 0.008 11.154 11.924 0 11.921 11.83 0 11.828
0.045 0.004 0.049 0.018 0.001 0.018 11.282 0.017 11.296 11.956 0.001 11.955 11.891 0 11.888
0.042 0.004 0.046 0.019 0 0.018 11.157 0.014 11.169 11.883 0 11.881 11.827 0 11.825
0.043 0.002 0.045 0.019 0 0.019 11.216 0.009 11.221 11.985 0 11.984 11.817 0 11.819
0.04 0.001 0.042 0.015 0.003 0.017 10.958 0.008 10.965 11.751 0 11.747 11.699 0 11.697
0.042 0.003 0.046 0.017 0.001 0.018 11.228 0.011 11.236 11.835 0 11.832 11.764 0 11.761
0.043 0.001 0.045 0.018 0.001 0.018 11.193 0.017 11.208 11.946 0 11.943 11.883 0 11.88
0.044 0.002 0.046 0.017 0.001 0.019 11.629 0.013 11.639 12.355 0 12.352 12.261 0 12.259
0.038 0.005 0.042 0.016 0.002 0.018 11.272 0.016 11.285 12.068 0 12.066 12.023 0 12.02
0.044 0.003 0.047 0.017 0.001 0.018 12.261 0.012 12.27 13.144 0 13.141 13.034 0.000999999999999994 13.032
0.046 0 0.046 0.018 0 0.018 11.186 0.013 11.196 11.89 0 11.886 11.857 0 11.856
0.045 0.001 0.046 0.018 0 0.019 11.253 0.016 11.265 12.005 0.001 12.004 11.943 0 11.941
0.04 0.002 0.042 0.016 0.001 0.017 11.23 0.009 11.236 11.971 0 11.969 11.921 0 11.918
0.044 0.001 0.046 0.017 0.001 0.018 11.283 0.006 11.293 11.604 0 11.605 11.446 0 11.45
0.041 0.007 0.048 0.019 0 0.018 11.776 0.012 11.784 12.479 0.002 12.48 12.273 0 12.27
0.04 0.006 0.046 0.016 0.002 0.018 11.309 0.011 11.317 12.068 0 12.066 11.994 0 11.992
0.039 0.003 0.042 0.016 0.001 0.018 10.842 0.009 10.847 11.646 0 11.645 11.543 0 11.542
0.037 0.004 0.041 0.015 0.003 0.018 10.812 0.012 10.822 11.575 0 11.573 11.513 0 11.51
0.039 0.00600000000000001 0.046 0.017 0.00199999999999999 0.018 11.287 0.009 11.294 12.048 0 12.045 11.994 0 11.991
0.044 0.002 0.046 0.019 0 0.019 11.275 0.009 11.281 11.986 0 11.984 11.921 0 11.918
0.045 0.002 0.046 0.017 0.000999999999999994 0.019 11.112 0.00600000000000001 11.114 11.874 0 11.872 11.819 0 11.816
0.044 0.000999999999999994 0.046 0.017 0.002 0.018 11.289 0.013 11.3 12.072 0 12.068 12.002 0.000999999999999994 12.002
0.041 0.005 0.046 0.017 0.000999999999999994 0.019 11.19 0.012 11.198 11.904 0 11.903 11.882 0 11.879
0.044 0.002 0.046 0.015 0.003 0.018 11.297 0.016 11.309 12.038 0.001 12.038 12.009 0 12.007
0.043 0.005 0.047 0.017 0.001 0.019 11.709 0.005 11.711 12.545 0 12.541 12.438 0 12.436
0.037 0.005 0.043 0.017 0.000999999999999994 0.017 10.821 0.00700000000000001 10.826 12.071 0 12.069 12.005 0 12.002
0.045 0.000999999999999994 0.046 0.018 0.001 0.018 11.223 0.017 11.238 11.988 0.002 11.987 11.575 0 11.573
0.044 0.002 0.045 0.014 0.004 0.018 11.214 0.008 11.219 11.946 0 11.943 11.894 0 11.892
0.039 0.003 0.042 0.015 0.003 0.018 10.844 0.011 10.851 11.734 0 11.732 11.682 0 11.68
0.046 0.001 0.048 0.017 0.001 0.018 11.086 0.009 11.092 11.856 0 11.853 11.798 0 11.796
0.046 0 0.046 0.019 0 0.018 11.465 0.00799999999999999 11.471 12.256 0 12.253 12.177 0 12.175
0.043 0.003 0.046 0.017 0.001 0.018 11.276 0.012 11.285 12.053 0 12.052 11.982 0 11.979
0.045 0.001 0.045 0.015 0.003 0.019 11.134 0.011 11.142 11.908 0 11.905 11.845 0 11.842
0.045 0.002 0.046 0.016 0.00199999999999999 0.019 11.317 0.015 11.328 12.092 0 12.09 11.973 0 11.97
0.04 0.00199999999999999 0.041 0.016 0.001 0.018 11.167 0.013 11.176 12.003 0 12.001 11.954 0 11.952
0.041 0.004 0.046 0.019 0 0.019 11.16 0.009 11.166 11.9 0 11.897 11.839 0 11.836
0.046 0.001 0.047 0.016 0.00199999999999999 0.018 11.835 0.009 11.84 12.625 0.002 12.625 12.546 0.001 12.544
0.046 0.001 0.046 0.018 0 0.019 11.238 0.01 11.243 11.953 0 11.951 11.934 0 11.932
0.042 0.003 0.046 0.016 0.00199999999999999 0.018 11.261 0.013 11.271 11.947 0 11.943 11.907 0 11.906
0.042 0.003 0.045 0.017 0.001 0.019 11.085 0.01 11.091 11.823 0 11.821 11.752 0 11.75
0.035 0.007 0.041 0.015 0.002 0.018 10.938 0.00899999999999999 10.944 11.619 0.001 11.618 11.808 0 11.805
0.039 0.00199999999999999 0.042 0.014 0.004 0.017 10.878 0.014 10.89 11.723 0 11.72 11.713 0 11.711
0.037 0.005 0.043 0.018 0 0.018 11.446 0.00899999999999999 11.452 12.185 0.001 12.184 12.171 0 12.168
0.042 0.003 0.046 0.016 0.003 0.018 11.05 0.012 11.059 11.656 0 11.654 11.603 0 11.601
0.04 0.006 0.046 0.017 0.001 0.018 11.327 0.009 11.332 12.064 0 12.062 11.991 0 11.988
0.041 0.004 0.046 0.018 0.000999999999999994 0.018 11.274 0.014 11.286 12.089 0 12.085 11.985 0 11.983
0.042 0.005 0.046 0.016 0.002 0.019 11.479 0.009 11.485 12.254 0 12.252 12.125 0 12.122
0.039 0.003 0.042 0.015 0.00199999999999999 0.017 11.253 0.009 11.26 11.984 0 11.98 11.911 0 11.909
0.041 0.005 0.046 0.016 0.00199999999999999 0.018 11.111 0.013 11.121 11.922 0 11.92 11.871 0 11.868
0.036 0.006 0.042 0.016 0.002 0.018 10.716 0.008 10.72 11.967 0 11.964 11.903 0 11.902
0.044 0.002 0.046 0.017 0.001 0.019 11.165 0.013 11.174 11.946 0 11.943 11.556 0 11.554
0.044 0.000999999999999994 0.045 0.017 0.001 0.018 11.207 0.016 11.221 11.974 0.001 11.973 11.916 0 11.912
0.042 0.004 0.047 0.017 0.001 0.018 11.167 0.011 11.174 11.667 0 11.665 11.581 0 11.58
0.044 0.000999999999999994 0.045 0.018 0.001 0.018 11.32 0.012 11.33 12.03 0.001 12.029 11.944 0 11.942
0.046 0 0.046 0.017 0.001 0.018 11.022 0.013 11.032 11.769 0 11.765 11.675 0 11.674
0.04 0.004 0.044 0.017 0.001 0.018 11.435 0.011 11.444 12.19 0 12.187 12.118 0 12.115
0.044 0.002 0.046 0.017 0.002 0.018 11.307 0.007 11.311 12.05 0.000999999999999994 12.049 12.012 0 12.008
0.044 0.002 0.047 0.019 0 0.018 11.15 0.011 11.158 11.928 0.001 11.926 11.847 0 11.844
0.042 0.004 0.046 0.017 0.000999999999999994 0.018 11.076 0.013 11.086 11.802 0 11.8 11.742 0 11.74
0.043 0.003 0.046 0.017 0.001 0.018 11.177 0.018 11.192 11.947 0 11.945 11.885 0 11.883
0.043 0.004 0.046 0.017 0.001 0.019 11.482 0.01 11.488 12.227 0.001 12.226 12.202 0 12.198
0.042 0.003 0.046 0.016 0.003 0.018 11.444 0.005 11.446 12.141 0 12.14 12.103 0 12.099
0.044 0.00199999999999999 0.047 0.018 0.001 0.018 11.59 0.009 11.597 12.379 0 12.375 12.278 0.002 12.279
0.041 0.005 0.045 0.017 0.001 0.019 11.269 0.014 11.28 12.003 0 12.001 11.942 0 11.939
0.04 0.00199999999999999 0.042 0.016 0.001 0.018 10.848 0.00700000000000001 10.851 11.63 0 11.628 11.556 0 11.553
0.037 0.005 0.041 0.015 0.00199999999999999 0.018 11.882 0.008 11.887 12.584 0 12.581 12.441 0 12.437
0.043 0.002 0.046 0.017 0.00199999999999999 0.018 11.359 0.016 11.372 12.142 0 12.141 12.091 0 12.088
0.043 0.004 0.046 0.018 0.001 0.018 11.143 0.009 11.15 11.859 0 11.857 11.819 0 11.817
0.044 0.003 0.046 0.017 0.001 0.018 11.269 0.011 11.277 12.025 0.003 12.026 11.959 0 11.956
0.044 0.00199999999999999 0.045 0.017 0.001 0.019 11.16 0.008 11.165 11.924 0 11.921 11.846 0 11.844
0.04 0.00199999999999999 0.042 0.017 0.001 0.017 11.09 0.012 11.1 11.858 0 11.856 11.804 0 11.801
0.046 0.00199999999999999 0.047 0.017 0.001 0.018 11.428 0.016 11.441 12.192 0 12.19 12.116 0 12.114
0.044 0.002 0.046 0.018 0.000999999999999994 0.018 11.446 0.009 11.452 12.21 0.001 12.208 12.247 0 12.244
0.04 0.002 0.043 0.016 0.002 0.017 10.859 0.013 10.869 11.876 0 11.874 11.802 0 11.799
0.039 0.00199999999999999 0.041 0.016 0.002 0.017 10.68 0.013 10.691 11.337 0 11.335 11.264 0 11.262
0.044 0.002 0.046 0.017 0.002 0.018 11.197 0.021 11.216 12.015 0 12.012 11.952 0 11.95
0.039 0.002 0.042 0.017 0.001 0.017 10.76 0.013 10.772 11.618 0.001 11.615 11.543 0 11.542
0.046 0.001 0.047 0.018 0 0.018 12.463 0.009 12.469 13.165 0 13.162 12.931 0 12.928
0.044 0.003 0.047 0.017 0.001 0.018 11.293 0.013 11.302 12.057 0.001 12.057 12.001 0 11.998
0.043 0.003 0.046 0.017 0.001 0.018 11.276 0.011 11.284 12.052 0 12.049 11.983 0 11.98
0.042 0.004 0.046 0.017 0.001 0.018 11.254 0.016 11.267 12.091 0 12.088 12.037 0 12.035
0.042 0.004 0.046 0.018 0 0.018 11.416 0.01 11.423 12.149 0 12.146 12.105 0 12.102
0.041 0.005 0.046 0.015 0.003 0.019 11.279 0.014 11.29 12.051 0.003 12.05 11.978 0.001 11.977
0.044 0.002 0.046 0.017 0.002 0.018 11.189 0.015 11.201 11.991 0 11.99 11.919 0 11.916
0.042 0.004 0.046 0.018 0.001 0.019 11.496 0.012 11.505 12.252 0.000999999999999994 12.251 12.197 0 12.194
0.038 0.003 0.041 0.017 0.001 0.018 10.766 0.012 10.775 11.639 0.003 11.64 11.557 0 11.555
0.04 0.002 0.042 0.015 0.002 0.018 10.882 0.012 10.89 11.619 0.001 11.618 11.557 0 11.554
0.042 0.004 0.046 0.015 0.003 0.018 11.485 0.011 11.493 12.27 0 12.267 12.155 0 12.154
0.034 0.007 0.041 0.018 0 0.018 10.75 0.013 10.76 11.551 0 11.549 11.474 0 11.472
0.04 0.001 0.041 0.017 0.001 0.018 10.854 0.009 10.862 11.641 0 11.638 11.584 0 11.582
0.043 0.003 0.046 0.016 0.002 0.019 11.321 0.012 11.329 12.151 0.00199999999999999 12.15 12.042 0 12.043
0.045 0.000999999999999994 0.046 0.017 0.001 0.019 11.82 0.012 11.829 12.494 0 12.492 12.399 0 12.396
0.041 0.005 0.046 0.018 0.001 0.019 11.904 0.013 11.914 12.619 0 12.616 12.577 0 12.574
0.044 0.00199999999999999 0.046 0.017 0.001 0.018 11.213 0.011 11.221 11.94 0 11.937 11.881 0 11.879
0.044 0.002 0.047 0.016 0.00199999999999999 0.018 11.325 0.014 11.335 12.029 0.000999999999999994 12.028 11.973 0 11.971
0.044 0.003 0.046 0.017 0.001 0.019 11.389 0.014 11.4 12.172 0 12.17 12.079 0 12.076
0.044 0.002 0.047 0.018 0.000999999999999994 0.018 11.528 0.01 11.536 12.284 0 12.282 12.222 0 12.218
0.047 0.00199999999999999 0.048 0.016 0.002 0.018 11.251 0.011 11.259 12.029 0 12.027 11.965 0 11.962
0.045 0.000999999999999997 0.046 0.016 0.002 0.018 11.251 0.012 11.26 12.035 0 12.032 11.987 0 11.984
0.042 0.004 0.046 0.017 0.00199999999999999 0.018 11.246 0.01 11.254 11.995 0 11.992 11.927 0 11.925
0.047 0.001 0.048 0.018 0 0.019 11.393 0.012 11.402 12.086 0.001 12.085 12.018 0 12.015
0.042 0 0.042 0.017 0.001 0.018 11.371 0.008 11.376 12.112 0 12.11 12.07 0 12.067
0.04 0.002 0.042 0.017 0.001 0.018 10.742 0.015 10.755 11.582 0 11.579 11.595 0 11.593
0.041 0.003 0.044 0.016 0.002 0.018 11.079 0.013 11.089 11.938 0 11.935 11.878 0 11.876
0.039 0.008 0.046 0.015 0.003 0.018 11.398 0.00800000000000001 11.403 12.173 0 12.171 12.089 0 12.086
0.045 0.001 0.046 0.017 0.001 0.017 11.109 0.014 11.121 11.865 0 11.862 11.829 0 11.826
0.039 0.006 0.045 0.017 0.002 0.019 11.163 0.013 11.173 11.89 0 11.887 11.847 0 11.845
0.041 0.005 0.046 0.016 0.003 0.019 11.322 0.013 11.332 12.082 0 12.079 11.984 0 11.982
0.041 0.005 0.046 0.017 0.001 0.019 11.226 0.015 11.237 11.961 0 11.96 11.894 0 11.891
0.038 0.004 0.042 0.016 0.002 0.017 11.276 0.007 11.28 12.359 0 12.357 12.28 0 12.278
0.043 0.003 0.046 0.017 0.001 0.018 11.179 0.018 11.194 11.924 0 11.922 11.568 0 11.565
0.044 0.002 0.046 0.017 0.000999999999999994 0.018 11.426 0.011 11.434 12.242 0 12.24 12.184 0 12.18
0.04 0.005 0.046 0.018 0.000999999999999994 0.018 11.071 0.009 11.078 11.765 0.002 11.764 11.66 0 11.658
0.044 0.002 0.046 0.018 0.001 0.018 10.775 0.012 10.785 11.493 0 11.49 11.408 0 11.407
0.046 0.001 0.046 0.017 0.001 0.019 11.436 0.014 11.447 12.18 0 12.177 12.146 0 12.144
0.044 0.002 0.047 0.018 0.001 0.018 12.32 0.009 12.326 13.165 0 13.162 13.088 0.001 13.086
0.043 0.002 0.044 0.013 0.004 0.018 11.311 0.013 11.32 12.104 0.001 12.103 12.037 0 12.035
0.04 0.003 0.043 0.016 0.002 0.017 11.173 0.017 11.188 11.949 0 11.946 11.858 0 11.855
0.044 0.003 0.046 0.014 0.004 0.019 12.236 0.015 12.248 13.114 0 13.11 13.033 0 13.032
0.045 0.003 0.048 0.016 0.002 0.018 11.543 0.007 11.546 12.294 0 12.293 12.172 0 12.168
0.042 0.002 0.043 0.016 0.001 0.018 11.262 0.009 11.268 12.011 0.002 12.01 11.992 0 11.99
0.04 0.005 0.045 0.017 0.002 0.019 11.225 0.012 11.234 11.997 0 11.994 11.951 0 11.95
0.045 0 0.045 0.017 0.00199999999999999 0.019 11.183 0.01 11.19 11.925 0 11.923 11.873 0 11.87
0.042 0.003 0.045 0.017 0.000999999999999994 0.018 11.379 0.01 11.386 12.178 0 12.175 12.096 0 12.094
0.039 0.00199999999999999 0.041 0.018 0 0.018 10.899 0.012 10.907 11.681 0.001 11.681 11.604 0 11.602
0.043 0.003 0.046 0.016 0.002 0.018 11.118 0.01 11.125 11.903 0 11.901 11.854 0 11.852
0.044 0.00199999999999999 0.047 0.018 0 0.018 11.479 0.008 11.483 12.225 0 12.223 12.131 0 12.128
0.045 0.001 0.046 0.017 0.001 0.019 11.25 0.011 11.258 11.987 0 11.983 11.925 0 11.923
0.041 0.001 0.042 0.016 0.001 0.017 11.386 0.008 11.39 12.124 0 12.122 12.103 0 12.1
0.039 0.007 0.046 0.017 0.001 0.018 11.733 0.018 11.748 12.51 0 12.507 12.421 0 12.419
0.041 0.002 0.043 0.015 0.00199999999999999 0.017 11.361 0.012 11.37 12.065 0 12.063 12.018 0 12.015
0.043 0.003 0.046 0.016 0.002 0.019 11.255 0.009 11.261 11.985 0.003 11.985 11.902 0 11.898
0.042 0.004 0.046 0.018 0.001 0.018 11.157 0.012 11.166 11.934 0.002 11.933 11.896 0 11.894
0.037 0.005 0.042 0.016 0.002 0.017 10.675 0.014 10.687 11.509 0 11.507 11.44 0 11.438
0.041 0.001 0.042 0.018 0 0.017 11.295 0.011 11.304 12.036 0.002 12.036 11.995 0 11.992
0.034 0.007 0.042 0.017 0.001 0.018 11.306 0.017 11.32 12.076 0 12.074 12 0 11.997
0.04 0.002 0.042 0.015 0.003 0.017 11.784 0.008 11.79 12.631 0 12.628 12.513 0 12.511
0.04 0.00199999999999999 0.042 0.017 0 0.018 10.876 0.01 10.882 11.621 0 11.619 11.558 0 11.556
0.042 0.004 0.046 0.014 0.004 0.018 11.14 0.009 11.146 11.921 0 11.92 11.867 0 11.864
0.044 0.003 0.046 0.018 0.001 0.019 11.401 0.013 11.411 12.161 0 12.158 12.095 0 12.093
0.046 0.003 0.049 0.018 0 0.018 11.224 0.003 11.223 11.98 0 11.979 11.923 0 11.92
0.045 0.001 0.046 0.017 0.001 0.018 11.114 0.01 11.12 11.858 0 11.857 11.799 0 11.797
0.04 0.006 0.047 0.018 0 0.018 11.177 0.018 11.191 11.977 0 11.976 11.91 0 11.908
0.042 0.004 0.046 0.017 0.001 0.019 11.865 0.011 11.874 12.575 0 12.573 12.463 0 12.459
0.043 0.003 0.047 0.018 0.001 0.018 11.384 0.014 11.395 12.095 0 12.093 12.044 0 12.041
0.037 0.005 0.042 0.017 0.001 0.017 11.868 0.01 11.876 12.624 0 12.621 12.486 0 12.483
0.039 0.00199999999999999 0.042 0.016 0.002 0.017 10.924 0.01 10.932 11.529 0.001 11.528 11.464 0 11.461
0.043 0.003 0.045 0.015 0.003 0.019 11.265 0.009 11.271 12.015 0 12.011 11.954 0 11.953
0.038 0.004 0.042 0.017 0.001 0.017 10.76 0.009 10.767 11.604 0 11.602 11.521 0 11.519
0.043 0.004 0.046 0.016 0.002 0.019 11.307 0.015 11.319 12.153 0 12.151 12.029 0 12.025
0.039 0.003 0.042 0.016 0.001 0.017 10.813 0.015 10.825 11.623 0 11.621 11.535 0 11.533
0.045 0.004 0.049 0.018 0.000999999999999994 0.019 11.877 0.00700000000000001 11.881 12.573 0 12.571 12.452 0 12.449
0.043 0.003 0.046 0.017 0.002 0.019 11.195 0.012 11.204 11.921 0 11.919 11.853 0 11.851
0.044 0.00199999999999999 0.046 0.018 0.001 0.019 11.353 0.009 11.359 12.094 0 12.091 11.978 0.001 11.977
0.045 0 0.045 0.017 0.00199999999999999 0.019 11.151 0.01 11.157 11.89 0.001 11.889 11.841 0 11.838
0.041 0.004 0.046 0.016 0.003 0.018 11.202 0.008 11.208 11.943 0 11.941 11.896 0 11.892
0.046 0.000999999999999994 0.046 0.016 0.002 0.019 11.377 0.011 11.384 12.227 0 12.225 12.15 0 12.147
0.039 0.00199999999999999 0.042 0.017 0.001 0.017 10.835 0.013 10.846 11.643 0 11.64 11.562 0 11.561
0.039 0.003 0.042 0.017 0 0.017 10.856 0.01 10.862 11.642 0.001 11.642 11.6 0 11.597
0.042 0.004 0.045 0.017 0.001 0.018 11.244 0.013 11.254 12.023 0 12.022 12.008 0 12.005
0.04 0.003 0.043 0.016 0.002 0.018 10.82 0.008 10.825 11.822 0 11.82 11.736 0 11.734
0.037 0.004 0.042 0.015 0.003 0.017 10.722 0.011 10.73 11.468 0 11.466 11.627 0 11.625
0.043 0.003 0.045 0.014 0.004 0.019 11.283 0.014 11.293 12.066 0.002 12.066 11.993 0 11.99
0.042 0.004 0.046 0.015 0.003 0.019 11.25 0.012 11.258 12.013 0 12.011 11.968 0 11.965
0.041 0.004 0.046 0.018 0.001 0.018 11.183 0.01 11.192 11.746 0 11.751 11.541 0 11.543
0.037 0.005 0.042 0.013 0.004 0.017 11.209 0.014 11.22 11.955 0 11.952 11.937 0 11.935
0.044 0.00199999999999999 0.046 0.014 0.004 0.018 11.225 0.007 11.229 11.958 0.001 11.957 11.931 0 11.928
0.041 0.005 0.047 0.018 0.001 0.018 11.736 0.007 11.74 12.47 0 12.468 12.36 0 12.358
0.043 0.003 0.046 0.018 0 0.018 11.354 0.009 11.359 12.129 0.003 12.13 12.112 0 12.11
0.045 0.001 0.046 0.017 0.001 0.018 12.335 0.015 12.346 13.268 0.001 13.266 13.004 0.001 13.002
0.045 0.003 0.048 0.018 0 0.018 11.179 0.007 11.181 11.914 0 11.913 11.857 0 11.855
0.045 0.001 0.046 0.017 0.00199999999999999 0.019 11.473 0.01 11.481 12.296 0 12.292 12.237 0 12.235
0.045 0.001 0.046 0.017 0.001 0.019 11.096 0.009 11.101 11.6 0 11.599 11.516 0 11.513
0.042 0.004 0.046 0.018 0 0.018 11.2 0.011 11.208 11.953 0 11.95 11.904 0 11.901
0.039 0.003 0.041 0.017 0.001 0.018 10.884 0.012 10.894 11.741 0.003 11.74 11.661 0 11.66
0.043 0.003 0.046 0.016 0.002 0.019 11.245 0.014 11.256 12.006 0 12.002 11.967 0 11.965
0.044 0.004 0.047 0.015 0.003 0.018 11.211 0.013 11.221 11.953 0 11.95 11.923 0 11.922
0.041 0.006 0.047 0.015 0.003 0.018 11.349 0.013 11.359 12.078 0 12.075 12.036 0 12.033
0.043 0.004 0.047 0.018 0 0.018 11.213 0.014 11.225 11.982 0 11.978 11.89 0 11.889
0.043 0.001 0.044 0.015 0.003 0.017 11.528 0.00899999999999999 11.535 12.313 0.001 12.311 12.194 0 12.191
0.043 0.003 0.045 0.018 0 0.019 11.132 0.011 11.14 11.933 0 11.93 11.883 0 11.881
0.044 0.004 0.047 0.018 0 0.018 11.314 0.014 11.325 12.091 0 12.089 12.035 0 12.032
0.042 0.004 0.046 0.016 0.002 0.018 11.278 0.013 11.288 11.996 0.00199999999999999 11.995 11.957 0 11.955
0.038 0.004 0.043 0.015 0.003 0.018 11.307 0.009 11.312 11.975 0 11.973 11.941 0 11.938
0.04 0.003 0.042 0.016 0.001 0.018 10.66 0.014 10.67 11.549 0.001 11.549 11.465 0 11.462
0.041 0.001 0.042 0.016 0.002 0.017 11.867 0.011 11.876 12.594 0 12.592 12.551 0 12.548
0.042 0.004 0.045 0.016 0.002 0.019 11.096 0.014 11.107 11.853 0 11.849 11.787 0 11.786
0.042 0.005 0.047 0.018 0 0.019 11.308 0.01 11.314 12.035 0 12.033 11.963 0.001 11.962
0.039 0.003 0.043 0.017 0.000999999999999994 0.017 11.198 0.011 11.207 11.902 0 11.9 11.834 0 11.831
0.038 0.004 0.042 0.015 0.002 0.018 11.447 0.006 11.45 12.064 0 12.06 12 0 11.999
0.044 0.003 0.046 0.014 0.004 0.019 11.477 0.01 11.484 12.216 0 12.214 12.166 0 12.163
0.043 0.003 0.045 0.015 0.003 0.019 11.237 0.009 11.243 12.01 0 12.006 11.932 0 11.931
0.046 0.001 0.047 0.015 0.003 0.018 12.443 0.012 12.452 13.087 0 13.084 13.138 0 13.134
0.043 0.003 0.045 0.018 0 0.019 11.492 0.011 11.5 12.229 0 12.225 12.141 0 12.14
0.044 0.002 0.046 0.017 0.001 0.019 11.339 0.006 11.342 12.053 0 12.05 11.988 0 11.985
0.046 0.002 0.048 0.016 0.003 0.019 11.503 0.012 11.512 12.222 0 12.22 12.16 0 12.157
0.044 0.002 0.045 0.018 0 0.018 11.267 0.01 11.274 12.047 0 12.045 11.968 0 11.966
0.044 0.004 0.046 0.018 0 0.019 11.459 0.007 11.463 12.282 0.001 12.281 12.21 0 12.207
0.035 0.006 0.042 0.016 0.002 0.018 10.985 0.009 10.992 12.108 0 12.105 12.046 0 12.044
0.041 0.005 0.046 0.018 0.001 0.019 11.294 0.012 11.303 12.033 0.001 12.031 11.798 0 11.796
0.037 0.005 0.042 0.016 0.001 0.018 10.747 0.009 10.752 11.497 0 11.495 11.445 0 11.444
0.045 0.001 0.046 0.018 0.000999999999999994 0.019 11.274 0.013 11.284 12.044 0 12.041 11.968 0 11.966
0.044 0.003 0.047 0.015 0.003 0.018 11.266 0.011 11.274 12.088 0 12.085 12.07 0 12.068
0.039 0.007 0.046 0.017 0.001 0.018 11.273 0.015 11.285 12.038 0.001 12.037 12.002 0 11.999
0.043 0.003 0.046 0.018 0 0.018 11.768 0.008 11.774 12.505 0.00199999999999999 12.507 12.19 0.001 12.195
0.045 0.004 0.049 0.018 0.000999999999999994 0.019 11.311 0.011 11.319 12.081 0 12.077 12.018 0 12.016
0.043 0.003 0.046 0.015 0.003 0.018 11.308 0.015 11.319 12.044 0.001 12.043 12.004 0 12.001
0.04 0.003 0.043 0.016 0.001 0.017 10.991 0.014 11.002 11.767 0 11.765 11.676 0.000999999999999994 11.675
0.045 0.001 0.046 0.018 0 0.019 11.825 0.008 11.83 12.566 0 12.562 12.525 0 12.522
0.04 0.002 0.042 0.017 0 0.017 11.343 0.009 11.349 12.129 0 12.127 12.054 0 12.05
0.041 0.002 0.043 0.015 0.002 0.017 11.869 0.01 11.875 12.523 0 12.521 12.484 0 12.481
0.045 0.00199999999999999 0.046 0.016 0.002 0.019 11.46 0.008 11.465 12.215 0 12.212 12.139 0 12.138
0.044 0.001 0.045 0.016 0.002 0.018 11.487 0.011 11.495 12.204 0 12.201 12.143 0 12.141
0.045 0.000999999999999994 0.046 0.018 0.001 0.018 11.569 0.012 11.585 12.147 0.001 12.15 12.023 0 12.025
0.044 0.002 0.047 0.017 0.001 0.018 11.58 0.014 11.591 12.201 0.004 12.201 12.197 0 12.195
0.043 0.003 0.046 0.016 0.002 0.019 11.28 0.011 11.287 12.051 0 12.048 12.028 0 12.026
0.041 0.005 0.046 0.018 0 0.019 11.367 0.014 11.377 12.069 0 12.067 11.852 0 11.854
0.045 0.003 0.048 0.016 0.002 0.018 11.524 0.00799999999999999 11.529 12.268 0 12.265 12.232 0.001 12.231
0.046 0 0.045 0.017 0.000999999999999994 0.019 11.51 0.015 11.521 12.253 0 12.25 12.186 0 12.183
0.045 0.001 0.045 0.018 0 0.019 11.186 0.007 11.19 11.893 0 11.889 11.858 0 11.857
0.037 0.004 0.042 0.016 0.002 0.017 10.753 0.007 10.757 11.44 0 11.438 11.347 0 11.344
0.048 0.001 0.048 0.017 0.001 0.018 11.209 0.009 11.215 11.974 0 11.971 11.906 0 11.904
0.039 0.003 0.041 0.016 0.000999999999999994 0.018 10.743 0.009 10.749 11.482 0 11.48 11.424 0 11.422
0.041 0.007 0.048 0.017 0.001 0.018 11.391 0.009 11.397 12.193 0 12.191 12.089 0 12.086
0.044 0.002 0.046 0.018 0.001 0.018 11.178 0.009 11.185 11.91 0 11.908 11.859 0 11.856
0.044 0.002 0.046 0.017 0.002 0.018 11.362 0.009 11.369 12.095 0.000999999999999994 12.092 12.058 0 12.056
0.038 0.004 0.042 0.016 0.001 0.018 11.217 0.01 11.223 12.05 0 12.047 12.011 0 12.009
0.043 0.003 0.046 0.016 0.003 0.019 11.282 0.012 11.292 12.038 0 12.034 11.967 0 11.965
0.043 0.003 0.045 0.016 0.002 0.019 11.18 0.016 11.192 11.901 0.001 11.899 11.836 0 11.834
0.044 0.003 0.047 0.015 0.003 0.018 11.352 0.008 11.357 12.086 0 12.084 11.996 0 11.998
0.043 0.004 0.046 0.017 0.001 0.018 11.367 0.012 11.375 12.054 0 12.053 11.989 0 11.987
0.043 0.002 0.046 0.017 0.00199999999999999 0.018 11.301 0.013 11.312 12.105 0 12.101 12.024 0 12.022
0.039 0.003 0.041 0.018 0 0.018 10.995 0.007 11.001 11.781 0 11.778 11.701 0 11.698
0.041 0.001 0.042 0.017 0 0.017 10.84 0.011 10.848 11.56 0 11.558 11.473 0 11.471
0.044 0.003 0.046 0.017 0.001 0.019 11.167 0.008 11.172 11.985 0 11.982 11.915 0 11.912
0.046 0.001 0.046 0.018 0.001 0.019 11.535 0.014 11.545 12.266 0 12.265 12.182 0 12.185
0.044 0.002 0.046 0.017 0.001 0.018 11.569 0.013 11.579 12.265 0 12.262 12.159 0.001 12.157
0.04 0.002 0.043 0.013 0.005 0.018 11.267 0.008 11.272 12.067 0.001 12.065 11.967 0 11.965
0.041 0.006 0.047 0.015 0.003 0.018 12.354 0.008 12.359 13.078 0 13.075 13.036 0 13.033
0.04 0.002 0.042 0.016 0.00199999999999999 0.017 11.406 0.00800000000000001 11.412 12.082 0.000999999999999994 12.081 12 0 11.996
0.045 0.001 0.046 0.017 0.001 0.018 11.181 0.017 11.196 11.924 0 11.921 11.856 0 11.853
0.043 0.003 0.046 0.019 0 0.019 11.623 0.00700000000000001 11.639 12.232 0 12.236 12.045 0 12.047
0.041 0.005 0.046 0.018 0 0.018 11.364 0.017 11.378 12.154 0.001 12.153 12.03 0 12.03
0.042 0.004 0.046 0.018 0 0.018 11.154 0.012 11.163 11.91 0 11.908 11.849 0 11.847
0.045 0.001 0.046 0.017 0.001 0.018 11.117 0.014 11.129 11.884 0.001 11.881 11.827 0.001 11.826
0.043 0 0.043 0.016 0.002 0.018 11.008 0.011 11.015 11.758 0 11.757 11.653 0 11.651
0.049 0 0.049 0.016 0.003 0.019 11.646 0.011 11.654 12.432 0.000999999999999994 12.43 12.321 0 12.318
0.042 0.004 0.046 0.016 0.002 0.018 11.265 0.012 11.274 11.966 0 11.964 11.918 0 11.915
0.037 0.006 0.042 0.018 0 0.018 11.01 0.009 11.017 11.853 0 11.85 11.796 0 11.793
0.047 0.003 0.05 0.018 0.000999999999999994 0.019 11.244 0.01 11.251 11.994 0 11.991 11.958 0 11.956
0.04 0.00199999999999999 0.042 0.016 0.002 0.018 11.749 0.007 11.754 12.46 0 12.457 12.4 0 12.396
0.045 0.000999999999999994 0.046 0.015 0.003 0.018 11.154 0.009 11.16 11.91 0 11.907 11.87 0 11.868
0.044 0.001 0.045 0.015 0.003 0.019 11.055 0.01 11.061 11.858 0.001 11.857 11.803 0 11.8
0.045 0.001 0.047 0.018 0.000999999999999994 0.018 11.306 0.012 11.316 12.088 0.001 12.086 12.017 0 12.015
0.042 0.004 0.046 0.016 0.002 0.018 11.408 0.008 11.412 12.139 0 12.138 12.05 0 12.047
0.04 0.006 0.046 0.017 0.001 0.018 11.419 0.013 11.429 12.181 0 12.178 12.096 0 12.094
0.037 0.007 0.043 0.017 0.001 0.018 11.885 0.01 11.893 12.611 0.001 12.608 12.47 0 12.469
0.037 0.004 0.042 0.018 0 0.017 10.604 0.011 10.613 11.391 0.003 11.392 11.298 0 11.296
0.042 0.004 0.046 0.017 0.001 0.018 11.173 0.014 11.184 11.943 0 11.94 11.89 0 11.887
0.043 0.003 0.045 0.018 0 0.018 10.997 0.014 11.008 11.523 0 11.522 11.484 0 11.481
0.044 0.002 0.046 0.018 0.001 0.018 11.311 0.013 11.321 12.025 0.001 12.023 11.993 0 11.991
0.042 0.001 0.043 0.015 0.003 0.017 11.586 0.011 11.594 12.318 0 12.315 12.242 0 12.239
0.044 0.002 0.046 0.017 0.001 0.018 11.187 0.007 11.191 11.958 0 11.957 11.907 0 11.904
0.041 0.00199999999999999 0.042 0.017 0 0.018 11.49 0.008 11.495 12.21 0.001 12.209 12.149 0 12.146
0.04 0.002 0.042 0.018 0 0.018 11.29 0.01 11.297 12.071 0 12.069 12.034 0 12.031
0.047 0.003 0.05 0.018 0 0.018 11.446 0.01 11.453 12.201 0.001 12.2 12.102 0 12.099
0.042 0.005 0.047 0.016 0.002 0.018 11.204 0.011 11.213 11.935 0 11.933 11.872 0 11.869
0.041 0.003 0.044 0.017 0.001 0.018 11.181 0.011 11.196 11.564 0 11.566 11.41 0 11.415
0.036 0.005 0.042 0.015 0.003 0.018 10.895 0.014 10.906 11.69 0.001 11.689 11.618 0 11.616
0.046 0 0.045 0.016 0.002 0.019 11.07 0.014 11.081 11.853 0 11.85 11.768 0 11.766
0.038 0.004 0.041 0.017 0 0.018 10.9 0.01 10.907 11.943 0 11.941 11.876 0 11.874
0.043 0.002 0.045 0.015 0.003 0.019 11.3 0.015 11.311 12.057 0.001 12.056 11.811 0 11.81
0.04 0.002 0.042 0.015 0.002 0.017 10.766 0.017 10.78 11.494 0 11.492 11.417 0 11.414
0.046 0 0.046 0.016 0.002 0.018 11.259 0.006 11.263 12.008 0 12.004 11.971 0 11.968
0.04 0.002 0.042 0.017 0.001 0.018 11.056 0.014 11.068 11.83 0.001 11.827 11.726 0 11.724
0.044 0.00199999999999999 0.046 0.015 0.003 0.018 11.369 0.011 11.378 12.099 0.003 12.098 12.029 0 12.027
0.044 0.00199999999999999 0.046 0.017 0.001 0.018 11.156 0.01 11.163 11.88 0 11.877 11.834 0 11.832
0.043 0.005 0.047 0.017 0.001 0.018 11.776 0.008 11.781 12.498 0 12.496 12.451 0 12.449
0.042 0.004 0.046 0.018 0 0.019 11.433 0.014 11.444 12.241 0 12.238 12.194 0 12.191
0.043 0.004 0.046 0.015 0.003 0.019 11.45 0.012 11.459 12.242 0.001 12.24 12.206 0 12.204
0.044 0.001 0.045 0.018 0 0.018 11.308 0.011 11.317 12.044 0.002 12.044 11.988 0 11.984
0.04 0.003 0.042 0.015 0.002 0.018 10.896 0.005 10.898 11.679 0 11.677 11.849 0.000999999999999994 11.847
0.04 0.002 0.041 0.015 0.003 0.018 11.003 0.012 11.012 11.915 0 11.913 12.133 0 12.13
0.038 0.004 0.042 0.017 0.001 0.018 10.955 0.009 10.961 11.785 0.002 11.784 11.762 0 11.76
0.041 0.005 0.047 0.019 0 0.019 11.406 0.013 11.416 12.2 0.000999999999999994 12.199 12.14 0 12.137
0.04 0.001 0.042 0.016 0.00199999999999999 0.018 11.197 0.007 11.201 11.995 0 11.993 11.922 0 11.919
0.044 0.00199999999999999 0.046 0.017 0.002 0.019 11.412 0.012 11.421 12.239 0.001 12.238 12.223 0 12.22
0.043 0.004 0.046 0.017 0.002 0.019 11.406 0.007 11.411 12.251 0 12.248 12.162 0 12.16
0.045 0.001 0.046 0.017 0.001 0.018 11.024 0.009 11.034 11.682 0 11.684 11.543 0 11.546
0.044 0.005 0.049 0.018 0.001 0.019 11.288 0.01 11.295 12.012 0 12.01 11.985 0 11.982
0.042 0.005 0.047 0.019 0 0.018 11.32 0.012 11.329 12.076 0 12.074 11.999 0 11.997
0.042 0.004 0.046 0.017 0.002 0.018 11.221 0.012 11.231 11.997 0.001 11.996 11.927 0 11.923
0.04 0.005 0.046 0.017 0.001 0.018 11.18 0.011 11.188 11.957 0 11.955 11.902 0 11.899
0.043 0.003 0.046 0.016 0.002 0.018 11.17 0.01 11.178 11.696 0 11.693 11.6 0 11.597
0.044 0.002 0.046 0.015 0.003 0.018 11.095 0.008 11.101 11.565 0.001 11.563 11.487 0 11.485
0.045 0.003 0.048 0.018 0.000999999999999994 0.019 11.456 0.017 11.47 12.298 0 12.295 12.248 0 12.246
0.045 0.001 0.046 0.017 0.002 0.019 11.551 0.01 11.558 12.392 0 12.39 12.298 0 12.295
0.041 0.005 0.046 0.016 0.003 0.019 11.401 0.008 11.405 12.156 0 12.154 12.09 0 12.088
0.041 0.005 0.046 0.017 0.001 0.019 10.925 0.008 10.929 11.743 0 11.742 11.663 0 11.66
0.044 0.002 0.047 0.016 0.002 0.018 11.049 0.016 11.061 11.806 0 11.805 11.744 0 11.741
0.043 0.003 0.046 0.018 0 0.019 11.258 0.007 11.261 12.057 0 12.056 12.015 0 12.012
0.045 0.002 0.047 0.016 0.00199999999999999 0.018 11.219 0.012 11.228 11.95 0 11.947 11.895 0 11.893
0.043 0.002 0.046 0.017 0.001 0.018 11.18 0.009 11.186 11.919 0 11.916 11.86 0 11.858
0.042 0.004 0.047 0.015 0.003 0.018 11.276 0.014 11.287 12.072 0.001 12.071 12.021 0 12.018
0.041 0.001 0.042 0.018 0 0.018 10.796 0.011 10.804 11.643 0.002 11.642 11.544 0 11.542
0.038 0.004 0.041 0.016 0.002 0.018 11.14 0.007 11.144 11.813 0.001 11.812 11.743 0 11.74
0.036 0.00600000000000001 0.042 0.014 0.003 0.018 10.811 0.01 10.817 11.613 0 11.612 11.559 0 11.555
0.045 0.002 0.046 0.016 0.00199999999999999 0.019 11.308 0.011 11.315 12.049 0 12.048 11.989 0 11.985
0.046 0.001 0.047 0.018 0 0.019 11.293 0.014 11.304 12.11 0.001 12.107 12.055 0 12.053
0.044 0.002 0.046 0.017 0.002 0.019 11.126 0.008 11.13 11.877 0 11.875 11.782 0 11.779
0.044 0.002 0.046 0.018 0 0.019 11.722 0.013 11.731 12.455 0 12.452 12.389 0 12.386
0.05 0.000999999999999994 0.051 0.018 0.001 0.019 11.838 0.017 11.852 12.614 0 12.611 12.487 0 12.485
0.038 0.004 0.042 0.016 0.001 0.018 11.116 0.008 11.121 11.85 0 11.847 11.805 0 11.802
0.035 0.00600000000000001 0.041 0.016 0.001 0.017 10.571 0.011 10.579 11.364 0.001 11.363 11.304 0 11.302
0.04 0.00199999999999999 0.042 0.016 0.001 0.017 10.845 0.01 10.851 11.606 0 11.604 11.552 0 11.549
0.042 0.004 0.047 0.018 0.001 0.018 11.189 0.00700000000000001 11.193 11.948 0 11.947 11.88 0 11.877
0.038 0.005 0.043 0.018 0 0.018 11.044 0.014 11.055 11.785 0.00199999999999999 11.784 11.705 0 11.703
0.043 0.003 0.046 0.017 0.001 0.018 11.177 0.009 11.183 11.932 0 11.93 11.872 0 11.869
0.046 0.001 0.047 0.016 0.003 0.019 11.823 0.011 11.831 12.631 0.001 12.629 12.476 0.001 12.473
0.044 0.001 0.046 0.018 0.001 0.018 11.291 0.012 11.3 12.014 0 12.011 11.953 0 11.951
0.037 0.004 0.042 0.017 0.001 0.017 10.762 0.009 10.768 11.593 0.001 11.593 11.497 0 11.494
0.044 0.002 0.047 0.018 0.001 0.018 11.448 0.011 11.457 12.266 0 12.264 12.215 0 12.211
0.041 0.001 0.042 0.017 0.001 0.018 11.124 0.009 11.13 11.92 0.000999999999999994 11.918 11.788 0.001 11.787
0.043 0.003 0.046 0.016 0.003 0.019 11.147 0.015 11.159 11.87 0 11.868 11.799 0 11.796
0.045 0.001 0.045 0.017 0.001 0.018 11.227 0.011 11.235 12.023 0.001 12.021 11.932 0 11.93
0.039 0.003 0.041 0.016 0.001 0.018 10.914 0.00899999999999999 10.919 11.712 0 11.71 11.606 0 11.604
0.042 0.002 0.043 0.014 0.003 0.018 10.759 0.011 10.766 11.617 0 11.615 11.515 0 11.514
0.045 0.001 0.046 0.015 0.003 0.019 11.406 0.014 11.416 12.167 0.000999999999999994 12.167 12.107 0 12.103
0.041 0.002 0.042 0.016 0.001 0.018 11.076 0.01 11.083 11.82 0 11.816 11.753 0 11.752
0.04 0.002 0.042 0.015 0.003 0.018 10.795 0.014 10.806 11.605 0.001 11.604 11.524 0 11.52
0.04 0.00199999999999999 0.042 0.017 0.001 0.017 10.991 0.00600000000000001 10.995 11.745 0 11.743 11.696 0 11.694
0.04 0.005 0.046 0.015 0.002 0.017 11.384 0.01 11.391 12.172 0 12.169 12.092 0 12.09
0.045 0.001 0.045 0.016 0.002 0.019 11.05 0.013 11.059 11.904 0 11.902 11.851 0 11.848
0.044 0.002 0.046 0.018 0.000999999999999994 0.019 11.534 0.01 11.54 12.305 0.001 12.304 12.218 0 12.215
0.045 0.000999999999999994 0.046 0.018 0 0.019 11.445 0.007 11.447 12.204 0 12.202 12.112 0 12.109
0.043 0.003 0.046 0.017 0.001 0.018 11.498 0.01 11.505 12.24 0 12.237 12.162 0 12.16
0.044 0.003 0.047 0.019 0 0.018 12.341 0.016 12.355 13.148 0 13.145 13.127 0 13.123
0.046 0.003 0.049 0.016 0.002 0.018 11.273 0.005 11.275 12.022 0 12.02 11.937 0 11.935
0.047 0 0.046 0.016 0.002 0.019 11.329 0.005 11.331 12.089 0 12.086 12.011 0 12.009
0.043 0.003 0.046 0.018 0 0.018 11.298 0.009 11.304 12.026 0 12.023 11.984 0 11.982
0.037 0.005 0.042 0.014 0.003 0.018 10.661 0.012 10.669 11.518 0 11.515 11.506 0 11.504
0.044 0.00199999999999999 0.046 0.016 0.002 0.018 11.186 0.004 11.187 11.924 0 11.922 11.883 0 11.88
0.039 0.003 0.042 0.014 0.003 0.017 11.585 0.011 11.593 12.585 0 12.582 12.535 0 12.533
0.043 0.005 0.048 0.017 0.001 0.018 11.137 0.015 11.149 11.894 0 11.893 11.743 0 11.74
0.039 0.004 0.043 0.014 0.003 0.018 10.698 0.014 10.709 11.484 0 11.482 11.717 0 11.715
0.04 0.00199999999999999 0.042 0.017 0.001 0.018 11.303 0.011 11.311 12.082 0 12.079 12.018 0 12.016
0.038 0.005 0.042 0.017 0.001 0.018 10.934 0.015 10.947 11.737 0 11.734 12.027 0 12.025
0.046 0.001 0.046 0.018 0 0.019 11.185 0.01 11.191 11.995 0 11.993 11.924 0 11.921
0.04 0.003 0.043 0.017 0.000999999999999994 0.018 11.163 0.011 11.169 11.945 0 11.944 11.886 0 11.883
0.042 0 0.043 0.017 0.001 0.017 11.183 0.014 11.194 12.274 0.002 12.274 12.235 0 12.232
0.045 0.002 0.046 0.017 0.001 0.019 11.377 0.007 11.38 12.145 0 12.142 11.726 0 11.724
0.04 0.00600000000000001 0.045 0.017 0.001 0.019 11.197 0.012 11.206 11.972 0 11.97 11.936 0 11.933
0.044 0.002 0.046 0.016 0.00199999999999999 0.018 10.829 0.011 10.838 11.544 0 11.542 11.468 0 11.466
0.044 0.00199999999999999 0.046 0.018 0 0.018 11.288 0.013 11.297 11.704 0 11.703 11.623 0 11.621
0.046 0.001 0.046 0.018 0 0.018 11.262 0.009 11.269 11.617 0 11.619 11.364 0 11.366
0.043 0.003 0.046 0.019 0 0.018 11.251 0.012 11.261 11.991 0 11.988 11.929 0 11.927
0.043 0.003 0.046 0.015 0.003 0.018 11.499 0.01 11.507 12.214 0 12.21 12.115 0 12.113
0.042 0.004 0.046 0.016 0.002 0.019 11.194 0.013 11.203 11.939 0 11.936 11.857 0 11.854
0.045 0.002 0.046 0.018 0 0.018 11.714 0.008 11.719 12.484 0 12.481 12.359 0 12.357
0.044 0.002 0.046 0.018 0.001 0.019 11.193 0.011 11.201 11.925 0.001 11.923 11.853 0 11.851
0.044 0.00199999999999999 0.046 0.018 0 0.018 11.37 0.013 11.38 12.178 0 12.176 12.121 0 12.118
0.043 0.003 0.045 0.015 0.003 0.019 11.59 0.012 11.599 12.268 0 12.265 12.182 0 12.18
0.044 0.00199999999999999 0.046 0.018 0 0.018 11.272 0.011 11.28 11.933 0.001 11.933 11.891 0 11.887
0.045 0.001 0.046 0.017 0.000999999999999994 0.018 11.296 0.01 11.302 11.972 0.001 11.97 11.909 0 11.907
0.038 0.004 0.042 0.017 0.001 0.018 10.908 0.015 10.92 11.611 0.001 11.61 11.52 0 11.518
0.043 0.005 0.048 0.017 0.001 0.019 11.25 0.023 11.269 12.076 0 12.074 12.033 0 12.031
0.037 0.005 0.042 0.017 0 0.018 11.053 0.011 11.062 11.946 0 11.953 11.833 0 11.835
0.042 0.003 0.045 0.018 0.001 0.018 11.209 0.007 11.214 11.944 0 11.941 11.732 0.002 11.732
0.041 0.001 0.042 0.016 0.00199999999999999 0.018 10.762 0.016 10.774 11.487 0 11.485 11.417 0 11.415
0.044 0.00199999999999999 0.046 0.018 0 0.019 11.386 0.00700000000000001 11.389 12.128 0 12.126 12.055 0 12.053
0.041 0.000999999999999994 0.042 0.016 0.002 0.018 11.956 0.013 11.966 12.64 0 12.637 12.568 0 12.565
0.043 0.004 0.047 0.017 0.001 0.018 11.527 0.011 11.535 12.262 0.001 12.261 12.225 0 12.222
0.043 0.003 0.045 0.016 0.002 0.018 11.241 0.01 11.249 11.967 0 11.964 11.932 0 11.929
0.039 0.003 0.042 0.016 0.001 0.018 10.884 0.008 10.888 11.677 0 11.674 11.609 0 11.607
0.035 0.007 0.042 0.015 0.002 0.018 10.9 0.009 10.905 11.824 0 11.821 11.77 0 11.769
0.042 0.004 0.046 0.019 0 0.018 11.626 0.005 11.628 12.371 0 12.37 12.309 0 12.306
0.039 0.004 0.043 0.016 0.001 0.018 10.734 0.012 10.742 11.656 0 11.654 11.587 0 11.584
0.037 0.005 0.042 0.017 0 0.018 10.806 0.014 10.817 11.656 0 11.653 11.578 0 11.576
0.04 0.002 0.042 0.017 0.001 0.017 11.117 0.01 11.124 12.096 0 12.093 12.088 0 12.086
0.041 0.002 0.042 0.018 0 0.018 11.195 0.011 11.203 12.006 0 12.004 11.921 0 11.92
0.044 0.002 0.046 0.015 0.003 0.018 11.104 0.014 11.114 11.86 0 11.859 11.808 0 11.805
0.046 0 0.046 0.016 0.002 0.018 11.208 0.012 11.218 11.962 0.000999999999999994 11.96 11.919 0 11.916
0.044 0.002 0.046 0.016 0.002 0.018 11.145 0.013 11.156 11.873 0 11.87 11.832 0 11.829
0.038 0.005 0.043 0.016 0.001 0.017 12.377 0.014 12.388 13.158 0 13.155 13.112 0 13.108
0.042 0.004 0.046 0.017 0.001 0.019 11.375 0.014 11.391 11.961 0.001 11.963 11.824 0 11.828
0.036 0.005 0.042 0.017 0.000999999999999994 0.018 10.965 0.016 10.977 11.713 0 11.712 11.606 0 11.603
0.039 0.003 0.043 0.017 0 0.017 11.069 0.008 11.074 11.851 0 11.849 11.753 0 11.75
0.039 0.006 0.045 0.015 0.004 0.019 11.152 0.015 11.164 11.916 0 11.913 11.857 0 11.856
0.037 0.005 0.042 0.015 0.002 0.017 10.656 0.009 10.662 11.437 0.002 11.437 11.349 0 11.347
0.045 0.00199999999999999 0.047 0.016 0.003 0.018 12.322 0.011 12.33 13.103 0 13.1 12.838 0 12.836
0.04 0.001 0.042 0.016 0.002 0.017 10.81 0.011 10.819 11.599 0 11.596 11.54 0 11.539
0.043 0.002 0.046 0.017 0.00199999999999999 0.019 11.165 0.011 11.172 11.951 0.001 11.951 11.907 0 11.904
0.044 0.003 0.047 0.016 0.002 0.018 11.269 0.004 11.27 12.045 0 12.043 11.978 0 11.975
0.039 0.002 0.041 0.016 0.00199999999999999 0.018 10.855 0.01 10.862 11.611 0 11.609 11.551 0 11.548
0.045 0.003 0.049 0.017 0.002 0.018 11.223 0.00899999999999999 11.229 11.989 0 11.987 11.938 0 11.935
0.045 0.003 0.049 0.016 0.003 0.018 11.348 0.008 11.353 12.121 0.002 12.12 12.067 0 12.066
0.04 0.006 0.047 0.017 0.001 0.018 10.953 0.013 10.97 11.553 0 11.556 11.418 0 11.42
0.04 0.003 0.0429999999999999 0.014 0.003 0.017 10.804 0.013 10.814 11.4 0.001 11.399 11.344 0 11.341
0.038 0.003 0.042 0.016 0.002 0.018 10.679 0.008 10.684 11.55 0 11.548 11.481 0 11.479
0.044 0.002 0.046 0.015 0.003 0.018 11.607 0.01 11.614 12.312 0 12.31 12.301 0 12.297
0.037 0.004 0.041 0.017 0.001 0.018 10.552 0.019 10.568 11.512 0 11.51 11.447 0 11.445
0.042 0 0.041 0.016 0.002 0.018 10.88 0.01 10.887 11.682 0 11.679 11.698 0 11.696
0.038 0.004 0.041 0.017 0 0.018 10.759 0.014 10.77 11.536 0 11.534 11.464 0 11.461
0.043 0.003 0.046 0.018 0.001 0.018 11.278 0.011 11.286 12.016 0 12.014 11.953 0 11.951
0.042 0.004 0.046 0.015 0.003 0.018 11.274 0.01 11.281 11.982 0 11.979 11.94 0.001 11.939
0.04 0.00600000000000001 0.046 0.016 0.003 0.018 11.273 0.011 11.281 12.016 0 12.015 11.979 0 11.975
0.037 0.00600000000000001 0.042 0.017 0 0.018 11.26 0.011 11.267 12.04 0.002 12.039 11.959 0 11.958
0.043 0.002 0.045 0.016 0.001 0.018 13.825 0.009 13.83 14.619 0.001 14.618 14.609 0.001 14.606
0.044 0.002 0.046 0.017 0.000999999999999994 0.018 11.197 0.00700000000000001 11.201 11.927 0 11.924 11.867 0 11.865
0.043 0.005 0.048 0.018 0.001 0.019 11.301 0.00700000000000001 11.305 12.017 0 12.015 11.953 0 11.95
0.046 0.002 0.049 0.018 0.001 0.018 11.167 0.014 11.178 11.891 0 11.888 11.834 0 11.832
0.041 0.005 0.046 0.015 0.003 0.018 11.142 0.014 11.153 11.861 0 11.858 11.808 0 11.806
0.043 0.00199999999999999 0.046 0.018 0.001 0.018 10.94 0.01 10.948 11.587 0 11.584 11.504 0 11.502
0.042 0.004 0.046 0.018 0 0.018 11.377 0.01 11.385 12.098 0 12.094 12.041 0 12.04
0.042 0 0.042 0.017 0.001 0.017 10.662 0.01 10.67 11.619 0.001 11.618 11.561 0 11.559
0.045 0.002 0.046 0.018 0 0.018 11.301 0.011 11.309 12.055 0.001 12.053 12.01 0 12.009
0.046 0.003 0.048 0.017 0.001 0.019 11.387 0.011 11.395 12.137 0.001 12.135 12.083 0 12.081
0.037 0.005 0.042 0.014 0.003 0.018 10.887 0.013 10.897 11.647 0 11.645 11.562 0 11.559
0.044 0.004 0.048 0.014 0.004 0.018 11.277 0.009 11.283 12.012 0 12.01 11.976 0 11.973
0.045 0.004 0.048 0.017 0.001 0.018 11.297 0.013 11.307 11.876 0.001 11.876 11.851 0 11.847
0.041 0.005 0.046 0.015 0.004 0.019 11.416 0.00800000000000001 11.421 12.221 0 12.218 12.107 0 12.105
0.042 0.004 0.046 0.018 0.001 0.019 11.337 0.01 11.344 12.096 0 12.093 12.036 0 12.034
0.045 0.001 0.047 0.019 0 0.018 11.255 0.015 11.267 11.942 0.00199999999999999 11.942 11.864 0 11.862
0.042 0.004 0.046 0.016 0.002 0.018 11.52 0.013 11.53 12.325 0 12.322 12.197 0 12.195
0.037 0.006 0.042 0.016 0.001 0.018 11.306 0.008 11.31 12.029 0 12.027 11.927 0 11.925
0.038 0.004 0.042 0.016 0.002 0.017 10.63 0.014 10.642 11.652 0 11.649 11.596 0 11.593
0.043 0.001 0.043 0.016 0.00199999999999999 0.018 10.952 0.013 10.962 11.738 0 11.735 11.663 0 11.661
0.045 0.00199999999999999 0.047 0.017 0.001 0.018 11.175 0.013 11.184 11.931 0 11.928 11.867 0 11.865
0.045 0.001 0.046 0.019 0 0.018 11.232 0.013 11.242 12.014 0.001 12.013 11.944 0 11.94
0.045 0.001 0.046 0.018 0 0.018 11.169 0.019 11.185 11.941 0 11.939 11.898 0 11.895
0.044 0.002 0.046 0.017 0.001 0.018 11.642 0.013 11.653 12.481 0 12.477 12.369 0 12.366
0.041 0.005 0.047 0.017 0.002 0.018 11.324 0.01 11.331 12.024 0 12.021 11.963 0 11.961
0.042 0.004 0.046 0.015 0.003 0.019 11.304 0.00600000000000001 11.306 12.083 0.001 12.082 12.013 0 12.01
0.044 0.002 0.046 0.018 0.001 0.018 11.419 0.009 11.426 12.108 0.001 12.106 12.041 0 12.039
0.042 0.006 0.049 0.017 0.002 0.018 11.235 0.011 11.243 11.974 0.001 11.973 11.899 0 11.896
0.044 0.003 0.046 0.017 0.001 0.018 11.757 0.009 11.762 12.602 0 12.601 12.472 0 12.468
0.038 0.004 0.042 0.015 0.002 0.018 10.838 0.014 10.848 11.58 0 11.577 11.523 0 11.521
0.044 0.002 0.046 0.016 0.00199999999999999 0.018 11.727 0.005 11.729 12.551 0 12.547 12.401 0 12.4
0.046 0.003 0.049 0.016 0.002 0.019 11.843 0.009 11.848 12.494 0 12.493 12.402 0 12.399
0.043 0.004 0.046 0.014 0.004 0.019 11.298 0.013 11.308 12.07 0 12.067 12.002 0 11.999
0.037 0.005 0.043 0.016 0.001 0.017 10.865 0.013 10.875 11.719 0.002 11.719 11.634 0 11.632
0.039 0.003 0.042 0.014 0.004 0.018 11.225 0.011 11.233 12.326 0 12.324 12.257 0.001 12.255
0.046 0.001 0.047 0.019 0 0.018 11.614 0.013 11.625 12.345 0 12.342 12.131 0 12.129
0.039 0.003 0.042 0.017 0 0.017 10.727 0.015 10.74 11.6 0.001 11.598 11.518 0 11.516
0.045 0.002 0.047 0.018 0 0.018 11.341 0.009 11.347 12.136 0 12.134 12.031 0 12.028
0.043 0.004 0.048 0.017 0.000999999999999994 0.018 12.5 0.005 12.501 13.354 0 13.351 13.153 0 13.15
0.044 0.003 0.047 0.017 0.001 0.018 11.21 0.012 11.219 11.899 0 11.897 11.841 0 11.838
0.041 0.001 0.042 0.016 0.002 0.018 10.769 0.008 10.774 11.525 0 11.523 11.551 0 11.549
0.042 0 0.042 0.016 0.002 0.018 10.754 0.011 10.762 11.533 0 11.531 11.453 0 11.45
0.04 0.00199999999999999 0.041 0.015 0.002 0.018 11.031 0.01 11.038 11.893 0 11.891 12.09 0 12.087
0.042 0.005 0.046 0.018 0 0.019 11.396 0.013 11.406 12.128 0 12.125 12.094 0 12.091
0.044 0.00199999999999999 0.046 0.016 0.002 0.018 11.201 0.019 11.217 11.986 0.003 11.986 11.908 0 11.906
0.041 0.005 0.046 0.016 0.002 0.018 11.146 0.009 11.151 11.901 0 11.899 11.851 0 11.848
0.039 0.007 0.046 0.017 0.002 0.018 11.508 0.009 11.515 12.228 0 12.225 12.175 0 12.172
0.043 0.004 0.046 0.017 0.001 0.018 12.422 0.014 12.432 13.222 0.001 13.22 13.115 0 13.114
0.045 0.001 0.046 0.018 0.001 0.019 11.728 0.011 11.735 12.483 0 12.481 12.436 0 12.433
0.046 0.003 0.05 0.016 0.003 0.019 11.352 0.011 11.36 12.136 0.001 12.134 12.084 0 12.082
0.042 0.004 0.045 0.016 0.002 0.018 11.264 0.014 11.275 12.021 0 12.018 11.902 0 11.907
0.043 0.003 0.046 0.019 0 0.018 11.421 0.015 11.433 12.158 0 12.155 12.092 0 12.09
0.04 0.004 0.044 0.018 0.001 0.019 11.369 0.006 11.371 12.129 0 12.127 12.033 0 12.031
0.042 0.003 0.045 0.019 0 0.019 11.14 0.012 11.148 11.901 0 11.899 11.867 0 11.865
0.042 0.004 0.046 0.015 0.003 0.018 11.385 0.012 11.394 12.083 0 12.081 12.029 0 12.027
0.045 0.001 0.046 0.018 0 0.018 10.836 0.00899999999999999 10.842 11.533 0 11.531 11.455 0 11.454
0.038 0.004 0.042 0.018 0 0.018 11.158 0.00800000000000001 11.163 12.362 0 12.36 12.233 0 12.23
0.046 0 0.046 0.016 0.002 0.018 11.452 0.013 11.462 12.237 0 12.234 11.797 0 11.795
0.039 0.003 0.043 0.017 0.001 0.017 11.018 0.01 11.025 11.824 0.001 11.823 11.771 0 11.769
0.042 0.004 0.046 0.016 0.002 0.018 11.22 0.009 11.226 11.69 0.002 11.69 11.611 0 11.609
0.04 0.00600000000000001 0.045 0.018 0 0.019 11.217 0.00899999999999999 11.223 11.942 0 11.939 11.903 0 11.901
0.043 0.004 0.046 0.017 0.001 0.019 11.42 0.016 11.432 12.152 0.001 12.15 12.09 0 12.088
0.044 0.00199999999999999 0.046 0.015 0.003 0.018 11.247 0.013 11.257 11.742 0.01 11.758 11.59 0 11.593
0.044 0.003 0.047 0.018 0 0.018 11.508 0.009 11.514 12.254 0 12.251 12.128 0 12.126
0.04 0.002 0.042 0.017 0.001 0.017 11.019 0.01 11.026 11.792 0 11.79 11.692 0 11.69
0.037 0.005 0.041 0.017 0.001 0.019 11.103 0.009 11.109 11.823 0 11.821 11.77 0 11.767
0.038 0.005 0.042 0.015 0.002 0.018 11.386 0.013 11.395 12.167 0 12.165 12.104 0 12.101
0.044 0.002 0.046 0.018 0.001 0.019 11.151 0.007 11.154 11.898 0.003 11.905 11.657 0 11.658
0.042 0.003 0.046 0.017 0.002 0.018 11.115 0.016 11.128 11.835 0 11.834 11.764 0 11.761
0.043 0.003 0.046 0.016 0.002 0.018 11.141 0.012 11.149 11.891 0 11.889 11.826 0 11.823
0.042 0.004 0.046 0.016 0.002 0.018 11.374 0.008 11.379 12.132 0 12.13 12.045 0 12.042
0.043 0.003 0.046 0.016 0.00199999999999999 0.019 11.131 0.012 11.139 11.853 0 11.852 11.824 0 11.821
0.043 0.003 0.046 0.018 0.001 0.019 11.914 0.005 11.916 12.621 0.004 12.622 12.562 0 12.558
0.042 0.003 0.046 0.017 0.00199999999999999 0.018 11.255 0.011 11.263 12.002 0.001 12.001 11.943 0 11.94
0.039 0.00600000000000001 0.045 0.018 0.001 0.019 11.14 0.014 11.15 11.865 0.003 11.867 11.813 0 11.811
0.045 0.001 0.046 0.018 0.001 0.019 11.334 0.011 11.341 12.081 0 12.079 11.995 0 11.993
0.043 0.003 0.045 0.016 0.002 0.019 11.423 0.007 11.426 12.134 0 12.133 12.085 0 12.082
0.045 0 0.046 0.016 0.002 0.018 11.34 0.00600000000000001 11.343 12.125 0 12.122 12.095 0 12.093
0.041 0.005 0.046 0.015 0.004 0.019 11.723 0.011 11.731 12.53 0 12.527 12.484 0 12.481
0.039 0.007 0.046 0.016 0.003 0.019 11.178 0.013 11.188 11.988 0.003 11.988 11.899 0 11.897
0.037 0.005 0.042 0.017 0 0.017 10.979 0.015 10.991 11.911 0 11.909 11.847 0 11.845
0.043 0.003 0.046 0.017 0.001 0.019 11.387 0.013 11.396 12.194 0 12.192 11.951 0 11.948
0.038 0.005 0.042 0.017 0.001 0.018 11.4 0.01 11.408 12.143 0 12.14 12.091 0 12.088
0.036 0.006 0.042 0.015 0.002 0.017 10.85 0.008 10.855 11.58 0 11.578 11.504 0 11.501
0.043 0.003 0.047 0.016 0.002 0.018 11.428 0.011 11.436 12.126 0 12.123 12.088 0 12.085
0.045 0.001 0.046 0.017 0.002 0.019 11.376 0.013 11.386 12.116 0 12.113 12.117 0 12.115
0.039 0.003 0.042 0.016 0.001 0.017 10.898 0.012 10.907 11.991 0 11.989 11.912 0 11.91
0.044 0.002 0.046 0.018 0.001 0.018 11.53 0.008 11.535 12.262 0 12.26 11.718 0 11.715
0.044 0.002 0.046 0.016 0.003 0.019 10.986 0.014 10.997 11.756 0 11.753 11.703 0 11.701
0.044 0.003 0.047 0.019 0 0.018 11.496 0.009 11.503 12.247 0 12.244 12.201 0 12.199
0.04 0.002 0.042 0.015 0.002 0.017 11.189 0.015 11.201 11.964 0 11.961 11.92 0 11.917
0.044 0.00199999999999999 0.046 0.017 0.001 0.019 11.38 0.012 11.388 12.13 0 12.127 12.086 0 12.083
0.041 0.004 0.045 0.018 0.001 0.019 11.155 0.014 11.166 11.988 0.001 11.986 11.95 0 11.948
0.045 0.000999999999999994 0.046 0.018 0.001 0.018 11.192 0.012 11.201 11.946 0 11.944 11.924 0 11.922
0.042 0.004 0.046 0.017 0.001 0.019 11.104 0.018 11.118 11.878 0 11.875 11.858 0 11.855
0.043 0.003 0.046 0.017 0.002 0.019 11.165 0.01 11.172 11.878 0 11.876 11.811 0 11.809
0.041 0.005 0.046 0.017 0.001 0.018 11.205 0.006 11.208 11.926 0 11.924 11.881 0 11.879
0.045 0.00199999999999999 0.047 0.017 0.001 0.018 11.111 0.006 11.114 11.835 0 11.833 11.794 0 11.791
0.041 0.005 0.046 0.017 0.001 0.019 11.52 0.011 11.528 12.294 0.001 12.292 12.189 0 12.186
0.042 0.003 0.045 0.018 0 0.018 11.011 0.014 11.022 11.77 0 11.768 11.693 0 11.69
0.045 0.00199999999999999 0.046 0.018 0 0.019 11.522 0.014 11.532 12.229 0 12.228 12.133 0 12.13
0.039 0.007 0.046 0.017 0.001 0.018 11.074 0.01 11.085 11.673 0 11.674 11.528 0 11.534
0.042 0.003 0.045 0.017 0.002 0.019 11.216 0.016 11.23 11.906 0 11.903 11.86 0 11.857
0.043 0.004 0.046 0.017 0.001 0.018 11.418 0.014 11.428 12.206 0 12.204 12.146 0 12.144
0.044 0.002 0.046 0.018 0 0.018 11.128 0.009 11.134 11.88 0 11.878 11.813 0 11.811
0.042 0.005 0.046 0.017 0.001 0.019 12.346 0.012 12.354 13.134 0 13.132 12.92 0.001 12.918
0.047 0.002 0.049 0.017 0.00199999999999999 0.018 11.44 0.009 11.445 12.141 0 12.14 12.076 0 12.074
0.04 0.001 0.042 0.018 0 0.017 10.963 0.011 10.971 11.999 0 11.997 11.964 0 11.961
0.042 0.003 0.046 0.019 0 0.018 11.196 0.008 11.201 11.946 0.001 11.944 11.771 0 11.769
0.039 0.003 0.042 0.017 0 0.017 10.927 0.007 10.93 11.759 0 11.757 11.946 0 11.944
