0.05 0 0.05 0.023 0 0.023 13.162 0.004 13.163 14.094 0.006 14.097 14.07 0 14.066
0.048 0.003 0.05 0.021 0.002 0.024 12.999 0.006 13.002 14.032 0.01 14.039 13.985 0 13.982
0.046 0 0.046 0.021 0.00199999999999999 0.023 12.121 0.004 12.122 13.549 0.005 13.551 13.855 0 13.853
0.046 0 0.047 0.019 0.004 0.023 13.215 0.005 13.217 14.218 0.009 14.224 14.128 0 14.124
0.051 0 0.051 0.018 0.005 0.023 13.305 0.005 13.307 14.249 0.005 14.251 14.162 0 14.157
0.053 0 0.052 0.02 0.003 0.023 13.119 0.016 13.132 14.155 0.001 14.153 14.071 0 14.068
0.048 0.002 0.05 0.022 0.00199999999999999 0.023 13.159 0.004 13.16 14.116 0.005 14.119 14.013 0.001 14.011
0.051 0 0.051 0.019 0.005 0.023 13.275 0.003 13.277 14.271 0.006 14.273 14.085 0 14.081
0.049 0.002 0.051 0.018 0.005 0.023 13.141 0.004 13.143 14.189 0.005 14.191 14.13 0 14.126
0.049 0.003 0.052 0.021 0.00199999999999999 0.023 13.259 0.007 13.263 14.202 0.00600000000000001 14.205 14.17 0 14.167
0.051 0.002 0.053 0.02 0.003 0.023 13.36 0.008 13.365 14.277 0.00199999999999999 14.275 14.218 0 14.213
0.05 0 0.05 0.021 0.00199999999999999 0.023 13.086 0.00600000000000001 13.088 14.069 0.008 14.075 13.989 0.004 13.989
0.052 0 0.053 0.02 0.003 0.023 13.59 0.00800000000000001 13.595 14.514 0.007 14.517 14.405 0 14.401
0.047 0.004 0.052 0.021 0.003 0.023 13.41 0.006 13.413 14.458 0.01 14.466 14.312 0 14.307
0.051 0 0.051 0.021 0.003 0.024 13.221 0.009 13.227 13.802 0.001 13.8 13.7 0 13.697
0.049 0.002 0.05 0.021 0.002 0.024 13.078 0.01 13.086 14.141 0.005 14.143 14.009 0.001 14.005
0.049 0.002 0.051 0.018 0.005 0.024 13.17 0.005 13.173 14.175 0.006 14.176 14.083 0 14.081
0.049 0.002 0.05 0.019 0.004 0.024 13.074 0.00600000000000001 13.077 14.158 0.00600000000000001 14.161 14.069 0.000999999999999987 14.067
0.048 0.002 0.051 0.02 0.003 0.023 13.346 0.007 13.349 14.293 0.003 14.294 14.224 0 14.22
0.048 0.002 0.05 0.02 0.003 0.023 12.671 0.004 12.672 13.661 0.002 13.661 13.601 0 13.598
0.048 0.002 0.051 0.023 0.000999999999999994 0.023 12.529 0.004 12.53 13.474 0.007 13.479 13.382 0.002 13.381
0.05 0.001 0.05 0.02 0.003 0.024 13.137 0.008 13.141 14.089 0.004 14.091 13.952 0.001 13.95
0.051 0.001 0.051 0.018 0.006 0.023 13.541 0.004 13.544 14.453 0.005 14.455 14.375 0 14.371
0.049 0.00199999999999999 0.051 0.019 0.004 0.023 13.307 0.009 13.314 14.222 0.005 14.223 14.164 0 14.161
0.051 0 0.051 0.022 0.002 0.024 13.216 0.016 13.23 14.275 0 14.271 14.161 0 14.158
0.044 0.00199999999999999 0.046 0.019 0.003 0.022 12.167 0.004 12.167 13.56 0.00700000000000001 13.564 13.49 0 13.488
0.05 0 0.05 0.022 0.002 0.023 13.232 0.007 13.237 14.179 0.01 14.186 14.099 0 14.096
0.047 0 0.047 0.019 0.003 0.023 13.057 0.004 13.057 14.163 0.005 14.165 13.946 0.001 13.943
0.048 0.002 0.05 0.018 0.005 0.023 12.83 0.005 12.832 13.971 0.005 13.974 13.935 0 13.931
0.045 0.002 0.046 0.018 0.004 0.023 12.229 0.004 12.23 13.614 0.003 13.613 13.53 0.000999999999999994 13.529
0.049 0.001 0.05 0.019 0.005 0.023 12.832 0.01 12.841 13.943 0.001 13.941 13.864 0 13.861
0.046 0.004 0.05 0.021 0.003 0.024 12.99 0.019 13.006 14.109 0 14.106 14.106 0 14.103
0.049 0.001 0.05 0.021 0.003 0.024 13.126 0.00199999999999999 13.125 14.166 0.00700000000000001 14.17 14.081 0 14.078
0.05 0.001 0.05 0.021 0.002 0.024 13.129 0.009 13.135 14.112 0.00700000000000001 14.116 14.104 0 14.101
0.044 0.002 0.046 0.02 0.003 0.022 12.073 0.007 12.078 13.516 0.004 13.516 13.374 0.002 13.373
0.048 0.002 0.049 0.019 0.004 0.024 13.072 0.007 13.076 14.15 0 14.146 14.037 0.001 14.036
0.05 0.001 0.051 0.017 0.006 0.023 13.44 0.007 13.443 14.405 0.004 14.407 14.288 0 14.285
0.049 0.002 0.051 0.02 0.003 0.023 13.203 0.009 13.208 14.242 0.00600000000000001 14.245 14.164 0 14.162
0.05 0.000999999999999997 0.05 0.02 0.003 0.023 13.382 0.004 13.384 14.353 0.005 14.354 14.314 0.001 14.312
0.049 0.001 0.05 0.019 0.004 0.023 13.195 0.008 13.2 14.202 0.008 14.207 14.065 0 14.062
0.043 0.003 0.046 0.02 0.003 0.022 13.176 0.005 13.179 14.199 0.003 14.198 14.148 0 14.145
0.047 0.003 0.049 0.022 0.001 0.023 13.125 0.005 13.128 14.175 0.007 14.178 14.135 0 14.131
0.044 0.00199999999999999 0.046 0.018 0.004 0.023 12.646 0.003 12.645 13.993 0.004 13.994 13.927 0.002 13.927
0.051 0.002 0.052 0.022 0 0.023 13.159 0.014 13.17 14.175 0.001 14.173 14.066 0 14.063
0.054 0 0.054 0.019 0.004 0.023 13.441 0.006 13.444 14.396 0.004 14.397 14.247 0 14.244
0.049 0.002 0.051 0.022 0.001 0.024 13.222 0.004 13.223 14.307 0.003 14.307 14.201 0 14.198
0.048 0.003 0.051 0.021 0.003 0.023 13.149 0.005 13.153 14.235 0.004 14.234 14.117 0.001 14.116
0.05 0.002 0.052 0.02 0.003 0.023 13.141 0.012 13.152 14.145 0.005 14.145 14.055 0 14.052
0.051 0 0.051 0.022 0.001 0.023 13.137 0.004 13.138 14.135 0.007 14.139 14.054 0 14.051
0.044 0.002 0.047 0.021 0.00199999999999999 0.022 12.139 0.005 12.141 13.546 0.005 13.549 13.446 0 13.443
0.05 0.003 0.053 0.02 0.003 0.023 13.176 0.008 13.182 14.135 0.008 14.139 14.019 0 14.015
0.05 0 0.05 0.023 0.001 0.023 13.225 0.004 13.227 14.184 0.007 14.188 14.028 0 14.025
0.05 0.001 0.05 0.019 0.004 0.023 13.266 0.004 13.268 14.284 0.008 14.288 14.14 0.001 14.137
0.049 0.002 0.05 0.018 0.005 0.024 13.327 0.001 13.325 14.23 0.002 14.229 14.135 0.001 14.132
0.049 0.002 0.051 0.02 0.003 0.023 13.325 0.005 13.327 14.225 0.004 14.226 14.17 0.000999999999999994 14.167
0.053 0 0.053 0.018 0.006 0.023 13.371 0.00700000000000001 13.377 14.338 0.004 14.339 14.256 0 14.251
0.05 0 0.051 0.021 0.003 0.023 13.421 0.005 13.424 14.345 0.008 14.35 14.329 0 14.326
0.049 0.002 0.051 0.02 0.003 0.023 13.062 0.008 13.068 14.1 0 14.097 13.957 0 13.953
0.049 0.001 0.05 0.02 0.004 0.023 13.222 0.00700000000000001 13.227 14.151 0.004 14.151 14.092 0 14.09
0.041 0.004 0.045 0.02 0.003 0.022 12.259 0.003 12.259 13.651 0.008 13.656 13.605 0 13.603
0.045 0.002 0.048 0.019 0.004 0.022 13.139 0.003 13.139 14.269 0.004 14.27 14.097 0 14.094
0.051 0 0.05 0.021 0.00199999999999999 0.024 13.196 0.008 13.2 14.272 0.005 14.275 14.136 0 14.132
0.045 0.002 0.047 0.02 0.003 0.023 12.27 0.007 12.274 13.631 0.004 13.632 13.571 0 13.569
0.046 0.001 0.047 0.018 0.005 0.023 12.988 0.007 12.993 13.971 0.007 13.974 13.957 0 13.954
0.048 0.002 0.051 0.022 0.002 0.023 12.91 0.012 12.921 14.117 0.003 14.116 14.073 0 14.07
0.044 0.002 0.045 0.019 0.003 0.023 12.231 0.003 12.23 13.58 0.004 13.581 13.514 0 13.512
0.05 0.001 0.05 0.02 0.003 0.024 13.29 0.005 13.292 14.295 0.00600000000000001 14.298 14.248 0 14.243
0.05 0.001 0.051 0.02 0.003 0.023 13.351 0.005 13.353 14.345 0.005 14.347 14.253 0 14.25
0.05 0.001 0.05 0.019 0.004 0.023 13.241 0.013 13.257 14.003 0.00199999999999999 14.003 13.813 0 13.817
0.05 0 0.05 0.02 0.003 0.023 13.191 0.004 13.192 14.168 0.004 14.169 14.032 0.001 14.03
0.045 0.001 0.047 0.022 0.000999999999999994 0.022 13.168 0.007 13.174 14.184 0.001 14.182 14.102 0 14.103
0.045 0.002 0.046 0.017 0.005 0.023 12.146 0.00199999999999999 12.143 13.509 0.004 13.511 13.479 0.001 13.478
0.051 0 0.051 0.021 0.002 0.024 13.573 0.005 13.574 14.575 0.002 14.574 14.48 0 14.477
0.05 0.001 0.051 0.017 0.006 0.023 13.268 0.004 13.269 14.191 0.005 14.193 14.081 0 14.077
0.048 0.003 0.05 0.018 0.004 0.024 13.097 0.016 13.118 14.16 0.00299999999999999 14.166 14.011 0.004 14.018
0.045 0.002 0.047 0.022 0.00199999999999999 0.023 13.355 0.013 13.366 14.302 0.003 14.302 14.269 0 14.264
0.044 0.002 0.046 0.017 0.005 0.023 12.475 0.018 12.49 13.78 0 13.778 14.166 0.002 14.163
0.052 0.000999999999999994 0.053 0.021 0.002 0.023 13.155 0.01 13.163 14.28 0.001 14.277 14.124 0 14.121
0.05 0 0.051 0.02 0.003 0.023 13.185 0.003 13.184 14.151 0.004 14.153 14.042 0 14.038
0.05 0.001 0.051 0.02 0.003 0.023 11.918 0.00600000000000001 11.928 13.113 0.00899999999999999 13.129 12.986 0 12.988
0.049 0.001 0.051 0.021 0.003 0.023 13.088 0.002 13.087 14.154 0.004 14.155 14.06 0.001 14.058
0.049 0.000999999999999994 0.051 0.018 0.005 0.023 12.997 0.007 13 14.019 0.005 14.022 13.965 0 13.961
0.048 0.002 0.05 0.02 0.003 0.023 13.269 0.007 13.273 14.208 0.007 14.212 14.136 0 14.133
0.05 0.000999999999999994 0.051 0.021 0.002 0.024 13.426 0.001 13.423 14.335 0.007 14.34 14.313 0 14.308
0.048 0.004 0.052 0.014 0.00899999999999999 0.023 13.246 0.005 13.25 14.182 0.003 14.18 14.095 0 14.092
0.052 0.002 0.054 0.022 0.001 0.023 13.23 0.006 13.234 14.149 0.007 14.152 14.074 0.001 14.071
0.052 0.002 0.054 0.021 0.002 0.023 13.245 0.007 13.249 14.16 0.002 14.159 14.077 0 14.074
0.051 0.001 0.053 0.02 0.003 0.023 13.277 0.007 13.28 14.171 0.004 14.172 14.118 0 14.115
0.048 0 0.048 0.02 0.002 0.022 13.102 0.005 13.106 14.067 0.009 14.072 14.006 0 14.004
0.05 0.001 0.051 0.021 0.00199999999999999 0.023 13.197 0.008 13.203 14.26 0 14.257 14.18 0 14.176
0.051 0.001 0.052 0.021 0.00199999999999999 0.024 13.274 0.009 13.281 14.205 0.006 14.208 14.17 0 14.166
0.049 0.001 0.051 0.02 0.003 0.023 13.333 0.004 13.333 14.28 0.005 14.283 14.16 0.001 14.157
0.044 0.00199999999999999 0.046 0.017 0.005 0.022 12.225 0.008 12.229 13.575 0.009 13.58 13.484 0 13.482
0.049 0.00199999999999999 0.05 0.019 0.004 0.024 13.162 0.005 13.164 14.238 0.012 14.246 14.252 0 14.249
0.05 0 0.05 0.021 0.002 0.023 13.168 0.00899999999999999 13.173 14.185 0.001 14.182 14.093 0 14.09
0.047 0 0.046 0.021 0.00199999999999999 0.023 12.279 0.009 12.284 13.648 0.009 13.655 13.589 0 13.587
0.049 0.00199999999999999 0.051 0.021 0.002 0.023 12.913 0.004 12.915 14.035 0.005 14.038 13.92 0.001 13.918
0.049 0.002 0.051 0.024 0 0.024 13.15 0.011 13.158 14.207 0.00800000000000001 14.216 13.922 0 13.923
0.05 0.001 0.051 0.019 0.004 0.023 13.227 0.003 13.226 13.807 0.009 13.813 13.736 0 13.733
0.049 0.002 0.051 0.02 0.004 0.024 14.109 0.004 14.11 15.058 0.005 15.061 15.081 0 15.076
0.049 0.002 0.051 0.021 0.00199999999999999 0.023 13.174 0.017 13.189 14.24 0 14.236 14.139 0 14.136
0.046 0 0.046 0.022 0.000999999999999994 0.023 12.677 0.005 12.678 14.038 0.006 14.043 13.979 0 13.975
0.051 0 0.051 0.018 0.005 0.023 12.951 0.00600000000000001 12.955 13.889 0.004 13.889 13.57 0 13.567
0.042 0.004 0.046 0.018 0.005 0.022 12.098 0.003 12.098 13.575 0.003 13.575 13.816 0 13.814
0.051 0.000999999999999994 0.052 0.022 0.001 0.023 13.402 0.00600000000000001 13.406 14.401 0.003 14.401 14.372 0 14.368
0.046 0.002 0.047 0.022 0.001 0.023 12.646 0.005 12.648 14.115 0.005 14.117 14.037 0 14.034
0.049 0.002 0.05 0.021 0.002 0.024 13.073 0.007 13.076 14.066 0.005 14.069 13.994 0 13.99
0.047 0 0.046 0.02 0.002 0.023 12.138 0.004 12.138 13.475 0.005 13.478 13.44 0 13.436
0.051 0.001 0.051 0.019 0.005 0.025 13.184 0.005 13.186 13.959 0.007 13.963 13.913 0 13.909
0.047 0.003 0.05 0.02 0.004 0.024 13.123 0.006 13.127 14.08 0.006 14.082 14.002 0 13.999
0.048 0.002 0.05 0.021 0.00199999999999999 0.024 13.024 0.00700000000000001 13.028 14.073 0.006 14.076 13.956 0.001 13.953
0.05 0 0.051 0.018 0.005 0.023 13.198 0.004 13.199 14.175 0.006 14.178 14.114 0 14.111
0.045 0.000999999999999994 0.046 0.019 0.004 0.023 12.253 0.003 12.253 13.595 0.006 13.598 13.57 0 13.567
0.051 0 0.052 0.019 0.005 0.024 13.079 0.006 13.083 13.836 0.007 13.84 13.752 0 13.749
0.05 0.001 0.051 0.02 0.003 0.023 13.313 0.005 13.316 14.266 0.004 14.266 14.158 0 14.155
0.048 0.003 0.051 0.02 0.003 0.023 12.873 0.007 12.877 13.691 0.001 13.689 13.595 0 13.593
0.049 0.002 0.052 0.021 0.003 0.023 13.392 0.005 13.395 14.442 0.004 14.441 14.365 0 14.362
0.052 0.001 0.053 0.019 0.004 0.023 13.308 0.006 13.311 14.373 0.009 14.379 14.314 0 14.31
0.054 0 0.054 0.021 0.003 0.023 13.576 0.012 13.586 14.531 0 14.528 14.469 0 14.466
0.048 0.002 0.051 0.022 0.002 0.023 13.404 0.007 13.41 14.448 0 14.444 14.344 0 14.34
0.052 0.001 0.053 0.02 0.003 0.023 13.297 0.007 13.302 14.279 0.006 14.282 14.165 0 14.161
0.049 0.002 0.052 0.019 0.005 0.023 14.922 0.003 14.922 15.85 0.004 15.85 15.528 0 15.525
0.045 0.000999999999999994 0.045 0.02 0.002 0.023 12.236 0.004 12.237 13.667 0.006 13.67 13.555 0 13.552
0.05 0.002 0.051 0.021 0.00199999999999999 0.024 13.456 0.00600000000000001 13.459 14.494 0 14.49 14.376 0 14.372
0.049 0.004 0.053 0.02 0.003 0.023 13.167 0.015 13.179 14.207 0 14.204 14.122 0 14.12
0.049 0.001 0.051 0.02 0.003 0.023 12.896 0.00900000000000001 12.902 13.935 0.00599999999999999 13.938 13.914 0.002 13.913
0.049 0.001 0.05 0.022 0.000999999999999994 0.024 13.027 0.003 13.027 14.073 0.003 14.073 13.922 0 13.918
0.046 0 0.046 0.021 0.002 0.023 13.642 0.004 13.643 14.729 0.005 14.732 14.656 0 14.651
0.043 0.003 0.046 0.019 0.003 0.023 12.094 0.005 12.095 13.519 0.005 13.52 13.426 0 13.423
0.046 0.001 0.047 0.02 0.003 0.023 13.15 0.005 13.152 14.12 0.00700000000000001 14.124 14.134 0 14.131
0.05 0.001 0.051 0.02 0.003 0.023 13.056 0.01 13.064 14.025 0 14.021 14.075 0 14.072
0.043 0.004 0.046 0.02 0.002 0.023 12.503 0.006 12.505 13.878 0.005 13.88 13.82 0 13.817
0.048 0.002 0.05 0.02 0.003 0.023 13.119 0.005 13.121 14.141 0.005 14.142 14.098 0.001 14.097
0.05 0.001 0.051 0.022 0.001 0.024 13.236 0.005 13.238 14.148 0.007 14.151 14.136 0 14.134
0.051 0.001 0.052 0.019 0.005 0.023 13.332 0.011 13.342 14.285 0.001 14.282 14.129 0 14.126
0.045 0.001 0.045 0.02 0.004 0.024 11.939 0.00600000000000001 11.942 13.373 0.005 13.376 13.577 0 13.574
0.048 0.002 0.05 0.02 0.004 0.024 13.419 0.003 13.419 14.374 0.005 14.376 14.28 0 14.277
0.049 0.000999999999999994 0.05 0.02 0.003 0.023 13.232 0.011 13.24 14.288 0.003 14.288 14.154 0 14.151
0.05 0.001 0.05 0.022 0.000999999999999994 0.024 13.331 0.007 13.335 14.3 0 14.297 14.157 0 14.153
0.05 0 0.051 0.021 0.00199999999999999 0.023 13.19 0.00700000000000001 13.194 14.167 0.00899999999999999 14.172 14.095 0 14.092
0.049 0.002 0.051 0.022 0.001 0.023 13.224 0.006 13.227 14.211 0.004 14.212 14.145 0 14.142
0.044 0.00199999999999999 0.046 0.02 0.003 0.023 12.252 0.008 12.256 13.55 0.004 13.551 13.53 0 13.528
0.05 0 0.05 0.021 0.003 0.024 13.18 0.012 13.19 14.109 0.004 14.11 13.855 0 13.86
0.05 0.001 0.051 0.021 0.003 0.023 13.328 0.004 13.33 14.255 0.003 14.254 14.179 0 14.177
0.045 0.001 0.046 0.019 0.003 0.022 13.06 0.006 13.063 14.143 0.01 14.15 14.115 0 14.112
0.051 0 0.05 0.02 0.003 0.024 13.154 0.006 13.157 14.205 0.004 14.205 14.177 0 14.173
0.043 0.002 0.046 0.021 0.00199999999999999 0.022 12.371 0.014 12.382 13.622 0.003 13.622 14.016 0 14.014
0.052 0.001 0.053 0.021 0.00199999999999999 0.023 13.184 0.00600000000000001 13.187 14.127 0.01 14.134 14.07 0 14.067
0.05 0.001 0.05 0.016 0.00700000000000001 0.023 12.949 0.006 12.953 13.891 0.004 13.892 13.838 0 13.835
0.049 0.001 0.05 0.019 0.005 0.023 12.769 0.012 12.779 13.629 0 13.626 13.547 0 13.544
0.05 0 0.05 0.019 0.00600000000000001 0.024 12.964 0.003 12.965 13.828 0.007 13.831 13.789 0 13.787
0.049 0.002 0.051 0.02 0.004 0.023 13.345 0.00800000000000001 13.35 14.388 0.00799999999999999 14.394 14.316 0.001 14.312
0.053 0 0.053 0.021 0.002 0.023 13.225 0.008 13.229 14.187 0.006 14.191 14.128 0 14.124
0.053 0 0.053 0.018 0.00600000000000001 0.024 13.481 0.00799999999999999 13.486 14.463 0.00800000000000001 14.468 14.332 0 14.327
0.05 0 0.051 0.021 0.003 0.023 13.171 0.004 13.173 14.171 0.005 14.172 14.096 0 14.094
0.05 0.001 0.051 0.022 0.002 0.024 13.256 0.005 13.259 14.194 0.01 14.201 14.149 0 14.145
0.052 0.001 0.053 0.022 0.002 0.023 13.133 0.008 13.138 14.239 0 14.236 14.138 0.004 14.14
0.053 0 0.053 0.021 0.003 0.023 13.227 0.009 13.233 14.303 0.00599999999999999 14.307 14.233 0 14.23
0.044 0.00199999999999999 0.046 0.018 0.004 0.023 12.524 0.008 12.529 13.828 0 13.824 13.724 0 13.721
0.049 0.002 0.051 0.022 0.002 0.024 13.396 0.004 13.397 14.327 0.007 14.33 14.3 0.001 14.298
0.052 0 0.052 0.021 0.003 0.024 13.088 0.005 13.091 14.083 0.009 14.089 14.03 0 14.025
0.049 0.001 0.05 0.02 0.003 0.023 13.192 0.01 13.2 14.168 0.00199999999999999 14.167 14.095 0 14.091
0.046 0.001 0.047 0.022 0 0.023 13.131 0.006 13.135 14.23 0.008 14.233 14.01 0 14.007
0.048 0.003 0.051 0.021 0.002 0.023 13 0.011 13.008 14.255 0 14.252 14.165 0 14.161
0.05 0.001 0.051 0.019 0.005 0.023 13.317 0.00899999999999999 13.324 14.427 0 14.422 14.321 0 14.319
0.046 0.001 0.046 0.019 0.003 0.023 12.571 0.007 12.574 13.941 0.009 13.947 13.862 0 13.859
0.045 0.00199999999999999 0.046 0.018 0.004 0.023 12.913 0.008 12.923 13.923 0.003 13.924 13.714 0 13.717
0.05 0.001 0.051 0.02 0.003 0.023 13.03 0.004 13.031 13.649 0.004 13.649 13.572 0 13.57
0.047 0.004 0.051 0.022 0.001 0.023 13.262 0.014 13.273 14.344 0.000999999999999994 14.342 14.246 0 14.241
0.046 0 0.047 0.021 0.002 0.022 12.958 0.006 12.961 14.231 0.008 14.236 14.214 0.001 14.212
0.05 0.001 0.05 0.019 0.004 0.024 13.231 0.012 13.241 14.266 0.002 14.264 13.986 0 13.983
0.044 0.00199999999999999 0.045 0.019 0.003 0.023 12.264 0.016 12.276 13.602 0 13.6 13.932 0 13.929
0.051 0 0.051 0.018 0.005 0.023 13.1 0.00600000000000001 13.103 14.141 0.007 14.145 14.056 0 14.053
0.05 0 0.051 0.02 0.004 0.023 12.399 0.003 12.398 13.695 0.004 13.697 13.605 0 13.602
0.052 0 0.051 0.022 0.000999999999999994 0.024 13.436 0.00600000000000001 13.439 14.369 0.005 14.37 14.253 0.001 14.251
0.049 0.001 0.05 0.021 0.002 0.023 13.081 0.005 13.084 14.155 0.002 14.153 14.022 0 14.019
0.046 0.004 0.05 0.021 0.002 0.024 13.31 0.012 13.322 14.313 0.004 14.314 14.26 0 14.256
0.045 0.001 0.046 0.019 0.004 0.023 12.795 0.013 12.804 14.005 0.001 14.003 13.838 0 13.836
0.05 0.001 0.05 0.022 0.002 0.024 13.451 0.004 13.453 14.494 0.002 14.492 14.469 0 14.466
0.046 0 0.046 0.021 0.002 0.023 12.25 0.007 12.253 13.627 0.004 13.628 13.656 0.000999999999999994 13.655
0.049 0.001 0.051 0.022 0.002 0.024 13.366 0.008 13.371 14.363 0.002 14.362 14.297 0 14.293
0.051 0 0.051 0.019 0.004 0.023 13.129 0.008 13.134 14.115 0.004 14.116 13.991 0 13.988
0.05 0.001 0.051 0.02 0.003 0.024 12.886 0.006 12.89 13.709 0.002 13.708 13.568 0 13.566
0.049 0.002 0.051 0.021 0.00199999999999999 0.023 13.147 0.011 13.155 14.215 0.001 14.213 14.158 0 14.155
0.043 0.003 0.047 0.022 0.001 0.0219999999999999 11.99 0.001 11.988 13.35 0.006 13.353 13.299 0 13.295
0.05 0 0.05 0.02 0.003 0.023 13.038 0.005 13.04 14.043 0.008 14.048 13.993 0 13.989
0.053 0.001 0.053 0.018 0.005 0.024 13.459 0.006 13.462 14.349 0.003 14.347 14.21 0 14.207
0.05 0.003 0.052 0.017 0.006 0.024 13.17 0.006 13.172 14.095 0.005 14.097 14.04 0 14.037
0.049 0.003 0.052 0.017 0.006 0.023 13.735 0.003 13.736 14.73 0.004 14.73 14.537 0.001 14.534
0.05 0.001 0.05 0.021 0.002 0.023 13.102 0.013 13.112 14.008 0.003 14.008 13.937 0 13.934
0.05 0 0.05 0.022 0.00199999999999999 0.024 13.493 0.003 13.493 14.384 0.004 14.385 14.281 0 14.278
0.049 0.002 0.051 0.019 0.004 0.023 13.303 0.005 13.305 14.188 0.005 14.19 14.169 0 14.166
0.045 0.001 0.045 0.022 0.001 0.023 12.32 0.004 12.321 13.673 0.005 13.676 13.598 0 13.595
0.044 0.002 0.046 0.02 0.00199999999999999 0.022 12.66 0.011 12.667 13.936 0.003 13.937 13.857 0.00199999999999999 13.856
0.049 0.00199999999999999 0.051 0.021 0.002 0.023 13.255 0.008 13.259 14.232 0.005 14.233 14.186 0 14.184
0.048 0.003 0.051 0.017 0.005 0.023 13.104 0.008 13.109 14.15 0 14.146 14.003 0 14
0.05 0 0.05 0.022 0.001 0.024 13.476 0.003 13.476 14.433 0.003 14.432 14.307 0 14.304
0.05 0.001 0.05 0.021 0.002 0.023 12.779 0.01 12.786 13.917 0.00199999999999999 13.916 13.876 0 13.873
0.047 0.003 0.05 0.021 0.002 0.023 12.839 0.004 12.84 14.032 0.004 14.033 13.863 0 13.86
0.045 0.001 0.046 0.019 0.004 0.023 13.035 0.006 13.039 14.055 0.007 14.058 14.012 0.001 14.01
0.043 0.003 0.046 0.02 0.003 0.023 12.356 0.011 12.364 13.727 0 13.725 13.641 0 13.639
0.046 0 0.046 0.018 0.005 0.023 12.976 0.009 12.984 14.056 0.004 14.055 13.948 0.001 13.947
0.049 0.002 0.051 0.02 0.003 0.023 12.394 0.004 12.395 13.673 0.005 13.676 13.594 0.001 13.592
0.048 0.002 0.05 0.02 0.003 0.023 13.134 0.00600000000000001 13.137 14.125 0.005 14.127 14.023 0 14.02
0.049 0.002 0.052 0.02 0.004 0.024 13.394 0.005 13.395 14.439 0.005 14.441 14.282 0 14.28
0.046 0 0.046 0.022 0.001 0.023 12.395 0.011 12.402 13.677 0.002 13.677 13.876 0 13.873
0.052 0.003 0.054 0.021 0.003 0.025 13.132 0.005 13.134 14.151 0.003 14.15 14.046 0 14.043
0.049 0.002 0.051 0.022 0.002 0.024 13.289 0.005 13.291 14.261 0.008 14.265 14.116 0.001 14.115
0.046 0 0.047 0.019 0.004 0.022 12.336 0.007 12.341 13.673 0.009 13.68 13.95 0.001 13.947
0.049 0.000999999999999994 0.051 0.018 0.005 0.023 13.108 0.005 13.11 14.074 0.006 14.077 13.985 0 13.982
0.044 0.001 0.045 0.019 0.003 0.023 12.051 0.01 12.056 13.464 0.007 13.469 13.558 0 13.555
0.051 0 0.05 0.021 0.003 0.024 13.128 0.005 13.131 14.132 0.005 14.134 14.057 0 14.053
0.052 0.000999999999999994 0.053 0.021 0.002 0.023 13.201 0.005 13.203 14.137 0.00700000000000001 14.141 14.075 0 14.072
0.053 0 0.053 0.018 0.006 0.024 13.431 0.006 13.434 14.408 0.003 14.407 14.258 0 14.255
0.051 0 0.051 0.022 0.001 0.023 13.271 0.011 13.279 14.358 0.00199999999999999 14.357 14.306 0 14.304
0.048 0.00199999999999999 0.05 0.02 0.003 0.023 12.998 0.006 13.001 13.979 0.005 13.981 13.989 0 13.987
0.05 0 0.051 0.02 0.004 0.023 13.195 0.004 13.197 14.257 0.009 14.263 14.189 0 14.185
0.045 0.001 0.046 0.02 0.002 0.023 12.12 0.008 12.124 13.534 0.001 13.532 13.989 0 13.986
0.052 0.001 0.053 0.022 0.001 0.023 13.398 0.017 13.412 14.415 0.00199999999999999 14.413 14.356 0 14.354
0.051 0 0.051 0.022 0.002 0.024 13.372 0.006 13.375 14.387 0.00600000000000001 14.39 14.305 0 14.302
0.047 0.003 0.05 0.019 0.004 0.023 12.626 0.009 12.631 13.532 0.007 13.537 13.477 0.001 13.475
0.047 0.003 0.05 0.022 0.001 0.023 13.076 0.011 13.083 14.159 0 14.156 14.054 0.002 14.053
0.05 0 0.05 0.02 0.004 0.023 12.567 0.005 12.569 13.563 0.006 13.566 13.429 0.001 13.428
0.049 0.002 0.051 0.022 0.002 0.024 13.411 0.012 13.421 14.494 0.001 14.491 14.456 0 14.454
0.04 0.005 0.045 0.02 0.003 0.023 12.277 0.011 12.284 13.632 0.003 13.632 13.541 0.002 13.541
0.051 0.002 0.053 0.018 0.005 0.023 13.377 0.004 13.378 14.299 0.003 14.298 14.192 0 14.19
0.049 0.001 0.051 0.022 0.002 0.023 13.158 0.007 13.163 14.129 0.005 14.13 14.048 0 14.046
0.049 0.002 0.051 0.018 0.005 0.023 13.104 0.011 13.112 14.126 0.002 14.125 14.062 0 14.059
0.051 0.001 0.052 0.019 0.004 0.023 13.124 0.00600000000000001 13.127 14.133 0.005 14.135 14.107 0.001 14.105
0.048 0.003 0.052 0.021 0.002 0.023 13.484 0.006 13.486 14.396 0.00600000000000001 14.399 14.269 0 14.266
0.05 0.001 0.05 0.018 0.005 0.023 13.146 0.011 13.154 14.078 0.001 14.077 14.037 0 14.034
0.051 0 0.05 0.022 0.001 0.023 12.445 0.014 12.455 13.728 0 13.727 13.609 0 13.606
0.044 0.002 0.046 0.018 0.005 0.022 12.321 0.012 12.33 13.642 0.00899999999999999 13.648 13.568 0 13.566
0.05 0 0.051 0.019 0.005 0.023 13.256 0.006 13.26 14.151 0.002 14.149 14.101 0 14.098
0.049 0.001 0.051 0.021 0.003 0.023 13.576 0.004 13.577 14.488 0.004 14.49 14.398 0 14.394
0.051 0 0.051 0.021 0.00199999999999999 0.023 13.277 0.00600000000000001 13.279 14.243 0.004 14.245 14.215 0 14.212
0.05 0 0.05 0.02 0.003 0.024 12.985 0.006 12.987 14.012 0.007 14.017 13.912 0 13.908
0.051 0.001 0.051 0.017 0.006 0.023 13.103 0.003 13.103 14.416 0.004 14.417 14.29 0 14.287
0.048 0.003 0.051 0.02 0.003 0.023 12.967 0.003 12.968 14.018 0.008 14.022 13.975 0 13.972
0.044 0.002 0.046 0.023 0 0.023 12.288 0.007 12.291 13.668 0.009 13.674 13.621 0.001 13.62
0.053 0 0.053 0.019 0.004 0.023 13.365 0.005 13.368 14.43 0.003 14.429 14.377 0 14.374
0.045 0.006 0.051 0.019 0.004 0.024 12.979 0.00600000000000001 12.981 13.519 0.003 13.52 13.431 0 13.427
0.044 0.002 0.046 0.02 0.003 0.023 12.835 0.005 12.837 14.147 0.005 14.149 14.076 0 14.073
0.05 0.002 0.051 0.022 0.001 0.024 13.277 0.005 13.279 14.283 0.006 14.286 13.92 0 13.916
0.046 0 0.045 0.019 0.003 0.023 12.131 0.006 12.134 13.477 0.007 13.481 13.785 0 13.783
0.048 0.003 0.051 0.022 0.000999999999999994 0.023 13.412 0.002 13.411 14.511 0.008 14.516 14.413 0 14.41
0.046 0 0.047 0.023 0 0.023 13.104 0.008 13.109 14.436 0.007 14.44 14.388 0 14.385
0.048 0.003 0.051 0.02 0.003 0.023 13.401 0.009 13.407 14.509 0 14.506 14.209 0 14.206
0.046 0 0.045 0.02 0.003 0.023 12.166 0.003 12.166 13.55 0.006 13.554 13.917 0 13.914
0.046 0 0.046 0.022 0.001 0.022 12.405 0.002 12.404 13.747 0.007 13.753 13.714 0 13.711
0.049 0.002 0.051 0.021 0.002 0.024 13.063 0.00899999999999999 13.069 14.09 0.003 14.09 13.987 0.001 13.985
0.046 0.001 0.047 0.021 0.002 0.023 13.537 0.006 13.539 15.057 0.004 15.059 14.846 0 14.847
0.05 0.001 0.051 0.021 0.003 0.024 13.181 0.00199999999999999 13.18 14.133 0.00800000000000001 14.137 14.044 0 14.042
0.051 0.003 0.053 0.022 0.001 0.024 13.132 0.007 13.135 14.129 0.004 14.131 14.02 0 14.016
0.046 0.005 0.05 0.02 0.003 0.024 13.264 0.013 13.273 14.284 0.001 14.282 14.225 0 14.221
0.047 0 0.047 0.016 0.006 0.022 12.852 0.005 12.855 14.045 0.007 14.048 13.981 0 13.978
0.05 0.000999999999999994 0.05 0.019 0.004 0.023 13.236 0.012 13.245 14.226 0.002 14.226 14.164 0 14.16
0.044 0.002 0.046 0.02 0.002 0.023 12.237 0.006 12.239 13.644 0.003 13.643 13.627 0 13.625
0.043 0.003 0.046 0.021 0.001 0.023 12.832 0.009 12.839 14.305 0.001 14.302 14.164 0 14.161
0.051 0 0.051 0.02 0.003 0.023 13.311 0.004 13.313 14.292 0.001 14.289 13.997 0 13.994
0.049 0.001 0.05 0.022 0.001 0.023 12.826 0.006 12.828 13.542 0.00600000000000001 13.546 13.432 0.004 13.433
0.051 0 0.051 0.02 0.004 0.023 12.852 0.006 12.856 13.622 0.008 13.627 13.58 0 13.577
0.046 0.002 0.047 0.021 0.002 0.023 12.968 0.004 12.971 13.822 0.003 13.827 13.588 0 13.592
0.048 0.003 0.051 0.021 0.002 0.023 13.36 0.008 13.365 14.387 0.001 14.385 14.302 0 14.298
0.049 0.001 0.05 0.021 0.003 0.023 13.435 0.00600000000000001 13.439 14.386 0.006 14.389 14.295 0 14.291
0.049 0.002 0.051 0.021 0.003 0.024 13.253 0.004 13.253 14.208 0.004 14.209 14.123 0 14.119
0.044 0.001 0.046 0.018 0.005 0.022 12.18 0.00600000000000001 12.183 13.521 0.004 13.522 13.433 0.001 13.432
0.045 0.001 0.045 0.021 0.001 0.023 12.23 0.007 12.233 13.609 0.001 13.607 13.524 0.001 13.523
0.046 0 0.046 0.022 0.002 0.022 12.339 0.015 12.352 13.586 0.001 13.584 13.497 0 13.495
0.051 0.001 0.052 0.019 0.005 0.023 13.397 0.007 13.402 14.387 0.00800000000000001 14.39 14.28 0.00399999999999999 14.281
0.048 0.002 0.051 0.021 0.00199999999999999 0.023 13.07 0.004 13.071 14.164 0.006 14.167 14.088 0.001 14.086
0.05 0 0.051 0.021 0.003 0.023 12.937 0.005 12.947 13.798 0.003 13.807 13.634 0 13.638
0.051 0 0.051 0.02 0.004 0.024 13.216 0.00199999999999999 13.216 14.22 0.00600000000000001 14.222 13.966 0 13.964
0.048 0.003 0.051 0.019 0.004 0.023 12.908 0.004 12.909 14.131 0.003 14.132 14.05 0 14.045
0.047 0.00199999999999999 0.05 0.018 0.005 0.023 12.957 0.001 12.954 13.898 0.005 13.9 13.821 0.001 13.82
0.049 0.001 0.051 0.023 0.001 0.023 13.219 0.002 13.218 14.235 0.004 14.236 14.153 0 14.149
0.045 0.001 0.046 0.021 0.001 0.023 12.309 0.011 12.316 13.595 0.001 13.592 13.507 0 13.505
0.048 0.003 0.051 0.02 0.004 0.024 13.139 0.00600000000000001 13.142 14.268 0.004 14.269 14.203 0 14.2
0.049 0.001 0.051 0.019 0.004 0.023 13.249 0.005 13.251 14.157 0.007 14.16 14.111 0 14.107
0.05 0.001 0.05 0.018 0.005 0.023 13.091 0.01 13.099 14.193 0.004 14.193 14.1 0 14.097
0.043 0.002 0.045 0.022 0.00199999999999999 0.023 12.237 0.008 12.242 13.553 0.004 13.555 13.796 0.001 13.795
0.048 0.002 0.051 0.021 0.003 0.023 12.22 0.003 12.22 13.58 0.004 13.58 13.483 0 13.481
0.049 0.001 0.05 0.016 0.007 0.023 13.061 0.004 13.062 14.068 0.008 14.073 14.021 0 14.019
0.052 0 0.052 0.022 0.002 0.024 13.069 0.013 13.08 14.122 0 14.119 13.996 0 13.992
0.046 0 0.046 0.021 0.002 0.023 12.295 0.01 12.301 13.634 0.003 13.635 13.781 0 13.778
0.052 0 0.052 0.019 0.004 0.023 13.613 0.00199999999999999 13.612 14.545 0.00600000000000001 14.547 14.432 0 14.429
0.053 0 0.054 0.02 0.003 0.023 13.008 0.008 13.013 14.052 0 14.049 14.004 0 14.001
0.05 0 0.05 0.02 0.003 0.023 13.249 0.006 13.252 14.189 0.005 14.192 14.088 0.002 14.086
0.05 0.001 0.051 0.017 0.00600000000000001 0.023 13.019 0.00899999999999999 13.024 13.995 0.005 13.998 13.933 0.001 13.931
0.049 0.003 0.052 0.02 0.003 0.023 13.211 0.006 13.215 14.171 0.004 14.171 14.127 0 14.124
0.05 0 0.051 0.02 0.004 0.023 13.268 0.004 13.269 14.299 0.005 14.302 14.216 0 14.212
0.048 0.002 0.05 0.021 0.002 0.024 12.907 0.00899999999999999 12.912 13.876 0.012 13.886 13.952 0 13.948
0.049 0.001 0.05 0.02 0.003 0.023 13.179 0.004 13.18 14.24 0.005 14.242 14.119 0 14.116
0.044 0.002 0.046 0.02 0.00199999999999999 0.022 12.632 0.01 12.638 13.726 0.003 13.727 13.67 0 13.666
0.048 0.001 0.049 0.023 0.001 0.024 13.333 0.006 13.336 14.221 0.008 14.226 14.16 0 14.157
0.05 0 0.051 0.02 0.004 0.023 13.18 0.007 13.184 14.11 0.002 14.11 14.027 0 14.023
0.05 0.001 0.05 0.018 0.005 0.023 12.372 0.003 12.372 13.459 0.003 13.459 13.364 0 13.362
0.048 0.003 0.051 0.022 0.002 0.024 13.391 0.007 13.395 14.41 0.00800000000000001 14.414 14.325 0 14.322
0.047 0.003 0.05 0.02 0.003 0.023 12.621 0.003 12.62 13.543 0.008 13.549 13.457 0 13.454
0.046 0.002 0.048 0.019 0.004 0.022 13.107 0.007 13.111 14.225 0.007 14.229 14.144 0 14.142
0.045 0.001 0.046 0.02 0.00199999999999999 0.023 12.074 0.005 12.075 13.448 0.004 13.449 13.372 0 13.37
0.049 0.00199999999999999 0.05 0.019 0.004 0.024 13.194 0.004 13.195 14.162 0.003 14.162 14.063 0.001 14.061
0.05 0 0.051 0.021 0.003 0.024 13.292 0.00700000000000001 13.295 14.229 0.007 14.234 14.142 0 14.139
0.052 0.001 0.053 0.022 0.001 0.023 13.37 0.008 13.374 14.305 0.005 14.308 14.201 0 14.198
0.049 0.002 0.051 0.018 0.005 0.023 13.145 0.006 13.148 14.097 0.004 14.098 14.006 0 14.003
0.048 0.00199999999999999 0.05 0.021 0.003 0.024 13.158 0.009 13.164 14.237 0.01 14.244 14.182 0 14.18
0.05 0.001 0.051 0.019 0.005 0.023 13.201 0.006 13.204 14.161 0.006 14.165 14.054 0 14.051
0.051 0 0.051 0.02 0.004 0.023 13.174 0.004 13.175 14.206 0.002 14.205 14.144 0.001 14.142
0.046 0.002 0.048 0.02 0.003 0.023 12.937 0.006 12.941 14.153 0.005 14.154 14.021 0 14.018
0.044 0.002 0.046 0.018 0.005 0.023 12.448 0.011 12.455 14.04 0.00199999999999999 14.04 14.315 0 14.312
0.045 0.001 0.046 0.02 0.002 0.023 12.299 0.005 12.3 13.57 0.007 13.576 13.272 0 13.282
0.052 0.002 0.053 0.019 0.004 0.024 13.506 0.00899999999999999 13.511 14.482 0 14.479 14.437 0 14.433
0.05 0 0.05 0.022 0.00199999999999999 0.023 13.089 0.011 13.097 14.139 0 14.137 14.022 0 14.019
0.049 0.001 0.051 0.021 0.003 0.023 13.422 0.004 13.424 14.371 0.004 14.372 14.318 0 14.315
0.048 0.003 0.05 0.021 0.002 0.023 13.175 0.005 13.178 14.128 0.004 14.128 14.064 0.00199999999999999 14.063
0.048 0.00199999999999999 0.05 0.021 0.003 0.024 12.982 0.003 12.981 14.069 0.006 14.072 14.045 0.001 14.043
0.045 0.002 0.046 0.021 0.002 0.023 13.373 0.009 13.38 14.244 0 14.24 14.163 0 14.16
0.051 0 0.05 0.021 0.002 0.023 13.588 0.006 13.591 14.587 0.005 14.588 14.506 0 14.503
0.044 0.001 0.046 0.019 0.004 0.023 12.325 0.016 12.338 13.596 0.005 13.597 14.084 0 14.082
0.049 0.000999999999999994 0.05 0.021 0.002 0.024 12.844 0.011 12.851 14.004 0 14.002 13.935 0 13.931
0.046 0.001 0.047 0.02 0.003 0.023 12.526 0.012 12.535 13.748 0.002 13.748 13.724 0 13.721
0.05 0 0.05 0.02 0.004 0.023 12.997 0.005 13 14.01 0.005 14.012 13.995 0 13.992
0.049 0.000999999999999994 0.05 0.021 0.003 0.023 13.085 0.013 13.096 14.084 0 14.081 14.011 0 14.008
0.05 0.001 0.051 0.021 0.003 0.024 13.432 0.002 13.431 14.312 0.00199999999999999 14.31 14.246 0 14.243
0.044 0.001 0.045 0.02 0.003 0.023 12.106 0.005 12.109 13.635 0.005 13.636 14.081 0 14.079
0.046 0 0.046 0.019 0.004 0.022 13.29 0.012 13.299 14.753 0.001 14.751 14.66 0 14.658
0.05 0 0.05 0.019 0.004 0.023 13.175 0.005 13.177 14.119 0.00600000000000001 14.122 13.915 0 13.913
0.051 0 0.051 0.021 0.003 0.024 13.346 0.007 13.35 13.946 0.003 13.947 13.579 0.001 13.576
0.048 0.002 0.051 0.02 0.004 0.023 13.22 0.009 13.228 13.666 0.002 13.664 13.584 0 13.581
0.048 0.001 0.05 0.023 0.000999999999999994 0.024 13.19 0.005 13.193 14.275 0.00199999999999999 14.272 14.142 0 14.14
0.05 0.001 0.051 0.021 0.002 0.023 13.185 0.004 13.186 14.153 0.005 14.155 14.074 0 14.069
0.046 0.000999999999999994 0.046 0.014 0.00800000000000001 0.023 13.214 0.005 13.216 14.228 0 14.224 14.145 0 14.143
0.045 0.001 0.046 0.02 0.002 0.022 12.82 0.006 12.823 14.036 0.004 14.037 13.995 0 13.991
0.045 0.001 0.045 0.02 0.002 0.023 13.104 0.009 13.11 14.157 0.002 14.156 13.963 0 13.961
0.045 0.001 0.046 0.019 0.004 0.023 12.23 0.005 12.232 13.628 0.008 13.632 13.532 0 13.53
0.053 0 0.053 0.022 0.002 0.024 13.286 0.005 13.288 14.279 0.005 14.282 14.133 0.001 14.131
0.052 0 0.053 0.019 0.004 0.023 13.15 0.005 13.153 14.075 0.005 14.077 14.007 0 14.004
0.046 0.001 0.047 0.022 0.000999999999999994 0.023 13.296 0.008 13.301 14.35 0.005 14.352 14.267 0 14.264
0.049 0.001 0.05 0.02 0.003 0.023 13.249 0.009 13.256 13.702 0.01 13.709 13.467 0 13.464
0.048 0.003 0.05 0.019 0.004 0.023 13.116 0.006 13.119 14.14 0.004 14.141 14.059 0 14.056
0.05 0 0.049 0.022 0.002 0.024 13.355 0.013 13.366 14.27 0.001 14.268 14.208 0 14.204
0.049 0.001 0.051 0.02 0.003 0.023 13.245 0.003 13.244 14.184 0.006 14.187 14.113 0 14.111
0.048 0.002 0.05 0.019 0.004 0.024 13.283 0.01 13.289 14.33 0 14.328 14.214 0 14.211
0.048 0.003 0.051 0.022 0.001 0.023 13.459 0.01 13.467 14.374 0.003 14.373 14.316 0 14.313
0.052 0.001 0.053 0.02 0.004 0.024 13.423 0.006 13.426 14.35 0.002 14.349 14.327 0 14.324
0.05 0.001 0.051 0.021 0.003 0.024 13.292 0.005 13.294 14.255 0.007 14.259 14.179 0 14.176
0.049 0.002 0.051 0.02 0.003 0.023 13.012 0.012 13.022 14.062 0.001 14.059 13.946 0 13.943
0.052 0 0.052 0.018 0.006 0.023 13.209 0.004 13.21 14.148 0.004 14.15 14.1 0 14.097
0.049 0.00199999999999999 0.051 0.02 0.003 0.023 13.199 0.006 13.203 14.179 0 14.176 14.079 0 14.076
0.045 0.001 0.047 0.02 0.003 0.022 12.452 0.004 12.454 13.916 0.008 13.921 13.771 0 13.768
0.05 0.00199999999999999 0.052 0.022 0.001 0.023 13.571 0.008 13.576 14.456 0.005 14.458 14.472 0.00199999999999999 14.47
0.045 0 0.046 0.021 0.003 0.024 13.043 0.00199999999999999 13.042 13.879 0.003 13.879 13.793 0.001 13.791
0.052 0 0.051 0.018 0.005 0.023 13.19 0.006 13.193 14.218 0.005 14.221 14.127 0 14.124
0.048 0.002 0.051 0.022 0.001 0.023 13.43 0.009 13.435 14.376 0.001 14.374 14.268 0 14.266
0.05 0.001 0.05 0.019 0.004 0.024 13.116 0.008 13.121 14.168 0.004 14.168 13.999 0 13.997
0.048 0.002 0.051 0.02 0.003 0.023 13.012 0.006 13.018 13.642 0.006 13.653 13.475 0 13.479
0.049 0.001 0.05 0.018 0.006 0.023 13.224 0.002 13.223 14.286 0.003 14.287 14.2 0 14.196
0.043 0.002 0.046 0.019 0.004 0.022 12.265 0.003 12.264 13.587 0.006 13.59 13.642 0.001 13.642
0.049 0.001 0.05 0.021 0.004 0.025 12.81 0.007 12.814 13.77 0.005 13.772 13.724 0 13.721
0.043 0.003 0.045 0.013 0.00899999999999999 0.023 12.173 0.00700000000000001 12.176 13.521 0.005 13.522 13.479 0 13.478
0.046 0 0.047 0.019 0.004 0.022 13.237 0.01 13.244 14.227 0.004 14.228 14.173 0 14.17
0.051 0 0.05 0.018 0.005 0.024 13.229 0.00600000000000001 13.232 14.207 0.002 14.204 14.093 0 14.09
0.048 0.002 0.051 0.022 0.002 0.023 13.389 0.003 13.39 14.298 0.006 14.3 14.207 0.001 14.205
0.044 0.00199999999999999 0.046 0.019 0.004 0.023 12.356 0.003 12.355 13.699 0.00899999999999999 13.706 14.045 0.001 14.043
0.046 0 0.046 0.021 0.002 0.022 12.39 0.005 12.393 14.166 0.007 14.17 14.058 0 14.055
0.049 0.002 0.051 0.019 0.004 0.023 13.232 0.011 13.24 14.28 0.001 14.278 13.721 0 13.718
0.049 0.001 0.051 0.018 0.006 0.023 12.483 0.022 12.502 13.609 0.001 13.607 13.508 0.001 13.507
0.045 0.000999999999999994 0.046 0.018 0.004 0.022 12.823 0.011 12.831 14.329 0.003 14.329 14.185 0 14.181
0.05 0.001 0.051 0.021 0.002 0.023 13.661 0.008 13.667 14.614 0 14.61 14.236 0 14.233
0.05 0 0.05 0.021 0.003 0.024 13.283 0.012 13.293 14.314 0.00199999999999999 14.312 14.224 0 14.221
0.048 0.002 0.05 0.016 0.007 0.024 12.845 0.006 12.847 13.991 0.005 13.994 13.854 0 13.851
0.05 0 0.05 0.018 0.00600000000000001 0.024 13.41 0.006 13.413 14.389 0.00199999999999999 14.386 14.302 0.001 14.301
0.044 0.002 0.046 0.02 0.002 0.023 12.049 0.003 12.049 13.51 0.005 13.512 13.459 0 13.456
0.049 0.001 0.051 0.019 0.005 0.023 13.257 0.005 13.261 14.211 0.003 14.21 14.125 0 14.121
0.051 0 0.051 0.021 0.003 0.023 13.313 0.005 13.316 14.257 0.005 14.259 14.225 0 14.222
0.051 0 0.051 0.021 0.002 0.023 13.126 0.009 13.134 13.763 0 13.759 13.695 0 13.693
0.046 0.000999999999999994 0.047 0.018 0.004 0.023 13.211 0.003 13.211 14.12 0.005 14.122 14.079 0 14.075
0.049 0.001 0.05 0.02 0.003 0.0229999999999999 13.043 0.006 13.046 14.037 0.001 14.035 13.873 0 13.87
0.047 0.004 0.051 0.019 0.004 0.023 13.116 0.00700000000000001 13.12 14.089 0.007 14.093 14.05 0 14.047
0.045 0.003 0.049 0.022 0.001 0.022 13.115 0.004 13.116 14.138 0.007 14.142 14.094 0 14.091
0.052 0.001 0.052 0.018 0.005 0.023 13.209 0.006 13.213 14.224 0.004 14.224 14.122 0 14.12
0.049 0.001 0.051 0.023 0.001 0.023 13.171 0.013 13.181 14.179 0 14.176 14.084 0 14.081
0.044 0.000999999999999994 0.046 0.021 0.002 0.022 12.772 0.01 12.78 14.09 0.007 14.094 14.004 0 14.001
0.049 0.003 0.05 0.02 0.003 0.024 13.111 0.00600000000000001 13.115 14.126 0.005 14.127 13.747 0.003 13.748
0.05 0.001 0.051 0.019 0.004 0.023 13.185 0.004 13.185 14.135 0.005 14.138 14.057 0 14.053
0.049 0.003 0.052 0.023 0 0.024 13.209 0.009 13.216 14.095 0.006 14.097 14.084 0.001 14.081
0.045 0.00199999999999999 0.046 0.021 0.001 0.022 12.357 0.008 12.361 13.797 0.002 13.798 13.709 0 13.704
0.05 0 0.05 0.021 0.00199999999999999 0.023 13.035 0.008 13.04 14.163 0.005 14.165 14.058 0 14.055
0.049 0.002 0.051 0.02 0.003 0.024 13.372 0.014 13.382 14.347 0.001 14.345 14.275 0 14.271
0.05 0.003 0.052 0.02 0.003 0.023 13.227 0.01 13.234 14.294 0.001 14.292 14.188 0 14.185
0.047 0.003 0.051 0.023 0.001 0.023 13.321 0.006 13.325 14.307 0.001 14.304 14.18 0 14.177
0.052 0 0.052 0.021 0.00199999999999999 0.024 12.846 0.00600000000000001 12.849 14.008 0.004 14.008 14.016 0.001 14.013
0.046 0.001 0.047 0.018 0.004 0.022 12.969 0.005 12.972 13.923 0.00199999999999999 13.921 13.959 0 13.957
0.049 0.001 0.049 0.022 0.002 0.024 13.032 0.004 13.034 14.101 0.005 14.102 14.031 0.001 14.029
0.042 0.003 0.046 0.02 0.003 0.022 12.166 0.005 12.168 13.555 0.005 13.558 14.029 0 14.026
0.047 0.001 0.047 0.018 0.004 0.023 13.161 0.007 13.166 14.114 0.009 14.119 14.118 0 14.115
0.046 0 0.046 0.02 0.003 0.023 12.4 0.002 12.399 14.194 0.004 14.196 14.096 0.002 14.093
0.051 0.001 0.052 0.018 0.005 0.023 13.28 0.011 13.288 14.245 0.006 14.247 13.713 0 13.71
0.046 0.001 0.047 0.022 0.001 0.023 12.267 0.013 12.277 13.522 0.002 13.521 13.48 0 13.478
0.05 0.001 0.05 0.018 0.005 0.024 13.169 0.009 13.174 14.192 0.000999999999999994 14.191 14.106 0.001 14.103
0.05 0.002 0.051 0.019 0.004 0.024 13.276 0.005 13.277 14.193 0.00199999999999999 14.193 14.108 0.001 14.106
0.049 0.002 0.051 0.018 0.006 0.024 13.17 0.005 13.172 14.145 0.004 14.146 14.044 0 14.041
0.043 0.003 0.046 0.021 0.001 0.023 12.221 0.007 12.225 13.805 0.01 13.813 14.198 0 14.194
0.043 0.003 0.046 0.015 0.00700000000000001 0.022 12.838 0.006 12.842 14.172 0.01 14.178 14.057 0 14.054
0.05 0 0.05 0.022 0.001 0.023 13.261 0.004 13.263 14.184 0.003 14.183 13.882 0 13.879
0.051 0 0.05 0.02 0.004 0.024 13.213 0.00199999999999999 13.213 14.234 0.011 14.242 14.095 0.001 14.092
0.049 0.00199999999999999 0.051 0.02 0.003 0.023 13.059 0.009 13.064 13.672 0.006 13.676 13.568 0.002 13.567
0.05 0.001 0.052 0.022 0.00199999999999999 0.023 13.161 0.005 13.164 14.137 0.006 14.139 14.042 0 14.039
0.047 0.003 0.051 0.021 0.003 0.023 13.58 0.007 13.585 14.516 0.007 14.519 14.39 0 14.388
0.045 0.001 0.046 0.022 0.001 0.023 13.284 0.009 13.29 14.272 0.007 14.275 14.231 0 14.228
0.05 0.001 0.051 0.022 0.001 0.023 13.092 0.009 13.098 14.201 0.006 14.204 14.209 0 14.206
0.049 0.001 0.05 0.019 0.004 0.023 13.25 0.006 13.253 14.223 0.004 14.224 14.167 0 14.162
0.045 0.000999999999999994 0.046 0.022 0.001 0.023 12.244 0.00700000000000001 12.246 13.654 0.00199999999999999 13.654 13.537 0 13.535
0.049 0.002 0.051 0.023 0 0.023 13.296 0.006 13.299 14.277 0.01 14.284 14.154 0 14.151
0.049 0.00199999999999999 0.051 0.021 0.003 0.024 13.358 0.007 13.361 14.315 0.002 14.315 14.177 0 14.174
0.049 0.002 0.052 0.023 0.001 0.023 13.805 0.00899999999999999 13.812 14.251 0.00600000000000001 14.254 14.021 0.001 14.018
0.047 0.001 0.048 0.019 0.004 0.023 12.745 0.003 12.743 13.486 0.002 13.486 13.386 0 13.383
0.049 0.001 0.05 0.022 0.002 0.023 13.367 0.014 13.378 14.321 0.001 14.32 14.215 0 14.211
0.047 0.004 0.052 0.021 0.002 0.023 13.36 0.012 13.369 14.307 0 14.305 14.206 0 14.202
0.047 0 0.046 0.018 0.004 0.023 13.076 0.004 13.077 14.423 0.005 14.424 14.301 0 14.299
0.05 0.001 0.05 0.02 0.003 0.023 13.249 0.005 13.251 14.177 0.005 14.18 13.908 0.002 13.906
0.05 0.000999999999999994 0.051 0.022 0.001 0.023 13.207 0.00700000000000001 13.212 14.202 0.005 14.204 14.108 0.001 14.106
0.047 0.00199999999999999 0.05 0.024 0 0.024 13.485 0.007 13.489 14.358 0.005 14.359 14.346 0.001 14.344
0.05 0.001 0.05 0.022 0.001 0.024 13.275 0.008 13.28 14.224 0.007 14.227 14.136 0 14.134
0.05 0 0.05 0.022 0.000999999999999994 0.023 12.824 0.003 12.824 13.823 0.001 13.821 13.864 0 13.861
0.049 0.001 0.051 0.02 0.003 0.023 13.19 0.004 13.19 14.093 0.003 14.093 13.953 0 13.951
0.049 0.000999999999999994 0.05 0.02 0.004 0.023 13.055 0.008 13.06 14.088 0.003 14.089 14.016 0 14.013
0.045 0.001 0.046 0.021 0.00199999999999999 0.023 12.409 0.008 12.414 13.719 0.001 13.718 13.657 0 13.654
0.049 0.003 0.051 0.02 0.003 0.023 12.893 0.009 12.9 14.075 0.006 14.078 13.96 0 13.957
0.043 0.003 0.046 0.019 0.004 0.022 12.076 0.003 12.075 13.497 0.006 13.501 13.396 0 13.392
0.049 0.001 0.051 0.021 0.003 0.023 13.191 0.004 13.194 14.245 0.00600000000000001 14.248 14.101 0 14.098
0.04 0.005 0.046 0.02 0.003 0.023 12.086 0.00700000000000001 12.097 13.223 0.005 13.228 13.105 0 13.109
0.051 0.00199999999999999 0.053 0.021 0.002 0.024 13.339 0.005 13.34 14.366 0.003 14.367 14.263 0 14.26
0.052 0.001 0.053 0.022 0.000999999999999994 0.024 13.249 0.004 13.25 14.172 0.005 14.174 14.091 0 14.087
0.05 0.001 0.052 0.018 0.006 0.023 13.988 0.008 13.993 15.07 0.005 15.072 14.899 0 14.895
0.049 0.003 0.051 0.02 0.003 0.024 13.218 0.014 13.228 14.284 0 14.282 14.236 0 14.233
0.045 0.002 0.046 0.021 0.001 0.023 12.252 0.005 12.253 13.623 0.00600000000000001 13.625 13.546 0 13.545
0.048 0.001 0.049 0.022 0.002 0.023 13.085 0.006 13.088 14.096 0.005 14.098 14.001 0.001 14
0.051 0 0.05 0.017 0.006 0.023 13.182 0.007 13.186 14.15 0.005 14.152 14.076 0 14.072
0.049 0.001 0.05 0.022 0.001 0.023 13.15 0.006 13.153 14.281 0.002 14.28 14.258 0 14.254
0.05 0.001 0.051 0.023 0 0.023 12.979 0.007 12.983 13.965 0.006 13.968 13.997 0 13.994
0.051 0 0.05 0.019 0.004 0.024 13.102 0.01 13.108 14.182 0.001 14.18 14.125 0 14.122
0.045 0.000999999999999994 0.046 0.019 0.003 0.023 12.26 0.012 12.268 13.615 0.003 13.614 13.57 0 13.568
0.05 0.000999999999999994 0.051 0.019 0.005 0.024 13.33 0.004 13.331 14.257 0.003 14.257 14.178 0.001 14.175
0.05 0.001 0.051 0.023 0.001 0.024 13.085 0.005 13.087 14.037 0.006 14.04 13.982 0.002 13.981
0.048 0.002 0.05 0.02 0.004 0.024 13.255 0.00899999999999999 13.261 14.282 0.00600000000000001 14.285 14.172 0.001 14.17
0.05 0.002 0.052 0.02 0.003 0.023 13.37 0.007 13.374 14.332 0.004 14.332 14.22 0 14.218
0.05 0 0.051 0.024 0 0.023 13.09 0.008 13.095 14.118 0.005 14.12 14.005 0 14.003
0.05 0 0.049 0.021 0.003 0.024 13.438 0.00199999999999999 13.437 14.361 0.002 14.361 14.286 0 14.282
0.05 0 0.051 0.021 0.003 0.023 13.143 0.01 13.15 14.219 0 14.216 14.164 0 14.161
0.047 0.003 0.05 0.021 0.003 0.023 12.903 0.007 12.908 13.8 0.004 13.8 13.811 0 13.808
0.05 0 0.051 0.021 0.003 0.023 13.215 0.004 13.216 13.999 0.008 14.004 13.851 0 13.848
0.049 0.002 0.051 0.02 0.003 0.023 13.369 0.009 13.376 14.303 0.002 14.301 14.266 0 14.263
0.046 0 0.046 0.017 0.005 0.022 12.33 0.009 12.336 13.626 0 13.624 13.564 0 13.561
0.05 0 0.05 0.02 0.004 0.024 12.989 0.01 12.997 14.09 0.00600000000000001 14.092 14.033 0 14.03
0.044 0.002 0.046 0.022 0.001 0.022 12.21 0.006 12.212 13.595 0.006 13.599 13.86 0 13.858
0.05 0 0.05 0.019 0.005 0.024 13.057 0.005 13.06 14.038 0.005 14.04 13.987 0.001 13.984
0.053 0.00199999999999999 0.055 0.021 0.003 0.024 14.191 0.013 14.201 15.067 0 15.064 14.76 0 14.757
0.047 0.001 0.049 0.019 0.005 0.023 13.396 0.004 13.397 14.205 0.00600000000000001 14.208 14.13 0 14.127
0.048 0.002 0.051 0.022 0.002 0.023 12.909 0.004 12.912 13.981 0.00600000000000001 13.984 13.854 0.000999999999999994 13.851
0.05 0 0.051 0.019 0.004 0.023 13.17 0.00700000000000001 13.174 14.144 0.003 14.144 14.073 0.001 14.07
0.051 0 0.051 0.02 0.004 0.024 13.198 0.005 13.2 13.972 0.001 13.97 13.892 0 13.889
0.05 0.001 0.051 0.022 0.002 0.024 13.036 0.004 13.038 13.857 0.004 13.858 13.761 0 13.758
0.05 0 0.05 0.018 0.005 0.023 13.229 0.017 13.243 14.22 0 14.217 14.12 0.003 14.119
0.041 0.005 0.046 0.018 0.004 0.023 12.266 0.006 12.268 13.575 0.002 13.575 14.013 0 14.01
0.046 0.001 0.047 0.02 0.003 0.023 12.286 0.004 12.286 13.693 0.005 13.696 13.585 0 13.582
0.051 0.001 0.052 0.02 0.003 0.023 13.832 0.004 13.834 14.488 0.004 14.488 13.705 0 13.703
0.05 0.001 0.05 0.019 0.004 0.024 13.115 0.013 13.124 14.128 0.001 14.126 14.116 0 14.114
0.049 0 0.05 0.021 0.003 0.023 13.225 0.013 13.235 14.309 0.001 14.307 14.191 0 14.188
0.049 0.001 0.05 0.02 0.004 0.024 13.326 0.009 13.332 14.295 0.004 14.296 14.204 0 14.2
0.046 0.005 0.051 0.021 0.002 0.023 13.128 0.008 13.133 14.18 0.006 14.183 14.151 0 14.147
0.05 0.001 0.051 0.02 0.003 0.023 12.917 0.005 12.919 14.307 0.007 14.312 14.014 0 14.01
0.05 0.001 0.052 0.02 0.004 0.023 13.226 0.008 13.231 14.23 0.00900000000000001 14.237 14.168 0 14.164
0.047 0 0.046 0.016 0.007 0.023 12.994 0.008 13 13.985 0.007 13.988 13.937 0 13.935
0.046 0.001 0.047 0.022 0.001 0.023 12.354 0.00600000000000001 12.356 13.704 0.01 13.712 13.637 0 13.634
0.048 0.003 0.05 0.021 0.00199999999999999 0.024 13.252 0.00700000000000001 13.256 14.242 0.006 14.244 14.175 0 14.172
0.049 0.003 0.051 0.019 0.004 0.023 12.556 0.004 12.557 13.586 0.005 13.588 13.569 0 13.567
0.043 0.003 0.045 0.016 0.00600000000000001 0.022 12.287 0.004 12.288 13.7 0.002 13.701 13.607 0.002 13.605
0.05 0.000999999999999994 0.051 0.021 0.003 0.023 13.103 0.008 13.109 14.161 0.007 14.165 14.046 0 14.043
0.044 0.00199999999999999 0.047 0.019 0.004 0.022 12.167 0.004 12.169 13.765 0.005 13.768 14.089 0 14.086
0.045 0 0.046 0.023 0 0.022 12.202 0.006 12.204 13.493 0.006 13.497 13.488 0 13.487
0.047 0.003 0.051 0.02 0.004 0.023 13.297 0.00600000000000001 13.301 14.226 0.008 14.231 14.147 0 14.143
0.05 0 0.05 0.021 0.003 0.023 13.024 0.009 13.03 14.043 0.008 14.049 13.858 0 13.854
0.049 0.002 0.051 0.018 0.005 0.023 13.117 0.013 13.127 14.169 0 14.166 14.097 0.001 14.095
0.045 0.002 0.046 0.018 0.004 0.023 12.329 0.007 12.332 13.695 0.003 13.696 13.65 0 13.647
0.048 0.002 0.051 0.021 0.002 0.023 13.133 0.004 13.135 14.066 0.004 14.065 14.036 0 14.034
0.05 0.000999999999999994 0.051 0.022 0.001 0.024 13.371 0.003 13.37 14.328 0.007 14.332 14.213 0.001 14.211
0.05 0 0.05 0.022 0.001 0.023 13.241 0.005 13.243 14.238 0.008 14.243 14.184 0.001 14.181
0.046 0 0.046 0.02 0.003 0.023 12.222 0.004 12.222 13.571 0.004 13.572 13.467 0 13.465
0.051 0.001 0.052 0.022 0.001 0.023 13.266 0.006 13.27 14.215 0.005 14.216 14.103 0 14.1
0.052 0.001 0.053 0.021 0.002 0.023 13.017 0.006 13.021 14.026 0.004 14.027 13.905 0 13.902
0.05 0.00199999999999999 0.052 0.02 0.004 0.024 13.459 0.006 13.462 14.359 0.004 14.36 14.252 0.005 14.254
0.051 0.002 0.053 0.02 0.003 0.023 13.172 0.007 13.177 14.138 0.006 14.14 14.105 0 14.102
0.049 0.00199999999999999 0.051 0.02 0.003 0.023 13.06 0.007 13.064 14.065 0.006 14.068 13.977 0 13.974
0.048 0.002 0.051 0.02 0.003 0.023 13.202 0.005 13.204 14.22 0.003 14.219 14.168 0 14.165
0.05 0.000999999999999994 0.051 0.018 0.005 0.023 13.179 0.009 13.185 14.11 0.00199999999999999 14.109 14.047 0 14.043
0.051 0 0.051 0.021 0.002 0.023 12.82 0.00199999999999999 12.82 13.798 0.005 13.798 13.819 0.001 13.818
0.048 0.002 0.05 0.021 0.002 0.023 12.904 0.005 12.907 14.215 0.001 14.212 13.953 0 13.95
0.048 0.003 0.051 0.02 0.004 0.023 13.272 0.00600000000000001 13.276 13.909 0.000999999999999994 13.906 13.578 0 13.575
0.043 0.003 0.046 0.022 0.001 0.023 12.152 0.005 12.153 13.487 0.008 13.492 13.435 0 13.432
0.046 0.004 0.051 0.024 0 0.023 13.036 0.009 13.043 14.182 0 14.178 14.071 0 14.068
0.046 0.001 0.046 0.02 0.002 0.022 12.232 0.014 12.243 13.588 0.001 13.586 13.514 0 13.511
0.044 0.002 0.046 0.019 0.003 0.022 13.255 0.006 13.259 14.181 0.006 14.186 13.862 0 13.864
0.046 0 0.046 0.02 0.003 0.023 12.095 0.005 12.097 13.459 0.006 13.462 13.422 0 13.419
0.049 0.002 0.052 0.023 0.001 0.023 13.292 0.004 13.294 14.295 0.008 14.3 14.162 0 14.158
0.048 0.003 0.051 0.021 0.002 0.023 13.272 0.006 13.275 14.228 0.005 14.23 14.129 0 14.125
0.046 0 0.047 0.02 0.003 0.022 12.462 0.008 12.466 13.728 0.002 13.729 13.688 0 13.685
0.044 0.002 0.046 0.02 0.00199999999999999 0.022 12.371 0.007 12.374 13.742 0.002 13.742 13.768 0 13.765
0.049 0.002 0.05 0.019 0.004 0.023 13.047 0.012 13.058 14.135 0.002 14.132 14.016 0 14.014
0.043 0.003 0.046 0.019 0.003 0.023 12.209 0.007 12.213 13.614 0.004 13.614 13.885 0.000999999999999994 13.884
0.052 0.001 0.052 0.02 0.003 0.024 13.155 0.005 13.156 14.107 0.009 14.113 14.008 0 14.006
0.05 0 0.05 0.022 0.002 0.023 13.198 0.004 13.2 14.128 0.008 14.133 14.078 0 14.074
0.045 0.000999999999999994 0.046 0.019 0.004 0.023 12.543 0.012 12.551 13.882 0 13.88 13.742 0 13.74
0.049 0.002 0.051 0.018 0.005 0.023 13.362 0.012 13.371 14.421 0.001 14.419 14.299 0.001 14.297
0.045 0.001 0.046 0.018 0.005 0.023 12.31 0.004 12.311 13.67 0.009 13.676 13.934 0 13.931
0.044 0.002 0.046 0.022 0 0.022 12.419 0.006 12.421 13.847 0.003 13.848 13.831 0 13.827
0.047 0 0.047 0.018 0.004 0.022 12.455 0.008 12.46 13.705 0.004 13.707 13.647 0 13.643
0.051 0 0.051 0.021 0.003 0.024 13.208 0.007 13.213 14.243 0.005 14.244 14.177 0 14.174
0.048 0 0.047 0.021 0.002 0.023 12.074 0.006 12.076 13.397 0.005 13.399 13.309 0 13.308
0.051 0 0.051 0.022 0.00199999999999999 0.023 13.297 0.007 13.302 14.422 0.005 14.423 14.289 0 14.287
0.048 0.003 0.051 0.021 0.002 0.023 12.624 0.005 12.625 13.529 0.008 13.535 13.429 0 13.426
0.049 0.001 0.05 0.02 0.004 0.023 12.985 0.007 12.989 13.999 0.004 14.001 13.99 0 13.987
0.05 0 0.05 0.023 0.001 0.023 12.652 0.012 12.662 13.574 0.002 13.573 13.475 0 13.472
0.048 0.001 0.05 0.021 0.002 0.023 13.19 0.008 13.195 14.168 0.005 14.17 14.091 0 14.088
0.047 0.004 0.051 0.02 0.004 0.023 13.419 0.003 13.42 14.344 0.005 14.345 14.238 0.001 14.236
0.046 0 0.046 0.021 0.001 0.023 12.146 0.004 12.154 13.313 0.004 13.315 13.152 0 13.157
0.047 0.004 0.05 0.02 0.003 0.024 13.202 0.004 13.203 14.204 0.004 14.205 14.078 0 14.075
0.047 0 0.047 0.021 0.00199999999999999 0.022 12.443 0.013 12.453 13.748 0.004 13.75 13.681 0.001 13.678
0.049 0.001 0.05 0.022 0.002 0.024 13.394 0.008 13.4 14.324 0.004 14.324 14.225 0 14.221
0.05 0 0.051 0.024 0 0.023 13.172 0.003 13.172 14.147 0.009 14.153 14.051 0 14.048
0.049 0.001 0.05 0.021 0.003 0.024 13.234 0.004 13.235 14.24 0.004 14.241 14.168 0 14.164
0.044 0.003 0.046 0.021 0.001 0.023 12.326 0.004 12.326 13.688 0.006 13.692 13.629 0 13.626
0.044 0.001 0.045 0.021 0.002 0.023 12.203 0.004 12.203 13.549 0.004 13.55 13.509 0 13.508
0.05 0.001 0.052 0.018 0.006 0.023 13.061 0.014 13.073 14.113 0.001 14.112 14.036 0 14.032
0.051 0 0.051 0.019 0.004 0.023 13.132 0.006 13.135 14.054 0.007 14.058 14.012 0 14.008
0.046 0 0.046 0.018 0.005 0.022 12.237 0.004 12.237 13.552 0.006 13.557 13.49 0.002 13.49
0.051 0.001 0.052 0.023 0.001 0.024 13.134 0.009 13.14 14.065 0.006 14.068 14.032 0.001 14.029
0.052 0.001 0.053 0.022 0.002 0.023 13.574 0.006 13.578 14.546 0.005 14.547 14.434 0 14.431
0.045 0.002 0.047 0.018 0.004 0.022 12.227 0.00600000000000001 12.229 13.583 0.005 13.585 13.473 0 13.471
0.05 0.001 0.05 0.021 0.002 0.024 13.141 0.006 13.143 14.155 0.01 14.163 14.123 0 14.12
0.044 0.00199999999999999 0.047 0.02 0.003 0.022 12.183 0.002 12.181 13.511 0.01 13.519 13.456 0 13.453
0.049 0.00199999999999999 0.05 0.019 0.004 0.023 12.16 0.006 12.162 13.487 0.008 13.493 13.399 0 13.396
0.045 0.000999999999999994 0.045 0.019 0.003 0.023 12.296 0.003 12.296 13.623 0.009 13.629 13.58 0.000999999999999994 13.579
0.046 0.001 0.047 0.021 0.002 0.023 13.201 0.013 13.211 14.291 0.002 14.289 14.184 0 14.182
0.049 0.001 0.05 0.019 0.004 0.024 12.868 0.00600000000000001 12.871 13.883 0.004 13.883 13.949 0 13.946
0.049 0.001 0.05 0.02 0.003 0.023 12.776 0.005 12.778 13.95 0.006 13.954 14.009 0.001 14.007
0.05 0.001 0.05 0.02 0.003 0.024 13.134 0.012 13.143 14.257 0 14.254 14.197 0 14.195
0.049 0.000999999999999994 0.05 0.023 0 0.024 13.003 0.004 13.003 14.042 0.005 14.045 13.955 0.001 13.953
0.049 0.001 0.05 0.02 0.003 0.024 12.973 0.008 12.977 14.082 0.003 14.082 13.995 0 13.993
0.049 0.001 0.05 0.019 0.004 0.023 13.283 0.007 13.287 14.278 0.009 14.284 14.217 0.001 14.215
0.044 0.00199999999999999 0.046 0.02 0.003 0.023 12.214 0.01 12.221 13.583 0.002 13.582 13.502 0 13.5
0.049 0.002 0.051 0.021 0.003 0.023 13.354 0.007 13.358 14.353 0.003 14.354 14.284 0 14.281
0.051 0.001 0.051 0.02 0.003 0.023 13.22 0.016 13.233 14.274 0.002 14.273 14.151 0 14.148
0.049 0.00199999999999999 0.05 0.022 0.001 0.023 13.063 0.00700000000000001 13.068 14.1 0.004 14.101 14.014 0.001 14.011
0.046 0 0.046 0.017 0.006 0.022 12.194 0.006 12.197 13.53 0.004 13.532 13.501 0.000999999999999994 13.5
0.051 0.001 0.052 0.022 0.002 0.023 13.496 0.005 13.498 14.417 0.005 14.419 14.326 0.001 14.325
0.05 0.001 0.051 0.021 0.002 0.023 13.236 0.006 13.24 14.243 0.003 14.243 14.121 0 14.117
0.048 0.002 0.05 0.022 0.002 0.024 13.434 0.01 13.448 14.497 0.01 14.512 14.42 0.043 14.464
0.05 0 0.05 0.021 0.002 0.023 13.459 0.008 13.463 14.409 0.007 14.414 14.377 0 14.374
0.044 0.002 0.046 0.019 0.004 0.023 12.203 0.005 12.204 13.556 0.011 13.564 13.669 0.001 13.668
0.045 0.001 0.046 0.018 0.004 0.023 12.215 0.012 12.223 13.579 0.00600000000000001 13.582 13.516 0 13.514
0.048 0.00199999999999999 0.051 0.022 0.002 0.024 13.392 0.003 13.392 14.42 0.003 14.419 14.256 0 14.253
0.051 0.00199999999999999 0.052 0.022 0.001 0.023 13.161 0.007 13.165 14.138 0.007 14.143 14.044 0.002 14.043
0.047 0 0.046 0.015 0.008 0.023 12.163 0.005 12.165 13.529 0.002 13.527 13.487 0 13.486
0.051 0 0.051 0.02 0.003 0.023 13.356 0.014 13.368 14.396 0 14.392 14.341 0 14.338
0.045 0.001 0.046 0.02 0.002 0.023 12.416 0.012 12.425 13.624 0.001 13.623 13.542 0.001 13.54
0.05 0.000999999999999994 0.052 0.02 0.004 0.023 12.351 0.007 12.355 13.523 0.005 13.524 13.438 0.001 13.438
0.048 0.000999999999999994 0.049 0.019 0.00600000000000001 0.024 12.949 0.017 12.965 13.975 0 13.972 13.886 0 13.882
0.05 0.001 0.051 0.019 0.004 0.023 13.665 0.001 13.663 14.645 0.003 14.645 14.458 0 14.455
0.048 0.002 0.05 0.021 0.00199999999999999 0.023 12.975 0.007 12.979 13.994 0.00800000000000001 13.999 13.896 0 13.893
0.05 0 0.05 0.021 0.002 0.023 12.767 0.007 12.772 14.129 0.003 14.128 13.931 0.000999999999999994 13.928
0.051 0 0.051 0.018 0.005 0.024 13.161 0.007 13.164 14.164 0.001 14.162 14.067 0.001 14.066
0.05 0.001 0.051 0.02 0.004 0.024 13.136 0.011 13.145 14.253 0 14.249 14.193 0 14.19
0.05 0.001 0.051 0.021 0.00199999999999999 0.023 13.307 0.004 13.307 14.343 0.012 14.352 14.251 0 14.248
0.045 0.001 0.046 0.017 0.006 0.023 12.141 0.005 12.143 14.09 0.006 14.093 14.034 0 14.031
0.042 0.003 0.046 0.021 0.002 0.023 12.265 0.008 12.27 13.718 0.009 13.725 13.635 0 13.631
0.053 0 0.052 0.02 0.003 0.023 13.23 0.00199999999999999 13.229 14.254 0.004 14.255 14.132 0.001 14.13
0.05 0.001 0.051 0.021 0.00199999999999999 0.023 13.25 0.005 13.252 14.164 0.003 14.164 14.144 0 14.141
0.05 0 0.051 0.019 0.004 0.023 13.054 0.017 13.067 14.079 0.001 14.077 14.001 0 14.001
0.044 0.00199999999999999 0.046 0.019 0.004 0.023 12.463 0.004 12.464 13.859 0.005 13.863 13.79 0 13.785
0.044 0.003 0.047 0.017 0.005 0.023 12.946 0.003 12.947 14.24 0.005 14.241 14.139 0.002 14.138
0.049 0.002 0.052 0.02 0.003 0.023 13.43 0.00600000000000001 13.432 14.318 0.005 14.321 14.079 0 14.074
0.05 0 0.05 0.021 0.002 0.023 13.183 0.004 13.194 13.908 0.005 13.911 13.736 0 13.739
0.048 0.002 0.05 0.018 0.005 0.023 13.047 0.01 13.054 14.091 0 14.088 13.997 0 13.994
0.043 0.003 0.046 0.02 0.003 0.023 12.612 0.008 12.618 13.971 0.003 13.972 14.264 0 14.261
0.049 0.00199999999999999 0.051 0.019 0.004 0.023 13.096 0.004 13.098 14.13 0.004 14.131 14.034 0 14.032
0.05 0 0.05 0.019 0.005 0.024 13.017 0.005 13.019 14.202 0.008 14.207 14.321 0 14.317
0.05 0.001 0.051 0.019 0.004 0.023 13.201 0.006 13.204 14.15 0.004 14.152 13.509 0 13.504
0.051 0.000999999999999994 0.052 0.019 0.004 0.023 13.137 0.004 13.138 14.142 0.004 14.144 14.04 0 14.036
0.051 0 0.051 0.02 0.003 0.023 13.209 0.004 13.211 14.194 0.008 14.198 14.088 0 14.085
0.043 0.003 0.046 0.021 0.00199999999999999 0.022 12.269 0.004 12.271 13.602 0.005 13.604 13.549 0 13.547
0.049 0.002 0.052 0.019 0.005 0.023 13.059 0.005 13.062 14.083 0.00600000000000001 14.086 13.999 0 13.995
0.046 0 0.046 0.018 0.005 0.023 12.218 0.004 12.218 13.821 0.01 13.83 14.178 0.001 14.175
0.046 0 0.046 0.023 0 0.023 12.201 0.003 12.2 13.721 0.00899999999999999 13.729 14.109 0 14.106
0.046 0 0.046 0.018 0.005 0.023 12.191 0.007 12.201 13.373 0.00600000000000001 13.378 13.19 0.001 13.197
0.049 0.00199999999999999 0.051 0.02 0.003 0.023 12.625 0.012 12.633 13.591 0 13.59 13.5 0 13.497
0.048 0.00199999999999999 0.05 0.021 0.002 0.023 12.845 0.014 12.856 14.252 0.001 14.25 14.21 0 14.207
0.05 0.000999999999999994 0.05 0.023 0 0.024 13.165 0.005 13.168 14.213 0.004 14.212 14.096 0.001 14.095
0.048 0.004 0.052 0.019 0.004 0.024 13.384 0.00700000000000001 13.388 14.307 0.004 14.308 14.27 0 14.267
0.049 0.00199999999999999 0.051 0.019 0.004 0.023 13.256 0.015 13.269 14.315 0.003 14.314 14.179 0 14.176
0.049 0.001 0.05 0.02 0.004 0.023 13.623 0.008 13.629 14.572 0.001 14.568 14.54 0 14.538
0.051 0 0.05 0.019 0.004 0.024 13.048 0.006 13.052 14.108 0.007 14.112 14.111 0.003 14.11
0.05 0.001 0.051 0.019 0.005 0.023 13.319 0.008 13.325 14.449 0.002 14.447 14.364 0 14.362
0.045 0.001 0.046 0.021 0.002 0.023 12.305 0.015 12.316 13.433 0.001 13.431 13.347 0 13.345
0.052 0.001 0.052 0.022 0.001 0.023 13.673 0.011 13.681 14.727 0 14.724 14.609 0 14.606
0.047 0.004 0.051 0.019 0.004 0.023 13.258 0.005 13.26 14.166 0.01 14.173 14.11 0.001 14.108
0.049 0.000999999999999994 0.051 0.018 0.005 0.023 13.216 0.007 13.219 13.793 0.003 13.794 13.505 0.000999999999999994 13.502
0.05 0.001 0.051 0.022 0.002 0.023 13.29 0.006 13.295 13.847 0.009 13.852 13.567 0 13.564
0.051 0 0.051 0.021 0.002 0.024 13.302 0.006 13.305 14.404 0 14.401 14.35 0 14.346
0.046 0 0.047 0.021 0.002 0.022 12.273 0.012 12.281 13.663 0.000999999999999994 13.662 13.592 0 13.59
0.051 0.001 0.053 0.022 0.002 0.023 13.141 0.007 13.146 14.124 0.005 14.126 14.027 0 14.023
0.05 0 0.05 0.02 0.003 0.023 13.273 0.00199999999999999 13.272 14.217 0.00700000000000001 14.221 14.119 0.004 14.119
0.051 0 0.051 0.02 0.003 0.023 13.183 0.01 13.191 14.211 0.001 14.208 14.123 0 14.12
0.049 0.000999999999999994 0.05 0.022 0.001 0.024 13.076 0.003 13.076 13.994 0.009 14 13.988 0 13.985
0.046 0 0.046 0.022 0.001 0.022 12.225 0.005 12.227 13.541 0.00600000000000001 13.544 13.734 0 13.733
0.05 0.001 0.051 0.023 0.001 0.024 13.313 0.007 13.318 14.399 0 14.395 14.334 0 14.331
0.049 0.001 0.05 0.02 0.003 0.023 12.773 0.00800000000000001 12.778 14.138 0.007 14.142 14.001 0 13.998
0.045 0.001 0.046 0.022 0 0.022 12.862 0.007 12.866 14.218 0.006 14.221 14.114 0.001 14.112
0.051 0 0.051 0.021 0.002 0.023 13.32 0.00199999999999999 13.32 14.287 0.004 14.287 13.941 0 13.939
0.045 0.003 0.048 0.021 0.002 0.024 13.286 0.005 13.289 14.287 0.002 14.284 14.192 0 14.19
0.049 0.002 0.051 0.021 0.00199999999999999 0.023 13.249 0.00600000000000001 13.253 14.169 0.004 14.169 14.091 0 14.088
0.044 0.003 0.047 0.02 0.003 0.023 12.387 0.008 12.391 13.77 0.007 13.775 13.718 0 13.715
0.046 0.004 0.05 0.019 0.004 0.023 13.068 0.007 13.072 14.108 0.005 14.111 14.024 0 14.02
0.045 0.001 0.046 0.018 0.004 0.022 12.196 0.009 12.202 13.519 0.005 13.521 13.851 0 13.849
0.045 0.001 0.047 0.019 0.003 0.022 12.464 0.00600000000000001 12.465 13.912 0.004 13.915 14.488 0 14.485
0.045 0.001 0.046 0.021 0.002 0.023 12.254 0.006 12.256 13.614 0.004 13.615 13.548 0 13.546
0.046 0 0.047 0.021 0.002 0.022 12.906 0.007 12.911 14.779 0.004 14.779 14.622 0.000999999999999994 14.62
0.051 0.001 0.051 0.019 0.004 0.024 13.323 0.005 13.325 14.355 0.007 14.358 13.81 0 13.808
0.048 0.002 0.051 0.021 0.002 0.023 12.504 0.01 12.509 13.525 0 13.524 13.412 0 13.408
0.051 0 0.051 0.022 0.002 0.024 13.446 0.007 13.45 14.477 0.001 14.475 14.333 0 14.33
0.051 0 0.051 0.023 0.001 0.024 13.31 0.006 13.313 14.364 0.006 14.367 14.318 0 14.315
0.047 0.003 0.05 0.022 0.000999999999999994 0.023 13.039 0.003 13.039 14.114 0.008 14.119 13.971 0 13.967
0.048 0.002 0.05 0.022 0.001 0.024 12.893 0.005 12.895 14.002 0.006 14.006 13.91 0 13.905
0.049 0.00199999999999999 0.051 0.019 0.004 0.023 13.088 0.006 13.099 13.814 0.005 13.817 13.691 0 13.693
0.045 0.000999999999999994 0.046 0.021 0.002 0.022 12.239 0.009 12.246 13.636 0.003 13.635 13.549 0 13.546
0.047 0.003 0.05 0.023 0.001 0.024 13.054 0.008 13.06 14.058 0.001 14.056 13.966 0 13.963
0.051 0 0.051 0.024 0 0.024 13.717 0.007 13.721 14.728 0.002 14.727 14.608 0 14.604
0.045 0.00600000000000001 0.051 0.021 0.00199999999999999 0.023 12.808 0.005 12.811 13.63 0.005 13.632 13.552 0 13.549
0.05 0 0.05 0.022 0.001 0.023 13.184 0.013 13.195 13.609 0.003 13.609 13.536 0 13.533
0.052 0 0.051 0.02 0.003 0.023 13.278 0.006 13.283 14.308 0.003 14.306 14.228 0 14.226
0.046 0.000999999999999994 0.046 0.022 0 0.023 12.19 0.001 12.187 13.549 0.01 13.556 13.437 0 13.435
0.049 0.001 0.049 0.02 0.003 0.023 13.218 0.008 13.222 14.227 0.001 14.226 14.194 0 14.19
0.049 0.002 0.051 0.021 0.00199999999999999 0.023 13.339 0.012 13.348 14.314 0.001 14.312 14.267 0 14.264
0.046 0 0.046 0.021 0.000999999999999994 0.022 12.724 0.003 12.724 14.158 0.009 14.164 14.008 0.002 14.008
0.048 0.002 0.051 0.022 0.001 0.023 13.13 0.006 13.132 14.129 0.007 14.133 13.825 0.001 13.824
0.045 0.00199999999999999 0.046 0.016 0.00600000000000001 0.023 12.294 0.003 12.294 13.676 0.003 13.677 13.937 0 13.934
0.051 0 0.051 0.02 0.004 0.024 13.081 0.009 13.087 14.139 0.00700000000000001 14.143 14.038 0 14.035
0.045 0.001 0.047 0.02 0.003 0.022 12.856 0.004 12.857 14.053 0.007 14.058 14.207 0 14.204
0.05 0 0.051 0.017 0.007 0.024 13.08 0.005 13.082 14.003 0.003 14.002 13.975 0 13.972
0.05 0.001 0.051 0.02 0.004 0.023 12.38 0.006 12.383 13.75 0.006 13.754 13.775 0 13.771
0.051 0 0.051 0.021 0.003 0.023 13.141 0.006 13.144 14.083 0.009 14.089 13.992 0.001 13.991
0.051 0.00199999999999999 0.052 0.02 0.003 0.023 13.449 0.004 13.451 14.399 0.00899999999999999 14.404 14.28 0.001 14.278
0.044 0.003 0.047 0.022 0 0.022 12.317 0.00600000000000001 12.32 13.69 0.002 13.69 13.612 0 13.609
0.05 0 0.05 0.023 0.000999999999999994 0.024 13.234 0.00600000000000001 13.237 14.195 0.006 14.198 14.146 0.001 14.144
0.043 0.003 0.046 0.021 0.00199999999999999 0.022 12.155 0.003 12.155 13.482 0.006 13.486 13.41 0 13.407
0.043 0.002 0.046 0.023 0 0.023 12.097 0.007 12.1 13.422 0.004 13.424 13.459 0 13.455
0.044 0.002 0.046 0.017 0.005 0.022 12.248 0.006 12.251 13.549 0.005 13.55 13.48 0 13.478
0.051 0 0.051 0.02 0.003 0.023 13.293 0.007 13.297 14.247 0.006 14.25 14.149 0 14.146
0.05 0.001 0.051 0.02 0.003 0.023 13.179 0.00800000000000001 13.184 14.138 0.006 14.141 14.088 0.001 14.086
0.049 0.002 0.051 0.02 0.004 0.023 12.874 0.006 12.879 13.751 0.004 13.751 13.632 0 13.63
0.047 0.002 0.049 0.021 0.004 0.025 12.983 0.008 12.99 13.938 0.00899999999999999 13.943 13.921 0 13.918
0.052 0.001 0.053 0.02 0.003 0.023 13.182 0.006 13.185 14.134 0.004 14.134 14.053 0 14.05
0.049 0.001 0.05 0.018 0.005 0.023 13.199 0.00700000000000001 13.203 14.208 0 14.206 14.114 0 14.109
0.049 0.001 0.049 0.022 0.002 0.024 13.349 0.00799999999999999 13.355 14.346 0 14.343 14.239 0 14.235
0.048 0.002 0.05 0.023 0 0.023 13.185 0.013 13.196 14.137 0.001 14.134 14.074 0 14.072
0.051 0 0.051 0.019 0.004 0.023 12.523 0.004 12.523 13.772 0.003 13.773 13.709 0 13.706
0.05 0.002 0.052 0.022 0.001 0.023 13.068 0.012 13.077 14.13 0.001 14.128 14.076 0 14.073
0.045 0.001 0.045 0.019 0.003 0.023 13.179 0.007 13.183 14.162 0.003 14.16 14.11 0 14.107
0.045 0.001 0.045 0.02 0.003 0.023 12.184 0.00600000000000001 12.187 13.582 0.011 13.589 13.493 0 13.491
0.051 0 0.051 0.02 0.003 0.023 13.312 0.007 13.316 14.235 0.003 14.235 14.202 0 14.199
0.049 0.000999999999999994 0.051 0.022 0.003 0.023 13.337 0.007 13.342 14.252 0.008 14.257 14.202 0 14.198
0.047 0 0.046 0.021 0.001 0.022 12.212 0.014 12.224 13.523 0.001 13.52 13.459 0 13.457
0.049 0.000999999999999994 0.051 0.021 0.003 0.023 12.497 0.014 12.507 13.641 0.001 13.641 13.54 0 13.536
0.049 0.00199999999999999 0.051 0.02 0.003 0.023 13.182 0.008 13.187 14.224 0.007 14.228 14.178 0 14.174
0.046 0 0.046 0.018 0.004 0.022 12.166 0.005 12.168 13.552 0.008 13.557 13.472 0 13.469
0.048 0.001 0.05 0.019 0.005 0.023 13.168 0.008 13.173 14.122 0.006 14.125 14.055 0.004 14.056
0.049 0.001 0.051 0.022 0.002 0.023 13.182 0.013 13.193 14.202 0.004 14.202 14.136 0 14.133
0.046 0 0.047 0.018 0.004 0.022 12.333 0.011 12.341 13.674 0.001 13.673 13.868 0 13.865
0.048 0.00199999999999999 0.051 0.019 0.005 0.023 12.976 0.012 12.986 14.064 0.002 14.063 13.924 0 13.92
0.045 0.001 0.047 0.019 0.004 0.022 12.985 0.01 12.993 14.45 0.001 14.447 14.362 0 14.359
0.048 0.002 0.05 0.019 0.004 0.023 13.254 0.01 13.261 14.57 0 14.567 14.487 0 14.484
0.049 0.001 0.051 0.023 0.001 0.023 13.193 0.004 13.195 14.168 0.003 14.168 13.864 0 13.86
0.05 0 0.05 0.021 0.002 0.023 13.049 0.003 13.05 14.012 0.004 14.012 13.954 0.001 13.953
0.045 0.001 0.046 0.016 0.006 0.023 12.105 0.003 12.104 13.504 0.004 13.504 13.41 0 13.407
0.051 0.002 0.053 0.021 0.002 0.023 13.22 0.006 13.223 14.199 0.004 14.201 14.148 0 14.145
0.052 0.001 0.052 0.022 0.000999999999999994 0.024 13.188 0.014 13.199 14.215 0 14.212 14.11 0.003 14.109
0.043 0.004 0.047 0.021 0.001 0.022 12.337 0.003 12.337 13.713 0.00199999999999999 13.713 13.662 0 13.659
0.048 0.002 0.05 0.02 0.003 0.023 13.118 0.006 13.121 14.175 0.004 14.176 14.038 0 14.035
0.046 0 0.046 0.021 0.002 0.022 12.214 0.003 12.215 13.531 0.008 13.536 13.488 0.002 13.488
0.049 0.003 0.052 0.021 0.00199999999999999 0.023 13.275 0.005 13.277 14.224 0.00600000000000001 14.227 14.18 0 14.177
0.046 0 0.047 0.022 0.000999999999999994 0.022 12.303 0.003 12.304 13.754 0.005 13.757 13.718 0 13.714
0.045 0.001 0.046 0.02 0.003 0.023 12.227 0.001 12.226 13.621 0.005 13.623 13.5 0 13.498
0.047 0.003 0.05 0.02 0.003 0.023 12.551 0.005 12.552 13.491 0.00899999999999999 13.499 13.422 0 13.418
0.048 0.003 0.05 0.022 0.001 0.024 13.14 0.008 13.145 14.189 0.004 14.19 14.128 0 14.124
0.05 0.002 0.051 0.022 0.001 0.023 13.079 0.003 13.079 14.141 0.00700000000000001 14.146 14.065 0 14.062
0.048 0.00199999999999999 0.051 0.023 0.001 0.023 13.177 0.006 13.181 14.152 0.00900000000000001 14.157 14.086 0 14.083
0.046 0.002 0.046 0.019 0.003 0.023 12.24 0.009 12.245 13.638 0.002 13.638 13.572 0 13.569
0.046 0.001 0.046 0.021 0.002 0.023 13.016 0.005 13.02 14.057 0.002 14.056 13.981 0 13.978
0.046 0 0.045 0.02 0.003 0.023 13.03 0.012 13.039 14.058 0.001 14.056 14.033 0 14.03
0.044 0.002 0.046 0.021 0.002 0.022 12.76 0.014 12.771 13.874 0.001 13.872 14.333 0 14.328
0.051 0 0.05 0.022 0.002 0.024 13.291 0.018 13.307 14.229 0.002 14.228 14.161 0 14.157
0.049 0.000999999999999994 0.051 0.022 0.002 0.024 13.403 0.006 13.406 14.362 0.00700000000000001 14.366 14.275 0.000999999999999994 14.273
0.044 0.002 0.047 0.022 0.001 0.022 12.35 0.008 12.356 13.845 0 13.842 14.01 0 14.015
0.046 0 0.046 0.019 0.004 0.023 12.194 0.008 12.198 13.699 0.005 13.702 14.063 0 14.06
0.05 0.001 0.051 0.02 0.004 0.023 13.307 0.00600000000000001 13.31 14.335 0.004 14.336 14.252 0.001 14.25
0.051 0.001 0.053 0.021 0.003 0.023 13.35 0.009 13.357 14.326 0.001 14.323 14.236 0 14.234
0.051 0.002 0.053 0.02 0.003 0.024 13.283 0.00199999999999999 13.282 14.19 0.00600000000000001 14.192 14.154 0 14.15
0.046 0 0.046 0.022 0.001 0.023 12.199 0.01 12.206 13.513 0.005 13.514 13.915 0 13.913
0.049 0.001 0.051 0.02 0.003 0.023 13.088 0.011 13.096 14.064 0.002 14.063 13.974 0 13.97
0.049 0.004 0.052 0.019 0.004 0.024 13.562 0.004 13.563 14.535 0.00700000000000001 14.539 14.396 0 14.392
0.046 0 0.046 0.019 0.004 0.023 12.203 0.007 12.207 13.673 0.007 13.677 14.219 0 14.217
0.045 0.002 0.046 0.02 0.002 0.023 13.226 0.006 13.229 14.226 0.00199999999999999 14.225 14.15 0.002 14.149
0.044 0.005 0.049 0.023 0.001 0.024 13.08 0.005 13.083 14.054 0.009 14.06 13.987 0 13.983
0.044 0.00199999999999999 0.047 0.022 0.001 0.022 13.148 0.005 13.151 14.113 0.003 14.113 14.12 0 14.116
0.049 0.002 0.051 0.022 0.001 0.024 13.142 0.006 13.144 14.098 0.006 14.101 14.015 0 14.013
0.049 0.001 0.05 0.021 0.003 0.023 13.043 0.004 13.045 14.016 0.007 14.019 13.934 0 13.932
0.045 0.001 0.046 0.022 0.001 0.023 12.344 0.008 12.348 13.724 0 13.723 13.583 0 13.579
0.045 0.000999999999999994 0.046 0.022 0.001 0.023 12.823 0.011 12.832 14.231 0 14.228 14.159 0 14.155
0.05 0.001 0.051 0.019 0.004 0.023 13.26 0.005 13.262 14.221 0.008 14.226 13.91 0 13.907
0.05 0 0.05 0.02 0.003 0.024 12.987 0.005 12.988 13.635 0.008 13.64 13.6 0.003 13.6
0.05 0 0.051 0.02 0.004 0.023 13.202 0.006 13.205 14.294 0.007 14.299 14.138 0.001 14.135
0.051 0 0.051 0.022 0.002 0.024 12.916 0.008 12.922 13.54 0.004 13.546 13.284 0 13.285
0.051 0 0.051 0.02 0.003 0.023 12.979 0.006 12.982 13.783 0.003 13.783 13.699 0 13.696
0.048 0.003 0.05 0.023 0 0.023 12.897 0.013 12.908 13.675 0 13.672 13.575 0 13.572
0.049 0.002 0.051 0.022 0.002 0.024 13.377 0.01 13.384 13.712 0 13.709 13.623 0 13.62
0.046 0.004 0.05 0.017 0.006 0.024 13.23 0.007 13.233 14.156 0.005 14.159 14.078 0 14.074
0.053 0.001 0.053 0.021 0.002 0.023 14.967 0.003 14.968 16.017 0.00199999999999999 16.014 15.563 0 15.56
0.046 0 0.046 0.018 0.004 0.022 12.886 0.013 12.896 14.223 0.004 14.224 14.131 0 14.128
0.049 0.001 0.05 0.019 0.004 0.023 13.084 0.011 13.093 14.086 0 14.083 13.8 0 13.796
0.047 0.003 0.05 0.02 0.003 0.023 13.026 0.008 13.031 14.077 0.004 14.078 13.993 0 13.99
0.046 0.001 0.047 0.023 0 0.023 12.424 0.004 12.425 13.754 0.006 13.758 13.7 0 13.697
0.049 0.002 0.051 0.018 0.005 0.024 13.059 0.016 13.071 14.261 0.001 14.259 14.189 0 14.186
0.047 0.003 0.051 0.019 0.004 0.023 13.119 0.008 13.124 14.236 0.003 14.236 14.13 0 14.127
0.046 0 0.046 0.021 0.002 0.023 12.402 0.005 12.404 13.797 0.011 13.806 13.706 0 13.702
0.048 0.002 0.05 0.02 0.003 0.024 13.261 0.003 13.26 14.177 0.006 14.181 14.084 0 14.081
0.051 0 0.05 0.02 0.003 0.024 13.377 0.004 13.379 14.303 0.005 14.303 14.203 0.001 14.202
0.044 0.002 0.045 0.021 0.001 0.023 12.249 0.003 12.248 13.542 0.004 13.543 13.503 0 13.502
0.042 0.005 0.047 0.02 0.003 0.023 12.393 0.003 12.392 13.748 0.004 13.75 13.755 0 13.752
0.05 0 0.05 0.022 0.002 0.023 13.286 0.008 13.292 14.317 0.005 14.319 14.213 0 14.211
0.043 0.002 0.046 0.02 0.003 0.023 12.195 0.005 12.195 13.553 0.004 13.554 13.461 0.003 13.463
0.051 0.001 0.052 0.022 0.001 0.023 13.369 0.005 13.372 14.327 0.001 14.324 14.249 0 14.247
0.044 0.005 0.049 0.016 0.00600000000000001 0.023 12.254 0.005 12.255 13.611 0.003 13.611 13.824 0.001 13.823
0.05 0.002 0.051 0.022 0.001 0.024 13.997 0.008 14.001 14.944 0.005 14.947 14.857 0 14.854
0.051 0 0.051 0.019 0.004 0.023 13.062 0.00700000000000001 13.067 14.182 0.003 14.182 14.105 0 14.101
0.05 0.001 0.051 0.018 0.005 0.024 13.171 0.00199999999999999 13.17 14.175 0.006 14.177 14.025 0.002 14.025
0.05 0.001 0.051 0.019 0.004 0.024 13.213 0.01 13.219 14.177 0.004 14.179 14.116 0.001 14.113
0.048 0.00199999999999999 0.05 0.02 0.004 0.023 13.002 0.007 13.007 14.259 0 14.255 14.331 0.002 14.331
0.048 0.003 0.05 0.021 0.002 0.024 13.224 0.009 13.229 14.279 0 14.277 14.165 0 14.161
0.045 0.000999999999999997 0.046 0.022 0.001 0.023 12.143 0.007 12.147 13.529 0.002 13.528 13.446 0 13.444
0.049 0.001 0.05 0.02 0.004 0.024 13.376 0.00700000000000001 13.38 14.296 0.00799999999999999 14.302 14.19 0.001 14.186
0.051 0 0.051 0.021 0.003 0.023 13.266 0.012 13.276 14.276 0.005 14.277 14.179 0 14.176
0.046 0 0.046 0.017 0.005 0.022 12.15 0.005 12.152 13.544 0.008 13.549 13.465 0.000999999999999994 13.464
0.048 0.003 0.051 0.021 0.002 0.023 13.278 0.01 13.285 14.299 0.00199999999999999 14.298 14.162 0 14.159
0.046 0.001 0.046 0.019 0.003 0.023 12.095 0.01 12.102 13.46 0.00199999999999999 13.459 13.371 0 13.368
0.046 0 0.046 0.02 0.002 0.022 12.18 0.004 12.181 13.593 0.005 13.595 13.536 0 13.534
0.046 0 0.046 0.019 0.004 0.023 12.278 0.01 12.285 13.523 0.001 13.52 13.377 0 13.376
0.05 0.002 0.052 0.02 0.003 0.023 12.388 0.005 12.389 13.432 0.003 13.434 13.336 0.000999999999999994 13.334
0.049 0.002 0.051 0.022 0.002 0.023 13.326 0.003 13.326 14.282 0 14.279 14.16 0.002 14.159
0.05 0.003 0.053 0.02 0.003 0.023 13.564 0.004 13.564 14.506 0.004 14.508 14.455 0 14.452
0.045 0.001 0.046 0.018 0.005 0.023 12.808 0.005 12.81 14.556 0.005 14.558 14.501 0 14.497
0.05 0.001 0.051 0.02 0.003 0.023 13.3 0.002 13.299 14.217 0.006 14.22 13.789 0.00199999999999999 13.788
0.051 0 0.05 0.023 0.001 0.024 13.27 0.009 13.276 14.19 0 14.187 14.14 0 14.136
0.049 0.00199999999999999 0.051 0.02 0.004 0.023 13.313 0.004 13.315 14.259 0.00700000000000001 14.263 14.173 0 14.169
0.045 0 0.045 0.021 0.001 0.023 12.337 0.006 12.34 14.053 0.008 14.059 14.019 0.001 14.017
0.049 0.002 0.051 0.022 0.001 0.023 13.19 0.009 13.197 14.142 0.004 14.142 13.625 0 13.622
0.05 0 0.05 0.024 0 0.024 13.223 0.011 13.231 14.256 0.000999999999999994 14.254 14.173 0 14.169
0.046 0 0.046 0.021 0.002 0.023 12.354 0.013 12.363 13.704 0 13.702 13.637 0 13.635
0.044 0.003 0.046 0.017 0.005 0.022 12.982 0.004 12.983 14.04 0.002 14.039 13.956 0 13.953
0.049 0.001 0.051 0.019 0.005 0.023 13.122 0.006 13.127 14.092 0.00700000000000001 14.095 14.106 0 14.103
0.046 0 0.045 0.023 0 0.023 12.155 0.006 12.157 13.556 0.006 13.559 13.957 0 13.955
0.051 0.002 0.053 0.021 0.002 0.023 13.404 0.006 13.408 14.332 0.00700000000000001 14.336 14.266 0 14.263
0.05 0 0.051 0.02 0.003 0.023 13.19 0.013 13.2 14.22 0.002 14.219 14.135 0 14.131
0.044 0.00199999999999999 0.047 0.022 0.001 0.022 12.789 0.009 12.797 14.043 0 14.04 14.475 0 14.471
0.045 0.000999999999999994 0.046 0.019 0.004 0.023 12.658 0.013 12.667 14.05 0 14.048 14.616 0 14.613
0.05 0 0.05 0.02 0.004 0.023 12.982 0.009 12.99 14.105 0.003 14.104 14.027 0 14.024
0.045 0 0.046 0.021 0.002 0.022 12.25 0.008 12.254 13.625 0.002 13.624 14.09 0 14.088
0.05 0.003 0.053 0.02 0.003 0.023 13.36 0.001 13.359 14.299 0.005 14.3 14.213 0 14.21
0.051 0.002 0.053 0.018 0.005 0.023 13.207 0.008 13.211 14.201 0 14.198 14.087 0.001 14.085
0.045 0.000999999999999994 0.046 0.019 0.004 0.022 12.58 0.006 12.582 14.148 0.004 14.15 14.603 0.001 14.601
0.046 0.001 0.047 0.021 0.002 0.023 13.145 0.006 13.147 14.17 0.007 14.174 14.078 0 14.075
0.044 0.002 0.046 0.02 0.00199999999999999 0.022 12.183 0.004 12.184 13.546 0.003 13.546 13.488 0 13.485
0.05 0 0.051 0.021 0.003 0.023 13.384 0.00199999999999999 13.383 14.293 0.002 14.292 14.198 0 14.196
0.049 0.001 0.051 0.02 0.004 0.023 13.726 0.001 13.724 14.617 0.005 14.618 14.485 0 14.483
0.048 0.003 0.051 0.022 0.001 0.023 12.935 0.005 12.938 13.586 0.005 13.587 13.512 0 13.509
0.048 0.003 0.05 0.015 0.008 0.024 13.362 0.005 13.364 14.309 0.00700000000000001 14.313 14.285 0.001 14.283
0.051 0 0.051 0.023 0.001 0.023 13.089 0.013 13.101 13.659 0.003 13.659 13.612 0 13.608
0.051 0 0.052 0.02 0.003 0.023 13.783 0.008 13.788 14.152 0.003 14.152 14.022 0 14.018
0.051 0 0.051 0.021 0.002 0.023 13.155 0.007 13.16 13.734 0.005 13.736 13.632 0 13.628
0.05 0.001 0.051 0.017 0.006 0.023 13.045 0.006 13.048 13.621 0.004 13.622 13.346 0 13.344
0.049 0.001 0.049 0.018 0.006 0.024 13.112 0.00600000000000001 13.115 14.073 0.007 14.078 13.961 0 13.958
0.051 0 0.051 0.021 0.003 0.024 13.286 0.008 13.291 14.232 0.008 14.237 14.143 0 14.14
0.05 0 0.051 0.02 0.004 0.024 13.163 0.012 13.173 14.133 0.001 14.131 14.079 0 14.076
0.05 0.002 0.053 0.021 0.002 0.023 13.351 0.007 13.354 14.353 0.01 14.361 14.211 0 14.208
0.048 0.003 0.051 0.02 0.003 0.023 13.154 0.007 13.158 14.169 0.005 14.171 14.117 0.00199999999999999 14.116
0.05 0 0.05 0.02 0.003 0.023 12.982 0.015 12.994 14.042 0 14.038 13.98 0 13.977
0.045 0.002 0.047 0.019 0.003 0.022 12.324 0.004 12.324 13.642 0.006 13.647 13.606 0 13.602
0.049 0.002 0.051 0.019 0.004 0.023 12.903 0.005 12.905 14.037 0.006 14.04 14.01 0 14.007
0.053 0.002 0.054 0.022 0.002 0.024 13.292 0.008 13.297 14.265 0.006 14.268 14.204 0.002 14.202
0.044 0.00199999999999999 0.046 0.021 0.002 0.023 12.217 0.006 12.219 13.577 0.005 13.579 13.522 0 13.52
0.051 0.001 0.051 0.022 0.002 0.024 13.35 0.00899999999999999 13.357 14.335 0.009 14.341 14.226 0 14.222
0.05 0.001 0.051 0.021 0.002 0.024 13.084 0.008 13.089 14.059 0.003 14.059 13.96 0 13.956
0.044 0.001 0.046 0.019 0.004 0.023 12.291 0.009 12.296 13.627 0.002 13.626 13.583 0 13.582
0.042 0.004 0.046 0.02 0.003 0.022 12.246 0.014 12.258 13.601 0.003 13.6 13.568 0 13.566
0.049 0.002 0.05 0.018 0.006 0.023 13.299 0.013 13.309 14.381 0.00199999999999999 14.38 14.274 0 14.271
0.044 0.001 0.046 0.021 0.002 0.022 12.196 0.01 12.203 13.561 0.001 13.559 13.475 0.001 13.474
0.044 0.002 0.046 0.022 0.000999999999999994 0.023 12.626 0.011 12.632 14.401 0.001 14.4 14.278 0 14.275
0.05 0.001 0.05 0.021 0.002 0.023 12.978 0.014 12.989 14.042 0 14.04 13.56 0 13.556
0.046 0 0.046 0.018 0.004 0.022 12.129 0.005 12.131 13.521 0.003 13.521 13.433 0 13.431
0.051 0 0.052 0.022 0.002 0.023 13.318 0.006 13.322 14.269 0.003 14.268 14.201 0 14.199
0.048 0.003 0.051 0.017 0.00600000000000001 0.023 13.174 0.006 13.177 14.084 0.00199999999999999 14.083 14.066 0 14.063
0.046 0 0.047 0.021 0.002 0.023 12.202 0.009 12.207 13.536 0.004 13.537 13.7 0 13.698
0.049 0 0.05 0.02 0.004 0.024 12.95 0.006 12.953 13.713 0.004 13.714 13.601 0 13.604
0.045 0.001 0.046 0.019 0.004 0.023 12.335 0.004 12.336 13.654 0.006 13.658 14.069 0 14.065
0.046 0.000999999999999994 0.047 0.018 0.005 0.022 12.933 0.004 12.934 14.265 0.002 14.263 14.176 0 14.174
0.048 0.003 0.051 0.023 0.001 0.024 12.97 0.004 12.972 14.043 0.001 14.041 13.783 0 13.78
0.049 0.000999999999999994 0.05 0.02 0.004 0.023 13.215 0.003 13.216 14.309 0.006 14.31 14.211 0 14.209
0.043 0.003 0.046 0.021 0.002 0.022 12.124 0.007 12.128 13.523 0.005 13.525 13.452 0 13.449
0.05 0.001 0.051 0.022 0.002 0.024 13.697 0.006 13.701 14.67 0.002 14.668 14.541 0 14.538
0.05 0.001 0.051 0.019 0.004 0.024 13.273 0.009 13.279 14.284 0.000999999999999994 14.281 14.213 0 14.21
0.045 0.001 0.046 0.021 0.002 0.023 12.287 0.009 12.294 13.677 0 13.674 13.57 0 13.567
0.045 0.00600000000000001 0.051 0.021 0.00199999999999999 0.023 12.999 0.005 13.005 13.823 0.00600000000000001 13.829 13.665 0.000999999999999987 13.67
0.045 0.001 0.046 0.021 0.000999999999999994 0.022 12.209 0.011 12.216 13.503 0.001 13.501 13.396 0 13.394
0.047 0 0.047 0.021 0.00199999999999999 0.023 12.482 0.011 12.489 13.814 0 13.812 13.733 0 13.731
0.046 0 0.047 0.019 0.004 0.023 12.618 0.007 12.621 14.018 0.006 14.022 13.951 0.003 13.95
0.051 0 0.051 0.021 0.002 0.023 12.417 0.015 12.43 13.474 0 13.47 13.391 0 13.39
0.048 0.002 0.05 0.019 0.005 0.024 13.358 0.006 13.362 14.285 0.007 14.288 14.196 0 14.193
0.05 0.001 0.051 0.019 0.004 0.023 13.124 0.008 13.128 14.176 0 14.174 14.081 0 14.078
0.047 0.001 0.048 0.02 0.003 0.022 13.252 0.004 13.255 13.774 0.01 13.78 13.91 0 13.908
0.049 0.001 0.051 0.021 0.002 0.023 13.115 0.004 13.116 13.528 0.004 13.534 13.328 0.001 13.332
0.049 0.001 0.051 0.021 0.004 0.024 12.973 0.011 12.981 13.893 0 13.89 13.779 0 13.775
0.046 0.00199999999999999 0.047 0.021 0.001 0.022 12.273 0.008 12.277 13.688 0.001 13.687 13.603 0 13.599
0.047 0 0.047 0.023 0 0.023 13.031 0.01 13.038 14.138 0 14.135 14.063 0 14.06
0.05 0 0.05 0.02 0.004 0.023 13.092 0.006 13.095 14.13 0.008 14.134 14.016 0.002 14.015
0.045 0.001 0.046 0.021 0.002 0.023 12.273 0.007 12.276 13.624 0.001 13.622 13.55 0 13.548
0.049 0.00199999999999999 0.05 0.022 0.001 0.023 13.116 0.008 13.122 14.132 0.002 14.131 14.069 0 14.066
0.05 0 0.05 0.019 0.004 0.023 13.177 0.009 13.183 14.124 0.003 14.124 14.067 0 14.064
0.045 0.001 0.046 0.018 0.005 0.022 12.415 0.006 12.417 13.678 0.005 13.682 13.647 0 13.644
0.045 0.001 0.046 0.019 0.004 0.023 12.906 0.007 12.91 14.287 0.004 14.287 14.2 0 14.197
0.044 0.00199999999999999 0.046 0.016 0.00700000000000001 0.023 12.805 0.00899999999999999 12.811 14.082 0.00900000000000001 14.088 14.02 0.001 14.018
0.046 0.004 0.05 0.021 0.002 0.023 13.207 0.008 13.212 14.199 0 14.196 13.867 0 13.864
0.049 0.00199999999999999 0.05 0.02 0.003 0.023 13.005 0.012 13.016 14.205 0 14.2 14.14 0 14.137
0.045 0.001 0.046 0.016 0.006 0.022 12.144 0.007 12.147 13.572 0.005 13.573 13.477 0.002 13.478
0.052 0 0.052 0.02 0.003 0.023 13.314 0.004 13.315 14.304 0.005 14.305 14.196 0.001 14.195
0.05 0.003 0.053 0.017 0.006 0.023 13.564 0.011 13.572 14.454 0.001 14.452 14.417 0.001 14.414
0.043 0.003 0.046 0.021 0.002 0.023 12.454 0.011 12.462 13.725 0.001 13.724 13.876 0 13.873
0.047 0.004 0.051 0.018 0.005 0.023 12.357 0.013 12.367 13.427 0.002 13.426 13.345 0 13.343
0.048 0.002 0.05 0.021 0.002 0.023 12.794 0.005 12.806 13.769 0.001 13.774 13.617 0.002 13.62
0.043 0.003 0.046 0.022 0.001 0.023 12.341 0.00700000000000001 12.345 13.723 0.003 13.723 14.168 0 14.167
0.052 0.001 0.053 0.023 0 0.023 13.142 0.006 13.146 14.092 0.005 14.092 14.06 0 14.057
0.049 0.002 0.052 0.019 0.004 0.023 13.42 0.007 13.424 14.395 0.002 14.393 14.264 0 14.262
0.049 0.002 0.051 0.022 0.00199999999999999 0.023 13.351 0.014 13.363 14.38 0.001 14.377 14.331 0.001 14.328
0.045 0.002 0.046 0.02 0.00199999999999999 0.023 12.324 0.007 12.327 13.709 0.00600000000000001 13.713 14.183 0.003 14.182
0.047 0.004 0.05 0.02 0.004 0.024 13.49 0.004 13.492 14.421 0.00600000000000001 14.424 14.387 0.001 14.385
0.05 0 0.051 0.021 0.00199999999999999 0.023 13.223 0.005 13.224 14.276 0.002 14.275 14.157 0 14.154
0.045 0.00199999999999999 0.047 0.019 0.004 0.022 12.339 0.006 12.342 13.715 0.005 13.717 13.639 0 13.637
0.047 0.004 0.051 0.02 0.003 0.023 13.371 0.005 13.372 14.354 0.006 14.358 14.329 0 14.326
0.047 0 0.046 0.019 0.004 0.023 12.325 0.005 12.326 13.69 0.003 13.691 14.046 0 14.043
0.044 0.002 0.046 0.019 0.004 0.022 12.192 0.002 12.192 13.545 0.004 13.545 13.897 0 13.896
0.046 0.002 0.047 0.017 0.005 0.022 12.208 0.008 12.213 13.548 0.006 13.551 13.486 0 13.484
0.05 0 0.051 0.02 0.003 0.023 12.517 0.004 12.516 13.533 0.004 13.536 13.48 0 13.477
0.052 0.000999999999999994 0.053 0.023 0.001 0.024 13.306 0.01 13.314 14.261 0.008 14.266 14.185 0 14.181
0.053 0.001 0.054 0.019 0.004 0.023 13.267 0.005 13.268 14.238 0.009 14.245 14.13 0 14.126
0.044 0.002 0.046 0.021 0.002 0.023 12.141 0.008 12.146 13.628 0.005 13.63 14.068 0 14.066
0.05 0.001 0.051 0.021 0.002 0.023 13.022 0.007 13.026 13.251 0.006 13.261 13.076 0 13.078
0.048 0.003 0.05 0.02 0.003 0.023 13.13 0.006 13.134 14.103 0.00800000000000001 14.106 14.005 0.002 14.005
0.05 0.001 0.05 0.02 0.003 0.023 13.044 0.007 13.048 13.601 0.008 13.606 13.473 0 13.47
0.052 0.002 0.053 0.021 0.002 0.023 12.826 0.005 12.83 13.933 0.005 13.934 13.896 0.001 13.895
0.05 0.001 0.051 0.02 0.004 0.024 13.547 0.004 13.549 14.536 0.003 14.534 14.44 0 14.438
0.046 0.001 0.047 0.021 0.00199999999999999 0.023 12.609 0.012 12.618 13.934 0.00699999999999999 13.938 13.919 0 13.916
0.048 0.003 0.051 0.021 0.003 0.024 13.603 0.005 13.605 14.503 0.008 14.507 14.378 0 14.376
0.051 0 0.051 0.021 0.003 0.023 13.342 0.009 13.348 14.288 0.004 14.289 14.172 0 14.169
0.046 0.004 0.05 0.02 0.003 0.023 12.761 0.008 12.766 13.488 0.00600000000000001 13.491 13.419 0 13.416
0.05 0.001 0.05 0.02 0.003 0.023 12.701 0.004 12.701 13.418 0.002 13.418 13.379 0 13.376
0.05 0.002 0.053 0.019 0.005 0.024 13.227 0.009 13.233 14.152 0 14.149 14.035 0 14.032
0.048 0.002 0.05 0.021 0.003 0.024 13.241 0.004 13.242 14.198 0.004 14.199 14.086 0 14.083
0.047 0 0.046 0.021 0.001 0.023 13.023 0.011 13.032 14.141 0 14.136 14.041 0 14.039
0.046 0.001 0.046 0.019 0.003 0.023 12.21 0.007 12.212 13.543 0.004 13.544 13.433 0 13.432
0.045 0.001 0.046 0.02 0.002 0.023 12.934 0.005 12.936 14.25 0.004 14.251 14.104 0 14.101
0.05 0.001 0.051 0.02 0.003 0.024 13.515 0.003 13.515 14.428 0.003 14.427 14.06 0 14.057
0.045 0.001 0.046 0.019 0.004 0.023 12.222 0.008 12.226 13.6 0.007 13.604 13.887 0 13.886
0.05 0 0.051 0.018 0.005 0.023 13.062 0.011 13.07 13.641 0 13.638 13.434 0.001 13.432
0.045 0.002 0.048 0.019 0.003 0.022 11.918 0.007 11.93 13.154 0.00800000000000001 13.163 13.213 0 13.214
0.054 0.001 0.055 0.022 0.001 0.023 13.291 0.012 13.3 14.356 0.002 14.354 14.169 0 14.175
0.05 0 0.05 0.019 0.004 0.023 13.11 0.01 13.119 14.205 0.001 14.202 14.114 0 14.11
0.046 0 0.047 0.017 0.006 0.022 12.926 0.011 12.935 14.101 0 14.105 13.829 0 13.826
0.049 0.002 0.052 0.022 0.002 0.023 13.309 0.006 13.312 14.331 0.004 14.332 13.828 0 13.831
0.045 0.001 0.046 0.02 0.00199999999999999 0.023 12.981 0.01 12.988 14.079 0 14.075 13.834 0 13.841
0.045 0.001 0.047 0.018 0.004 0.022 12.36 0.006 12.363 13.647 0.005 13.65 13.71 0 13.706
0.049 0 0.049 0.02 0.003 0.023 13.337 0.004 13.338 14.288 0.003 14.288 14.175 0.001 14.173
0.049 0.00199999999999999 0.051 0.02 0.003 0.023 13.154 0.005 13.157 14.068 0.004 14.068 14.035 0 14.032
0.045 0.001 0.046 0.018 0.004 0.022 12.148 0.006 12.15 13.573 0.006 13.576 13.482 0 13.48
0.049 0.001 0.051 0.02 0.004 0.023 13.105 0.004 13.107 14.181 0.005 14.182 14.067 0 14.065
0.045 0.001 0.046 0.021 0.002 0.022 12.166 0.007 12.169 13.521 0.005 13.524 13.424 0 13.421
0.046 0 0.046 0.02 0.003 0.022 12.491 0.004 12.492 13.85 0.006 13.855 13.987 0 13.984
0.044 0.002 0.047 0.019 0.004 0.022 12.338 0.007 12.342 13.704 0.008 13.709 13.633 0 13.63
0.048 0.003 0.051 0.018 0.005 0.023 12.644 0.005 12.645 13.469 0.005 13.472 13.382 0.003 13.382
0.046 0.003 0.049 0.021 0.003 0.024 13.21 0.004 13.211 14.174 0.005 14.176 14.021 0 14.018
0.049 0.001 0.05 0.021 0.002 0.023 13.229 0.006 13.232 14.166 0.005 14.168 14.075 0 14.072
0.046 0 0.046 0.019 0.003 0.022 12.118 0.004 12.119 13.53 0.005 13.532 13.735 0 13.733
0.05 0.001 0.051 0.017 0.006 0.024 12.982 0.00700000000000001 12.986 13.958 0.00299999999999999 13.964 13.671 0 13.669
0.05 0.000999999999999994 0.05 0.02 0.003 0.023 12.975 0.01 12.982 14.037 0.002 14.036 13.934 0 13.931
0.049 0.002 0.051 0.019 0.004 0.023 12.205 0.007 12.215 13.248 0.005 13.251 13.119 0 13.121
0.05 0.001 0.051 0.02 0.003 0.023 12.952 0.005 12.954 14.056 0.008 14.061 13.964 0 13.961
0.05 0.001 0.051 0.022 0.001 0.023 13.365 0.004 13.367 14.398 0.004 14.398 14.331 0 14.328
0.044 0.002 0.047 0.022 0.001 0.022 12.414 0.007 12.417 13.773 0.007 13.778 13.787 0 13.785
0.05 0 0.05 0.023 0.001 0.023 13.252 0.014 13.264 14.211 0 14.207 14.119 0 14.116
0.051 0 0.051 0.021 0.002 0.023 13.135 0.005 13.138 14.11 0.008 14.115 14.041 0 14.038
0.043 0.003 0.046 0.019 0.004 0.023 12.324 0.006 12.326 13.685 0.005 13.688 13.653 0 13.65
0.05 0.001 0.051 0.022 0.002 0.024 12.625 0.008 12.629 13.738 0.005 13.741 13.656 0.001 13.654
0.047 0.002 0.049 0.021 0.003 0.023 13.031 0.003 13.039 13.757 0.005 13.763 13.605 0 13.614
0.049 0.00199999999999999 0.051 0.023 0 0.023 13.812 0.011 13.82 14.718 0.005 14.72 14.536 0.001 14.535
0.049 0.00199999999999999 0.051 0.019 0.004 0.023 13.377 0.004 13.377 14.364 0.006 14.367 14.268 0 14.265
0.043 0.004 0.047 0.019 0.003 0.022 12.29 0.005 12.291 13.713 0.006 13.717 13.706 0 13.703
0.05 0 0.05 0.019 0.004 0.023 13.179 0.005 13.181 14.13 0.01 14.137 14.057 0 14.054
0.051 0 0.051 0.021 0.003 0.023 13.193 0.015 13.206 14.272 0.002 14.271 14.127 0 14.124
0.044 0.00199999999999999 0.046 0.02 0.003 0.023 12.211 0.012 12.22 13.616 0 13.613 13.801 0 13.799
0.047 0.003 0.05 0.02 0.003 0.023 12.7 0.011 12.707 13.608 0.00199999999999999 13.608 13.53 0 13.527
0.049 0.002 0.051 0.018 0.005 0.023 12.787 0.011 12.845 13.701 0.026 13.774 13.62 0.014 13.671
0.044 0.000999999999999994 0.045 0.021 0.002 0.023 12.202 0.004 12.202 13.547 0.005 13.55 13.748 0 13.753
0.047 0.002 0.049 0.02 0.004 0.024 12.979 0.005 12.982 14.023 0.005 14.024 13.935 0 13.932
0.048 0.003 0.051 0.021 0.002 0.023 13.188 0.014 13.199 14.146 0 14.145 13.603 0.003 13.608
0.046 0 0.046 0.02 0.003 0.023 12.407 0.006 12.418 13.677 0.002 13.682 13.526 0 13.527
0.05 0 0.05 0.021 0.003 0.024 13.276 0.005 13.278 14.283 0.00600000000000001 14.285 14.247 0 14.244
0.044 0.002 0.046 0.019 0.003 0.023 12.102 0.009 12.108 13.507 0.000999999999999994 13.505 13.888 0 13.885
0.048 0.002 0.049 0.02 0.003 0.024 13.208 0.007 13.211 14.223 0.001 14.222 14.145 0 14.142
0.049 0.002 0.051 0.018 0.005 0.023 13.126 0.008 13.132 14.087 0.01 14.094 13.973 0 13.969
0.05 0 0.051 0.02 0.004 0.023 12.228 0.007 12.232 13.536 0.003 13.536 13.448 0 13.446
0.051 0 0.05 0.021 0.00199999999999999 0.024 13.212 0.002 13.211 14.157 0.006 14.161 14.151 0.001 14.148
0.044 0.002 0.047 0.021 0.002 0.023 12.197 0.009 12.208 13.594 0.008 13.605 13.901 0.001 13.902
0.045 0.001 0.046 0.02 0.003 0.022 12.296 0.003 12.297 13.649 0.008 13.655 14.189 0 14.184
0.051 0 0.05 0.022 0.001 0.024 12.204 0.007 12.207 13.505 0.00199999999999999 13.504 13.467 0.001 13.466
0.05 0.001 0.051 0.02 0.003 0.024 12.675 0.007 12.679 13.624 0.005 13.626 13.544 0 13.542
0.05 0.002 0.052 0.022 0.002 0.023 13.187 0.007 13.192 14.212 0.005 14.214 14.093 0.001 14.09
0.052 0.002 0.054 0.017 0.006 0.023 13.257 0.013 13.266 14.278 0 14.275 14.166 0 14.162
0.045 0.001 0.045 0.019 0.003 0.023 12.054 0.003 12.054 13.501 0.005 13.502 13.965 0 13.963
0.049 0.002 0.051 0.018 0.005 0.023 12.943 0.012 12.953 13.529 0.001 13.534 13.318 0 13.319
0.048 0.00199999999999999 0.051 0.021 0.003 0.024 13.195 0.011 13.211 13.826 0.00199999999999999 13.828 13.683 0 13.687
0.049 0.00199999999999999 0.05 0.019 0.004 0.023 13.133 0.006 13.137 14.195 0.007 14.198 14.094 0 14.092
0.048 0.002 0.051 0.021 0.003 0.023 13.961 0.012 13.969 14.978 0 14.975 14.864 0 14.86
0.05 0.002 0.051 0.023 0.001 0.023 13.105 0.00899999999999999 13.113 13.801 0 13.797 13.726 0 13.722
0.049 0.00199999999999999 0.05 0.022 0.001 0.024 13.039 0.005 13.04 14.127 0.005 14.13 14.059 0 14.056
0.049 0.001 0.051 0.023 0.001 0.023 13.405 0.008 13.41 14.438 0.004 14.439 14.36 0 14.356
0.044 0.002 0.046 0.02 0.003 0.023 12.367 0.013 12.377 13.676 0.003 13.676 13.607 0 13.604
0.05 0.00199999999999999 0.051 0.021 0.002 0.024 13.199 0.011 13.207 14.231 0 14.227 14.11 0 14.107
0.05 0.001 0.051 0.022 0.000999999999999994 0.023 13.221 0.007 13.226 14.189 0.004 14.189 14.159 0 14.156
0.047 0.003 0.05 0.021 0.002 0.024 12.585 0.004 12.584 13.454 0.005 13.458 13.391 0.00199999999999999 13.389
0.051 0.001 0.051 0.022 0.002 0.023 13.116 0.006 13.121 13.637 0 13.633 13.518 0 13.515
0.051 0.001 0.051 0.023 0.001 0.024 13.011 0.004 13.013 14.08 0.007 14.083 13.868 0 13.874
0.046 0 0.046 0.021 0.002 0.023 12.527 0.008 12.531 13.895 0.005 13.898 14.001 0 13.999
0.043 0.00199999999999999 0.045 0.022 0.001 0.023 12.982 0.002 12.981 14.285 0.005 14.287 14.244 0 14.24
0.049 0.001 0.05 0.021 0.003 0.024 13.257 0.009 13.264 14.279 0.003 14.278 13.979 0 13.976
0.046 0 0.046 0.019 0.004 0.023 12.208 0.009 12.213 13.591 0.002 13.59 13.856 0 13.854
0.048 0.003 0.051 0.02 0.003 0.024 13.306 0.007 13.31 13.744 0.007 13.748 13.585 0.001 13.582
0.05 0.002 0.052 0.02 0.004 0.024 12.889 0.01 12.904 13.775 0.00699999999999999 13.787 13.548 0.001 13.552
0.047 0 0.047 0.021 0.002 0.022 12.224 0.004 12.225 13.559 0.00899999999999999 13.565 13.553 0 13.553
0.045 0.001 0.047 0.02 0.003 0.022 13.056 0.008 13.061 14.477 0.003 14.478 14.369 0 14.366
0.049 0.001 0.05 0.019 0.005 0.024 13.115 0.005 13.116 13.837 0.007 13.84 13.619 0 13.616
0.05 0 0.051 0.021 0.003 0.023 13.225 0.006 13.229 14.257 0.005 14.259 14.161 0 14.156
0.044 0.002 0.046 0.022 0.001 0.023 12.175 0.007 12.179 13.564 0.01 13.571 13.547 0 13.545
0.051 0 0.051 0.022 0.002 0.024 13.281 0.01 13.288 14.237 0.007 14.242 14.127 0 14.123
0.049 0.001 0.05 0.022 0.002 0.024 13.093 0.006 13.095 13.844 0.005 13.846 13.744 0 13.741
0.044 0.001 0.046 0.019 0.004 0.023 12.08 0.005 12.081 13.5 0.009 13.505 13.391 0 13.389
0.048 0.003 0.051 0.021 0.002 0.023 13.283 0.007 13.287 14.34 0.006 14.343 14.217 0 14.214
0.046 0.000999999999999994 0.046 0.021 0.002 0.023 12.467 0.006 12.469 13.85 0.004 13.852 13.776 0 13.773
0.042 0.003 0.046 0.019 0.004 0.022 12.155 0.006 12.158 13.497 0.007 13.501 13.618 0.001 13.617
0.05 0.002 0.051 0.021 0.002 0.023 11.992 0.003 11.998 13.127 0.004 13.13 12.98 0 12.986
0.05 0.001 0.051 0.023 0 0.023 12.64 0.007 12.644 13.553 0.006 13.557 13.488 0 13.484
0.048 0.003 0.051 0.02 0.003 0.023 13.578 0.00600000000000001 13.581 14.482 0.006 14.485 14.405 0 14.402
0.049 0.001 0.05 0.018 0.005 0.024 13.265 0.007 13.268 14.214 0.006 14.217 14.121 0 14.118
0.045 0.001 0.046 0.018 0.005 0.023 12.288 0.014 12.297 13.594 0.001 13.593 13.803 0 13.802
0.049 0.002 0.051 0.018 0.005 0.023 12.206 0.009 12.218 13.263 0.011 13.278 13.081 0.001 13.082
0.049 0.001 0.049 0.019 0.003 0.023 13.041 0.011 13.049 14.092 0.003 14.092 14.002 0 13.999
0.048 0.003 0.051 0.021 0.002 0.023 12.174 0.004 12.175 13.49 0.003 13.491 13.44 0 13.437
0.049 0.001 0.051 0.021 0.003 0.023 12.686 0.00600000000000001 12.688 13.801 0.003 13.802 13.733 0 13.73
0.049 0.002 0.051 0.02 0.003 0.023 13.36 0.002 13.359 14.328 0.005 14.328 14.283 0 14.28
0.045 0.001 0.046 0.02 0.00199999999999999 0.022 12.206 0.01 12.213 13.61 0.006 13.613 13.534 0.001 13.533
0.05 0 0.05 0.021 0.003 0.024 13.173 0.002 13.173 14.146 0.005 14.148 14.094 0 14.09
0.052 0 0.052 0.02 0.003 0.023 13.495 0.004 13.496 14.406 0.003 14.406 14.302 0 14.299
0.048 0.003 0.05 0.021 0.002 0.024 12.392 0.007 12.396 13.562 0.006 13.565 13.508 0 13.506
0.046 0 0.046 0.02 0.003 0.023 12.296 0.009 12.301 13.687 0.004 13.69 13.598 0.001 13.595
0.053 0.001 0.053 0.019 0.004 0.024 13.272 0.013 13.281 14.297 0.001 14.295 14.204 0 14.2
0.049 0.002 0.05 0.019 0.005 0.024 13.135 0.00700000000000001 13.139 14.176 0.00199999999999999 14.176 14.074 0 14.069
0.046 0.005 0.05 0.02 0.003 0.023 13.158 0.005 13.16 14.205 0.004 14.206 14.077 0 14.074
0.044 0.002 0.046 0.023 0 0.022 12.269 0.00600000000000001 12.272 13.593 0.007 13.597 13.568 0 13.566
0.05 0.001 0.051 0.017 0.006 0.023 13.355 0.013 13.366 14.37 0.000999999999999994 14.367 14.3 0 14.297
0.05 0.001 0.05 0.018 0.005 0.023 13.334 0.008 13.339 14.277 0.004 14.278 14.176 0 14.173
0.046 0.001 0.046 0.019 0.003 0.022 12.286 0.007 12.29 13.645 0.00600000000000001 13.649 13.905 0 13.903
0.049 0.002 0.051 0.019 0.004 0.023 12.676 0.006 12.678 13.581 0.007 13.586 13.552 0 13.55
0.054 0 0.054 0.021 0.00199999999999999 0.023 13.404 0.011 13.412 14.373 0 14.369 14.302 0 14.299
0.049 0.002 0.051 0.022 0.002 0.024 13.211 0.004 13.212 14.198 0.00700000000000001 14.202 14.078 0 14.075
0.05 0.001 0.051 0.022 0.000999999999999994 0.023 13.224 0.009 13.23 14.274 0.004 14.275 14.219 0 14.215
0.043 0.004 0.046 0.022 0 0.023 12.26 0.006 12.262 13.64 0.004 13.641 14.021 0 14.018
0.046 0.00199999999999999 0.049 0.021 0.003 0.023 13.067 0.007 13.071 14.071 0.003 14.072 13.983 0.001 13.98
0.05 0.001 0.051 0.021 0.002 0.023 13.366 0.00199999999999999 13.365 14.275 0.003 14.275 14.173 0 14.17
0.046 0.001 0.047 0.021 0.001 0.022 12.207 0.00600000000000001 12.21 13.548 0.006 13.551 13.488 0 13.486
0.051 0 0.05 0.022 0.001 0.023 13.238 0.013 13.248 14.335 0 14.333 14.174 0 14.17
0.043 0.003 0.046 0.02 0.003 0.022 12.222 0.01 12.236 13.579 0.007 13.59 13.853 0.039 13.9
0.045 0 0.046 0.021 0.002 0.022 12.217 0.005 12.219 13.572 0.007 13.577 14.081 0 14.079
0.049 0.001 0.049 0.021 0.002 0.023 13.17 0.011 13.178 14.209 0.003 14.21 14.074 0 14.07
0.054 0.000999999999999994 0.055 0.025 0.001 0.025 16.914 0.00600000000000001 16.916 17.893 0.00199999999999999 17.892 17.161 0 17.156
