0.02 0.001 0.022 0.011 0.003 0.014 8.681 0.006 8.684 9.607 0 9.606 9.608 0 9.605
0.022 0 0.022 0.013 0.001 0.014 9.254 0.006 9.256 9.637 0 9.636 9.011 0 9.009
0.022 0.001 0.023 0.011 0.003 0.014 9.39 0.007 9.394 9.786 0 9.784 9.737 0 9.736
0.021 0.001 0.023 0.012 0.003 0.014 9.742 0.005 9.745 10.119 0 10.117 10.006 0 10.004
0.021 0.001 0.021 0.00900000000000001 0.005 0.014 9.712 0.006 9.716 10.079 0 10.077 10.108 0 10.105
0.023 0 0.023 0.014 0.00199999999999999 0.014 9.708 0.007 9.713 10.107 0 10.105 10.046 0 10.044
0.019 0.002 0.022 0.012 0.002 0.014 8.96 0.008 8.966 10.098 0 10.095 10.076 0 10.075
0.024 0.001 0.025 0.014 0 0.014 10.589 0.005 10.591 10.866 0 10.864 10.022 0 10.019
0.022 0 0.022 0.013 0.002 0.015 9.335 0.008 9.34 9.78 0 9.777 9.721 0 9.72
0.02 0.00199999999999999 0.022 0.015 0.001 0.015 9.155 0.00700000000000001 9.16 9.593 0 9.591 9.53 0 9.528
0.023 0.001 0.024 0.012 0 0.012 10.527 0.005 10.53 10.98 0 10.978 10.987 0 10.984
0.023 0 0.023 0.014 0.001 0.014 9.304 0.009 9.31 9.788 0 9.787 9.735 0 9.733
0.022 0 0.024 0.012 0.003 0.014 9.594 0.011 9.602 9.992 0 9.99 10.009 0 10.007
0.019 0.001 0.021 0.011 0.003 0.013 8.713 0.008 8.718 9.691 0.001 9.69 9.666 0 9.664
0.021 0 0.021 0.011 0.003 0.014 8.953 0.008 8.959 9.457 0.001 9.455 9.362 0 9.362
0.023 0.001 0.024 0.014 0 0.014 10.558 0.003 10.559 10.979 0 10.977 10.98 0 10.977
0.021 0.001 0.022 0.012 0.003 0.015 9.254 0.00600000000000001 9.257 9.681 0 9.679 9.641 0 9.645
0.019 0.004 0.022 0.011 0.003 0.015 9.62 0.004 9.621 9.965 0 9.964 9.234 0 9.231
0.023 0 0.022 0.012 0.003 0.015 9.148 0.011 9.157 9.608 0.001 9.608 9.598 0 9.595
0.022 0.002 0.024 0.014 0 0.013 10.53 0.007 10.535 10.995 0 10.993 10.524 0 10.526
0.02 0.002 0.021 0.014 0 0.014 9.284 0.01 9.292 9.736 0 9.733 9.668 0 9.667
0.021 0.002 0.023 0.014 0.001 0.015 9.202 0.00899999999999999 9.209 9.617 0 9.614 9.535 0 9.534
0.022 0 0.023 0.012 0.003 0.014 9.046 0.012 9.056 9.373 0 9.371 9.306 0 9.305
0.023 0 0.022 0.014 0.001 0.015 9.175 0.01 9.184 9.604 0 9.6 9.552 0 9.55
0.019 0.003 0.023 0.013 0 0.013 9.666 0.012 9.674 11.098 0 11.096 11.067 0 11.065
0.022 0 0.022 0.015 0 0.015 9.323 0.008 9.329 9.754 0 9.751 9.222 0 9.221
0.023 0.001 0.024 0.015 0 0.015 10.528 0.006 10.531 10.947 0 10.945 10.678 0 10.675
0.021 0.001 0.023 0.013 0.00199999999999999 0.014 9.659 0.006 9.662 10.135 0 10.135 10.071 0 10.068
0.02 0.002 0.022 0.012 0.002 0.014 9.121 0.007 9.131 9.388 0.000999999999999994 9.391 9.228 0 9.226
0.021 0.00199999999999999 0.023 0.013 0.001 0.015 9.65 0.007 9.654 10.09 0 10.088 9.968 0 9.966
0.023 0 0.023 0.013 0.001 0.015 9.663 0.01 9.671 10.056 0 10.053 10.006 0 10.003
0.021 0 0.021 0.014 0 0.014 9.322 0.016 9.335 9.76 0.001 9.76 9.698 0 9.696
0.023 0.001 0.024 0.014 0 0.014 10.445 0.00899999999999999 10.451 10.897 0 10.895 10.855 0 10.851
0.021 0.002 0.023 0.012 0.002 0.014 9.356 0.012 9.366 9.705 0 9.702 9.617 0 9.615
0.021 0.001 0.021 0.012 0.001 0.014 9.197 0.014 9.207 9.526 0 9.524 9.465 0 9.463
0.022 0.001 0.022 0.013 0.000999999999999994 0.015 9.009 0.007 9.014 9.439 0 9.436 9.351 0 9.349
0.023 0 0.023 0.013 0.002 0.014 9.116 0.003 9.117 9.554 0 9.552 9.447 0 9.444
0.02 0.00199999999999999 0.021 0.013 0.001 0.014 8.794 0.009 8.802 9.793 0.001 9.791 9.769 0 9.767
0.022 0 0.022 0.011 0.003 0.015 9.328 0.012 9.337 9.702 0 9.699 9.043 0 9.042
0.022 0 0.022 0.013 0.002 0.015 9.29 0.008 9.295 9.733 0 9.731 9.661 0 9.659
0.02 0.00199999999999999 0.023 0.015 0 0.015 9.443 0.005 9.445 9.839 0 9.836 9.802 0 9.8
0.021 0.001 0.022 0.015 0 0.015 9.09 0.014 9.101 9.48 0 9.477 9.404 0 9.402
0.023 0 0.023 0.012 0.002 0.015 9.665 0.01 9.672 10.171 0 10.168 10.03 0 10.029
0.021 0.001 0.023 0.012 0.003 0.015 9.669 0.012 9.678 10.099 0 10.097 10.029 0 10.026
0.021 0.002 0.023 0.01 0.005 0.015 9.707 0.006 9.71 10.044 0 10.043 10.019 0 10.016
0.024 0.000999999999999994 0.024 0.014 0 0.014 10.593 0.00600000000000001 10.597 11.041 0 11.038 10.991 0 10.988
0.022 0 0.023 0.014 0.000999999999999994 0.014 9.26 0.008 9.266 9.762 0 9.759 9.61 0 9.608
0.021 0.001 0.023 0.015 0 0.014 9.347 0.008 9.352 9.639 0 9.636 9.568 0 9.567
0.023 0 0.023 0.014 0.001 0.014 9.637 0.013 9.648 10.079 0 10.076 10.063 0 10.062
0.022 0.001 0.023 0.013 0 0.012 10.647 0.005 10.649 11.053 0.000999999999999994 11.052 10.998 0 10.996
0.022 0.001 0.022 0.01 0.004 0.015 9.703 0.015 9.715 10.135 0 10.134 10.023 0 10.02
0.021 0.002 0.022 0.013 0 0.013 9.661 0.005 9.663 10.925 0 10.923 10.88 0 10.877
0.021 0.001 0.022 0.012 0.003 0.014 9.667 0.008 9.673 9.995 0 9.993 9.331 0 9.329
0.021 0.001 0.022 0.013 0.002 0.015 9.703 0.006 9.707 10.148 0 10.146 10.118 0 10.115
0.02 0.003 0.022 0.012 0.002 0.015 9.695 0.012 9.703 10.175 0 10.174 10.065 0 10.062
0.024 0 0.024 0.013 0.002 0.015 10.564 0.007 10.568 10.95 0 10.948 10.915 0 10.913
0.022 0 0.022 0.01 0.004 0.015 9.199 0.008 9.203 9.503 0.001 9.502 9.446 0.001 9.445
0.022 0.002 0.024 0.014 0 0.014 10.516 0.009 10.521 10.852 0 10.85 10.85 0 10.848
0.02 0.004 0.024 0.013 0.001 0.014 10.646 0.009 10.651 11.101 0 11.1 11.104 0 11.101
0.021 0.001 0.023 0.014 0.001 0.014 9.598 0.009 9.607 9.884 0 9.89 9.792 0 9.794
0.023 0 0.023 0.014 0.001 0.015 9.213 0.016 9.226 9.495 0 9.494 9.451 0 9.449
0.023 0 0.022 0.011 0.003 0.015 9.005 0.007 9.009 9.457 0 9.454 9.426 0 9.425
0.022 0 0.023 0.014 0.001 0.015 9.36 0.005 9.363 9.812 0 9.808 9.745 0 9.743
0.021 0.002 0.022 0.011 0.003 0.015 9.361 0.008 9.367 9.764 0 9.76 9.711 0 9.709
0.02 0.003 0.023 0.014 0 0.014 9.276 0.01 9.284 9.527 0 9.524 9.459 0 9.458
0.022 0.000999999999999994 0.022 0.013 0.001 0.015 9.406 0.013 9.417 9.777 0 9.774 9.713 0 9.712
0.022 0.001 0.022 0.014 0 0.014 9.788 0.008 9.794 11.101 0 11.099 11.023 0 11.021
0.021 0.001 0.023 0.015 0 0.015 9.751 0.00199999999999999 9.75 10.099 0.001 10.098 9.518 0 9.515
0.021 0.001 0.021 0.014 0.000999999999999994 0.015 9.04 0.004 9.042 9.514 0 9.511 9.444 0 9.443
0.022 0.000999999999999994 0.023 0.011 0.003 0.014 9.699 0.006 9.701 9.978 0 9.977 9.815 0 9.813
0.022 0 0.023 0.013 0.003 0.015 9.681 0.006 9.685 10.056 0 10.054 9.958 0 9.955
0.021 0 0.021 0.013 0.001 0.014 9.337 0.011 9.345 9.75 0 9.748 9.68 0 9.678
0.021 0.00199999999999999 0.022 0.014 0.001 0.015 9.343 0.01 9.35 9.749 0.001 9.748 9.685 0 9.684
0.023 0.001 0.024 0.015 0 0.014 10.552 0.009 10.558 10.971 0 10.97 10.94 0 10.936
0.021 0.001 0.023 0.012 0.003 0.015 9.445 0.006 9.448 9.854 0 9.851 9.807 0 9.805
0.021 0.002 0.023 0.013 0.001 0.014 9.246 0.01 9.253 9.69 0 9.687 9.596 0 9.595
0.024 0 0.024 0.014 0 0.014 10.59 0.004 10.591 11.064 0 11.062 11.053 0 11.051
0.023 0 0.023 0.014 0.001 0.015 9.771 0.005 9.773 10.071 0 10.068 9.987 0.001 9.986
0.022 0 0.022 0.012 0.002 0.015 9.748 0.012 9.757 10.149 0 10.147 10.11 0 10.106
0.023 0 0.022 0.011 0.004 0.015 9.297 0.007 9.301 9.669 0 9.668 9.618 0 9.618
0.022 0.001 0.023 0.013 0.001 0.014 9.063 0.006 9.066 9.507 0 9.505 9.424 0 9.422
0.023 0.002 0.024 0.014 0 0.014 10.553 0.006 10.558 11.025 0 11.023 10.943 0 10.939
0.021 0 0.021 0.012 0.002 0.014 8.554 0.01 8.561 9.493 0 9.49 9.494 0 9.493
0.023 0.001 0.023 0.014 0 0.014 10.528 0.00799999999999999 10.534 10.533 0 10.531 9.812 0 9.809
0.022 0 0.023 0.015 0 0.014 9.689 0.006 9.692 10.144 0 10.143 9.951 0 9.948
0.022 0 0.022 0.014 0.001 0.014 9.125 0.01 9.134 9.566 0 9.563 9.499 0 9.498
0.02 0.002 0.022 0.013 0.00199999999999999 0.015 9.03 0.012 9.04 9.412 0 9.409 9.272 0 9.27
0.022 0.001 0.023 0.012 0.003 0.014 9.204 0.008 9.21 9.662 0.001 9.66 9.576 0 9.575
0.02 0.00199999999999999 0.022 0.015 0 0.015 9.186 0.011 9.195 9.611 0 9.607 9.553 0 9.553
0.02 0.002 0.022 0.015 0 0.015 9.066 0.012 9.076 9.504 0 9.501 9.454 0 9.453
0.024 0.001 0.024 0.013 0.001 0.015 10.499 0.007 10.502 11.003 0 11.001 10.828 0 10.825
0.023 0 0.023 0.014 0.001 0.014 9.734 0.008 9.741 10.04 0 10.038 10.042 0 10.039
0.022 0.001 0.023 0.012 0.003 0.015 9.724 0.008 9.729 10.074 0 10.073 10.01 0 10.007
0.024 0 0.023 0.013 0.002 0.015 9.06 0.008 9.066 9.402 0 9.4 9.327 0 9.324
0.022 0 0.023 0.013 0.002 0.015 9.689 0.004 9.691 10.125 0 10.123 9.996 0 9.993
0.02 0.002 0.023 0.013 0.002 0.014 9.069 0.011 9.078 9.475 0 9.472 9.434 0 9.433
0.022 0.001 0.022 0.013 0.001 0.015 9.275 0.007 9.28 9.704 0 9.702 9.701 0 9.699
0.024 0.001 0.025 0.014 0 0.014 10.636 0.007 10.639 11.048 0 11.047 10.987 0 10.985
0.021 0.001 0.023 0.013 0.000999999999999994 0.014 9.688 0.011 9.696 10.108 0 10.105 10.071 0 10.068
0.019 0.004 0.023 0.014 0 0.015 9.72 0.00700000000000001 9.724 9.991 0.00199999999999999 9.991 9.942 0 9.94
0.021 0.00199999999999999 0.023 0.014 0 0.015 9.628 0.009 9.633 10.009 0 10.009 9.939 0 9.935
0.021 0.001 0.023 0.015 0.001 0.015 9.718 0.01 9.726 10.19 0 10.189 10.153 0 10.149
0.021 0 0.021 0.014 0 0.014 8.716 0.006 8.719 9.734 0 9.732 9.718 0 9.717
0.022 0 0.022 0.015 0 0.015 9.344 0.008 9.35 9.701 0 9.698 9.126 0 9.125
0.024 0 0.024 0.014 0 0.014 10.565 0.008 10.57 11.026 0.001 11.025 10.991 0 10.988
0.023 0.000999999999999994 0.024 0.014 0 0.014 10.554 0.00800000000000001 10.559 11.007 0 11.005 10.964 0 10.96
0.023 0 0.023 0.013 0.002 0.015 9.383 0.009 9.389 9.783 0 9.781 9.765 0 9.762
0.022 0 0.022 0.012 0.003 0.015 9.144 0.011 9.153 9.579 0.001 9.577 9.483 0 9.482
0.021 0.001 0.022 0.012 0.002 0.015 8.962 0.006 8.966 9.369 0 9.366 9.333 0 9.331
0.022 0 0.023 0.014 0.001 0.014 9.721 0.007 9.726 10.119 0 10.116 10.068 0 10.066
0.022 0 0.022 0.014 0 0.014 9.232 0.007 9.237 9.662 0.001 9.66 9.57 0 9.569
0.02 0.001 0.022 0.014 0 0.014 9.108 0.012 9.117 9.531 0 9.529 9.498 0 9.495
0.022 0.001 0.023 0.012 0 0.012 9.718 0.005 9.72 11.118 0.001 11.117 11.056 0 11.054
0.023 0 0.022 0.012 0.003 0.015 9.619 0.011 9.628 10.027 0 10.025 9.991 0 9.988
0.023 0.002 0.024 0.014 0 0.014 10.566 0.008 10.572 11.003 0.001 11.002 11.023 0 11.02
0.021 0.002 0.023 0.012 0.00199999999999999 0.015 9.37 0.00800000000000001 9.375 9.76 0 9.758 9.744 0 9.741
0.021 0.001 0.023 0.013 0.002 0.014 9.209 0.006 9.213 9.518 0 9.515 9.117 0 9.116
0.024 0 0.024 0.014 0 0.014 10.552 0.008 10.558 10.889 0 10.887 10.515 0 10.512
0.021 0.001 0.022 0.012 0.003 0.014 9.318 0.00799999999999999 9.323 9.59 0.001 9.589 9.566 0 9.564
0.022 0 0.021 0.014 0 0.014 9.615 0.01 9.623 10.055 0 10.052 9.966 0 9.963
0.021 0.002 0.023 0.014 0 0.015 9.627 0.003 9.627 10.129 0 10.128 9.97 0 9.967
0.021 0.002 0.022 0.013 0.002 0.015 9.568 0.007 9.574 9.984 0 9.983 9.962 0 9.958
0.022 0 0.022 0.013 0.002 0.015 9.188 0.01 9.195 9.617 0 9.615 9.579 0 9.576
0.019 0.003 0.022 0.014 0.001 0.014 9.149 0.007 9.154 9.481 0.001 9.479 9.409 0.001 9.409
0.022 0 0.022 0.014 0.000999999999999994 0.014 9.076 0.00600000000000001 9.081 9.423 0.001 9.42 9.392 0 9.392
0.022 0 0.023 0.011 0.003 0.014 9.035 0.008 9.041 9.423 0 9.42 9.355 0 9.354
0.024 0 0.024 0.014 0 0.014 10.472 0.007 10.482 10.895 0.002 10.898 10.889 0.005 10.897
0.021 0.002 0.022 0.014 0 0.015 9.458 0.01 9.465 9.871 0 9.868 9.788 0 9.787
0.021 0.001 0.022 0.011 0.004 0.015 9.639 0.008 9.645 9.968 0 9.966 9.877 0 9.874
0.021 0.003 0.024 0.013 0.001 0.015 8.998 0.01 9.004 9.407 0 9.405 9.409 0 9.407
0.022 0 0.023 0.013 0.002 0.015 9.717 0.013 9.727 10.086 0 10.085 10.046 0 10.043
0.022 0 0.022 0.013 0.00199999999999999 0.015 9.161 0.008 9.166 9.544 0 9.541 9.515 0 9.512
0.022 0.002 0.024 0.013 0.001 0.014 10.604 0.007 10.608 10.967 0 10.965 10.943 0 10.94
0.023 0.00199999999999999 0.025 0.014 0 0.014 10.383 0.00700000000000001 10.387 10.836 0 10.835 10.715 0 10.711
0.021 0.002 0.023 0.011 0.003 0.015 9.673 0.009 9.679 10.076 0 10.074 10.049 0.001 10.048
0.021 0 0.022 0.012 0.002 0.014 8.721 0.012 8.731 9.696 0 9.693 9.725 0 9.724
0.023 0.001 0.025 0.014 0 0.014 10.543 0.004 10.543 10.716 0 10.715 10.042 0 10.038
0.022 0.001 0.022 0.013 0.001 0.015 9.711 0.011 9.718 10.092 0.000999999999999994 10.093 9.998 0 9.995
0.02 0.002 0.023 0.013 0.002 0.014 9.291 0.007 9.297 9.761 0 9.758 9.703 0 9.701
0.02 0.002 0.022 0.014 0.001 0.015 9.344 0.011 9.352 9.801 0 9.798 9.702 0 9.7
0.023 0.001 0.025 0.014 0 0.014 10.343 0.003 10.344 10.807 0 10.804 10.669 0 10.667
0.023 0 0.023 0.013 0 0.013 10.338 0.004 10.339 10.78 0 10.777 10.776 0 10.773
0.02 0.002 0.022 0.013 0.001 0.014 9.581 0.004 9.582 9.971 0 9.97 9.954 0 9.951
0.024 0 0.024 0.014 0 0.014 10.545 0.004 10.546 11.017 0 11.016 10.966 0 10.963
0.022 0 0.023 0.015 0 0.015 9.641 0.009 9.647 10.077 0 10.076 10.003 0 10
0.019 0.002 0.022 0.013 0.002 0.014 9.15 0.01 9.159 9.617 0.001 9.615 9.512 0 9.51
0.022 0.003 0.024 0.014 0 0.014 10.48 0.008 10.486 10.965 0 10.963 10.932 0 10.929
0.021 0 0.021 0.012 0.002 0.014 9.004 0.009 9.011 10.018 0 10.015 9.889 0 9.888
0.022 0 0.022 0.014 0 0.014 9.311 0.01 9.318 9.772 0 9.77 9.069 0 9.067
0.022 0 0.022 0.014 0.001 0.015 9.401 0.007 9.405 9.767 0 9.765 9.715 0 9.713
0.02 0.003 0.023 0.012 0.002 0.015 9.317 0.009 9.324 9.749 0 9.746 9.713 0 9.711
0.021 0.001 0.022 0.014 0.001 0.015 9.105 0.01 9.113 9.544 0 9.541 9.452 0 9.45
0.023 0 0.022 0.014 0.001 0.015 9.175 0.006 9.178 9.607 0 9.606 9.525 0 9.522
0.019 0.00199999999999999 0.021 0.011 0.003 0.014 9.558 0.005 9.562 9.881 0 9.878 9.827 0 9.825
0.021 0 0.021 0.013 0.000999999999999997 0.014 9.157 0.014 9.169 9.502 0 9.499 9.442 0.001 9.442
0.021 0.001 0.023 0.013 0.002 0.015 9.109 0.007 9.114 9.517 0 9.514 9.473 0 9.472
0.023 0 0.023 0.013 0.002 0.014 9.595 0.008 9.6 9.96 0 9.96 9.906 0 9.903
0.022 0 0.023 0.014 0.000999999999999994 0.014 9.547 0.005 9.551 9.878 0 9.874 9.841 0 9.841
0.022 0.00199999999999999 0.023 0.012 0 0.013 10.356 0.00600000000000001 10.358 10.838 0 10.836 10.804 0 10.801
0.022 0.001 0.022 0.013 0.002 0.015 9.812 0.007 9.817 10.225 0 10.221 10.182 0 10.18
0.024 0.000999999999999994 0.024 0.014 0 0.015 10.576 0.00600000000000001 10.58 10.983 0 10.98 10.837 0 10.834
0.02 0.003 0.023 0.011 0.003 0.015 9.501 0.007 9.505 9.951 0 9.949 9.868 0 9.866
0.021 0 0.022 0.014 0 0.014 8.991 0.009 8.997 10.122 0 10.119 10.112 0 10.111
0.021 0.001 0.022 0.012 0.003 0.015 9.715 0.00600000000000001 9.718 9.976 0.003 9.978 9.249 0 9.246
0.022 0.002 0.024 0.013 0.000999999999999994 0.014 10.619 0.01 10.627 11.07 0 11.067 10.768 0 10.766
0.019 0.004 0.023 0.012 0.00199999999999999 0.014 9.615 0.00800000000000001 9.62 10.096 0 10.094 10.009 0 10.007
0.023 0 0.023 0.014 0.001 0.014 9.405 0.007 9.41 9.788 0 9.785 9.76 0 9.758
0.02 0.001 0.022 0.013 0.001 0.014 9.569 0.009 9.576 9.912 0.001 9.91 9.834 0 9.831
0.024 0 0.024 0.014 0 0.014 10.454 0.007 10.458 10.897 0 10.895 10.866 0 10.864
0.02 0.004 0.024 0.014 0 0.014 10.336 0.01 10.343 10.778 0 10.776 10.767 0 10.764
0.024 0 0.024 0.014 0 0.015 10.579 0.008 10.585 10.89 0 10.887 10.896 0 10.893
0.022 0.001 0.023 0.013 0 0.013 10.282 0.004 10.283 10.73 0 10.727 10.717 0 10.715
0.021 0.00199999999999999 0.022 0.011 0.003 0.015 9.724 0.006 9.728 10.121 0 10.118 10 0 9.998
0.021 0.001 0.024 0.013 0.002 0.014 9.236 0.008 9.242 9.701 0 9.699 9.677 0 9.675
0.022 0 0.023 0.012 0.003 0.015 9.541 0.009 9.547 9.99 0 9.988 9.867 0 9.865
0.021 0.002 0.022 0.012 0 0.013 9.652 0.003 9.652 11.057 0 11.056 11.007 0 11.003
0.022 0 0.022 0.014 0.001 0.015 9.316 0.018 9.332 9.728 0 9.725 9.21 0 9.209
0.021 0.001 0.023 0.015 0 0.015 9.308 0.00899999999999999 9.314 9.742 0.001 9.742 9.75 0 9.747
0.022 0 0.022 0.013 0.002 0.015 9.256 0.01 9.263 9.689 0 9.687 9.645 0 9.643
0.02 0.003 0.023 0.013 0.00199999999999999 0.015 9.753 0.007 9.758 10.202 0 10.2 10.083 0 10.08
0.023 0 0.023 0.014 0.001 0.014 9.498 0.005 9.502 9.939 0 9.935 9.867 0 9.867
0.022 0 0.023 0.015 0 0.015 9.737 0.007 9.742 10.184 0 10.182 10.084 0 10.081
0.021 0.002 0.023 0.012 0.003 0.015 8.972 0.007 8.978 9.368 0 9.365 9.285 0 9.283
0.022 0 0.023 0.015 0 0.015 9.397 0.011 9.405 9.872 0 9.87 9.777 0 9.775
0.022 0.001 0.023 0.012 0.003 0.015 9.649 0.007 9.654 9.976 0.00199999999999999 9.976 10.022 0.001 10.019
0.021 0 0.021 0.012 0.002 0.014 9.653 0.004 9.654 10.101 0 10.098 10.119 0 10.116
0.023 0 0.023 0.013 0.001 0.014 9.682 0.004 9.683 10.063 0.001 10.063 10.009 0 10.006
0.02 0.003 0.023 0.011 0.003 0.014 9.324 0.006 9.327 9.751 0 9.749 9.655 0 9.653
0.018 0.003 0.021 0.012 0.002 0.014 8.596 0.008 8.601 9.548 0 9.546 9.519 0 9.518
0.023 0 0.023 0.013 0.001 0.014 9.433 0.005 9.435 9.751 0 9.749 9.143 0 9.141
0.022 0.001 0.022 0.014 0 0.014 9.118 0.01 9.125 9.461 0 9.459 9.412 0 9.411
0.021 0.001 0.022 0.014 0.001 0.015 9.182 0.011 9.191 9.606 0 9.604 9.518 0 9.517
0.023 0 0.023 0.013 0.002 0.014 9.825 0.008 9.831 10.238 0 10.235 10.141 0 10.138
0.021 0.001 0.022 0.013 0.00199999999999999 0.015 9.505 0.008 9.511 9.918 0 9.914 9.749 0 9.754
0.021 0.001 0.022 0.012 0.003 0.015 9.352 0.012 9.361 9.693 0 9.691 9.613 0 9.611
0.023 0.001 0.024 0.013 0.00199999999999999 0.015 9.653 0.00800000000000001 9.659 9.986 0 9.984 9.901 0 9.899
0.02 0.00199999999999999 0.022 0.014 0.001 0.015 8.95 0.006 8.953 9.366 0 9.365 9.346 0 9.344
0.023 0 0.022 0.013 0.002 0.015 9.294 0.007 9.299 9.685 0 9.682 9.63 0 9.628
0.023 0 0.022 0.013 0.001 0.015 9.257 0.00899999999999999 9.264 9.684 0 9.681 9.584 0 9.584
0.022 0 0.023 0.011 0.004 0.014 9.253 0.005 9.257 9.673 0 9.669 9.588 0 9.588
0.023 0 0.023 0.015 0 0.015 9.7 0.01 9.707 10.052 0 10.051 10.084 0 10.081
0.024 0 0.024 0.014 0.000999999999999994 0.015 10.42 0.007 10.424 10.779 0.001 10.778 10.721 0 10.718
0.024 0 0.025 0.015 0 0.014 10.333 0.004 10.334 10.755 0 10.753 10.659 0 10.657
0.023 0.001 0.024 0.014 0 0.014 10.586 0.005 10.588 11.056 0 11.054 11.071 0 11.068
0.022 0 0.023 0.014 0.001 0.014 9.218 0.008 9.224 9.561 0 9.559 9.521 0 9.519
0.022 0 0.022 0.011 0.004 0.015 9.269 0.011 9.278 9.744 0 9.741 9.677 0 9.675
0.021 0 0.021 0.012 0.002 0.014 8.635 0.006 8.639 9.59 0 9.587 9.568 0 9.566
0.023 0.001 0.024 0.014 0 0.013 10.537 0.008 10.542 10.614 0 10.611 9.887 0 9.885
0.021 0.000999999999999994 0.023 0.014 0.001 0.015 9.705 0.006 9.707 10.12 0.001 10.12 10.021 0 10.018
0.021 0.001 0.023 0.015 0 0.014 9.663 0.009 9.67 10.188 0 10.187 10.065 0 10.061
0.023 0 0.023 0.014 0.000999999999999994 0.015 9.339 0.005 9.342 9.75 0 9.747 9.679 0 9.678
0.023 0 0.023 0.013 0.002 0.014 9.606 0.009 9.613 10.059 0 10.058 10 0 9.997
0.023 0 0.024 0.014 0.002 0.015 9.663 0.007 9.668 10.104 0 10.103 10.086 0 10.083
0.022 0.002 0.025 0.014 0 0.014 10.421 0.003 10.42 10.874 0 10.873 10.808 0 10.804
0.022 0.000999999999999994 0.023 0.013 0.002 0.015 9.306 0.008 9.312 9.7 0 9.697 9.701 0 9.7
0.022 0.001 0.022 0.014 0.001 0.015 9.201 0.008 9.208 9.637 0.001 9.636 9.567 0 9.565
0.019 0.002 0.021 0.014 0 0.014 9.692 0.006 9.696 10.004 0 10.003 9.933 0 9.93
0.022 0 0.023 0.013 0.002 0.015 9.691 0.009 9.696 10.011 0 10.009 9.974 0 9.972
0.024 0 0.024 0.014 0 0.014 10.341 0.007 10.346 10.819 0 10.817 10.75 0 10.747
0.022 0.001 0.023 0.00900000000000001 0.005 0.015 8.991 0.012 9 9.449 0 9.447 9.352 0 9.35
0.021 0.000999999999999994 0.021 0.013 0.001 0.015 9.36 0.007 9.364 9.71 0 9.706 9.686 0 9.684
0.019 0.00199999999999999 0.022 0.013 0.001 0.014 8.924 0.004 8.926 10.066 0 10.063 10.061 0 10.06
0.023 0 0.022 0.011 0.003 0.015 9.679 0.005 9.682 10.049 0 10.047 9.283 0 9.281
0.023 0 0.022 0.012 0.00199999999999999 0.014 9.289 0.007 9.295 9.727 0 9.724 9.703 0.001 9.702
0.02 0.002 0.023 0.012 0.002 0.014 9.311 0.008 9.316 9.766 0 9.764 9.676 0 9.674
0.022 0.002 0.023 0.013 0.00199999999999999 0.015 9.372 0.009 9.378 9.752 0.001 9.75 9.705 0 9.704
0.022 0 0.023 0.013 0.002 0.014 9.077 0.008 9.083 9.471 0 9.469 9.357 0 9.355
0.023 0.001 0.024 0.014 0 0.014 10.498 0.005 10.501 11.006 0.002 11.005 10.946 0 10.943
0.022 0 0.023 0.015 0 0.015 9.346 0.009 9.351 9.69 0 9.687 9.687 0 9.686
0.022 0.001 0.023 0.014 0 0.014 9.113 0.006 9.117 9.502 0 9.499 9.481 0 9.481
0.022 0.001 0.022 0.014 0 0.015 9.608 0.00899999999999999 9.614 10.097 0 10.095 9.999 0 9.997
0.022 0 0.024 0.012 0.003 0.014 9.051 0.01 9.06 9.453 0 9.45 9.399 0 9.397
0.024 0.001 0.025 0.014 0 0.014 10.52 0.00899999999999999 10.532 10.76 0 10.764 10.55 0 10.551
0.021 0 0.022 0.014 0 0.014 9.617 0.013 9.628 9.981 0 9.979 9.849 0 9.846
0.021 0.00199999999999999 0.022 0.012 0.002 0.015 9.309 0.007 9.313 9.712 0.001 9.71 9.683 0 9.682
0.022 0.001 0.023 0.014 0.001 0.015 9.599 0.003 9.599 9.778 0 9.779 9.618 0 9.62
0.022 0 0.022 0.013 0.00199999999999999 0.015 9.605 0.015 9.617 9.985 0 9.984 9.947 0 9.944
0.022 0 0.022 0.013 0.002 0.015 9.257 0.012 9.266 9.624 0 9.621 9.558 0 9.557
0.021 0.001 0.022 0.012 0.003 0.015 9.193 0.01 9.201 9.592 0 9.59 9.508 0 9.505
0.02 0.00199999999999999 0.023 0.013 0.002 0.015 9.13 0.009 9.136 9.488 0 9.486 9.471 0 9.47
0.021 0 0.021 0.013 0.001 0.014 8.741 0.01 8.748 9.718 0 9.717 9.697 0 9.695
0.022 0 0.022 0.014 0.000999999999999994 0.015 9.311 0.005 9.314 9.664 0 9.661 9.024 0 9.023
0.024 0.001 0.025 0.014 0 0.013 10.623 0.007 10.628 11.137 0 11.135 11.083 0 11.081
0.025 0 0.024 0.014 0 0.014 10.615 0.009 10.622 11.121 0 11.119 11.056 0 11.054
0.025 0 0.025 0.014 0 0.014 10.732 0.005 10.735 11.092 0.001 11.091 11.024 0 11.022
0.022 0 0.022 0.014 0.001 0.015 9.205 0.009 9.212 9.63 0 9.627 9.59 0 9.589
0.021 0.00199999999999999 0.023 0.011 0.004 0.014 9.446 0.006 9.451 9.908 0 9.905 9.79 0 9.789
0.022 0 0.023 0.013 0.00199999999999999 0.015 9.341 0.007 9.346 9.728 0 9.726 9.708 0 9.706
0.021 0.000999999999999994 0.022 0.013 0.002 0.015 9.18 0.009 9.186 9.571 0 9.569 9.508 0 9.506
0.021 0.001 0.022 0.011 0.003 0.014 9.23 0.008 9.236 9.65 0 9.646 9.594 0 9.593
0.023 0 0.022 0.013 0.001 0.015 9.037 0.01 9.044 9.359 0.001 9.358 9.313 0 9.311
0.022 0.002 0.024 0.014 0 0.014 10.356 0.007 10.361 10.847 0 10.845 10.749 0 10.746
0.022 0 0.023 0.012 0.002 0.014 9.115 0.001 9.114 9.556 0 9.553 9.446 0 9.443
0.023 0 0.022 0.013 0.001 0.015 9.186 0.00600000000000001 9.189 9.564 0 9.561 9.497 0 9.496
0.021 0.002 0.022 0.012 0.002 0.015 9.536 0.007 9.539 9.963 0 9.962 9.892 0 9.889
0.021 0.001 0.021 0.011 0.00199999999999999 0.014 8.526 0.009 8.533 9.419 0 9.417 9.412 0 9.409
0.02 0.002 0.022 0.012 0.003 0.015 9.693 0.011 9.702 9.928 0 9.926 9.236 0 9.234
0.02 0.003 0.022 0.012 0.002 0.015 9.36 0.01 9.368 9.759 0 9.755 9.759 0 9.758
0.019 0.003 0.022 0.012 0.003 0.015 9.305 0.008 9.31 9.704 0 9.702 9.649 0 9.647
0.022 0 0.023 0.014 0.001 0.014 9.261 0.008 9.267 9.563 0 9.559 9.532 0 9.53
0.021 0.001 0.022 0.014 0.001 0.015 9.596 0.008 9.601 9.96 0 9.958 9.955 0 9.953
0.022 0.001 0.023 0.014 0.001 0.014 9.034 0.006 9.038 9.538 0 9.535 9.477 0 9.476
0.022 0 0.022 0.014 0.001 0.015 9.62 0.004 9.62 9.982 0 9.982 9.923 0 9.92
0.024 0 0.024 0.014 0 0.014 10.403 0.007 10.407 10.847 0 10.845 10.843 0 10.84
0.024 0.001 0.024 0.014 0 0.014 10.399 0.01 10.407 10.75 0 10.748 10.705 0 10.702
0.02 0.002 0.022 0.015 0 0.015 9.613 0.006 9.617 10.056 0 10.054 9.971 0 9.968
0.02 0.002 0.021 0.014 0 0.014 9.597 0.009 9.604 9.992 0 9.99 9.903 0 9.901
0.023 0.000999999999999994 0.024 0.014 0 0.014 10.317 0.00800000000000001 10.323 10.759 0 10.756 10.714 0 10.711
0.019 0.002 0.021 0.014 0.001 0.014 8.93 0.006 8.934 9.376 0 9.373 9.385 0 9.385
0.022 0 0.023 0.013 0.002 0.015 9.246 0.01 9.255 9.625 0 9.623 9.59 0 9.588
0.021 0 0.021 0.011 0.003 0.014 9.734 0.008 9.739 10.141 0 10.139 10.115 0 10.112
0.022 0.001 0.023 0.013 0 0.013 10.291 0.00799999999999999 10.296 10.723 0 10.72 10.701 0 10.698
0.021 0.002 0.022 0.014 0 0.015 9.375 0.01 9.383 9.779 0 9.776 9.697 0 9.695
0.022 0.000999999999999994 0.023 0.012 0 0.012 9.616 0.003 9.616 11.013 0 11.011 10.97 0 10.967
0.022 0 0.022 0.012 0.002 0.015 9.317 0.006 9.32 9.769 0 9.767 9.263 0 9.262
0.021 0.001 0.022 0.013 0.002 0.015 9.157 0.005 9.159 9.59 0 9.588 9.52 0 9.518
0.023 0 0.022 0.012 0.002 0.015 9.702 0.00799999999999999 9.707 10.129 0 10.127 9.964 0 9.962
0.022 0.001 0.023 0.015 0 0.015 9.731 0.008 9.736 10.093 0 10.09 10.12 0 10.117
0.023 0 0.024 0.013 0.002 0.015 9.384 0.009 9.391 9.818 0 9.815 9.728 0 9.727
0.023 0 0.022 0.013 0.001 0.015 9.582 0.006 9.585 9.955 0 9.954 9.922 0 9.918
0.023 0 0.023 0.014 0 0.014 9.582 0.01 9.59 10.036 0 10.034 9.93 0.001 9.928
0.019 0.002 0.022 0.014 0 0.013 9.056 0.008 9.063 9.451 0 9.447 9.399 0 9.399
0.02 0.003 0.023 0.012 0.002 0.015 9.251 0.009 9.257 9.615 0 9.613 9.595 0 9.593
0.022 0.002 0.023 0.014 0.001 0.015 9.147 0.007 9.157 9.518 0.001 9.522 9.294 0 9.299
0.022 0.001 0.023 0.014 0 0.014 10.284 0.01 10.291 10.758 0 10.756 10.712 0 10.709
0.022 0.001 0.023 0.011 0.003 0.014 9.03 0.005 9.032 9.455 0 9.453 9.393 0 9.391
0.023 0 0.022 0.012 0 0.013 10.294 0.007 10.299 10.735 0 10.732 10.684 0 10.682
0.022 0 0.023 0.014 0.001 0.015 9.673 0.005 9.675 10.054 0 10.053 10.001 0 9.998
0.022 0.001 0.023 0.013 0 0.013 10.386 0.003 10.386 10.842 0 10.841 10.76 0 10.757
0.022 0.001 0.023 0.013 0.001 0.015 9.121 0.003 9.12 9.599 0 9.597 9.49 0 9.489
0.02 0.000999999999999994 0.021 0.014 0 0.014 9.649 0.006 9.654 10.089 0 10.087 10.03 0 10.026
0.023 0 0.023 0.014 0.001 0.015 9.297 0.008 9.302 9.701 0 9.699 9.626 0 9.624
0.021 0.001 0.022 0.014 0.000999999999999997 0.014 9.113 0.004 9.115 9.539 0 9.538 9.438 0 9.435
0.02 0.002 0.022 0.014 0.000999999999999994 0.014 9.078 0.003 9.079 9.503 0 9.5 9.4 0 9.4
0.02 0.003 0.023 0.011 0.003 0.014 9.186 0.009 9.193 9.513 0 9.512 9.514 0 9.512
0.02 0.001 0.021 0.012 0.002 0.014 9.733 0.009 9.739 10.006 0 10.005 9.968 0 9.965
0.021 0 0.022 0.013 0.001 0.014 9.835 0.004 9.836 10.113 0 10.112 10.034 0 10.031
0.022 0 0.022 0.013 0.002 0.015 9.637 0.00600000000000001 9.64 10.111 0 10.11 9.979 0 9.976
0.02 0.002 0.022 0.014 0.001 0.015 9.384 0.005 9.387 9.743 0 9.74 9.718 0 9.717
0.022 0 0.022 0.015 0 0.015 9.719 0.006 9.722 10.161 0 10.16 10.004 0 10
0.024 0 0.024 0.015 0 0.014 10.612 0.008 10.617 11.056 0 11.055 10.938 0 10.935
0.022 0.000999999999999997 0.022 0.014 0 0.015 8.989 0.011 8.997 9.456 0 9.453 9.397 0 9.396
0.023 0.001 0.024 0.014 0 0.014 10.396 0.004 10.397 10.835 0 10.833 10.798 0 10.795
0.022 0.002 0.024 0.014 0 0.014 9.818 0.003 9.818 10.02 0 10.018 9.958 0 9.955
0.021 0 0.021 0.012 0.002 0.015 9.065 0.008 9.071 9.565 0 9.563 9.434 0 9.431
0.022 0 0.022 0.014 0 0.015 9.077 0.007 9.081 9.568 0 9.565 9.476 0 9.475
0.022 0.001 0.022 0.013 0.002 0.015 9.203 0.011 9.212 9.637 0 9.634 9.606 0 9.604
0.022 0 0.022 0.015 0 0.015 9.191 0.01 9.198 9.61 0 9.608 9.544 0 9.542
0.022 0 0.021 0.012 0.002 0.014 9.572 0.00600000000000001 9.576 9.981 0 9.979 9.914 0 9.911
0.021 0.001 0.022 0.014 0.001 0.015 9.801 0.007 9.805 10.198 0 10.196 10.167 0 10.166
0.021 0.001 0.022 0.014 0.001 0.014 9.647 0.008 9.653 9.939 0 9.937 9.906 0 9.902
0.022 0 0.022 0.012 0.00199999999999999 0.014 9.18 0.009 9.186 9.54 0 9.538 9.491 0 9.488
0.021 0.001 0.022 0.014 0.001 0.014 9.3 0.005 9.303 9.721 0 9.718 9.654 0 9.653
0.023 0 0.023 0.013 0.002 0.015 9.793 0.00899999999999999 9.8 10.24 0 10.238 10.138 0 10.136
0.02 0.001 0.021 0.013 0.001 0.014 9.231 0.012 9.241 9.636 0 9.633 9.627 0 9.626
0.021 0.001 0.023 0.013 0.002 0.015 9.684 0.009 9.691 10.056 0 10.054 10.042 0 10.039
0.022 0.001 0.022 0.012 0.002 0.015 9.385 0.007 9.39 9.811 0 9.808 9.677 0 9.675
0.023 0 0.022 0.012 0.00199999999999999 0.015 9.717 0.004 9.719 10.122 0 10.12 10.1 0 10.098
0.023 0 0.023 0.013 0.002 0.014 9.393 0.006 9.396 9.784 0 9.783 9.766 0.001 9.764
0.023 0 0.023 0.014 0.001 0.014 9.241 0.01 9.249 9.662 0 9.659 9.567 0 9.566
0.022 0 0.022 0.014 0.001 0.015 9.28 0.007 9.284 9.686 0 9.684 9.639 0 9.637
0.021 0.000999999999999994 0.023 0.014 0.001 0.014 9.719 0.008 9.725 10.147 0 10.145 9.981 0 9.979
0.021 0.001 0.022 0.013 0.00199999999999999 0.015 9.69 0.007 9.695 10.071 0 10.069 10.076 0 10.073
0.021 0 0.022 0.013 0.001 0.014 9.311 0.006 9.314 9.669 0 9.667 9.605 0 9.603
0.024 0.001 0.024 0.014 0 0.014 10.695 0.005 10.697 11.151 0 11.15 11.118 0 11.115
0.02 0.002 0.022 0.013 0.002 0.015 9.702 0.013 9.712 10.129 0 10.128 10.008 0 10.004
0.023 0 0.022 0.014 0.000999999999999994 0.015 9.12 0.008 9.126 9.473 0.001 9.472 9.423 0 9.421
0.021 0.00199999999999999 0.024 0.012 0.001 0.013 10.679 0.005 10.681 11.097 0.001 11.096 11.047 0 11.045
0.023 0 0.023 0.013 0.001 0.014 9.749 0.006 9.753 10.208 0 10.207 10.173 0 10.169
0.019 0.003 0.022 0.011 0.003 0.013 9.002 0.005 9.003 9.457 0 9.456 9.345 0 9.343
0.023 0 0.023 0.014 0.000999999999999994 0.014 9.559 0.00600000000000001 9.564 9.883 0.000999999999999994 9.881 9.868 0 9.866
0.022 0.000999999999999997 0.023 0.013 0 0.013 10.342 0.009 10.347 10.805 0.001 10.804 10.745 0 10.743
0.02 0.001 0.021 0.012 0.002 0.014 8.665 0.003 8.665 9.02 0 9.018 8.973 0 8.972
0.02 0.001 0.022 0.011 0.003 0.014 8.771 0.006 8.775 9.104 0 9.102 9.069 0 9.067
0.021 0.001 0.023 0.014 0.000999999999999994 0.014 9.286 0.003 9.288 9.691 0 9.687 9.629 0 9.627
0.022 0 0.022 0.012 0.003 0.015 9.356 0.007 9.36 9.747 0 9.745 9.671 0 9.669
0.022 0 0.022 0.014 0 0.014 9.416 0.006 9.42 9.79 0 9.787 9.69 0 9.688
0.022 0.000999999999999994 0.023 0.012 0.001 0.013 10.55 0.00600000000000001 10.553 10.983 0 10.981 10.932 0 10.929
0.022 0.002 0.025 0.015 0 0.014 10.618 0.004 10.619 11.035 0 11.034 11.007 0 11.005
0.023 0 0.023 0.013 0.002 0.014 9.716 0.007 9.721 10.171 0.001 10.17 10.216 0 10.214
0.02 0.001 0.021 0.013 0.001 0.014 9.258 0.011 9.267 9.576 0 9.574 9.533 0 9.532
0.024 0 0.026 0.014 0 0.014 10.696 0.00799999999999999 10.701 11.068 0 11.066 11.015 0 11.013
0.022 0 0.021 0.013 0.000999999999999994 0.015 8.785 0.004 8.786 9.128 0 9.127 9.019 0 9.016
0.022 0 0.021 0.014 0 0.014 8.981 0.008 8.987 9.336 0 9.333 9.302 0 9.301
0.022 0.001 0.023 0.014 0.001 0.015 9.696 0.006 9.7 10.13 0 10.128 10.044 0 10.041
0.022 0.001 0.023 0.013 0.002 0.015 9.536 0.007 9.542 9.987 0.001 9.985 9.936 0 9.934
0.023 0 0.023 0.013 0.00199999999999999 0.015 9.714 0.007 9.717 10.113 0 10.112 10.037 0 10.033
0.022 0 0.022 0.014 0.000999999999999994 0.015 9.318 0.00600000000000001 9.322 9.682 0 9.679 9.554 0 9.553
0.022 0 0.023 0.013 0.00199999999999999 0.015 9.326 0.007 9.331 9.834 0 9.83 9.681 0 9.68
0.023 0 0.023 0.012 0.003 0.015 9.839 0.005 9.842 10.283 0 10.281 10.164 0 10.162
0.021 0 0.021 0.011 0.003 0.014 9.103 0.002 9.103 9.554 0 9.551 9.504 0 9.502
0.023 0 0.023 0.014 0 0.014 10.533 0.005 10.535 10.972 0 10.97 10.548 0 10.545
0.022 0 0.022 0.014 0.000999999999999994 0.015 9.128 0.00600000000000001 9.132 9.58 0.000999999999999994 9.578 9.512 0 9.51
0.023 0 0.023 0.015 0 0.015 9.322 0.006 9.325 9.702 0 9.699 9.696 0 9.694
0.021 0.001 0.022 0.013 0.002 0.014 9.348 0.014 9.361 9.775 0 9.772 9.711 0 9.71
0.024 0 0.023 0.014 0 0.014 10.599 0.004 10.6 10.909 0.000999999999999994 10.908 10.526 0 10.523
0.024 0 0.024 0.013 0.001 0.014 10.55 0.003 10.55 10.975 0.001 10.973 10.644 0 10.642
0.023 0 0.023 0.015 0 0.015 9.744 0.007 9.748 10.113 0 10.112 10.044 0 10.046
0.021 0.001 0.022 0.013 0.002 0.014 9.345 0.011 9.354 9.735 0.001 9.734 9.69 0 9.688
0.022 0 0.022 0.012 0.003 0.015 9.27 0.012 9.28 9.764 0.001 9.762 9.658 0 9.656
0.02 0.003 0.022 0.012 0.002 0.015 9.103 0.006 9.106 9.54 0.001 9.539 9.477 0 9.476
0.02 0.00199999999999999 0.023 0.013 0.002 0.014 9.322 0.005 9.325 9.726 0 9.724 9.627 0 9.624
0.024 0.001 0.024 0.014 0 0.015 10.745 0.005 10.747 11.16 0 11.158 11.099 0 11.097
0.021 0.001 0.023 0.013 0.00199999999999999 0.014 9.154 0.011 9.163 9.644 0 9.641 9.541 0 9.54
0.022 0 0.023 0.013 0.002 0.014 9.176 0.008 9.182 9.571 0 9.569 9.552 0 9.551
0.023 0 0.025 0.014 0.001 0.014 10.598 0.009 10.604 11.049 0 11.047 10.985 0 10.983
0.021 0.001 0.023 0.012 0.003 0.015 9.652 0.007 9.656 10.116 0 10.115 10.051 0 10.048
0.022 0.000999999999999994 0.022 0.013 0.001 0.015 9.702 0.004 9.703 10.085 0 10.082 10.01 0 10.008
0.022 0 0.023 0.014 0.001 0.014 9.653 0.006 9.657 10.099 0 10.098 10.121 0 10.118
0.022 0 0.022 0.012 0.003 0.014 9.24 0.006 9.244 9.731 0 9.729 9.647 0 9.646
0.022 0.001 0.023 0.013 0.000999999999999994 0.015 9.115 0.004 9.116 9.554 0.002 9.553 9.478 0 9.478
0.021 0 0.022 0.014 0 0.014 9.645 0.01 9.653 9.986 0 9.984 9.966 0 9.964
0.022 0.001 0.022 0.014 0.001 0.015 9.674 0.008 9.68 10.223 0 10.221 10.041 0 10.04
0.022 0.001 0.023 0.011 0.003 0.014 9.099 0.007 9.104 9.511 0 9.508 9.535 0 9.534
0.023 0 0.022 0.012 0.002 0.014 8.968 0.009 8.975 9.496 0 9.494 9.355 0 9.353
0.022 0 0.022 0.012 0.003 0.015 9.379 0.00700000000000001 9.383 9.851 0 9.849 9.789 0 9.787
0.022 0 0.023 0.015 0 0.014 9.596 0.007 9.601 10.058 0 10.057 9.959 0 9.957
0.02 0.001 0.022 0.014 0 0.013 8.627 0.01 8.636 9.032 0 9.03 8.959 0 8.956
0.021 0 0.021 0.014 0 0.014 8.743 0.007 8.748 9.098 0 9.095 9.038 0 9.037
0.022 0.001 0.023 0.014 0 0.014 10.562 0.007 10.567 11.023 0.001 11.022 10.999 0 10.995
0.023 0 0.024 0.014 0 0.014 10.542 0.006 10.545 10.974 0 10.972 10.952 0 10.949
0.022 0.001 0.023 0.012 0.002 0.014 9.412 0.01 9.419 9.816 0 9.814 9.779 0 9.777
0.023 0 0.024 0.014 0 0.014 10.527 0.006 10.531 11.102 0 11.1 10.925 0 10.922
0.021 0.002 0.023 0.014 0 0.014 9.187 0.009 9.193 9.498 0 9.496 9.533 0 9.531
0.023 0 0.023 0.015 0 0.015 9.236 0.01 9.244 9.677 0 9.675 9.65 0 9.648
0.021 0.00199999999999999 0.022 0.014 0 0.015 9.084 0.014 9.096 9.521 0 9.519 9.445 0 9.443
0.022 0.001 0.022 0.012 0.003 0.015 9.179 0.008 9.185 9.592 0 9.589 9.484 0.001 9.483
0.023 0 0.023 0.014 0.001 0.014 9.12 0.01 9.128 9.515 0 9.513 9.5 0 9.498
0.02 0.003 0.023 0.015 0 0.015 9.216 0.009 9.223 9.684 0 9.681 9.604 0 9.603
0.02 0.001 0.021 0.014 0 0.014 8.567 0.011 8.576 8.982 0 8.98 9.178 0 9.176
0.019 0.00199999999999999 0.021 0.011 0.004 0.014 9.061 0.007 9.067 9.437 0 9.433 9.833 0 9.832
0.021 0.001 0.023 0.014 0.001 0.015 9.223 0.008 9.229 9.643 0 9.64 9.545 0 9.544
0.019 0.003 0.023 0.014 0.001 0.015 9.17 0.008 9.175 9.563 0 9.56 9.533 0 9.533
0.021 0.001 0.022 0.011 0.003 0.014 9.335 0.007 9.34 9.64 0 9.641 9.459 0 9.461
0.02 0.002 0.022 0.015 0 0.015 9.283 0.006 9.286 9.332 0 9.33 9.194 0 9.192
0.022 0 0.022 0.011 0.004 0.015 9.036 0.006 9.04 9.109 0 9.107 8.99 0 8.988
0.022 0.001 0.023 0.012 0.003 0.015 9.614 0.009 9.621 10.073 0 10.071 10.053 0 10.05
0.022 0 0.022 0.012 0.003 0.014 9.739 0.008 9.745 10.088 0 10.086 9.984 0 9.981
0.021 0.001 0.022 0.014 0.001 0.014 9.331 0.009 9.339 9.702 0 9.698 9.677 0 9.676
0.023 0 0.023 0.012 0.003 0.015 9.193 0.004 9.195 9.594 0.001 9.592 9.531 0 9.53
0.02 0.003 0.022 0.014 0 0.015 9.172 0.004 9.174 9.593 0 9.589 9.546 0 9.546
0.023 0 0.022 0.013 0.001 0.015 9.451 0.01 9.458 9.864 0 9.861 9.781 0 9.779
0.02 0.002 0.022 0.011 0.004 0.014 9.619 0.014 9.63 9.99 0 9.989 9.872 0 9.869
0.021 0.001 0.022 0.014 0.001 0.015 9.237 0.005 9.24 9.587 0 9.584 9.511 0 9.511
0.023 0 0.023 0.013 0.002 0.015 9.633 0.011 9.641 10.098 0.001 10.098 9.983 0 9.98
0.019 0.00199999999999999 0.021 0.011 0.003 0.015 8.596 0.006 8.599 8.96 0 8.958 8.877 0 8.875
0.021 0.00199999999999999 0.022 0.012 0.002 0.015 9.282 0.003 9.283 9.64 0 9.638 9.548 0 9.546
0.022 0 0.022 0.014 0 0.014 9.397 0.007 9.401 9.725 0 9.723 9.643 0 9.641
0.022 0.002 0.024 0.013 0 0.014 10.568 0.006 10.571 11.024 0 11.021 10.613 0 10.61
0.021 0.002 0.023 0.012 0.002 0.014 9.593 0.007 9.597 9.994 0.001 9.994 9.9 0 9.897
0.021 0.001 0.021 0.011 0.003 0.014 9.11 0.00600000000000001 9.114 9.498 0 9.496 9.431 0 9.43
0.022 0 0.022 0.014 0 0.014 9.062 0.004 9.065 9.785 0 9.782 9.753 0 9.75
0.02 0.00199999999999999 0.022 0.014 0.001 0.015 9.315 0.008 9.32 9.73 0 9.728 9.354 0 9.353
0.022 0.001 0.023 0.013 0.002 0.014 9.665 0.005 9.667 10.029 0 10.029 9.989 0 9.985
0.023 0 0.022 0.014 0.001 0.015 9.662 0.00899999999999999 9.669 10.179 0 10.176 9.988 0 9.986
0.022 0 0.023 0.012 0.002 0.014 9.056 0.01 9.063 9.449 0.001 9.447 9.337 0 9.337
0.022 0 0.023 0.015 0 0.015 9.721 0.004 9.722 10.018 0 10.017 9.938 0 9.935
0.021 0.001 0.021 0.013 0.001 0.015 9.552 0.007 9.556 9.963 0 9.962 9.88 0 9.877
0.022 0.000999999999999994 0.023 0.013 0 0.012 10.181 0.003 10.181 11.075 0 11.074 11.048 0 11.044
0.02 0.002 0.023 0.013 0.002 0.015 9.679 0.009 9.685 10.13 0 10.128 9.841 0 9.839
0.022 0.001 0.023 0.014 0.001 0.015 9.358 0.009 9.365 9.788 0 9.785 9.723 0 9.722
0.022 0.002 0.024 0.014 0 0.014 10.601 0.00899999999999999 10.607 11.014 0 11.012 10.977 0 10.974
0.022 0 0.022 0.015 0 0.015 9.224 0.008 9.23 9.48 0.00199999999999999 9.48 9.429 0 9.427
0.023 0.001 0.024 0.014 0 0.014 10.507 0.005 10.51 10.94 0 10.938 10.919 0 10.915
0.022 0 0.024 0.014 0.001 0.014 9.158 0.005 9.162 9.561 0.000999999999999994 9.559 9.566 0 9.564
0.023 0 0.023 0.015 0 0.015 9.165 0.006 9.169 9.579 0.001 9.579 9.525 0 9.522
0.02 0.00199999999999999 0.022 0.013 0.001 0.014 8.661 0.008 8.666 9.048 0 9.046 9.023 0 9.022
0.02 0.001 0.022 0.011 0.003 0.014 8.946 0.007 8.951 9.338 0 9.334 9.284 0 9.284
0.022 0 0.021 0.013 0.001 0.015 9.427 0.004 9.429 10.171 0 10.169 10.09 0 10.087
0.02 0.00199999999999999 0.022 0.013 0.002 0.015 9.378 0.006 9.382 9.823 0 9.82 9.48 0 9.479
0.022 0.001 0.023 0.014 0.001 0.014 9.436 0.016 9.45 9.735 0.001 9.733 9.714 0 9.712
0.022 0.001 0.023 0.014 0 0.015 9.74 0.006 9.743 10.134 0 10.132 10.09 0 10.087
0.023 0 0.022 0.013 0.001 0.015 9.333 0.006 9.337 9.831 0 9.828 9.65 0 9.648
0.022 0 0.023 0.015 0 0.015 9.695 0.009 9.701 10.085 0.001 10.084 10.033 0 10.031
0.023 0.001 0.023 0.013 0.001 0.015 9.754 0.015 9.766 10.095 0 10.094 10.036 0 10.033
0.022 0 0.022 0.013 0.002 0.015 9.187 0.01 9.194 9.657 0 9.655 9.591 0 9.59
0.023 0 0.022 0.013 0.00199999999999999 0.015 9.685 0.005 9.688 10.02 0 10.018 10.073 0 10.07
0.021 0.001 0.022 0.014 0 0.015 9.656 0.007 9.66 10.084 0 10.083 10.038 0 10.035
0.021 0.001 0.021 0.014 0 0.014 8.969 0.01 8.977 9.687 0 9.684 9.618 0 9.616
0.022 0 0.023 0.013 0.002 0.015 9.788 0.006 9.791 10.211 0 10.209 9.637 0 9.634
0.025 0 0.024 0.014 0 0.014 10.56 0.009 10.568 11.069 0 11.065 10.989 0 10.987
0.023 0.001 0.024 0.014 0 0.014 10.547 0.007 10.551 11.004 0 11.003 11.015 0 11.011
0.022 0.001 0.023 0.015 0 0.014 9.749 0.009 9.756 10.06 0 10.06 9.799 0 9.804
0.023 0.001 0.024 0.015 0 0.014 10.542 0.01 10.55 10.915 0 10.913 10.84 0 10.837
0.023 0 0.023 0.013 0.002 0.015 9.444 0.011 9.453 9.819 0 9.817 9.8 0 9.798
0.022 0 0.023 0.013 0.002 0.015 9.769 0.007 9.774 10.118 0 10.116 9.94 0 9.936
0.021 0.001 0.022 0.014 0 0.014 9.381 0.003 9.381 10.184 0 10.183 10.109 0 10.106
0.023 0 0.022 0.015 0 0.015 9.497 0.003 9.497 9.906 0 9.904 9.52 0 9.519
0.02 0.003 0.023 0.013 0.002 0.015 9.334 0.008 9.34 9.721 0 9.718 9.68 0 9.678
0.02 0.001 0.021 0.011 0.003 0.014 8.68 0.008 8.687 9.067 0.001 9.066 8.988 0 8.986
0.022 0 0.023 0.011 0.004 0.014 9.754 0.009 9.762 10.059 0 10.057 10.117 0 10.113
0.021 0.001 0.022 0.014 0 0.015 9.741 0.008 9.746 10.135 0.001 10.133 10.122 0 10.121
0.022 0 0.021 0.011 0.003 0.014 9.151 0.012 9.161 9.511 0 9.51 9.463 0 9.46
0.019 0.003 0.023 0.012 0.003 0.015 9.642 0.011 9.649 10.04 0.001 10.04 10.109 0 10.106
0.021 0.000999999999999994 0.023 0.012 0.003 0.015 9.737 0.011 9.746 10.155 0 10.153 10.124 0 10.121
0.025 0 0.024 0.014 0 0.014 10.632 0.005 10.635 11.125 0 11.122 11.06 0 11.058
0.022 0.001 0.023 0.014 0.000999999999999994 0.015 9.467 0.005 9.47 9.856 0.001 9.854 9.804 0 9.802
0.022 0 0.022 0.012 0.003 0.015 9.292 0.007 9.297 9.709 0 9.707 9.684 0 9.682
0.018 0.003 0.022 0.011 0.003 0.014 8.923 0.00600000000000001 8.927 9.625 0 9.621 9.584 0 9.583
0.022 0.002 0.024 0.014 0 0.014 10.514 0.006 10.517 10.956 0 10.954 10.03 0 10.027
0.023 0.00199999999999999 0.025 0.014 0 0.014 10.674 0.007 10.678 11.155 0 11.153 11.09 0 11.088
0.021 0.001 0.023 0.012 0.003 0.015 9.366 0.00899999999999999 9.373 9.729 0 9.726 9.693 0 9.692
0.024 0.001 0.025 0.014 0 0.014 10.563 0.00700000000000001 10.567 11.021 0 11.019 10.99 0 10.987
0.021 0.001 0.023 0.012 0.003 0.014 9.692 0.008 9.698 10.117 0 10.116 10.056 0 10.053
0.021 0.000999999999999994 0.022 0.015 0 0.015 9.125 0.01 9.133 9.589 0.001 9.587 9.481 0 9.48
0.021 0 0.023 0.011 0.003 0.014 9.174 0.009 9.181 9.605 0.001 9.602 9.571 0 9.57
0.023 0 0.024 0.013 0 0.013 10.355 0.006 10.358 10.767 0.001 10.766 10.715 0 10.712
0.02 0.004 0.024 0.013 0.001 0.014 10.491 0.007 10.495 10.888 0 10.886 10.51 0 10.507
0.022 0 0.022 0.013 0.001 0.014 9.178 0.01 9.185 9.579 0 9.577 9.552 0 9.551
0.02 0.001 0.022 0.011 0.003 0.014 8.964 0.01 8.97 9.665 0 9.663 9.588 0 9.586
0.021 0.000999999999999994 0.022 0.013 0.002 0.015 9.092 0.008 9.097 9.511 0 9.51 9.17 0 9.168
0.023 0 0.023 0.012 0.003 0.015 9.757 0.01 9.764 10.101 0.003 10.103 9.979 0 9.977
0.023 0 0.022 0.015 0 0.015 9.762 0.007 9.766 10.06 0 10.059 10.065 0 10.062
0.021 0.001 0.022 0.013 0.000999999999999994 0.014 8.951 0.00600000000000001 8.955 9.388 0 9.385 9.276 0 9.275
0.022 0.001 0.022 0.00900000000000001 0.005 0.015 9.183 0.009 9.19 9.529 0 9.525 9.465 0 9.464
0.023 0 0.022 0.015 0 0.015 9.713 0.01 9.721 10.143 0 10.141 10.129 0 10.126
0.025 0 0.024 0.014 0 0.014 10.498 0.003 10.498 10.958 0 10.956 10.882 0 10.879
0.024 0 0.024 0.014 0 0.015 10.639 0.005 10.64 11.109 0 11.107 11.073 0 11.072
0.02 0.003 0.023 0.013 0.001 0.015 9.674 0.009 9.68 10.14 0 10.139 9.996 0 9.993
0.019 0.003 0.023 0.014 0.001 0.015 9.742 0.008 9.747 9.993 0 9.992 9.878 0 9.875
0.022 0 0.022 0.012 0.003 0.014 9.321 0.007 9.325 9.598 0 9.596 9.567 0 9.566
0.02 0.001 0.021 0.013 0.001 0.014 9 0.007 9.005 9.77 0 9.767 9.694 0 9.693
0.022 0 0.022 0.014 0.001 0.014 9.108 0.006 9.113 9.557 0 9.553 9.21 0 9.21
0.022 0.001 0.023 0.015 0 0.014 9.466 0.009 9.472 9.877 0 9.876 9.783 0 9.781
0.022 0 0.022 0.014 0.001 0.015 9.838 0.008 9.844 10.156 0.001 10.155 10.123 0 10.12
0.023 0 0.023 0.013 0.002 0.014 9.06 0.007 9.064 9.493 0 9.492 9.421 0 9.419
0.021 0.000999999999999994 0.023 0.012 0.003 0.015 9.122 0.007 9.127 9.542 0.001 9.54 9.49 0 9.489
0.022 0 0.023 0.014 0.001 0.014 9.676 0.007 9.682 10.136 0 10.135 10.141 0 10.138
0.022 0.001 0.022 0.012 0.002 0.015 9.711 0.012 9.721 10.099 0 10.096 10.115 0 10.113
0.021 0.000999999999999994 0.023 0.015 0 0.014 9.353 0.007 9.358 9.737 0 9.734 9.726 0 9.724
0.023 0 0.023 0.015 0 0.015 9.63 0.006 9.634 10.049 0 10.047 10.036 0 10.033
0.021 0.004 0.025 0.014 0 0.014 10.645 0.009 10.651 11.104 0 11.101 10.676 0 10.674
0.022 0 0.022 0.013 0.00199999999999999 0.015 9.17 0.011 9.178 9.575 0 9.573 9.544 0 9.543
0.022 0 0.023 0.014 0.001 0.014 9.187 0.006 9.191 9.509 0 9.507 9.484 0 9.482
0.021 0.001 0.022 0.015 0 0.015 9.696 0.00899999999999999 9.704 10.162 0 10.159 10.01 0 10.007
0.021 0.001 0.023 0.015 0 0.015 9.136 0.009 9.142 9.601 0.001 9.6 9.507 0 9.505
0.021 0.001 0.022 0.014 0.001 0.015 9.039 0.01 9.047 9.509 0.001 9.507 9.46 0 9.459
0.022 0.001 0.023 0.014 0 0.014 9.094 0.01 9.102 9.502 0 9.5 9.458 0 9.457
0.023 0 0.022 0.014 0.000999999999999994 0.015 9.035 0.00600000000000001 9.039 9.454 0 9.451 9.335 0 9.334
0.022 0.001 0.022 0.013 0.001 0.015 9.303 0.006 9.307 9.72 0 9.717 9.679 0 9.679
0.022 0 0.022 0.014 0 0.015 9.678 0.012 9.687 10.08 0 10.079 10.051 0 10.047
0.023 0 0.023 0.014 0.000999999999999994 0.015 9.105 0.009 9.112 9.509 0.001 9.507 9.486 0 9.485
0.023 0 0.023 0.014 0.001 0.015 9.76 0.009 9.767 10.154 0 10.151 10.142 0 10.139
0.02 0.002 0.023 0.015 0 0.015 9.778 0.006 9.782 9.919 0 9.923 9.749 0 9.752
0.023 0.000999999999999994 0.024 0.013 0.001 0.013 10.593 0.012 10.603 11.051 0 11.049 10.674 0 10.678
0.021 0 0.022 0.013 0.001 0.013 9.333 0.008 9.339 9.988 0 9.986 9.985 0 9.982
0.021 0.001 0.022 0.011 0.004 0.014 9.263 0.01 9.272 9.675 0 9.672 9.375 0 9.373
0.022 0 0.023 0.014 0.001 0.014 9.321 0.008 9.328 9.76 0 9.756 9.692 0 9.692
0.022 0 0.023 0.013 0.002 0.014 9.228 0.011 9.237 9.583 0 9.581 9.573 0 9.572
0.023 0 0.023 0.014 0.001 0.014 9.724 0.006 9.728 10.143 0 10.141 9.989 0 9.986
0.019 0.003 0.022 0.013 0.002 0.015 9.394 0.006 9.398 9.702 0 9.698 9.623 0 9.622
0.024 0 0.024 0.014 0 0.014 10.566 0.00799999999999999 10.571 10.978 0 10.976 10.966 0 10.962
0.021 0.001 0.022 0.013 0.002 0.015 9.66 0.011 9.668 10.159 0 10.158 10.037 0 10.035
0.022 0.001 0.023 0.013 0.002 0.015 9.658 0.007 9.662 10.071 0 10.069 10.072 0 10.07
0.023 0.002 0.024 0.014 0 0.014 10.529 0.005 10.532 10.968 0 10.965 10.963 0.002 10.962
0.023 0 0.022 0.012 0.003 0.015 9.733 0.006 9.737 10.112 0 10.109 10.079 0 10.077
0.021 0.001 0.022 0.014 0.001 0.014 9.658 0.01 9.666 10.056 0 10.055 10.033 0 10.03
0.021 0 0.022 0.014 0 0.014 9.361 0.007 9.366 10.143 0 10.14 10.097 0 10.095
0.022 0.00199999999999999 0.024 0.013 0 0.014 10.555 0.008 10.56 11.039 0 11.037 10.259 0 10.256
0.023 0.000999999999999994 0.024 0.014 0 0.014 10.599 0.005 10.601 11.065 0 11.063 11.015 0 11.013
0.019 0.002 0.021 0.012 0.003 0.014 8.655 0.015 8.668 9.051 0 9.049 8.967 0 8.966
0.023 0.000999999999999994 0.024 0.014 0 0.014 10.669 0.009 10.675 11.076 0 11.074 11.021 0 11.02
0.021 0.001 0.022 0.014 0.001 0.015 9.189 0.009 9.195 9.666 0 9.665 9.638 0 9.636
0.021 0.001 0.022 0.013 0.002 0.015 9.03 0.01 9.037 9.479 0.001 9.478 9.413 0 9.413
0.023 0 0.023 0.014 0.001 0.015 9.786 0.007 9.789 10.187 0 10.187 10.078 0 10.074
0.021 0.001 0.022 0.012 0.003 0.014 9.141 0.012 9.152 9.562 0 9.56 9.529 0 9.526
0.022 0.001 0.022 0.014 0 0.015 9.394 0.008 9.4 9.771 0.001 9.769 9.696 0 9.694
0.022 0.001 0.023 0.014 0 0.014 9.307 0.016 9.321 9.753 0 9.75 9.716 0 9.715
0.021 0.001 0.022 0.014 0.000999999999999994 0.015 9.714 0.003 9.714 10.113 0 10.112 9.965 0 9.962
0.021 0.001 0.022 0.012 0.002 0.014 9.449 0.006 9.453 9.878 0 9.875 9.822 0 9.821
0.023 0 0.024 0.014 0 0.014 10.509 0.008 10.513 10.964 0 10.963 10.605 0 10.602
0.023 0.001 0.024 0.014 0 0.014 10.632 0.006 10.635 11.001 0 10.999 10.943 0 10.94
0.021 0.001 0.022 0.012 0.003 0.015 8.977 0.007 8.982 9.307 0 9.305 9.179 0 9.179
0.02 0.002 0.022 0.012 0.000999999999999994 0.013 8.757 0.009 8.764 9.711 0 9.707 9.738 0 9.737
0.021 0.001 0.023 0.014 0.001 0.014 9.672 0.011 9.68 9.994 0.001 9.993 9.219 0 9.218
0.022 0 0.022 0.013 0.001 0.015 9.671 0.009 9.677 10.08 0 10.079 9.981 0 9.978
0.022 0 0.022 0.013 0.002 0.015 9.336 0.01 9.343 9.779 0 9.776 9.756 0 9.755
0.019 0.002 0.022 0.011 0.003 0.013 8.689 0.00899999999999999 8.697 9.069 0 9.067 8.971 0 8.968
0.02 0.002 0.021 0.013 0.000999999999999994 0.015 9.093 0.012 9.101 9.854 0 9.853 9.606 0 9.608
0.021 0.003 0.024 0.014 0 0.014 10.552 0.008 10.558 11.004 0.001 11.002 10.005 0 10.008
0.022 0.000999999999999994 0.023 0.014 0.001 0.014 9.722 0.008 9.729 10.155 0 10.153 10.112 0 10.109
0.019 0.002 0.021 0.013 0.001 0.014 8.945 0.01 8.953 9.265 0 9.262 9.186 0 9.185
0.023 0 0.023 0.011 0.004 0.014 9.707 0.011 9.716 10.113 0 10.112 10.035 0 10.032
0.023 0.000999999999999997 0.024 0.014 0 0.015 10.663 0.002 10.662 10.942 0 10.94 10.867 0 10.865
0.022 0.001 0.023 0.011 0.003 0.014 9.695 0.007 9.7 10.189 0 10.187 10.122 0 10.12
0.02 0.001 0.021 0.013 0.001 0.014 9.051 0.008 9.057 9.819 0 9.816 9.731 0 9.729
0.021 0.002 0.023 0.012 0.00199999999999999 0.014 9.309 0.00700000000000001 9.314 9.737 0 9.734 9.314 0 9.313
0.022 0.001 0.022 0.013 0.001 0.015 9.657 0.009 9.664 9.97 0 9.968 9.898 0 9.895
0.023 0 0.023 0.01 0.004 0.015 9.731 0.00600000000000001 9.733 10.086 0 10.085 10.01 0.001 10.008
0.022 0 0.022 0.014 0.000999999999999994 0.015 9.321 0.005 9.324 9.688 0 9.686 9.68 0 9.678
0.022 0 0.022 0.013 0.001 0.014 9.092 0.011 9.1 9.499 0 9.497 9.493 0 9.492
0.024 0 0.025 0.014 0 0.015 10.558 0.004 10.558 10.997 0.000999999999999994 10.997 10.949 0 10.946
0.024 0 0.024 0.014 0.001 0.015 9.443 0.007 9.448 9.822 0 9.819 9.866 0 9.866
0.021 0 0.022 0.014 0 0.014 8.556 0.011 8.564 8.948 0 8.947 8.875 0 8.874
0.023 0 0.022 0.011 0.003 0.015 9.043 0.008 9.047 9.497 0 9.495 9.476 0 9.474
0.023 0 0.022 0.013 0 0.013 10.171 0.005 10.174 11.054 0 11.051 10.991 0 10.988
0.021 0.000999999999999994 0.022 0.011 0.004 0.014 9.115 0.008 9.121 9.523 0 9.521 9.456 0 9.455
0.022 0 0.022 0.012 0.00199999999999999 0.014 9 0.009 9.007 9.325 0.001 9.322 9.298 0 9.298
0.022 0.001 0.023 0.012 0.003 0.015 9.69 0.01 9.697 10.09 0 10.088 10.126 0 10.124
0.022 0.002 0.024 0.013 0.001 0.014 10.58 0.005 10.582 10.951 0 10.949 10.901 0 10.898
0.02 0.002 0.021 0.014 0 0.014 8.861 0.007 8.866 9.601 0 9.598 9.519 0 9.517
0.023 0.001 0.024 0.014 0 0.014 10.529 0.007 10.534 11.072 0 11.069 10.163 0 10.162
0.023 0 0.023 0.013 0.002 0.015 9.772 0.008 9.778 10.222 0 10.22 10.055 0 10.052
0.021 0.001 0.022 0.013 0.001 0.014 8.732 0.013 8.744 9.052 0 9.049 8.97 0 8.969
0.02 0.00199999999999999 0.023 0.013 0.002 0.014 9.635 0.01 9.642 10 0 9.999 10 0 9.997
0.022 0.002 0.024 0.013 0 0.013 9.9 0.006 9.904 10.248 0 10.247 10.225 0 10.223
0.022 0 0.022 0.014 0.001 0.014 9.312 0.011 9.322 9.713 0 9.71 9.721 0 9.719
0.021 0.001 0.022 0.012 0.003 0.015 9.611 0.007 9.616 10.028 0 10.026 9.954 0 9.951
0.022 0.001 0.022 0.011 0.003 0.015 9.312 0.009 9.318 9.656 0 9.653 9.657 0 9.656
0.023 0 0.023 0.012 0.003 0.015 9.658 0.009 9.665 10.087 0 10.085 9.979 0 9.978
0.022 0 0.022 0.015 0 0.015 9.118 0.013 9.128 9.384 0.001 9.383 9.371 0 9.37
0.023 0 0.022 0.013 0.002 0.015 9.56 0.014 9.573 9.987 0.002 9.986 9.846 0 9.843
0.021 0.00199999999999999 0.023 0.014 0 0.015 9.596 0.007 9.602 10.022 0 10.019 9.949 0 9.947
0.021 0 0.021 0.011 0.003 0.014 8.621 0.005 8.624 8.908 0 8.906 8.858 0 8.857
0.021 0.001 0.022 0.013 0.00199999999999999 0.015 9.418 0.01 9.426 9.703 0 9.699 9.738 0 9.736
0.023 0 0.023 0.012 0.001 0.013 10.69 0.003 10.69 11.012 0 11.009 10.968 0.001 10.967
0.022 0 0.022 0.012 0.003 0.015 9.417 0.007 9.421 9.77 0 9.769 9.749 0 9.746
0.023 0 0.024 0.013 0.002 0.015 9.645 0.011 9.653 9.965 0 9.964 9.995 0 9.991
0.021 0.001 0.021 0.013 0.000999999999999994 0.014 8.698 0.007 8.703 9.076 0 9.074 9 0 8.999
0.019 0.003 0.021 0.013 0.000999999999999994 0.014 9.355 0.00800000000000001 9.362 10.115 0 10.111 10.066 0 10.065
0.023 0 0.023 0.014 0 0.014 9.684 0.00899999999999999 9.69 10.104 0 10.103 9.608 0 9.605
0.023 0 0.023 0.015 0 0.014 9.324 0.01 9.331 9.815 0 9.814 9.696 0 9.694
0.023 0 0.024 0.014 0 0.014 10.533 0.00600000000000001 10.535 11.001 0 11 10.606 0 10.602
0.022 0 0.022 0.014 0 0.014 9.16 0.007 9.165 9.561 0 9.558 9.526 0 9.525
0.022 0.002 0.024 0.014 0 0.013 10.514 0.003 10.513 10.986 0 10.984 11.029 0 11.026
0.02 0.001 0.022 0.013 0.001 0.014 8.635 0.01 8.643 8.981 0 8.978 8.928 0 8.927
0.022 0 0.022 0.014 0 0.014 9.025 0.009 9.031 9.376 0 9.374 9.253 0 9.252
0.021 0.001 0.022 0.014 0.000999999999999994 0.015 9.145 0.00600000000000001 9.149 9.619 0 9.616 9.514 0 9.513
0.022 0 0.022 0.013 0.00199999999999999 0.015 9.537 0.008 9.543 9.986 0 9.984 9.937 0 9.934
0.022 0 0.022 0.014 0 0.014 9.111 0.007 9.115 9.475 0 9.474 9.401 0 9.399
0.021 0.000999999999999997 0.022 0.012 0.002 0.015 9.365 0.008 9.37 9.753 0 9.75 9.709 0 9.707
0.022 0.002 0.023 0.014 0 0.014 10.548 0.004 10.549 10.983 0 10.981 10.567 0 10.564
0.021 0.001 0.022 0.014 0.000999999999999994 0.014 9.031 0.016 9.046 9.383 0 9.38 9.242 0 9.241
0.022 0.000999999999999994 0.022 0.013 0.002 0.015 9.743 0.008 9.749 10.198 0 10.197 10.1 0 10.099
0.022 0.001 0.023 0.014 0 0.015 9.25 0.01 9.258 9.699 0 9.695 9.652 0 9.651
0.021 0.002 0.023 0.013 0.001 0.014 9.027 0.009 9.033 9.471 0 9.469 9.423 0 9.421
0.033 0.001 0.034 0.019 0 0.019 14.353 0.007 14.377 15.013 0 15.03 14.988 0 15.006
0.018 0.003 0.022 0.014 0 0.014 8.717 0.007 8.721 9.086 0.002 9.086 9.016 0 9.015
0.021 0.001 0.022 0.012 0.003 0.014 9.458 0.009 9.465 10.181 0.000999999999999994 10.18 10.132 0 10.13
0.021 0.002 0.022 0.014 0 0.015 9.68 0.008 9.685 10.097 0 10.096 9.668 0 9.665
0.022 0 0.022 0.013 0.00199999999999999 0.015 9.327 0.00800000000000001 9.333 9.702 0 9.699 9.613 0 9.612
0.023 0 0.023 0.012 0.003 0.015 9.656 0.005 9.659 10.062 0 10.06 10.047 0.000999999999999994 10.045
0.022 0.002 0.023 0.011 0.003 0.014 9.707 0.005 9.71 10.074 0 10.074 9.961 0 9.957
0.021 0.001 0.021 0.014 0 0.014 8.751 0.00899999999999999 8.759 9.165 0.001 9.164 9.064 0 9.062
0.024 0 0.024 0.015 0 0.015 10.487 0.007 10.491 10.893 0 10.891 10.568 0 10.565
0.022 0.000999999999999994 0.023 0.01 0.004 0.015 9.384 0.007 9.389 9.814 0 9.811 9.751 0 9.749
0.018 0.003 0.022 0.015 0 0.014 8.849 0.011 8.859 9.218 0 9.215 9.142 0 9.141
0.019 0.00199999999999999 0.022 0.013 0.001 0.014 8.882 0.009 8.889 9.588 0 9.586 9.515 0 9.513
0.023 0 0.022 0.014 0 0.015 9.65 0.009 9.655 10.031 0 10.03 9.451 0 9.449
0.02 0.001 0.022 0.012 0.002 0.014 9.289 0.008 9.293 9.7 0 9.699 9.638 0 9.637
0.022 0.001 0.022 0.014 0.001 0.015 9.183 0.012 9.192 9.557 0 9.555 9.549 0 9.547
0.023 0 0.023 0.012 0.003 0.015 9.28 0.007 9.285 9.696 0 9.694 9.683 0 9.681
0.021 0.001 0.043 0.012 0.003 0.014 9.24 0.007 9.246 9.554 0 9.55 9.5 0 9.5
0.019 0.003 0.022 0.014 0.000999999999999994 0.015 8.99 0.005 8.993 9.473 0 9.471 9.344 0 9.342
0.024 0 0.024 0.015 0 0.014 10.565 0.006 10.569 10.964 0 10.961 10.907 0 10.904
0.021 0.002 0.023 0.014 0.001 0.015 9.362 0.008 9.367 9.714 0 9.712 9.645 0 9.643
0.022 0.001 0.023 0.011 0.003 0.015 9.235 0.008 9.241 9.641 0 9.638 9.569 0 9.567
0.022 0 0.022 0.011 0.003 0.014 9.038 0.00600000000000001 9.042 9.438 0 9.435 9.41 0 9.409
0.023 0.001 0.023 0.012 0 0.013 10.22 0.004 10.22 11.08 0 11.079 11.01 0 11.007
0.021 0.001 0.022 0.013 0.001 0.014 9.372 0.012 9.381 9.78 0 9.777 9.636 0 9.635
0.021 0 0.022 0.012 0.00199999999999999 0.014 8.815 0.00600000000000001 8.819 9.203 0 9.2 9.121 0 9.12
0.023 0 0.023 0.013 0.002 0.014 9.462 0.007 9.468 9.866 0 9.862 9.784 0 9.782
0.02 0.001 0.021 0.013 0.001 0.014 8.601 0.011 8.611 8.984 0 8.982 8.912 0 8.911
0.02 0.002 0.021 0.012 0.002 0.015 9.3 0.01 9.308 9.718 0 9.716 9.731 0 9.729
0.02 0.002 0.023 0.013 0.00199999999999999 0.015 9.663 0.008 9.668 10.011 0 10.008 9.996 0 9.995
0.023 0 0.022 0.011 0.003 0.015 9.33 0.01 9.337 9.618 0 9.615 9.59 0 9.589
0.022 0.001 0.022 0.013 0.002 0.015 9.685 0.005 9.689 9.925 0 9.923 9.866 0 9.863
0.021 0 0.021 0.012 0.00199999999999999 0.014 9.105 0.008 9.111 9.523 0.001 9.523 9.413 0 9.411
0.019 0.00199999999999999 0.022 0.013 0.001 0.014 8.722 0.006 8.727 9.098 0 9.095 9.045 0 9.043
0.021 0 0.021 0.012 0.00199999999999999 0.014 9.016 0.002 9.016 9.362 0.001 9.36 9.282 0 9.281
0.022 0 0.022 0.012 0.00199999999999999 0.014 9.041 0.007 9.046 9.43 0.001 9.429 9.343 0 9.341
0.021 0 0.022 0.011 0.003 0.014 8.729 0.008 8.734 9.056 0 9.054 8.95 0 8.948
0.022 0 0.021 0.011 0.003 0.014 9.299 0.005 9.301 10.112 0 10.11 10.073 0 10.071
0.023 0 0.023 0.014 0 0.014 10.483 0.004 10.484 10.936 0 10.934 10.148 0 10.145
0.023 0.001 0.024 0.015 0 0.015 9.679 0.006 9.682 10.083 0 10.082 10.038 0 10.035
0.02 0.001 0.022 0.014 0.001 0.014 9.353 0.01 9.361 9.743 0 9.74 9.645 0 9.644
0.022 0.001 0.023 0.011 0.003 0.015 9.846 0.009 9.851 10.204 0 10.202 10.079 0 10.078
0.021 0.002 0.023 0.013 0.002 0.014 9.345 0.007 9.349 9.81 0.001 9.81 9.711 0 9.709
0.02 0.001 0.021 0.011 0.003 0.014 9.076 0.00800000000000001 9.081 9.545 0 9.543 9.44 0 9.438
0.021 0.00199999999999999 0.022 0.013 0.001 0.015 9.022 0.011 9.03 9.439 0 9.437 9.375 0 9.374
0.021 0.001 0.022 0.013 0.002 0.014 9.661 0.017 9.676 10.114 0.001 10.113 10.044 0 10.042
0.021 0.00199999999999999 0.024 0.014 0 0.014 10.584 0.005 10.586 11.019 0 11.016 10.717 0 10.715
0.022 0 0.023 0.015 0 0.014 9.228 0.00799999999999999 9.234 9.674 0 9.671 9.648 0 9.648
0.022 0 0.022 0.014 0 0.014 8.849 0.005 8.851 9.236 0 9.235 9.224 0 9.223
0.021 0.001 0.021 0.013 0.001 0.014 8.967 0.012 8.978 9.675 0 9.672 9.646 0 9.645
0.023 0.001 0.024 0.013 0 0.014 10.515 0.007 10.519 10.986 0 10.983 10.117 0 10.115
0.023 0 0.022 0.014 0.001 0.015 9.747 0.008 9.753 10.133 0 10.131 10.045 0 10.042
0.022 0 0.023 0.013 0 0.013 9.626 0.009 9.631 10.063 0 10.062 9.966 0 9.965
0.022 0 0.023 0.015 0 0.015 9.679 0.009 9.684 10.136 0 10.135 10.006 0 10.004
0.025 0 0.024 0.014 0 0.014 10.647 0.007 10.651 11.074 0.001 11.073 11.13 0 11.128
0.022 0.002 0.024 0.014 0 0.014 10.456 0.004 10.458 10.868 0 10.866 10.879 0 10.876
0.019 0.003 0.022 0.01 0.004 0.014 9.064 0.012 9.074 9.509 0 9.506 9.473 0 9.472
0.023 0 0.022 0.013 0.001 0.015 9.674 0.011 9.682 9.977 0 9.975 9.829 0 9.827
0.021 0.001 0.022 0.012 0.00199999999999999 0.014 9.053 0.009 9.061 9.49 0 9.486 9.426 0 9.425
0.022 0 0.021 0.014 0 0.014 9.604 0.003 9.606 9.997 0 9.995 9.915 0 9.911
0.023 0 0.022 0.012 0.003 0.015 9.609 0.009 9.616 10.101 0 10.099 10.035 0 10.033
0.022 0 0.022 0.011 0.003 0.014 9.099 0.008 9.105 9.441 0 9.439 9.416 0 9.413
0.022 0 0.021 0.013 0.001 0.015 9.326 0.012 9.335 9.71 0 9.707 9.675 0 9.675
0.022 0 0.022 0.012 0.003 0.015 9.597 0.01 9.604 9.991 0 9.99 9.856 0 9.854
0.023 0.001 0.024 0.014 0.001 0.014 10.586 0.002 10.585 10.893 0 10.892 10.869 0 10.866
0.022 0.001 0.022 0.012 0.002 0.015 9.674 0.005 9.676 10.132 0 10.131 10.041 0 10.038
0.021 0.001 0.022 0.011 0.004 0.015 9.618 0.009 9.623 9.942 0 9.941 9.854 0 9.851
0.023 0 0.023 0.013 0.002 0.015 9.7 0.00899999999999999 9.706 10.106 0 10.106 10.08 0 10.077
0.023 0 0.023 0.014 0.001 0.015 9.601 0.005 9.604 10.04 0 10.037 9.907 0 9.906
0.023 0.001 0.024 0.014 0 0.014 10.575 0.006 10.578 11.076 0 11.074 10.674 0 10.67
0.021 0.001 0.022 0.012 0.00199999999999999 0.015 9.291 0.01 9.299 9.698 0 9.695 9.693 0 9.691
0.02 0.003 0.022 0.012 0.003 0.015 9.666 0.007 9.671 10.065 0 10.063 10.008 0 10.005
0.02 0.00199999999999999 0.022 0.013 0.001 0.014 9.343 0.009 9.35 9.738 0 9.735 9.662 0 9.661
0.02 0.001 0.021 0.01 0.004 0.014 8.815 0.007 8.82 9.525 0 9.523 9.482 0 9.48
0.022 0 0.022 0.011 0.003 0.015 9.021 0.01 9.028 9.466 0 9.464 9.112 0 9.109
0.023 0 0.023 0.013 0.002 0.014 9.272 0.009 9.278 9.626 0 9.625 9.576 0 9.573
0.021 0 0.021 0.012 0.002 0.014 8.701 0.006 8.705 9.085 0 9.083 9.014 0 9.013
0.023 0 0.023 0.014 0.000999999999999994 0.014 9.672 0.009 9.678 10.174 0 10.173 10.019 0 10.017
0.021 0.002 0.022 0.012 0.002 0.015 9.088 0.007 9.093 9.498 0 9.494 9.412 0 9.413
0.021 0.002 0.023 0.013 0.001 0.014 9.269 0.007 9.273 9.703 0 9.701 9.669 0 9.667
0.024 0 0.025 0.014 0 0.014 10.467 0.007 10.47 10.964 0 10.963 10.91 0 10.906
0.023 0.001 0.023 0.014 0 0.014 10.504 0.004 10.505 10.997 0 10.996 10.965 0 10.962
0.021 0.003 0.023 0.014 0 0.014 10.609 0.005 10.612 11.004 0 11.002 10.952 0 10.949
0.022 0 0.021 0.014 0 0.015 9.043 0.011 9.05 9.464 0 9.462 9.395 0 9.394
0.022 0 0.023 0.012 0.003 0.014 9.838 0.003 9.839 10.164 0.001 10.164 10.069 0 10.065
0.021 0.001 0.022 0.014 0.001 0.015 9.316 0.013 9.327 9.731 0 9.728 9.696 0 9.694
0.022 0.001 0.022 0.013 0.001 0.015 9.331 0.004 9.331 9.663 0.001 9.662 9.631 0 9.629
0.021 0 0.021 0.012 0.002 0.014 9.105 0.007 9.111 9.455 0 9.451 9.442 0 9.441
0.022 0 0.022 0.014 0.001 0.015 9.353 0.007 9.358 9.767 0 9.764 9.69 0 9.689
0.021 0.002 0.023 0.01 0.004 0.015 9.803 0.009 9.808 10.214 0 10.213 10.046 0 10.043
0.02 0.001 0.021 0.013 0.002 0.015 9.632 0.012 9.641 9.97 0 9.969 9.944 0 9.941
0.021 0.003 0.025 0.014 0 0.014 10.598 0.005 10.6 11.019 0.001 11.019 10.966 0 10.962
0.02 0.001 0.021 0.013 0.000999999999999994 0.014 9.196 0.009 9.203 9.448 0 9.445 9.393 0 9.392
0.021 0 0.021 0.01 0.004 0.014 9.148 0.004 9.151 9.51 0 9.507 9.492 0 9.49
0.022 0 0.022 0.013 0.001 0.014 9.691 0.006 9.695 10.046 0 10.044 9.974 0 9.972
0.021 0.001 0.022 0.01 0.004 0.014 9.151 0.015 9.164 9.466 0 9.462 9.374 0 9.373
0.022 0.001 0.023 0.012 0.001 0.012 10.213 0.007 10.217 11.075 0 11.073 11.01 0 11.008
0.022 0 0.022 0.014 0.001 0.015 9.194 0.003 9.196 9.496 0 9.492 9.377 0 9.376
0.024 0 0.024 0.015 0 0.015 10.564 0.005 10.566 10.996 0 10.994 10.962 0 10.959
0.02 0.00199999999999999 0.022 0.012 0.002 0.015 9.783 0.013 9.793 10.207 0 10.205 10.107 0 10.105
0.02 0.00199999999999999 0.022 0.014 0.001 0.014 9.618 0.012 9.628 10.041 0 10.038 10.003 0 10.001
0.022 0 0.022 0.013 0.002 0.015 9.18 0.00799999999999999 9.186 9.628 0 9.625 9.526 0 9.525
0.02 0.002 0.022 0.014 0 0.014 9.131 0.014 9.142 9.581 0 9.579 9.491 0 9.489
0.019 0.003 0.022 0.014 0.001 0.015 9.704 0.005 9.706 10.119 0 10.118 9.92 0 9.917
0.021 0.002 0.022 0.013 0.001 0.015 9.18 0.007 9.185 9.578 0 9.575 9.532 0 9.53
0.021 0.003 0.024 0.014 0 0.014 10.473 0.005 10.476 10.953 0 10.951 10.651 0 10.647
0.022 0 0.022 0.013 0.002 0.015 9.5 0.009 9.505 9.929 0 9.927 9.839 0 9.837
0.022 0 0.023 0.014 0.001 0.014 9.636 0.009 9.643 10.077 0 10.074 10.005 0 10.003
0.019 0.005 0.023 0.013 0 0.013 10.791 0.008 10.796 11.242 0 11.24 11.151 0 11.149
0.025 0 0.024 0.014 0 0.014 10.614 0.005 10.617 11.031 0 11.029 10.981 0 10.979
0.022 0 0.022 0.012 0.002 0.015 9.661 0.011 9.669 10.048 0 10.046 9.97 0 9.967
0.022 0.001 0.024 0.014 0 0.014 10.57 0.004 10.57 11.014 0 11.013 10.707 0 10.704
0.023 0.000999999999999994 0.025 0.014 0 0.014 10.37 0.00700000000000001 10.374 10.848 0 10.846 10.798 0 10.794
0.02 0.001 0.022 0.012 0.002 0.014 9.157 0.007 9.162 9.448 0 9.445 9.379 0 9.378
0.022 0.001 0.023 0.012 0.00199999999999999 0.014 9.325 0.008 9.33 9.69 0 9.688 9.626 0 9.624
0.02 0.00199999999999999 0.022 0.014 0 0.014 8.904 0.007 8.909 9.325 0 9.322 9.213 0 9.212
0.02 0.001 0.022 0.011 0.003 0.014 9.44 0.006 9.442 10.193 0 10.191 10.137 0 10.136
0.023 0 0.022 0.012 0.002 0.015 9.683 0.008 9.688 10.098 0 10.097 9.69 0 9.686
0.022 0 0.023 0.014 0.001 0.015 9.37 0.006 9.374 9.716 0 9.713 9.712 0 9.711
0.021 0 0.021 0.014 0 0.014 8.963 0.013 8.975 9.716 0 9.712 9.718 0 9.718
0.021 0.00199999999999999 0.024 0.015 0 0.014 10.522 0.004 10.523 10.875 0 10.874 10.011 0 10.007
0.022 0.001 0.023 0.013 0 0.013 9.784 0.007 9.788 10.182 0 10.179 10.104 0 10.103
0.022 0 0.022 0.013 0.000999999999999994 0.015 8.991 0.00600000000000001 8.994 9.46 0 9.457 9.366 0 9.365
0.022 0 0.022 0.013 0.001 0.015 9.038 0.004 9.04 9.526 0 9.523 9.436 0 9.435
0.021 0.001 0.022 0.013 0.00199999999999999 0.014 9.115 0.00600000000000001 9.12 9.523 0 9.519 9.475 0 9.473
0.02 0.003 0.022 0.012 0.00199999999999999 0.015 9.135 0.009 9.146 9.378 0.001 9.383 8.654 0 8.652
0.021 0 0.021 0.011 0.003 0.014 8.724 0.006 8.728 9.099 0 9.096 9.067 0 9.067
0.02 0.001 0.021 0.013 0.000999999999999997 0.014 8.597 0.01 8.605 8.971 0 8.969 8.92 0 8.918
0.021 0.001 0.023 0.012 0.003 0.014 9.698 0.011 9.707 10.188 0 10.185 10.137 0 10.136
0.022 0.001 0.023 0.011 0.004 0.014 9.087 0.006 9.092 9.548 0 9.544 9.442 0 9.442
0.021 0 0.021 0.013 0.000999999999999994 0.014 8.944 0.00600000000000001 8.948 9.377 0 9.375 9.283 0 9.281
0.022 0 0.022 0.011 0.003 0.014 9.324 0.002 9.324 9.753 0 9.75 9.677 0 9.676
0.021 0.001 0.022 0.013 0.002 0.015 9.697 0.01 9.704 10.043 0 10.041 9.982 0 9.98
0.023 0 0.022 0.013 0.001 0.015 9.043 0.007 9.047 9.467 0 9.465 9.4 0.001 9.398
0.022 0.001 0.022 0.012 0.002 0.015 9.662 0.012 9.67 10.036 0.001 10.035 9.958 0 9.956
0.022 0 0.022 0.011 0.003 0.015 9.302 0.01 9.309 9.622 0.001 9.621 9.55 0 9.548
0.02 0.001 0.021 0.012 0.001 0.014 8.881 0.01 8.889 9.59 0 9.588 9.527 0 9.525
0.021 0.001 0.022 0.011 0.004 0.015 9.311 0.007 9.315 9.718 0 9.716 9.285 0 9.283
0.024 0 0.023 0.013 0 0.013 9.77 0.008 9.776 10.14 0 10.139 10.112 0 10.108
0.021 0 0.021 0.011 0.003 0.014 9.052 0.003 9.053 9.757 0 9.755 9.744 0 9.742
0.023 0 0.023 0.013 0.001 0.014 9.746 0.007 9.75 10.107 0 10.106 9.614 0 9.611
0.023 0 0.023 0.014 0.001 0.015 9.692 0.009 9.699 10.144 0 10.142 10.102 0 10.099
0.022 0 0.022 0.015 0 0.015 9.369 0.007 9.374 9.768 0 9.765 9.691 0 9.689
0.021 0.001 0.021 0.012 0.00199999999999999 0.014 9.216 0.00700000000000001 9.222 9.617 0 9.613 9.576 0 9.574
0.02 0.002 0.022 0.013 0.002 0.014 9.648 0.005 9.651 10.103 0 10.102 10.056 0 10.052
0.022 0.002 0.024 0.014 0 0.014 10.55 0.008 10.555 10.992 0 10.991 10.703 0 10.699
0.024 0.001 0.024 0.014 0 0.014 10.691 0.007 10.695 11.281 0 11.28 11.188 0 11.185
0.021 0.002 0.023 0.013 0.001 0.014 9.08 0.005 9.083 9.527 0 9.525 9.493 0.001 9.492
0.022 0 0.023 0.013 0.002 0.014 9.223 0.006 9.228 9.516 0 9.512 9.473 0 9.472
0.019 0.00199999999999999 0.021 0.013 0.002 0.014 8.741 0.008 8.748 9.717 0 9.715 9.705 0 9.703
0.021 0.001 0.022 0.011 0.004 0.014 9.271 0.007 9.277 9.528 0 9.524 8.893 0 8.893
0.022 0 0.023 0.014 0.001 0.015 9.226 0.007 9.23 9.701 0.000999999999999994 9.699 9.574 0 9.572
0.021 0 0.022 0.014 0 0.014 9.289 0.008 9.294 9.782 0 9.78 9.674 0 9.672
0.024 0 0.024 0.013 0 0.013 10.6 0.005 10.602 11.049 0.001 11.048 10.782 0 10.779
0.022 0 0.023 0.012 0.00199999999999999 0.014 9.636 0.012 9.646 10.104 0 10.102 10.021 0 10.018
0.022 0.001 0.023 0.013 0 0.013 10.278 0.005 10.281 11.057 0 11.055 11.005 0 11.002
0.021 0.001 0.022 0.014 0.001 0.015 9.711 0.00899999999999999 9.718 10.154 0.001 10.153 9.877 0 9.875
0.02 0.001 0.021 0.013 0.001 0.014 8.684 0.008 8.69 9.037 0 9.034 8.91 0 8.909
0.02 0.003 0.023 0.013 0 0.013 10.149 0.004 10.15 10.925 0 10.923 10.86 0 10.857
0.021 0.003 0.024 0.013 0.001 0.014 10.699 0.003 10.7 11 0 10.998 10.401 0 10.397
0.021 0.001 0.023 0.012 0.003 0.015 9.442 0.013 9.452 9.766 0 9.763 9.697 0 9.696
0.024 0.001 0.024 0.014 0 0.014 10.515 0.00700000000000001 10.52 10.963 0 10.96 10.883 0 10.88
0.02 0.002 0.022 0.015 0 0.015 9.268 0.007 9.273 9.666 0 9.663 9.642 0 9.639
0.022 0 0.022 0.014 0.001 0.014 9.312 0.007 9.317 9.709 0 9.707 9.661 0 9.658
0.021 0 0.022 0.013 0.001 0.013 9.328 0.01 9.335 9.764 0 9.762 9.665 0 9.664
0.02 0.001 0.021 0.012 0.00199999999999999 0.014 9.176 0.008 9.182 9.598 0 9.595 9.536 0 9.535
0.022 0 0.022 0.014 0 0.015 9.217 0.013 9.228 9.578 0 9.575 9.521 0 9.519
0.023 0.002 0.025 0.014 0 0.014 10.635 0.006 10.638 11.044 0 11.042 10.944 0 10.941
0.023 0 0.023 0.013 0.00199999999999999 0.014 9.167 0.008 9.174 9.5 0 9.497 9.496 0 9.495
0.021 0.001 0.022 0.014 0.001 0.014 9.406 0.006 9.41 9.715 0 9.713 9.6 0 9.598
0.021 0 0.022 0.012 0.002 0.015 9.087 0.007 9.092 9.503 0 9.499 9.45 0 9.45
0.02 0.001 0.022 0.011 0.003 0.014 9.66 0.006 9.663 10.026 0 10.025 10.02 0 10.017
0.022 0 0.022 0.012 0.003 0.015 9.27 0.011 9.278 9.719 0 9.717 9.662 0 9.66
0.022 0 0.023 0.013 0.002 0.014 9.696 0.009 9.703 10.106 0 10.104 10.04 0 10.038
0.023 0 0.022 0.014 0 0.015 9.127 0.007 9.132 9.546 0.000999999999999994 9.545 9.504 0 9.501
0.02 0.001 0.021 0.015 0 0.014 8.982 0.007 8.987 9.681 0 9.679 9.651 0 9.649
0.022 0.002 0.024 0.014 0 0.014 10.536 0.002 10.536 10.987 0 10.985 10.133 0 10.13
0.022 0 0.021 0.013 0.001 0.014 8.711 0.01 8.72 9.101 0 9.098 9.025 0 9.024
0.021 0.001 0.021 0.011 0.003 0.014 9.029 0.012 9.038 9.797 0 9.795 9.697 0 9.695
0.021 0.001 0.022 0.015 0 0.015 9.716 0.01 9.723 10.16 0 10.158 9.631 0 9.628
0.023 0 0.023 0.013 0.002 0.015 9.331 0.006 9.334 9.709 0 9.707 9.629 0 9.627
0.02 0.002 0.022 0.012 0.00199999999999999 0.014 9.095 0.01 9.109 9.272 0 9.277 9.101 0 9.103
0.022 0 0.023 0.012 0.003 0.015 9.106 0.008 9.111 9.562 0 9.56 9.481 0 9.478
0.021 0.001 0.021 0.011 0.004 0.015 9.06 0.011 9.07 9.5 0 9.497 9.43 0 9.427
0.022 0 0.023 0.011 0.004 0.014 9.783 0.006 9.787 10.158 0 10.157 9.989 0 9.986
0.022 0.001 0.023 0.014 0.001 0.014 9.766 0.005 9.769 10.198 0 10.197 10.109 0 10.105
0.022 0.001 0.022 0.013 0.002 0.015 9.621 0.01 9.629 10.008 0.000999999999999994 10.006 9.988 0 9.986
0.022 0.001 0.022 0.013 0.001 0.015 9.237 0.013 9.247 9.527 0 9.525 9.497 0 9.495
0.022 0.002 0.025 0.014 0 0.014 10.566 0.009 10.571 11.052 0 11.05 11.038 0 11.036
0.022 0 0.022 0.011 0.003 0.015 9.717 0.00700000000000001 9.722 10.145 0 10.142 10.096 0 10.093
0.023 0 0.024 0.014 0 0.013 10.587 0.006 10.591 11.059 0 11.056 10.757 0 10.754
0.02 0.002 0.023 0.013 0.001 0.014 9.086 0.005 9.094 9.493 0 9.497 9.436 0 9.44
0.021 0.002 0.023 0.01 0.004 0.014 9.709 0.008 9.715 10.179 0 10.177 10.113 0 10.11
0.022 0.001 0.023 0.011 0.003 0.015 9.804 0.005 9.806 10.23 0 10.229 10.087 0 10.083
0.02 0.00199999999999999 0.022 0.014 0.001 0.014 9.707 0.005 9.709 10.102 0 10.101 10.046 0 10.043
0.022 0 0.022 0.013 0.001 0.015 9.033 0.009 9.039 9.497 0 9.494 9.409 0 9.408
0.022 0 0.021 0.013 0.001 0.015 8.794 0.005 8.796 9.162 0 9.16 9.113 0 9.113
0.021 0.003 0.024 0.014 0 0.014 10.616 0.009 10.622 11.064 0 11.063 10.721 0 10.717
0.021 0.001 0.022 0.014 0.001 0.015 9.367 0.012 9.376 9.745 0 9.743 9.726 0 9.724
0.022 0 0.022 0.014 0 0.014 9.159 0.01 9.167 9.485 0.001 9.484 9.473 0 9.471
0.025 0 0.024 0.014 0 0.014 10.559 0.007 10.563 11.005 0.001 11.005 10.881 0 10.877
0.023 0 0.023 0.012 0.003 0.015 9.71 0.006 9.713 10.123 0 10.122 10.061 0 10.058
0.021 0 0.021 0.013 0.001 0.014 8.622 0.011 8.631 8.984 0 8.982 8.953 0 8.952
0.02 0.001 0.021 0.012 0.002 0.014 8.576 0.007 8.581 8.964 0.001 8.962 8.917 0 8.916
0.023 0 0.023 0.012 0 0.013 10.61 0.011 10.618 11.05 0.001 11.048 10.995 0 10.993
0.019 0.003 0.022 0.012 0.002 0.014 9.61 0.006 9.614 10.041 0 10.041 9.985 0 9.981
0.022 0 0.022 0.015 0 0.015 9.75 0.005 9.752 10.022 0 10.02 9.994 0 9.992
0.021 0.002 0.023 0.011 0.003 0.014 9.282 0.00899999999999999 9.29 9.562 0 9.558 9.482 0 9.481
0.02 0.001 0.021 0.013 0.000999999999999994 0.014 9.609 0.00700000000000001 9.612 10.012 0 10.012 9.901 0 9.897
0.021 0 0.021 0.013 0.001 0.014 8.603 0.009 8.609 8.952 0.001 8.951 8.882 0 8.881
0.021 0 0.022 0.011 0.003 0.014 8.948 0.008 8.954 9.322 0 9.319 9.255 0 9.254
0.021 0.002 0.023 0.014 0.001 0.015 9.759 0.009 9.766 10.051 0 10.049 9.966 0 9.963
0.021 0.001 0.022 0.014 0 0.015 9.291 0.01 9.299 9.712 0 9.709 9.678 0 9.677
0.021 0.001 0.022 0.014 0.000999999999999997 0.015 9.167 0.01 9.175 9.612 0.001 9.611 9.564 0 9.562
0.021 0.001 0.022 0.013 0.002 0.015 9.664 0.005 9.666 10.043 0 10.043 9.868 0 9.865
0.019 0.003 0.022 0.014 0.000999999999999994 0.015 9.331 0.009 9.338 9.739 0 9.738 9.66 0 9.657
0.02 0.00199999999999999 0.022 0.012 0.002 0.015 9.061 0.008 9.067 9.521 0 9.518 9.482 0 9.48
0.021 0.001 0.022 0.011 0.003 0.014 8.842 0.007 8.847 9.235 0 9.233 9.167 0 9.165
0.021 0.001 0.022 0.014 0.001 0.015 9.348 0.004 9.349 9.749 0 9.748 9.673 0 9.671
0.02 0.00199999999999999 0.022 0.014 0.001 0.014 9.091 0.013 9.102 9.502 0 9.499 9.437 0 9.435
0.023 0 0.022 0.014 0.001 0.015 9.836 0.006 9.841 10.176 0 10.173 10.129 0 10.126
0.025 0 0.025 0.014 0 0.014 10.524 0.007 10.528 10.985 0 10.983 10.952 0 10.949
0.022 0.001 0.023 0.014 0 0.014 9.194 0.01 9.201 9.603 0 9.601 9.559 0.001 9.559
0.021 0.000999999999999994 0.022 0.015 0 0.014 9.18 0.009 9.187 9.622 0 9.62 9.571 0 9.569
0.02 0.001 0.021 0.01 0.004 0.014 8.73 0.006 8.734 9.116 0 9.113 9.016 0 9.014
0.023 0.001 0.025 0.014 0 0.014 10.542 0.005 10.544 11.007 0.001 11.006 10.97 0 10.966
0.022 0 0.023 0.014 0.001 0.014 9.298 0.009 9.305 9.719 0 9.716 9.689 0 9.689
0.019 0.004 0.023 0.011 0.003 0.015 9.754 0.008 9.76 10.179 0 10.176 10 0 9.998
0.023 0.00199999999999999 0.024 0.014 0 0.014 10.595 0.002 10.596 11.033 0 11.03 10.923 0 10.919
0.022 0.002 0.025 0.015 0 0.014 10.405 0.005 10.407 10.784 0.00199999999999999 10.785 10.782 0 10.779
0.021 0.002 0.023 0.013 0.002 0.015 9.666 0.009 9.671 10.101 0.001 10.102 10.088 0 10.085
0.021 0.00199999999999999 0.023 0.013 0.001 0.015 9.648 0.009 9.654 10.051 0 10.05 9.976 0 9.975
0.022 0 0.023 0.013 0.002 0.015 9.713 0.00600000000000001 9.716 10.101 0 10.099 10.13 0 10.127
0.021 0.001 0.022 0.014 0.001 0.015 9.724 0.009 9.731 10.182 0.001 10.181 10.182 0 10.179
0.02 0.00199999999999999 0.022 0.011 0.003 0.014 8.962 0.011 8.971 9.302 0 9.299 9.181 0 9.18
0.021 0.003 0.024 0.013 0 0.014 10.598 0.00700000000000001 10.601 11.032 0 11.03 10.623 0 10.62
0.021 0.001 0.022 0.013 0.002 0.014 9.383 0.013 9.393 9.765 0 9.763 9.712 0 9.71
0.019 0.002 0.021 0.011 0.003 0.014 8.946 0.009 8.952 9.283 0 9.282 9.177 0.001 9.176
0.023 0 0.023 0.00900000000000001 0.005 0.015 9.653 0.00600000000000001 9.655 10.085 0 10.084 9.891 0 9.888
0.02 0.002 0.022 0.014 0 0.015 9.034 0.005 9.036 9.478 0 9.475 9.4 0 9.4
0.021 0.001 0.022 0.015 0 0.015 9.199 0.00899999999999999 9.205 9.572 0 9.57 9.546 0 9.543
0.023 0.001 0.025 0.014 0 0.014 10.659 0.007 10.664 11.113 0 11.111 10.841 0 10.837
0.022 0 0.022 0.013 0.002 0.015 9.76 0.01 9.767 10.172 0 10.171 10.173 0 10.17
0.022 0 0.021 0.013 0.001 0.014 9.132 0.006 9.137 9.488 0 9.486 9.419 0 9.417
0.021 0.001 0.023 0.014 0.001 0.014 8.851 0.005 8.854 8.985 0 8.983 8.896 0 8.896
0.023 0 0.024 0.012 0.001 0.013 10.531 0.004 10.532 10.961 0 10.959 10.943 0 10.939
0.021 0.002 0.023 0.012 0.00199999999999999 0.015 9.339 0.00700000000000001 9.343 9.71 0 9.707 9.721 0 9.72
0.021 0.000999999999999994 0.022 0.012 0.002 0.015 9.299 0.012 9.309 9.785 0 9.781 9.698 0 9.697
0.022 0 0.022 0.015 0 0.015 9.65 0.008 9.655 10.012 0 10.011 9.993 0 9.99
0.017 0.005 0.023 0.013 0 0.013 9.597 0.01 9.603 9.947 0 9.947 9.874 0 9.871
0.021 0.002 0.023 0.01 0.004 0.015 9.661 0.007 9.666 10.011 0 10.008 9.963 0 9.96
0.02 0.004 0.024 0.014 0 0.014 10.561 0.006 10.565 10.974 0 10.971 10.622 0 10.62
0.022 0 0.022 0.014 0 0.015 9.318 0.011 9.326 9.736 0 9.734 9.682 0 9.681
0.019 0.005 0.024 0.014 0 0.014 10.392 0.006 10.395 10.83 0 10.828 10.783 0 10.78
0.021 0.002 0.022 0.014 0 0.015 9.864 0.011 9.872 10.221 0 10.218 10.162 0 10.16
0.02 0.000999999999999994 0.022 0.014 0.001 0.014 9.066 0.007 9.072 9.774 0 9.77 9.712 0 9.711
0.022 0 0.023 0.012 0.003 0.014 9.705 0.00700000000000001 9.71 10.096 0 10.094 9.623 0 9.622
0.02 0.001 0.022 0.012 0.003 0.014 9.103 0.01 9.111 9.475 0 9.472 9.49 0 9.489
0.024 0 0.024 0.014 0 0.014 10.534 0.005 10.535 10.96 0 10.959 10.832 0 10.829
0.022 0 0.023 0.013 0.002 0.015 9.117 0.006 9.121 9.626 0 9.624 9.512 0 9.51
0.021 0.002 0.023 0.013 0 0.012 10.504 0.006 10.507 11.066 0 11.065 10.941 0 10.937
0.02 0.002 0.022 0.012 0.003 0.014 9.317 0.007 9.323 9.673 0 9.677 9.42 0 9.425
0.021 0.001 0.023 0.015 0 0.014 9.336 0.007 9.342 9.681 0 9.678 9.623 0 9.62
0.018 0.003 0.021 0.014 0 0.014 8.562 0.009 8.568 8.953 0 8.951 8.853 0 8.852
0.022 0 0.022 0.015 0 0.014 9.074 0.013 9.085 9.47 0.001 9.47 9.516 0 9.514
0.019 0.004 0.022 0.014 0 0.015 9.314 0.002 9.313 9.718 0 9.715 9.629 0 9.627
0.023 0.000999999999999994 0.024 0.013 0 0.013 10.445 0.01 10.452 10.941 0 10.939 10.864 0 10.861
0.021 0.004 0.024 0.014 0 0.014 10.479 0.007 10.483 10.958 0 10.957 10.913 0 10.909
0.023 0.001 0.024 0.014 0 0.014 10.57 0.006 10.574 10.967 0 10.964 10.941 0 10.938
0.021 0.00199999999999999 0.022 0.014 0.001 0.015 9.058 0.008 9.064 9.481 0 9.48 9.424 0 9.421
0.021 0.001 0.022 0.014 0.001 0.015 9.247 0.007 9.252 9.669 0 9.666 9.611 0 9.61
0.023 0 0.023 0.014 0.000999999999999994 0.014 9.018 0.005 9.021 9.408 0 9.407 9.358 0 9.356
0.02 0.000999999999999994 0.022 0.014 0 0.014 9.059 0.01 9.066 9.351 0 9.348 9.273 0 9.272
0.022 0.001 0.022 0.01 0.004 0.015 9.64 0.006 9.643 10.066 0 10.065 9.978 0 9.975
0.021 0 0.021 0.012 0.002 0.014 8.708 0.009 8.715 9.621 0 9.618 9.611 0 9.61
0.02 0.002 0.022 0.013 0.002 0.015 9.223 0.004 9.225 9.556 0 9.553 8.991 0 8.99
0.021 0.001 0.021 0.012 0.002 0.014 8.719 0.005 8.722 9.081 0.001 9.079 9.026 0 9.026
0.021 0.001 0.022 0.015 0 0.014 9.174 0.006 9.178 9.589 0 9.586 9.534 0 9.533
0.023 0.001 0.024 0.013 0.001 0.014 10.529 0.005 10.531 11.006 0 11.004 10.555 0 10.552
0.021 0.001 0.022 0.012 0.00199999999999999 0.014 8.831 0.005 8.834 9.547 0 9.544 9.504 0 9.503
0.021 0.001 0.022 0.014 0 0.014 9.135 0.006 9.139 9.547 0 9.544 9.184 0 9.183
0.022 0 0.022 0.014 0 0.014 8.856 0.007 8.861 9.158 0.001 9.157 9.09 0 9.088
0.022 0.002 0.024 0.013 0.002 0.014 9.704 0.01 9.713 10.125 0 10.123 10.042 0 10.039
0.021 0.001 0.022 0.013 0.002 0.015 9.151 0.008 9.157 9.483 0 9.48 9.419 0.001 9.419
0.023 0.001 0.024 0.014 0.001 0.015 10.491 0.006 10.493 10.89 0 10.889 10.854 0 10.851
0.023 0 0.023 0.011 0.004 0.014 9.149 0.004 9.151 9.526 0 9.523 9.467 0 9.466
0.022 0.001 0.023 0.012 0 0.013 9.714 0.003 9.715 10.073 0 10.07 10.008 0 10.005
0.021 0 0.021 0.014 0 0.014 9.245 0.007 9.251 9.632 0 9.628 9.596 0 9.595
0.023 0 0.023 0.014 0.000999999999999994 0.015 9.279 0.009 9.286 9.785 0 9.782 9.661 0 9.66
0.02 0.002 0.022 0.013 0.00199999999999999 0.015 9.686 0.009 9.692 10.125 0 10.123 10.017 0 10.016
0.022 0 0.023 0.013 0.002 0.015 9.627 0.006 9.629 9.998 0 9.998 9.877 0 9.874
0.023 0 0.023 0.014 0.001 0.015 9.285 0.01 9.293 9.721 0 9.718 9.628 0 9.626
0.022 0 0.021 0.011 0.003 0.014 9.111 0.007 9.117 9.553 0 9.551 9.521 0 9.519
0.022 0 0.022 0.012 0.002 0.014 9.264 0.005 9.267 9.703 0 9.701 9.642 0 9.64
0.021 0.000999999999999994 0.022 0.014 0.001 0.014 9.347 0.009 9.354 9.747 0 9.745 9.679 0 9.677
0.022 0 0.022 0.013 0.002 0.014 9.28 0.008 9.286 9.723 0 9.72 9.666 0 9.665
0.02 0.002 0.022 0.015 0 0.015 9.089 0.009 9.095 9.53 0 9.528 9.471 0 9.468
0.021 0.001 0.023 0.014 0.001 0.015 9.576 0.009 9.587 9.802 0 9.805 9.702 0 9.702
0.024 0 0.024 0.014 0 0.013 10.519 0.002 10.519 11.005 0 11.002 10.552 0 10.55
0.021 0 0.021 0.012 0.002 0.014 9.033 0.00899999999999999 9.039 9.772 0 9.769 9.682 0 9.68
0.019 0.003 0.022 0.014 0.000999999999999994 0.015 9.174 0.008 9.179 9.594 0 9.592 9.244 0.001 9.243
0.021 0.001 0.021 0.013 0.001 0.014 8.922 0.009 8.93 9.289 0 9.285 9.244 0 9.243
0.023 0 0.023 0.012 0.003 0.014 9.813 0.007 9.819 10.211 0 10.209 10.149 0 10.145
0.021 0.002 0.022 0.011 0.003 0.015 9.217 0.011 9.225 9.559 0 9.557 9.489 0.001 9.488
0.022 0.001 0.023 0.015 0 0.014 9.38 0.004 9.383 9.787 0.001 9.785 9.728 0 9.728
0.02 0.001 0.021 0.014 0 0.014 9.309 0.005 9.312 9.719 0 9.717 9.729 0 9.727
0.021 0.001 0.022 0.014 0 0.014 9.065 0.00700000000000001 9.07 9.414 0 9.412 9.355 0 9.353
0.02 0.001 0.021 0.013 0.001 0.014 8.759 0.007 8.765 9.101 0 9.097 9.007 0 9.007
0.022 0 0.022 0.013 0.002 0.015 9.133 0.016 9.147 9.527 0 9.525 9.431 0 9.429
0.023 0 0.023 0.014 0.001 0.014 9.755 0.011 9.764 10.136 0 10.135 10.143 0 10.139
0.022 0 0.022 0.012 0.003 0.015 9.669 0.005 9.671 10.104 0 10.102 10.044 0 10.042
0.022 0 0.022 0.011 0.003 0.015 9.266 0.009 9.272 9.715 0 9.712 9.67 0 9.67
0.023 0 0.023 0.013 0.002 0.014 9.694 0.005 9.698 10.095 0 10.093 10.027 0 10.025
0.022 0.002 0.024 0.014 0 0.014 10.537 0.011 10.546 11.123 0 11.12 11.003 0 11.001
0.023 0 0.022 0.013 0.001 0.015 9.216 0.006 9.22 9.65 0 9.646 9.579 0 9.579
0.022 0.001 0.022 0.012 0.002 0.015 9.138 0.008 9.144 9.544 0 9.541 9.5 0 9.498
0.022 0 0.023 0.015 0 0.014 9.296 0.008 9.303 9.736 0 9.733 9.679 0 9.677
0.022 0.001 0.022 0.013 0.001 0.015 9.278 0.007 9.281 9.706 0 9.704 9.615 0 9.614
0.021 0.001 0.022 0.014 0.001 0.015 9.352 0.006 9.356 9.79 0.001 9.788 9.732 0 9.73
0.021 0.000999999999999997 0.021 0.012 0.002 0.015 9.278 0.006 9.282 9.585 0 9.582 9.474 0 9.473
0.022 0 0.022 0.015 0 0.014 9.336 0.002 9.337 9.725 0.001 9.723 9.677 0 9.675
0.02 0.003 0.022 0.014 0 0.015 9.685 0.00199999999999999 9.684 10.077 0 10.075 10.076 0 10.074
0.022 0.002 0.024 0.014 0 0.014 10.589 0.006 10.592 11.058 0 11.056 10.653 0 10.65
0.022 0 0.021 0.013 0.001 0.014 9.318 0.008 9.324 10.141 0 10.139 10.065 0 10.062
0.022 0.001 0.024 0.015 0 0.014 10.56 0.004 10.561 10.902 0 10.9 10.153 0 10.151
0.022 0 0.022 0.014 0 0.014 8.838 0.00799999999999999 8.844 9.238 0 9.236 9.198 0 9.196
0.022 0 0.023 0.014 0.001 0.014 9.286 0.011 9.296 9.597 0 9.594 9.492 0 9.491
0.024 0 0.024 0.014 0 0.014 10.516 0.01 10.523 11.03 0 11.028 11.038 0 11.036
0.023 0 0.023 0.013 0.002 0.015 9.694 0.011 9.703 10.058 0 10.055 10.013 0 10.011
0.024 0 0.023 0.014 0 0.014 10.54 0.009 10.547 10.922 0 10.926 10.699 0 10.701
0.022 0.001 0.022 0.01 0.004 0.015 9.395 0.004 9.397 9.866 0.001 9.864 9.8 0 9.798
0.022 0 0.023 0.013 0.002 0.014 9.799 0.005 9.801 10.214 0 10.213 10.089 0 10.085
0.021 0.001 0.023 0.013 0.002 0.014 9.676 0.008 9.681 10.086 0 10.084 10.107 0 10.106
0.023 0 0.023 0.013 0.000999999999999994 0.014 8.999 0.007 9.004 9.458 0 9.456 9.386 0 9.385
0.022 0 0.022 0.013 0.001 0.014 8.984 0.01 8.991 9.334 0 9.332 9.217 0 9.216
0.021 0.002 0.022 0.012 0.00199999999999999 0.015 9.078 0.009 9.084 9.508 0 9.506 9.496 0 9.495
0.021 0.001 0.022 0.014 0 0.014 9.658 0.01 9.665 10.087 0 10.086 10 0 9.997
0.022 0 0.023 0.013 0.001 0.015 9.242 0.012 9.252 9.69 0 9.686 9.719 0 9.719
0.021 0.002 0.022 0.014 0 0.015 9.285 0.009 9.292 9.699 0.001 9.696 9.591 0 9.591
0.021 0.002 0.022 0.01 0.004 0.015 9.052 0.006 9.055 9.459 0 9.456 9.45 0 9.449
0.02 0.003 0.023 0.014 0 0.014 9.658 0.008 9.664 10.05 0.001 10.049 9.926 0 9.923
0.023 0 0.022 0.012 0.002 0.015 9.349 0.006 9.352 9.697 0 9.694 9.634 0 9.632
0.022 0 0.022 0.012 0.003 0.015 9.289 0.011 9.298 9.72 0 9.717 9.659 0 9.657
0.021 0.001 0.022 0.014 0.001 0.014 9.081 0.005 9.085 9.489 0 9.486 9.415 0 9.414
0.021 0.001 0.022 0.014 0.001 0.015 9.076 0.017 9.09 9.496 0 9.494 9.432 0 9.431
0.021 0.001 0.022 0.013 0.001 0.014 8.705 0.011 8.714 9.059 0 9.057 8.973 0 8.971
0.022 0 0.023 0.014 0 0.014 9.258 0.013 9.269 9.683 0 9.68 9.614 0 9.613
0.022 0 0.022 0.014 0.001 0.014 9.376 0.008 9.383 9.745 0 9.742 9.693 0 9.692
0.022 0 0.022 0.013 0.000999999999999997 0.015 9.149 0.01 9.156 9.55 0 9.548 9.494 0 9.492
0.02 0.002 0.021 0.012 0.002 0.015 8.887 0.01 8.894 9.258 0 9.256 9.176 0 9.174
0.02 0.003 0.023 0.013 0.001 0.015 9.555 0.007 9.559 9.929 0 9.928 9.837 0 9.833
0.021 0.001 0.022 0.014 0.001 0.015 9.263 0.01 9.271 9.671 0 9.668 9.627 0 9.626
0.021 0.002 0.022 0.01 0.004 0.015 9.657 0.005 9.66 9.846 0.000999999999999994 9.845 9.927 0 9.925
0.022 0 0.023 0.014 0.001 0.014 9.083 0.008 9.089 9.521 0 9.519 9.44 0 9.439
0.023 0 0.023 0.013 0 0.013 9.587 0.003 9.588 10.98 0 10.978 10.942 0 10.939
0.022 0.001 0.023 0.013 0.001 0.014 9.313 0.01 9.32 9.729 0.001 9.728 9.16 0 9.158
0.021 0 0.021 0.013 0.000999999999999994 0.014 9.32 0.007 9.325 9.743 0 9.74 9.741 0 9.739
0.021 0.002 0.023 0.012 0.002 0.014 9.739 0.006 9.742 10.101 0 10.1 9.988 0 9.985
0.022 0 0.023 0.013 0.000999999999999994 0.014 9.01 0.00800000000000001 9.016 9.448 0 9.446 9.376 0 9.374
0.022 0.001 0.022 0.013 0.002 0.015 9.588 0.004 9.589 10.035 0.001 10.035 10.002 0 9.999
0.023 0 0.023 0.014 0.001 0.015 9.282 0.00899999999999999 9.287 9.664 0 9.662 9.698 0 9.697
0.02 0.001 0.021 0.014 0 0.014 9.012 0.00799999999999999 9.018 9.47 0 9.468 9.399 0 9.397
0.02 0.002 0.023 0.014 0.001 0.014 9.734 0.005 9.737 10.125 0 10.124 10.014 0 10.01
0.023 0 0.022 0.014 0 0.015 9.728 0.007 9.733 10.143 0 10.141 10.049 0.000999999999999994 10.048
0.022 0 0.022 0.014 0.001 0.015 9.306 0.00799999999999999 9.311 9.709 0.001 9.708 9.612 0 9.61
0.022 0 0.022 0.011 0.003 0.014 9.693 0.006 9.696 9.975 0 9.974 9.935 0 9.932
0.021 0.001 0.022 0.013 0.001 0.014 9.38 0.008 9.386 9.806 0 9.803 9.727 0 9.725
0.022 0 0.023 0.014 0.001 0.014 9.866 0.006 9.869 10.28 0 10.28 10.16 0 10.157
0.022 0 0.022 0.014 0.001 0.015 9.728 0.007 9.733 10.13 0.001 10.129 10.011 0 10.008
0.022 0 0.023 0.012 0.003 0.015 9.792 0.01 9.8 10.071 0.001 10.07 10.001 0 9.998
0.02 0.003 0.023 0.012 0.002 0.014 9.123 0.006 9.127 9.559 0 9.556 9.541 0 9.54
0.021 0 0.021 0.012 0.002 0.014 9.038 0.004 9.039 9.789 0 9.788 9.749 0 9.746
0.021 0.003 0.023 0.014 0 0.015 10.478 0.00600000000000001 10.48 10.915 0 10.913 10.067 0 10.065
0.021 0.000999999999999994 0.021 0.013 0.001 0.014 8.671 0.009 8.679 9.05 0 9.048 9.023 0 9.021
0.023 0.001 0.024 0.014 0 0.014 10.475 0.007 10.48 10.896 0 10.894 10.938 0 10.934
0.023 0 0.022 0.012 0.003 0.015 9.379 0.01 9.387 9.749 0 9.747 9.727 0 9.725
0.022 0 0.023 0.015 0 0.014 9.349 0.008 9.356 9.817 0 9.813 9.749 0 9.748
0.022 0 0.023 0.013 0.002 0.014 9.258 0.01 9.266 9.696 0.001 9.695 9.611 0 9.608
0.022 0 0.022 0.013 0.00199999999999999 0.014 9.342 0.01 9.35 9.763 0 9.761 9.726 0 9.724
0.022 0 0.022 0.00900000000000001 0.005 0.014 9.642 0.005 9.644 10.065 0 10.063 9.931 0.001 9.93
0.021 0.002 0.023 0.013 0.001 0.015 9.173 0.008 9.178 9.646 0 9.644 9.476 0 9.473
0.023 0 0.022 0.013 0.001 0.015 9.712 0.007 9.717 10.195 0 10.193 10.162 0 10.159
0.021 0.001 0.022 0.011 0.003 0.015 9.17 0.007 9.175 9.595 0.000999999999999994 9.593 9.569 0 9.567
0.023 0.001 0.024 0.014 0 0.014 10.504 0.003 10.505 10.977 0 10.974 10.536 0 10.533
0.021 0 0.021 0.012 0.002 0.014 8.599 0.005 8.602 9.014 0 9.012 8.916 0 8.915
0.022 0.001 0.023 0.01 0.004 0.014 9.298 0.005 9.3 9.7 0 9.698 9.68 0 9.678
0.023 0.001 0.025 0.014 0 0.014 10.545 0.01 10.552 10.992 0 10.989 10.953 0 10.95
0.021 0 0.021 0.012 0.002 0.014 8.983 0.009 8.99 9.435 0 9.432 9.387 0 9.387
0.021 0 0.021 0.01 0.004 0.014 9.315 0.005 9.319 9.688 0 9.685 9.588 0.001 9.587
0.021 0 0.022 0.014 0 0.014 9.592 0.00899999999999999 9.599 9.967 0 9.965 9.957 0 9.955
0.021 0.001 0.022 0.014 0.001 0.015 9.238 0.009 9.244 9.629 0.001 9.628 9.579 0 9.577
0.022 0 0.022 0.014 0.001 0.014 9.285 0.009 9.293 9.73 0 9.727 9.639 0 9.637
0.019 0.003 0.023 0.012 0.003 0.014 9.293 0.007 9.298 9.753 0 9.751 9.697 0.001 9.696
0.022 0 0.022 0.014 0.001 0.015 9.263 0.011 9.273 9.707 0 9.704 9.673 0 9.671
0.022 0 0.022 0.011 0.004 0.015 9.067 0.009 9.074 9.457 0 9.455 9.419 0 9.418
0.022 0 0.022 0.015 0 0.015 9.732 0.006 9.735 10.115 0 10.115 10.081 0 10.077
0.023 0.001 0.024 0.013 0 0.014 10.563 0.009 10.57 11.003 0 11.001 10.734 0 10.732
0.025 0 0.024 0.014 0 0.014 10.546 0.007 10.55 11.038 0 11.037 11.065 0 11.062
0.023 0.001 0.025 0.014 0 0.014 10.571 0.006 10.573 10.973 0 10.971 10.918 0 10.915
0.023 0.001 0.024 0.015 0 0.014 10.583 0.004 10.586 10.92 0.000999999999999994 10.919 10.984 0 10.979
0.024 0.001 0.025 0.014 0 0.014 10.455 0.006 10.458 10.939 0 10.937 10.957 0 10.954
0.022 0.001 0.023 0.015 0 0.014 9.745 0.01 9.753 10.083 0 10.081 10.037 0 10.035
0.021 0 0.021 0.013 0.001 0.014 8.537 0.011 8.546 8.948 0 8.945 8.861 0 8.86
0.021 0.000999999999999994 0.021 0.012 0.002 0.014 9.091 0.006 9.095 9.47 0.001 9.469 9.389 0 9.386
0.022 0.001 0.023 0.013 0.002 0.015 9.749 0.007 9.753 10.098 0 10.097 10.14 0 10.137
