0.027 0.002 0.029 0.033 0.001 0.034 11.089 0.003 11.088 11.892 0 11.89 11.801 0 11.798
0.029 0 0.028 0.033 0 0.034 10.957 0.01 10.964 11.717 0.001 11.716 11.642 0 11.639
0.028 0 0.027 0.029 0 0.03 10.687 0.014 10.697 12.151 0 12.149 12.14 0 12.137
0.029 0 0.029 0.033 0.001 0.035 11.177 0.014 11.188 11.942 0 11.939 11.175 0 11.172
0.026 0.003 0.029 0.034 0 0.035 11.125 0.007 11.128 11.856 0 11.854 11.808 0 11.806
0.027 0.000999999999999994 0.028 0.033 0.001 0.034 11.074 0.007 11.078 11.81 0.001 11.809 11.742 0 11.74
0.028 0.00199999999999999 0.03 0.032 0 0.032 12.602 0.00600000000000001 12.604 13.318 0 13.315 13.247 0 13.245
0.028 0.001 0.028 0.034 0 0.034 10.876 0.011 10.885 11.677 0 11.675 11.491 0 11.487
0.029 0 0.029 0.034 0 0.034 11.615 0.011 11.622 12.294 0 12.292 12.236 0 12.234
0.028 0.001 0.029 0.033 0.001 0.034 11.331 0.01 11.337 12.05 0 12.048 11.989 0 11.986
0.025 0.002 0.027 0.029 0 0.03 10.207 0.004 10.209 10.935 0 10.931 10.868 0 10.866
0.024 0.003 0.027 0.03 0 0.03 11.028 0.007 11.033 11.843 0.001 11.842 11.916 0 11.913
0.028 0.001 0.029 0.034 0 0.034 11.328 0.008 11.333 11.996 0 11.994 11.858 0 11.856
0.025 0.003 0.028 0.034 0 0.034 11.22 0.005 11.222 12.017 0 12.015 11.996 0 11.993
0.027 0.002 0.028 0.033 0.000999999999999994 0.034 11.656 0.009 11.662 12.335 0 12.333 12.3 0 12.297
0.025 0.003 0.029 0.034 0 0.034 10.982 0.011 10.99 11.672 0 11.669 11.658 0 11.656
0.027 0.002 0.029 0.034 0 0.033 11.225 0.009 11.232 11.924 0.001 11.923 11.885 0 11.883
0.027 0.001 0.028 0.034 0 0.034 11.117 0.008 11.122 11.857 0 11.855 11.782 0 11.779
0.022 0.005 0.027 0.029 0 0.03 10.422 0.007 10.426 11.895 0 11.893 11.816 0 11.813
0.028 0.001 0.028 0.033 0 0.034 11.332 0.004 11.333 12.129 0 12.126 11.261 0 11.258
0.028 0 0.028 0.035 0 0.035 11.142 0.009 11.148 11.858 0.001 11.857 11.799 0 11.796
0.028 0.001 0.028 0.034 0 0.034 11.436 0.012 11.445 12.22 0 12.217 12.05 0 12.049
0.025 0.004 0.029 0.034 0 0.034 11.253 0.012 11.27 12.036 0.008 12.059 11.937 0.004 11.949
0.027 0.001 0.028 0.034 0 0.034 11.291 0.009 11.297 12.013 0.001 12.01 11.933 0 11.932
0.026 0.002 0.028 0.032 0.002 0.034 10.913 0.009 10.919 11.611 0 11.609 11.597 0 11.594
0.028 0 0.029 0.034 0 0.034 11.133 0.009 11.139 11.927 0.001 11.926 11.82 0 11.817
0.027 0.002 0.029 0.034 0 0.034 11.098 0.013 11.108 11.848 0 11.845 11.764 0 11.762
0.026 0.003 0.029 0.034 0 0.034 11.158 0.01 11.165 11.847 0 11.845 11.923 0 11.921
0.026 0.002 0.028 0.034 0 0.034 11.075 0.01 11.082 11.862 0 11.861 11.83 0 11.826
0.024 0.004 0.029 0.034 0 0.034 11.011 0.01 11.018 11.79 0 11.786 11.734 0 11.733
0.026 0.001 0.026 0.03 0 0.03 11.336 0.01 11.343 12.072 0.004 12.074 12.026 0 12.024
0.028 0 0.028 0.033 0.001 0.034 11.068 0.013 11.078 11.842 0 11.839 11.781 0 11.779
0.029 0 0.028 0.034 0 0.034 10.895 0.011 10.904 11.658 0 11.654 11.575 0 11.574
0.026 0.001 0.027 0.031 0 0.03 11.434 0.008 11.44 12.092 0 12.089 12.407 0 12.405
0.027 0 0.027 0.03 0 0.03 10.847 0.008 10.852 12.384 0.000999999999999994 12.383 12.373 0 12.37
0.028 0.001 0.029 0.034 0 0.034 11.064 0.007 11.069 11.883 0 11.88 11.233 0 11.23
0.026 0.002 0.028 0.034 0 0.034 11.686 0.011 11.694 12.415 0.001 12.413 12.319 0 12.315
0.028 0 0.029 0.034 0 0.034 11.579 0.007 11.582 12.386 0 12.384 12.387 0 12.383
0.028 0.001 0.029 0.033 0 0.033 11.09 0.006 11.093 11.867 0 11.864 11.817 0 11.815
0.025 0.003 0.028 0.034 0 0.034 11.293 0.009 11.299 12.028 0.003 12.029 11.94 0 11.937
0.026 0.003 0.028 0.034 0 0.034 10.896 0.01 10.903 11.679 0 11.677 11.626 0 11.625
0.029 0 0.028 0.034 0 0.034 10.839 0.009 10.846 11.611 0 11.609 11.611 0 11.607
0.027 0.001 0.027 0.03 0 0.03 11.142 0.005 11.144 11.887 0 11.885 11.816 0 11.813
0.025 0.00199999999999999 0.027 0.03 0 0.03 11.031 0.004 11.033 11.724 0 11.72 11.659 0 11.657
0.027 0.00199999999999999 0.029 0.036 0 0.036 11.324 0.00600000000000001 11.327 12.038 0 12.036 12.033 0 12.03
0.027 0 0.027 0.03 0 0.03 10.959 0.008 10.964 11.696 0 11.694 11.719 0 11.717
0.026 0.003 0.029 0.035 0 0.035 11.624 0.01 11.631 12.326 0 12.324 12.295 0 12.292
0.025 0.004 0.029 0.035 0 0.034 11.096 0.005 11.098 11.821 0.001 11.82 11.758 0 11.756
0.027 0.001 0.029 0.036 0 0.035 11.092 0.01 11.1 11.71 0.001 11.708 11.626 0 11.625
0.025 0.003 0.028 0.034 0 0.034 10.77 0.007 10.774 11.561 0.001 11.56 11.313 0 11.311
0.026 0.001 0.027 0.028 0.001 0.03 10.314 0.007 10.317 11.822 0.001 11.821 11.764 0 11.761
0.027 0.000999999999999994 0.028 0.034 0 0.034 11.116 0.011 11.124 11.905 0 11.903 11.059 0 11.057
0.028 0.001 0.029 0.035 0 0.035 11.029 0.01 11.036 11.812 0 11.809 11.785 0 11.783
0.028 0 0.028 0.033 0.001 0.034 11.027 0.007 11.031 11.756 0.001 11.754 11.672 0 11.67
0.027 0.001 0.028 0.032 0.001 0.032 11.303 0.009 11.309 12.052 0 12.05 12.014 0 12.01
0.027 0.000999999999999994 0.028 0.034 0 0.034 11.27 0.012 11.28 12.011 0.002 12.01 11.944 0 11.941
0.027 0 0.027 0.034 0 0.034 11.136 0.004 11.136 11.897 0 11.895 11.887 0 11.885
0.025 0.004 0.028 0.034 0 0.034 11.247 0.004 11.249 11.981 0 11.978 11.937 0 11.935
0.027 0.002 0.029 0.034 0 0.035 11.161 0.004 11.16 11.901 0 11.899 11.823 0 11.82
0.027 0.002 0.028 0.034 0 0.034 10.878 0.011 10.887 11.72 0 11.716 11.694 0 11.692
0.027 0.001 0.027 0.032 0 0.033 11.305 0.008 11.309 12.082 0.000999999999999994 12.081 12.019 0 12.016
0.025 0.002 0.028 0.031 0 0.03 10.998 0.006 11.001 11.805 0.001 11.803 11.727 0 11.725
0.026 0.003 0.029 0.033 0 0.033 11.181 0.011 11.189 11.928 0 11.926 11.872 0 11.87
0.027 0.002 0.029 0.034 0 0.034 11.505 0.007 11.509 12.249 0 12.248 12.245 0 12.241
0.029 0 0.029 0.034 0 0.034 11.298 0.004 11.298 12.066 0.001 12.065 11.988 0.000999999999999994 11.985
0.029 0 0.028 0.033 0 0.034 11.104 0.013 11.114 11.854 0 11.851 11.784 0 11.781
0.028 0.00199999999999999 0.031 0.036 0 0.034 11.01 0.007 11.015 11.893 0 11.89 11.579 0 11.577
0.028 0.002 0.146 0.034 0 0.034 11.017 0.00800000000000001 11.022 11.78 0.000999999999999987 11.78 11.737 0 11.733
0.028 0.00299999999999999 0.137 0.036 0 0.037 11.363 0.00900000000000001 11.369 12.103 0 12.1 12.036 0 12.033
0.027 0.003 0.137 0.036 0.001 0.037 11.241 0.011 11.248 11.958 0 11.956 11.894 0 11.893
0.024 0.004 0.028 0.035 0 0.035 11.239 0.006 11.241 12.018 0 12.016 11.949 0 11.947
0.026 0.002 0.028 0.034 0 0.034 11.075 0.006 11.077 11.791 0 11.789 11.736 0 11.734
0.027 0 0.027 0.03 0 0.03 10.802 0.009 10.808 11.627 0.001 11.626 11.589 0.001 11.588
0.028 0.001 0.029 0.033 0 0.034 11.518 0.012 11.526 12.312 0.001 12.311 12.275 0 12.273
0.026 0.002 0.028 0.034 0 0.034 11.064 0.01 11.071 11.822 0 11.819 11.763 0 11.76
0.025 0.003 0.029 0.034 0 0.034 11.044 0.009 11.05 11.753 0 11.751 11.697 0 11.695
0.025 0.004 0.029 0.033 0.001 0.034 11.057 0.012 11.065 11.799 0 11.798 11.722 0 11.719
0.029 0 0.029 0.033 0 0.033 11.356 0.008 11.361 12.197 0.001 12.195 12.153 0 12.151
0.028 0.001 0.029 0.034 0 0.034 11.152 0.013 11.162 11.887 0.003 11.888 11.854 0 11.852
0.025 0.003 0.029 0.034 0 0.033 10.951 0.00800000000000001 10.957 11.713 0 11.71 11.653 0 11.65
0.028 0.001 0.029 0.034 0 0.034 11.152 0.00700000000000001 11.156 11.843 0 11.842 11.801 0 11.797
0.027 0.003 0.03 0.033 0 0.034 11.316 0.005 11.317 12.085 0 12.083 12.042 0 12.039
0.024 0.004 0.028 0.032 0 0.032 10.959 0.009 10.966 11.723 0 11.72 11.643 0 11.641
0.029 0 0.029 0.033 0.001 0.034 11.14 0.013 11.15 11.95 0.001 11.948 11.874 0 11.872
0.029 0 0.028 0.034 0 0.035 10.906 0.014 10.917 11.636 0 11.634 11.577 0 11.574
0.028 0 0.029 0.034 0 0.034 11.065 0.01 11.071 11.865 0 11.864 11.6 0 11.597
0.028 0.002 0.03 0.034 0 0.034 11.309 0.01 11.316 12.05 0 12.047 11.969 0 11.966
0.027 0.001 0.028 0.034 0 0.034 11.037 0.005 11.039 11.763 0 11.76 11.722 0 11.72
0.028 0.001 0.029 0.037 0 0.037 11.08 0.009 11.086 11.807 0 11.804 11.74 0 11.738
0.026 0.003 0.029 0.034 0 0.034 10.928 0.011 10.936 11.72 0 11.718 11.72 0 11.717
0.029 0 0.029 0.034 0 0.034 11.031 0.007 11.035 11.678 0 11.676 11.65 0 11.646
0.026 0.002 0.028 0.034 0 0.034 11.299 0.008 11.304 12.039 0 12.036 11.957 0 11.955
0.027 0.002 0.029 0.034 0 0.034 10.918 0.012 10.927 11.649 0 11.647 11.519 0 11.517
0.025 0.003 0.028 0.029 0 0.03 10.83 0.011 10.837 12.135 0.003 12.139 11.907 0 11.917
0.026 0.002 0.028 0.035 0 0.035 11.139 0.009 11.145 11.849 0 11.847 11.084 0.001 11.09
0.027 0.001 0.028 0.031 0 0.031 11.222 0.004 11.223 11.954 0 11.951 11.897 0 11.895
0.027 0.001 0.028 0.034 0 0.034 11.241 0.009 11.247 11.974 0.00199999999999999 11.973 11.881 0 11.879
0.027 0.002 0.028 0.034 0 0.034 11.003 0.008 11.008 11.576 0 11.573 11.521 0 11.518
0.028 0.000999999999999994 0.028 0.034 0 0.034 11.085 0.007 11.089 11.798 0.001 11.796 11.757 0 11.756
0.026 0.001 0.027 0.032 0 0.031 10.752 0.015 10.764 11.577 0 11.576 11.628 0 11.625
0.028 0.000999999999999994 0.029 0.033 0 0.034 10.943 0.00600000000000001 10.946 11.772 0.00199999999999999 11.772 11.666 0 11.664
0.028 0.001 0.029 0.034 0 0.034 11.207 0.01 11.214 11.998 0 11.996 11.942 0 11.939
0.029 0 0.028 0.033 0 0.034 11.017 0.011 11.025 11.77 0 11.767 11.684 0 11.681
0.027 0.001 0.029 0.034 0 0.034 11.617 0.007 11.621 12.338 0 12.335 12.306 0 12.304
0.029 0 0.029 0.034 0 0.034 11.677 0.00800000000000001 11.682 12.417 0.000999999999999994 12.416 12.375 0 12.372
0.027 0.00199999999999999 0.028 0.034 0 0.035 11.094 0.011 11.102 11.858 0 11.855 11.786 0 11.784
0.025 0.003 0.028 0.034 0 0.034 11.569 0.008 11.574 12.403 0 12.4 12.227 0 12.224
0.025 0.004 0.029 0.033 0 0.034 11.457 0.006 11.459 12.216 0 12.214 12.09 0 12.087
0.028 0.001 0.028 0.034 0 0.034 11.041 0.01 11.048 11.806 0 11.805 11.738 0 11.735
0.03 0.000999999999999994 0.03 0.03 0 0.03 12.243 0.012 12.252 12.932 0 12.93 12.937 0 12.933
0.028 0.000999999999999994 0.028 0.034 0 0.034 11.051 0.014 11.061 11.902 0 11.9 11.828 0 11.826
0.026 0.003 0.029 0.034 0 0.034 11.013 0.004 11.014 11.701 0.004 11.702 11.657 0 11.655
0.025 0.00199999999999999 0.027 0.03 0 0.029 10.486 0.009 10.493 11.948 0.001 11.945 11.892 0 11.892
0.026 0.002 0.029 0.034 0 0.034 11.097 0.011 11.105 11.885 0 11.881 11.061 0 11.059
0.029 0.001 0.03 0.033 0 0.033 12.17 0.01 12.177 12.983 0 12.979 12.679 0 12.676
0.028 0.002 0.028 0.034 0 0.034 11.043 0.00799999999999999 11.048 11.823 0 11.821 11.755 0 11.754
0.027 0.00199999999999999 0.029 0.031 0 0.031 10.939 0.00800000000000001 10.944 11.707 0.00199999999999999 11.706 11.657 0 11.654
0.026 0.002 0.028 0.034 0 0.034 11.129 0.012 11.138 11.853 0 11.85 11.839 0 11.837
0.027 0.002 0.029 0.038 0 0.038 11.275 0.00600000000000001 11.277 11.942 0 11.94 12.007 0 12.005
0.029 0 0.029 0.034 0 0.034 11.178 0.013 11.188 11.974 0 11.971 12.043 0 12.04
0.028 0.002 0.03 0.033 0 0.033 12.22 0.007 12.224 13.041 0 13.038 12.853 0 12.85
0.028 0.001 0.028 0.034 0 0.034 11.193 0.006 11.197 11.933 0 11.93 11.899 0 11.896
0.029 0 0.029 0.034 0 0.034 11.231 0.013 11.241 11.984 0 11.981 11.897 0 11.895
0.027 0.002 0.029 0.032 0 0.032 12.157 0.013 12.167 12.984 0 12.981 12.893 0 12.891
0.028 0.002 0.03 0.032 0 0.032 11.456 0.002 11.455 12.19 0.001 12.188 12.113 0 12.112
0.028 0.000999999999999994 0.029 0.034 0 0.034 11.648 0.011 11.656 12.453 0 12.45 12.372 0 12.369
0.027 0.00199999999999999 0.029 0.034 0 0.034 11.368 0.007 11.372 12.262 0 12.259 12.196 0 12.195
0.027 0.002 0.029 0.034 0 0.033 10.888 0.009 10.894 11.871 0 11.869 11.766 0 11.763
0.029 0 0.028 0.034 0 0.034 10.909 0.009 10.915 11.598 0.001 11.597 11.545 0 11.543
0.026 0.002 0.028 0.033 0.001 0.034 11.057 0.015 11.069 11.824 0 11.822 11.748 0 11.747
0.029 0 0.029 0.033 0 0.033 11.249 0.01 11.255 11.97 0.002 11.971 11.897 0 11.893
0.027 0.002 0.029 0.034 0 0.034 11.689 0.006 11.692 12.389 0.001 12.388 12.345 0 12.342
0.025 0.004 0.028 0.034 0 0.034 11.054 0.011 11.063 11.835 0.001 11.833 11.574 0 11.572
0.028 0.001 0.029 0.033 0.001 0.033 11.48 0.01 11.488 12.141 0.003 12.141 12.2 0 12.198
0.025 0.003 0.029 0.035 0 0.034 10.976 0.014 10.988 11.692 0.001 11.691 11.66 0 11.657
0.028 0 0.028 0.034 0 0.034 11.205 0.007 11.209 11.969 0.001 11.967 11.883 0 11.881
0.026 0.002 0.028 0.03 0 0.03 10.993 0.009 10.999 11.744 0 11.742 11.762 0 11.761
0.028 0.001 0.029 0.034 0 0.034 11.064 0.008 11.068 11.806 0.001 11.805 11.733 0 11.731
0.026 0.001 0.027 0.03 0 0.03 10.566 0.008 10.572 11.242 0 11.24 11.161 0 11.159
0.028 0.001 0.029 0.034 0 0.033 11.288 0.008 11.293 12.073 0 12.071 12.052 0 12.049
0.026 0.001 0.027 0.03 0 0.03 11.481 0.006 11.483 12.257 0.001 12.256 12.202 0 12.199
0.027 0.002 0.028 0.033 0 0.034 11.383 0.007 11.387 12.162 0 12.159 12.094 0 12.092
0.026 0.002 0.028 0.035 0 0.035 11.189 0.006 11.193 11.957 0.001 11.955 11.865 0 11.862
0.026 0.003 0.029 0.033 0 0.033 11.08 0.01 11.087 11.82 0 11.818 11.713 0 11.711
0.027 0.001 0.028 0.034 0 0.034 11.035 0.005 11.037 11.877 0 11.875 11.649 0 11.647
0.023 0.004 0.028 0.03 0 0.03 11.627 0.005 11.627 12.289 0 12.287 12.303 0 12.301
0.028 0.001 0.029 0.034 0 0.034 11.679 0.012 11.688 12.372 0 12.369 12.335 0 12.332
0.026 0.00199999999999999 0.029 0.034 0 0.034 11.049 0.007 11.052 11.793 0 11.792 11.72 0 11.717
0.028 0.001 0.029 0.033 0.001 0.034 11.278 0.008 11.282 12.039 0 12.036 11.828 0 11.83
0.029 0 0.029 0.034 0 0.034 11.208 0.012 11.217 11.971 0 11.969 11.914 0 11.911
0.026 0.002 0.029 0.035 0 0.034 11.182 0.011 11.19 11.906 0 11.905 11.861 0 11.858
0.026 0.003 0.029 0.033 0 0.034 11.258 0.00899999999999999 11.263 11.998 0.001 11.997 11.929 0 11.926
0.025 0.00199999999999999 0.026 0.03 0 0.03 10.329 0.014 10.341 10.86 0 10.858 10.808 0 10.804
0.027 0.002 0.028 0.034 0 0.034 10.907 0.008 10.912 11.732 0.001 11.732 11.468 0 11.466
0.027 0.00199999999999999 0.029 0.037 0 0.037 10.764 0.008 10.769 11.442 0 11.44 11.319 0 11.317
0.028 0.001 0.028 0.035 0 0.035 11.248 0.007 11.252 11.981 0 11.979 11.923 0 11.921
0.026 0.00199999999999999 0.028 0.034 0 0.034 11.022 0.015 11.034 11.761 0 11.758 11.702 0 11.7
0.026 0.003 0.029 0.034 0 0.034 11.269 0.011 11.277 12.06 0 12.058 12.022 0 12.019
0.027 0.001 0.029 0.03 0.001 0.03 11.041 0.013 11.052 11.806 0 11.803 11.738 0 11.736
0.027 0 0.027 0.03 0 0.03 10.411 0.007 10.415 11.077 0 11.076 11.032 0 11.028
0.027 0.001 0.028 0.034 0 0.034 10.981 0.011 10.989 11.713 0.000999999999999994 11.711 11.643 0 11.641
0.025 0.002 0.027 0.03 0 0.03 11.027 0.00899999999999999 11.034 11.866 0 11.862 11.795 0 11.793
0.029 0 0.028 0.033 0.000999999999999994 0.034 11.096 0.011 11.105 11.938 0.002 11.938 11.913 0 11.912
0.027 0.001 0.028 0.034 0 0.034 11.014 0.006 11.017 11.712 0 11.709 11.699 0 11.698
0.027 0 0.027 0.03 0 0.03 10.869 0.009 10.875 11.631 0 11.629 11.608 0 11.604
0.024 0.004 0.029 0.034 0 0.034 10.763 0.006 10.766 11.861 0 11.859 11.459 0 11.456
0.027 0.002 0.029 0.034 0 0.034 10.921 0.01 10.928 11.534 0.002 11.534 11.467 0 11.464
0.025 0.004 0.029 0.034 0 0.034 11.287 0.01 11.294 11.959 0.002 11.959 11.94 0 11.937
0.025 0.004 0.029 0.034 0 0.034 10.973 0.008 10.979 11.701 0.002 11.699 11.663 0 11.661
0.023 0.004 0.027 0.03 0 0.03 11.293 0.006 11.295 11.988 0 11.986 11.974 0 11.971
0.027 0.001 0.028 0.034 0.001 0.034 11.151 0.006 11.155 11.907 0 11.905 11.859 0 11.856
0.026 0.001 0.027 0.03 0 0.03 10.814 0.009 10.82 11.858 0.001 11.856 11.818 0.001 11.817
0.029 0 0.029 0.033 0.001 0.034 11.074 0.011 11.082 11.853 0 11.85 11.435 0 11.433
0.026 0.001 0.027 0.029 0 0.029 10.418 0.004 10.42 11.11 0 11.107 11.04 0 11.037
0.027 0.002 0.029 0.034 0 0.034 10.748 0.013 10.759 11.863 0 11.86 11.423 0 11.421
0.029 0 0.029 0.033 0 0.033 10.994 0.00600000000000001 10.997 11.828 0.000999999999999994 11.826 11.859 0 11.857
0.026 0.002 0.028 0.033 0 0.033 11.252 0.01 11.26 12 0.002 11.999 11.951 0 11.948
0.027 0.001 0.028 0.034 0 0.034 11.294 0.014 11.305 11.998 0 11.995 11.954 0 11.951
0.027 0.002 0.029 0.034 0 0.034 11.086 0.01 11.093 11.835 0.003 11.836 11.777 0 11.774
0.027 0.001 0.028 0.034 0 0.034 11.226 0.007 11.23 11.989 0 11.986 11.921 0 11.919
0.026 0.003 0.029 0.033 0 0.033 11.02 0.013 11.03 11.835 0 11.833 11.695 0 11.692
0.029 0 0.028 0.034 0 0.034 11.294 0.009 11.3 12.062 0 12.059 11.992 0 11.99
0.028 0.001 0.03 0.033 0 0.033 11.088 0.009 11.094 11.857 0 11.855 11.793 0 11.79
0.028 0 0.028 0.029 0.000999999999999994 0.029 10.345 0.013 10.356 11.045 0 11.043 11.028 0 11.025
0.025 0.003 0.028 0.034 0 0.035 11.267 0.008 11.271 11.988 0 11.985 11.906 0.001 11.906
0.026 0.002 0.028 0.034 0 0.035 11.162 0.008 11.167 11.922 0.001 11.92 11.862 0 11.859
0.028 0.002 0.03 0.036 0 0.035 11.04 0.01 11.048 11.69 0.00199999999999999 11.69 11.779 0 11.775
0.029 0 0.029 0.036 0 0.036 10.954 0.011 10.963 11.831 0.002 11.831 11.542 0 11.54
0.027 0.001 0.029 0.034 0 0.034 11.219 0.008 11.223 11.94 0 11.938 11.857 0 11.854
0.026 0.004 0.029 0.033 0 0.034 11.462 0.008 11.467 12.15 0.002 12.149 12.088 0 12.086
0.028 0.000999999999999994 0.029 0.034 0 0.033 11.423 0.00600000000000001 11.426 12.127 0.001 12.125 12.078 0 12.075
0.025 0.002 0.026 0.03 0 0.03 10.167 0.007 10.171 10.863 0 10.862 10.774 0 10.77
0.024 0.005 0.028 0.036 0 0.037 10.913 0.009 10.919 11.666 0 11.664 11.619 0 11.617
0.026 0.00199999999999999 0.028 0.035 0 0.035 10.963 0.01 10.97 11.682 0 11.68 11.632 0 11.63
0.028 0 0.029 0.032 0.001 0.032 11.173 0.009 11.179 11.99 0 11.987 11.95 0 11.948
0.027 0.001 0.028 0.034 0 0.035 11.346 0.008 11.351 12.089 0 12.086 12.019 0 12.017
0.028 0.001 0.028 0.033 0.001 0.034 11.002 0.009 11.008 11.744 0 11.741 11.689 0 11.688
0.028 0.001 0.029 0.033 0 0.034 11.215 0.008 11.22 11.95 0 11.948 11.862 0 11.859
0.027 0.001 0.029 0.034 0 0.034 11.075 0.009 11.08 11.71 0.001 11.71 11.629 0 11.627
0.026 0.003 0.028 0.033 0 0.034 11.158 0.008 11.163 11.911 0 11.909 11.848 0 11.845
0.027 0.001 0.028 0.031 0 0.031 11.019 0.01 11.025 11.826 0 11.825 11.776 0 11.773
0.031 0 0.031 0.029 0.004 0.033 13.474 0.008 13.479 14.361 0 14.359 14.079 0 14.074
0.028 0 0.027 0.03 0 0.031 10.279 0.004 10.279 10.996 0 10.994 10.915 0 10.913
0.027 0.001 0.029 0.034 0 0.034 11.273 0.006 11.276 11.643 0 11.641 11.869 0 11.867
0.026 0.002 0.028 0.032 0.001 0.033 11.062 0.009 11.068 11.8 0.000999999999999994 11.798 11.736 0 11.734
0.023 0.005 0.028 0.034 0 0.034 11.05 0.01 11.057 11.847 0 11.845 11.738 0 11.735
0.029 0 0.029 0.034 0 0.034 10.906 0.011 10.914 11.631 0.002 11.631 11.419 0 11.416
0.027 0.00199999999999999 0.028 0.034 0 0.034 11.265 0.003 11.265 12.315 0 12.313 12.043 0 12.04
0.026 0.003 0.028 0.034 0 0.035 11.126 0.009 11.131 11.859 0 11.857 11.838 0 11.835
0.03 0 0.03 0.033 0 0.033 12.217 0.011 12.224 12.997 0 12.994 13.018 0 13.015
0.028 0.000999999999999994 0.029 0.034 0 0.034 11.709 0.014 11.719 12.416 0.001 12.415 12.356 0 12.353
0.027 0.001 0.028 0.03 0 0.03 11.078 0.007 11.082 12.183 0 12.18 12.109 0 12.107
0.029 0.001 0.03 0.033 0 0.033 12.181 0.008 12.186 13.044 0 13.041 12.277 0 12.274
0.026 0.001 0.027 0.029 0 0.029 10.36 0.008 10.366 11.028 0 11.025 10.974 0 10.971
0.027 0.001 0.028 0.035 0 0.035 11.639 0.011 11.647 12.404 0 12.402 12.301 0 12.299
0.027 0.00199999999999999 0.029 0.034 0 0.034 10.968 0.012 10.977 11.711 0.001 11.71 11.688 0 11.685
0.027 0.001 0.028 0.034 0 0.034 11.191 0.006 11.193 11.922 0 11.92 11.876 0 11.873
0.027 0.001 0.028 0.034 0 0.034 11.285 0.00700000000000001 11.289 12.013 0 12.01 11.962 0.000999999999999994 11.961
0.024 0.003 0.027 0.03 0 0.03 10.718 0.009 10.723 11.501 0.001 11.499 11.569 0 11.567
0.025 0.003 0.028 0.034 0 0.034 11.036 0.01 11.043 11.747 0 11.745 11.689 0 11.686
0.024 0.003 0.027 0.03 0 0.03 10.98 0.011 10.988 11.773 0 11.769 11.789 0 11.788
0.029 0 0.029 0.034 0 0.034 11.248 0.011 11.256 11.98 0 11.978 11.96 0 11.957
0.028 0.001 0.029 0.034 0 0.034 11.01 0.004 11.012 11.747 0 11.744 11.712 0 11.71
0.028 0.001 0.029 0.029 0 0.029 11.994 0.014 12.005 12.867 0 12.864 12.731 0.001 12.73
0.028 0 0.028 0.029 0 0.029 10.468 0.012 10.477 11.193 0 11.191 11.156 0 11.154
0.028 0.001 0.028 0.033 0 0.033 11.251 0.011 11.258 12 0.001 11.999 11.942 0 11.939
0.027 0.001 0.028 0.034 0 0.034 11.129 0.012 11.138 11.919 0 11.917 11.909 0 11.906
0.024 0.003 0.027 0.029 0.001 0.03 10.941 0.009 10.947 11.644 0.001 11.643 11.586 0.001 11.585
0.025 0.00199999999999999 0.028 0.031 0 0.03 10.996 0.004 10.997 11.751 0 11.749 11.943 0 11.94
0.026 0.001 0.027 0.03 0 0.03 11.237 0.004 11.238 11.93 0 11.928 11.883 0 11.88
0.027 0.001 0.028 0.034 0 0.034 11.128 0.014 11.139 11.854 0.002 11.854 11.849 0 11.846
0.027 0.00199999999999999 0.029 0.034 0 0.034 10.962 0.013 10.971 11.707 0 11.706 11.661 0 11.658
0.028 0 0.027 0.029 0 0.03 10.555 0.012 10.565 11.253 0 11.25 11.202 0 11.2
0.027 0.002 0.029 0.034 0 0.033 11.347 0.007 11.352 12.076 0 12.073 12.054 0 12.051
0.025 0.003 0.028 0.034 0 0.034 11.185 0.007 11.189 11.904 0.001 11.901 11.874 0 11.872
0.025 0.003 0.029 0.034 0 0.034 11.141 0.01 11.148 11.87 0 11.867 11.833 0 11.831
0.026 0.003 0.029 0.034 0 0.034 11.277 0.013 11.287 11.872 0.001 11.871 11.843 0 11.84
0.026 0.003 0.028 0.034 0 0.034 11.693 0.008 11.698 12.411 0 12.409 12.282 0 12.278
0.028 0.001 0.029 0.034 0 0.034 11.389 0.007 11.393 12.094 0.000999999999999994 12.093 12.029 0 12.026
0.029 0 0.029 0.034 0 0.034 11.185 0.01 11.192 11.93 0 11.927 11.877 0 11.875
0.027 0 0.027 0.03 0 0.031 10.798 0.011 10.806 11.555 0.001 11.553 11.571 0 11.568
0.027 0.001 0.028 0.034 0 0.034 11.072 0.009 11.077 11.888 0 11.885 11.795 0.001 11.795
0.029 0 0.028 0.034 0 0.034 10.978 0.013 10.988 11.693 0.001 11.692 11.606 0 11.604
0.027 0.002 0.029 0.033 0.000999999999999994 0.034 11.016 0.00800000000000001 11.021 11.727 0.000999999999999994 11.726 11.679 0 11.677
0.027 0.00199999999999999 0.028 0.033 0.001 0.034 11.117 0.005 11.12 11.826 0 11.823 11.735 0 11.733
0.026 0.001 0.028 0.03 0 0.029 10.419 0.011 10.427 11.118 0 11.116 11.021 0 11.018
0.029 0 0.029 0.034 0 0.034 11.207 0.007 11.21 11.911 0 11.909 11.867 0 11.865
0.026 0.002 0.028 0.035 0 0.034 11.125 0.006 11.129 11.882 0 11.881 11.822 0 11.818
0.028 0.002 0.03 0.032 0 0.032 12.203 0.009 12.21 13.007 0 13.004 12.709 0 12.706
0.029 0 0.029 0.034 0 0.034 11.233 0.01 11.24 11.825 0.001 11.824 11.924 0 11.922
0.027 0.001 0.028 0.034 0 0.034 10.806 0.011 10.814 11.836 0 11.834 11.452 0 11.45
0.028 0.001 0.029 0.033 0 0.033 11.221 0.012 11.23 11.962 0.001 11.961 11.862 0 11.859
0.026 0.002 0.028 0.034 0 0.034 11.552 0.003 11.552 12.136 0 12.133 12.145 0 12.143
0.027 0.002 0.029 0.034 0 0.034 11.143 0.009 11.149 11.902 0 11.899 11.832 0 11.83
0.025 0.002 0.027 0.03 0 0.03 10.789 0.01 10.796 11.908 0 11.905 11.829 0 11.827
0.027 0.002 0.029 0.034 0 0.033 11.675 0.009 11.682 12.329 0 12.326 11.851 0 11.849
0.027 0 0.027 0.029 0 0.029 10.41 0.011 10.418 11.118 0 11.116 11.045 0 11.042
0.027 0.003 0.029 0.034 0 0.034 11.374 0.007 11.378 12.197 0.001 12.195 12.029 0 12.028
0.028 0.000999999999999994 0.028 0.034 0 0.034 11.04 0.00700000000000001 11.044 11.79 0 11.788 11.767 0 11.765
0.024 0.003 0.028 0.031 0 0.03 10.954 0.01 10.962 11.678 0 11.675 11.622 0 11.619
0.026 0.001 0.028 0.03 0 0.03 10.91 0.013 10.919 11.729 0.002 11.729 11.82 0 11.818
0.028 0.000999999999999994 0.029 0.034 0 0.034 11.242 0.00600000000000001 11.246 12.029 0 12.026 11.976 0 11.973
0.025 0.002 0.027 0.03 0 0.031 10.981 0.006 10.984 11.78 0 11.777 11.773 0 11.77
0.025 0.002 0.027 0.03 0 0.03 11.293 0.004 11.295 12.107 0 12.105 12.092 0 12.089
0.029 0 0.029 0.033 0.001 0.034 11.117 0.007 11.121 11.862 0 11.86 11.787 0 11.785
0.027 0.001 0.028 0.033 0.000999999999999994 0.034 10.971 0.00800000000000001 10.976 11.706 0 11.704 11.659 0 11.657
0.023 0.004 0.027 0.029 0.001 0.03 10.383 0.01 10.391 11.1 0 11.098 11.01 0 11.006
0.023 0.005 0.028 0.036 0 0.036 11.135 0.011 11.143 11.909 0 11.907 11.84 0 11.838
0.025 0.003 0.029 0.034 0 0.034 11.414 0.012 11.423 12.134 0 12.131 12.018 0 12.016
0.024 0.003 0.027 0.031 0 0.03 11.083 0.011 11.091 11.823 0.004 11.825 11.797 0 11.794
0.027 0.001 0.028 0.034 0 0.035 11.351 0.01 11.357 12.132 0 12.13 12.061 0 12.057
0.026 0.002 0.028 0.034 0 0.034 11.113 0.009 11.119 11.854 0 11.853 11.772 0 11.768
0.028 0 0.029 0.034 0 0.034 11.067 0.008 11.072 11.838 0.001 11.837 11.789 0 11.786
0.026 0.001 0.027 0.031 0 0.031 11.106 0.011 11.114 11.865 0 11.862 11.793 0.001 11.792
0.026 0.001 0.027 0.029 0.001 0.03 10.742 0.006 10.744 11.411 0 11.409 11.668 0 11.666
0.027 0.002 0.029 0.033 0 0.034 11.105 0.014 11.119 11.879 0.002 11.879 11.821 0.002 11.826
0.028 0.001 0.028 0.033 0 0.034 11.264 0.016 11.281 11.951 0.003 11.958 11.92 0 11.916
0.027 0.002 0.029 0.034 0 0.033 11.335 0.006 11.339 12.11 0 12.107 12.03 0 12.027
0.027 0.003 0.029 0.034 0 0.034 10.926 0.014 10.937 11.723 0 11.721 11.522 0 11.526
0.027 0.002 0.029 0.034 0 0.035 11.132 0.008 11.136 11.853 0 11.851 11.818 0 11.816
0.026 0.002 0.028 0.033 0.001 0.034 11.372 0.01 11.379 12.14 0.001 12.138 12.023 0 12.02
0.024 0.00199999999999999 0.027 0.03 0 0.03 10.251 0.011 10.258 11.014 0.001 11.014 10.933 0 10.93
0.025 0.002 0.027 0.03 0 0.03 11.563 0.004 11.564 12.357 0.001 12.356 12.274 0 12.271
0.027 0.001 0.029 0.034 0 0.034 11.582 0.006 11.584 12.401 0 12.398 12.352 0 12.35
0.027 0.002 0.029 0.034 0 0.034 11.055 0.012 11.064 11.791 0 11.791 11.591 0 11.596
0.028 0.001 0.029 0.034 0 0.034 10.827 0.011 10.835 11.572 0 11.57 11.557 0 11.555
0.027 0 0.027 0.03 0 0.03 11.198 0.004 11.199 11.942 0 11.94 11.878 0 11.876
0.026 0.002 0.028 0.034 0 0.034 11.049 0.008 11.054 11.822 0 11.819 11.646 0 11.644
0.028 0.001 0.029 0.034 0 0.034 11.57 0.007 11.574 12.258 0.003 12.259 12.292 0 12.289
0.028 0.001 0.029 0.034 0 0.034 11.097 0.007 11.101 11.82 0 11.818 11.753 0 11.751
0.028 0.000999999999999994 0.029 0.032 0.002 0.034 11.029 0.011 11.037 11.763 0 11.761 11.704 0 11.702
0.028 0 0.027 0.03 0 0.03 10.45 0.007 10.455 11.065 0 11.062 10.994 0 10.992
0.028 0 0.028 0.037 0 0.037 11.088 0.01 11.095 11.83 0 11.828 11.786 0 11.784
0.025 0.003 0.028 0.034 0 0.034 11.362 0.013 11.372 12.141 0.002 12.141 11.999 0.001 11.997
0.027 0.002 0.029 0.034 0 0.034 11.34 0.007 11.344 12.089 0 12.086 12.073 0 12.071
0.028 0.001 0.029 0.034 0 0.034 11.409 0.011 11.418 12.152 0 12.148 12.034 0 12.031
0.028 0 0.028 0.034 0 0.034 10.971 0.008 10.976 11.774 0 11.772 11.679 0 11.676
0.026 0.003 0.028 0.034 0 0.034 11.016 0.008 11.021 11.835 0 11.832 11.731 0 11.73
0.028 0.002 0.03 0.038 0 0.038 11.273 0.008 11.278 12.051 0 12.049 12.006 0 12.005
0.029 0 0.029 0.034 0 0.033 10.994 0.00800000000000001 10.999 11.666 0 11.664 11.579 0 11.576
0.026 0.003 0.029 0.033 0 0.033 10.773 0.009 10.779 11.859 0.000999999999999994 11.857 11.468 0 11.466
0.028 0.001 0.029 0.034 0 0.034 11.118 0.007 11.121 11.893 0 11.891 11.805 0 11.803
0.027 0.002 0.028 0.033 0 0.034 11.357 0.009 11.363 12.095 0.001 12.093 12.042 0 12.04
0.028 0.001 0.029 0.034 0 0.034 11.099 0.009 11.105 11.804 0 11.801 11.772 0 11.77
0.025 0.00199999999999999 0.027 0.029 0.001 0.03 10.48 0.009 10.486 11.892 0 11.89 11.837 0 11.834
0.027 0.001 0.028 0.034 0 0.034 11.145 0.007 11.149 11.938 0 11.936 11.155 0 11.153
0.024 0.003 0.028 0.03 0 0.029 10.726 0.007 10.73 11.461 0.001 11.46 11.425 0 11.423
0.027 0.003 0.029 0.034 0 0.034 10.989 0.009 10.995 11.75 0 11.748 11.673 0 11.672
0.028 0.000999999999999997 0.029 0.034 0 0.034 11.126 0.011 11.134 11.868 0 11.866 11.797 0 11.795
0.025 0.005 0.029 0.034 0 0.034 11.572 0.00800000000000001 11.577 12.38 0 12.378 12.28 0 12.277
0.027 0.001 0.029 0.034 0 0.034 11.061 0.007 11.065 11.834 0.001 11.833 11.781 0 11.779
0.028 0.001 0.028 0.034 0 0.034 11.069 0.01 11.077 11.861 0 11.858 11.816 0 11.813
0.027 0.002 0.029 0.034 0 0.034 11.066 0.015 11.079 11.812 0 11.808 11.744 0 11.742
0.025 0.004 0.029 0.034 0 0.034 11.01 0.01 11.017 11.773 0 11.771 11.82 0 11.817
0.028 0 0.029 0.034 0 0.034 11.024 0.012 11.033 11.73 0 11.727 11.677 0 11.675
0.028 0.001 0.029 0.033 0 0.033 10.939 0.014 10.95 11.711 0 11.709 11.522 0 11.52
0.023 0.004 0.027 0.03 0 0.03 11.19 0.009 11.195 11.989 0.002 11.989 11.902 0 11.9
0.027 0.002 0.03 0.034 0 0.033 11.385 0.011 11.393 12.123 0 12.122 12.074 0 12.071
0.025 0.002 0.027 0.03 0 0.031 10.309 0.014 10.32 11.081 0 11.079 11.002 0 10.998
0.027 0.001 0.029 0.034 0 0.034 11.092 0.008 11.096 11.866 0 11.863 11.757 0 11.755
0.027 0.00199999999999999 0.029 0.034 0 0.035 11.165 0.01 11.171 11.903 0 11.9 11.802 0.002 11.802
0.025 0.003 0.028 0.034 0 0.034 10.981 0.009 10.987 11.759 0 11.758 11.691 0 11.687
0.027 0.002 0.028 0.034 0 0.034 10.899 0.012 10.909 11.611 0.002 11.609 11.598 0 11.597
0.028 0.001 0.029 0.034 0 0.034 11.13 0.007 11.134 11.921 0.005 11.924 11.802 0 11.799
0.026 0.003 0.029 0.033 0.000999999999999994 0.034 11.029 0.00700000000000001 11.033 11.798 0 11.795 11.71 0 11.708
0.025 0.00199999999999999 0.027 0.03 0 0.031 10.641 0.007 10.644 11.524 0 11.522 11.509 0 11.508
0.027 0.002 0.029 0.033 0.001 0.034 11.022 0.011 11.03 11.864 0 11.861 11.764 0 11.762
0.029 0 0.028 0.035 0 0.035 11.331 0.007 11.335 12.097 0 12.095 12.028 0 12.025
0.026 0.002 0.029 0.034 0 0.034 11.074 0.00899999999999999 11.08 11.835 0 11.833 11.761 0 11.757
0.026 0.001 0.027 0.03 0 0.03 11.059 0.009 11.065 12.151 0 12.148 12.065 0 12.063
0.027 0.00199999999999999 0.028 0.034 0 0.035 11.237 0.009 11.243 11.965 0.002 11.964 11.579 0 11.577
0.026 0.001 0.027 0.03 0 0.029 10.243 0.008 10.249 10.909 0.001 10.908 10.866 0 10.862
0.029 0 0.029 0.035 0 0.034 11.124 0.012 11.134 11.89 0 11.887 11.809 0 11.807
0.029 0 0.028 0.033 0.001 0.035 11.029 0.007 11.033 11.801 0 11.798 11.752 0 11.75
0.028 0 0.029 0.034 0 0.034 11.02 0.012 11.029 11.741 0 11.738 11.66 0 11.657
0.027 0.002 0.028 0.034 0 0.034 11.153 0.006 11.156 11.87 0.001 11.87 11.796 0 11.793
0.027 0.00199999999999999 0.029 0.034 0 0.034 10.968 0.01 10.976 11.828 0.002 11.828 11.67 0 11.668
0.027 0.002 0.028 0.033 0 0.034 10.915 0.008 10.919 11.706 0.001 11.706 11.626 0 11.623
0.025 0.002 0.027 0.03 0 0.03 10.797 0.005 10.799 11.593 0 11.592 11.551 0 11.548
0.026 0.003 0.029 0.034 0 0.034 11.334 0.009 11.338 12.094 0 12.093 12.049 0 12.045
0.024 0.003 0.027 0.03 0 0.03 11.026 0.009 11.031 11.778 0 11.776 11.737 0 11.736
0.028 0.000999999999999994 0.03 0.034 0 0.034 11.204 0.01 11.211 12.085 0 12.081 12.012 0 12.01
0.023 0.004 0.027 0.03 0 0.03 10.329 0.01 10.336 11.07 0 11.068 10.997 0 10.994
0.025 0.003 0.029 0.032 0 0.032 11.69 0.008 11.693 12.388 0.001 12.387 12.334 0 12.332
0.027 0.001 0.028 0.034 0 0.034 11.225 0.007 11.229 11.922 0.001 11.921 11.872 0 11.869
0.027 0.001 0.027 0.031 0 0.031 11.187 0.009 11.193 11.918 0 11.916 11.817 0 11.814
0.026 0.001 0.027 0.034 0 0.034 11.123 0.012 11.131 11.854 0 11.852 11.803 0 11.801
0.026 0.002 0.028 0.034 0 0.034 10.894 0.00600000000000001 10.897 11.655 0 11.652 11.585 0 11.583
0.028 0.001 0.029 0.034 0 0.034 10.999 0.007 11.003 11.753 0 11.75 11.65 0 11.648
0.026 0.002 0.029 0.034 0 0.034 11.211 0.009 11.216 11.917 0.001 11.916 11.879 0 11.876
0.024 0.003 0.028 0.03 0 0.03 10.783 0.005 10.784 11.634 0.002 11.634 11.575 0 11.573
0.027 0.003 0.03 0.033 0 0.034 11.451 0.009 11.456 11.916 0.001 11.914 11.953 0 11.951
0.028 0 0.027 0.029 0 0.03 11.159 0.011 11.166 11.767 0.001 11.766 11.717 0 11.715
0.026 0.00199999999999999 0.029 0.035 0 0.034 11.083 0.012 11.093 11.822 0 11.82 11.758 0 11.754
0.027 0.00199999999999999 0.03 0.034 0 0.034 11.717 0.011 11.723 12.381 0 12.379 12.376 0 12.373
0.023 0.004 0.027 0.03 0 0.029 10.379 0.012 10.389 11.032 0 11.029 11.078 0 11.076
0.023 0.004 0.028 0.035 0 0.035 10.982 0.008 10.987 11.729 0 11.726 11.619 0 11.617
0.025 0.003 0.028 0.034 0 0.034 11.586 0.011 11.594 12.334 0.003 12.334 12.149 0 12.147
0.029 0.000999999999999994 0.03 0.04 0 0.04 11.479 0.01 11.486 12.199 0.001 12.198 12.177 0 12.173
0.028 0.001 0.029 0.034 0 0.034 11.003 0.007 11.007 11.745 0.002 11.746 11.688 0 11.685
0.029 0.002 0.031 0.032 0 0.032 12.276 0.012 12.284 12.94 0 12.938 12.9 0 12.897
0.027 0.001 0.028 0.034 0 0.034 11.005 0.00700000000000001 11.009 11.735 0 11.733 11.694 0 11.692
0.028 0 0.029 0.033 0 0.034 10.859 0.012 10.867 11.747 0.001 11.746 11.556 0 11.553
0.027 0.001 0.029 0.034 0 0.033 11.244 0.008 11.25 11.976 0 11.973 11.929 0 11.927
0.028 0.001 0.028 0.034 0 0.034 10.954 0.007 10.958 11.701 0 11.698 11.625 0 11.624
0.028 0.000999999999999994 0.029 0.034 0 0.034 11.025 0.01 11.032 11.989 0 11.987 11.878 0 11.876
0.027 0.002 0.028 0.033 0 0.034 11.656 0.01 11.663 12.3 0 12.297 12.265 0 12.263
0.028 0 0.029 0.033 0.001 0.034 11.023 0.01 11.03 11.773 0 11.771 11.694 0 11.691
0.024 0.006 0.03 0.034 0 0.034 11.612 0.009 11.618 12.332 0 12.329 12.302 0 12.3
0.027 0.001 0.029 0.034 0 0.034 10.62 0.006 10.623 11.304 0.001 11.301 11.177 0.000999999999999994 11.176
0.027 0.00199999999999999 0.028 0.033 0.001 0.035 11.186 0.012 11.195 11.959 0 11.956 11.827 0 11.825
0.025 0.002 0.028 0.036 0.001 0.036 10.876 0.01 10.883 11.676 0 11.674 11.604 0 11.601
0.026 0.003 0.029 0.034 0 0.034 11.014 0.008 11.026 11.535 0 11.538 11.341 0 11.344
0.027 0.001 0.028 0.034 0 0.034 11.072 0.006 11.075 11.784 0 11.782 11.74 0 11.737
0.028 0.001 0.028 0.034 0 0.035 11.109 0.01 11.117 11.818 0.000999999999999994 11.816 11.778 0 11.776
0.026 0.003 0.029 0.034 0 0.033 10.997 0.007 11.002 11.773 0 11.77 11.686 0 11.684
0.027 0.001 0.029 0.034 0 0.034 11.196 0.011 11.203 11.96 0.001 11.959 11.92 0 11.919
0.027 0.002 0.029 0.034 0 0.033 11.173 0.01 11.181 11.915 0 11.912 11.715 0 11.713
0.025 0.003 0.029 0.034 0.001 0.033 11.316 0.009 11.322 12.196 0 12.194 12.17 0 12.169
0.029 0 0.029 0.035 0 0.033 11.196 0.016 11.21 11.952 0.003 11.953 11.916 0 11.912
0.028 0.001 0.028 0.034 0 0.035 10.989 0.016 11.002 11.778 0.002 11.778 11.693 0 11.69
0.028 0.002 0.029 0.033 0 0.034 11.367 0.006 11.369 12.162 0 12.16 12.061 0 12.057
0.025 0.003 0.027 0.029 0 0.03 11.06 0.004 11.061 12.135 0.001 12.134 12.083 0 12.08
0.027 0.002 0.029 0.034 0 0.034 11.19 0.009 11.196 11.951 0 11.948 11.589 0 11.587
0.025 0.002 0.026 0.03 0 0.03 10.232 0.008 10.239 10.933 0 10.931 10.901 0 10.896
0.027 0.002 0.028 0.034 0 0.035 11.102 0.009 11.107 11.807 0 11.805 11.795 0 11.793
0.026 0.003 0.029 0.033 0 0.034 11.354 0.011 11.361 12.153 0 12.151 12.037 0 12.034
0.028 0.001 0.029 0.034 0 0.034 11.063 0.009 11.07 11.791 0 11.787 11.751 0 11.75
0.027 0.002 0.029 0.034 0 0.033 11.179 0.008 11.185 11.93 0.001 11.929 11.893 0 11.89
0.029 0 0.028 0.034 0 0.034 11.15 0.012 11.159 11.778 0.003 11.779 11.742 0 11.739
0.029 0 0.029 0.034 0.001 0.033 11.226 0.011 11.235 12.052 0.001 12.051 12.011 0 12.008
0.026 0.002 0.029 0.034 0 0.033 10.823 0.011 10.832 11.62 0.002 11.619 11.484 0 11.483
0.029 0 0.028 0.034 0 0.035 11.006 0.009 11.011 11.809 0.001 11.809 11.701 0 11.697
0.028 0.001 0.029 0.034 0 0.034 11.631 0.007 11.635 12.323 0.001 12.322 12.13 0 12.134
0.027 0.002 0.028 0.034 0 0.034 11.13 0.011 11.139 11.879 0.000999999999999994 11.877 11.797 0 11.795
0.028 0.001 0.029 0.034 0 0.034 11.362 0.013 11.371 12.13 0 12.128 12.012 0 12.009
0.027 0 0.027 0.03 0 0.029 10.332 0.008 10.337 11.039 0 11.037 10.947 0 10.944
0.027 0.001 0.029 0.035 0.001 0.035 11.052 0.012 11.061 11.835 0 11.834 11.774 0 11.77
0.025 0.003 0.028 0.035 0 0.034 11.088 0.009 11.095 11.887 0 11.885 11.82 0 11.817
0.027 0.002 0.029 0.033 0.001 0.034 11.085 0.007 11.09 11.621 0.002 11.619 11.593 0 11.591
0.026 0.002 0.028 0.033 0.000999999999999994 0.034 11.029 0.00600000000000001 11.032 11.817 0 11.815 11.76 0 11.758
0.028 0.001 0.028 0.034 0 0.034 11.655 0.008 11.66 12.415 0 12.412 12.167 0 12.166
0.027 0.002 0.029 0.033 0.001 0.034 11.058 0.008 11.063 11.888 0 11.884 11.799 0 11.797
0.028 0.001 0.029 0.034 0 0.034 11.162 0.009 11.168 11.898 0 11.895 11.855 0 11.853
0.025 0.002 0.027 0.029 0.001 0.03 10.848 0.013 10.859 11.503 0 11.501 11.478 0 11.475
0.026 0.001 0.027 0.029 0.001 0.03 11.038 0.01 11.045 11.623 0 11.621 11.936 0 11.933
0.028 0 0.029 0.033 0.001 0.033 11.19 0.011 11.198 11.932 0 11.93 11.879 0 11.877
0.028 0.001 0.029 0.034 0 0.033 11.369 0.007 11.373 12.1 0 12.097 12.082 0 12.081
0.028 0.001 0.029 0.033 0.001 0.034 10.976 0.007 10.98 11.564 0.002 11.564 11.549 0 11.547
0.021 0.006 0.027 0.03 0 0.03 10.457 0.012 10.466 11.12 0 11.118 11.082 0 11.08
0.028 0.001 0.029 0.033 0 0.034 11.375 0.008 11.38 12.126 0.001 12.124 11.961 0 11.958
0.029 0 0.028 0.033 0.001 0.034 10.963 0.008 10.969 11.757 0.002 11.756 11.683 0 11.681
0.028 0.001 0.029 0.033 0.001 0.033 11.246 0.011 11.255 11.973 0 11.971 11.982 0 11.98
0.027 0.001 0.029 0.032 0 0.032 11.178 0.004 11.179 11.918 0.004 11.918 11.868 0 11.867
0.024 0.003 0.027 0.03 0 0.03 11.177 0.00799999999999999 11.181 11.911 0 11.909 11.878 0 11.875
0.025 0.003 0.028 0.035 0 0.035 11.061 0.01 11.068 11.818 0 11.815 11.767 0 11.765
0.025 0.004 0.03 0.034 0 0.034 10.932 0.009 10.937 11.696 0 11.695 11.632 0 11.629
0.027 0.002 0.029 0.033 0.001 0.034 11.084 0.01 11.091 11.902 0 11.9 11.809 0 11.806
0.027 0.00199999999999999 0.028 0.033 0 0.034 11.187 0.01 11.194 11.916 0 11.913 11.886 0.001 11.885
0.026 0.000999999999999994 0.027 0.03 0 0.03 11.167 0.016 11.179 11.967 0 11.965 11.918 0 11.916
0.029 0 0.028 0.034 0 0.034 10.946 0.00799999999999999 10.952 11.694 0.001 11.693 11.702 0 11.7
0.026 0.000999999999999994 0.027 0.03 0 0.03 10.817 0.00600000000000001 10.82 11.566 0 11.563 11.575 0 11.573
0.026 0.00199999999999999 0.029 0.034 0.001 0.034 10.8 0.012 10.81 11.595 0 11.592 11.526 0 11.525
0.025 0.002 0.027 0.031 0 0.03 10.58 0.007 10.585 11.295 0 11.293 11.242 0.001 11.24
0.027 0.002 0.029 0.034 0 0.034 11.135 0.008 11.14 11.867 0 11.864 11.816 0 11.813
0.027 0.00199999999999999 0.029 0.034 0 0.034 11.016 0.011 11.023 11.819 0 11.817 11.782 0 11.78
0.029 0.002 0.031 0.034 0 0.034 11.145 0.013 11.155 11.91 0 11.907 11.845 0 11.842
0.028 0.001 0.029 0.035 0 0.035 11.15 0.009 11.155 11.93 0 11.929 11.854 0 11.852
0.025 0.003 0.028 0.035 0 0.035 10.919 0.007 10.923 11.658 0 11.654 11.606 0 11.605
0.028 0 0.029 0.034 0 0.034 11.178 0.006 11.181 11.912 0 11.91 11.817 0 11.814
0.028 0 0.028 0.034 0 0.034 10.966 0.013 10.976 11.643 0.001 11.641 11.632 0 11.629
0.028 0.001 0.029 0.033 0.001 0.034 11.091 0.006 11.095 11.887 0 11.885 11.83 0 11.827
0.028 0.001 0.029 0.033 0 0.034 11.177 0.01 11.183 12.016 0 12.013 11.932 0 11.931
0.029 0 0.029 0.034 0 0.034 11.042 0.008 11.046 11.813 0 11.812 11.642 0 11.64
0.028 0 0.029 0.034 0 0.034 10.933 0.011 10.94 12.002 0.001 12.002 11.645 0 11.642
0.022 0.005 0.027 0.034 0 0.034 11.049 0.009 11.055 11.822 0 11.82 11.743 0 11.74
0.028 0.001 0.029 0.034 0 0.034 11.154 0.011 11.162 11.891 0 11.889 11.81 0 11.807
0.026 0.001 0.027 0.029 0.001 0.03 10.326 0.009 10.332 11.005 0 11.003 10.932 0 10.928
0.028 0 0.029 0.035 0 0.034 11.388 0.008 11.393 12.104 0 12.103 12.061 0 12.057
0.028 0 0.028 0.034 0 0.034 11.123 0.008 11.128 11.894 0 11.892 11.85 0 11.847
0.028 0.001 0.029 0.034 0 0.034 11.22 0.004 11.221 11.951 0 11.948 11.901 0 11.899
0.028 0.000999999999999997 0.029 0.034 0 0.034 11.378 0.008 11.382 12.072 0.001 12.071 12.051 0 12.048
0.027 0.001 0.028 0.034 0.000999999999999994 0.035 11.046 0.011 11.054 11.796 0 11.794 11.741 0 11.74
0.026 0.00199999999999999 0.028 0.034 0 0.034 11.61 0.006 11.614 12.338 0 12.335 12.173 0 12.171
0.029 0 0.028 0.032 0.00199999999999999 0.034 11.03 0.012 11.038 11.587 0.002 11.588 11.546 0 11.544
0.027 0 0.027 0.03 0 0.03 11.153 0.01 11.159 11.892 0.00199999999999999 11.892 11.836 0 11.835
0.028 0.001 0.028 0.034 0 0.034 10.903 0.013 10.913 11.617 0 11.615 11.535 0 11.532
0.026 0.003 0.028 0.034 0 0.035 11.064 0.005 11.065 11.754 0.001 11.753 11.68 0 11.678
0.028 0 0.028 0.034 0 0.034 10.813 0.012 10.823 11.566 0.001 11.564 11.527 0 11.525
0.027 0 0.028 0.029 0.001 0.03 11.46 0.01 11.466 12.129 0.002 12.13 12.1 0 12.096
0.028 0.002 0.031 0.033 0 0.032 12.16 0.01 12.167 13.003 0 13 12.931 0 12.928
0.027 0.001 0.028 0.035 0 0.034 10.784 0.009 10.791 11.53 0.001 11.528 11.331 0 11.333
0.027 0 0.027 0.029 0 0.029 10.581 0.011 10.589 11.306 0 11.304 11.191 0 11.189
0.027 0.002 0.029 0.034 0 0.034 11.257 0.011 11.265 11.99 0.001 11.988 11.936 0 11.934
0.026 0.003 0.029 0.034 0 0.034 11.135 0.011 11.143 11.858 0 11.856 11.811 0 11.808
0.025 0.004 0.028 0.034 0 0.034 11.024 0.006 11.026 11.806 0 11.804 11.751 0.001 11.751
0.029 0 0.028 0.034 0 0.034 11.164 0.01 11.172 11.894 0 11.891 11.821 0 11.82
0.024 0.005 0.029 0.033 0 0.034 11.351 0.013 11.361 12.066 0.001 12.064 12.001 0 11.999
0.026 0.003 0.029 0.034 0 0.034 11.074 0.011 11.082 11.884 0 11.882 11.82 0 11.817
0.025 0.003 0.028 0.034 0 0.034 11.177 0.008 11.182 11.92 0 11.916 11.855 0 11.854
0.025 0.003 0.028 0.033 0.001 0.035 11.202 0.012 11.21 11.82 0 11.818 11.764 0 11.762
0.029 0 0.029 0.034 0 0.034 11.2 0.00700000000000001 11.203 12.055 0.000999999999999994 12.054 12.019 0 12.016
0.029 0 0.029 0.034 0 0.034 11.234 0.012 11.243 12.024 0 12.021 11.953 0 11.952
0.028 0.001 0.029 0.034 0 0.033 11.126 0.008 11.132 11.901 0 11.898 11.824 0 11.822
0.024 0.003 0.028 0.03 0 0.03 11.264 0.008 11.268 12.02 0.00199999999999999 12.019 11.928 0 11.926
0.026 0.00199999999999999 0.027 0.03 0 0.03 11.019 0.01 11.026 11.716 0 11.714 11.921 0 11.919
0.027 0.002 0.029 0.033 0 0.033 11.169 0.009 11.175 11.943 0 11.94 11.929 0 11.927
0.029 0.00199999999999999 0.031 0.032 0 0.032 12.221 0.011 12.228 12.933 0.001 12.932 12.958 0 12.955
0.03 0.000999999999999994 0.031 0.032 0 0.032 12.205 0.009 12.209 13.055 0 13.053 12.844 0 12.84
0.029 0 0.029 0.034 0 0.034 11.338 0.01 11.344 12.134 0 12.132 12.063 0 12.061
0.027 0 0.027 0.03 0 0.03 10.41 0.015 10.423 11.082 0.001 11.08 11.028 0 11.025
0.028 0.001 0.028 0.033 0 0.034 11.61 0.011 11.617 12.409 0 12.407 12.343 0 12.339
0.026 0.003 0.029 0.034 0 0.034 11.167 0.005 11.169 11.897 0 11.895 11.846 0 11.843
0.025 0.003 0.027 0.031 0 0.032 11.029 0.011 11.037 11.727 0 11.724 11.696 0 11.695
0.029 0 0.029 0.034 0 0.034 11.097 0.00600000000000001 11.099 11.843 0 11.842 11.785 0 11.782
0.029 0 0.029 0.034 0 0.034 11.092 0.011 11.101 11.843 0 11.84 11.786 0 11.784
0.025 0.004 0.028 0.033 0 0.034 11.356 0.004 11.357 12.186 0.002 12.186 12.087 0 12.085
0.027 0.001 0.029 0.034 0 0.034 11.054 0.009 11.059 11.897 0 11.894 11.792 0 11.79
0.026 0.003 0.029 0.032 0.001 0.033 11.131 0.016 11.144 11.874 0.001 11.873 11.833 0 11.831
0.026 0.002 0.028 0.034 0 0.034 11.092 0.01 11.099 11.83 0 11.827 11.787 0 11.786
0.026 0.003 0.029 0.033 0 0.034 11.359 0.007 11.362 12.247 0 12.245 12.128 0 12.125
0.027 0.001 0.029 0.034 0 0.033 10.769 0.008 10.774 11.552 0 11.549 11.41 0 11.408
0.028 0.001 0.029 0.034 0 0.034 11.201 0.014 11.212 11.965 0 11.963 11.864 0 11.861
0.025 0.003 0.029 0.034 0 0.034 11.329 0.005 11.33 12.099 0 12.097 12.097 0 12.095
0.024 0.003 0.027 0.032 0 0.032 11.095 0.01 11.102 11.873 0 11.87 11.795 0 11.793
0.025 0.003 0.029 0.034 0 0.034 11.091 0.011 11.1 11.887 0.002 11.885 11.798 0 11.797
0.029 0 0.029 0.033 0.001 0.034 11.064 0.009 11.07 11.836 0.000999999999999994 11.835 11.797 0 11.794
0.027 0.002 0.029 0.034 0 0.034 11.11 0.004 11.111 11.848 0 11.846 11.805 0 11.803
0.028 0 0.028 0.033 0 0.033 11.22 0.011 11.228 11.953 0 11.951 11.903 0 11.901
0.027 0.001 0.028 0.034 0 0.035 11.013 0.011 11.021 11.79 0.004 11.791 11.743 0 11.74
0.026 0.003 0.029 0.034 0 0.033 11.057 0.014 11.069 11.839 0 11.836 11.741 0 11.739
0.026 0.003 0.029 0.034 0 0.034 11.072 0.009 11.078 11.804 0 11.802 11.724 0 11.722
0.029 0 0.029 0.034 0 0.034 11.034 0.009 11.04 11.752 0.000999999999999994 11.751 11.68 0 11.678
0.027 0.002 0.029 0.034 0 0.034 11.322 0.009 11.328 11.991 0.00199999999999999 11.989 11.995 0 11.994
0.027 0 0.027 0.03 0.001 0.03 10.972 0.01 10.98 11.448 0 11.446 11.754 0 11.752
0.025 0.001 0.027 0.03 0 0.03 10.918 0.01 10.924 11.712 0.001 11.712 11.649 0 11.645
0.027 0 0.027 0.029 0.001 0.029 10.231 0.009 10.239 10.928 0 10.926 11.147 0 11.144
0.028 0.001 0.029 0.035 0 0.035 11.183 0.008 11.188 11.958 0.001 11.957 11.92 0 11.918
0.026 0.003 0.029 0.034 0 0.034 11.226 0.007 11.23 11.834 0 11.831 11.739 0 11.737
0.028 0.001 0.029 0.034 0 0.034 11.457 0.008 11.462 12.173 0 12.17 12.13 0 12.128
0.028 0.001 0.028 0.033 0 0.034 10.63 0.007 10.633 11.082 0 11.08 11.012 0 11.01
0.025 0.004 0.029 0.034 0 0.034 11.597 0.00700000000000001 11.601 12.352 0.001 12.35 12.301 0 12.299
0.025 0.004 0.029 0.033 0 0.034 11.289 0.01 11.295 12.075 0.001 12.075 12.019 0 12.016
0.029 0 0.029 0.034 0 0.034 11.009 0.006 11.012 11.83 0 11.828 11.615 0 11.612
0.027 0.00199999999999999 0.029 0.034 0 0.034 11.13 0.007 11.134 11.935 0 11.932 11.862 0 11.86
0.027 0.00199999999999999 0.028 0.034 0 0.035 11.234 0.004 11.233 11.973 0.001 11.972 11.869 0 11.866
0.026 0.001 0.027 0.032 0 0.032 11.17 0.011 11.178 11.897 0.002 11.897 11.852 0 11.849
0.028 0.000999999999999994 0.029 0.034 0 0.034 11.048 0.016 11.062 11.841 0.001 11.838 11.74 0 11.739
0.028 0 0.027 0.03 0.000999999999999994 0.032 10.618 0.01 10.624 11.318 0 11.317 11.239 0 11.237
0.029 0 0.03 0.034 0 0.034 11.56 0.00700000000000001 11.564 12.333 0 12.33 12.28 0 12.277
0.027 0.002 0.029 0.034 0 0.034 11.611 0.007 11.615 12.338 0 12.336 12.303 0 12.3
0.029 0 0.028 0.034 0 0.034 10.845 0.006 10.848 11.611 0.001 11.61 11.519 0 11.517
0.026 0.003 0.029 0.034 0 0.034 11.212 0.012 11.221 11.975 0.000999999999999994 11.974 11.907 0 11.905
0.027 0.002 0.028 0.034 0 0.035 11.089 0.011 11.096 11.68 0 11.678 11.587 0 11.584
0.026 0.004 0.029 0.033 0 0.034 11.132 0.012 11.141 11.989 0 11.986 11.952 0 11.95
0.027 0.00199999999999999 0.029 0.034 0 0.033 11.055 0.00800000000000001 11.061 12.161 0.000999999999999994 12.158 11.693 0 11.692
0.026 0.002 0.029 0.034 0 0.034 11.043 0.007 11.046 11.71 0.001 11.709 11.625 0 11.623
0.025 0.002 0.027 0.03 0 0.03 10.341 0.01 10.348 11.042 0 11.04 10.938 0 10.935
0.026 0.001 0.027 0.03 0 0.03 11.048 0.014 11.06 11.847 0 11.844 11.776 0 11.774
0.027 0.002 0.029 0.034 0 0.034 11.096 0.01 11.104 11.866 0 11.863 11.815 0 11.813
0.028 0.001 0.029 0.034 0 0.034 11.055 0.006 11.059 11.885 0 11.883 11.953 0 11.95
0.03 0 0.03 0.032 0 0.033 12.151 0.012 12.158 13.029 0 13.027 12.968 0 12.965
0.026 0.002 0.027 0.035 0 0.034 10.962 0.005 10.964 11.709 0.002 11.709 11.66 0 11.658
0.027 0.001 0.029 0.034 0 0.034 10.945 0.011 10.952 11.712 0 11.709 11.649 0 11.647
0.027 0.001 0.029 0.034 0 0.034 11.11 0.013 11.12 11.944 0.003 11.944 11.885 0 11.883
0.023 0.003 0.027 0.029 0.002 0.031 10.933 0.014 10.944 11.744 0.002 11.743 11.707 0 11.705
0.029 0 0.029 0.034 0 0.034 11.042 0.01 11.048 11.807 0 11.804 11.77 0 11.769
0.026 0.003 0.028 0.034 0 0.034 11.107 0.009 11.113 11.881 0 11.879 11.835 0.001 11.833
0.025 0.003 0.029 0.035 0 0.034 11.027 0.01 11.034 11.737 0.002 11.737 11.701 0 11.698
0.026 0.003 0.029 0.034 0 0.034 11.08 0.007 11.084 11.815 0 11.813 11.765 0 11.763
0.028 0.001 0.029 0.034 0 0.034 10.948 0.016 10.961 11.611 0.001 11.61 11.54 0 11.538
0.026 0.001 0.027 0.031 0.001 0.031 10.643 0.011 10.651 11.394 0.001 11.393 11.311 0 11.309
0.027 0.002 0.029 0.035 0 0.034 10.991 0.007 10.995 11.801 0.001 11.8 11.737 0 11.734
0.027 0.002 0.029 0.034 0 0.034 11.092 0.009 11.098 11.862 0 11.86 11.818 0 11.815
0.026 0.003 0.029 0.034 0 0.034 11.442 0.00700000000000001 11.446 12.185 0 12.183 12.138 0 12.136
0.028 0.000999999999999994 0.029 0.034 0 0.034 10.964 0.011 10.971 11.696 0.002 11.696 11.588 0 11.586
0.026 0.001 0.027 0.03 0 0.031 11.438 0.006 11.44 12.196 0.002 12.196 12.491 0 12.489
0.028 0.000999999999999994 0.029 0.034 0 0.033 11.69 0.007 11.693 12.4 0.003 12.402 12.321 0 12.318
0.028 0 0.027 0.029 0 0.029 10.542 0.008 10.548 11.275 0.001 11.274 11.199 0 11.196
0.026 0.004 0.029 0.034 0 0.034 11.201 0.008 11.206 11.985 0.001 11.984 11.94 0 11.938
0.027 0.002 0.029 0.034 0 0.034 11.316 0.008 11.322 12.106 0.001 12.105 12.077 0 12.074
0.025 0.002 0.027 0.031 0 0.03 10.424 0.008 10.43 11.112 0 11.11 11.106 0 11.104
0.027 0.001 0.027 0.03 0 0.03 11.275 0.012 11.284 12.109 0.001 12.108 12.047 0 12.044
0.024 0.005 0.029 0.034 0 0.034 11.137 0.006 11.14 11.878 0 11.876 11.837 0 11.836
0.028 0.001 0.028 0.034 0 0.034 11.213 0.01 11.22 12.025 0 12.022 11.947 0 11.945
0.029 0.00199999999999999 0.031 0.032 0 0.032 12.154 0.007 12.157 12.918 0 12.917 12.875 0 12.872
0.027 0.00199999999999999 0.029 0.034 0 0.034 11.186 0.009 11.193 11.91 0 11.908 11.84 0 11.836
0.028 0.003 0.03 0.033 0 0.033 12.156 0.011 12.168 12.772 0 12.774 12.589 0 12.592
0.028 0 0.029 0.034 0 0.034 11.041 0.006 11.043 11.818 0 11.817 11.751 0 11.747
0.027 0.002 0.029 0.034 0 0.034 11.708 0.011 11.716 12.426 0.001 12.424 12.39 0 12.387
0.026 0.003 0.029 0.034 0 0.034 11.05 0.004 11.052 11.764 0.002 11.764 11.722 0 11.719
0.027 0.002 0.029 0.034 0 0.034 11.308 0.012 11.316 12.083 0 12.082 12.064 0 12.061
0.026 0.000999999999999994 0.027 0.031 0 0.032 10.744 0.00700000000000001 10.747 11.479 0 11.478 11.424 0 11.42
0.027 0.00199999999999999 0.029 0.034 0 0.034 11.119 0.00800000000000001 11.124 11.886 0 11.884 11.845 0 11.843
0.026 0.002 0.029 0.034 0 0.034 11.05 0.011 11.056 11.866 0.004 11.869 11.856 0 11.854
0.027 0.00199999999999999 0.029 0.034 0.001 0.034 11.337 0.008 11.342 12.088 0.001 12.087 11.988 0 11.985
0.029 0.002 0.031 0.032 0 0.032 12.197 0.008 12.201 12.998 0 12.996 12.874 0 12.871
0.029 0 0.029 0.034 0 0.033 11.023 0.009 11.029 11.684 0.001 11.684 11.756 0 11.754
0.028 0 0.028 0.034 0 0.034 10.929 0.00799999999999999 10.934 11.758 0 11.756 11.483 0 11.48
0.026 0.003 0.029 0.033 0.001 0.034 11.087 0.013 11.096 11.816 0 11.813 11.742 0.001 11.741
0.028 0.001 0.029 0.033 0 0.034 11.005 0.009 11.011 11.758 0 11.755 11.615 0 11.613
0.028 0 0.028 0.034 0 0.035 11.111 0.005 11.113 11.891 0.001 11.89 11.823 0 11.821
0.028 0.001 0.028 0.033 0.001 0.035 10.977 0.005 10.978 11.67 0.002 11.671 11.579 0 11.577
0.027 0.001 0.029 0.029 0 0.029 11.518 0.005 11.519 12.127 0 12.125 12.16 0 12.157
0.026 0.003 0.028 0.033 0 0.034 11.229 0.01 11.235 11.985 0 11.983 11.863 0 11.86
0.029 0 0.029 0.034 0 0.034 11.007 0.007 11.012 11.662 0 11.659 11.653 0 11.651
0.029 0 0.029 0.034 0 0.034 11.253 0.009 11.258 11.972 0 11.972 11.76 0.001 11.765
0.027 0.001 0.029 0.034 0 0.034 11.665 0.01 11.672 12.43 0.001 12.428 12.31 0 12.307
0.027 0.00199999999999999 0.029 0.034 0 0.033 11.63 0.008 11.635 12.428 0.002 12.427 12.285 0 12.283
0.027 0.002 0.029 0.033 0 0.033 11.047 0.01 11.054 11.799 0 11.796 11.724 0 11.722
0.024 0.003 0.028 0.031 0 0.03 11.382 0.00899999999999999 11.389 12.097 0 12.094 12.034 0 12.033
0.027 0.002 0.029 0.034 0 0.034 11.723 0.008 11.728 12.322 0.001 12.32 12.378 0 12.375
0.029 0 0.028 0.034 0 0.034 11.157 0.012 11.167 11.922 0 11.919 11.85 0 11.847
0.027 0.00199999999999999 0.028 0.034 0 0.034 11.202 0.011 11.21 11.924 0.002 11.924 11.85 0 11.849
0.028 0.001 0.03 0.034 0 0.034 11.393 0.007 11.396 12.249 0.001 12.247 12.106 0 12.105
0.025 0.004 0.028 0.034 0 0.034 11.179 0.01 11.187 11.968 0 11.965 11.896 0 11.894
0.027 0.002 0.029 0.034 0 0.034 11.008 0.008 11.014 11.753 0 11.75 11.704 0 11.701
0.028 0.000999999999999994 0.028 0.033 0 0.034 11.229 0.00600000000000001 11.231 12.025 0.000999999999999994 12.025 11.94 0 11.937
0.027 0.00199999999999999 0.029 0.034 0 0.034 10.863 0.011 10.871 11.635 0.001 11.634 11.451 0 11.449
0.024 0.004 0.028 0.034 0 0.034 10.701 0.014 10.713 11.509 0.002 11.508 11.379 0 11.376
0.026 0.001 0.027 0.031 0 0.031 11.23 0.004 11.231 11.868 0 11.866 11.813 0 11.811
0.027 0.002 0.029 0.033 0 0.033 11.207 0.006 11.21 11.968 0 11.965 11.942 0 11.94
0.026 0.001 0.027 0.029 0 0.029 10.804 0.008 10.809 11.491 0 11.489 11.449 0 11.446
0.026 0.002 0.029 0.034 0 0.034 11.089 0.011 11.096 11.839 0.001 11.838 11.774 0 11.772
0.029 0 0.029 0.033 0 0.034 11.315 0.005 11.317 12.105 0.004 12.105 11.985 0 11.983
0.028 0.000999999999999994 0.028 0.033 0.001 0.034 10.985 0.003 10.985 11.748 0.001 11.748 11.668 0 11.665
0.026 0.001 0.027 0.032 0 0.031 10.527 0.01 10.535 11.258 0 11.255 11.168 0 11.166
0.027 0.002 0.029 0.034 0 0.034 11.272 0.009 11.278 11.947 0 11.945 11.892 0 11.889
0.028 0.003 0.031 0.032 0 0.032 12.248 0.008 12.253 13.007 0 13.004 12.837 0 12.834
0.027 0.001 0.028 0.033 0.001 0.034 11.219 0.011 11.228 11.923 0.001 11.921 11.848 0 11.846
0.025 0.003 0.028 0.034 0 0.034 11 0.00600000000000001 11.003 11.772 0 11.77 11.701 0 11.699
0.026 0.002 0.028 0.034 0 0.033 10.769 0.006 10.772 11.408 0 11.406 11.411 0 11.41
0.027 0.002 0.029 0.034 0 0.034 11.134 0.006 11.138 11.858 0 11.855 11.808 0 11.806
0.026 0.002 0.029 0.031 0 0.03 11.17 0.014 11.181 11.943 0.002 11.943 11.852 0 11.849
0.027 0.002 0.029 0.037 0 0.038 11.08 0.013 11.09 11.834 0 11.831 11.769 0 11.767
0.027 0.001 0.028 0.032 0.001 0.034 11.037 0.01 11.044 11.782 0 11.778 11.711 0 11.709
0.028 0.001 0.028 0.034 0 0.035 11.125 0.013 11.134 11.862 0.00199999999999999 11.863 11.843 0 11.839
0.026 0.002 0.027 0.03 0 0.03 10.873 0.018 10.888 11.673 0 11.671 11.589 0 11.587
0.027 0 0.028 0.03 0.001 0.03 11.092 0.01 11.1 11.609 0 11.606 11.866 0 11.864
0.027 0 0.027 0.032 0 0.032 10.675 0.008 10.681 11.414 0 11.411 11.336 0 11.334
0.027 0.00199999999999999 0.029 0.034 0 0.034 11.138 0.011 11.146 11.903 0 11.9 11.868 0 11.866
0.024 0.003 0.026 0.03 0 0.03 11.01 0.00800000000000001 11.015 11.761 0 11.758 11.719 0 11.717
0.024 0.003 0.027 0.03 0 0.029 10.667 0.008 10.673 11.454 0 11.451 11.355 0 11.353
0.028 0.001 0.029 0.034 0 0.034 11.076 0.011 11.084 11.83 0.002 11.83 11.757 0 11.755
0.028 0 0.028 0.034 0 0.034 11.009 0.00700000000000001 11.013 11.724 0 11.722 11.671 0 11.668
0.026 0.00199999999999999 0.028 0.034 0 0.034 10.937 0.008 10.943 11.671 0 11.668 11.631 0 11.63
0.026 0.003 0.029 0.034 0 0.034 11.08 0.007 11.084 11.832 0 11.829 11.794 0 11.792
0.027 0 0.027 0.03 0 0.03 10.385 0.01 10.393 11.072 0.003 11.072 10.976 0 10.973
0.028 0.001 0.029 0.034 0 0.033 11.161 0.01 11.169 11.907 0 11.904 11.769 0 11.767
0.027 0.001 0.029 0.034 0 0.034 11.08 0.01 11.087 11.786 0 11.783 11.682 0 11.68
0.027 0 0.027 0.03 0 0.03 11.024 0.007 11.028 11.969 0.001 11.968 11.923 0 11.92
0.025 0.004 0.029 0.034 0 0.034 11.057 0.009 11.063 11.827 0 11.826 11.812 0 11.808
0.029 0 0.029 0.034 0 0.034 10.934 0.007 10.938 11.754 0 11.753 11.648 0 11.646
0.029 0 0.028 0.033 0.001 0.034 10.974 0.004 10.975 11.72 0.001 11.719 11.665 0 11.662
0.024 0.004 0.029 0.034 0 0.034 11.005 0.011 11.014 11.77 0 11.767 11.739 0 11.736
0.021 0.00700000000000001 0.028 0.03 0.000999999999999994 0.031 11.212 0.009 11.218 11.981 0 11.979 11.889 0 11.887
0.028 0.001 0.029 0.035 0 0.034 10.943 0.008 10.948 11.598 0 11.596 11.575 0 11.572
0.028 0 0.029 0.033 0.001 0.034 10.948 0.009 10.954 11.967 0.001 11.965 11.679 0 11.676
0.028 0 0.027 0.031 0 0.031 10.664 0.01 10.672 11.379 0.001 11.377 11.283 0 11.281
0.029 0 0.029 0.034 0 0.035 11.334 0.00799999999999999 11.34 12.059 0 12.056 12.039 0.001 12.038
0.026 0.003 0.029 0.033 0 0.034 10.883 0.008 10.887 11.663 0.002 11.663 11.598 0 11.595
0.026 0.001 0.027 0.03 0 0.03 10.577 0.008 10.582 11.32 0 11.318 11.255 0 11.253
0.028 0 0.029 0.035 0 0.034 11.035 0.01 11.042 11.781 0 11.779 11.737 0 11.736
0.026 0.003 0.029 0.033 0.001 0.034 11.122 0.01 11.129 11.897 0.002 11.897 11.835 0 11.834
0.027 0.002 0.029 0.034 0 0.034 10.968 0.015 10.98 11.687 0.002 11.687 11.648 0 11.646
0.028 0.000999999999999994 0.028 0.033 0.001 0.035 11.207 0.01 11.213 11.959 0 11.958 11.882 0 11.88
0.025 0.00199999999999999 0.027 0.03 0 0.03 11.309 0.011 11.317 12.063 0 12.061 12.054 0 12.051
0.026 0.002 0.028 0.032 0 0.032 11.726 0.008 11.731 12.439 0.001 12.438 12.277 0 12.274
0.028 0.001 0.029 0.034 0 0.034 11.068 0.009 11.074 11.813 0 11.81 11.767 0 11.766
0.025 0.003 0.027 0.03 0 0.031 11.238 0.009 11.244 11.801 0.001 11.8 11.807 0 11.804
0.026 0.002 0.029 0.032 0.00199999999999999 0.034 10.842 0.007 10.845 11.642 0.001 11.64 11.581 0 11.578
0.028 0.001 0.028 0.034 0 0.035 10.998 0.009 11.003 11.73 0.001 11.73 11.748 0 11.745
0.026 0.001 0.026 0.028 0.001 0.03 10.968 0.005 10.969 11.577 0.001 11.577 11.529 0 11.527
0.025 0.002 0.028 0.03 0 0.03 11.409 0.004 11.41 12.134 0.002 12.133 12.111 0 12.108
0.029 0 0.029 0.034 0 0.034 11.622 0.013 11.631 12.356 0 12.353 12.316 0 12.314
0.025 0.003 0.029 0.033 0.001 0.034 11.044 0.007 11.048 11.802 0 11.799 11.754 0 11.753
0.027 0.00199999999999999 0.028 0.034 0 0.034 11.021 0.009 11.028 11.805 0 11.802 11.686 0 11.684
0.023 0.004 0.027 0.03 0 0.03 10.93 0.00700000000000001 10.934 11.783 0 11.78 11.723 0 11.721
0.022 0.005 0.027 0.03 0 0.03 10.935 0.009 10.941 11.709 0.000999999999999994 11.707 11.882 0 11.879
0.025 0.003 0.027 0.031 0 0.032 10.764 0.008 10.769 11.461 0 11.459 11.42 0 11.418
0.027 0.001 0.029 0.035 0 0.034 11.056 0.008 11.062 11.786 0.00199999999999999 11.786 11.815 0 11.812
0.029 0 0.029 0.033 0 0.034 11.339 0.009 11.344 12.198 0 12.195 12.15 0 12.148
0.022 0.005 0.027 0.028 0.001 0.029 10.537 0.005 10.538 11.258 0 11.257 11.185 0 11.183
0.028 0.001 0.029 0.034 0 0.034 11.098 0.007 11.103 11.853 0 11.85 11.815 0 11.812
0.029 0 0.029 0.034 0 0.034 11.333 0.009 11.339 12.069 0.003 12.069 12.039 0 12.037
0.029 0 0.029 0.034 0 0.034 11.225 0.011 11.233 11.984 0 11.982 11.913 0 11.91
0.029 0 0.029 0.034 0 0.034 11.143 0.007 11.147 11.96 0 11.956 11.853 0 11.852
0.029 0 0.028 0.034 0 0.034 11.264 0.007 11.267 11.944 0.001 11.943 11.911 0 11.908
0.026 0.002 0.028 0.033 0.000999999999999994 0.034 11.203 0.008 11.208 11.939 0 11.937 11.89 0 11.887
0.027 0.002 0.028 0.034 0 0.035 11.131 0.00899999999999999 11.136 11.843 0 11.841 11.761 0 11.758
0.029 0 0.029 0.034 0 0.034 11.264 0.008 11.269 12 0 11.998 11.981 0 11.979
0.026 0.003 0.028 0.033 0 0.034 10.937 0.00799999999999999 10.942 11.569 0.001 11.566 11.526 0 11.524
0.025 0.002 0.027 0.03 0 0.03 11.32 0.009 11.326 12.022 0.001 12.021 11.996 0 11.994
0.027 0.002 0.029 0.033 0.000999999999999994 0.034 11.049 0.009 11.055 11.835 0 11.833 11.744 0 11.741
0.026 0.002 0.028 0.034 0 0.034 11.097 0.012 11.106 11.806 0.001 11.806 11.607 0 11.611
0.028 0 0.029 0.034 0 0.034 11.41 0.013 11.42 12.14 0.001 12.138 12.103 0 12.1
0.026 0.003 0.029 0.034 0 0.034 11.091 0.00600000000000001 11.094 11.824 0.00199999999999999 11.824 11.76 0 11.758
0.029 0 0.029 0.034 0 0.033 11.135 0.01 11.142 11.874 0 11.872 11.68 0 11.678
0.027 0.000999999999999994 0.028 0.034 0 0.034 10.751 0.009 10.757 11.721 0.001 11.72 11.385 0 11.383
0.027 0.00199999999999999 0.029 0.034 0 0.035 11.102 0.004 11.102 11.87 0 11.867 11.722 0 11.722
0.027 0.001 0.029 0.034 0 0.033 11.06 0.005 11.062 11.833 0 11.832 11.692 0 11.689
0.027 0.002 0.028 0.034 0 0.034 10.987 0.008 10.992 11.719 0 11.717 11.669 0 11.668
0.027 0.002 0.029 0.033 0.001 0.034 11.668 0.01 11.675 12.396 0.001 12.395 12.369 0 12.366
0.028 0.001 0.029 0.034 0 0.034 11.155 0.01 11.162 11.873 0 11.871 11.811 0 11.808
0.027 0.002 0.028 0.034 0.000999999999999994 0.034 11.23 0.004 11.232 11.951 0.001 11.95 11.884 0 11.881
0.026 0.004 0.03 0.032 0 0.032 12.221 0.008 12.227 13.025 0 13.021 12.722 0 12.719
0.025 0.004 0.029 0.034 0 0.034 11.192 0.016 11.205 11.952 0 11.949 11.882 0 11.88
0.025 0.002 0.027 0.03 0 0.03 11.063 0.013 11.072 11.784 0 11.781 11.689 0 11.687
0.027 0.001 0.029 0.035 0 0.034 11.281 0.01 11.288 11.983 0.003 11.985 11.929 0 11.926
0.027 0.001 0.028 0.034 0 0.034 11.104 0.014 11.116 11.836 0 11.832 11.789 0 11.787
0.03 0.001 0.03 0.032 0 0.032 12.229 0.011 12.238 12.896 0 12.892 12.905 0 12.902
0.028 0.001 0.03 0.03 0 0.03 12.213 0.008 12.218 13.053 0 13.049 12.665 0 12.676
0.028 0 0.029 0.033 0.001 0.033 10.78 0.007 10.784 11.535 0 11.533 11.593 0 11.59
0.027 0.002 0.029 0.034 0 0.034 11.093 0.004 11.094 11.924 0 11.922 11.81 0 11.807
0.028 0.001 0.029 0.034 0 0.034 11.362 0.008 11.366 12.182 0 12.181 12.003 0 11.999
0.028 0.001 0.029 0.034 0 0.034 11.77 0.006 11.773 12.394 0.001 12.392 12.409 0 12.407
0.029 0 0.029 0.034 0 0.034 11.097 0.004 11.098 11.777 0.001 11.776 11.736 0 11.734
0.026 0.001 0.027 0.03 0 0.03 10.792 0.008 10.797 11.628 0.001 11.626 11.567 0 11.564
0.028 0 0.028 0.034 0 0.034 10.751 0.00899999999999999 10.757 11.571 0 11.568 11.456 0.002 11.456
0.027 0.002 0.028 0.033 0.001 0.034 11.09 0.008 11.095 11.949 0 11.947 11.857 0 11.855
0.024 0.003 0.027 0.03 0 0.03 10.378 0.007 10.382 11.096 0.001 11.095 10.993 0 10.989
0.026 0.001 0.026 0.029 0 0.03 10.333 0.008 10.338 11.069 0 11.067 10.996 0 10.992
0.024 0.004 0.029 0.033 0.001 0.033 10.951 0.01 10.959 11.516 0.002 11.521 11.342 0 11.344
0.031 0 0.031 0.035 0 0.035 11.178 0.009 11.184 11.955 0.004 11.957 11.891 0 11.889
0.026 0.003 0.029 0.034 0 0.034 11.031 0.004 11.032 11.804 0 11.802 11.754 0 11.751
0.027 0.001 0.029 0.034 0 0.034 11.041 0.008 11.045 11.819 0 11.818 11.761 0 11.759
0.026 0.003 0.029 0.035 0 0.034 11.079 0.009 11.086 11.835 0 11.832 11.762 0 11.759
0.025 0.004 0.029 0.034 0 0.035 11.155 0.01 11.162 11.903 0.002 11.902 11.858 0 11.856
0.027 0.002 0.029 0.034 0 0.034 11.669 0.01 11.676 12.353 0.002 12.354 12.225 0 12.221
0.028 0.001 0.029 0.033 0.001 0.034 11.035 0.006 11.038 11.843 0 11.842 11.773 0 11.771
0.027 0.001 0.028 0.033 0.001 0.034 11.064 0.01 11.071 11.815 0 11.813 11.766 0 11.764
0.027 0.002 0.029 0.033 0 0.033 11.174 0.005 11.175 11.941 0.001 11.94 11.879 0 11.877
0.028 0.001 0.029 0.033 0.001 0.035 11.187 0.006 11.189 11.915 0 11.912 11.868 0 11.866
0.027 0.001 0.029 0.034 0 0.034 11.09 0.012 11.099 11.835 0 11.833 11.788 0 11.784
0.027 0.002 0.029 0.034 0 0.034 11.186 0.003 11.186 11.941 0.002 11.941 11.892 0 11.889
0.024 0.004 0.029 0.034 0 0.034 10.985 0.005 10.987 11.793 0 11.791 11.697 0 11.694
0.028 0.001 0.028 0.032 0.001 0.034 10.976 0.009 10.982 11.745 0 11.743 11.665 0 11.662
0.029 0.001 0.029 0.034 0 0.034 11.35 0.009 11.356 12.214 0 12.213 12.136 0 12.134
0.028 0.00199999999999999 0.028 0.034 0 0.034 10.957 0.009 10.965 11.701 0 11.697 11.651 0 11.649
0.026 0.003 0.028 0.034 0 0.034 11.223 0.011 11.232 11.988 0 11.985 11.92 0.001 11.919
0.027 0.003 0.029 0.034 0 0.034 11.332 0.006 11.335 12.05 0.002 12.05 11.995 0 11.992
0.025 0.003 0.028 0.034 0 0.034 11.094 0.005 11.096 11.899 0.000999999999999994 11.898 11.854 0 11.85
0.027 0.002 0.029 0.034 0 0.034 11.21 0.012 11.219 12.018 0.001 12.018 11.789 0 11.785
0.028 0.001 0.028 0.034 0 0.035 10.919 0.007 10.923 11.478 0 11.475 11.396 0 11.395
0.03 0 0.03 0.035 0 0.035 11.092 0.008 11.097 11.827 0 11.824 11.785 0 11.783
0.026 0.003 0.029 0.034 0 0.034 11.055 0.005 11.057 11.823 0.001 11.822 11.761 0 11.758
0.026 0.001 0.027 0.031 0 0.03 10.939 0.007 10.944 11.614 0 11.611 11.622 0 11.62
0.026 0.003 0.029 0.034 0 0.034 11.103 0.013 11.113 11.955 0 11.953 11.877 0 11.875
0.027 0.002 0.029 0.034 0 0.034 11.065 0.007 11.07 11.832 0.001 11.83 11.777 0 11.775
0.027 0.00199999999999999 0.028 0.035 0 0.035 11.139 0.00700000000000001 11.144 11.836 0.001 11.834 11.8 0 11.798
0.028 0.000999999999999994 0.028 0.034 0 0.035 11.009 0.002 11.007 11.88 0 11.879 11.798 0 11.796
0.028 0.001 0.029 0.034 0 0.034 11.296 0.008 11.3 12.052 0 12.049 12.016 0 12.015
0.027 0.001 0.028 0.036 0 0.036 11.243 0.01 11.251 11.995 0 11.992 11.883 0 11.88
0.026 0.002 0.028 0.034 0 0.034 11.089 0.012 11.098 11.693 0 11.691 11.66 0 11.659
0.028 0.001 0.029 0.032 0.002 0.034 11.164 0.005 11.166 11.928 0 11.926 11.885 0 11.882
0.027 0.001 0.029 0.034 0 0.034 10.984 0.011 10.992 11.78 0 11.778 11.725 0.001 11.724
0.026 0.002 0.029 0.035 0 0.034 11.152 0.007 11.156 11.869 0 11.867 11.8 0 11.797
0.026 0.002 0.028 0.034 0 0.034 11.209 0.007 11.213 11.928 0.001 11.926 11.847 0 11.845
0.023 0.004 0.027 0.03 0 0.03 11.218 0.006 11.221 11.918 0.001 11.915 11.85 0 11.848
0.028 0 0.029 0.034 0 0.033 11.098 0.01 11.106 11.885 0 11.883 11.851 0 11.847
0.026 0.001 0.027 0.03 0 0.03 10.913 0.011 10.921 11.647 0.001 11.647 11.565 0 11.561
0.027 0.002 0.029 0.034 0 0.034 10.992 0.008 10.997 11.718 0.003 11.719 11.671 0 11.669
0.026 0.002 0.029 0.034 0 0.034 11.099 0.009 11.104 11.824 0 11.821 11.745 0 11.743
0.027 0.002 0.029 0.034 0 0.034 11.062 0.011 11.07 11.853 0 11.85 11.786 0 11.784
0.027 0.00199999999999999 0.029 0.034 0 0.033 11.295 0.009 11.301 12.069 0 12.066 11.972 0 11.971
0.028 0.001 0.029 0.034 0 0.034 11.251 0.008 11.256 12.034 0.002 12.033 12.056 0 12.054
0.027 0.002 0.029 0.034 0 0.033 10.93 0.005 10.933 11.826 0 11.824 11.51 0 11.508
0.029 0 0.029 0.034 0 0.034 11.081 0.009 11.087 11.76 0.002 11.76 11.803 0 11.801
0.026 0.002 0.029 0.034 0 0.034 11.23 0.005 11.232 11.942 0.001 11.941 11.919 0 11.915
0.025 0.002 0.026 0.03 0 0.03 10.339 0.007 10.344 11.033 0 11.031 10.948 0 10.945
0.025 0.001 0.026 0.029 0.001 0.03 10.189 0.006 10.192 10.928 0 10.926 10.854 0 10.852
0.026 0.002 0.028 0.034 0 0.034 11.11 0.006 11.113 11.802 0.001 11.801 11.748 0 11.745
0.028 0.001 0.029 0.034 0.001 0.035 11.646 0.013 11.655 12.357 0 12.355 12.287 0 12.285
0.028 0.001 0.028 0.035 0 0.034 11.137 0.007 11.143 11.876 0.000999999999999994 11.873 11.82 0 11.818
0.026 0.003 0.03 0.035 0.001 0.036 11.13 0.003 11.129 11.891 0 11.889 11.831 0 11.828
0.025 0.003 0.029 0.034 0 0.033 11.684 0.012 11.693 12.382 0 12.379 12.264 0 12.263
0.026 0.003 0.029 0.034 0 0.034 11.58 0.00799999999999999 11.584 12.387 0.002 12.386 12.363 0 12.361
0.028 0.001 0.029 0.032 0.001 0.032 11.178 0.009 11.184 11.922 0 11.921 11.861 0 11.859
0.025 0.002 0.027 0.029 0.001 0.03 10.761 0.007 10.765 11.37 0 11.366 11.302 0 11.301
0.026 0.002 0.028 0.035 0 0.034 11.308 0.007 11.313 12.025 0.001 12.023 11.953 0 11.951
0.029 0 0.029 0.034 0 0.034 11.077 0.014 11.088 11.897 0 11.894 11.812 0 11.81
0.024 0.003 0.027 0.03 0 0.03 10.232 0.008 10.237 10.959 0 10.957 10.873 0 10.871
0.027 0.00199999999999999 0.029 0.034 0 0.034 11.367 0.009 11.373 12.105 0 12.103 12.07 0 12.067
0.027 0.001 0.028 0.034 0 0.034 11.667 0.007 11.67 12.362 0 12.36 12.296 0 12.293
0.027 0.002 0.029 0.033 0 0.034 11.301 0.005 11.302 12.132 0 12.129 12.061 0 12.06
0.027 0.00199999999999999 0.029 0.033 0 0.034 11.284 0.007 11.288 11.991 0 11.987 11.969 0 11.967
0.029 0 0.028 0.033 0 0.034 11.064 0.008 11.068 11.817 0.003 11.817 11.727 0 11.725
0.027 0.002 0.029 0.033 0 0.033 11.182 0.011 11.19 11.962 0 11.96 11.895 0 11.893
0.025 0.002 0.027 0.03 0 0.031 11.131 0.006 11.133 11.849 0.001 11.847 11.781 0 11.78
0.028 0.001 0.029 0.034 0 0.034 11.276 0.00899999999999999 11.282 11.917 0 11.914 11.837 0 11.835
0.026 0.003 0.028 0.034 0 0.034 11.097 0.01 11.104 11.859 0.00199999999999999 11.859 11.81 0 11.807
0.028 0.001 0.029 0.034 0 0.034 11.306 0.008 11.311 12.218 0 12.216 12.013 0 12.011
0.026 0.003 0.028 0.034 0 0.034 10.972 0.011 10.98 11.726 0.001 11.725 11.722 0 11.719
0.026 0.001 0.027 0.029 0.001 0.029 10.393 0.00799999999999999 10.399 11.072 0 11.071 11.378 0 11.374
0.026 0.001 0.027 0.028 0.001 0.029 10.31 0.006 10.313 10.874 0.001 10.873 10.837 0 10.834
0.028 0.001 0.029 0.034 0 0.034 11.067 0.009 11.073 11.811 0 11.809 11.789 0 11.786
0.028 0.000999999999999994 0.028 0.031 0 0.031 11.094 0.009 11.1 11.857 0 11.855 11.798 0 11.797
0.025 0.004 0.028 0.034 0 0.035 11.134 0.011 11.142 11.952 0 11.948 11.902 0 11.9
0.027 0.003 0.03 0.034 0 0.034 11.623 0.011 11.63 12.404 0 12.402 12.322 0 12.319
0.028 0.001 0.028 0.034 0 0.034 11.287 0.011 11.295 12.052 0 12.05 11.969 0.001 11.967
0.028 0.001 0.029 0.034 0 0.034 11.21 0.005 11.212 11.924 0 11.922 11.87 0 11.868
0.027 0.001 0.027 0.03 0 0.031 10.555 0.008 10.56 11.306 0 11.303 11.233 0 11.232
0.027 0.001 0.028 0.035 0 0.035 11.199 0.009 11.204 11.932 0 11.931 11.876 0 11.873
0.025 0.003 0.029 0.034 0.001 0.034 11.201 0.01 11.209 11.988 0.002 11.986 11.927 0 11.925
0.026 0.003 0.029 0.034 0 0.034 11.127 0.007 11.13 11.888 0 11.886 11.813 0 11.811
0.023 0.005 0.029 0.034 0 0.034 10.632 0.008 10.636 11.045 0 11.044 10.944 0 10.943
0.027 0 0.027 0.03 0 0.03 10.522 0.00899999999999999 10.529 11.216 0 11.213 11.142 0 11.14
0.027 0.002 0.029 0.033 0 0.033 11.177 0.011 11.185 11.914 0 11.911 11.81 0 11.809
0.029 0 0.029 0.034 0 0.034 11.297 0.004 11.298 12.086 0 12.083 11.967 0 11.968
0.026 0.002 0.028 0.037 0.000999999999999994 0.038 11.273 0.009 11.279 12.018 0 12.016 11.958 0 11.955
0.028 0.001 0.029 0.034 0 0.034 11.24 0.013 11.25 11.947 0.001 11.945 11.858 0 11.856
0.026 0.003 0.029 0.033 0 0.033 11.339 0.008 11.344 12.064 0 12.062 12.01 0 12.007
0.027 0 0.027 0.03 0 0.031 11.162 0.00899999999999999 11.167 11.912 0 11.909 11.8 0 11.799
0.027 0.002 0.028 0.034 0 0.034 11.187 0.008 11.192 11.945 0 11.943 11.898 0 11.894
0.029 0 0.029 0.034 0 0.034 11.188 0.012 11.201 11.774 0.001 11.776 11.555 0 11.558
0.024 0.003 0.027 0.03 0 0.03 10.468 0.013 10.479 11.187 0 11.185 11.092 0 11.089
0.028 0.001 0.029 0.034 0 0.034 11.403 0.014 11.413 12.213 0.000999999999999994 12.211 12.186 0 12.184
0.028 0.001 0.029 0.034 0 0.034 11.152 0.007 11.156 11.951 0 11.948 11.898 0 11.896
0.028 0.001 0.029 0.036 0.001 0.038 11.064 0.012 11.073 11.78 0 11.777 11.686 0 11.684
0.028 0.001 0.028 0.035 0 0.036 11.206 0.008 11.211 11.959 0.001 11.958 11.883 0 11.88
0.027 0.001 0.028 0.034 0 0.034 11.009 0.007 11.013 11.715 0 11.712 11.674 0 11.671
0.029 0.002 0.031 0.032 0 0.032 12.21 0.00899999999999999 12.216 13.015 0 13.012 12.879 0 12.876
0.025 0.004 0.029 0.033 0 0.034 11.657 0.00600000000000001 11.659 12.083 0 12.081 12.063 0 12.06
0.029 0 0.028 0.033 0 0.034 11.149 0.004 11.15 11.946 0 11.944 11.814 0 11.812
0.025 0.002 0.027 0.029 0.001 0.03 10.377 0.004 10.378 11.041 0 11.04 10.974 0 10.97
0.025 0.002 0.027 0.03 0 0.03 10.616 0.011 10.624 11.391 0 11.389 11.401 0 11.399
0.025 0.003 0.028 0.038 0 0.037 10.91 0.009 10.917 11.505 0.004 11.507 11.431 0 11.429
0.029 0 0.028 0.034 0 0.034 11.292 0.007 11.295 12.101 0.001 12.1 11.938 0 11.936
0.028 0.001 0.029 0.034 0 0.035 10.949 0.009 10.955 11.792 0.001 11.79 11.722 0 11.721
0.025 0.002 0.027 0.03 0 0.03 10.586 0.007 10.59 11.283 0 11.281 11.216 0 11.213
0.028 0.001 0.028 0.033 0 0.033 11.151 0.007 11.156 11.923 0 11.92 11.878 0 11.876
0.031 0 0.031 0.032 0 0.032 12.198 0.005 12.199 13.022 0 13.02 12.691 0 12.687
0.028 0.001 0.029 0.033 0.001 0.034 11.078 0.012 11.087 11.815 0 11.813 11.772 0 11.769
0.027 0.002 0.029 0.032 0 0.032 11.297 0.005 11.299 12.049 0.001 12.047 11.968 0 11.966
0.027 0.00199999999999999 0.029 0.035 0 0.034 11.363 0.005 11.365 12.144 0 12.141 12.093 0 12.092
0.028 0 0.029 0.034 0.001 0.034 11.058 0.008 11.064 11.829 0 11.827 11.778 0 11.776
0.028 0.001 0.029 0.034 0 0.034 11.225 0.005 11.228 12.022 0.001 12.021 11.945 0 11.942
0.026 0.00199999999999999 0.029 0.034 0 0.034 11.007 0.011 11.015 11.735 0.001 11.733 11.712 0 11.71
0.024 0.005 0.029 0.034 0 0.034 11.38 0.01 11.387 12.167 0 12.164 12.046 0 12.043
0.029 0.001 0.03 0.033 0 0.033 12.339 0.01 12.346 13.047 0 13.044 13.037 0 13.035
0.024 0.003 0.027 0.03 0 0.029 10.578 0.012 10.588 11.24 0.001 11.239 11.342 0 11.34
0.027 0.002 0.029 0.034 0 0.034 11.412 0.01 11.419 12.13 0.000999999999999994 12.127 12.095 0 12.094
0.028 0.000999999999999994 0.029 0.034 0 0.034 11.09 0.00600000000000001 11.093 11.885 0 11.882 11.797 0 11.795
0.023 0.006 0.029 0.034 0 0.034 11.321 0.012 11.33 11.68 0.001 11.679 10.99 0.008 11.005
0.028 0.001 0.029 0.034 0 0.035 11.32 0.008 11.324 12.041 0.001 12.04 11.986 0 11.991
0.026 0.003 0.03 0.034 0 0.033 11.6 0.009 11.607 12.342 0.003 12.343 12.346 0 12.342
0.026 0.002 0.028 0.034 0 0.034 11.08 0.01 11.088 11.835 0 11.832 11.793 0 11.791
0.029 0 0.029 0.033 0 0.033 11.544 0.006 11.547 12.212 0.001 12.211 11.952 0 11.949
0.028 0.001 0.028 0.034 0 0.034 10.994 0.015 11.006 11.522 0 11.521 11.55 0 11.548
0.025 0.002 0.027 0.03 0 0.03 10.409 0.01 10.417 11.173 0.003 11.174 11.345 0 11.343
0.027 0 0.026 0.03 0 0.03 10.587 0.00600000000000001 10.59 11.191 0.000999999999999994 11.19 11.084 0 11.082
0.027 0.001 0.028 0.038 0 0.038 11.138 0.01 11.145 11.916 0 11.912 11.846 0 11.844
0.028 0 0.028 0.034 0 0.034 11.161 0.01 11.168 11.856 0 11.855 11.822 0 11.82
0.027 0.002 0.029 0.034 0 0.034 11.058 0.004 11.06 11.727 0.003 11.727 11.667 0 11.665
0.027 0.003 0.029 0.034 0 0.035 11.119 0.007 11.122 11.852 0.001 11.852 11.799 0 11.796
0.028 0 0.028 0.034 0 0.034 10.44 0.013 10.45 11.029 0 11.027 10.939 0 10.936
0.027 0.00199999999999999 0.029 0.034 0 0.033 10.823 0.009 10.829 11.464 0 11.463 11.285 0 11.29
0.026 0.002 0.029 0.035 0 0.034 10.853 0.01 10.861 11.575 0.001 11.574 11.477 0 11.475
0.027 0.001 0.029 0.034 0 0.034 10.935 0.011 10.942 11.73 0 11.728 11.623 0 11.62
0.027 0.001 0.028 0.032 0 0.033 11.204 0.007 11.207 11.977 0.001 11.976 11.906 0 11.903
0.028 0.000999999999999994 0.028 0.034 0 0.035 11.121 0.013 11.13 11.897 0 11.896 11.843 0 11.839
0.027 0 0.027 0.03 0 0.03 10.462 0.012 10.471 11.121 0.001 11.12 10.998 0 11
0.027 0.002 0.028 0.034 0 0.035 11.079 0.007 11.084 11.835 0 11.831 11.787 0 11.785
0.025 0.002 0.027 0.03 0 0.03 11.339 0.011 11.345 12.086 0.001 12.086 11.997 0 11.995
0.028 0.000999999999999994 0.029 0.031 0 0.031 11.274 0.007 11.278 11.931 0 11.928 11.838 0 11.836
0.028 0.001 0.029 0.034 0 0.034 11.301 0.009 11.307 12.208 0 12.206 12.187 0 12.184
0.027 0.002 0.029 0.034 0 0.034 10.95 0.005 10.952 11.633 0 11.631 11.519 0 11.516
0.025 0.003 0.028 0.034 0 0.034 11.102 0.011 11.11 11.817 0 11.815 11.755 0 11.752
0.026 0.002 0.027 0.029 0 0.03 10.534 0.01 10.54 11.258 0.001 11.258 11.205 0 11.203
0.027 0 0.026 0.029 0 0.03 10.593 0.009 10.599 11.236 0 11.234 11.185 0 11.182
0.029 0 0.028 0.03 0.00199999999999999 0.032 11.193 0.011 11.201 11.962 0 11.96 11.911 0.001 11.909
0.027 0 0.027 0.03 0 0.03 10.384 0.009 10.39 11.054 0 11.052 10.958 0 10.955
0.025 0.003 0.029 0.035 0 0.034 11.19 0.009 11.196 11.962 0.001 11.961 11.888 0 11.886
0.025 0.002 0.027 0.03 0 0.029 10.868 0.009 10.875 11.999 0 11.996 11.938 0 11.936
0.025 0.003 0.028 0.035 0 0.035 11.074 0.00799999999999999 11.079 11.803 0 11.801 11.379 0 11.377
0.027 0.001 0.027 0.03 0 0.031 10.407 0.012 10.416 11.038 0 11.036 10.946 0.001 10.944
0.026 0.001 0.027 0.03 0 0.03 11.148 0.013 11.158 11.826 0.001 11.824 11.838 0 11.836
0.027 0.00199999999999999 0.029 0.034 0 0.034 11.061 0.009 11.068 11.86 0 11.856 11.774 0 11.772
0.027 0.00199999999999999 0.028 0.034 0 0.034 11.145 0.008 11.15 11.865 0 11.864 11.838 0.001 11.836
0.027 0.00199999999999999 0.028 0.035 0 0.035 11.203 0.01 11.211 11.963 0 11.959 11.905 0 11.903
0.027 0.002 0.029 0.032 0.002 0.034 11.227 0.009 11.233 12.03 0.001 12.029 11.968 0 11.966
0.029 0 0.029 0.034 0 0.034 11.514 0.007 11.518 12.37 0.001 12.369 12.274 0 12.271
0.028 0.000999999999999994 0.029 0.034 0 0.034 11.177 0.008 11.182 11.936 0 11.933 11.899 0 11.897
0.027 0 0.027 0.029 0.001 0.03 10.246 0.006 10.249 10.987 0.001 10.986 10.887 0 10.884
0.026 0.001 0.027 0.03 0 0.03 11.252 0.00799999999999999 11.257 12.027 0 12.025 11.942 0 11.939
0.026 0.003 0.029 0.034 0.001 0.034 11.543 0.007 11.547 12.324 0.001 12.323 12.168 0 12.165
0.028 0.001 0.028 0.034 0 0.034 11.199 0.009 11.206 11.916 0 11.912 11.901 0 11.899
0.027 0.00199999999999999 0.029 0.034 0 0.034 11.198 0.01 11.205 12.034 0 12.03 12.014 0 12.013
0.026 0.003 0.029 0.034 0.001 0.034 11.179 0.009 11.185 11.988 0 11.986 11.89 0 11.887
0.025 0.003 0.028 0.034 0 0.034 11.334 0.005 11.336 12.093 0.000999999999999994 12.092 12.085 0 12.082
0.025 0.00199999999999999 0.027 0.031 0 0.03 10.332 0.012 10.342 11.072 0 11.07 10.983 0 10.979
0.025 0.002 0.027 0.029 0 0.03 10.468 0.005 10.47 11.188 0.002 11.188 11.104 0 11.101
0.026 0.001 0.028 0.029 0 0.029 10.886 0.008 10.891 11.526 0 11.524 11.453 0 11.451
0.025 0.002 0.027 0.03 0 0.03 10.573 0.008 10.579 11.287 0 11.284 11.229 0 11.227
0.027 0.001 0.029 0.035 0 0.034 11.111 0.008 11.117 11.873 0 11.871 11.821 0 11.819
0.028 0.000999999999999994 0.029 0.034 0 0.034 11.214 0.011 11.222 11.917 0 11.915 11.89 0.001 11.888
0.024 0.002 0.027 0.03 0 0.03 10.252 0.01 10.259 10.904 0.001 10.903 10.862 0 10.859
0.025 0.003 0.029 0.034 0 0.034 11.298 0.00600000000000001 11.301 11.673 0 11.671 11.843 0 11.84
0.028 0.000999999999999994 0.028 0.034 0 0.034 10.908 0.009 10.913 11.609 0 11.607 11.48 0 11.479
0.028 0 0.027 0.032 0 0.033 11.163 0.013 11.172 11.947 0 11.945 11.881 0.000999999999999994 11.88
0.026 0.002 0.029 0.034 0 0.034 11.072 0.013 11.082 11.675 0 11.671 11.627 0 11.626
0.028 0.004 0.032 0.036 0 0.036 13.733 0.004 13.734 14.524 0 14.521 14.471 0 14.467
0.026 0.001 0.027 0.03 0 0.03 11.094 0.005 11.095 11.895 0.001 11.894 11.848 0 11.845
0.022 0.005 0.027 0.03 0 0.03 10.36 0.009 10.366 11.083 0 11.081 11.318 0 11.316
0.028 0.000999999999999994 0.029 0.035 0 0.034 11.096 0.01 11.104 11.797 0 11.794 11.757 0 11.755
0.027 0.001 0.029 0.034 0 0.034 11.133 0.01 11.14 11.869 0 11.865 11.797 0 11.796
0.026 0.003 0.029 0.034 0 0.034 11.133 0.011 11.141 11.844 0.001 11.842 11.821 0 11.818
0.029 0 0.028 0.034 0 0.034 11.009 0.011 11.017 11.801 0 11.798 11.741 0 11.74
0.029 0 0.029 0.034 0 0.034 11.34 0.005 11.342 12.165 0 12.163 12.056 0 12.053
0.027 0 0.027 0.03 0 0.03 10.337 0.013 10.347 11.055 0 11.053 11.119 0 11.116
0.024 0.003 0.027 0.03 0 0.03 10.78 0.008 10.786 11.439 0 11.437 11.424 0 11.422
0.026 0.002 0.027 0.029 0 0.029 11.038 0.007 11.042 12.162 0 12.161 12.076 0 12.073
0.026 0.003 0.029 0.034 0 0.034 11.202 0.011 11.21 11.957 0 11.954 11.552 0 11.55
0.025 0.003 0.029 0.035 0 0.034 11.08 0.007 11.085 11.837 0 11.835 11.767 0 11.765
0.028 0.002 0.03 0.034 0 0.034 11.356 0.011 11.364 11.96 0 11.958 11.868 0 11.865
0.023 0.005 0.028 0.033 0.001 0.034 11.046 0.006 11.05 11.763 0 11.76 11.663 0 11.661
0.026 0.00199999999999999 0.029 0.034 0 0.034 10.934 0.011 10.941 11.715 0.001 11.714 11.627 0 11.624
0.026 0.002 0.028 0.034 0 0.034 11 0.012 11.009 11.761 0 11.759 11.71 0 11.707
0.023 0.004 0.028 0.03 0 0.03 10.532 0.006 10.534 11.226 0 11.224 11.126 0 11.125
0.026 0.003 0.029 0.034 0 0.033 11.139 0.009 11.146 11.753 0 11.751 11.68 0 11.677
0.027 0.003 0.031 0.032 0 0.032 11.53 0.007 11.534 12.039 0 12.036 11.93 0 11.927
0.027 0.002 0.029 0.034 0 0.034 11.027 0.00600000000000001 11.03 11.861 0.000999999999999994 11.86 11.765 0 11.762
0.029 0 0.028 0.034 0 0.034 11.155 0.012 11.164 11.883 0 11.882 11.832 0 11.829
0.028 0.003 0.029 0.031 0 0.031 12.267 0.005 12.27 13.134 0 13.131 13.057 0 13.055
0.025 0.003 0.029 0.034 0 0.034 10.867 0.006 10.869 11.88 0 11.879 11.571 0 11.567
0.028 0.001 0.029 0.034 0 0.034 10.654 0.012 10.663 11.206 0.001 11.205 11.137 0 11.135
0.027 0.004 0.029 0.034 0 0.034 11.209 0.007 11.215 11.922 0.001 11.919 11.885 0 11.883
0.026 0.001 0.027 0.029 0 0.03 10.36 0.007 10.364 11.116 0.001 11.115 11.005 0 11.002
0.026 0.000999999999999997 0.028 0.03 0 0.03 10.547 0.012 10.556 11.286 0 11.284 11.204 0 11.201
0.027 0 0.027 0.03 0 0.03 10.478 0.006 10.483 11.235 0.001 11.232 11.108 0 11.106
0.024 0.004 0.029 0.035 0 0.034 11.174 0.01 11.181 11.945 0 11.942 11.855 0 11.854
0.03 0 0.03 0.033 0 0.032 12.347 0.012 12.356 13.047 0.00199999999999999 13.047 12.768 0 12.764
0.027 0.000999999999999994 0.027 0.03 0 0.03 11.191 0.007 11.196 11.972 0 11.97 11.906 0.001 11.904
0.029 0 0.029 0.034 0 0.034 11.151 0.013 11.161 11.924 0 11.921 11.855 0 11.853
0.027 0.001 0.027 0.031 0 0.031 10.476 0.008 10.482 11.133 0.000999999999999994 11.132 11.027 0 11.024
0.029 0 0.029 0.034 0 0.034 11.732 0.011 11.74 12.485 0 12.481 12.283 0 12.281
0.028 0.001 0.028 0.034 0 0.034 11.049 0.01 11.056 11.826 0.001 11.826 11.771 0 11.767
0.027 0.002 0.029 0.034 0 0.034 11.332 0.00899999999999999 11.338 12.117 0 12.115 12.052 0 12.049
0.027 0.002 0.029 0.034 0 0.033 11.624 0.008 11.63 12.303 0.001 12.301 12.286 0 12.283
0.028 0.001 0.029 0.038 0 0.038 11.196 0.011 11.204 11.944 0 11.941 11.93 0 11.927
0.027 0 0.027 0.029 0 0.029 11.404 0.01 11.411 12.539 0.001 12.537 12.46 0 12.457
0.026 0.003 0.028 0.033 0 0.034 11.265 0.008 11.27 12.01 0 12.008 11.689 0 11.686
0.026 0.002 0.029 0.034 0.001 0.033 11.332 0.011 11.34 12.114 0 12.112 12.011 0 12.009
0.028 0.002 0.03 0.035 0 0.035 11.152 0.012 11.16 11.887 0 11.884 11.833 0 11.831
0.024 0.004 0.028 0.037 0 0.036 11.384 0.006 11.388 12.075 0.002 12.074 12.002 0 12.001
0.027 0.001 0.029 0.034 0 0.034 11.233 0.012 11.242 11.964 0.000999999999999994 11.962 11.902 0 11.899
0.028 0 0.029 0.038 0 0.037 11.242 0.01 11.249 11.949 0 11.954 11.662 0 11.664
0.025 0.002 0.027 0.03 0 0.03 11.003 0.008 11.008 11.746 0 11.743 11.669 0 11.667
0.027 0.001 0.028 0.034 0 0.034 11.015 0.00899999999999999 11.021 11.723 0.002 11.722 11.698 0 11.696
0.026 0.002 0.029 0.034 0 0.034 11.138 0.006 11.14 11.937 0 11.936 11.855 0 11.852
0.029 0 0.029 0.028 0 0.029 11.216 0.008 11.221 12.052 0 12.049 11.903 0 11.901
0.025 0.002 0.027 0.029 0 0.03 10.779 0.009 10.784 11.496 0.000999999999999994 11.495 11.442 0 11.44
0.024 0.003 0.027 0.03 0 0.03 10.358 0.005 10.359 11.045 0.002 11.046 10.994 0 10.991
0.026 0.001 0.027 0.03 0 0.03 10.345 0.006 10.348 11.047 0.001 11.046 10.967 0 10.964
0.028 0.001 0.029 0.034 0 0.034 11.127 0.008 11.132 11.904 0 11.902 11.864 0.001 11.862
0.027 0 0.027 0.029 0 0.03 10.37 0.01 10.376 11.125 0 11.123 11.038 0 11.036
0.027 0.002 0.029 0.034 0 0.034 11.181 0.007 11.185 11.928 0.003 11.929 11.882 0 11.879
0.025 0.001 0.027 0.03 0 0.03 10.437 0.011 10.445 11.142 0.002 11.141 11.099 0 11.096
0.027 0.000999999999999994 0.028 0.036 0 0.036 11.219 0.009 11.225 11.942 0 11.939 11.89 0 11.888
0.029 0 0.029 0.033 0 0.033 11.247 0.011 11.255 11.988 0.001 11.986 11.93 0 11.928
0.027 0.001 0.028 0.034 0 0.034 10.852 0.012 10.86 11.609 0.002 11.609 11.555 0 11.552
0.025 0.000999999999999994 0.026 0.03 0 0.031 11.164 0.013 11.173 11.942 0.001 11.941 11.903 0 11.901
0.026 0.000999999999999994 0.027 0.03 0 0.03 10.441 0.00800000000000001 10.446 11.137 0.00199999999999999 11.137 11.093 0 11.091
0.026 0.003 0.028 0.033 0.001 0.034 11.274 0.008 11.279 12.028 0 12.026 11.949 0 11.946
0.027 0.001 0.029 0.032 0.002 0.034 11.028 0.01 11.035 11.739 0.003 11.74 11.704 0 11.702
0.024 0.003 0.027 0.03 0 0.03 11.306 0.008 11.311 12.025 0 12.022 11.986 0 11.984
0.026 0.001 0.027 0.03 0 0.03 10.204 0.005 10.207 10.914 0 10.912 10.889 0 10.886
0.025 0.003 0.029 0.038 0 0.037 11.354 0.012 11.363 12.12 0.002 12.119 12.024 0 12.022
0.028 0.001 0.029 0.034 0 0.034 11.045 0.00899999999999999 11.051 11.807 0 11.804 11.746 0 11.744
0.028 0.000999999999999994 0.029 0.033 0.001 0.034 11.717 0.00600000000000001 11.719 12.354 0 12.352 12.292 0 12.29
0.026 0.002 0.029 0.034 0 0.034 11.374 0.009 11.379 12.268 0 12.265 12.166 0 12.164
0.025 0.003 0.029 0.033 0 0.032 11.251 0.008 11.257 12.023 0 12.019 11.966 0.001 11.966
0.028 0 0.028 0.035 0 0.035 11.275 0.009 11.281 11.996 0.002 11.995 11.929 0 11.927
0.028 0 0.028 0.037 0 0.037 11.075 0.009 11.081 11.837 0 11.835 11.79 0 11.788
0.025 0.003 0.029 0.033 0.001 0.034 11.636 0.014 11.646 12.356 0 12.354 12.2 0 12.197
0.028 0.001 0.029 0.035 0.001 0.035 11.03 0.005 11.033 11.792 0 11.79 11.727 0 11.725
0.024 0.003 0.027 0.03 0 0.029 10.34 0.012 10.35 11.05 0 11.048 10.987 0 10.984
0.028 0.001 0.028 0.033 0.000999999999999994 0.034 11.182 0.005 11.184 11.898 0.001 11.898 11.821 0 11.817
0.029 0 0.029 0.033 0.001 0.034 11.463 0.004 11.465 12.164 0 12.161 12.082 0 12.078
0.024 0.003 0.027 0.03 0 0.03 11.047 0.008 11.052 12.203 0 12.2 12.065 0 12.063
0.025 0.003 0.028 0.035 0 0.035 11.157 0.012 11.167 11.918 0 11.915 11.527 0 11.524
0.024 0.002 0.026 0.03 0 0.03 10.328 0.005 10.33 11.074 0 11.072 11.09 0 11.087
0.025 0.004 0.029 0.034 0 0.034 11.15 0.011 11.158 11.92 0 11.919 11.774 0 11.771
0.027 0.001 0.028 0.034 0 0.034 11.091 0.01 11.098 11.841 0 11.839 11.846 0 11.844
0.025 0.00199999999999999 0.027 0.03 0 0.03 10.369 0.008 10.375 11.082 0.001 11.08 11.026 0 11.024
0.028 0.001 0.029 0.034 0 0.034 11.606 0.009 11.611 12.393 0.00199999999999999 12.392 12.34 0 12.337
0.022 0.004 0.027 0.03 0 0.03 10.357 0.007 10.361 11.055 0 11.053 11.075 0 11.071
0.028 0.000999999999999994 0.028 0.033 0.001 0.034 10.358 0.01 10.367 11.009 0 11.005 10.911 0 10.909
0.026 0.003 0.029 0.034 0 0.033 10.831 0.014 10.842 11.586 0.000999999999999994 11.586 11.464 0 11.462
0.027 0.002 0.029 0.032 0.001 0.034 11.051 0.012 11.059 11.817 0.001 11.816 11.751 0 11.748
0.027 0.002 0.029 0.034 0 0.035 11.083 0.006 11.086 11.787 0.001 11.784 11.737 0 11.736
0.022 0.006 0.028 0.034 0 0.034 11.291 0.006 11.295 11.988 0.001 11.986 11.883 0 11.881
0.027 0 0.027 0.03 0 0.03 10.59 0.007 10.595 11.298 0 11.295 11.18 0 11.178
0.027 0 0.028 0.036 0 0.035 10.965 0.009 10.971 11.617 0.002 11.617 11.58 0 11.578
0.026 0.001 0.027 0.031 0 0.031 11.224 0.01 11.231 11.988 0 11.986 11.934 0 11.931
0.027 0.00199999999999999 0.029 0.036 0 0.036 11.167 0.008 11.172 11.915 0.002 11.914 11.862 0 11.86
0.029 0.00199999999999999 0.031 0.032 0 0.033 12.272 0.009 12.277 12.998 0 12.996 13.012 0 13.008
0.028 0.001 0.029 0.034 0 0.034 11.216 0.009 11.222 11.915 0 11.912 11.866 0 11.864
0.027 0.002 0.029 0.03 0 0.028 12.265 0.008 12.27 12.845 0 12.843 12.895 0 12.892
0.026 0.003 0.029 0.035 0 0.035 10.434 0.01 10.441 11.094 0 11.092 10.983 0 10.98
0.028 0.002 0.029 0.034 0 0.035 11.274 0.009 11.28 11.953 0 11.95 11.92 0 11.918
0.027 0.002 0.029 0.034 0 0.034 11.075 0.005 11.077 11.898 0 11.895 11.813 0 11.811
0.025 0.00199999999999999 0.027 0.03 0 0.03 10.557 0.009 10.563 11.299 0 11.297 11.214 0 11.212
0.026 0.002 0.028 0.034 0 0.034 11.066 0.007 11.071 11.82 0.001 11.818 11.725 0 11.722
0.025 0.003 0.029 0.035 0 0.034 10.953 0.009 10.959 11.628 0 11.625 11.572 0 11.57
0.029 0 0.028 0.034 0 0.034 11.043 0.011 11.051 11.804 0.001 11.802 11.741 0 11.739
0.026 0.001 0.027 0.03 0 0.03 10.421 0.013 10.431 11.123 0 11.121 11.055 0 11.053
0.028 0 0.028 0.03 0 0.029 10.468 0.007 10.473 11.205 0.001 11.204 11.105 0 11.102
0.029 0 0.029 0.034 0 0.034 11.149 0.009 11.155 11.891 0 11.889 11.802 0 11.8
0.025 0.003 0.028 0.034 0 0.034 11.246 0.014 11.263 12.045 0.006 12.055 11.88 0.001 11.883
0.025 0.002 0.027 0.03 0 0.03 10.36 0.00899999999999999 10.366 11.042 0 11.04 10.951 0 10.948
0.026 0.003 0.029 0.034 0 0.034 11.371 0.006 11.374 12.175 0.002 12.174 12.079 0 12.077
0.027 0.00199999999999999 0.03 0.035 0 0.035 11.316 0.01 11.323 12.036 0 12.033 11.913 0 11.91
0.027 0.001 0.029 0.034 0 0.034 10.995 0.011 11.003 11.676 0.003 11.676 11.634 0 11.632
0.026 0.003 0.029 0.033 0 0.034 11.224 0.008 11.228 11.948 0 11.946 11.863 0 11.86
0.027 0.002 0.029 0.034 0 0.034 12.333 0.006 12.335 12.924 0 12.921 12.625 0.001 12.623
0.027 0 0.027 0.03 0 0.03 10.503 0.009 10.509 11.289 0 11.288 11.191 0 11.188
0.027 0.001 0.028 0.037 0 0.037 11.431 0.01 11.438 12.179 0 12.177 12.037 0 12.034
0.026 0.00199999999999999 0.028 0.034 0 0.034 11.068 0.009 11.074 11.807 0 11.803 11.734 0 11.732
0.024 0.004 0.028 0.034 0 0.034 11.15 0.005 11.152 11.932 0.001 11.931 11.889 0 11.886
0.03 0.001 0.031 0.033 0 0.032 12.228 0.011 12.237 13.096 0 13.093 12.78 0 12.777
0.027 0.002 0.029 0.034 0 0.034 11.122 0.009 11.128 11.898 0 11.896 11.837 0 11.834
0.023 0.005 0.029 0.034 0.000999999999999994 0.034 11.127 0.009 11.134 11.846 0 11.844 11.79 0 11.787
0.026 0.00199999999999999 0.028 0.034 0 0.034 10.978 0.006 10.981 11.684 0.002 11.682 11.645 0 11.644
0.028 0.001 0.029 0.034 0 0.034 11.224 0.004 11.224 11.785 0 11.784 11.747 0 11.744
0.027 0.00199999999999999 0.028 0.034 0 0.034 11.117 0.011 11.126 11.886 0 11.883 11.82 0 11.818
0.023 0.006 0.029 0.034 0 0.034 11.361 0.01 11.368 12.089 0 12.086 11.991 0 11.989
0.026 0.001 0.027 0.029 0 0.03 10.421 0.006 10.424 11.179 0.001 11.177 11.117 0 11.116
0.027 0.001 0.028 0.03 0 0.029 10.351 0.008 10.358 11.065 0 11.062 10.972 0 10.969
0.026 0.003 0.029 0.033 0.001 0.034 10.987 0.01 10.994 11.732 0 11.729 11.675 0 11.673
0.027 0.00199999999999999 0.029 0.035 0 0.034 11.251 0.009 11.257 12.021 0.001 12.02 11.959 0 11.957
0.028 0.001 0.029 0.035 0 0.034 11.233 0.012 11.242 12.003 0.001 12.003 11.951 0 11.947
0.027 0 0.027 0.029 0 0.029 10.368 0.014 10.38 11.086 0 11.083 11.47 0 11.468
0.024 0.003 0.026 0.029 0 0.03 10.376 0.008 10.381 11.133 0 11.132 11.039 0 11.035
0.027 0.002 0.029 0.034 0 0.034 11.415 0.008 11.42 12.219 0.001 12.218 12.132 0 12.129
0.026 0.003 0.03 0.034 0 0.033 11.019 0.009 11.026 11.789 0 11.785 11.701 0 11.699
0.027 0.00199999999999999 0.029 0.034 0 0.033 11.247 0.009 11.253 11.943 0 11.941 11.938 0 11.936
0.026 0.001 0.028 0.029 0.000999999999999994 0.03 10.588 0.00600000000000001 10.591 11.28 0 11.278 11.705 0 11.703
0.026 0.003 0.029 0.03 0.001 0.031 10.957 0.007 10.961 11.662 0 11.66 11.733 0 11.73
0.027 0.001 0.027 0.029 0.001 0.031 10.872 0.011 10.88 11.53 0.001 11.528 11.581 0 11.579
