0.049 0.001 0.05 0.019 0.004 0.024 13.105 0.005 13.108 14.187 0.005 14.188 14.082 0 14.079
0.046 0.005 0.05 0.02 0.003 0.024 13.035 0.004 13.037 14.27 0.005 14.272 13.958 0 13.954
0.045 0.001 0.045 0.02 0.004 0.024 12.532 0.006 12.536 13.667 0.004 13.668 13.778 0 13.775
0.049 0.000999999999999994 0.051 0.02 0.004 0.023 12.988 0.003 12.989 14.113 0.003 14.112 13.996 0 13.994
0.049 0.000999999999999994 0.05 0.021 0.003 0.024 13.509 0.004 13.51 14.584 0.005 14.586 14.49 0 14.487
0.05 0.002 0.053 0.02 0.003 0.023 13.459 0.004 13.46 14.413 0.001 14.41 14.352 0 14.349
0.051 0 0.051 0.023 0.001 0.024 13.486 0.005 13.488 14.471 0.006 14.473 14.421 0 14.418
0.049 0.002 0.051 0.022 0.001 0.024 13.257 0.012 13.266 14.329 0.004 14.329 14.272 0 14.27
0.048 0 0.049 0.018 0.004 0.022 13.955 0.009 13.961 14.974 0 14.97 14.866 0 14.862
0.047 0 0.046 0.021 0.001 0.023 12.05 0.00199999999999999 12.047 13.393 0.003 13.394 13.467 0 13.463
0.048 0.002 0.051 0.024 0 0.023 13.138 0.009 13.144 14.083 0.007 14.087 14.113 0 14.109
0.05 0.000999999999999994 0.052 0.019 0.005 0.023 13.107 0.006 13.111 13.962 0.006 13.965 13.869 0 13.865
0.048 0.001 0.049 0.019 0.004 0.023 12.932 0.008 12.937 14.019 0.008 14.024 13.813 0.001 13.811
0.05 0 0.05 0.021 0.002 0.023 13.11 0.005 13.113 14.211 0.003 14.21 14.273 0 14.27
0.051 0 0.052 0.02 0.004 0.023 14.058 0.008 14.063 14.931 0.007 14.936 14.952 0 14.947
0.048 0.002 0.05 0.021 0.003 0.024 13.153 0.008 13.159 14.204 0.003 14.204 14.137 0.001 14.134
0.047 0.001 0.048 0.019 0.003 0.022 13.003 0.008 13.008 14.166 0.007 14.171 14.033 0 14.03
0.048 0.003 0.051 0.02 0.003 0.024 13.291 0.006 13.293 14.318 0.004 14.319 14.154 0.001 14.152
0.049 0.001 0.051 0.02 0.003 0.023 12.903 0.003 12.904 14.006 0.008 14.009 13.968 0.001 13.966
0.051 0 0.05 0.021 0.003 0.024 13.118 0.016 13.131 14.261 0.00199999999999999 14.261 14.136 0 14.132
0.053 0 0.053 0.021 0.003 0.023 12.721 0.014 12.732 13.743 0 13.741 13.647 0 13.644
0.047 0.003 0.05 0.019 0.004 0.023 12.952 0.009 12.957 14.04 0.005 14.042 13.952 0 13.95
0.049 0.00199999999999999 0.051 0.022 0.001 0.023 12.991 0.007 12.995 14.054 0.002 14.053 13.82 0 13.817
0.05 0 0.051 0.019 0.004 0.023 12.795 0.004 12.797 13.986 0.002 13.984 14.05 0.003 14.05
0.05 0 0.051 0.021 0.003 0.023 13.049 0.004 13.051 14.098 0.004 14.098 14.065 0 14.063
0.05 0.000999999999999997 0.051 0.022 0.002 0.023 13.212 0.004 13.214 14.235 0.004 14.235 14.164 0 14.162
0.05 0 0.05 0.018 0.005 0.023 13.373 0.008 13.378 14.327 0.003 14.327 14.24 0 14.237
0.048 0.002 0.05 0.022 0.002 0.024 13.41 0.006 13.414 14.4 0.001 14.397 14.297 0 14.294
0.049 0.001 0.051 0.023 0.001 0.023 13.109 0.004 13.112 14.072 0.005 14.072 14.013 0 14.011
0.048 0.003 0.051 0.021 0.002 0.023 13.092 0.004 13.094 14.141 0.004 14.141 14.01 0 14.006
0.044 0.003 0.047 0.019 0.003 0.023 12.503 0.011 12.511 13.652 0.001 13.65 13.585 0 13.583
0.049 0.001 0.05 0.02 0.003 0.023 12.987 0.006 12.99 13.94 0.002 13.94 13.976 0.00199999999999999 13.975
0.049 0.00199999999999999 0.051 0.023 0 0.023 13.147 0.00700000000000001 13.151 14.132 0.007 14.136 13.936 0.000999999999999994 13.934
0.048 0.001 0.05 0.022 0.002 0.023 12.915 0.012 12.926 13.952 0 13.949 13.987 0 13.983
0.047 0 0.047 0.02 0.004 0.022 13.034 0.003 13.036 13.881 0.00700000000000001 13.884 13.946 0 13.944
0.048 0.003 0.05 0.021 0.00199999999999999 0.024 13.11 0.008 13.115 14.148 0.01 14.155 14.01 0 14.007
0.05 0 0.05 0.023 0 0.023 13.043 0.003 13.044 14.084 0.004 14.084 13.981 0.006 13.984
0.051 0 0.05 0.021 0.002 0.024 13.328 0.009 13.333 14.372 0.002 14.372 14.277 0 14.273
0.048 0.003 0.05 0.022 0.001 0.024 13.2 0.008 13.205 14.235 0.007 14.239 14.113 0 14.11
0.046 0 0.047 0.02 0.003 0.022 13.089 0.007 13.094 14.174 0 14.17 14.142 0 14.14
0.047 0.003 0.051 0.018 0.006 0.023 13.108 0.004 13.11 14.051 0.004 14.052 14.046 0 14.043
0.044 0.002 0.046 0.02 0.003 0.023 12.179 0.002 12.177 13.518 0.004 13.519 13.727 0 13.725
0.05 0.001 0.05 0.021 0.002 0.023 13.294 0.005 13.297 14.301 0.007 14.304 14.272 0.001 14.271
0.049 0.001 0.051 0.021 0.003 0.023 13.006 0.004 13.007 14.096 0.005 14.098 13.932 0 13.93
0.05 0 0.05 0.02 0.003 0.023 12.702 0.005 12.702 14.014 0.005 14.018 13.908 0 13.905
0.048 0.003 0.05 0.022 0.001 0.024 13.03 0.013 13.04 14.157 0.00199999999999999 14.155 14.06 0 14.058
0.05 0 0.05 0.021 0.003 0.024 12.964 0.00800000000000001 12.969 14.029 0.007 14.033 13.92 0.000999999999999994 13.918
0.048 0.001 0.05 0.019 0.005 0.024 13.234 0.004 13.236 14.145 0.005 14.145 14.065 0 14.063
0.049 0.002 0.051 0.02 0.003 0.023 13.518 0.008 13.523 14.52 0 14.517 14.384 0.001 14.382
0.048 0.003 0.051 0.021 0.00199999999999999 0.023 13.009 0.00700000000000001 13.013 14.105 0.006 14.108 13.944 0.003 13.944
0.05 0 0.051 0.021 0.003 0.023 13.123 0.011 13.131 14.17 0.001 14.168 14.087 0 14.084
0.05 0 0.051 0.02 0.003 0.023 12.725 0.004 12.726 13.672 0.006 13.675 13.599 0.001 13.597
0.047 0.001 0.048 0.021 0.002 0.024 13.176 0.004 13.176 14.174 0.00600000000000001 14.178 14.089 0 14.086
0.048 0.002 0.05 0.019 0.004 0.023 12.817 0.006 12.82 14.113 0.009 14.118 13.963 0 13.96
0.049 0.002 0.051 0.022 0.000999999999999994 0.024 13.481 0.01 13.487 14.275 0.009 14.281 14.14 0.002 14.14
0.043 0.003 0.046 0.02 0.003 0.023 13.392 0.009 13.398 14.573 0 14.568 14.325 0.001 14.324
0.049 0.002 0.05 0.021 0.00199999999999999 0.023 13.326 0.005 13.328 14.329 0.011 14.337 14.257 0.001 14.254
0.046 0.001 0.047 0.02 0.003 0.022 12.934 0.003 12.936 14.109 0.004 14.109 14.17 0.002 14.169
0.049 0.002 0.05 0.02 0.003 0.024 13.08 0.007 13.084 14.165 0.004 14.166 14.117 0 14.114
0.05 0.000999999999999994 0.051 0.018 0.005 0.023 13.18 0.017 13.194 14.262 0 14.259 14.156 0 14.153
0.049 0.003 0.05 0.019 0.003 0.024 12.98 0.00600000000000001 12.982 14.006 0.003 14.007 13.927 0 13.924
0.049 0.002 0.051 0.021 0.00199999999999999 0.023 13.172 0.01 13.179 14.241 0.005 14.243 14.112 0 14.108
0.045 0.002 0.047 0.02 0.003 0.023 12.225 0.004 12.226 13.61 0.004 13.612 13.538 0 13.535
0.05 0 0.05 0.022 0.002 0.023 12.776 0.007 12.782 14.075 0.004 14.076 13.945 0 13.941
0.049 0.001 0.051 0.019 0.004 0.023 13.089 0.006 13.092 14.113 0.004 14.113 13.959 0 13.956
0.05 0.000999999999999994 0.05 0.021 0.003 0.024 13.133 0.006 13.136 14.248 0.004 14.249 14.114 0 14.111
0.046 0 0.047 0.019 0.004 0.022 12.993 0.007 12.998 14.073 0.005 14.075 14.068 0 14.064
0.049 0.001 0.051 0.019 0.005 0.023 13.22 0.003 13.221 14.292 0.006 14.294 14.215 0.001 14.214
0.049 0.001 0.051 0.021 0.003 0.024 13.375 0.005 13.377 14.335 0.004 14.336 14.262 0 14.258
0.049 0.002 0.051 0.022 0.001 0.023 13.429 0.005 13.431 14.409 0.005 14.41 14.378 0 14.375
0.052 0.001 0.053 0.02 0.003 0.023 13.317 0.008 13.322 14.235 0.004 14.236 14.169 0 14.166
0.05 0.001 0.05 0.016 0.007 0.024 13.011 0.00600000000000001 13.014 14.103 0.006 14.105 14.019 0 14.015
0.046 0.001 0.047 0.02 0.003 0.023 12.335 0.00899999999999999 12.34 13.716 0 13.714 13.676 0 13.673
0.047 0 0.048 0.019 0.004 0.022 12.188 0.006 12.191 13.524 0.005 13.527 13.718 0 13.716
0.051 0.000999999999999994 0.052 0.021 0.002 0.023 13.219 0.003 13.219 14.254 0.006 14.257 14.199 0 14.196
0.043 0.004 0.046 0.02 0.003 0.023 12.897 0.007 12.902 14.183 0.005 14.185 13.941 0.001 13.938
0.049 0.002 0.05 0.022 0.000999999999999994 0.024 13.16 0.00700000000000001 13.164 14.444 0.00199999999999999 14.442 14.194 0.001 14.192
0.05 0 0.051 0.02 0.003 0.023 13.257 0.004 13.259 14.24 0.004 14.24 14.291 0 14.287
0.05 0.001 0.051 0.017 0.00600000000000001 0.024 13.179 0.005 13.182 14.151 0.007 14.154 14.121 0 14.118
0.044 0.003 0.047 0.017 0.005 0.022 13.125 0.006 13.128 13.884 0.002 13.883 13.871 0 13.868
0.048 0.002 0.05 0.02 0.003 0.024 13.04 0.007 13.044 14.058 0.00700000000000001 14.062 13.974 0 13.97
0.05 0 0.05 0.02 0.004 0.024 13.257 0.011 13.266 14.384 0 14.381 14.24 0 14.236
0.044 0.002 0.047 0.021 0.00199999999999999 0.023 13.214 0.004 13.216 14.324 0.001 14.322 14.254 0 14.251
0.045 0.00199999999999999 0.046 0.021 0.001 0.023 12.932 0.004 12.932 14.141 0.004 14.143 14.235 0 14.232
0.045 0.00199999999999999 0.046 0.021 0.002 0.024 12.961 0.009 12.967 14.111 0 14.108 14.038 0 14.035
0.05 0.002 0.051 0.021 0.002 0.023 13.827 0.011 13.836 14.973 0 14.968 14.766 0 14.764
0.048 0.002 0.05 0.02 0.004 0.024 13.162 0.007 13.167 14.144 0.005 14.145 14.088 0 14.085
0.051 0 0.051 0.022 0.002 0.024 13.34 0.007 13.344 14.265 0.004 14.266 14.153 0.001 14.151
0.048 0.002 0.051 0.021 0.002 0.023 12.985 0.016 12.998 14.217 0.002 14.216 14.112 0 14.109
0.045 0.001 0.046 0.021 0.002 0.023 13.099 0.009 13.105 14.118 0.001 14.115 14.039 0 14.036
0.05 0 0.05 0.016 0.007 0.023 12.617 0.009 12.622 13.586 0.001 13.585 13.472 0 13.469
0.049 0.001 0.05 0.021 0.002 0.023 12.62 0.005 12.627 13.829 0.005 13.839 13.463 0 13.465
0.049 0.002 0.051 0.02 0.003 0.024 13.196 0.007 13.2 14.232 0.007 14.236 14.089 0 14.085
0.049 0.002 0.051 0.02 0.003 0.023 13.015 0.012 13.024 13.993 0 14 13.526 0 13.525
0.05 0 0.05 0.018 0.005 0.023 12.924 0.002 12.923 13.925 0.003 13.925 13.931 0.003 13.931
0.049 0.00199999999999999 0.051 0.021 0.004 0.023 13.372 0.006 13.376 14.457 0.004 14.457 14.29 0 14.288
0.045 0.002 0.047 0.019 0.003 0.022 13.51 0.007 13.514 14.418 0.007 14.422 14.367 0 14.363
0.05 0.001 0.051 0.02 0.003 0.023 13.103 0.004 13.105 14.08 0.003 14.079 14.028 0.001 14.026
0.046 0 0.046 0.021 0.00199999999999999 0.022 13.071 0.00800000000000001 13.076 14.081 0.00899999999999999 14.087 14.046 0 14.044
0.044 0.00199999999999999 0.046 0.019 0.003 0.023 12.971 0.005 12.973 14.044 0.004 14.045 13.901 0 13.898
0.046 0.001 0.048 0.022 0.001 0.022 12.295 0.006 12.298 13.656 0.005 13.659 13.616 0 13.612
0.047 0.001 0.048 0.021 0.002 0.023 13.078 0.008 13.083 14.268 0.007 14.272 14.147 0.00199999999999999 14.146
0.05 0 0.05 0.023 0.001 0.024 13.217 0.008 13.222 14.205 0.003 14.205 14.195 0 14.192
0.047 0.003 0.051 0.021 0.002 0.023 12.974 0.007 12.978 14.204 0.007 14.208 14.087 0.001 14.085
0.05 0.001 0.051 0.021 0.003 0.023 13.194 0.014 13.214 13.761 0.004 13.764 13.644 0 13.646
0.05 0 0.05 0.022 0.002 0.024 12.925 0.01 12.932 13.849 0 13.846 13.8 0 13.797
0.05 0.000999999999999994 0.051 0.023 0 0.023 12.907 0.004 12.908 13.962 0.005 13.964 13.838 0 13.835
0.051 0.001 0.052 0.023 0 0.023 13.226 0.008 13.231 14.163 0.008 14.168 14.101 0 14.098
0.051 0 0.05 0.021 0.00199999999999999 0.024 13.338 0.009 13.343 14.371 0.001 14.37 14.285 0.003 14.285
0.049 0.002 0.051 0.02 0.003 0.023 13.008 0.006 13.012 14.055 0.003 14.054 13.986 0 13.983
0.044 0.002 0.046 0.019 0.004 0.022 12.823 0.016 12.836 13.942 0 13.939 13.833 0 13.829
0.045 0.002 0.046 0.021 0.000999999999999994 0.023 12.191 0.007 12.193 13.47 0.00800000000000001 13.477 13.255 0 13.257
0.051 0 0.05 0.019 0.004 0.024 13 0.003 12.999 14.122 0.008 14.127 14.215 0.001 14.213
0.045 0.003 0.048 0.018 0.004 0.022 13.12 0.007 13.124 14.163 0.006 14.167 14.112 0 14.109
0.049 0.002 0.05 0.02 0.003 0.024 13.135 0.007 13.139 14.363 0.01 14.369 14.453 0.001 14.452
0.045 0.002 0.047 0.022 0.001 0.023 13.205 0.008 13.211 14.321 0.007 14.324 14.176 0 14.172
0.051 0 0.052 0.021 0.003 0.023 13.277 0.01 13.284 14.337 0.003 14.336 14.306 0.001 14.304
0.049 0.001 0.05 0.021 0.003 0.024 13.193 0.006 13.197 14.102 0.009 14.107 13.939 0.001 13.937
0.05 0 0.05 0.015 0.008 0.023 13.032 0.004 13.034 14.034 0.005 14.036 13.971 0 13.967
0.044 0.00199999999999999 0.046 0.02 0.002 0.022 13.047 0.005 13.049 14.056 0.006 14.059 14.011 0 14.008
0.05 0 0.051 0.018 0.005 0.023 12.706 0.01 12.72 13.617 0.000999999999999994 13.618 13.568 0 13.576
0.049 0.002 0.051 0.017 0.006 0.023 13.195 0.015 13.207 14.261 0 14.258 14.115 0.001 14.113
0.051 0 0.05 0.023 0 0.024 13.139 0.003 13.139 14.155 0.006 14.158 14.046 0 14.043
0.047 0 0.047 0.021 0.001 0.022 12.899 0.005 12.901 13.854 0.004 13.855 13.845 0.00199999999999999 13.844
0.05 0.001 0.05 0.021 0.00199999999999999 0.024 13.088 0.013 13.097 14.158 0.002 14.157 14.098 0 14.096
0.047 0.004 0.051 0.021 0.002 0.024 13.153 0.008 13.158 14.288 0.001 14.286 14.159 0 14.155
0.051 0 0.051 0.02 0.003 0.023 13.344 0.009 13.35 14.263 0.007 14.267 14.219 0 14.216
0.049 0.002 0.051 0.022 0.001 0.023 13.282 0.002 13.281 14.219 0.003 14.219 14.143 0.002 14.142
0.051 0 0.051 0.02 0.003 0.023 13.103 0.009 13.108 14.148 0.00199999999999999 14.147 13.946 0.001 13.944
0.048 0.003 0.05 0.021 0.00199999999999999 0.023 13.087 0.005 13.089 14.131 0.004 14.132 14.043 0 14.041
0.05 0.001 0.05 0.023 0 0.024 13.053 0.003 13.054 13.923 0.006 13.925 13.8 0 13.797
0.046 0 0.046 0.019 0.003 0.022 12.827 0.00600000000000001 12.83 13.993 0.006 13.996 13.817 0 13.814
0.05 0 0.05 0.019 0.005 0.024 13.08 0.008 13.085 14.12 0.007 14.124 14.057 0.002 14.056
0.049 0.00199999999999999 0.051 0.02 0.003 0.023 13.166 0.007 13.17 14.51 0.005 14.511 14.172 0 14.169
0.048 0.00199999999999999 0.05 0.018 0.005 0.023 12.725 0.007 12.727 13.63 0.003 13.632 14.011 0 14.008
0.049 0.002 0.05 0.022 0.001 0.024 13.442 0.006 13.445 14.428 0.003 14.428 14.344 0 14.341
0.046 0 0.047 0.021 0.002 0.022 12.908 0.005 12.91 14.006 0.005 14.008 13.977 0.001 13.975
0.05 0.001 0.051 0.019 0.004 0.023 13.095 0.005 13.096 14.058 0.006 14.062 14.09 0 14.087
0.049 0.002 0.05 0.018 0.005 0.024 13.251 0.003 13.251 14.28 0.004 14.281 14.189 0.001 14.187
0.047 0 0.047 0.02 0.002 0.022 12.947 0.009 12.954 14.04 0.00600000000000001 14.043 13.98 0 13.977
0.046 0 0.046 0.018 0.004 0.023 12.965 0.007 12.968 14.08 0.005 14.083 13.971 0.004 13.971
0.05 0 0.05 0.023 0.001 0.024 13.305 0.003 13.304 14.239 0.00600000000000001 14.243 14.149 0 14.145
0.05 0 0.05 0.022 0.00199999999999999 0.024 13.155 0.00600000000000001 13.159 14.144 0.003 14.143 14.018 0 14.015
0.046 0.001 0.047 0.021 0.002 0.023 13.307 0.014 13.318 14.417 0 14.414 14.342 0 14.339
0.048 0.003 0.051 0.019 0.004 0.024 13.212 0.013 13.222 13.842 0.000999999999999994 13.84 13.693 0 13.689
0.046 0 0.046 0.018 0.005 0.023 13.082 0.006 13.085 14.07 0.007 14.074 14.005 0.002 14.004
0.048 0.003 0.051 0.019 0.004 0.023 13.502 0.008 13.507 14.681 0.001 14.678 14.386 0 14.383
0.05 0 0.05 0.021 0.002 0.023 13.005 0.006 13.008 14.027 0.005 14.029 13.969 0 13.964
0.051 0 0.051 0.021 0.002 0.023 12.998 0.01 13.006 14.049 0.00700000000000001 14.052 13.992 0 13.99
0.05 0.001 0.051 0.018 0.005 0.023 13.022 0.004 13.025 14.04 0.006 14.046 13.985 0.001 13.983
0.05 0.001 0.05 0.019 0.004 0.024 13.015 0.00799999999999999 13.019 14.03 0.003 14.031 13.848 0.001 13.846
0.044 0.000999999999999994 0.045 0.021 0.002 0.023 12.167 0.004 12.167 13.5 0.005 13.502 13.748 0 13.746
0.049 0.000999999999999994 0.051 0.02 0.004 0.023 13.229 0.005 13.231 14.266 0.008 14.272 14.19 0 14.186
0.048 0.003 0.051 0.021 0.002 0.023 13.089 0.005 13.091 14.281 0.005 14.283 14.38 0 14.377
0.05 0.001 0.051 0.02 0.004 0.024 13.371 0.012 13.38 14.343 0 14.34 14.353 0 14.35
0.049 0.00199999999999999 0.05 0.021 0.002 0.024 13.032 0.019 13.049 14.159 0 14.156 14.026 0.002 14.025
0.049 0.00199999999999999 0.051 0.021 0.002 0.023 12.908 0.00600000000000001 12.911 13.923 0.003 13.923 13.899 0 13.896
0.043 0.004 0.047 0.02 0.002 0.023 13.495 0.003 13.495 14.614 0.004 14.615 14.486 0 14.482
0.051 0.001 0.052 0.021 0.003 0.024 13.449 0.007 13.453 14.372 0.00600000000000001 14.375 14.313 0 14.31
0.052 0.001 0.053 0.019 0.005 0.023 13.321 0.006 13.324 14.222 0.00899999999999999 14.229 14.176 0 14.172
0.051 0 0.051 0.022 0.001 0.023 13.473 0.005 13.475 14.445 0.00700000000000001 14.449 14.426 0.001 14.423
0.049 0.001 0.05 0.017 0.007 0.023 12.604 0.006 12.608 13.513 0.003 13.513 13.421 0 13.419
0.048 0.003 0.051 0.02 0.003 0.023 13.113 0.005 13.115 14.137 0.006 14.14 14.079 0 14.075
0.049 0.002 0.051 0.021 0.003 0.023 12.956 0.003 12.957 14.179 0.00600000000000001 14.181 14.175 0 14.171
0.05 0 0.05 0.022 0.00199999999999999 0.023 13.023 0.009 13.029 14.214 0.004 14.215 13.808 0 13.803
0.046 0 0.047 0.02 0.003 0.022 13.157 0.014 13.168 14.272 0 14.27 14.173 0 14.168
0.048 0.002 0.051 0.021 0.00199999999999999 0.023 13.46 0.005 13.462 14.414 0.008 14.418 14.3 0.001 14.298
0.05 0.000999999999999994 0.051 0.02 0.003 0.023 13.14 0.008 13.146 14.087 0.001 14.084 13.993 0.002 13.992
0.045 0.001 0.046 0.02 0.003 0.023 12.249 0.006 12.252 13.62 0.008 13.625 13.682 0 13.68
0.047 0.003 0.051 0.019 0.004 0.023 13.089 0.006 13.091 14.156 0.00700000000000001 14.161 14.03 0.001 14.028
0.048 0.003 0.051 0.017 0.006 0.023 12.899 0.007 12.904 14.18 0.004 14.18 14.111 0 14.108
0.05 0.001 0.051 0.018 0.00600000000000001 0.023 13.368 0.004 13.37 14.277 0.004 14.278 14.259 0.001 14.256
0.048 0.003 0.051 0.019 0.004 0.023 13.482 0.017 13.496 14.519 0 14.516 14.439 0 14.436
0.045 0.001 0.046 0.02 0.003 0.023 13.193 0.012 13.201 14.214 0.002 14.214 14.041 0 14.037
0.044 0.002 0.046 0.02 0.003 0.022 12.961 0.005 12.964 14.047 0.004 14.049 13.915 0.001 13.913
0.046 0.004 0.05 0.018 0.006 0.025 12.697 0.005 12.697 13.789 0.007 13.794 13.736 0.001 13.735
0.049 0.001 0.05 0.023 0.001 0.023 13.552 0.005 13.555 14.488 0.001 14.486 14.399 0 14.396
0.052 0.000999999999999994 0.053 0.018 0.005 0.023 13.243 0.01 13.25 14.256 0.002 14.255 14.184 0 14.181
0.05 0.001 0.052 0.023 0 0.023 13.403 0.008 13.408 14.403 0 14.4 14.4 0 14.396
0.051 0 0.05 0.019 0.004 0.023 12.484 0.002 12.482 13.721 0.006 13.725 13.682 0 13.679
0.046 0.001 0.047 0.021 0.00199999999999999 0.023 13.424 0.004 13.426 14.393 0.004 14.394 14.392 0.000999999999999994 14.389
0.052 0 0.052 0.02 0.003 0.023 12.675 0.007 12.678 13.607 0.005 13.61 13.795 0 13.792
0.049 0.001 0.05 0.021 0.003 0.024 12.89 0.005 12.892 14.103 0.004 14.104 13.935 0 13.932
0.048 0.003 0.05 0.021 0.002 0.024 13.169 0.006 13.172 14.293 0.002 14.291 14.19 0 14.185
0.049 0.002 0.051 0.019 0.004 0.023 13.493 0.008 13.499 14.408 0.002 14.406 14.335 0 14.332
0.044 0.006 0.049 0.022 0.001 0.024 13.166 0.004 13.167 14.125 0.007 14.129 14.025 0 14.022
0.05 0.001 0.052 0.02 0.003 0.023 13.308 0.007 13.311 14.326 0.003 14.326 14.3 0 14.297
0.05 0 0.05 0.021 0.00199999999999999 0.024 13.123 0.002 13.121 14.141 0.004 14.142 13.992 0.000999999999999994 13.989
0.048 0.003 0.051 0.021 0.002 0.023 13.099 0.01 13.106 14.373 0.00199999999999999 14.372 14.062 0 14.058
0.046 0.001 0.047 0.02 0.003 0.022 13.069 0.004 13.071 14.09 0.007 14.095 14.015 0 14.012
0.045 0.001 0.046 0.02 0.003 0.023 12.235 0.007 12.238 13.689 0.007 13.694 14.129 0 14.127
0.053 0.001 0.054 0.02 0.003 0.024 12.992 0.008 12.996 14.118 0.004 14.119 14.044 0 14.042
0.049 0.001 0.05 0.02 0.003 0.023 13.012 0.008 13.017 14.155 0.007 14.159 13.998 0 13.995
0.049 0.001 0.05 0.023 0.001 0.024 13.36 0.008 13.365 14.335 0.004 14.336 14.17 0 14.167
0.051 0 0.051 0.021 0.003 0.023 13.397 0.015 13.41 14.405 0.000999999999999994 14.402 14.294 0 14.291
0.049 0.001 0.05 0.023 0.001 0.024 13.148 0.004 13.151 14.193 0.005 14.193 14.085 0 14.082
0.051 0.001 0.052 0.023 0 0.023 12.872 0.011 12.881 14.169 0.002 14.167 14.164 0 14.161
0.051 0 0.051 0.021 0.002 0.023 13.486 0.009 13.491 13.87 0.001 13.868 13.718 0.001 13.717
0.049 0.001 0.05 0.021 0.002 0.024 13.115 0.008 13.119 14.255 0.001 14.253 14.157 0.000999999999999994 14.155
0.049 0.001 0.05 0.019 0.004 0.023 12.845 0.012 12.855 13.669 0.002 13.667 13.558 0 13.554
0.049 0.002 0.052 0.022 0.002 0.024 13.207 0.006 13.209 14.273 0.005 14.275 14.13 0.003 14.13
0.05 0 0.05 0.02 0.003 0.024 13.437 0.009 13.443 14.53 0.003 14.528 14.423 0 14.419
0.051 0 0.05 0.021 0.002 0.024 13.19 0.004 13.191 14.151 0.002 14.15 14.094 0 14.089
0.049 0.002 0.051 0.022 0.001 0.024 13.406 0.004 13.406 14.318 0.005 14.32 14.247 0 14.243
0.05 0.001 0.051 0.021 0.002 0.023 13.148 0.003 13.149 14.255 0.001 14.252 14.124 0 14.121
0.049 0.001 0.05 0.019 0.004 0.023 12.955 0.014 12.966 14.071 0.003 14.071 13.95 0 13.947
0.05 0.001 0.051 0.018 0.005 0.023 13.124 0.011 13.132 14.127 0.001 14.125 13.973 0 13.97
0.045 0.001 0.046 0.02 0.003 0.023 12.51 0.014 12.521 14.01 0.001 14.009 14.282 0 14.279
0.05 0.001 0.051 0.02 0.003 0.023 12.988 0.00600000000000001 12.99 13.998 0.004 13.999 13.948 0.002 13.948
0.046 0.001 0.047 0.017 0.005 0.022 12.22 0.00600000000000001 12.222 13.555 0.007 13.56 13.492 0 13.49
0.051 0 0.051 0.022 0.002 0.023 13.284 0.005 13.288 14.164 0.006 14.165 14.047 0 14.044
0.05 0 0.051 0.021 0.002 0.023 13.071 0.005 13.074 14.118 0.00600000000000001 14.119 13.905 0 13.903
0.047 0 0.075 0.021 0.002 0.023 12.242 0.002 12.241 13.586 0.00799999999999999 13.591 13.563 0 13.561
0.047 0.001 0.048 0.018 0.004 0.023 13.063 0.008 13.067 14.189 0.001 14.187 14.098 0.00199999999999999 14.098
0.044 0.002 0.047 0.02 0.003 0.023 13.108 0.018 13.136 14.196 0.013 14.214 14.15 0.00799999999999999 14.162
0.05 0.003 0.053 0.017 0.005 0.022 13.317 0.005 13.32 14.273 0.005 14.273 14.174 0.003 14.175
0.049 0.002 0.051 0.022 0.001 0.023 13.424 0.003 13.424 14.537 0.00199999999999999 14.536 14.404 0 14.4
0.051 0 0.05 0.023 0.001 0.024 13.216 0.006 13.219 14.232 0.006 14.236 14.133 0 14.13
0.046 0 0.046 0.019 0.003 0.022 12.927 0.003 12.928 13.86 0.006 13.863 13.874 0 13.871
0.05 0 0.051 0.02 0.004 0.023 12.979 0.009 12.985 13.631 0 13.628 13.566 0 13.563
0.045 0.00199999999999999 0.046 0.02 0.003 0.023 13.122 0.004 13.123 14.151 0.004 14.153 14.055 0 14.051
0.046 0.000999999999999994 0.046 0.02 0.002 0.023 12.187 0.004 12.187 13.545 0.01 13.551 13.495 0.001 13.494
0.052 0.001 0.053 0.021 0.002 0.023 13.462 0.005 13.464 14.387 0.004 14.387 14.33 0 14.327
0.052 0.001 0.053 0.022 0.001 0.023 13.296 0.003 13.296 14.183 0.003 14.183 14.135 0.001 14.131
0.05 0 0.051 0.02 0.004 0.023 12.879 0.007 12.883 13.961 0.003 13.961 13.908 0 13.905
0.046 0.005 0.05 0.021 0.00199999999999999 0.023 13.176 0.00700000000000001 13.18 14.231 0.007 14.235 14.168 0 14.164
0.05 0 0.05 0.02 0.003 0.024 12.951 0.009 12.957 14.177 0.002 14.175 13.881 0 13.878
0.048 0.003 0.051 0.018 0.005 0.023 13.402 0.006 13.405 14.346 0.00600000000000001 14.349 14.302 0 14.298
0.044 0.00199999999999999 0.047 0.021 0.002 0.022 12.359 0.007 12.363 13.738 0.008 13.745 14.262 0 14.258
0.047 0 0.047 0.018 0.005 0.023 13.08 0.013 13.09 14.18 0 14.177 14.056 0 14.052
0.044 0.004 0.048 0.019 0.003 0.022 12.349 0.008 12.354 13.723 0.008 13.728 13.893 0 13.89
0.049 0.002 0.051 0.019 0.005 0.023 12.734 0.01 12.74 13.941 0.001 13.941 14.01 0 14.005
0.05 0.00199999999999999 0.052 0.019 0.004 0.023 13.072 0.01 13.08 14.113 0 14.11 14.036 0 14.033
0.044 0.002 0.046 0.02 0.003 0.023 13.079 0.00600000000000001 13.082 14.125 0.005 14.127 14.064 0 14.061
0.046 0.001 0.047 0.022 0.000999999999999994 0.022 13.097 0.004 13.1 14.085 0.005 14.086 14.025 0 14.022
0.05 0.001 0.051 0.021 0.00199999999999999 0.023 13.247 0.005 13.249 13.83 0.003 13.829 13.663 0 13.66
0.05 0.001 0.051 0.018 0.005 0.023 13.241 0.00600000000000001 13.244 14.34 0.00799999999999999 14.344 14.253 0 14.25
0.048 0.00199999999999999 0.05 0.021 0.002 0.023 12.497 0.016 12.521 13.481 0.033 13.53 13.372 0.027 13.4
0.05 0 0.051 0.021 0.003 0.023 13.253 0.016 13.266 14.247 0.003 14.248 14.064 0 14.06
0.044 0.002 0.047 0.018 0.004 0.022 12.428 0.01 12.434 13.742 0.002 13.743 13.638 0.000999999999999994 13.636
0.047 0.002 0.049 0.017 0.005 0.023 12.98 0.013 12.99 14.185 0 14.181 14.193 0 14.191
0.049 0.001 0.05 0.021 0.00199999999999999 0.023 12.994 0.009 13.001 14.028 0.002 14.026 13.949 0 13.946
0.053 0 0.053 0.016 0.007 0.023 13.603 0.018 13.618 14.517 0.001 14.515 14.462 0 14.458
0.049 0.00199999999999999 0.051 0.021 0.002 0.023 13.108 0.009 13.114 14.186 0.001 14.183 14.045 0 14.043
0.051 0.001 0.052 0.02 0.003 0.023 13.294 0.01 13.301 14.303 0.004 14.303 14.241 0 14.238
0.05 0.001 0.05 0.019 0.004 0.023 13.215 0.007 13.219 14.25 0 14.247 14.124 0 14.12
0.051 0 0.051 0.018 0.00600000000000001 0.024 13.122 0.007 13.126 14.124 0 14.121 14.059 0 14.055
0.05 0 0.05 0.019 0.003 0.022 12.922 0.008 12.927 14.052 0.001 14.05 13.945 0.001 13.943
0.05 0 0.05 0.017 0.006 0.023 13.097 0.012 13.105 14.124 0 14.122 14.08 0 14.076
0.05 0 0.051 0.02 0.004 0.023 12.929 0.006 12.932 14.103 0.007 14.108 13.912 0 13.909
0.043 0.003 0.047 0.021 0.002 0.023 12.204 0.003 12.203 13.538 0.005 13.54 13.52 0 13.519
0.05 0 0.051 0.024 0 0.023 13.122 0.004 13.124 14.228 0.007 14.232 14.34 0 14.338
0.051 0 0.053 0.018 0.005 0.023 12.944 0.003 12.944 14.045 0.003 14.044 13.931 0 13.928
0.045 0.001 0.046 0.02 0.003 0.023 12.264 0.007 12.268 13.63 0.006 13.633 13.569 0.004 13.571
0.051 0.001 0.052 0.019 0.004 0.023 13.158 0.00600000000000001 13.162 14.357 0.007 14.36 14.266 0 14.263
0.046 0.00199999999999999 0.048 0.02 0.002 0.022 12.941 0.003 12.941 14.086 0.003 14.086 14.014 0 14.012
0.049 0.001 0.05 0.021 0.002 0.024 13.088 0.008 13.093 14.313 0 14.31 13.989 0 13.986
0.05 0 0.051 0.021 0.002 0.024 13.331 0.004 13.331 14.387 0.00199999999999999 14.386 14.332 0 14.328
0.045 0.002 0.048 0.022 0.001 0.023 13.002 0.003 13.002 13.979 0.00600000000000001 13.982 14.026 0 14.023
0.05 0 0.051 0.023 0.001 0.023 13.022 0.005 13.024 14.117 0.006 14.12 13.986 0 13.983
0.045 0.00199999999999999 0.047 0.022 0.001 0.023 12.161 0.007 12.165 13.455 0.005 13.457 13.609 0 13.606
0.051 0.001 0.052 0.019 0.004 0.023 13.091 0.02 13.115 13.962 0 13.961 13.718 0 13.72
0.043 0.004 0.047 0.02 0.003 0.023 13.121 0.008 13.125 14.09 0.003 14.091 14.04 0 14.037
0.047 0 0.047 0.019 0.003 0.022 13.032 0.013 13.048 13.903 0 13.902 13.7 0 13.705
0.048 0.004 0.052 0.021 0.004 0.024 13.106 0.00199999999999999 13.107 13.821 0.005 13.822 13.735 0 13.732
0.05 0.001 0.051 0.021 0.003 0.024 13.349 0.005 13.352 14.305 0.002 14.304 14.167 0 14.163
0.048 0.003 0.051 0.02 0.003 0.023 13.228 0.012 13.237 14.286 0.003 14.286 14.267 0 14.264
0.051 0.002 0.052 0.02 0.003 0.024 13.228 0.011 13.235 14.239 0.004 14.241 14.146 0 14.141
0.049 0.001 0.051 0.021 0.003 0.023 13.325 0.000999999999999994 13.324 14.296 0.005 14.296 14.187 0 14.185
0.05 0.001 0.052 0.019 0.005 0.023 13.16 0.007 13.164 14.167 0.003 14.168 14.16 0 14.156
0.049 0.001 0.05 0.019 0.005 0.023 13.057 0.004 13.059 14.051 0.00199999999999999 14.049 13.925 0 13.921
0.05 0.001 0.051 0.023 0.001 0.024 13.229 0.008 13.234 14.034 0.001 14.032 13.873 0 13.87
0.047 0.004 0.05 0.022 0.001 0.023 12.886 0.008 12.891 14.048 0.009 14.054 13.977 0 13.974
0.05 0.001 0.051 0.021 0.003 0.023 13.02 0.005 13.023 14.318 0.004 14.319 14.309 0 14.306
0.044 0.002 0.047 0.02 0.003 0.022 12.394 0.00600000000000001 12.397 13.696 0.006 13.7 13.674 0 13.671
0.049 0.00199999999999999 0.051 0.021 0.002 0.023 13.08 0.00900000000000001 13.087 14.138 0.00199999999999999 14.135 14.092 0 14.09
0.05 0.001 0.051 0.02 0.003 0.023 13.073 0.006 13.077 14.113 0.00700000000000001 14.118 14.073 0 14.07
0.049 0.00199999999999999 0.05 0.021 0.002 0.024 12.888 0.011 12.896 13.982 0.006 13.985 13.875 0 13.871
0.05 0.000999999999999994 0.05 0.019 0.004 0.024 12.908 0.009 12.913 14.064 0.001 14.062 13.849 0 13.847
0.049 0.000999999999999994 0.05 0.021 0.002 0.023 12.983 0.008 12.987 14.018 0.004 14.019 13.988 0 13.985
0.047 0.001 0.048 0.021 0.002 0.022 12.887 0.006 12.891 14.058 0.003 14.058 14.185 0 14.182
0.049 0.002 0.05 0.019 0.004 0.023 13.038 0.003 13.038 14.013 0.006 14.015 13.956 0 13.953
0.045 0 0.045 0.018 0.005 0.023 12.163 0.003 12.162 13.565 0.007 13.569 13.663 0 13.661
0.046 0 0.047 0.021 0.00199999999999999 0.022 12.342 0.007 12.346 13.767 0.005 13.77 13.885 0 13.881
0.047 0.003 0.051 0.021 0.002 0.023 12.777 0.006 12.781 14.043 0.00700000000000001 14.046 13.779 0 13.775
0.05 0.001 0.05 0.022 0.000999999999999994 0.024 13.225 0.012 13.233 14.221 0.004 14.222 14.163 0 14.159
0.049 0.000999999999999994 0.05 0.018 0.005 0.023 13.04 0.009 13.046 14.071 0.005 14.073 13.948 0 13.944
0.05 0 0.051 0.02 0.004 0.024 13.217 0.006 13.22 14.132 0.001 14.13 14.046 0 14.043
0.049 0.003 0.051 0.02 0.003 0.024 13.309 0.012 13.317 14.354 0 14.35 14.324 0 14.322
0.052 0 0.052 0.02 0.002 0.022 13.322 0.006 13.329 14.21 0.013 14.223 14.158 0.005 14.167
0.048 0.00199999999999999 0.05 0.022 0.001 0.023 13.059 0.008 13.064 13.989 0.004 13.99 13.941 0 13.938
0.05 0.001 0.051 0.023 0 0.023 12.951 0.005 12.953 13.965 0.004 13.967 13.97 0.002 13.969
0.049 0.001 0.05 0.022 0.001 0.024 13.062 0.006 13.064 14.018 0.007 14.022 13.95 0 13.947
0.05 0.001 0.051 0.021 0.002 0.023 12.633 0.003 12.634 13.798 0.01 13.805 13.971 0 13.967
0.05 0 0.051 0.02 0.004 0.023 12.526 0.01 12.533 13.637 0.005 13.64 13.779 0 13.777
0.048 0.002 0.051 0.02 0.004 0.023 13.014 0.007 13.018 14.156 0.006 14.158 14 0.001 13.998
0.049 0.001 0.05 0.019 0.004 0.023 12.6 0.008 12.605 13.923 0.005 13.924 13.798 0 13.795
0.044 0.001 0.046 0.019 0.004 0.023 12.1 0.006 12.102 13.492 0.006 13.496 13.418 0.001 13.416
0.046 0.004 0.05 0.022 0.001 0.024 12.914 0.001 12.912 13.994 0.008 13.998 13.908 0 13.905
0.05 0.001 0.051 0.022 0.00199999999999999 0.024 12.995 0.005 12.997 14.086 0.006 14.09 13.998 0 13.995
0.047 0 0.046 0.018 0.005 0.024 12.902 0.009 12.908 13.983 0.009 13.988 13.859 0 13.856
0.05 0 0.05 0.023 0 0.023 12.985 0.008 12.991 13.956 0.001 13.953 13.849 0 13.846
0.05 0 0.05 0.019 0.004 0.023 13.022 0.005 13.023 14.133 0.007 14.137 14.053 0.001 14.052
0.049 0.003 0.051 0.021 0.002 0.024 13.079 0.004 13.08 14.261 0.007 14.264 14.371 0 14.368
0.05 0 0.05 0.023 0.002 0.025 12.933 0.004 12.933 13.754 0.007 13.759 13.692 0.001 13.69
0.048 0.003 0.051 0.021 0.003 0.024 12.658 0.011 12.666 13.721 0.002 13.72 13.621 0 13.618
0.048 0.002 0.051 0.022 0.001 0.023 12.529 0.015 12.541 13.626 0.006 13.629 13.51 0 13.508
0.051 0.001 0.052 0.02 0.003 0.023 13.297 0.01 13.304 14.33 0 14.327 14.194 0 14.191
0.048 0.003 0.05 0.021 0.00199999999999999 0.024 12.762 0.014 12.773 14.081 0.003 14.08 13.938 0 13.935
0.049 0.001 0.05 0.02 0.003 0.023 13.021 0.009 13.027 13.987 0.007 13.991 13.982 0 13.979
0.05 0 0.05 0.021 0.003 0.023 13.075 0.016 13.089 14.14 0.00199999999999999 14.139 14.131 0 14.128
0.05 0 0.051 0.021 0.003 0.024 13.511 0.009 13.517 14.495 0 14.491 14.37 0 14.367
0.049 0.001 0.05 0.022 0.001 0.023 13.085 0.011 13.093 14.176 0.001 14.174 14.083 0 14.08
0.055 0 0.055 0.023 0.00199999999999999 0.024 13.445 0.005 13.449 14.517 0.006 14.519 14.37 0 14.367
0.049 0.001 0.05 0.018 0.005 0.023 13.258 0.004 13.259 14.37 0.005 14.372 14.318 0 14.314
0.048 0.00199999999999999 0.05 0.022 0.001 0.023 13.044 0.009 13.05 14.097 0.002 14.096 14.027 0 14.024
0.051 0.001 0.053 0.02 0.004 0.024 13.207 0.00900000000000001 13.213 14.084 0.001 14.082 13.963 0 13.96
0.048 0 0.048 0.021 0.001 0.022 12.315 0.002 12.314 13.661 0.003 13.661 13.616 0 13.614
0.046 0 0.046 0.018 0.004 0.022 12.101 0.004 12.101 13.436 0.007 13.44 13.38 0 13.377
0.049 0.001 0.05 0.02 0.004 0.023 12.993 0.005 12.995 14.105 0.003 14.105 14.055 0 14.051
0.046 0.001 0.047 0.021 0.001 0.023 13.24 0.01 13.247 14.393 0.001 14.39 14.321 0 14.317
0.045 0.001 0.046 0.021 0.002 0.023 12.494 0.011 12.502 13.845 0.001 13.844 13.762 0 13.759
0.049 0 0.05 0.021 0.003 0.023 12.887 0.007 12.892 13.996 0.004 13.995 13.917 0 13.914
0.044 0.002 0.046 0.019 0.004 0.023 13.163 0.005 13.165 14.212 0.004 14.213 14.137 0.001 14.134
0.048 0.002 0.051 0.023 0.001 0.023 13.168 0.003 13.168 14.181 0.004 14.182 14.154 0 14.151
0.051 0.001 0.052 0.018 0.005 0.023 13.461 0.007 13.464 14.414 0.005 14.416 14.334 0 14.33
0.048 0.003 0.051 0.023 0 0.024 13.593 0.011 13.6 14.676 0 14.672 14.557 0 14.554
0.048 0.003 0.05 0.021 0.002 0.024 12.884 0.006 12.887 13.979 0.005 13.98 13.878 0 13.875
0.047 0.004 0.05 0.02 0.003 0.024 13.244 0.008 13.249 14.448 0.003 14.448 14.53 0 14.527
0.045 0.003 0.048 0.021 0.000999999999999994 0.023 12.14 0.027 12.172 13.444 0.014 13.46 13.511 0.00899999999999999 13.527
0.043 0.004 0.047 0.019 0.003 0.022 12.972 0.008 12.977 14.206 0.003 14.206 14.187 0.00199999999999999 14.186
0.049 0.003 0.051 0.022 0.001 0.024 13.203 0.006 13.205 14.428 0.003 14.428 14.512 0 14.508
0.049 0.002 0.05 0.022 0.000999999999999994 0.024 13.231 0.005 13.233 14.423 0.006 14.425 14.325 0 14.322
0.048 0.00199999999999999 0.05 0.02 0.003 0.023 13.098 0.006 13.101 14.123 0.003 14.123 14.035 0 14.032
0.051 0 0.051 0.022 0.001 0.023 13.363 0.006 13.366 14.264 0.005 14.266 14.186 0 14.182
0.047 0.003 0.05 0.023 0.001 0.024 13.208 0.00600000000000001 13.211 14.175 0.00199999999999999 14.174 14.126 0 14.123
0.051 0 0.051 0.019 0.005 0.024 13.354 0.003 13.354 14.31 0.00199999999999999 14.309 14.287 0.001 14.285
0.046 0.001 0.047 0.016 0.006 0.023 13.149 0.00600000000000001 13.152 14.174 0.005 14.175 14.14 0 14.137
0.049 0.00199999999999999 0.051 0.018 0.005 0.023 13.086 0.008 13.091 14.104 0.002 14.103 14.05 0 14.047
0.05 0 0.05 0.023 0 0.023 13.4 0.002 13.4 14.435 0.001 14.432 14.294 0 14.291
0.047 0 0.047 0.021 0.00199999999999999 0.022 13.12 0.017 13.135 13.985 0.001 13.983 13.906 0 13.903
0.045 0.002 0.046 0.021 0.00199999999999999 0.023 12.392 0.00600000000000001 12.395 13.759 0.009 13.766 13.722 0.000999999999999994 13.721
0.045 0.001 0.045 0.017 0.005 0.023 12.997 0.013 13.007 14.146 0.001 14.143 14.01 0 14.007
0.05 0.001 0.051 0.021 0.002 0.023 12.911 0.008 12.916 14 0.008 14.004 13.911 0 13.908
0.049 0.002 0.051 0.019 0.004 0.023 12.996 0.00600000000000001 12.999 14.186 0.002 14.185 14.082 0 14.078
0.048 0.003 0.051 0.019 0.004 0.023 13.302 0.003 13.302 14.282 0.002 14.281 14.149 0 14.145
0.05 0.003 0.053 0.02 0.003 0.023 13.33 0.013 13.34 14.309 0 14.306 14.202 0 14.199
0.046 0.005 0.051 0.021 0.002 0.024 13.124 0.005 13.125 14.153 0.006 14.156 14.083 0 14.081
0.046 0 0.046 0.02 0.003 0.023 12.845 0.006 12.848 14.03 0.005 14.033 14.027 0 14.023
0.05 0 0.052 0.019 0.004 0.023 12.681 0.008 12.684 13.913 0.003 13.915 13.867 0 13.864
0.051 0.001 0.051 0.02 0.003 0.024 13.256 0.005 13.257 14.292 0.005 14.295 14.3 0 14.297
0.048 0.004 0.051 0.019 0.004 0.023 13.127 0.006 13.131 14.318 0.006 14.321 14.101 0 14.098
0.048 0.002 0.051 0.019 0.004 0.023 13.192 0.00600000000000001 13.195 14.228 0 14.225 14.156 0 14.153
0.048 0.003 0.051 0.02 0.003 0.023 13.553 0.003 13.553 14.652 0.01 14.66 14.548 0 14.544
0.048 0.002 0.05 0.022 0.002 0.023 13.197 0.005 13.199 14.194 0 14.191 14.116 0 14.114
0.051 0 0.051 0.022 0.001 0.023 13.285 0.006 13.288 14.281 0.003 14.281 14.167 0 14.164
0.049 0.002 0.051 0.021 0.003 0.024 13.442 0.002 13.441 14.495 0.005 14.497 14.395 0 14.391
0.047 0.004 0.051 0.023 0 0.023 13.199 0.007 13.204 14.232 0.004 14.232 14.088 0 14.085
0.048 0.002 0.05 0.021 0.002 0.023 12.995 0.009 13 14.01 0.005 14.012 13.958 0 13.955
0.047 0.004 0.051 0.018 0.005 0.024 13.925 0.004 13.925 14.956 0.004 14.956 14.873 0 14.87
0.049 0.003 0.052 0.022 0.002 0.024 13.394 0.008 13.399 14.503 0.004 14.504 14.453 0 14.449
0.05 0.004 0.054 0.021 0.003 0.024 13.753 0.01 13.76 14.506 0.002 14.505 14.325 0 14.321
0.049 0.001 0.051 0.021 0.003 0.023 12.89 0.00600000000000001 12.894 14.142 0.004 14.143 14.156 0 14.153
0.046 0 0.046 0.022 0.000999999999999994 0.022 12.414 0.00700000000000001 12.419 13.8 0.00899999999999999 13.806 13.744 0.002 13.744
0.046 0.003 0.049 0.022 0.002 0.023 13.114 0.007 13.119 14.19 0.006 14.191 14.067 0 14.063
0.048 0.002 0.05 0.019 0.004 0.024 13.045 0.013 13.054 14.112 0.003 14.113 14.044 0 14.04
0.049 0.002 0.05 0.02 0.003 0.024 12.911 0.00800000000000001 12.916 13.985 0.007 13.989 13.846 0 13.843
0.048 0.002 0.05 0.02 0.004 0.024 13.571 0.002 13.57 14.549 0.002 14.548 14.444 0 14.44
0.049 0.00199999999999999 0.05 0.022 0.001 0.024 13.29 0.009 13.295 14.225 0.003 14.224 14.194 0 14.191
0.044 0.00199999999999999 0.046 0.021 0.003 0.023 12.839 0.004 12.841 13.905 0.002 13.903 13.834 0.001 13.832
0.047 0 0.047 0.016 0.006 0.022 13.158 0.009 13.173 14.243 0.018 14.268 14.129 0.005 14.141
0.05 0 0.05 0.021 0.002 0.023 13.118 0.008 13.122 14.156 0.002 14.155 14.03 0.003 14.031
0.048 0.002 0.05 0.02 0.004 0.024 13.366 0.009 13.372 14.341 0.002 14.341 14.236 0 14.232
0.052 0 0.051 0.019 0.004 0.024 13.364 0.003 13.364 14.374 0.005 14.376 14.3 0 14.297
0.043 0.003 0.046 0.022 0.000999999999999994 0.023 13.403 0.004 13.404 14.477 0.002 14.476 14.427 0 14.424
0.049 0.001 0.05 0.02 0.003 0.023 13.046 0.007 13.05 14.055 0.003 14.054 14.066 0 14.063
0.049 0.001 0.05 0.023 0.001 0.024 13.111 0.006 13.114 14.126 0.006 14.129 14.016 0 14.013
0.049 0.001 0.05 0.019 0.005 0.024 13.454 0.005 13.456 14.409 0.001 14.407 14.356 0 14.353
0.046 0.001 0.047 0.021 0.001 0.022 12.915 0.006 12.918 13.996 0.003 13.997 13.753 0 13.755
0.05 0.001 0.051 0.018 0.005 0.023 12.908 0.008 12.913 14.202 0.002 14.201 14.212 0 14.209
0.045 0.001 0.046 0.021 0.002 0.023 12.096 0.015 12.108 13.415 0.003 13.415 13.337 0 13.334
0.05 0 0.051 0.023 0.001 0.023 12.955 0.01 12.963 14.081 0.001 14.078 13.995 0 13.991
0.048 0.003 0.05 0.022 0.001 0.023 13.016 0.006 13.02 14.107 0.00600000000000001 14.11 14.017 0 14.014
0.05 0 0.05 0.02 0.004 0.024 12.87 0.014 12.881 14.06 0.001 14.058 14.013 0 14.01
0.049 0.003 0.052 0.022 0.002 0.024 13.351 0.011 13.359 14.349 0.01 14.356 14.259 0 14.255
0.05 0.001 0.051 0.023 0 0.023 13.564 0.005 13.566 14.518 0.002 14.516 14.437 0.002 14.436
0.044 0.003 0.047 0.02 0.003 0.023 13.16 0.006 13.163 14.19 0.005 14.192 14.095 0.002 14.093
0.05 0 0.051 0.02 0.003 0.023 12.981 0.01 12.989 13.942 0.003 13.941 13.827 0 13.824
0.05 0.001 0.05 0.019 0.004 0.024 13.483 0.011 13.491 14.453 0.003 14.453 14.397 0 14.393
0.05 0.001 0.051 0.019 0.004 0.023 13.076 0.002 13.075 14.133 0.005 14.135 14.104 0 14.1
0.047 0.002 0.049 0.022 0.002 0.024 13.265 0.007 13.277 13.99 0.002 13.991 13.771 0 13.781
0.05 0.001 0.051 0.022 0.002 0.024 13.17 0.003 13.17 14.15 0.009 14.156 14.012 0.001 14.011
0.049 0.002 0.051 0.021 0.00199999999999999 0.023 13.383 0.01 13.39 14.467 0.002 14.466 14.328 0 14.324
0.05 0.001 0.05 0.019 0.004 0.024 13.194 0.004 13.194 14.184 0.004 14.185 14.153 0 14.149
0.045 0.001 0.046 0.019 0.003 0.023 13.076 0.004 13.077 14.122 0.005 14.124 13.966 0.002 13.965
0.05 0.00199999999999999 0.053 0.02 0.003 0.023 12.984 0.003 12.985 13.95 0.007 13.953 13.866 0.001 13.864
0.06 0 0.06 0.023 0.002 0.025 15.373 0.006 15.386 16.349 0.004 16.36 16.191 0.001 16.2
0.051 0 0.051 0.019 0.004 0.023 12.744 0.01 12.751 14.067 0.004 14.068 13.932 0 13.929
0.044 0.003 0.046 0.022 0.001 0.023 12.335 0.007 12.338 13.679 0.008 13.685 13.635 0 13.632
0.044 0.001 0.046 0.017 0.006 0.022 13.076 0.012 13.086 14.162 0.000999999999999994 14.16 14.05 0 14.045
0.049 0.00199999999999999 0.051 0.021 0.002 0.023 12.851 0.004 12.852 14.012 0.003 14.012 13.966 0 13.963
0.049 0.001 0.051 0.021 0.002 0.023 12.989 0.004 12.99 14.128 0.004 14.13 13.977 0 13.973
0.048 0 0.048 0.019 0.003 0.023 13.166 0.005 13.167 14.432 0.002 14.431 14.379 0 14.376
0.052 0.00199999999999999 0.053 0.018 0.005 0.024 13.459 0.008 13.464 14.423 0.006 14.424 14.119 0 14.116
0.05 0.001 0.051 0.022 0.002 0.023 13.185 0.012 13.195 14.242 0.004 14.242 14.194 0.004 14.195
0.046 0 0.046 0.021 0.002 0.022 12.967 0.005 12.969 13.932 0.007 13.937 13.847 0 13.844
0.05 0.001 0.051 0.021 0.002 0.023 13.605 0.005 13.607 14.674 0.004 14.675 14.64 0 14.637
0.049 0.000999999999999994 0.05 0.02 0.003 0.023 13.084 0.004 13.086 14.103 0.003 14.102 13.961 0 13.958
0.048 0.001 0.05 0.022 0.002 0.023 13.242 0.006 13.246 14.2 0.006 14.203 14.143 0 14.14
0.05 0.001 0.051 0.02 0.003 0.023 13.339 0.007 13.343 14.285 0.004 14.286 14.165 0 14.161
0.051 0 0.051 0.024 0 0.024 13.134 0.004 13.135 14.11 0.00800000000000001 14.115 14.059 0 14.056
0.048 0.002 0.05 0.018 0.005 0.023 12.961 0.006 12.964 13.994 0.006 13.996 13.955 0 13.952
0.047 0 0.047 0.02 0.003 0.023 13.098 0.013 13.108 14.265 0.00600000000000001 14.267 14.179 0 14.176
0.049 0.001 0.051 0.021 0.003 0.023 12.806 0.016 12.819 14.024 0.001 14.023 13.968 0 13.965
0.045 0.001 0.047 0.022 0.001 0.022 12.113 0.004 12.115 13.581 0.00799999999999999 13.588 13.478 0.001 13.479
0.05 0.002 0.053 0.021 0.003 0.023 13.235 0.008 13.241 14.37 0.00199999999999999 14.368 14.336 0 14.334
0.05 0 0.05 0.022 0.001 0.023 12.878 0.003 12.878 14.007 0.00600000000000001 14.009 13.542 0 13.539
0.054 0.002 0.057 0.019 0.005 0.024 13.033 0.037 13.084 14.08 0.00700000000000001 14.087 14.05 0.044 14.201
0.049 0.00199999999999999 0.05 0.021 0.002 0.023 12.871 0.007 12.875 14.196 0.004 14.196 14.117 0 14.114
0.047 0 0.048 0.022 0.001 0.022 13.125 0.005 13.128 14.176 0.005 14.177 14.145 0.001 14.144
0.045 0.001 0.046 0.021 0.00199999999999999 0.023 12.331 0.013 12.34 13.733 0.00199999999999999 13.733 13.656 0 13.652
0.051 0 0.05 0.021 0.002 0.024 13.255 0.007 13.258 14.277 0.005 14.28 14.072 0 14.075
0.049 0.002 0.051 0.02 0.004 0.023 13.172 0.011 13.181 14.219 0.001 14.217 14.17 0.00199999999999999 14.168
0.049 0.002 0.05 0.02 0.003 0.024 13.11 0.007 13.115 14.212 0.006 14.213 14.069 0 14.066
0.048 0.002 0.051 0.021 0.003 0.024 13.37 0.004 13.371 14.338 0.005 14.339 14.239 0 14.236
0.05 0.00199999999999999 0.052 0.02 0.003 0.023 13.268 0.008 13.272 14.227 0.007 14.231 14.131 0 14.128
0.05 0.001 0.05 0.021 0.002 0.024 13.17 0.016 13.183 14.237 0.001 14.235 14.164 0 14.16
0.046 0 0.046 0.018 0.004 0.022 13.201 0.01 13.208 14.291 0.007 14.295 14.219 0 14.215
0.047 0 0.047 0.02 0.003 0.023 13.31 0.009 13.316 14.243 0 14.24 14.157 0 14.153
0.049 0 0.049 0.021 0.002 0.023 13.277 0.006 13.281 14.274 0.004 14.274 14.222 0.000999999999999994 14.22
0.05 0.001 0.05 0.022 0.002 0.024 13.222 0.007 13.226 14.154 0.004 14.154 14.1 0 14.097
0.05 0.001 0.051 0.018 0.005 0.024 13.201 0.011 13.21 14.271 0.003 14.27 14.176 0 14.172
0.045 0.002 0.046 0.018 0.005 0.023 13.112 0.006 13.116 14.218 0.004 14.218 14.108 0 14.104
0.049 0.001 0.051 0.02 0.004 0.023 13.029 0.008 13.036 14.016 0.008 14.019 13.945 0 13.943
0.05 0 0.05 0.016 0.007 0.023 12.938 0.005 12.94 14.007 0.005 14.009 14.002 0 13.999
0.046 0 0.046 0.02 0.003 0.023 12.207 0.013 12.217 13.558 0.001 13.556 13.457 0 13.455
0.048 0.003 0.051 0.019 0.004 0.023 13.229 0.008 13.233 14.136 0.007 14.139 14.076 0 14.074
0.049 0.002 0.051 0.021 0.003 0.024 13.411 0.005 13.413 14.424 0.007 14.427 14.29 0 14.286
0.051 0 0.05 0.022 0.002 0.024 12.891 0.011 12.9 14.113 0.001 14.11 14.14 0 14.137
0.045 0.002 0.048 0.02 0.003 0.022 12.737 0.005 12.738 13.815 0.007 13.82 13.886 0 13.883
0.043 0.004 0.046 0.02 0.002 0.023 12.448 0.007 12.452 13.804 0.005 13.807 13.742 0 13.739
0.044 0.00199999999999999 0.046 0.022 0.001 0.023 13.114 0.01 13.121 14.29 0 14.287 14.216 0 14.212
0.054 0.001 0.055 0.019 0.004 0.024 12.891 0.01 12.898 14.003 0 14.001 13.912 0 13.909
0.054 0.001 0.055 0.021 0.003 0.024 13.231 0.006 13.234 14.343 0.002 14.342 14.251 0 14.247
0.049 0.002 0.051 0.02 0.002 0.022 13.333 0.008 13.338 14.296 0.008 14.301 14.221 0 14.217
0.05 0.001 0.051 0.022 0.001 0.023 13.305 0.003 13.306 14.275 0.004 14.275 14.185 0 14.182
0.049 0.001 0.051 0.022 0.002 0.023 13.22 0.005 13.223 14.259 0.003 14.258 14.181 0 14.178
0.051 0 0.051 0.023 0.001 0.023 13.333 0.01 13.342 14.354 0 14.35 14.335 0 14.332
0.05 0 0.05 0.02 0.004 0.023 12.745 0.006 12.748 14.058 0.00800000000000001 14.065 13.827 0.002 13.825
0.049 0.001 0.05 0.018 0.006 0.024 13.221 0.009 13.228 14.188 0.00199999999999999 14.187 14.094 0.002 14.092
0.051 0.002 0.053 0.018 0.005 0.023 13.42 0.012 13.429 14.472 0.001 14.47 14.303 0 14.3
0.049 0.00199999999999999 0.052 0.021 0.003 0.023 13.973 0.01 13.981 14.924 0.004 14.924 14.96 0 14.956
0.045 0.00600000000000001 0.051 0.02 0.003 0.023 13.397 0.008 13.402 14.445 0.004 14.446 14.356 0 14.351
0.048 0.002 0.05 0.02 0.003 0.023 13.11 0.002 13.108 13.878 0.004 13.879 13.798 0.000999999999999994 13.795
0.05 0.001 0.051 0.02 0.003 0.024 13.232 0.005 13.234 14.254 0.007 14.257 14.218 0.002 14.217
0.043 0.004 0.048 0.018 0.004 0.023 13.252 0.009 13.257 14.344 0 14.341 14.216 0 14.213
0.049 0.000999999999999994 0.051 0.019 0.005 0.024 13.06 0.017 13.073 14.267 0.001 14.265 14.313 0 14.309
0.049 0.000999999999999994 0.05 0.023 0 0.023 13.206 0.01 13.216 14.218 0.01 14.225 14.109 0 14.106
0.05 0 0.05 0.019 0.005 0.023 13.19 0.005 13.192 14.159 0.007 14.163 14.061 0.001 14.059
0.051 0 0.051 0.017 0.006 0.023 12.806 0.012 12.816 14.081 0 14.077 14.224 0 14.22
0.046 0 0.046 0.021 0.00199999999999999 0.023 12.354 0.011 12.362 13.599 0.003 13.6 13.493 0 13.49
0.051 0 0.05 0.018 0.005 0.024 12.998 0.005 13 14.093 0.007 14.096 13.969 0 13.966
0.049 0.002 0.051 0.02 0.003 0.023 13.134 0.011 13.143 14.233 0 14.229 14.134 0.001 14.133
0.05 0.000999999999999994 0.05 0.022 0.001 0.024 12.956 0.00600000000000001 12.958 14.103 0.007 14.108 13.93 0 13.925
0.049 0.001 0.05 0.02 0.003 0.023 13.258 0.005 13.261 14.236 0.007 14.24 14.101 0 14.097
0.051 0 0.051 0.02 0.003 0.023 13.341 0.009 13.347 14.364 0.008 14.369 14.31 0 14.307
0.051 0 0.05 0.021 0.002 0.023 13.193 0.004 13.194 14.28 0.002 14.279 14.098 0 14.096
0.049 0.001 0.05 0.02 0.003 0.023 12.599 0.012 12.614 13.759 0.001 13.765 13.504 0.001 13.506
0.048 0.00199999999999999 0.049 0.019 0.004 0.024 13.137 0.004 13.138 14.119 0.003 14.119 13.953 0 13.95
0.052 0.001 0.054 0.021 0.002 0.023 13.23 0.007 13.235 14.235 0.005 14.235 14.11 0 14.107
0.047 0.004 0.051 0.021 0.003 0.024 13.403 0.008 13.407 14.443 0.013 14.454 14.328 0.001 14.326
0.049 0.001 0.05 0.018 0.005 0.023 13.073 0.008 13.078 14.092 0.003 14.091 14.041 0.003 14.041
0.049 0.001 0.05 0.019 0.004 0.023 13.084 0.005 13.086 14.136 0.005 14.138 13.949 0 13.944
0.05 0 0.05 0.017 0.006 0.023 13.079 0.00700000000000001 13.083 14.038 0.005 14.041 13.894 0.002 13.892
0.048 0.002 0.051 0.02 0.004 0.023 13.14 0.003 13.141 14.199 0.00600000000000001 14.202 14.152 0 14.148
0.05 0.001 0.051 0.022 0.00199999999999999 0.024 12.972 0.00600000000000001 12.976 14.242 0.004 14.242 14.282 0 14.279
0.045 0.001 0.047 0.017 0.005 0.022 13.001 0.008 13.006 13.853 0.000999999999999994 13.851 13.79 0 13.787
0.048 0.00199999999999999 0.049 0.02 0.003 0.024 13.263 0.007 13.267 14.231 0.006 14.233 14.15 0.002 14.148
0.05 0 0.05 0.02 0.003 0.023 13.223 0.007 13.227 14.197 0.004 14.198 14.096 0 14.091
0.046 0.000999999999999994 0.047 0.02 0.003 0.023 13.409 0.004 13.409 14.43 0.00899999999999999 14.437 14.292 0.001 14.29
0.044 0.003 0.046 0.019 0.003 0.023 12.896 0.008 12.9 14.286 0.001 14.284 14.181 0 14.179
0.05 0 0.051 0.021 0.003 0.023 13.217 0.008 13.222 14.204 0.004 14.205 13.838 0 13.835
0.049 0.001 0.051 0.02 0.003 0.023 12.914 0.005 12.915 13.958 0.005 13.959 13.856 0 13.853
0.049 0.002 0.051 0.02 0.003 0.023 12.933 0.008 12.937 14.075 0.004 14.076 14.025 0 14.022
0.05 0.001 0.05 0.023 0.001 0.024 13.095 0.004 13.096 14.206 0.004 14.207 14.142 0.001 14.14
0.048 0.002 0.05 0.022 0.002 0.024 12.981 0.005 12.983 14.123 0.007 14.126 13.979 0 13.976
0.045 0.001 0.046 0.02 0.002 0.023 13.237 0.005 13.239 14.194 0.007 14.198 14.19 0 14.187
0.05 0.001 0.05 0.019 0.004 0.024 13.484 0.01 13.49 14.603 0.001 14.602 14.703 0 14.699
0.048 0.001 0.048 0.021 0.00199999999999999 0.023 13.269 0.003 13.27 14.235 0.003 14.236 14.12 0.001 14.116
0.049 0.001 0.05 0.021 0.00199999999999999 0.023 13.205 0.005 13.208 14.153 0.005 14.155 14.086 0 14.082
0.05 0 0.051 0.018 0.005 0.023 13.193 0.007 13.197 14.237 0.003 14.237 14.092 0 14.088
0.05 0.001 0.05 0.022 0.001 0.024 13.191 0.002 13.189 14.286 0.004 14.287 14.206 0 14.202
0.046 0.003 0.05 0.02 0.004 0.023 13.042 0.013 13.053 14.192 0.003 14.192 13.932 0 13.928
0.048 0.003 0.051 0.021 0.00199999999999999 0.023 13.674 0.006 13.677 14.638 0.00600000000000001 14.64 14.49 0 14.488
0.047 0.003 0.05 0.019 0.004 0.024 13.069 0.007 13.073 14.239 0 14.236 14.098 0 14.096
0.049 0.001 0.05 0.021 0.002 0.023 12.884 0.008 12.89 13.95 0.003 13.95 13.858 0 13.854
0.053 0 0.052 0.022 0.001 0.024 13.3 0.01 13.306 14.365 0.002 14.363 14.251 0 14.248
0.046 0 0.046 0.017 0.005 0.023 12.516 0.004 12.517 14.285 0.002 14.284 14.148 0 14.145
0.051 0 0.051 0.02 0.003 0.023 13.305 0.007 13.309 14.325 0.003 14.324 14.236 0 14.233
0.049 0.000999999999999994 0.05 0.018 0.00600000000000001 0.024 13.346 0.005 13.348 14.148 0.00800000000000001 14.152 14.102 0 14.099
0.045 0.00199999999999999 0.047 0.02 0.003 0.023 13.099 0.005 13.102 14.165 0.00799999999999999 14.169 14.191 0 14.187
0.045 0.001 0.046 0.02 0.003 0.022 12.809 0.006 12.813 14.175 0.004 14.175 14.08 0 14.078
0.049 0.002 0.051 0.019 0.004 0.024 13.293 0.009 13.298 14.263 0.00600000000000001 14.266 13.899 0 13.897
0.042 0.003 0.046 0.021 0.002 0.023 13.062 0.005 13.064 14.232 0.00700000000000001 14.235 14.065 0.001 14.062
0.05 0 0.051 0.023 0.001 0.023 12.853 0.009 12.86 13.945 0.001 13.943 13.918 0 13.915
0.042 0.003 0.045 0.021 0.002 0.023 12.989 0.005 12.992 14.012 0.001 14.01 13.954 0 13.95
0.044 0.002 0.046 0.018 0.005 0.023 12.987 0.014 12.999 14.045 0.001 14.042 13.912 0.002 13.911
0.05 0 0.049 0.02 0.003 0.024 13.253 0.008 13.257 14.037 0.00899999999999999 14.044 14.06 0 14.057
0.05 0 0.05 0.019 0.005 0.024 13.317 0.004 13.318 14.256 0.008 14.26 14.185 0 14.182
0.048 0.003 0.051 0.02 0.003 0.023 13.322 0.007 13.326 14.322 0.009 14.328 14.252 0 14.249
0.049 0.001 0.051 0.02 0.004 0.023 13.156 0.007 13.16 14.208 0.005 14.21 14.094 0 14.091
0.049 0.000999999999999994 0.05 0.021 0.002 0.023 12.941 0.004 12.941 14.003 0.01 14.01 14.031 0.001 14.028
0.05 0.000999999999999994 0.05 0.021 0.002 0.023 12.968 0.008 12.975 13.975 0.001 13.972 13.873 0 13.87
0.05 0.001 0.05 0.021 0.002 0.023 13.276 0.008 13.282 14.337 0.003 14.337 14.282 0 14.279
0.045 0.00199999999999999 0.047 0.018 0.004 0.022 13.014 0.005 13.016 14.071 0.005 14.073 13.98 0.003 13.98
0.048 0.002 0.051 0.022 0.001 0.023 13.338 0.008 13.343 14.317 0.003 14.317 14.276 0 14.271
0.049 0.000999999999999994 0.05 0.02 0.004 0.024 13.191 0.007 13.195 14.065 0.005 14.067 13.955 0 13.952
0.051 0.001 0.051 0.021 0.002 0.023 13.12 0.01 13.127 14.073 0 14.07 14.024 0 14.02
0.05 0.001 0.051 0.022 0.001 0.023 13.229 0.006 13.232 14.203 0.009 14.208 14.093 0 14.088
0.048 0.002 0.05 0.021 0.003 0.023 12.828 0.004 12.83 13.949 0.004 13.95 14.012 0 14.008
0.051 0.001 0.052 0.019 0.005 0.023 13.06 0.007 13.065 14.211 0.007 14.214 14.142 0 14.139
0.051 0 0.051 0.019 0.005 0.024 13.085 0.013 13.095 14.075 0.002 14.074 14.047 0 14.044
0.049 0.002 0.051 0.02 0.003 0.023 13.065 0.00800000000000001 13.071 14.021 0.00799999999999999 14.025 13.944 0 13.941
0.049 0.000999999999999994 0.051 0.02 0.004 0.023 13.211 0.016 13.242 14.249 0.035 14.287 14.157 0.00799999999999999 14.166
0.046 0 0.047 0.02 0.003 0.022 12.903 0.002 12.902 14.038 0.005 14.04 13.961 0.001 13.959
0.046 0 0.046 0.019 0.003 0.022 13.058 0.008 13.063 14.053 0.006 14.056 13.992 0.002 13.991
0.05 0 0.05 0.02 0.003 0.023 12.951 0.005 12.952 14.062 0.007 14.066 13.898 0.001 13.897
0.047 0.003 0.051 0.02 0.003 0.023 13.251 0.00600000000000001 13.253 14.042 0.004 14.043 13.925 0 13.923
0.048 0.00199999999999999 0.05 0.019 0.004 0.024 13.179 0.006 13.183 14.138 0.01 14.144 14.025 0 14.021
0.048 0.003 0.05 0.019 0.00600000000000001 0.025 13.212 0.00899999999999999 13.219 13.987 0.003 13.987 13.838 0.003 13.838
0.046 0.001 0.047 0.019 0.004 0.023 13.087 0.005 13.089 14.114 0.005 14.116 14.047 0.003 14.047
0.049 0.001 0.051 0.02 0.004 0.023 13.219 0.007 13.223 14.324 0.005 14.326 14.259 0 14.255
0.049 0.001 0.051 0.015 0.009 0.024 13.037 0.005 13.039 13.918 0.011 13.925 13.858 0 13.856
0.045 0.001 0.047 0.021 0.002 0.022 13.105 0.007 13.109 14.233 0.007 14.236 14.145 0.001 14.142
0.051 0 0.051 0.018 0.006 0.023 13.204 0.013 13.215 14.277 0.002 14.276 14.194 0 14.191
0.045 0.00600000000000001 0.051 0.022 0.002 0.023 13.155 0.006 13.159 14.198 0.01 14.205 14.163 0 14.16
0.051 0 0.05 0.022 0.001 0.023 13.217 0.003 13.218 14.192 0.003 14.19 14.118 0.001 14.115
0.047 0.003 0.05 0.018 0.005 0.023 12.777 0.006 12.78 13.851 0.007 13.856 13.464 0.001 13.462
0.051 0 0.051 0.019 0.004 0.023 13.351 0.008 13.357 14.272 0.00600000000000001 14.273 14.178 0 14.175
0.047 0 0.047 0.021 0.002 0.022 13.138 0.003 13.138 14.017 0.00199999999999999 14.016 14.053 0 14.051
0.05 0.001 0.051 0.022 0.001 0.023 12.928 0.004 12.93 14.013 0.007 14.016 13.931 0.001 13.929
0.045 0.001 0.047 0.019 0.004 0.022 13.101 0.002 13.1 14.506 0.006 14.509 14.368 0 14.364
0.05 0 0.051 0.02 0.004 0.024 13.351 0.007 13.354 14.341 0.002 14.341 14.041 0.001 14.039
0.05 0 0.05 0.022 0.002 0.024 12.917 0.008 12.922 13.973 0.002 13.972 13.889 0 13.885
0.056 0.000999999999999994 0.057 0.021 0.003 0.024 12.868 0.002 12.867 13.967 0.007 13.971 13.852 0 13.849
0.049 0.000999999999999994 0.05 0.023 0.001 0.023 12.993 0.006 12.998 14.098 0.00700000000000001 14.101 13.981 0 13.978
0.051 0 0.052 0.021 0.003 0.023 13.312 0.007 13.316 14.316 0 14.312 13.785 0 13.783
0.048 0.00199999999999999 0.052 0.022 0.002 0.023 13.094 0.008 13.099 14.149 0.006 14.152 14.061 0.003 14.062
0.049 0.001 0.05 0.022 0.001 0.023 13.137 0.013 13.147 14.107 0.002 14.105 14.082 0.002 14.081
0.049 0.000999999999999994 0.05 0.019 0.00600000000000001 0.023 13.127 0.011 13.137 14.151 0.002 14.15 14.023 0 14.019
0.051 0.000999999999999994 0.052 0.021 0.002 0.023 13.208 0.01 13.216 14.238 0 14.234 14.125 0 14.121
0.048 0.003 0.051 0.021 0.002 0.023 13.563 0.009 13.569 14.487 0.008 14.492 14.395 0 14.391
0.047 0.004 0.05 0.019 0.004 0.023 13.193 0.00600000000000001 13.196 14.046 0.007 14.051 14.027 0 14.023
0.048 0.002 0.05 0.022 0.002 0.024 13.092 0.008 13.097 14.084 0.007 14.088 14.007 0 14.004
0.048 0.002 0.05 0.021 0.003 0.023 13.041 0.003 13.041 14.111 0.00600000000000001 14.114 14.02 0 14.017
0.044 0.004 0.048 0.021 0.002 0.022 13.257 0.006 13.262 14.169 0.005 14.171 13.962 0 13.958
0.046 0.001 0.048 0.02 0.002 0.022 12.915 0.002 12.914 13.776 0.008 13.78 13.692 0 13.689
0.046 0.004 0.05 0.019 0.004 0.023 13.52 0.012 13.529 14.425 0.004 14.425 14.338 0 14.335
0.049 0.002 0.051 0.02 0.003 0.024 12.894 0.008 12.9 13.994 0.00699999999999999 13.997 13.866 0 13.863
0.049 0.00199999999999999 0.051 0.022 0.001 0.023 13.26 0.009 13.266 14.291 0 14.287 14.178 0 14.175
0.053 0.001 0.053 0.021 0.002 0.024 13.295 0.005 13.298 14.326 0.002 14.324 14.246 0 14.242
0.051 0.000999999999999994 0.052 0.024 0 0.024 13.229 0.008 13.234 14.279 0 14.276 14.219 0 14.216
0.043 0.002 0.046 0.018 0.005 0.022 12.122 0.011 12.13 13.513 0.001 13.512 13.388 0 13.384
0.051 0.001 0.052 0.022 0.001 0.023 13.212 0.017 13.226 14.296 0.00199999999999999 14.295 14.204 0 14.2
0.049 0.002 0.051 0.02 0.003 0.024 13.232 0.004 13.234 14.176 0.004 14.177 14.164 0 14.161
0.046 0.001 0.047 0.019 0.003 0.023 12.931 0.01 12.946 13.711 0.005 13.715 13.68 0 13.685
0.049 0.002 0.051 0.02 0.003 0.023 12.955 0.00600000000000001 12.958 14.118 0.008 14.123 13.981 0 13.977
0.055 0 0.054 0.021 0.00199999999999999 0.023 13.454 0.003 13.455 14.325 0.008 14.331 14.261 0 14.257
0.051 0.003 0.054 0.022 0.002 0.023 13.283 0.008 13.29 14.196 0.00600000000000001 14.199 14.121 0.000999999999999987 14.12
0.044 0.001 0.045 0.019 0.004 0.022 12.334 0.005 12.335 14.126 0.003 14.128 14.03 0 14.027
0.048 0.002 0.05 0.021 0.003 0.024 13.043 0.005 13.046 14.19 0.005 14.191 14.076 0 14.073
0.051 0 0.052 0.021 0.003 0.023 13.316 0.005 13.318 14.348 0.00700000000000001 14.351 14.347 0 14.344
0.049 0.00199999999999999 0.051 0.019 0.004 0.024 13.459 0.009 13.464 14.456 0.005 14.459 14.382 0 14.378
0.052 0 0.051 0.021 0.002 0.023 13.575 0.009 13.581 14.598 0.001 14.595 14.488 0 14.484
0.049 0.001 0.05 0.021 0.003 0.023 13.112 0.004 13.114 14.174 0.005 14.175 14.046 0 14.043
0.049 0.002 0.05 0.023 0 0.023 12.828 0.009 12.836 14.038 0.001 14.035 14.068 0 14.065
0.052 0.001 0.054 0.019 0.005 0.023 13.401 0.003 13.401 14.34 0.007 14.345 14.28 0.001 14.277
0.05 0 0.05 0.021 0.002 0.024 13.291 0.01 13.297 14.291 0.01 14.297 14.146 0 14.142
0.046 0.001 0.046 0.019 0.003 0.023 13.183 0.004 13.183 14.197 0.008 14.202 14.129 0 14.127
0.049 0.001 0.05 0.018 0.005 0.023 13.29 0.00600000000000001 13.293 14.311 0.00899999999999999 14.317 14.217 0 14.213
0.053 0 0.053 0.02 0.004 0.024 13.11 0.003 13.111 14.205 0.005 14.206 14.157 0 14.154
0.048 0.001 0.05 0.022 0.002 0.023 13.316 0.004 13.317 14.236 0.008 14.24 14.161 0.00199999999999999 14.164
0.048 0.00199999999999999 0.051 0.022 0.001 0.023 13.018 0.004 13.019 14.048 0.005 14.05 13.986 0 13.983
0.049 0.001 0.05 0.022 0.001 0.023 13.275 0.002 13.274 14.165 0.005 14.166 14.125 0.001 14.129
0.054 0 0.054 0.021 0.003 0.023 13.307 0.007 13.313 14.318 0.011 14.325 14.245 0 14.242
0.049 0.002 0.051 0.02 0.003 0.023 13.54 0.005 13.543 14.498 0.007 14.501 14.392 0 14.39
0.045 0.001 0.046 0.02 0.003 0.023 12.249 0.004 12.25 13.581 0.002 13.58 13.509 0 13.507
0.051 0.001 0.051 0.02 0.003 0.024 13.251 0.005 13.252 14.187 0.003 14.187 14.064 0.001 14.061
0.049 0.004 0.053 0.021 0.002 0.023 13.636 0.011 13.644 14.648 0 14.645 14.402 0.004 14.404
0.045 0.002 0.047 0.02 0.003 0.023 13.099 0.017 13.113 14.207 0.002 14.206 14.187 0 14.183
0.051 0 0.051 0.022 0.001 0.023 13.111 0.005 13.114 14.191 0.004 14.191 14.118 0 14.115
0.045 0.001 0.046 0.021 0.00199999999999999 0.022 12.844 0.004 12.846 14.001 0.006 14.004 13.953 0 13.948
0.05 0.001 0.051 0.02 0.003 0.023 13.407 0.008 13.412 14.37 0.004 14.371 14.283 0 14.28
0.045 0.001 0.046 0.018 0.005 0.022 12.835 0.003 12.836 13.923 0.009 13.928 13.998 0 13.995
0.049 0.001 0.05 0.024 0 0.023 12.918 0.005 12.923 14.02 0.005 14.022 13.916 0.002 13.918
0.046 0 0.046 0.019 0.004 0.022 13.105 0.008 13.11 14.183 0.006 14.186 14.124 0 14.121
0.05 0.001 0.051 0.023 0 0.023 13.41 0.003 13.41 14.31 0.003 14.309 13.721 0 13.719
0.048 0.005 0.054 0.022 0.002 0.023 14.866 0.009 14.88 15.701 0.00799999999999999 15.708 15.581 0.021 15.605
0.047 0 0.046 0.02 0.00199999999999999 0.022 12.267 0.005 12.269 13.687 0.008 13.693 13.661 0.001 13.659
0.049 0.001 0.05 0.022 0.002 0.024 13.086 0.004 13.087 14.133 0.009 14.138 14.007 0.003 14.007
0.051 0 0.052 0.02 0.004 0.023 13.129 0.013 13.14 14.099 0.001 14.097 14.067 0 14.062
0.049 0.001 0.05 0.02 0.004 0.023 12.896 0.009 12.903 13.997 0.00600000000000001 14 13.891 0 13.888
0.054 0 0.054 0.019 0.004 0.023 13.662 0.009 13.668 14.698 0 14.694 14.597 0 14.593
0.047 0.005 0.051 0.021 0.002 0.023 13.351 0.004 13.352 14.334 0.006 14.338 14.238 0 14.235
0.044 0.00199999999999999 0.047 0.018 0.005 0.023 12.855 0.003 12.855 14.166 0.005 14.168 14.116 0 14.112
0.05 0.001 0.051 0.02 0.003 0.023 13.489 0.00600000000000001 13.492 14.472 0.003 14.472 14.165 0 14.162
0.044 0.002 0.046 0.021 0.002 0.023 13.292 0.006 13.295 14.351 0.001 14.348 14.321 0 14.318
0.05 0.001 0.051 0.022 0.001 0.023 13.191 0.000999999999999994 13.19 14.193 0.004 14.193 14.136 0 14.133
0.05 0.001 0.05 0.017 0.006 0.023 13.067 0.006 13.07 14.2 0.002 14.198 14.089 0 14.086
0.046 0.002 0.048 0.022 0.001 0.023 13.112 0.012 13.122 14.293 0 14.289 14.224 0 14.221
0.049 0.001 0.051 0.022 0.002 0.023 13.22 0.007 13.225 14.174 0.002 14.172 14.13 0 14.127
0.048 0.002 0.05 0.018 0.005 0.024 13.07 0.004 13.071 13.998 0.005 14.001 13.852 0 13.849
0.046 0.002 0.048 0.023 0.001 0.023 13.087 0.008 13.093 14.155 0 14.151 14.057 0 14.055
0.051 0.003 0.182 0.02 0.003 0.0229999999999999 13.023 0.006 13.028 14.115 0.001 14.112 13.989 0 13.986
0.048 0.005 0.182 0.02 0.003 0.0239999999999999 13.096 0.008 13.101 14.217 0.005 14.22 14.117 0.00199999999999999 14.116
0.044 0.001 0.046 0.017 0.006 0.022 12.349 0.002 12.348 14.085 0.006 14.088 13.967 0 13.965
0.049 0.000999999999999994 0.05 0.021 0.002 0.023 13.093 0.011 13.101 14.092 0.002 14.091 13.578 0 13.574
0.047 0.00199999999999999 0.049 0.024 0 0.023 13.111 0.00600000000000001 13.115 14.073 0.007 14.076 13.967 0 13.965
0.05 0.002 0.05 0.022 0.001 0.024 13.344 0.006 13.347 14.306 0.008 14.31 14.158 0 14.155
0.05 0 0.05 0.021 0.002 0.023 12.975 0.009 12.981 14.014 0.00199999999999999 14.014 13.922 0 13.919
0.045 0.001 0.046 0.018 0.004 0.022 12.31 0.012 12.318 13.735 0.006 13.739 13.691 0 13.688
0.048 0.002 0.05 0.019 0.004 0.023 13.081 0.008 13.086 14.121 0.00600000000000001 14.124 14.067 0 14.064
0.051 0.001 0.052 0.022 0.001 0.023 13.186 0.004 13.186 14.133 0.007 14.137 14.05 0 14.046
0.051 0 0.05 0.019 0.005 0.024 13.368 0.003 13.369 14.353 0.002 14.35 14.245 0 14.241
0.048 0.002 0.051 0.019 0.005 0.023 12.946 0.007 12.951 14.023 0.008 14.027 13.991 0 13.988
0.05 0 0.05 0.019 0.004 0.023 13.022 0.007 13.028 14.058 0.004 14.058 13.986 0.002 13.985
0.05 0.001 0.05 0.021 0.00199999999999999 0.024 13.126 0.005 13.128 14.209 0.004 14.21 14.119 0.001 14.117
0.048 0.002 0.05 0.022 0.002 0.024 13.321 0.006 13.324 14.409 0.005 14.411 14.205 0 14.202
0.048 0.002 0.049 0.021 0.00199999999999999 0.023 12.985 0.002 12.984 13.981 0.002 13.98 13.938 0 13.935
0.049 0.001 0.05 0.021 0.003 0.024 12.911 0.006 12.914 14.022 0.01 14.029 13.969 0.002 13.969
0.045 0.00199999999999999 0.047 0.02 0.002 0.022 13.266 0.007 13.27 14.286 0.009 14.292 14.274 0 14.272
0.05 0.002 0.051 0.021 0.002 0.024 13.299 0.006 13.303 14.203 0.003 14.201 14.15 0 14.148
0.051 0 0.051 0.021 0.002 0.023 13.1 0.006 13.104 14.099 0.005 14.1 13.952 0 13.949
0.047 0.001 0.048 0.021 0.002 0.022 13.354 0.005 13.357 14.489 0.005 14.491 14.405 0 14.402
0.045 0.004 0.048 0.021 0.001 0.023 13.053 0.009 13.06 14.163 0.005 14.165 14.022 0 14.018
0.044 0.002 0.046 0.02 0.002 0.023 12.179 0.006 12.182 13.536 0.003 13.536 13.458 0.000999999999999994 13.457
0.047 0.00199999999999999 0.049 0.022 0.002 0.023 13.04 0.011 13.048 14.084 0.00199999999999999 14.083 13.956 0 13.952
0.048 0.002 0.049 0.022 0.00199999999999999 0.024 13.603 0.008 13.608 14.579 0.005 14.581 14.411 0 14.406
0.049 0.002 0.05 0.02 0.003 0.023 13.047 0.004 13.049 14.004 0.008 14.009 13.896 0 13.891
0.05 0 0.05 0.021 0.003 0.023 13.045 0.006 13.048 14.135 0.001 14.133 13.956 0 13.954
0.044 0.00199999999999999 0.046 0.021 0.002 0.023 12.243 0.007 12.246 13.623 0.007 13.627 14.213 0 14.211
0.049 0.001 0.05 0.019 0.004 0.023 13.022 0.008 13.027 14.05 0.003 14.05 13.994 0 13.991
0.043 0.003 0.046 0.021 0.00199999999999999 0.023 12.092 0.003 12.092 13.458 0.005 13.46 13.376 0 13.373
0.054 0 0.053 0.023 0 0.023 13.142 0.00600000000000001 13.146 14.15 0.008 14.155 14.034 0.003 14.034
0.049 0.002 0.051 0.019 0.004 0.023 13.281 0.011 13.289 14.243 0.001 14.241 14.154 0 14.151
0.042 0.004 0.046 0.018 0.005 0.023 13.041 0.004 13.042 14.167 0.005 14.168 14.109 0 14.106
0.049 0.00199999999999999 0.051 0.022 0.001 0.023 13.251 0.007 13.255 14.265 0.007 14.269 14.264 0 14.261
0.05 0 0.05 0.021 0.002 0.023 12.939 0.005 12.941 14.033 0.00600000000000001 14.037 13.884 0 13.88
0.048 0.002 0.05 0.021 0.003 0.024 13.496 0.004 13.497 14.426 0.007 14.43 14.37 0.002 14.369
0.048 0.00199999999999999 0.051 0.019 0.005 0.023 13.567 0.005 13.57 14.583 0.004 14.583 14.509 0 14.505
0.047 0.003 0.05 0.022 0.00199999999999999 0.023 13.199 0.00700000000000001 13.204 14.024 0.006 14.026 13.993 0.002 13.992
0.046 0 0.047 0.017 0.006 0.022 13.256 0.008 13.261 14.353 0.007 14.357 14.297 0 14.293
0.05 0.001 0.051 0.022 0.001 0.023 13.262 0.015 13.275 13.672 0 13.669 13.779 0 13.775
0.046 0.003 0.049 0.02 0.004 0.024 13.26 0.00899999999999999 13.268 14.197 0.001 14.194 14.15 0 14.147
0.045 0.006 0.051 0.021 0.003 0.024 13.421 0.00700000000000001 13.425 14.37 0.00799999999999999 14.374 14.289 0 14.286
0.049 0.001 0.05 0.02 0.003 0.023 13.035 0.011 13.043 14.137 0.002 14.136 13.932 0 13.935
0.048 0.002 0.051 0.021 0.002 0.023 13.248 0.008 13.253 14.143 0.011 14.156 13.854 0 13.858
0.05 0 0.051 0.02 0.003 0.023 13.207 0.005 13.209 14.138 0.009 14.142 14.095 0 14.092
0.047 0.003 0.05 0.019 0.004 0.023 12.838 0.004 12.839 13.89 0.005 13.892 13.856 0.001 13.854
0.051 0 0.051 0.02 0.003 0.023 12.824 0.005 12.827 13.811 0.005 13.812 13.783 0 13.78
0.046 0.003 0.05 0.021 0.00199999999999999 0.023 13.134 0.00700000000000001 13.138 14.211 0.001 14.207 14.103 0.000999999999999994 14.102
0.045 0.001 0.046 0.016 0.006 0.022 12.357 0.005 12.359 13.704 0.006 13.708 13.955 0.001 13.953
0.049 0.002 0.05 0.021 0.002 0.023 12.527 0.005 12.529 13.546 0.003 13.547 13.471 0 13.469
0.049 0.001 0.051 0.022 0.001 0.023 13.161 0.005 13.163 14.199 0.006 14.201 14.122 0 14.119
0.05 0.001 0.051 0.023 0 0.023 13.451 0.013 13.461 14.371 0 14.367 14.28 0.001 14.279
0.048 0.003 0.051 0.021 0.003 0.024 13.223 0.005 13.225 14.171 0.004 14.173 14.067 0.001 14.065
0.045 0.002 0.047 0.022 0.001 0.023 12.971 0.008 12.977 14.033 0.006 14.034 14.015 0 14.012
0.05 0 0.05 0.02 0.004 0.024 13.045 0.00199999999999999 13.044 14.044 0.003 14.044 13.989 0.002 13.988
0.052 0.001 0.053 0.023 0 0.023 12.981 0.009 12.987 14.021 0.005 14.023 13.969 0 13.966
0.049 0.001 0.049 0.021 0.00199999999999999 0.023 13.333 0.003 13.334 14.326 0.002 14.325 14.186 0 14.182
0.049 0.001 0.051 0.018 0.006 0.023 13.135 0.003 13.136 14.164 0.003 14.164 14.057 0 14.053
0.049 0 0.05 0.021 0.002 0.023 13.059 0.01 13.066 14.073 0.001 14.071 13.997 0 13.992
0.047 0.001 0.048 0.021 0.001 0.023 12.5 0.006 12.501 13.77 0.001 13.77 14.094 0 14.09
0.051 0 0.051 0.017 0.006 0.023 13.3 0.005 13.302 14.211 0.005 14.214 14.185 0 14.18
0.051 0 0.051 0.023 0.001 0.024 13.491 0.005 13.494 14.423 0.007 14.426 14.345 0 14.342
0.049 0.001 0.05 0.021 0.002 0.023 13.127 0.005 13.129 14.108 0.006 14.111 13.999 0 13.996
0.044 0.004 0.048 0.022 0.001 0.022 13.044 0.002 13.043 14.312 0.001 14.311 14.218 0 14.214
0.049 0.002 0.051 0.019 0.004 0.023 13.499 0.011 13.506 14.585 0 14.582 14.196 0 14.192
0.045 0.001 0.045 0.019 0.004 0.023 12.122 0.005 12.124 13.486 0.007 13.49 13.448 0 13.444
0.05 0.001 0.051 0.02 0.003 0.023 13.121 0.005 13.123 14.198 0.007 14.202 14.108 0 14.105
0.049 0.002 0.05 0.023 0 0.023 12.961 0.005 12.963 14.068 0.005 14.07 13.944 0 13.941
0.05 0 0.05 0.021 0.00199999999999999 0.023 12.957 0.004 12.958 13.629 0.006 13.632 13.559 0.002 13.558
0.049 0.001 0.05 0.022 0.002 0.023 13.116 0.004 13.118 14.199 0.006 14.202 14.167 0 14.163
0.046 0 0.046 0.021 0.00199999999999999 0.023 12.126 0.00700000000000001 12.129 13.544 0.007 13.549 13.483 0.003 13.484
0.045 0.001 0.046 0.02 0.002 0.022 12.09 0.006 12.093 13.504 0.00600000000000001 13.507 13.713 0.00199999999999999 13.712
0.05 0 0.049 0.021 0.002 0.023 13.158 0.009 13.164 14.291 0.003 14.29 14.153 0 14.15
0.05 0 0.052 0.023 0.001 0.023 13.236 0.01 13.243 14.297 0.001 14.295 14.234 0 14.23
0.049 0.002 0.051 0.02 0.003 0.023 13.201 0.006 13.205 14.216 0.005 14.217 14.096 0 14.093
0.048 0 0.048 0.021 0.002 0.023 13.242 0.007 13.246 14.329 0.008 14.334 14.242 0 14.238
0.048 0.002 0.05 0.024 0 0.023 13.382 0.002 13.382 14.368 0.00199999999999999 14.367 14.32 0 14.317
0.049 0.002 0.051 0.021 0.00199999999999999 0.023 13.505 0.009 13.511 14.569 0.001 14.566 14.572 0 14.569
0.051 0 0.051 0.021 0.002 0.023 13.365 0.007 13.369 14.358 0.005 14.36 14.267 0 14.265
0.049 0.000999999999999994 0.05 0.021 0.002 0.023 13.26 0.005 13.262 14.201 0.003 14.201 14.193 0 14.19
0.049 0.001 0.05 0.021 0.00199999999999999 0.023 13.001 0.004 13.002 14.071 0 14.068 14.061 0 14.057
0.045 0 0.046 0.02 0.003 0.023 12.215 0.012 12.222 13.956 0.001 13.955 14.125 0 14.123
0.052 0 0.052 0.023 0.001 0.024 13.269 0.006 13.272 14.188 0.008 14.193 14.15 0.001 14.148
0.047 0.003 0.05 0.021 0.002 0.023 13.17 0.003 13.171 14.074 0.004 14.074 14.034 0 14.031
0.047 0.003 0.05 0.022 0.001 0.024 13.179 0.011 13.188 14.253 0 14.248 14.17 0 14.168
0.046 0 0.046 0.021 0.00199999999999999 0.023 12.955 0.00600000000000001 12.959 14.233 0.003 14.231 14.123 0.004 14.124
0.048 0.003 0.05 0.02 0.003 0.024 13.232 0.005 13.233 14.204 0.005 14.206 13.946 0 13.942
0.043 0.00199999999999999 0.045 0.02 0.003 0.023 12.18 0.004 12.18 13.477 0.00600000000000001 13.48 13.474 0.001 13.473
0.042 0.003 0.046 0.018 0.005 0.022 12.9 0.006 12.903 13.946 0.003 13.947 13.921 0 13.917
0.048 0.003 0.051 0.018 0.005 0.023 13.201 0.012 13.211 14.349 0.004 14.349 14.184 0.002 14.182
0.05 0 0.05 0.021 0.003 0.023 13.407 0.008 13.413 14.087 0.004 14.086 13.642 0 13.64
0.048 0.002 0.05 0.02 0.003 0.023 13.138 0.006 13.141 14.225 0.008 14.23 14.077 0 14.074
0.049 0.002 0.051 0.022 0.001 0.023 12.656 0.006 12.658 13.703 0.003 13.706 13.44 0 13.442
0.056 0.002 0.083 0.02 0.003 0.023 13.078 0.002 13.078 13.859 0.005 13.861 13.581 0 13.578
0.048 0.002 0.051 0.015 0.008 0.023 13.462 0.014 13.473 14.57 0.001 14.566 14.438 0 14.436
0.049 0.002 0.051 0.022 0.002 0.024 13.341 0.014 13.352 14.361 0.001 14.359 14.3 0 14.297
0.05 0 0.05 0.02 0.003 0.024 12.964 0.005 12.967 14.087 0.007 14.089 13.977 0.001 13.976
0.051 0 0.051 0.017 0.00600000000000001 0.023 13.06 0.005 13.062 14.1 0.006 14.103 14.01 0.002 14.009
0.051 0 0.051 0.024 0 0.024 13.152 0.004 13.153 14.272 0.007 14.276 14.153 0 14.149
0.048 0.003 0.05 0.017 0.006 0.024 13.454 0.008 13.458 14.418 0.001 14.417 14.316 0 14.313
0.051 0 0.05 0.02 0.003 0.023 13.233 0.008 13.239 14.144 0.005 14.146 14.088 0 14.084
0.05 0 0.051 0.019 0.005 0.023 13.61 0.006 13.613 14.59 0.009 14.595 14.46 0 14.457
0.045 0.002 0.047 0.023 0 0.022 12.171 0.012 12.181 13.527 0.004 13.528 13.495 0.001 13.493
0.046 0 0.046 0.019 0.004 0.023 11.961 0.002 11.967 13.377 0.00199999999999999 13.382 13.253 0 13.254
0.05 0 0.05 0.023 0 0.023 13.136 0.004 13.137 14.151 0.004 14.151 14.054 0.001 14.052
0.045 0.001 0.046 0.02 0.002 0.022 12.224 0.006 12.227 13.608 0.014 13.619 13.583 0 13.581
0.048 0.00199999999999999 0.05 0.024 0 0.024 13.323 0.004 13.324 14.295 0.009 14.301 14.204 0 14.2
0.044 0.00199999999999999 0.046 0.021 0.002 0.023 12.88 0.006 12.883 14.147 0.00600000000000001 14.148 14.076 0.000999999999999994 14.075
0.05 0 0.05 0.023 0.001 0.024 13.228 0.004 13.229 14.208 0.006 14.21 13.943 0 13.94
0.046 0.001 0.046 0.017 0.006 0.022 12.24 0.00600000000000001 12.244 13.624 0.005 13.625 13.606 0 13.604
0.049 0.001 0.05 0.021 0.002 0.023 12.879 0.004 12.88 14.023 0.005 14.025 13.9 0 13.897
0.049 0 0.049 0.02 0.003 0.023 13.096 0.003 13.096 14.184 0.005 14.186 14.115 0 14.112
0.05 0.001 0.051 0.022 0.00199999999999999 0.024 13.081 0.01 13.088 14.237 0.001 14.234 14.129 0 14.126
0.046 0.002 0.048 0.021 0.002 0.023 12.991 0.009 12.997 14.059 0.003 14.058 14.037 0.001 14.035
0.044 0.002 0.046 0.021 0.000999999999999994 0.022 13.013 0.003 13.013 14.335 0.006 14.337 14.225 0 14.222
0.045 0.002 0.047 0.02 0.003 0.022 12.36 0.012 12.37 13.728 0.001 13.727 14.284 0 14.28
0.051 0 0.051 0.021 0.00199999999999999 0.023 13.153 0.004 13.155 14.204 0.006 14.206 13.922 0 13.919
0.051 0 0.052 0.021 0.003 0.023 13.493 0.007 13.497 14.462 0.00600000000000001 14.465 14.367 0 14.364
0.051 0.002 0.053 0.02 0.003 0.023 13.212 0.006 13.215 14.195 0.005 14.198 14.128 0.001 14.125
0.05 0 0.051 0.019 0.004 0.023 12.97 0.008 12.976 14.043 0.004 14.043 13.897 0 13.894
0.051 0 0.051 0.02 0.003 0.024 13.05 0.01 13.056 14.219 0.003 14.22 14.067 0 14.063
0.049 0.001 0.05 0.02 0.003 0.024 13.03 0.005 13.032 14.145 0.003 14.144 14.001 0 13.999
0.049 0.001 0.05 0.02 0.004 0.024 13.207 0.007 13.211 14.168 0.003 14.168 14.065 0 14.062
0.052 0 0.052 0.019 0.005 0.023 13.32 0.00700000000000001 13.326 14.285 0.005 14.285 14.181 0 14.179
0.047 0.003 0.05 0.02 0.004 0.023 13.158 0.003 13.159 14.147 0.005 14.148 14.06 0 14.057
0.049 0.00199999999999999 0.05 0.02 0.003 0.023 13.067 0.009 13.073 14.174 0.006 14.177 14.089 0 14.085
0.052 0.001 0.053 0.017 0.006 0.023 13.135 0.007 13.141 13.643 0.004 13.643 13.439 0.001 13.437
0.049 0.002 0.05 0.02 0.003 0.023 13.333 0.00899999999999999 13.34 14.367 0 14.363 14.243 0 14.24
0.045 0.001 0.046 0.017 0.006 0.022 12.206 0.002 12.206 13.599 0.003 13.599 13.514 0 13.512
0.048 0.00199999999999999 0.05 0.02 0.003 0.023 12.994 0.008 13 14.115 0.005 14.116 13.972 0 13.969
0.045 0 0.046 0.022 0.001 0.023 12.822 0.011 12.835 14.202 0.006 14.206 14.114 0.001 14.112
0.049 0.001 0.05 0.022 0.001 0.023 13.238 0.01 13.245 14.203 0.005 14.204 13.906 0 13.903
0.045 0.001 0.045 0.019 0.003 0.023 12.047 0.006 12.049 13.46 0.005 13.462 13.399 0 13.395
0.05 0 0.05 0.022 0.001 0.023 12.987 0.009 12.993 14.084 0.004 14.085 13.98 0 13.977
0.049 0.002 0.051 0.02 0.003 0.024 13.238 0.012 13.246 14.247 0.001 14.245 14.17 0 14.166
0.049 0.002 0.051 0.017 0.006 0.023 12.965 0.007 12.969 13.993 0.00600000000000001 13.996 13.91 0 13.906
0.051 0 0.051 0.02 0.003 0.023 13.218 0.00700000000000001 13.222 14.312 0 14.309 14.201 0 14.197
0.046 0 0.047 0.017 0.006 0.022 12.38 0.006 12.383 13.825 0.00800000000000001 13.83 14.385 0 14.383
0.052 0.002 0.054 0.021 0.003 0.023 13.728 0.005 13.731 14.684 0.004 14.684 14.565 0 14.562
0.049 0.00199999999999999 0.05 0.017 0.00600000000000001 0.023 13.233 0.015 13.246 14.164 0.001 14.161 14.095 0 14.091
0.05 0.002 0.052 0.022 0.001 0.023 13.217 0.007 13.221 14.217 0.005 14.22 14.082 0.002 14.081
0.047 0.004 0.051 0.02 0.003 0.023 13.305 0.00600000000000001 13.309 14.378 0.00199999999999999 14.376 14.317 0 14.314
0.048 0.003 0.051 0.021 0.002 0.023 12.983 0.01 12.991 14.059 0 14.055 13.96 0 13.957
0.05 0 0.051 0.021 0.002 0.023 13.367 0.003 13.366 14.308 0.009 14.315 14.216 0 14.212
0.049 0.001 0.05 0.022 0.002 0.024 13.001 0.006 13.004 14.067 0.007 14.071 13.991 0 13.988
0.049 0 0.049 0.018 0.00600000000000001 0.024 13.111 0.00199999999999999 13.111 13.963 0.00700000000000001 13.966 13.807 0.003 13.807
0.05 0 0.051 0.019 0.004 0.023 13.178 0.009 13.184 14.109 0.004 14.109 14.031 0 14.028
0.051 0 0.051 0.019 0.004 0.023 13.201 0.008 13.206 14.287 0 14.284 14.141 0 14.138
0.047 0.004 0.051 0.018 0.00600000000000001 0.024 13.263 0.016 13.276 14.356 0.003 14.355 14.336 0 14.333
0.05 0 0.05 0.019 0.004 0.024 13.048 0.012 13.056 13.599 0 13.596 13.421 0 13.419
0.05 0 0.051 0.019 0.004 0.023 12.876 0.007 12.88 13.979 0.007 13.983 13.918 0 13.915
0.051 0.001 0.053 0.022 0.002 0.024 13.381 0.005 13.382 14.38 0.003 14.38 14.272 0 14.268
0.052 0.001 0.053 0.019 0.005 0.023 13.528 0.005 13.529 14.501 0.001 14.499 14.345 0 14.342
0.046 0 0.046 0.018 0.004 0.023 12.099 0.004 12.099 13.426 0.006 13.429 13.376 0.001 13.373
0.049 0.003 0.051 0.018 0.005 0.024 13.284 0.006 13.287 14.331 0.004 14.331 14.26 0 14.258
0.051 0 0.05 0.023 0 0.024 13.282 0.00600000000000001 13.285 14.292 0.004 14.292 14.224 0 14.221
0.05 0 0.05 0.019 0.004 0.024 13.081 0.011 13.088 14.112 0.001 14.11 14.038 0 14.034
0.044 0.00199999999999999 0.046 0.021 0.002 0.023 12.341 0.004 12.342 13.651 0.004 13.653 13.544 0 13.541
0.044 0.002 0.046 0.019 0.003 0.023 13.001 0.011 13.009 14.041 0.001 14.039 13.922 0 13.919
0.047 0 0.047 0.018 0.004 0.023 13.11 0.011 13.117 14.262 0.004 14.262 14.182 0.001 14.18
0.046 0.001 0.047 0.019 0.003 0.022 12.313 0.006 12.315 13.644 0.004 13.646 13.756 0 13.753
0.051 0 0.051 0.023 0 0.023 13.063 0.011 13.071 13.999 0.00600000000000001 14.003 13.96 0 13.956
0.05 0.001 0.05 0.021 0.002 0.024 13.224 0.002 13.222 14.225 0.005 14.227 14.096 0 14.094
0.047 0.001 0.048 0.02 0.003 0.023 13.124 0.004 13.126 14.213 0.006 14.215 14.114 0 14.111
0.047 0.003 0.05 0.019 0.004 0.023 13.212 0.006 13.215 14.244 0.007 14.248 14.121 0.001 14.118
0.043 0.003 0.046 0.017 0.005 0.022 13.007 0.005 13.01 14.096 0.006 14.099 14.017 0 14.014
0.05 0.001 0.051 0.019 0.004 0.023 13.465 0.004 13.466 14.379 0.003 14.379 14.325 0 14.321
0.05 0 0.05 0.022 0.001 0.023 13.206 0.004 13.207 14.221 0.00199999999999999 14.219 14.062 0.001 14.06
0.05 0 0.05 0.02 0.003 0.023 13.078 0.006 13.081 14.079 0.006 14.081 13.978 0 13.975
0.05 0 0.051 0.024 0 0.024 13.121 0.009 13.127 14.119 0.003 14.119 14.061 0 14.058
0.049 0.002 0.051 0.02 0.004 0.023 13.382 0.008 13.387 14.62 0 14.618 14.475 0 14.472
0.05 0 0.05 0.019 0.004 0.023 12.306 0.005 12.306 13.359 0.002 13.365 13.229 0 13.23
0.052 0 0.052 0.021 0.002 0.023 13.157 0.007 13.161 14.189 0.005 14.191 14.089 0 14.093
0.052 0.002 0.053 0.02 0.003 0.023 13.196 0.011 13.204 14.215 0.002 14.214 14.131 0 14.128
0.044 0.000999999999999994 0.047 0.021 0.002 0.022 12.824 0.007 12.828 14.147 0.01 14.154 14.117 0.001 14.114
0.047 0.004 0.051 0.02 0.003 0.023 13.204 0.006 13.207 14.268 0.004 14.268 13.968 0 13.965
0.046 0 0.046 0.02 0.003 0.023 12.189 0.01 12.196 13.649 0.006 13.651 13.573 0 13.571
0.051 0 0.052 0.021 0.003 0.023 13.422 0.009 13.429 14.446 0.001 14.443 14.347 0 14.344
0.048 0.002 0.05 0.021 0.003 0.024 13.063 0.01 13.07 14.148 0.002 14.146 14.111 0 14.108
0.049 0.003 0.051 0.02 0.003 0.023 13.332 0.01 13.34 14.299 0.001 14.296 14.287 0 14.284
0.05 0 0.05 0.023 0 0.024 13.105 0.004 13.106 14.108 0.005 14.113 13.873 0 13.876
0.045 0 0.046 0.018 0.005 0.022 12.265 0.014 12.276 13.628 0.001 13.627 13.535 0 13.532
0.05 0.001 0.05 0.02 0.005 0.025 12.748 0.006 12.752 13.91 0.006 13.913 13.867 0 13.864
0.045 0.00199999999999999 0.047 0.019 0.004 0.022 13.163 0.003 13.163 14.217 0.005 14.22 14.174 0 14.171
0.048 0.003 0.05 0.02 0.003 0.023 12.541 0.01 12.548 13.466 0.002 13.472 13.198 0.001 13.202
0.048 0.002 0.05 0.018 0.005 0.023 13.271 0.013 13.281 14.225 0 14.222 14.164 0 14.161
0.05 0 0.05 0.02 0.004 0.023 13.318 0.007 13.322 14.218 0.00600000000000001 14.221 14.16 0 14.157
0.049 0.002 0.05 0.022 0.00199999999999999 0.023 13.282 0.014 13.295 14.364 0 14.36 14.3 0 14.297
0.049 0.001 0.05 0.022 0.001 0.023 12.941 0.01 12.948 13.951 0.001 13.949 13.88 0 13.877
0.047 0.004 0.051 0.02 0.003 0.023 13.234 0.004 13.236 14.265 0.003 14.265 14.19 0 14.186
0.047 0.003 0.05 0.02 0.004 0.023 13.155 0.004 13.157 14.113 0.006 14.116 14.048 0.001 14.046
0.049 0.001 0.05 0.019 0.004 0.024 13.305 0.002 13.303 14.213 0.007 14.218 14.105 0.003 14.104
0.049 0.001 0.049 0.021 0.002 0.024 13.11 0.005 13.112 14.07 0.006 14.072 14.047 0 14.044
0.049 0.001 0.05 0.021 0.002 0.024 13.078 0.003 13.079 14.102 0.004 14.103 14.017 0 14.012
0.05 0.001 0.051 0.02 0.003 0.023 12.958 0.006 12.961 14.038 0.004 14.04 13.982 0 13.978
0.046 0 0.046 0.019 0.003 0.022 11.993 0.00700000000000001 12.002 13.188 0.003 13.195 13.166 0 13.165
0.047 0.003 0.05 0.021 0.002 0.024 13.293 0.004 13.293 14.259 0.003 14.259 14.087 0 14.086
0.054 0 0.054 0.02 0.003 0.023 13.227 0.004 13.228 14.158 0.005 14.16 14.085 0 14.082
0.05 0.00199999999999999 0.052 0.023 0.001 0.024 13.65 0.007 13.653 14.535 0.003 14.535 14.224 0 14.22
0.053 0 0.053 0.021 0.002 0.023 13.691 0.008 13.696 14.563 0 14.558 14.209 0 14.207
0.049 0.001 0.05 0.02 0.003 0.023 13.139 0.007 13.144 14.2 0.003 14.2 14.099 0 14.095
0.049 0.001 0.051 0.021 0.003 0.023 12.875 0.014 12.887 13.942 0.003 13.942 13.898 0 13.894
0.05 0 0.05 0.022 0.001 0.023 13.187 0.003 13.188 14.2 0.005 14.2 14.109 0 14.106
0.049 0.001 0.05 0.021 0.003 0.023 13.028 0.006 13.033 14.023 0.006 14.025 14.017 0 14.014
0.042 0.003 0.046 0.021 0.001 0.022 12.252 0.012 12.264 13.447 0.007 13.453 13.435 0.001 13.436
0.046 0 0.047 0.019 0.003 0.022 13.032 0.007 13.037 14.231 0.004 14.23 14.04 0 14.037
0.049 0.003 0.052 0.022 0.001 0.023 13.267 0.004 13.267 14.271 0.004 14.272 14.155 0 14.151
0.048 0.003 0.05 0.018 0.005 0.023 13.115 0.007 13.119 14.126 0.00700000000000001 14.13 14.118 0 14.116
0.047 0.004 0.051 0.021 0.002 0.023 12.899 0.005 12.901 13.969 0.00600000000000001 13.973 13.925 0.000999999999999994 13.923
0.049 0.00199999999999999 0.051 0.021 0.002 0.023 13.134 0.009 13.145 14.067 0.004 14.071 14.071 0.005 14.075
0.052 0.001 0.053 0.021 0.002 0.023 13.236 0.009 13.241 14.153 0.004 14.154 14.097 0 14.094
0.05 0.000999999999999994 0.05 0.021 0.002 0.024 13.316 0.003 13.315 14.279 0.009 14.284 14.221 0.001 14.219
0.048 0.002 0.05 0.02 0.003 0.023 13.134 0.005 13.136 14.196 0.005 14.198 14.116 0 14.111
0.046 0 0.046 0.019 0.004 0.023 13.087 0.006 13.09 14.124 0.006 14.127 14.1 0.003 14.1
0.048 0.002 0.051 0.018 0.006 0.023 12.919 0.006 12.93 13.753 0.005 13.757 13.632 0.001 13.635
0.044 0.003 0.047 0.02 0.002 0.022 12.992 0.01 12.999 14.117 0.000999999999999994 14.115 14.034 0.001 14.032
0.045 0.002 0.047 0.022 0.000999999999999994 0.023 13.22 0.011 13.229 14.259 0.003 14.259 14.184 0 14.18
0.048 0.001 0.05 0.021 0.003 0.023 13.157 0.019 13.181 14.121 0.036 14.16 13.891 0.005 13.903
0.05 0 0.051 0.021 0.003 0.023 13.108 0.004 13.109 14.085 0.008 14.091 14.021 0.003 14.02
0.049 0.001 0.05 0.019 0.004 0.023 13.105 0.006 13.108 14.115 0 14.112 14.011 0 14.007
0.042 0.003 0.045 0.021 0.001 0.022 12.218 0.006 12.22 13.566 0.005 13.568 13.518 0 13.516
0.05 0.001 0.05 0.019 0.004 0.024 13.229 0.013 13.238 14.339 0 14.336 14.207 0 14.204
0.051 0 0.05 0.02 0.003 0.023 13.049 0.007 13.053 14.062 0.008 14.066 13.936 0 13.933
0.052 0 0.052 0.022 0.003 0.023 13.289 0.00700000000000001 13.295 14.255 0.00199999999999999 14.254 14.143 0.001 14.14
0.048 0.00199999999999999 0.051 0.022 0.002 0.023 13.028 0.007 13.033 14.02 0.00600000000000001 14.023 13.928 0 13.924
0.047 0.00199999999999999 0.05 0.022 0.002 0.023 12.994 0.007 12.998 14.033 0.005 14.035 13.984 0 13.98
0.047 0.004 0.05 0.02 0.003 0.023 13.124 0.003 13.125 14.026 0.006 14.029 13.99 0 13.987
0.046 0.001 0.047 0.021 0.001 0.022 13.01 0.008 13.015 14.064 0.009 14.07 13.974 0 13.972
0.05 0 0.051 0.022 0.002 0.024 13.386 0.007 13.39 14.428 0.00600000000000001 14.43 14.288 0 14.286
0.048 0.003 0.051 0.022 0.000999999999999994 0.023 12.953 0.00700000000000001 12.961 13.867 0.003 13.874 13.704 0.001 13.706
0.05 0.001 0.051 0.02 0.003 0.023 13.095 0.007 13.1 14.179 0.001 14.176 14.09 0 14.087
0.048 0.002 0.051 0.019 0.005 0.023 13.318 0.005 13.32 14.269 0.004 14.27 14.154 0 14.15
0.045 0.001 0.046 0.019 0.003 0.022 13.134 0.008 13.139 14.23 0.001 14.227 14.223 0 14.22
0.044 0.002 0.046 0.018 0.004 0.022 12.165 0.009 12.171 13.54 0.006 13.543 13.486 0 13.484
0.047 0.001 0.049 0.02 0.005 0.024 13.042 0.006 13.046 13.909 0.004 13.91 13.834 0 13.83
0.049 0.002 0.051 0.021 0.002 0.023 12.942 0.011 12.95 14.04 0 14.037 13.908 0 13.903
0.047 0.003 0.05 0.021 0.002 0.024 13.083 0.006 13.085 14.122 0.00600000000000001 14.125 14.034 0.001 14.031
0.05 0.001 0.05 0.021 0.002 0.024 13.128 0.006 13.131 14.125 0.006 14.128 14.043 0 14.04
0.05 0.001 0.051 0.021 0.002 0.023 13.581 0.01 13.589 14.554 0 14.55 14.51 0 14.506
0.049 0.002 0.051 0.021 0.002 0.023 13.231 0.012 13.24 14.23 0 14.227 14.187 0 14.184
0.048 0.003 0.051 0.021 0.002 0.023 12.923 0.017 12.937 14.028 0.00199999999999999 14.027 13.951 0 13.948
0.047 0.003 0.05 0.022 0.002 0.024 13.294 0.044 13.345 14.294 0.039 14.337 14.249 0.005 14.255
0.051 0 0.051 0.022 0.001 0.024 13.06 0.009 13.065 14.191 0.001 14.19 14.07 0 14.067
0.049 0.001 0.05 0.021 0.002 0.023 13.005 0.003 13.006 14.165 0.004 14.166 13.983 0.001 13.98
0.051 0 0.05 0.018 0.005 0.023 13.239 0.005 13.241 14.284 0.005 14.285 14.216 0 14.213
0.045 0.001 0.046 0.02 0.002 0.022 12.423 0.01 12.43 13.815 0.001 13.814 13.698 0 13.699
0.043 0.003 0.046 0.022 0.001 0.023 12.88 0.01 12.887 14.043 0 14.04 13.973 0.001 13.971
0.044 0.002 0.047 0.022 0.001 0.022 13.13 0.015 13.143 14.137 0.002 14.141 13.834 0 13.835
0.047 0 0.048 0.021 0.00199999999999999 0.022 13.045 0.005 13.048 14.103 0.007 14.109 14.098 0 14.096
0.048 0.00199999999999999 0.051 0.019 0.004 0.023 13.244 0.006 13.248 14.301 0.005 14.301 14.16 0 14.158
0.048 0.00199999999999999 0.05 0.018 0.005 0.023 13.062 0.004 13.064 14.056 0.005 14.058 14.033 0 14.029
0.047 0.004 0.05 0.02 0.003 0.024 13.194 0.008 13.198 14.243 0.001 14.242 14.169 0 14.165
0.051 0 0.051 0.021 0.00199999999999999 0.024 13.079 0.005 13.08 14.185 0.007 14.19 14.043 0 14.04
0.047 0.003 0.051 0.019 0.004 0.023 12.871 0.002 12.871 14.001 0.000999999999999994 13.998 13.912 0 13.909
0.045 0.001 0.047 0.022 0.001 0.023 13.027 0.01 13.034 14.232 0.001 14.23 14.083 0 14.079
0.043 0.003 0.047 0.021 0.00199999999999999 0.023 13.003 0.014 13.017 14.155 0.00699999999999999 14.166 14.067 0.002 14.069
0.045 0.001 0.046 0.019 0.004 0.023 13.078 0.002 13.077 14.106 0.008 14.111 14.041 0 14.038
0.049 0.002 0.05 0.018 0.005 0.024 13.101 0.00799999999999999 13.106 14.161 0.00600000000000001 14.164 14.086 0 14.082
0.044 0.00199999999999999 0.046 0.017 0.005 0.022 13.084 0.003 13.084 14.116 0.004 14.116 14.049 0 14.046
0.053 0.001 0.053 0.023 0.001 0.024 13.286 0.005 13.29 13.623 0.009 13.628 13.544 0 13.541
0.042 0.003 0.045 0.018 0.005 0.022 12.277 0.008 12.282 13.66 0.004 13.662 13.531 0.001 13.529
0.045 0.001 0.046 0.019 0.004 0.023 12.98 0.007 12.984 14.077 0.007 14.081 13.999 0 13.995
0.051 0 0.051 0.021 0.00199999999999999 0.023 13.279 0.005 13.281 14.345 0.000999999999999994 14.342 14.156 0 14.153
0.05 0 0.05 0.018 0.005 0.023 12.965 0.013 12.976 14.151 0.002 14.15 14.039 0 14.036
0.049 0.002 0.051 0.021 0.002 0.023 13.262 0.007 13.266 14.375 0.004 14.376 14.346 0 14.341
0.047 0.002 0.05 0.02 0.004 0.023 13.124 0.016 13.137 14.19 0.001 14.189 14.03 0 14.026
0.051 0 0.051 0.021 0.002 0.023 13.088 0.004 13.091 14.18 0.003 14.178 14.123 0 14.12
0.05 0.000999999999999994 0.05 0.018 0.005 0.023 13.075 0.005 13.077 14.159 0.004 14.16 14.018 0 14.015
0.049 0.00199999999999999 0.05 0.021 0.002 0.024 12.791 0.011 12.798 13.947 0.006 13.95 13.854 0 13.851
0.05 0.001 0.05 0.02 0.003 0.024 13.286 0.007 13.29 14.333 0.01 14.34 14.269 0 14.265
0.05 0.002 0.051 0.022 0.001 0.023 13.826 0.013 13.837 14.826 0 14.823 14.765 0 14.76
0.044 0.003 0.047 0.02 0.003 0.023 12.45 0.005 12.452 13.868 0.006 13.872 13.798 0 13.795
0.051 0 0.051 0.019 0.004 0.023 13.18 0.008 13.191 14.234 0.014 14.25 14.237 0.018 14.256
0.048 0.00199999999999999 0.05 0.021 0.002 0.023 13.13 0.008 13.135 14.517 0.001 14.515 14.377 0 14.374
0.05 0.001 0.051 0.019 0.004 0.023 13.031 0.005 13.033 14.06 0.006 14.063 13.981 0.001 13.978
0.043 0.003 0.046 0.018 0.004 0.022 12.145 0.00600000000000001 12.148 13.526 0.005 13.528 13.718 0 13.716
0.046 0 0.046 0.02 0.002 0.022 12.16 0.004 12.161 13.501 0.006 13.504 13.447 0 13.445
0.049 0.002 0.05 0.019 0.004 0.023 13.13 0.007 13.135 14.265 0 14.262 14.191 0 14.187
0.05 0 0.05 0.018 0.006 0.024 13.063 0.003 13.063 14.064 0.004 14.064 13.972 0 13.969
0.05 0 0.05 0.022 0.001 0.023 13.108 0.013 13.119 14.085 0.001 14.083 14.03 0 14.027
0.05 0.001 0.05 0.02 0.003 0.023 12.984 0.006 12.987 14.03 0.006 14.033 13.953 0 13.949
0.047 0.004 0.051 0.022 0.001 0.024 13.492 0.008 13.496 14.43 0.007 14.435 14.386 0 14.384
0.049 0.001 0.05 0.02 0.003 0.023 12.911 0.004 12.913 13.985 0.005 13.99 13.706 0 13.711
0.049 0.002 0.05 0.017 0.00600000000000001 0.023 12.574 0.005 12.576 13.565 0.006 13.569 13.494 0 13.491
0.05 0.001 0.051 0.02 0.003 0.023 13.419 0.003 13.419 14.485 0.007 14.487 14.376 0 14.374
0.046 0 0.046 0.022 0.001 0.023 13.371 0.006 13.374 14.517 0.004 14.518 14.306 0 14.312
0.048 0.002 0.05 0.021 0.003 0.023 12.898 0.007 12.902 14.042 0.005 14.045 13.994 0 13.991
0.049 0.002 0.051 0.021 0.002 0.024 13.252 0.012 13.26 14.269 0.005 14.27 14.197 0 14.195
0.049 0.002 0.051 0.022 0.001 0.023 13.109 0.005 13.111 14.233 0.012 14.242 14.152 0 14.149
0.051 0 0.05 0.02 0.003 0.024 13.059 0.01 13.066 14.203 0 14.2 14.109 0 14.106
0.046 0.002 0.048 0.022 0.001 0.023 13.096 0.014 13.106 14.105 0 14.103 14.013 0 14.01
0.048 0.00199999999999999 0.05 0.02 0.004 0.024 13.172 0.004 13.177 14.258 0.003 14.258 14.182 0 14.178
0.046 0.004 0.05 0.019 0.004 0.024 13.074 0.016 13.086 14.243 0.001 14.242 14.125 0 14.121
0.05 0.001 0.051 0.019 0.004 0.024 13.165 0.012 13.173 14.257 0 14.254 14.072 0 14.069
0.051 0.000999999999999994 0.052 0.018 0.005 0.023 13.371 0.007 13.375 14.368 0.003 14.368 14.263 0 14.259
0.046 0 0.046 0.022 0 0.022 12.163 0.004 12.164 13.544 0.004 13.545 13.509 0 13.507
0.048 0.003 0.051 0.019 0.004 0.023 13.227 0.003 13.227 14.212 0.005 14.214 14.127 0 14.123
0.045 0.000999999999999994 0.045 0.02 0.004 0.024 12.056 0.003 12.057 13.271 0.006 13.273 13.219 0 13.217
0.05 0.001 0.052 0.021 0.003 0.023 13.528 0.007 13.532 14.553 0.003 14.552 14.473 0 14.47
0.049 0.00199999999999999 0.052 0.016 0.00700000000000001 0.023 13.32 0.008 13.325 14.362 0.005 14.363 14.252 0 14.247
0.051 0.001 0.05 0.022 0.001 0.024 13 0.004 13.002 14.129 0.002 14.127 13.962 0 13.959
0.045 0.001 0.046 0.018 0.004 0.023 13.153 0.00600000000000001 13.157 14.248 0.002 14.246 14.152 0 14.148
0.049 0.001 0.051 0.021 0.003 0.023 12.948 0.00600000000000001 12.952 14.026 0.003 14.027 14.004 0.002 14.001
0.049 0.001 0.05 0.019 0.004 0.023 13.114 0.012 13.123 14.175 0.000999999999999994 14.173 14.075 0 14.072
0.045 0.001 0.046 0.019 0.003 0.022 12.232 0.005 12.234 13.596 0.003 13.596 13.772 0.001 13.771
0.049 0.002 0.052 0.021 0.002 0.023 13.969 0.005 13.971 14.91 0.008 14.914 14.839 0 14.836
0.046 0.004 0.05 0.018 0.005 0.024 13.115 0.006 13.118 14.151 0.006 14.152 14.062 0 14.059
0.048 0.002 0.05 0.021 0.003 0.023 13.098 0.007 13.103 14.072 0.005 14.074 14.109 0.001 14.106
0.051 0 0.051 0.019 0.004 0.023 13.205 0.00700000000000001 13.209 14.274 0.007 14.278 14.235 0 14.231
0.049 0.002 0.051 0.022 0.000999999999999994 0.023 12.891 0.005 12.892 13.952 0.009 13.959 13.935 0 13.931
0.051 0 0.051 0.019 0.005 0.023 13.216 0.006 13.22 14.236 0.005 14.237 14.153 0 14.15
0.049 0.001 0.05 0.021 0.002 0.023 12.84 0.011 12.848 13.961 0.001 13.96 13.897 0 13.893
0.046 0.004 0.049 0.016 0.007 0.023 13.103 0.005 13.105 14.15 0.00600000000000001 14.153 14.067 0 14.064
0.045 0.001 0.047 0.022 0.001 0.022 13.135 0.015 13.147 14.189 0.001 14.187 14.141 0 14.137
0.05 0 0.05 0.02 0.003 0.024 12.53 0.003 12.529 13.487 0.00700000000000001 13.492 13.413 0 13.411
0.05 0 0.051 0.019 0.005 0.023 13.077 0.003 13.078 14.105 0.009 14.11 14.021 0 14.018
0.045 0.001 0.045 0.018 0.004 0.023 12.302 0.006 12.305 13.64 0.003 13.64 13.581 0 13.579
0.05 0 0.05 0.019 0.004 0.024 13.138 0.007 13.141 14.232 0.008 14.238 14.128 0 14.124
0.049 0.001 0.051 0.019 0.004 0.023 12.868 0.002 12.866 13.954 0.006 13.957 13.885 0 13.881
0.049 0.002 0.051 0.02 0.003 0.023 12.951 0.008 12.956 13.998 0.003 13.997 13.918 0 13.915
0.049 0.002 0.051 0.021 0.002 0.023 13.261 0.003 13.261 14.252 0.007 14.256 14.206 0.001 14.204
0.05 0.000999999999999994 0.05 0.022 0.001 0.024 13.023 0.00600000000000001 13.026 14.137 0.003 14.137 13.994 0 13.991
0.05 0.001 0.05 0.021 0.002 0.024 13.026 0.005 13.027 14.048 0.005 14.05 13.972 0 13.97
0.05 0.001 0.051 0.018 0.005 0.023 13.321 0.008 13.326 14.341 0.005 14.343 14.26 0 14.258
0.046 0.001 0.047 0.019 0.004 0.023 12.515 0.01 12.521 13.713 0.001 13.713 13.676 0 13.673
0.05 0.001 0.051 0.022 0.000999999999999994 0.023 13.494 0.011 13.502 14.613 0 14.609 14.497 0 14.494
0.045 0.001 0.046 0.021 0.002 0.022 12.853 0.00199999999999999 12.853 13.961 0.009 13.966 13.863 0.001 13.86
0.049 0.001 0.051 0.02 0.003 0.023 13.244 0.01 13.251 14.281 0.003 14.281 14.2 0 14.196
0.046 0.001 0.048 0.023 0 0.022 12.966 0.006 12.969 14.134 0.006 14.137 14.098 0 14.094
0.046 0 0.046 0.021 0.003 0.024 12.948 0.00600000000000001 12.951 13.991 0.004 13.992 13.981 0 13.978
0.051 0 0.051 0.022 0.002 0.024 13.26 0.012 13.269 14.324 0.001 14.322 14.204 0 14.2
0.045 0.001 0.046 0.021 0.001 0.023 12.87 0.008 12.874 13.977 0.003 13.977 13.916 0.001 13.915
0.049 0.001 0.049 0.02 0.003 0.023 13.108 0.005 13.11 14.13 0.009 14.136 14.077 0 14.074
0.049 0.002 0.051 0.019 0.004 0.023 13.462 0.007 13.466 14.411 0.007 14.413 14.397 0.002 14.397
0.043 0.003 0.046 0.02 0.003 0.023 13.184 0.003 13.184 14.26 0.004 14.261 14.177 0.001 14.175
0.043 0.003 0.046 0.021 0.002 0.023 12.237 0.007 12.241 13.582 0.003 13.582 13.682 0 13.68
0.049 0.001 0.051 0.021 0.003 0.023 13.185 0.005 13.187 14.194 0.004 14.195 14.112 0.003 14.111
0.042 0.003 0.046 0.021 0.002 0.022 12.299 0.003 12.3 13.64 0.00600000000000001 13.643 13.56 0 13.558
0.049 0.000999999999999994 0.05 0.017 0.00600000000000001 0.024 13.015 0.005 13.017 14.096 0.01 14.103 14.026 0 14.023
0.051 0 0.051 0.02 0.003 0.023 12.992 0.006 12.996 14.089 0.003 14.088 13.967 0.001 13.965
0.05 0.001 0.051 0.02 0.003 0.023 13.199 0.009 13.204 14.17 0.004 14.17 14.178 0 14.175
0.049 0.002 0.051 0.021 0.002 0.023 12.893 0.006 12.896 14.032 0.00600000000000001 14.036 13.883 0.00499999999999999 13.884
0.047 0.003 0.05 0.017 0.006 0.023 12.91 0.006 12.913 14.013 0.00700000000000001 14.017 13.918 0 13.915
0.05 0.001 0.05 0.019 0.004 0.024 13.145 0.00899999999999999 13.151 14.181 0.003 14.181 14.099 0.001 14.097
0.045 0.001 0.045 0.021 0.001 0.023 12.088 0.011 12.096 13.432 0 13.429 13.367 0 13.364
0.049 0.001 0.05 0.02 0.003 0.023 12.914 0.007 12.917 13.988 0 13.986 13.906 0 13.903
0.049 0.001 0.051 0.019 0.005 0.024 13.032 0.012 13.041 14.12 0.002 14.119 14.047 0 14.044
0.05 0.000999999999999994 0.05 0.021 0.002 0.024 13.007 0.008 13.012 14.08 0.00800000000000001 14.084 13.959 0 13.956
0.049 0.002 0.05 0.023 0 0.024 13.145 0.007 13.148 14.235 0.008 14.241 14.202 0 14.198
0.044 0.00199999999999999 0.045 0.019 0.003 0.023 13.24 0.006 13.243 14.334 0.008 14.337 14.276 0 14.273
0.049 0.001 0.05 0.02 0.003 0.024 13.068 0.003 13.068 14.053 0.011 14.061 14.015 0.001 14.012
0.049 0.002 0.051 0.021 0.002 0.023 13.357 0.004 13.358 14.316 0.00600000000000001 14.318 14.214 0.002 14.213
0.044 0.00199999999999999 0.046 0.019 0.003 0.022 12.293 0.003 12.294 13.761 0.003 13.762 13.738 0.003 13.737
0.047 0.003 0.05 0.019 0.005 0.023 13.232 0.009 13.238 14.288 0.002 14.288 14.206 0 14.203
0.046 0.001 0.046 0.018 0.004 0.023 12.205 0.00600000000000001 12.207 13.558 0.006 13.562 13.708 0 13.705
0.046 0.004 0.05 0.022 0.001 0.024 12.982 0.008 12.986 14.088 0.00899999999999999 14.095 13.935 0 13.931
0.047 0.003 0.05 0.021 0.003 0.023 13.026 0.013 13.037 14.101 0.003 14.101 14.038 0 14.035
0.05 0 0.05 0.021 0.00199999999999999 0.023 13.046 0.007 13.051 14.066 0.011 14.073 13.96 0 13.957
0.05 0.001 0.051 0.022 0.002 0.024 13.154 0.009 13.16 14.263 0.011 14.271 14.208 0.001 14.205
0.051 0 0.051 0.022 0.001 0.023 12.836 0.008 12.84 13.864 0.008 13.869 13.876 0.001 13.875
0.049 0.001 0.05 0.022 0.002 0.024 13.092 0.004 13.093 14.127 0.009 14.133 14.044 0.001 14.041
0.045 0.001 0.046 0.022 0.001 0.022 13.155 0.005 13.158 14.248 0.00600000000000001 14.251 14.153 0 14.149
0.049 0.002 0.05 0.022 0.001 0.023 12.957 0.012 12.966 14.018 0.001 14.017 13.986 0 13.983
0.045 0.001 0.046 0.019 0.003 0.023 12.318 0.012 12.326 13.47 0 13.475 13.213 0 13.215
0.05 0 0.05 0.022 0.001 0.023 12.968 0.005 12.97 13.981 0.002 13.98 13.898 0 13.895
0.046 0.001 0.047 0.02 0.002 0.022 12.9 0.006 12.903 14.055 0.007 14.059 13.986 0 13.982
0.046 0.001 0.046 0.019 0.004 0.023 13.329 0.007 13.333 14.372 0.003 14.372 14.31 0 14.306
0.048 0.002 0.051 0.022 0.00199999999999999 0.024 13.33 0.00700000000000001 13.334 14.38 0.00899999999999999 14.385 14.281 0 14.278
0.046 0 0.046 0.021 0.00199999999999999 0.023 12.211 0.005 12.212 13.53 0.006 13.533 13.501 0 13.499
0.05 0 0.05 0.019 0.005 0.024 13.36 0.007 13.365 14.34 0.004 14.339 14.246 0 14.243
0.045 0.001 0.046 0.02 0.002 0.023 13.104 0.007 13.108 14.171 0.011 14.178 14.113 0 14.111
0.042 0.003 0.046 0.02 0.003 0.022 13.039 0.01 13.047 14.036 0.005 14.037 14.008 0 14.005
0.05 0.000999999999999994 0.051 0.021 0.002 0.023 13.168 0.005 13.171 14.286 0.00600000000000001 14.288 14.171 0 14.168
0.05 0 0.051 0.023 0 0.023 12.695 0.012 12.703 13.592 0.002 13.591 13.55 0 13.547
0.049 0.001 0.05 0.02 0.003 0.023 13.096 0.005 13.099 14.056 0.005 14.057 14.014 0 14.01
0.051 0.001 0.051 0.022 0.001 0.024 13.26 0.016 13.272 14.297 0 14.295 14.176 0 14.173
0.049 0.00199999999999999 0.051 0.023 0.001 0.023 13.107 0.008 13.112 14.205 0.004 14.207 14.079 0.001 14.075
0.046 0.002 0.049 0.021 0.000999999999999994 0.022 13.079 0.014 13.089 14.117 0.003 14.118 14.046 0 14.043
0.05 0 0.051 0.023 0.001 0.023 13.192 0.004 13.193 14.196 0.006 14.2 14.095 0.002 14.093
0.048 0.002 0.051 0.021 0.002 0.023 12.801 0.006 12.805 13.928 0.005 13.929 13.873 0.001 13.87
0.047 0.002 0.05 0.02 0.003 0.023 13.1 0.007 13.106 14.061 0.01 14.066 14.058 0 14.055
0.049 0.002 0.05 0.022 0.001 0.024 12.595 0.008 12.599 13.703 0 13.702 13.486 0 13.485
0.051 0.000999999999999994 0.051 0.017 0.00600000000000001 0.023 13.374 0.003 13.374 14.437 0.00600000000000001 14.44 14.28 0 14.276
0.042 0.004 0.046 0.019 0.003 0.022 12.145 0.00600000000000001 12.147 13.524 0.006 13.527 13.447 0 13.445
0.048 0.002 0.051 0.023 0.001 0.023 12.987 0.009 12.994 14.139 0.004 14.14 14.049 0 14.046
0.048 0.003 0.051 0.019 0.004 0.023 13.147 0.007 13.151 14.237 0.001 14.235 14.106 0 14.103
0.046 0 0.047 0.02 0.003 0.023 13.062 0.00600000000000001 13.064 14.078 0.004 14.08 14.018 0 14.014
