0.044 0.002 0.046 0.017 0.00199999999999999 0.019 11.396 0.009 11.402 12.161 0 12.159 12.103 0 12.1
0.042 0.004 0.047 0.018 0 0.018 11.278 0.013 11.287 11.982 0 11.979 11.939 0 11.937
0.045 0.001 0.046 0.017 0.001 0.019 11.123 0.012 11.131 11.894 0 11.891 11.829 0 11.827
0.038 0.004 0.042 0.016 0.002 0.018 11.269 0.01 11.276 12.143 0 12.141 11.935 0 11.932
0.045 0.00199999999999999 0.047 0.016 0.002 0.018 11.49 0.007 11.493 12.198 0 12.196 12.219 0 12.216
0.041 0.005 0.046 0.018 0 0.018 11.35 0.009 11.355 12.06 0.001 12.059 12.072 0 12.069
0.04 0.001 0.041 0.016 0.00199999999999999 0.018 10.747 0.015 10.759 11.634 0.000999999999999994 11.633 11.575 0 11.573
0.044 0.003 0.046 0.018 0 0.018 11.427 0.012 11.436 12.207 0 12.205 12.085 0 12.084
0.044 0.003 0.047 0.018 0.000999999999999994 0.018 11.182 0.012 11.191 11.942 0 11.94 11.872 0 11.869
0.043 0.003 0.045 0.016 0.002 0.019 11.179 0.011 11.186 11.955 0 11.953 11.914 0 11.911
0.043 0.003 0.046 0.017 0.002 0.018 11.262 0.011 11.269 12.008 0 12.005 11.972 0 11.971
0.044 0.002 0.046 0.017 0.001 0.018 11.159 0.009 11.165 11.929 0 11.926 11.826 0 11.824
0.044 0.003 0.046 0.017 0.002 0.019 11.557 0.00600000000000001 11.559 12.242 0.000999999999999994 12.241 12.239 0 12.237
0.044 0.00199999999999999 0.046 0.017 0.001 0.018 11.252 0.014 11.262 12.009 0.002 12.009 11.954 0 11.951
0.042 0.004 0.045 0.014 0.004 0.019 11.155 0.016 11.167 11.905 0 11.903 11.84 0.001 11.839
0.038 0.004 0.042 0.018 0 0.018 11.341 0.00899999999999999 11.347 12.28 0 12.278 12.182 0 12.18
0.046 0.003 0.049 0.017 0.001 0.019 11.388 0.012 11.396 12.241 0 12.24 12.09 0 12.087
0.046 0.001 0.046 0.017 0.001 0.019 11.294 0.01 11.301 12.059 0.001 12.057 12.007 0 12.005
0.042 0.004 0.046 0.017 0.001 0.018 11.375 0.011 11.383 12.143 0 12.14 12.131 0 12.127
0.047 0 0.047 0.017 0.002 0.019 11.968 0.014 11.979 12.705 0 12.702 12.537 0 12.535
0.042 0.004 0.045 0.018 0 0.019 11.224 0.01 11.23 11.994 0 11.991 11.953 0 11.952
0.041 0.001 0.043 0.016 0.002 0.017 11.225 0.012 11.235 11.969 0.001 11.966 12.017 0 12.015
0.042 0.002 0.045 0.018 0.000999999999999994 0.019 11.617 0.00700000000000001 11.623 12.109 0 12.114 11.953 0 11.956
0.041 0.004 0.045 0.019 0 0.019 11.214 0.014 11.225 11.979 0 11.977 11.937 0 11.934
0.044 0.002 0.046 0.018 0.001 0.018 11.231 0.009 11.237 11.963 0.001 11.962 11.975 0 11.973
0.042 0.006 0.048 0.017 0.001 0.018 11.237 0.00899999999999999 11.242 12.007 0.001 12.006 11.858 0 11.86
0.044 0.004 0.0479999999999998 0.018 0 0.018 11.119 0.013 11.13 11.864 0 11.862 11.819 0 11.816
0.044 0.002 0.046 0.016 0.00199999999999999 0.019 11.14 0.012 11.15 11.97 0 11.968 11.913 0 11.91
0.039 0.003 0.042 0.018 0 0.018 10.495 0.005 10.497 11.958 0.003 11.958 11.929 0 11.927
0.043 0.004 0.047 0.017 0.000999999999999994 0.018 12.282 0.01 12.288 13.153 0 13.15 12.479 0 12.477
0.044 0.00199999999999999 0.046 0.019 0 0.019 11.2 0.007 11.204 12.028 0 12.026 11.998 0 11.995
0.042 0.004 0.046 0.017 0.001 0.018 11.815 0.008 11.82 12.435 0 12.432 12.374 0 12.371
0.043 0.003 0.046 0.015 0.003 0.018 11.077 0.01 11.084 11.829 0 11.827 11.787 0 11.784
0.044 0.003 0.047 0.018 0 0.018 12.35 0.023 12.384 13.15 0.00499999999999999 13.166 12.969 0.021 13.008
0.042 0.004 0.046 0.016 0.00199999999999999 0.018 11.348 0.008 11.353 12.094 0 12.092 12.051 0 12.049
0.044 0.002 0.046 0.017 0.002 0.018 11.439 0.016 11.453 12.244 0.001 12.242 12.151 0 12.149
0.043 0.004 0.047 0.018 0 0.019 11.293 0.01 11.299 11.963 0 11.961 11.93 0 11.928
0.043 0.003 0.047 0.016 0.002 0.018 11.512 0.011 11.519 12.324 0 12.322 12.214 0 12.211
0.043 0.002 0.046 0.017 0.001 0.018 11.208 0.012 11.217 11.95 0 11.947 11.825 0 11.824
0.041 0.004 0.046 0.017 0.003 0.018 11.583 0.009 11.589 12.3 0 12.299 12.209 0 12.205
0.041 0.000999999999999994 0.043 0.017 0.001 0.017 11.15 0.019 11.167 11.863 0 11.861 11.785 0.001 11.784
0.043 0.003 0.046 0.016 0.002 0.018 11.239 0.008 11.244 11.97 0 11.968 11.931 0 11.928
0.043 0.003 0.046 0.015 0.003 0.018 11.261 0.007 11.266 12.089 0 12.085 12.046 0 12.045
0.04 0.002 0.042 0.017 0.001 0.017 11.587 0.008 11.592 12.363 0 12.361 12.159 0 12.155
0.04 0.006 0.046 0.016 0.002 0.019 11.24 0.009 11.245 12.125 0 12.123 11.923 0 11.92
0.04 0.006 0.045 0.017 0.001 0.019 11.118 0.01 11.125 11.91 0 11.906 11.778 0 11.777
0.043 0.003 0.046 0.015 0.003 0.018 11.286 0.009 11.299 11.639 0 11.641 11.416 0 11.421
0.045 0.00199999999999999 0.047 0.017 0.001 0.018 11.51 0.014 11.521 12.281 0 12.279 12.202 0 12.2
0.045 0.001 0.046 0.015 0.003 0.018 11.297 0.006 11.3 11.989 0.005 11.992 11.921 0 11.92
0.042 0.004 0.046 0.018 0.001 0.018 12.373 0.011 12.38 13.192 0 13.189 12.98 0 12.977
0.045 0.000999999999999994 0.046 0.015 0.003 0.019 11.35 0.011 11.357 11.946 0 11.943 12.032 0 12.03
0.045 0.00199999999999999 0.047 0.018 0 0.019 11.489 0.014 11.5 12.304 0 12.301 12.194 0 12.192
0.042 0.004 0.046 0.016 0.002 0.019 11.119 0.013 11.128 11.863 0 11.86 11.881 0 11.878
0.04 0.002 0.042 0.015 0.003 0.018 11.196 0.008 11.201 11.902 0 11.899 11.873 0 11.87
0.041 0.005 0.047 0.017 0.001 0.018 11.34 0.009 11.345 12.016 0 12.015 12.005 0 12.001
0.043 0.003 0.046 0.016 0.002 0.018 11.103 0.012 11.113 11.883 0 11.881 11.756 0 11.754
0.046 0.002 0.048 0.018 0.001 0.019 11.368 0.015 11.38 12.123 0 12.121 12.157 0 12.154
0.041 0.002 0.043 0.017 0.000999999999999994 0.018 10.95 0.008 10.955 11.809 0.001 11.808 11.737 0 11.734
0.043 0.004 0.047 0.017 0.001 0.019 11.535 0.011 11.542 12.291 0 12.288 12.167 0 12.166
0.044 0.003 0.046 0.017 0.001 0.018 11.252 0.018 11.268 11.98 0 11.977 11.906 0 11.904
0.043 0.003 0.046 0.014 0.004 0.018 11.194 0.013 11.204 11.929 0 11.927 11.887 0 11.884
0.044 0.002 0.047 0.016 0.002 0.018 11.237 0.005 11.239 11.998 0.001 11.997 11.918 0 11.914
0.043 0.002 0.045 0.016 0.003 0.019 11.249 0.013 11.258 11.895 0 11.893 11.849 0 11.847
0.043 0.002 0.046 0.017 0.001 0.018 11.329 0.01 11.336 11.986 0 11.983 11.911 0 11.909
0.044 0.003 0.046 0.016 0.002 0.019 11.734 0.01 11.74 12.433 0 12.43 12.43 0 12.428
0.043 0.002 0.045 0.017 0.00199999999999999 0.019 11.809 0.01 11.816 12.581 0 12.578 12.485 0 12.483
0.044 0.003 0.047 0.017 0.001 0.019 11.58 0.007 11.583 12.304 0 12.302 12.244 0 12.242
0.044 0.00199999999999999 0.046 0.017 0.002 0.019 11.218 0.009 11.224 12.034 0.001 12.032 11.937 0 11.935
0.043 0.003 0.046 0.017 0.001 0.019 11.406 0.00899999999999999 11.412 12.147 0.003 12.146 12.065 0 12.063
0.045 0.001 0.046 0.018 0 0.018 11.152 0.015 11.162 11.746 0 11.745 11.692 0 11.69
0.045 0.001 0.046 0.018 0.000999999999999994 0.019 11.239 0.019 11.255 12.022 0 12.02 11.958 0 11.956
0.04 0.006 0.046 0.018 0 0.018 11.542 0.009 11.548 12.144 0.001 12.142 12.177 0 12.174
0.038 0.005 0.042 0.016 0.000999999999999994 0.018 11.068 0.011 11.076 11.852 0 11.85 11.786 0 11.785
0.04 0.005 0.046 0.018 0 0.018 11.254 0.01 11.261 11.991 0 11.988 11.92 0 11.917
0.04 0.00600000000000001 0.046 0.017 0.001 0.019 11.558 0.01 11.564 12.316 0.001 12.314 12.224 0 12.222
0.042 0.001 0.042 0.016 0.001 0.018 11.728 0.013 11.737 12.497 0 12.495 12.373 0 12.371
0.041 0.001 0.042 0.017 0.001 0.018 10.783 0.013 10.804 11.758 0.004 11.774 11.668 0.004 11.687
0.036 0.006 0.043 0.016 0.001 0.017 11.025 0.016 11.038 12.343 0 12.34 12.237 0 12.235
0.045 0.001 0.046 0.019 0 0.018 11.356 0.00899999999999999 11.363 12.05 0 12.046 11.668 0 11.665
0.046 0.001 0.047 0.018 0.001 0.018 11.494 0.007 11.499 12.233 0 12.229 12.199 0 12.197
0.041 0.006 0.047 0.016 0.002 0.018 12.365 0.011 12.373 13.118 0.001 13.116 12.911 0 12.908
0.038 0.007 0.045 0.016 0.003 0.019 11.086 0.016 11.105 11.636 0 11.637 11.471 0 11.472
0.044 0.004 0.048 0.016 0.00199999999999999 0.019 11.125 0.011 11.131 11.895 0 11.893 11.808 0 11.806
0.04 0.003 0.043 0.017 0.001 0.018 11.217 0.01 11.224 12.055 0 12.053 11.89 0 11.886
0.038 0.004 0.042 0.016 0.002 0.017 11.137 0.005 11.139 11.915 0 11.913 11.878 0 11.876
0.044 0.001 0.046 0.017 0.001 0.019 11.365 0.019 11.38 12.14 0 12.137 12.063 0 12.061
0.044 0.003 0.047 0.018 0.001 0.018 11.213 0.007 11.218 11.967 0 11.963 11.897 0 11.894
0.043 0.00199999999999999 0.045 0.016 0.003 0.019 11.16 0.01 11.167 11.901 0 11.9 11.849 0 11.847
0.048 0 0.048 0.019 0 0.019 11.435 0.012 11.444 12.151 0 12.149 12.099 0 12.096
0.035 0.008 0.043 0.017 0 0.018 11.253 0.012 11.261 12.308 0 12.307 12.262 0 12.258
0.045 0.001 0.046 0.018 0.001 0.018 11.004 0.009 11.009 12.035 0 12.033 12.001 0 11.998
0.045 0.001 0.047 0.016 0.00199999999999999 0.018 11.231 0.013 11.242 12.032 0.00199999999999999 12.032 11.98 0 11.977
0.043 0.004 0.046 0.015 0.003 0.019 11.53 0.009 11.536 12.113 0 12.114 11.979 0 11.981
0.039 0.003 0.042 0.016 0.002 0.017 11.236 0.014 11.247 11.953 0.002 11.952 11.94 0.001 11.939
0.044 0.002 0.046 0.017 0.001 0.018 11.692 0.013 11.701 12.485 0 12.483 12.35 0 12.354
0.038 0.004 0.042 0.015 0.003 0.017 11.178 0.005 11.181 11.953 0.002 11.952 11.877 0 11.875
0.044 0.004 0.047 0.017 0.001 0.019 11.573 0.011 11.581 12.169 0.001 12.167 12.151 0 12.149
0.042 0.004 0.046 0.018 0.000999999999999994 0.018 11.143 0.011 11.151 11.895 0 11.894 11.832 0 11.829
0.04 0.006 0.046 0.017 0.001 0.019 11.517 0.017 11.531 12.329 0 12.327 12.236 0 12.233
0.04 0.003 0.043 0.016 0.002 0.018 10.899 0.014 10.911 11.764 0.001 11.762 11.684 0 11.682
0.044 0.000999999999999994 0.045 0.016 0.002 0.018 11.052 0.013 11.062 11.81 0 11.807 11.759 0 11.757
0.044 0.002 0.046 0.018 0 0.018 11.053 0.01 11.059 11.743 0 11.741 11.618 0 11.617
0.042 0.004 0.046 0.015 0.003 0.018 11.428 0.012 11.438 12.037 0 12.034 12.102 0 12.1
0.043 0.003 0.047 0.016 0.00199999999999999 0.018 11.401 0.007 11.405 11.994 0 11.991 12.079 0 12.076
0.042 0.003 0.046 0.019 0 0.018 11.41 0.012 11.419 12.03 0.001 12.028 11.929 0 11.927
0.045 0.001 0.046 0.015 0.003 0.018 11.136 0.008 11.141 11.904 0 11.901 11.848 0 11.846
0.04 0.002 0.042 0.012 0.005 0.017 11.004 0.014 11.015 11.808 0 11.805 11.746 0 11.743
0.045 0.001 0.047 0.016 0.002 0.018 11.192 0.011 11.201 11.871 0 11.869 11.853 0 11.851
0.047 0.001 0.049 0.018 0.001 0.018 11.251 0.012 11.261 12.014 0 12.011 11.972 0 11.971
0.045 0.001 0.046 0.017 0.002 0.019 11.388 0.012 11.396 12.15 0 12.148 12.129 0 12.128
0.042 0.003 0.046 0.018 0.001 0.019 11.393 0.01 11.4 12.185 0.001 12.182 12.136 0 12.134
0.041 0.004 0.046 0.018 0.000999999999999994 0.019 11.504 0.015 11.515 12.276 0.000999999999999994 12.274 12.077 0 12.074
0.045 0 0.046 0.017 0.002 0.018 11.172 0.012 11.181 11.905 0 11.902 11.884 0 11.882
0.046 0.00199999999999999 0.049 0.017 0.002 0.019 11.454 0.008 11.458 12.217 0 12.215 12.113 0 12.111
0.041 0.004 0.045 0.018 0 0.018 11.225 0.012 11.234 11.923 0.001 11.922 11.891 0 11.888
0.042 0.004 0.046 0.016 0.002 0.018 10.996 0.012 11.006 11.774 0 11.772 11.742 0 11.74
0.039 0.003 0.042 0.018 0 0.018 11.341 0.011 11.348 12.064 0 12.062 11.979 0 11.977
0.036 0.006 0.042 0.017 0 0.017 10.871 0.01 10.878 11.915 0.001 11.914 11.847 0 11.844
0.044 0.003 0.046 0.018 0.001 0.019 11.242 0.00899999999999999 11.248 12.037 0 12.035 11.634 0 11.631
0.044 0.003 0.046 0.017 0.00199999999999999 0.019 11.362 0.005 11.365 12.127 0 12.124 12.055 0 12.052
0.042 0.003 0.046 0.017 0.002 0.018 11.192 0.013 11.202 11.997 0 11.995 11.981 0 11.98
0.036 0.006 0.042 0.017 0.001 0.018 11.234 0.011 11.242 11.974 0 11.971 11.916 0 11.914
0.044 0.002 0.046 0.016 0.00199999999999999 0.018 11.09 0.014 11.101 11.905 0 11.902 11.847 0 11.845
0.044 0.003 0.047 0.019 0 0.018 11.542 0.011 11.551 12.199 0.001 12.198 12.162 0 12.158
0.041 0.005 0.045 0.016 0.00199999999999999 0.019 11.347 0.011 11.354 12.025 0 12.022 11.997 0 11.995
0.041 0.006 0.047 0.018 0.001 0.018 11.233 0.011 11.242 11.907 0 11.911 11.696 0 11.697
0.042 0.004 0.046 0.017 0.001 0.018 11.405 0.01 11.412 12.266 0 12.264 12.17 0 12.167
0.045 0.001 0.046 0.015 0.004 0.019 11.534 0.012 11.543 12.357 0.000999999999999994 12.355 12.222 0 12.22
0.041 0.005 0.046 0.017 0.001 0.018 11.229 0.007 11.233 11.98 0 11.978 11.933 0 11.93
0.044 0.00199999999999999 0.046 0.015 0.003 0.018 11.518 0.012 11.525 12.176 0 12.175 12.171 0 12.167
0.043 0.001 0.044 0.015 0.00199999999999999 0.017 11.189 0.017 11.203 12.09 0 12.087 11.901 0 11.898
0.044 0.002 0.047 0.018 0.001 0.018 11.119 0.013 11.129 11.846 0 11.844 11.791 0 11.789
0.04 0.00600000000000001 0.046 0.016 0.003 0.018 11.239 0.012 11.247 11.823 0 11.822 11.871 0 11.867
0.046 0.001 0.046 0.018 0 0.018 11.342 0.009 11.348 12.054 0 12.051 12.007 0 12.003
0.043 0.003 0.045 0.014 0.004 0.018 11.222 0.011 11.229 11.948 0 11.946 11.92 0 11.918
0.044 0.003 0.047 0.018 0.001 0.018 11.418 0.012 11.429 12.225 0 12.222 12.171 0 12.168
0.047 0.002 0.048 0.018 0 0.019 11.405 0.015 11.416 12.17 0 12.169 12.214 0 12.21
0.043 0.003 0.046 0.018 0.000999999999999994 0.019 11.458 0.015 11.47 12.265 0 12.262 12.192 0 12.189
0.042 0.004 0.046 0.017 0.002 0.019 11.368 0.007 11.372 12.131 0 12.127 12.089 0 12.088
0.041 0.003 0.043 0.017 0.001 0.018 10.894 0.012 10.904 11.705 0 11.702 11.613 0 11.611
0.044 0.003 0.046 0.015 0.003 0.019 11.86 0.012 11.868 12.567 0 12.564 12.434 0 12.432
0.037 0.005 0.042 0.013 0.004 0.017 11.125 0.013 11.135 11.756 0.001 11.754 11.736 0 11.734
0.044 0.002 0.045 0.016 0.002 0.019 11.281 0.008 11.286 12.059 0 12.056 11.98 0 11.978
0.044 0.002 0.046 0.018 0.001 0.019 10.991 0.011 11 11.926 0 11.923 11.721 0 11.719
0.044 0.002 0.046 0.016 0.002 0.018 11.285 0.012 11.294 12.059 0 12.057 12.011 0 12.007
0.042 0 0.042 0.016 0.002 0.018 11.232 0.006 11.235 12.057 0 12.054 11.938 0 11.935
0.038 0.003 0.041 0.016 0.002 0.018 11.157 0.00899999999999999 11.163 12.047 0 12.045 11.947 0.001 11.945
0.045 0.00199999999999999 0.046 0.016 0.002 0.019 11.151 0.01 11.157 11.933 0 11.932 11.932 0 11.93
0.042 0.003 0.046 0.014 0.005 0.018 11.331 0.014 11.343 12.084 0 12.082 12.033 0 12.031
0.045 0.002 0.046 0.016 0.002 0.019 11.532 0.012 11.54 12.185 0 12.184 12.16 0 12.157
0.044 0.002 0.046 0.017 0.00199999999999999 0.019 11.413 0.016 11.426 12.225 0 12.223 12.214 0.001 12.212
0.043 0.003 0.046 0.017 0.001 0.018 11.336 0.011 11.344 12.001 0 11.998 11.837 0 11.834
0.043 0.003 0.046 0.017 0.002 0.019 11.085 0.01 11.092 11.799 0 11.797 11.753 0 11.751
0.044 0.001 0.046 0.016 0.003 0.018 11.287 0.014 11.298 12.014 0 12.012 11.97 0 11.967
0.045 0.001 0.046 0.016 0.003 0.019 11.06 0.012 11.069 11.757 0 11.755 11.773 0 11.771
0.043 0.003 0.046 0.017 0.000999999999999994 0.018 11.149 0.00800000000000001 11.155 11.746 0 11.743 11.672 0 11.67
0.037 0.005 0.042 0.015 0.003 0.018 11.794 0.014 11.805 12.547 0 12.546 12.492 0 12.488
0.039 0.002 0.042 0.017 0.001 0.018 10.793 0.01 10.8 11.979 0 11.975 11.917 0 11.916
0.04 0.006 0.045 0.016 0.003 0.019 11.398 0.012 11.407 12.133 0 12.13 11.707 0 11.705
0.041 0.005 0.047 0.017 0.00199999999999999 0.018 11.826 0.008 11.831 12.552 0.001 12.551 12.499 0 12.496
0.044 0.002 0.045 0.016 0.00199999999999999 0.019 11.825 0.009 11.829 12.58 0.001 12.58 12.418 0 12.415
0.039 0.003 0.042 0.016 0.002 0.019 11.306 0.005 11.308 12.049 0 12.047 11.991 0 11.988
0.042 0.004 0.045 0.017 0.001 0.019 11.139 0.011 11.146 11.862 0 11.861 11.811 0 11.807
0.041 0.004 0.046 0.019 0 0.018 11.204 0.015 11.217 12.066 0 12.063 12.096 0 12.094
0.043 0.003 0.046 0.014 0.004 0.018 11.601 0.012 11.61 12.406 0 12.404 12.404 0.001 12.402
0.042 0.004 0.045 0.016 0.002 0.019 11.743 0.015 11.755 12.505 0 12.501 12.42 0 12.417
0.047 0 0.047 0.018 0 0.018 11.303 0.011 11.31 12.061 0.001 12.06 12.003 0 12
0.043 0.004 0.047 0.016 0.003 0.019 11.336 0.007 11.34 12.113 0 12.111 12.057 0 12.054
0.044 0.002 0.046 0.018 0 0.018 11.33 0.017 11.344 12.075 0 12.072 12.027 0 12.024
0.041 0.006 0.046 0.017 0.001 0.019 11.137 0.008 11.142 11.912 0 11.91 11.903 0 11.9
0.038 0.008 0.046 0.018 0 0.018 11.114 0.016 11.127 12.025 0.001 12.023 11.839 0 11.836
0.044 0.002 0.046 0.017 0.00199999999999999 0.018 11.169 0.011 11.18 11.695 0.001 11.7 11.522 0 11.524
0.04 0.002 0.042 0.015 0.003 0.018 11.203 0.012 11.212 12.107 0.002 12.106 11.947 0 11.945
0.044 0.003 0.046 0.018 0 0.018 11.287 0.012 11.296 12.035 0.003 12.036 11.973 0 11.97
0.044 0.002 0.046 0.018 0 0.018 11.274 0.01 11.281 12.023 0 12.021 11.994 0 11.99
0.041 0.005 0.046 0.016 0.003 0.018 11.251 0.007 11.255 12.023 0 12.021 11.939 0 11.937
0.041 0.005 0.045 0.017 0.001 0.019 11.107 0.008 11.112 12.053 0 12.05 11.874 0 11.873
0.042 0.004 0.046 0.017 0.001 0.018 11.271 0.008 11.276 11.96 0 11.959 11.983 0 11.979
0.042 0.003 0.045 0.016 0.003 0.019 11.214 0.01 11.221 11.97 0 11.968 11.898 0 11.895
0.039 0.003 0.043 0.017 0.001 0.018 10.815 0.01 10.822 11.585 0 11.583 11.517 0 11.515
0.043 0.003 0.045 0.015 0.003 0.018 11.305 0.009 11.311 12.005 0.002 12.005 11.942 0 11.939
0.039 0.004 0.042 0.016 0.000999999999999994 0.018 11.396 0.011 11.403 12.114 0 12.112 12.149 0 12.146
0.041 0.001 0.042 0.014 0.004 0.018 11.212 0.012 11.221 12.149 0.002 12.149 11.965 0 11.962
0.043 0.003 0.046 0.017 0.001 0.018 11.167 0.012 11.177 11.794 0 11.791 11.872 0 11.869
0.042 0.004 0.046 0.018 0.001 0.018 11.248 0.013 11.258 12.126 0 12.123 11.966 0 11.964
0.044 0.002 0.046 0.016 0.002 0.019 11.271 0.013 11.28 11.931 0 11.928 11.853 0 11.852
0.04 0.001 0.042 0.017 0.001 0.017 10.878 0.01 10.886 11.643 0 11.641 11.568 0 11.566
0.045 0.002 0.046 0.018 0 0.019 11.314 0.015 11.326 12.013 0.001 12.012 12.061 0 12.059
0.046 0.003 0.049 0.019 0 0.019 11.365 0.01 11.373 12.122 0 12.12 12.082 0 12.081
0.039 0.008 0.046 0.017 0.001 0.019 11.51 0.013 11.519 12.28 0 12.279 12.225 0 12.222
0.047 0 0.047 0.018 0 0.018 11.299 0.006 11.302 12.005 0 12.003 11.961 0 11.959
0.046 0 0.047 0.015 0.004 0.018 11.269 0.012 11.277 12.153 0 12.15 11.959 0 11.957
0.045 0 0.046 0.016 0.002 0.018 10.983 0.012 10.993 11.729 0.001 11.727 11.65 0 11.647
0.044 0.00199999999999999 0.046 0.016 0.002 0.018 11.338 0.008 11.344 12.023 0.001 12.021 11.968 0 11.965
0.044 0.002 0.046 0.016 0.002 0.018 11.311 0.01 11.318 12.063 0 12.06 12.005 0 12.003
0.035 0.007 0.042 0.016 0.002 0.018 11.242 0.008 11.247 12.048 0 12.046 11.91 0 11.907
0.041 0 0.042 0.014 0.004 0.018 10.613 0.011 10.621 11.52 0 11.518 11.443 0 11.44
0.043 0.003 0.046 0.016 0.003 0.019 11.153 0.011 11.161 11.896 0 11.894 11.835 0 11.833
0.043 0.004 0.046 0.014 0.005 0.018 11.399 0.008 11.405 12.09 0 12.087 12.012 0 12.009
0.041 0.004 0.045 0.016 0.002 0.018 11.133 0.013 11.144 11.914 0 11.912 11.861 0 11.857
0.046 0.001 0.047 0.017 0.002 0.019 11.376 0.02 11.393 12.142 0 12.139 12.069 0 12.067
0.044 0.001 0.046 0.018 0.001 0.018 11.265 0.015 11.277 12.041 0 12.038 11.997 0 11.994
0.045 0.001 0.046 0.016 0.003 0.018 11.146 0.016 11.158 11.886 0.001 11.885 11.841 0 11.839
0.041 0.005 0.047 0.016 0.003 0.018 11.278 0.011 11.287 12.152 0 12.15 11.988 0 11.984
0.038 0.004 0.042 0.017 0.001 0.017 11.493 0.015 11.505 12.214 0 12.213 12.146 0 12.142
0.042 0.003 0.046 0.015 0.003 0.018 11.279 0.00600000000000001 11.281 11.995 0.001 11.994 11.951 0 11.949
0.044 0.003 0.046 0.016 0.002 0.019 11.345 0.00900000000000001 11.35 12.12 0 12.117 12.047 0 12.046
0.04 0.007 0.047 0.018 0.001 0.019 11.485 0.016 11.497 12.285 0 12.283 12.191 0 12.188
0.042 0.004 0.046 0.017 0.001 0.019 11.768 0.011 11.775 12.497 0 12.494 12.397 0 12.395
0.047 0.001 0.048 0.017 0.002 0.019 13.76 0.01 13.767 14.789 0.003 14.788 14.501 0 14.498
0.044 0.002 0.046 0.018 0 0.018 11.39 0.014 11.4 12.243 0 12.241 12.073 0 12.07
0.045 0.002 0.047 0.017 0.001 0.018 11.643 0.007 11.647 12.581 0 12.579 12.379 0 12.377
0.039 0.005 0.043 0.017 0 0.018 11.415 0.016 11.434 12.287 0.03 12.32 12.051 0.004 12.057
0.039 0.003 0.041 0.018 0 0.018 11.285 0.017 11.299 12.044 0 12.042 11.998 0 11.994
0.043 0.003 0.046 0.016 0.002 0.018 11.29 0.011 11.298 11.954 0 11.951 11.893 0 11.891
0.044 0.002 0.046 0.017 0.001 0.018 11.44 0.007 11.444 12.161 0.001 12.16 12.096 0 12.094
0.043 0.004 0.048 0.018 0.001 0.018 11.239 0.01 11.246 12.116 0 12.114 12.027 0 12.024
0.045 0.001 0.047 0.018 0.001 0.018 11.159 0.013 11.169 11.914 0 11.912 11.858 0 11.856
0.042 0.003 0.046 0.018 0.001 0.019 11.834 0.014 11.845 12.588 0.002 12.588 12.475 0 12.471
0.04 0.004 0.043 0.016 0.002 0.018 10.982 0.008 10.989 11.823 0 11.819 11.754 0 11.753
0.043 0.003 0.046 0.018 0.001 0.019 11.438 0.01 11.444 12.157 0 12.155 12.08 0 12.078
0.044 0.002 0.046 0.016 0.00199999999999999 0.019 11.328 0.014 11.339 12.097 0 12.094 12.043 0 12.041
0.04 0.002 0.042 0.017 0.000999999999999994 0.018 11.5 0.008 11.505 12.369 0 12.366 12.281 0 12.28
0.04 0.00600000000000001 0.046 0.016 0.00199999999999999 0.019 11.269 0.012 11.277 11.795 0 11.793 11.843 0 11.84
0.043 0.003 0.046 0.018 0 0.018 10.931 0.012 10.939 11.833 0 11.832 11.638 0 11.636
0.044 0.00199999999999999 0.046 0.016 0.002 0.018 11.265 0.014 11.275 11.964 0 11.962 11.976 0 11.973
0.036 0.006 0.041 0.017 0 0.018 11.087 0.006 11.09 11.834 0 11.831 11.762 0 11.76
0.043 0.002 0.045 0.017 0.002 0.019 11.945 0.008 11.95 12.577 0 12.575 12.586 0 12.584
0.038 0.004 0.042 0.016 0.002 0.018 10.932 0.008 10.938 12.116 0 12.114 12.062 0 12.059
0.044 0.00199999999999999 0.046 0.017 0.001 0.019 11.434 0.009 11.439 12.202 0 12.199 11.766 0 11.764
0.046 0 0.046 0.017 0.000999999999999994 0.019 11.268 0.01 11.274 11.985 0.001 11.984 11.977 0 11.974
0.046 0 0.046 0.017 0.002 0.018 11.683 0.01 11.689 12.472 0 12.47 12.217 0 12.213
0.041 0.004 0.046 0.018 0.000999999999999994 0.019 11.135 0.014 11.146 11.901 0 11.899 11.844 0 11.841
0.042 0.004 0.046 0.017 0.001 0.019 11.339 0.013 11.348 12.079 0 12.078 12.003 0 11.999
0.042 0.004 0.046 0.017 0.001 0.018 11.346 0.009 11.351 12.063 0.001 12.063 12.022 0 12.019
0.04 0.006 0.046 0.013 0.005 0.018 11.023 0.011 11.032 11.67 0 11.667 11.695 0 11.694
0.04 0.003 0.042 0.016 0.001 0.018 10.835 0.012 10.844 11.656 0.002 11.655 11.608 0 11.605
0.038 0.004 0.042 0.016 0.002 0.018 11.386 0.013 11.396 12.177 0 12.175 12.162 0 12.159
0.042 0.004 0.047 0.017 0.001 0.018 11.252 0.016 11.263 11.956 0.00199999999999999 11.957 11.958 0 11.956
0.046 0 0.046 0.017 0.002 0.018 11.347 0.009 11.353 12.082 0.001 12.081 12.041 0 12.038
0.043 0.003 0.046 0.017 0.00199999999999999 0.018 11.139 0.012 11.148 11.964 0 11.962 11.933 0 11.931
0.041 0.004 0.046 0.017 0.002 0.019 11.484 0.011 11.491 12.206 0.001 12.204 12.175 0 12.172
0.047 0 0.046 0.017 0.000999999999999994 0.019 11.238 0.011 11.245 11.948 0 11.946 11.915 0 11.912
0.043 0.003 0.046 0.019 0 0.019 11.404 0.012 11.413 12.187 0 12.184 12.13 0 12.128
0.042 0.004 0.046 0.016 0.002 0.018 11.234 0.008 11.239 11.972 0.001 11.97 11.908 0 11.906
0.044 0.002 0.047 0.016 0.003 0.018 11.431 0.012 11.441 12.116 0.002 12.114 12.092 0 12.091
0.039 0.00199999999999999 0.042 0.016 0.002 0.017 10.998 0.009 11.005 11.843 0 11.841 11.714 0 11.711
0.039 0.003 0.042 0.017 0.001 0.018 11.057 0.012 11.065 12.157 0 12.155 12.086 0 12.083
0.043 0.003 0.046 0.019 0 0.018 11.456 0.011 11.465 12.199 0 12.196 11.924 0 11.922
0.043 0.004 0.046 0.017 0.001 0.019 11.376 0.008 11.381 11.987 0 11.985 12.084 0 12.08
0.042 0.004 0.045 0.016 0.002 0.019 11.189 0.029 11.225 11.813 0.004 11.824 11.876 0.004 11.888
0.045 0.001 0.046 0.018 0.001 0.019 11.265 0.011 11.273 11.973 0.001 11.972 11.973 0 11.971
0.042 0.004 0.046 0.016 0.002 0.019 11.565 0.011 11.572 12.201 0 12.199 12.276 0 12.273
0.044 0.002 0.046 0.017 0.001 0.019 11.427 0.011 11.434 12.224 0 12.222 12.176 0 12.173
0.041 0.000999999999999994 0.042 0.016 0.002 0.018 11.067 0.01 11.074 11.858 0 11.855 11.752 0 11.75
0.041 0.004 0.045 0.015 0.003 0.018 11.328 0.01 11.343 12.065 0.002 12.073 11.994 0.00199999999999999 12.003
0.042 0.004 0.046 0.017 0.000999999999999994 0.018 11.347 0.012 11.356 12.046 0 12.043 12.015 0 12.013
0.045 0.002 0.046 0.018 0.001 0.019 11.357 0.013 11.368 12.211 0 12.208 12.059 0 12.056
0.045 0.002 0.047 0.015 0.003 0.018 11.163 0.009 11.169 11.911 0 11.909 11.862 0 11.859
0.042 0.001 0.043 0.016 0.001 0.017 10.819 0.006 10.822 11.657 0 11.655 11.591 0 11.589
0.043 0.00199999999999999 0.046 0.017 0.001 0.018 11.24 0.012 11.248 11.987 0.001 11.986 11.914 0 11.913
0.039 0.007 0.045 0.017 0.001 0.019 11.253 0.012 11.261 11.952 0 11.949 11.998 0 11.997
0.043 0.00199999999999999 0.045 0.018 0.001 0.018 11.248 0.016 11.262 11.924 0 11.92 11.912 0 11.91
0.045 0.001 0.046 0.019 0 0.018 11.152 0.011 11.16 11.912 0 11.91 11.786 0 11.783
0.041 0.005 0.046 0.016 0.002 0.018 11.407 0.011 11.415 12.316 0 12.314 12.076 0 12.073
0.043 0.004 0.047 0.017 0.001 0.018 12.479 0.013 12.488 13.293 0 13.29 13.102 0 13.099
0.041 0.002 0.043 0.018 0 0.017 11.524 0.015 11.535 12.406 0 12.404 12.394 0 12.392
0.043 0.004 0.047 0.016 0.002 0.018 11.607 0.012 11.616 12.432 0 12.43 12.27 0 12.267
0.041 0.005 0.046 0.019 0 0.019 11.544 0.009 11.55 12.294 0 12.292 12.203 0 12.201
0.041 0.006 0.047 0.015 0.004 0.019 11.431 0.007 11.436 12.104 0 12.1 12.091 0 12.089
0.038 0.004 0.042 0.017 0.001 0.018 11.264 0.012 11.273 12.012 0 12.01 11.938 0 11.937
0.044 0.005 0.048 0.014 0.004 0.019 11.182 0.009 11.186 11.858 0.001 11.857 11.829 0.001 11.828
0.044 0.002 0.047 0.017 0.002 0.018 11.769 0.011 11.777 12.459 0 12.458 12.329 0 12.325
0.043 0.003 0.046 0.016 0.003 0.018 11.281 0.007 11.292 11.826 0 11.829 11.662 0 11.667
0.043 0.003 0.046 0.015 0.003 0.018 11.248 0.008 11.253 12.012 0 12.01 11.877 0 11.874
0.043 0.005 0.048 0.016 0.002 0.019 11.189 0.009 11.195 11.93 0 11.928 11.872 0 11.869
0.04 0.002 0.042 0.015 0.00199999999999999 0.017 10.961 0.012 10.971 11.695 0.001 11.693 11.621 0 11.618
0.039 0.002 0.042 0.018 0 0.017 10.912 0.01 10.919 11.974 0 11.971 11.907 0 11.905
0.041 0.005 0.046 0.019 0 0.018 11.547 0.011 11.555 12.298 0.001 12.297 11.846 0 11.842
0.044 0.001 0.045 0.018 0.000999999999999994 0.019 11.404 0.00600000000000001 11.407 12.128 0 12.126 12.067 0 12.063
0.044 0.00199999999999999 0.046 0.017 0.001 0.018 11.381 0.011 11.389 12.141 0.001 12.138 12.1 0 12.099
0.043 0.003 0.047 0.018 0 0.018 11.354 0.008 11.359 12.089 0 12.085 12.049 0 12.047
0.045 0.001 0.046 0.018 0 0.018 11.221 0.014 11.232 12.076 0 12.073 12.053 0 12.051
0.043 0.002 0.046 0.018 0.000999999999999994 0.018 11.216 0.009 11.223 11.865 0 11.862 11.878 0 11.875
0.037 0.005 0.041 0.014 0.003 0.018 11.274 0.007 11.277 11.987 0 11.985 12.011 0 12.008
0.042 0.004 0.046 0.017 0.001 0.019 11.505 0.012 11.514 12.268 0.001 12.265 12.174 0 12.172
0.046 0.003 0.048 0.014 0.004 0.019 11.219 0.011 11.227 11.963 0 11.96 11.908 0 11.906
0.039 0.003 0.042 0.017 0 0.017 10.822 0.015 10.834 12.123 0.001 12.121 12.079 0 12.076
0.041 0.005 0.046 0.017 0.001 0.018 11.329 0.01 11.337 11.995 0 11.992 11.563 0 11.56
0.042 0.003 0.046 0.017 0.001 0.018 11.275 0.012 11.284 11.866 0.00199999999999999 11.865 11.978 0 11.975
0.044 0.00199999999999999 0.046 0.017 0.001 0.018 11.211 0.014 11.222 11.804 0 11.801 11.886 0 11.884
0.042 0.004 0.046 0.016 0.00199999999999999 0.018 11.083 0.01 11.09 11.761 0 11.759 11.67 0 11.668
0.042 0.004 0.045 0.017 0.001 0.019 11.149 0.013 11.157 11.72 0.001 11.719 11.79 0 11.788
0.039 0.004 0.042 0.014 0.003 0.017 11.287 0.01 11.294 12.038 0 12.035 12.006 0 12.003
0.041 0.004 0.046 0.018 0.001 0.018 11.503 0.012 11.512 12.242 0.002 12.241 12.155 0 12.153
0.047 0.00199999999999999 0.048 0.018 0 0.018 11.305 0.012 11.314 12.069 0 12.068 12.028 0 12.024
0.045 0.002 0.046 0.018 0.001 0.019 11.424 0.012 11.433 12.214 0.002 12.214 12.152 0 12.149
0.044 0.003 0.046 0.015 0.003 0.019 11.518 0.014 11.529 12.248 0 12.246 12.264 0 12.26
0.043 0.003 0.046 0.018 0 0.019 11.562 0.01 11.567 12.339 0 12.337 12.241 0 12.239
0.041 0.001 0.043 0.017 0.001 0.017 10.873 0.009 10.879 11.716 0.001 11.715 11.665 0 11.664
0.041 0.005 0.045 0.019 0 0.019 11.353 0.009 11.359 12.088 0.001 12.087 12.06 0 12.057
0.043 0.003 0.046 0.017 0.001 0.018 11.372 0.012 11.381 12.097 0.001 12.096 12.048 0 12.045
0.044 0.001 0.046 0.017 0.001 0.018 11.163 0.012 11.172 11.795 0 11.792 11.898 0 11.896
0.043 0 0.042 0.016 0.001 0.018 11.216 0.006 11.218 12.116 0 12.113 12.073 0 12.072
0.04 0.006 0.046 0.015 0.003 0.018 11.242 0.013 11.252 11.872 0.002 11.871 11.961 0 11.96
0.044 0.003 0.046 0.016 0.002 0.018 11.309 0.013 11.32 12.037 0 12.034 12.059 0 12.057
0.036 0.005 0.042 0.017 0.001 0.017 11.041 0.005 11.043 11.753 0.001 11.751 11.643 0 11.642
0.041 0.005 0.047 0.018 0.001 0.018 11.534 0.01 11.542 12.303 0 12.299 12.191 0 12.189
0.042 0.005 0.046 0.017 0.001 0.019 12.45 0.012 12.458 13.223 0 13.22 13.036 0 13.033
0.043 0.002 0.046 0.015 0.004 0.018 11.306 0.013 11.316 12.065 0 12.062 11.999 0 11.998
0.041 0.005 0.046 0.017 0.002 0.018 11.186 0.013 11.197 12.036 0 12.034 11.975 0 11.973
0.045 0.001 0.046 0.017 0.001 0.018 11.288 0.016 11.3 11.96 0 11.958 12.001 0 11.997
0.042 0.004 0.046 0.018 0.001 0.018 11.109 0.00700000000000001 11.114 11.819 0 11.817 11.861 0 11.858
0.044 0.003 0.047 0.019 0 0.018 11.243 0.012 11.254 11.966 0 11.962 11.92 0 11.919
0.042 0.003 0.045 0.015 0.003 0.019 11.786 0.01 11.792 12.549 0 12.547 12.409 0 12.405
0.043 0.003 0.046 0.017 0.001 0.019 11.32 0.011 11.327 11.908 0.001 11.906 11.992 0 11.991
0.039 0.003 0.042 0.016 0.001 0.018 10.712 0.013 10.722 11.682 0.001 11.68 11.613 0 11.611
0.041 0.000999999999999994 0.041 0.015 0.002 0.018 10.847 0.018 10.861 12.016 0 12.014 11.95 0 11.947
0.045 0.001 0.046 0.018 0.001 0.018 11.521 0.009 11.527 12.233 0 12.231 11.786 0.00199999999999999 11.785
0.045 0.003 0.048 0.017 0.000999999999999994 0.018 11.318 0.01 11.325 12.118 0.001 12.117 12.097 0 12.094
0.04 0.006 0.046 0.016 0.002 0.018 11.57 0.006 11.572 12.365 0 12.363 12.278 0 12.276
0.042 0.001 0.043 0.016 0.002 0.018 11.147 0.013 11.157 11.884 0.001 11.882 11.833 0 11.831
0.042 0.004 0.046 0.015 0.004 0.018 11.274 0.01 11.28 11.996 0 11.994 11.9 0 11.898
0.045 0.002 0.047 0.016 0.002 0.018 11.318 0.014 11.329 12.208 0 12.205 12.011 0 12.009
0.04 0.002 0.042 0.015 0.003 0.017 11.253 0.011 11.262 11.771 0.001 11.77 11.706 0 11.703
0.048 0 0.047 0.017 0.001 0.019 11.491 0.009 11.497 12.262 0 12.259 12.187 0 12.185
0.042 0.004 0.046 0.016 0.002 0.018 11.209 0.017 11.223 11.965 0 11.962 11.916 0 11.914
0.042 0.005 0.047 0.016 0.003 0.018 11.278 0.007 11.283 12.051 0 12.049 12.014 0 12.01
0.046 0.002 0.049 0.017 0.002 0.018 11.285 0.011 11.294 12.04 0 12.038 11.978 0 11.975
0.044 0.00199999999999999 0.046 0.016 0.002 0.018 11.027 0.009 11.033 12.028 0 12.026 11.987 0 11.984
0.043 0.003 0.046 0.015 0.003 0.018 11.097 0.009 11.103 11.978 0 11.974 11.944 0.001 11.943
0.044 0.002 0.046 0.018 0 0.018 11.252 0.012 11.26 12.056 0 12.055 12.017 0 12.014
0.04 0.004 0.042 0.015 0.002 0.018 11.125 0.013 11.134 12.01 0.000999999999999994 12.01 11.814 0 11.811
0.045 0.001 0.046 0.018 0 0.018 11.599 0.007 11.603 12.359 0 12.356 12.223 0 12.22
0.039 0.007 0.046 0.017 0.00199999999999999 0.018 11.157 0.013 11.168 11.801 0 11.798 11.833 0 11.83
0.042 0.003 0.046 0.019 0 0.018 11.389 0.008 11.394 12.141 0 12.14 12.111 0 12.108
0.044 0.002 0.045 0.018 0 0.019 11.506 0.012 11.515 12.258 0 12.256 12.177 0 12.174
0.043 0.003 0.046 0.017 0.001 0.019 11.17 0.009 11.175 11.933 0 11.93 11.845 0 11.844
0.045 0.003 0.048 0.018 0 0.019 11.522 0.009 11.528 12.228 0 12.225 12.199 0.000999999999999994 12.197
0.04 0.002 0.043 0.018 0 0.017 10.778 0.008 10.784 11.632 0 11.629 11.542 0 11.54
0.044 0.001 0.045 0.017 0.002 0.019 11.208 0.01 11.215 12.018 0 12.016 11.946 0 11.944
0.041 0.002 0.043 0.017 0.001 0.018 11.434 0.006 11.436 12.222 0 12.219 12.203 0 12.201
0.043 0.003 0.046 0.018 0 0.018 11.448 0.008 11.453 12.321 0.001 12.32 12.113 0 12.11
0.042 0.004 0.046 0.019 0 0.019 11.606 0.007 11.609 12.331 0 12.329 12.255 0.002 12.255
0.045 0.001 0.045 0.018 0.000999999999999994 0.019 11.526 0.013 11.536 12.222 0.001 12.22 12.298 0 12.296
0.044 0.002 0.046 0.017 0.000999999999999994 0.018 11.731 0.013 11.741 12.61 0.001 12.609 12.387 0 12.383
0.038 0.005 0.044 0.018 0 0.017 13.14 0.01 13.148 13.882 0.001 13.881 13.813 0 13.809
0.044 0.002 0.046 0.017 0.002 0.019 11.628 0.011 11.636 12.306 0 12.304 12.203 0 12.201
0.047 0.001 0.048 0.015 0.004 0.019 11.459 0.009 11.465 12.148 0 12.145 12.098 0 12.096
0.045 0.001 0.046 0.019 0 0.019 11.497 0.018 11.512 12.271 0 12.268 12.19 0 12.188
0.04 0.003 0.042 0.015 0.003 0.018 11.353 0.011 11.361 12.128 0.001 12.127 12.11 0 12.108
0.041 0.005 0.046 0.018 0.001 0.019 11.267 0.007 11.271 12.074 0.002 12.073 11.987 0 11.984
0.042 0.004 0.046 0.018 0 0.019 11.249 0.016 11.263 12.066 0 12.063 11.935 0 11.933
0.047 0 0.046 0.017 0.001 0.018 11.338 0.00600000000000001 11.341 12.039 0.000999999999999994 12.038 11.956 0.001 11.955
0.041 0.004 0.045 0.015 0.004 0.019 11.398 0.011 11.405 12.134 0.001 12.134 12.049 0 12.046
0.045 0.002 0.047 0.018 0.001 0.019 11.118 0.01 11.125 11.879 0 11.876 11.798 0 11.796
0.041 0.005 0.046 0.018 0.001 0.018 11.196 0.014 11.208 11.973 0 11.971 11.925 0 11.923
0.043 0.004 0.046 0.015 0.003 0.019 11.454 0.006 11.456 12.173 0.001 12.172 12.115 0 12.112
0.041 0.007 0.047 0.017 0.001 0.019 11.256 0.01 11.262 12.031 0 12.029 11.977 0 11.975
0.042 0.004 0.046 0.015 0.003 0.018 11.091 0.014 11.102 12.054 0 12.052 11.871 0 11.869
0.042 0.004 0.046 0.017 0.001 0.018 11.135 0.013 11.145 11.898 0 11.896 11.823 0 11.821
0.042 0.003 0.045 0.018 0.001 0.019 11.341 0.011 11.349 12.062 0.00199999999999999 12.061 11.991 0 11.989
0.041 0.005 0.047 0.015 0.004 0.018 11.251 0.009 11.257 12.015 0 12.012 11.961 0 11.96
0.038 0.004 0.042 0.015 0.002 0.017 11.038 0.008 11.043 11.785 0.002 11.785 11.684 0 11.681
0.044 0.002 0.046 0.017 0.002 0.018 11.303 0.013 11.314 12.102 0.001 12.1 12.078 0 12.076
0.042 0.004 0.046 0.018 0.001 0.019 11.542 0.007 11.546 12.261 0 12.258 12.263 0 12.262
0.038 0.004 0.042 0.018 0 0.017 10.751 0.01 10.76 11.66 0 11.658 11.582 0 11.58
0.038 0.004 0.042 0.015 0.002 0.018 10.825 0.012 10.834 11.966 0 11.963 11.905 0 11.902
0.045 0.001 0.046 0.016 0.00199999999999999 0.019 11.36 0.01 11.366 12.088 0 12.086 11.61 0 11.607
0.042 0.001 0.043 0.017 0.001 0.018 11.289 0.01 11.296 12.224 0 12.222 12.024 0 12.021
0.039 0.003 0.041 0.017 0 0.018 11.133 0.012 11.142 12.051 0 12.047 12.023 0 12.02
0.038 0.004 0.043 0.017 0.001 0.017 11.11 0.011 11.118 11.905 0 11.904 11.837 0 11.834
0.04 0.002 0.042 0.014 0.004 0.018 11.057 0.012 11.065 12.105 0 12.103 11.916 0 11.913
0.045 0.002 0.047 0.017 0.001 0.018 12.359 0.009 12.364 13.275 0.001 13.273 13.184 0 13.181
0.042 0.004 0.045 0.016 0.00199999999999999 0.018 11.253 0.011 11.261 11.977 0 11.975 11.882 0 11.88
0.042 0.004 0.046 0.017 0.001 0.018 11.416 0.011 11.424 12.138 0 12.136 12.072 0 12.069
0.042 0.004 0.046 0.017 0.001 0.018 11.223 0.014 11.233 11.944 0.001 11.943 11.896 0 11.894
0.047 0 0.047 0.015 0.003 0.018 11.398 0.016 11.411 12.212 0 12.209 12.1 0 12.098
0.046 0 0.047 0.019 0 0.018 11.335 0.012 11.344 12.051 0 12.049 11.99 0 11.988
0.04 0.002 0.043 0.015 0.003 0.017 10.904 0.009 10.91 11.668 0 11.666 11.601 0.001 11.6
0.044 0.002 0.046 0.015 0.003 0.018 11.505 0.01 11.512 12.27 0 12.268 12.162 0 12.16
0.043 0.00199999999999999 0.045 0.017 0.002 0.019 11.096 0.011 11.104 11.802 0.001 11.8 11.681 0 11.678
0.038 0.005 0.043 0.016 0.001 0.018 12.361 0.015 12.378 13.236 0.00699999999999999 13.251 12.919 0.004 12.923
0.044 0.003 0.046 0.018 0 0.019 11.155 0.011 11.163 12.009 0 12.006 11.902 0 11.9
0.045 0.002 0.047 0.016 0.002 0.018 11.761 0.011 11.768 12.581 0 12.579 12.395 0 12.393
0.043 0.003 0.047 0.017 0.002 0.018 11.366 0.015 11.378 12.119 0.001 12.117 12.13 0 12.127
0.039 0.002 0.042 0.016 0.00199999999999999 0.017 11.099 0.011 11.107 11.845 0 11.843 11.748 0 11.746
0.045 0.001 0.047 0.017 0.002 0.018 11.322 0.011 11.33 12.111 0 12.109 12.044 0 12.042
0.045 0.000999999999999994 0.046 0.018 0 0.018 11.431 0.013 11.442 12.201 0.001 12.2 12.174 0 12.172
0.043 0.005 0.048 0.017 0.00199999999999999 0.019 12.448 0.013 12.458 13.189 0 13.186 13.101 0 13.098
0.041 0.005 0.046 0.016 0.002 0.019 11.283 0.015 11.294 12.078 0 12.076 12.022 0 12.021
0.038 0.005 0.042 0.016 0.002 0.018 11.358 0.016 11.372 12.155 0 12.151 11.958 0 11.957
0.042 0.004 0.046 0.017 0.002 0.019 11.399 0.007 11.403 12.15 0 12.148 12.092 0 12.09
0.037 0.005 0.042 0.018 0 0.018 11.181 0.009 11.187 12.002 0.003 12.003 12.029 0 12.027
0.042 0.004 0.046 0.017 0.001 0.018 11.178 0.014 11.189 12.082 0 12.08 12.1 0 12.097
0.044 0.003 0.047 0.017 0.00199999999999999 0.018 11.039 0.012 11.048 11.775 0 11.773 11.71 0 11.708
0.041 0.004 0.046 0.017 0.001 0.018 11.24 0.012 11.249 12.054 0 12.052 11.965 0 11.963
0.041 0.003 0.044 0.016 0.002 0.018 11.31 0.008 11.315 12.053 0 12.051 11.992 0 11.989
0.041 0.005 0.046 0.018 0 0.018 11.663 0.014 11.673 12.455 0 12.453 12.323 0 12.321
0.044 0.00199999999999999 0.046 0.016 0.002 0.019 11.173 0.011 11.181 11.907 0 11.905 11.861 0 11.858
0.04 0.005 0.046 0.017 0.002 0.019 11.777 0.008 11.782 12.479 0.002 12.478 12.405 0 12.403
0.044 0.001 0.045 0.017 0.002 0.018 11.852 0.015 11.864 12.628 0 12.626 12.508 0 12.505
0.043 0.004 0.046 0.016 0.002 0.018 11.489 0.015 11.5 12.234 0 12.232 12.117 0 12.115
0.039 0.003 0.042 0.015 0.002 0.017 10.951 0.014 10.962 11.602 0 11.6 11.501 0 11.499
0.036 0.01 0.046 0.016 0.002 0.018 11.249 0.012 11.258 11.949 0 11.947 11.898 0 11.895
0.041 0.005 0.047 0.019 0 0.018 11.47 0.011 11.479 12.183 0 12.18 12.162 0 12.16
0.038 0.003 0.042 0.017 0.001 0.018 11.396 0.013 11.406 12.083 0 12.081 11.975 0 11.972
0.044 0.002 0.046 0.018 0.001 0.019 11.258 0.013 11.268 11.995 0.002 11.994 11.947 0 11.944
0.043 0.003 0.046 0.016 0.00199999999999999 0.018 11.342 0.011 11.35 12.091 0 12.087 12.025 0 12.024
0.037 0.006 0.043 0.015 0.003 0.017 11.205 0.013 11.216 12.146 0 12.144 11.891 0 11.887
0.038 0.005 0.043 0.017 0.001 0.018 11.486 0.006 11.489 12.2 0 12.197 12.031 0 12.028
0.042 0.003 0.045 0.016 0.002 0.018 11.135 0.011 11.142 11.859 0 11.856 11.805 0 11.804
0.045 0.00199999999999999 0.046 0.017 0.001 0.019 11.945 0.009 11.951 12.558 0 12.555 12.561 0 12.557
0.042 0.003 0.045 0.018 0.001 0.019 11.257 0.01 11.263 11.938 0 11.936 11.898 0 11.895
0.042 0.004 0.046 0.014 0.004 0.018 11.23 0.013 11.24 12 0 11.997 11.908 0 11.906
0.04 0.005 0.045 0.017 0.001 0.019 11.178 0.006 11.18 11.907 0.001 11.906 11.852 0 11.85
0.041 0.005 0.046 0.019 0 0.019 11.441 0.011 11.448 12.167 0.001 12.165 12.062 0 12.061
0.044 0.00199999999999999 0.045 0.018 0 0.019 11.31 0.013 11.32 11.844 0.001 11.843 11.786 0 11.783
0.045 0.000999999999999994 0.046 0.017 0.001 0.018 11.083 0.008 11.088 11.872 0 11.87 11.812 0 11.809
0.042 0.002 0.043 0.016 0.002 0.018 11 0.00899999999999999 11.006 11.869 0.001 11.868 11.793 0 11.79
0.043 0.004 0.047 0.015 0.003 0.018 11.258 0.017 11.272 12.033 0.001 12.033 11.963 0 11.961
0.04 0.002 0.042 0.017 0.000999999999999994 0.018 11.307 0.01 11.313 12.121 0 12.12 12.083 0 12.08
0.042 0.004 0.046 0.017 0.001 0.018 11.293 0.01 11.3 11.908 0.001 11.906 11.908 0 11.906
0.043 0.003 0.046 0.016 0.002 0.019 11.122 0.01 11.129 11.752 0 11.749 11.742 0 11.741
0.043 0.00199999999999999 0.045 0.017 0.002 0.019 11.236 0.012 11.245 11.999 0 11.998 11.823 0 11.82
0.043 0.004 0.046 0.016 0.00199999999999999 0.018 11.553 0.012 11.561 12.327 0 12.325 12.254 0 12.251
0.036 0.006 0.042 0.017 0.001 0.018 10.843 0.012 10.852 11.718 0 11.715 11.663 0 11.661
0.042 0.004 0.046 0.015 0.003 0.018 11.175 0.008 11.181 12.034 0 12.032 12.006 0.001 12.005
0.045 0.001 0.046 0.016 0.002 0.018 11.459 0.01 11.467 12.255 0 12.253 12.197 0 12.195
0.043 0.004 0.046 0.018 0 0.019 11.414 0.009 11.419 12.152 0.001 12.152 12.114 0 12.111
0.041 0.005 0.046 0.016 0.002 0.019 11.228 0.017 11.242 12.034 0 12.032 11.966 0 11.962
0.043 0.003 0.046 0.016 0.002 0.019 11.611 0.011 11.619 12.58 0 12.576 12.282 0 12.279
0.043 0.003 0.046 0.017 0.001 0.018 11.478 0.011 11.487 12.212 0 12.209 12.186 0 12.184
0.037 0.005 0.042 0.016 0.002 0.017 11.126 0.015 11.139 11.853 0 11.851 11.781 0 11.779
0.041 0.005 0.047 0.018 0.000999999999999994 0.018 11.532 0.014 11.544 12.204 0 12.201 12.231 0 12.228
0.042 0.004 0.046 0.016 0.002 0.019 11.237 0.012 11.245 11.994 0 11.991 11.931 0 11.929
0.044 0.002 0.045 0.017 0.001 0.019 11.293 0.013 11.302 12.108 0.003 12.109 12.057 0 12.054
0.039 0.003 0.041 0.018 0 0.018 10.653 0.013 10.663 11.995 0 11.993 11.94 0 11.938
0.046 0 0.046 0.017 0.001 0.019 11.478 0.00600000000000001 11.481 12.286 0 12.282 11.852 0.000999999999999994 11.851
0.045 0.003 0.048 0.014 0.005 0.019 11.559 0.008 11.564 12.336 0.005 12.338 12.251 0 12.248
0.044 0.002 0.047 0.015 0.003 0.018 11.278 0.015 11.29 12.071 0.002 12.069 12.022 0 12.021
0.042 0.004 0.046 0.017 0.001 0.018 11.023 0.016 11.036 11.814 0 11.812 11.757 0 11.754
0.044 0.003 0.047 0.015 0.003 0.018 11.433 0.011 11.441 12.166 0 12.163 12.092 0 12.09
0.037 0.005 0.042 0.017 0.001 0.017 11.256 0.013 11.267 12.027 0 12.024 11.988 0 11.986
0.04 0.000999999999999994 0.042 0.016 0.001 0.018 11.22 0.011 11.227 12.028 0 12.027 11.94 0 11.938
0.043 0.00600000000000001 0.049 0.018 0.001 0.019 13.901 0.012 13.91 14.704 0 14.699 14.208 0 14.205
0.043 0.004 0.046 0.018 0 0.019 11.21 0.016 11.223 11.979 0 11.976 11.915 0 11.913
0.046 0.003 0.049 0.02 0 0.019 13.994 0.011 14.003 14.799 0.001 14.795 14.299 0.001 14.298
0.04 0.006 0.047 0.019 0 0.018 11.265 0.01 11.273 12.059 0 12.055 12.006 0 12.004
0.042 0.003 0.045 0.017 0.00199999999999999 0.019 11.287 0.009 11.293 11.768 0 11.765 11.82 0 11.818
0.041 0.002 0.043 0.017 0.001 0.018 11.107 0.014 11.118 12.082 0 12.08 11.788 0 11.784
0.044 0.002 0.046 0.017 0.002 0.018 11.313 0.012 11.323 12.005 0.001 12.004 11.953 0 11.951
0.041 0.005 0.046 0.015 0.003 0.018 11.295 0.015 11.306 11.925 0 11.923 11.999 0 11.996
0.041 0.005 0.045 0.017 0.001 0.019 11.123 0.012 11.132 11.981 0 11.978 11.932 0 11.929
0.04 0.006 0.046 0.017 0.001 0.018 11.114 0.01 11.121 11.868 0.001 11.866 11.846 0 11.844
0.042 0.005 0.047 0.017 0.001 0.018 11.217 0.011 11.225 11.957 0 11.954 11.911 0 11.909
0.044 0.00199999999999999 0.046 0.019 0 0.018 11.795 0.017 11.809 12.478 0 12.475 12.379 0 12.377
0.044 0.002 0.046 0.016 0.00199999999999999 0.018 11.297 0.014 11.308 11.959 0 11.956 11.903 0 11.901
0.041 0.005 0.046 0.018 0 0.018 11.312 0.011 11.32 12.048 0.002 12.048 12.002 0 11.999
0.041 0.00199999999999999 0.042 0.018 0 0.018 11.12 0.012 11.129 11.921 0.001 11.92 11.823 0.001 11.823
0.044 0.001 0.045 0.016 0.002 0.018 11.309 0.01 11.316 12.052 0 12.049 12.001 0 11.999
0.046 0 0.046 0.019 0 0.019 11.149 0.014 11.16 11.956 0 11.954 11.85 0 11.847
0.04 0.006 0.046 0.018 0 0.019 11.481 0.011 11.488 12.121 0 12.119 12.161 0 12.158
0.039 0.004 0.042 0.017 0.001 0.018 11.264 0.01 11.271 12.096 0 12.094 11.881 0 11.879
0.044 0.003 0.046 0.018 0 0.019 11.615 0.012 11.624 12.206 0.002 12.206 12.111 0 12.108
0.041 0.004 0.046 0.018 0.001 0.018 11.422 0.01 11.429 12.12 0.001 12.12 11.929 0 11.926
0.044 0.002 0.047 0.017 0.000999999999999994 0.018 11.308 0.00800000000000001 11.313 11.921 0 11.918 11.915 0.000999999999999994 11.913
0.042 0.004 0.046 0.018 0 0.018 11.239 0.013 11.25 11.993 0.001 11.992 11.973 0 11.971
0.043 0.003 0.046 0.016 0.002 0.018 11.236 0.012 11.253 11.982 0 11.988 11.926 0 11.933
0.046 0.00199999999999999 0.048 0.017 0.001 0.018 11.351 0.009 11.357 12.091 0 12.089 12.014 0 12.011
0.045 0.000999999999999994 0.047 0.016 0.002 0.019 11.56 0.006 11.562 12.268 0 12.267 12.272 0 12.269
0.045 0.000999999999999994 0.046 0.017 0.002 0.019 11.535 0.011 11.543 12.299 0 12.296 12.058 0 12.055
0.046 0 0.047 0.017 0.002 0.019 11.358 0.013 11.368 12.183 0 12.18 12.038 0 12.036
0.04 0.006 0.046 0.017 0.001 0.018 11.295 0.015 11.307 12.066 0.001 12.065 12.014 0 12.012
0.043 0.003 0.046 0.015 0.003 0.019 11.219 0.016 11.231 12.063 0 12.062 11.918 0 11.915
0.045 0.002 0.046 0.018 0 0.019 11.433 0.015 11.445 12.079 0.002 12.077 12.037 0 12.036
0.044 0.002 0.046 0.016 0.00199999999999999 0.019 11.226 0.008 11.23 12.025 0 12.023 11.993 0 11.99
0.04 0.001 0.042 0.016 0.002 0.017 10.763 0.015 10.777 12.063 0 12.059 11.988 0 11.986
0.04 0.006 0.046 0.014 0.004 0.018 11.197 0.008 11.203 11.925 0 11.923 11.564 0 11.56
0.044 0.005 0.048 0.017 0.001 0.018 11.239 0.011 11.247 11.965 0 11.962 11.919 0 11.917
0.048 0.000999999999999994 0.049 0.017 0.002 0.018 11.812 0.01 11.819 12.385 0 12.383 12.229 0.001 12.226
0.045 0.002 0.047 0.018 0.001 0.019 11.554 0.008 11.56 12.336 0 12.333 12.257 0 12.253
0.042 0.004 0.046 0.017 0.000999999999999994 0.019 11.273 0.012 11.282 12 0 11.997 11.938 0 11.936
0.045 0.002 0.046 0.017 0.000999999999999994 0.018 11.632 0.01 11.639 12.239 0 12.237 12.292 0 12.291
0.045 0.000999999999999994 0.046 0.017 0.001 0.018 11.176 0.01 11.183 11.951 0 11.949 11.884 0 11.882
0.044 0.002 0.046 0.017 0.000999999999999994 0.018 11.092 0.011 11.1 11.877 0 11.875 11.808 0 11.805
0.044 0.003 0.046 0.018 0.000999999999999994 0.018 11.25 0.01 11.257 12.097 0.002 12.097 12.035 0 12.032
0.039 0.003 0.042 0.014 0.004 0.018 11.003 0.003 11.002 12.06 0.003 12.06 12 0 11.998
0.042 0.004 0.046 0.016 0.002 0.018 11.329 0.011 11.337 12.035 0 12.033 11.63 0 11.628
0.043 0.003 0.046 0.018 0.000999999999999994 0.019 11.377 0.00700000000000001 11.381 12.023 0 12.021 12.107 0 12.105
0.041 0.005 0.046 0.017 0.001 0.018 11.191 0.009 11.197 12.089 0 12.086 11.978 0 11.975
0.044 0.002 0.046 0.015 0.003 0.018 11.114 0.011 11.122 11.85 0 11.848 11.8 0 11.798
0.042 0.004 0.046 0.018 0 0.018 11.39 0.009 11.396 12.148 0 12.145 12.107 0 12.105
0.042 0.003 0.045 0.018 0.001 0.019 11.273 0.00600000000000001 11.276 12.047 0 12.044 11.939 0 11.937
0.038 0.004 0.041 0.013 0.004 0.018 11.216 0.008 11.221 11.948 0 11.944 11.89 0 11.888
0.042 0.003 0.046 0.016 0.002 0.018 11.169 0.008 11.174 11.926 0 11.924 11.843 0 11.84
0.046 0.000999999999999994 0.046 0.017 0.001 0.018 12.276 0.009 12.281 13.114 0 13.113 12.907 0 12.904
0.039 0.007 0.046 0.019 0 0.019 11.333 0.008 11.338 12.097 0 12.094 12.064 0 12.063
0.048 0.001 0.049 0.017 0.001 0.019 11.409 0.01 11.415 12.095 0 12.092 12.03 0 12.028
0.042 0.001 0.043 0.017 0.001 0.018 10.813 0.011 10.821 11.593 0 11.59 11.536 0 11.534
0.044 0.002 0.047 0.017 0.001 0.018 11.179 0.016 11.191 11.901 0 11.9 11.845 0 11.841
0.043 0.003 0.046 0.019 0 0.018 11.234 0.019 11.251 12.044 0 12.041 11.998 0 11.996
0.042 0.004 0.046 0.015 0.003 0.018 11.092 0.016 11.105 11.972 0 11.971 11.854 0 11.851
0.043 0.002 0.046 0.016 0.003 0.018 11.267 0.014 11.282 11.665 0 11.666 11.648 0 11.651
0.045 0.00199999999999999 0.046 0.016 0.002 0.019 11.272 0.015 11.284 11.855 0 11.853 11.891 0 11.888
0.043 0.004 0.047 0.016 0.00199999999999999 0.018 11.818 0.014 11.829 12.334 0 12.332 12.436 0 12.433
0.045 0.001 0.047 0.018 0.001 0.019 11.279 0.011 11.287 12.08 0 12.076 11.996 0 11.994
0.047 0 0.047 0.017 0.000999999999999994 0.019 11.602 0.009 11.607 12.24 0.001 12.238 12.178 0 12.177
0.046 0 0.046 0.018 0 0.019 11.215 0.021 11.242 11.997 0.004 12.003 11.937 0.038 11.978
0.045 0.001 0.046 0.018 0 0.019 11.173 0.009 11.179 11.918 0 11.916 11.858 0 11.855
0.041 0.001 0.042 0.016 0.003 0.018 11.286 0.01 11.293 12.019 0.001 12.018 12.005 0 12.002
0.041 0.005 0.046 0.016 0.002 0.018 11.092 0.01 11.099 11.965 0 11.962 11.773 0 11.77
0.044 0.002 0.046 0.017 0.002 0.018 11.287 0.016 11.301 12.005 0.002 12.005 11.953 0 11.95
0.043 0.001 0.044 0.016 0.001 0.018 11.282 0.006 11.286 11.948 0.004 11.95 11.852 0 11.85
0.043 0.003 0.046 0.016 0.003 0.019 11.234 0.015 11.246 11.91 0.001 11.909 11.768 0 11.765
0.042 0.002 0.045 0.017 0.002 0.019 11.251 0.011 11.259 12.023 0 12.021 11.986 0 11.984
0.047 0.001 0.048 0.017 0.001 0.018 11.347 0.011 11.355 12.126 0 12.123 12.101 0 12.098
0.045 0.001 0.046 0.017 0.001 0.018 11.218 0.012 11.227 11.964 0 11.962 11.88 0 11.877
0.048 0.000999999999999994 0.049 0.016 0.002 0.018 11.219 0.011 11.228 12.043 0 12.041 12.005 0 12.002
0.042 0.004 0.046 0.017 0.001 0.019 11.154 0.011 11.162 11.936 0 11.933 11.936 0 11.933
0.042 0.004 0.046 0.017 0.001 0.018 11.099 0.011 11.107 12.034 0 12.032 11.925 0 11.924
0.043 0.00199999999999999 0.045 0.017 0.001 0.019 11.366 0.011 11.373 12.118 0 12.116 12.062 0 12.06
0.045 0.001 0.047 0.017 0.002 0.018 11.387 0.003 11.388 12.115 0 12.111 12.007 0 12.005
0.042 0 0.042 0.018 0 0.018 11.4 0.014 11.412 12.286 0 12.282 12.214 0 12.213
0.04 0.006 0.045 0.018 0 0.018 11.112 0.01 11.119 11.914 0 11.912 11.73 0 11.727
0.046 0.001 0.047 0.014 0.004 0.018 11.141 0.012 11.15 11.938 0 11.936 11.892 0 11.89
0.042 0.005 0.046 0.016 0.002 0.018 11.24 0.011 11.249 12.049 0.001 12.047 11.97 0 11.968
0.044 0.002 0.045 0.017 0.001 0.019 11.345 0.012 11.353 12.079 0.002 12.078 12.044 0 12.042
0.043 0.003 0.046 0.017 0.001 0.018 11.239 0.009 11.244 12.022 0 12.02 11.995 0 11.992
0.045 0.002 0.046 0.017 0.001 0.019 11.195 0.01 11.201 12.151 0 12.15 11.929 0 11.926
0.045 0.001 0.046 0.016 0.003 0.018 11.229 0.008 11.234 12.14 0 12.137 11.916 0 11.913
0.04 0.00600000000000001 0.046 0.015 0.003 0.018 11.214 0.01 11.221 11.957 0.001 11.955 11.907 0 11.906
0.039 0.00600000000000001 0.045 0.019 0 0.019 11.072 0.012 11.089 11.96 0.001 11.967 11.752 0 11.758
0.047 0.00199999999999999 0.048 0.018 0.001 0.019 13.866 0.011 13.874 14.646 0 14.643 14.623 0 14.62
0.044 0.001 0.045 0.019 0 0.019 11.1 0.00899999999999999 11.106 11.824 0 11.822 11.751 0 11.748
0.042 0.004 0.047 0.016 0.003 0.018 11.555 0.017 11.569 12.283 0 12.282 12.205 0 12.201
0.045 0.000999999999999994 0.046 0.015 0.003 0.018 11.281 0.01 11.288 12.089 0 12.086 12.025 0 12.024
0.04 0.003 0.042 0.017 0 0.018 11.349 0.014 11.36 12.062 0.001 12.06 11.957 0 11.955
0.043 0.004 0.047 0.017 0.000999999999999994 0.018 11.282 0.009 11.288 12.002 0.002 12.002 11.975 0 11.972
0.039 0.004 0.043 0.017 0.000999999999999994 0.018 10.909 0.013 10.919 11.8 0 11.796 11.706 0 11.704
0.041 0.004 0.045 0.017 0.000999999999999994 0.018 11.27 0.013 11.279 12.039 0 12.036 11.975 0 11.973
0.046 0 0.045 0.017 0.001 0.019 11.299 0.011 11.306 11.956 0 11.954 11.925 0 11.922
0.042 0.004 0.045 0.016 0.002 0.019 11.109 0.008 11.114 11.975 0 11.971 11.89 0 11.888
0.046 0 0.046 0.017 0.00199999999999999 0.018 11.356 0.012 11.366 11.986 0 11.983 12.081 0 12.078
0.044 0.002 0.046 0.018 0 0.019 11.077 0.012 11.085 11.86 0 11.858 11.756 0 11.753
0.041 0.005 0.046 0.017 0.001 0.018 11.511 0.013 11.521 12.294 0.001 12.292 12.253 0 12.251
0.038 0.004 0.042 0.017 0.001 0.018 11.016 0.013 11.025 11.935 0 11.933 11.781 0 11.779
0.039 0.006 0.047 0.018 0 0.018 11.329 0.011 11.337 12.113 0.00199999999999999 12.112 12.043 0 12.04
0.041 0.005 0.046 0.016 0.003 0.019 11.835 0.008 11.84 12.546 0.002 12.547 12.415 0 12.411
0.043 0.003 0.047 0.018 0.001 0.018 11.359 0.006 11.362 12.081 0.001 12.08 12.033 0 12.032
0.042 0.004 0.046 0.018 0 0.018 11.177 0.014 11.188 11.93 0 11.927 11.868 0 11.866
0.044 0.002 0.045 0.016 0.002 0.019 11.166 0.009 11.171 11.937 0.000999999999999994 11.937 11.928 0 11.925
0.04 0.006 0.046 0.016 0.002 0.018 11.476 0.007 11.481 12.174 0.001 12.172 12.112 0 12.11
0.038 0.004 0.042 0.017 0.001 0.018 11.33 0.005 11.332 12.06 0.001 12.058 12.063 0 12.061
0.041 0.005 0.047 0.017 0.00199999999999999 0.018 11.466 0.015 11.478 12.323 0 12.32 12.283 0 12.281
0.046 0.001 0.047 0.017 0.002 0.018 12.253 0.01 12.267 12.659 0 12.665 12.426 0 12.426
0.039 0.004 0.043 0.016 0.002 0.017 12.303 0.00899999999999999 12.309 13.122 0.001 13.119 12.761 0 12.758
0.044 0.002 0.046 0.018 0.00199999999999999 0.018 11.496 0.009 11.504 12.2 0 12.196 12.152 0 12.151
0.041 0.004 0.046 0.017 0.000999999999999994 0.018 11.375 0.009 11.38 12 0.001 11.999 11.938 0 11.937
0.044 0.002 0.046 0.019 0 0.019 11.064 0.012 11.074 11.928 0 11.925 11.742 0 11.74
0.046 0.001 0.047 0.018 0 0.018 11.39 0.009 11.396 12.148 0.001 12.146 12.046 0.001 12.046
0.044 0.001 0.045 0.017 0.002 0.018 11.563 0.011 11.582 12.254 0.004 12.264 12.205 0.002 12.21
0.043 0.003 0.047 0.017 0.002 0.018 11.315 0.013 11.325 12.044 0 12.041 12 0 11.998
0.039 0.003 0.042 0.016 0.000999999999999994 0.018 11.023 0.015 11.035 12.082 0 12.08 12.006 0 12.003
0.043 0.003 0.046 0.016 0.002 0.018 11.378 0.011 11.386 12.131 0 12.128 11.863 0 11.86
0.041 0.005 0.046 0.017 0.000999999999999994 0.018 11.116 0.011 11.124 11.93 0.001 11.929 11.842 0 11.84
0.042 0.004 0.046 0.017 0.002 0.018 11.5 0.008 11.505 12.177 0 12.176 12.146 0 12.143
0.039 0.003 0.042 0.014 0.003 0.017 10.851 0.007 10.855 12.127 0.001 12.125 12.11 0.001 12.108
0.042 0.004 0.046 0.016 0.002 0.018 11.577 0.011 11.585 12.349 0.001 12.347 11.849 0 11.846
0.046 0 0.046 0.015 0.003 0.018 11.034 0.01 11.042 11.974 0.001 11.971 11.797 0 11.796
0.041 0.005 0.045 0.018 0 0.019 11.051 0.01 11.057 11.959 0 11.957 11.781 0 11.777
0.041 0.004 0.045 0.016 0.00199999999999999 0.019 11.198 0.009 11.204 11.804 0 11.802 11.792 0 11.79
0.044 0.00199999999999999 0.046 0.019 0 0.019 12.31 0.012 12.318 13.266 0 13.262 13.221 0 13.219
0.039 0.003 0.042 0.016 0.002 0.018 11.097 0.01 11.104 11.922 0 11.919 11.829 0 11.826
0.041 0.005 0.046 0.018 0 0.019 11.215 0.007 11.218 11.985 0 11.983 11.97 0 11.968
0.044 0.003 0.047 0.018 0 0.018 11.171 0.011 11.179 11.89 0 11.887 11.833 0 11.831
0.043 0.002 0.046 0.018 0 0.018 11.105 0.009 11.111 11.786 0 11.783 11.737 0 11.735
0.045 0.002 0.046 0.017 0.000999999999999994 0.019 11.414 0.00600000000000001 11.417 12.311 0 12.308 12.165 0 12.162
0.043 0.002 0.046 0.017 0.002 0.018 11.311 0.014 11.323 12.036 0.001 12.034 11.976 0 11.974
0.041 0.003 0.043 0.015 0.003 0.018 10.879 0.01 10.886 11.651 0 11.649 11.595 0 11.592
0.045 0.000999999999999994 0.046 0.017 0.001 0.018 11.151 0.009 11.157 11.879 0 11.876 11.813 0 11.81
0.042 0.004 0.046 0.017 0.000999999999999994 0.018 11.257 0.008 11.262 12.019 0 12.017 11.938 0 11.935
0.045 0.001 0.045 0.017 0.001 0.019 11.251 0.017 11.265 12.028 0 12.025 11.936 0 11.934
0.044 0.00199999999999999 0.045 0.018 0 0.019 11.095 0.009 11.101 11.893 0 11.891 11.872 0 11.868
0.041 0.002 0.042 0.017 0.001 0.018 11.098 0.015 11.111 12.086 0 12.083 12.071 0.001 12.07
0.041 0.005 0.047 0.016 0.00199999999999999 0.018 11.506 0.009 11.511 12.237 0 12.235 12.322 0 12.32
0.044 0.002 0.046 0.015 0.003 0.018 11.128 0.014 11.139 11.733 0 11.73 11.593 0 11.591
0.039 0.004 0.043 0.016 0.002 0.018 11.429 0.015 11.442 12.23 0 12.228 12.258 0 12.255
0.04 0.006 0.046 0.018 0 0.018 11.352 0.009 11.359 12.087 0.001 12.087 12.032 0 12.029
0.042 0.004 0.046 0.015 0.003 0.018 11.196 0.011 11.204 11.913 0 11.911 11.863 0 11.86
0.045 0.002 0.047 0.017 0.001 0.018 11.173 0.009 11.179 11.948 0 11.946 11.903 0 11.901
0.043 0.003 0.046 0.018 0.001 0.018 11.697 0.009 11.703 12.604 0.001 12.602 12.388 0 12.386
0.043 0.003 0.046 0.018 0 0.018 11.157 0.011 11.165 11.896 0.001 11.895 11.914 0 11.912
0.045 0.001 0.045 0.018 0 0.019 11.18 0.006 11.182 12.048 0.002 12.049 11.999 0 11.996
0.039 0.007 0.047 0.018 0.001 0.018 11.388 0.012 11.398 11.978 0 11.976 12.042 0 12.041
0.046 0 0.046 0.015 0.003 0.018 11.292 0.011 11.3 12.056 0 12.054 11.995 0 11.992
0.042 0.004 0.047 0.017 0.002 0.019 11.281 0.013 11.29 12.04 0 12.038 11.991 0 11.989
0.041 0.001 0.042 0.017 0 0.017 10.921 0.01 10.928 11.974 0 11.971 11.929 0 11.927
0.041 0.005 0.046 0.017 0.001 0.018 11.25 0.011 11.258 12.054 0 12.052 11.656 0 11.654
0.044 0.004 0.048 0.016 0.002 0.018 11.233 0.014 11.243 11.967 0 11.965 11.937 0 11.935
0.042 0.005 0.047 0.016 0.002 0.019 11.344 0.011 11.352 12.129 0.000999999999999994 12.127 12.01 0 12.008
0.044 0 0.044 0.019 0 0.018 11.148 0.013 11.157 11.824 0 11.822 11.773 0 11.771
0.042 0.005 0.046 0.018 0 0.019 11.414 0.00700000000000001 11.417 12.197 0 12.194 12.078 0 12.076
0.042 0.004 0.046 0.012 0.006 0.019 11.05 0.008 11.055 11.973 0 11.971 11.775 0.001 11.774
0.039 0.00700000000000001 0.046 0.016 0.003 0.018 11.256 0.012 11.265 12.011 0 12.01 11.913 0 11.91
0.042 0.003 0.045 0.017 0.001 0.018 11.221 0.017 11.235 11.965 0 11.962 11.914 0 11.912
0.045 0.000999999999999997 0.046 0.019 0 0.019 11.162 0.01 11.169 11.892 0 11.889 11.83 0 11.828
0.045 0.002 0.047 0.018 0 0.018 11.405 0.01 11.411 12.122 0 12.12 12.073 0 12.07
0.044 0.00199999999999999 0.046 0.016 0.003 0.018 11.303 0.012 11.312 11.997 0 11.995 11.933 0 11.931
0.043 0.003 0.046 0.017 0.002 0.018 11.293 0.011 11.302 12.036 0 12.033 11.84 0 11.838
0.042 0.004 0.046 0.017 0.000999999999999994 0.018 11.041 0.00700000000000001 11.045 11.891 0 11.888 11.669 0 11.667
0.043 0.002 0.045 0.013 0.005 0.019 11.234 0.013 11.251 11.762 0 11.766 11.754 0.001 11.761
0.045 0.001 0.046 0.016 0.002 0.018 11.273 0.01 11.279 11.99 0 11.987 11.936 0 11.934
0.04 0.003 0.042 0.016 0.00199999999999999 0.018 11.206 0.017 11.221 12.135 0 12.131 11.895 0 11.892
0.044 0.000999999999999994 0.046 0.018 0.001 0.018 11.257 0.01 11.264 11.937 0.001 11.936 11.882 0.001 11.881
0.044 0.003 0.046 0.018 0.001 0.019 11.262 0.015 11.274 12.045 0 12.043 11.982 0 11.979
0.041 0.004 0.046 0.018 0 0.018 11.767 0.01 11.774 12.529 0.001 12.528 12.397 0 12.393
0.044 0.003 0.046 0.015 0.003 0.019 11.61 0.012 11.619 12.288 0 12.284 12.303 0 12.301
0.045 0.00199999999999999 0.046 0.016 0.002 0.019 11.292 0.012 11.301 12.094 0 12.091 12.029 0 12.026
0.04 0.003 0.043 0.015 0.003 0.018 10.868 0.013 10.878 11.637 0 11.635 11.558 0 11.556
0.044 0.002 0.046 0.018 0 0.018 11.378 0.013 11.389 12.118 0 12.114 12.042 0 12.04
0.043 0.002 0.045 0.018 0.000999999999999994 0.019 11.069 0.019 11.094 11.759 0.005 11.769 11.854 0 11.852
0.045 0.001 0.046 0.016 0.002 0.018 11.583 0.013 11.593 12.232 0 12.229 12.285 0 12.282
0.044 0.000999999999999994 0.046 0.018 0.001 0.018 11.314 0.011 11.322 12.061 0 12.059 11.907 0 11.904
0.042 0.004 0.047 0.018 0.001 0.018 11.4 0.012 11.41 12.034 0 12.031 12.093 0 12.09
0.045 0.001 0.047 0.018 0.000999999999999994 0.018 11.026 0.017 11.04 12.209 0 12.206 12.107 0 12.106
0.039 0.007 0.047 0.015 0.003 0.018 11.466 0.007 11.469 12.091 0.001 12.09 12.089 0 12.085
0.041 0.005 0.046 0.018 0 0.019 11.445 0.01 11.452 12.2 0.001 12.198 12.206 0 12.204
0.038 0.005 0.043 0.016 0.002 0.018 11.105 0.013 11.115 12.249 0 12.247 12.177 0 12.175
0.043 0.003 0.046 0.013 0.005 0.018 11.133 0.014 11.144 11.893 0 11.891 11.536 0 11.534
0.043 0.003 0.046 0.017 0.002 0.019 11.407 0.012 11.416 12.152 0 12.149 12.066 0 12.065
0.042 0.003 0.045 0.018 0.001 0.018 11.111 0.015 11.123 11.891 0 11.888 11.893 0 11.891
0.044 0.002 0.046 0.016 0.003 0.018 11.212 0.011 11.221 11.956 0 11.953 11.912 0 11.91
0.041 0.004 0.046 0.016 0.00199999999999999 0.018 11.224 0.012 11.232 11.971 0.002 11.971 11.894 0.000999999999999994 11.893
0.046 0.001 0.046 0.018 0 0.018 11.588 0.01 11.595 12.188 0.003 12.189 12.262 0 12.259
0.044 0.00199999999999999 0.046 0.017 0.001 0.018 11.223 0.01 11.231 11.966 0 11.963 11.905 0 11.903
0.045 0.003 0.047 0.017 0.000999999999999994 0.019 12.401 0.01 12.407 13.161 0 13.158 12.844 0 12.842
0.038 0.004 0.043 0.017 0.001 0.017 10.852 0.015 10.864 12.077 0 12.074 12.004 0 12.002
0.042 0.003 0.046 0.017 0.001 0.018 11.204 0.015 11.216 11.94 0 11.937 11.579 0 11.577
0.041 0.005 0.046 0.016 0.002 0.018 11.254 0.007 11.258 11.948 0.001 11.947 11.907 0 11.905
0.047 0 0.048 0.018 0.001 0.019 11.166 0.011 11.173 11.953 0 11.95 11.899 0 11.897
0.042 0.003 0.045 0.018 0.001 0.022 11.159 0.013 11.173 11.811 0 11.812 11.662 0 11.665
0.043 0.003 0.046 0.019 0 0.018 11.12 0.011 11.129 11.828 0.000999999999999994 11.827 11.777 0 11.775
0.041 0.005 0.046 0.016 0.002 0.019 11.291 0.009 11.296 11.961 0 11.958 11.932 0 11.93
0.042 0.004 0.045 0.016 0.002 0.019 11.218 0.013 11.227 11.981 0 11.98 11.871 0 11.869
0.04 0.005 0.045 0.019 0 0.019 11.298 0.011 11.305 12.005 0 12.004 11.937 0 11.934
0.043 0.004 0.046 0.017 0.001 0.018 11.264 0.007 11.268 12 0.001 11.999 11.965 0.001 11.963
0.038 0.004 0.042 0.017 0.001 0.017 12.119 0.009 12.125 13.132 0 13.13 13.116 0 13.113
0.044 0.002 0.046 0.017 0.002 0.018 11.414 0.01 11.422 12.173 0 12.17 12.012 0 12.01
0.046 0 0.046 0.017 0.001 0.019 11.572 0.013 11.581 12.175 0 12.173 12.228 0 12.225
0.044 0.002 0.046 0.017 0.000999999999999994 0.018 11.36 0.013 11.37 12.08 0 12.077 12.071 0 12.068
0.042 0.004 0.046 0.017 0.001 0.018 11.381 0.007 11.385 12.261 0 12.258 12.142 0 12.141
0.044 0.00199999999999999 0.046 0.018 0 0.019 11.383 0.007 11.387 12.003 0 12 12.056 0.001 12.053
0.046 0 0.046 0.018 0.001 0.018 12.382 0.01 12.389 13.107 0 13.104 13.055 0 13.052
0.042 0.003 0.045 0.019 0 0.019 11.146 0.009 11.152 11.877 0 11.875 11.822 0 11.819
0.042 0.005 0.046 0.015 0.003 0.019 11.816 0.01 11.821 12.527 0 12.525 12.437 0 12.435
0.048 0 0.048 0.016 0.002 0.018 11.177 0.011 11.186 11.906 0 11.903 11.851 0 11.849
0.041 0.004 0.046 0.017 0.002 0.018 11.265 0.01 11.273 12.039 0.002 12.038 11.917 0 11.916
0.046 0.002 0.047 0.015 0.003 0.019 11.209 0.017 11.223 11.96 0 11.958 11.891 0 11.888
0.041 0.002 0.043 0.018 0 0.017 10.941 0.01 10.949 11.686 0 11.683 11.603 0 11.601
0.042 0.004 0.045 0.016 0.002 0.019 11.31 0.012 11.318 12.069 0 12.067 11.996 0 11.994
0.045 0.000999999999999994 0.046 0.017 0.001 0.018 11.431 0.00700000000000001 11.434 12.207 0 12.205 12.127 0 12.125
0.042 0.005 0.047 0.018 0 0.018 11.351 0.003 11.351 12.128 0 12.125 12.099 0 12.097
0.04 0.006 0.046 0.016 0.002 0.018 11.101 0.009 11.107 11.937 0 11.935 11.74 0 11.737
0.047 0 0.047 0.016 0.002 0.018 11.191 0.013 11.201 11.815 0 11.812 11.877 0 11.875
0.044 0.002 0.046 0.018 0.001 0.019 11.297 0.013 11.307 12.213 0 12.211 12.01 0 12.008
0.046 0.001 0.047 0.015 0.003 0.018 11.348 0.011 11.355 12.046 0 12.043 12.031 0 12.028
0.043 0.003 0.046 0.016 0.002 0.018 11.254 0.014 11.265 12.111 0.003 12.112 11.985 0 11.984
0.047 0 0.047 0.017 0.002 0.019 11.264 0.014 11.276 12.042 0 12.039 11.994 0 11.992
0.043 0.003 0.046 0.016 0.002 0.018 11.267 0.015 11.279 11.981 0 11.979 11.917 0 11.915
0.042 0.004 0.047 0.017 0.00199999999999999 0.018 11.055 0.009 11.061 11.861 0 11.859 11.82 0 11.818
0.042 0.004 0.046 0.017 0.002 0.018 11.444 0.009 11.449 12.23 0.003 12.231 12.004 0 12.001
0.042 0.004 0.046 0.016 0.003 0.019 11.451 0.015 11.463 12.246 0 12.244 12.109 0 12.107
0.038 0.003 0.042 0.015 0.003 0.017 11.191 0.011 11.199 11.944 0 11.943 11.88 0 11.878
0.043 0.003 0.046 0.017 0.002 0.019 11.382 0.015 11.394 12.049 0 12.047 12.143 0 12.14
0.043 0.003 0.046 0.018 0.001 0.019 11.495 0.008 11.5 12.197 0 12.194 12.084 0 12.081
0.042 0.002 0.045 0.019 0 0.019 11.116 0.013 11.131 11.685 0 11.691 11.512 0 11.514
0.045 0.003 0.048 0.016 0.002 0.019 11.778 0.013 11.788 12.565 0.001 12.564 12.503 0 12.5
0.045 0.001 0.045 0.015 0.003 0.019 11.561 0.015 11.572 12.269 0.001 12.267 12.152 0 12.15
0.043 0.003 0.046 0.015 0.003 0.018 11.248 0.008 11.253 11.913 0 11.911 11.888 0 11.885
0.041 0.004 0.045 0.016 0.002 0.019 11.242 0.009 11.247 12.051 0 12.049 12.013 0 12.012
0.044 0.003 0.047 0.017 0 0.018 11.172 0.015 11.183 11.965 0 11.962 11.904 0 11.901
0.045 0.001 0.046 0.015 0.003 0.019 11.213 0.015 11.224 11.958 0 11.955 11.882 0 11.88
0.039 0.00199999999999999 0.041 0.017 0.001 0.018 10.896 0.015 10.908 11.939 0 11.937 11.88 0 11.876
0.044 0.002 0.045 0.018 0.001 0.019 11.615 0.008 11.62 12.415 0 12.413 12.087 0 12.085
0.037 0.006 0.042 0.017 0.001 0.018 11.253 0.008 11.258 12.117 0 12.114 12.043 0 12.042
0.045 0.00199999999999999 0.047 0.017 0.001 0.018 12.331 0.008 12.335 13.188 0 13.186 12.908 0 12.905
0.044 0.004 0.048 0.017 0.002 0.018 11.479 0.013 11.49 12.198 0 12.194 12.108 0 12.107
0.042 0.004 0.047 0.019 0.001 0.019 11.571 0.013 11.581 12.261 0.001 12.259 12.176 0.001 12.175
0.044 0.002 0.046 0.019 0 0.018 11.296 0.016 11.31 11.933 0.001 11.932 12.005 0 12.002
0.044 0.00199999999999999 0.045 0.017 0.001 0.019 11.164 0.007 11.168 11.905 0 11.902 11.929 0 11.926
0.045 0.001 0.045 0.016 0.002 0.019 11.213 0.011 11.221 11.936 0 11.934 11.888 0 11.886
0.044 0.002 0.046 0.017 0.00199999999999999 0.018 11.501 0.004 11.503 12.138 0.001 12.135 12.219 0 12.216
0.041 0.005 0.046 0.018 0.001 0.018 11.189 0.008 11.195 12.143 0 12.139 12.063 0 12.061
0.046 0 0.045 0.015 0.004 0.019 11.084 0.012 11.093 11.891 0 11.888 11.764 0 11.762
0.041 0.005 0.046 0.017 0.001 0.019 11.399 0.009 11.405 12.121 0 12.119 12.045 0 12.042
0.044 0.002 0.046 0.019 0 0.019 11.232 0.016 11.245 11.983 0 11.98 11.934 0 11.932
0.042 0.004 0.046 0.016 0.00199999999999999 0.019 11.248 0.016 11.261 11.995 0 11.992 11.939 0 11.936
0.044 0.004 0.048 0.019 0 0.019 11.204 0.011 11.212 11.935 0 11.932 11.879 0 11.877
0.037 0.006 0.043 0.016 0.002 0.018 11.022 0.008 11.027 11.805 0 11.803 11.716 0.001 11.715
0.045 0.002 0.047 0.015 0.003 0.018 11.282 0.007 11.286 12.014 0.001 12.013 11.974 0 11.972
0.042 0.003 0.046 0.018 0.001 0.018 11.291 0.008 11.297 12.046 0 12.044 12.009 0 12.006
0.04 0.00600000000000001 0.045 0.014 0.004 0.019 11.742 0.017 11.754 12.524 0 12.523 12.514 0 12.51
0.042 0.001 0.042 0.015 0.002 0.018 11.237 0.00799999999999999 11.242 12.113 0.001 12.112 12.084 0 12.082
0.043 0.003 0.047 0.015 0.003 0.018 11.443 0.012 11.452 12.279 0.001 12.278 12.055 0 12.052
0.041 0.001 0.042 0.017 0.002 0.019 11.274 0.014 11.285 12.012 0 12.01 11.809 0 11.807
0.045 0.002 0.047 0.017 0.000999999999999994 0.018 11.329 0.008 11.34 11.89 0 11.895 11.758 0 11.758
0.042 0.005 0.046 0.017 0.001 0.019 11.378 0.01 11.386 12.237 0 12.234 12.132 0 12.13
0.043 0.005 0.048 0.015 0.004 0.019 11.575 0.007 11.579 12.311 0.001 12.31 12.275 0 12.273
0.041 0.005 0.046 0.019 0 0.019 12.444 0.006 12.447 13.155 0 13.152 13.053 0 13.05
0.04 0.00199999999999999 0.042 0.014 0.003 0.017 11.248 0.015 11.26 12.081 0 12.079 12.006 0 12.004
0.043 0.003 0.046 0.017 0.001 0.018 11.228 0.011 11.235 11.8 0 11.798 11.822 0 11.82
0.043 0.003 0.046 0.018 0 0.019 11.168 0.012 11.178 11.97 0 11.968 11.993 0 11.99
0.043 0.003 0.046 0.018 0.001 0.018 12.352 0.01 12.36 13.178 0 13.176 13.014 0 13.011
0.046 0 0.046 0.018 0 0.018 11.439 0.01 11.446 12.287 0 12.285 12.186 0 12.183
0.043 0.003 0.046 0.017 0.001 0.018 11.382 0.016 11.394 12.162 0 12.161 12.086 0 12.083
0.042 0.004 0.045 0.016 0.002 0.019 11.219 0.012 11.227 11.957 0 11.955 11.919 0 11.917
0.041 0.004 0.046 0.015 0.004 0.019 11.552 0.01 11.557 12.259 0 12.257 12.223 0 12.219
0.04 0.002 0.042 0.017 0.000999999999999997 0.017 11.099 0.015 11.112 11.923 0 11.921 11.863 0 11.86
0.041 0.005 0.046 0.018 0.001 0.019 11.322 0.013 11.331 12.137 0 12.135 12.069 0 12.066
0.041 0.005 0.046 0.014 0.004 0.018 11.116 0.01 11.123 11.892 0.001 11.891 11.818 0 11.816
0.043 0.005 0.047 0.015 0.003 0.018 11.777 0.006 11.78 12.461 0.001 12.46 12.376 0.001 12.374
0.044 0.002 0.047 0.018 0.001 0.018 11.262 0.01 11.27 12.033 0 12.03 11.972 0 11.97
0.038 0.004 0.042 0.016 0.001 0.017 11.601 0.008 11.606 12.479 0 12.477 12.477 0 12.474
0.043 0.003 0.046 0.019 0 0.018 11.835 0.014 11.846 12.556 0 12.554 12.244 0 12.24
0.042 0.004 0.046 0.017 0.001 0.019 11.266 0.016 11.279 12.032 0 12.029 11.934 0 11.932
0.043 0.003 0.046 0.018 0 0.018 11.397 0.00700000000000001 11.401 12.308 0.00199999999999999 12.307 12.134 0 12.131
0.042 0.003 0.046 0.016 0.003 0.019 11.298 0.012 11.306 12.026 0 12.023 11.963 0 11.962
0.044 0.00199999999999999 0.047 0.018 0.001 0.018 11.283 0.017 11.298 11.992 0 11.989 11.947 0 11.944
0.042 0.004 0.047 0.018 0 0.018 11.302 0.006 11.305 11.867 0 11.865 11.958 0 11.955
0.045 0.002 0.047 0.018 0 0.019 11.364 0.009 11.368 12.124 0.001 12.123 12.07 0 12.067
0.04 0.003 0.043 0.017 0.001 0.018 11.039 0.011 11.047 11.923 0 11.921 11.765 0 11.763
0.046 0.000999999999999994 0.048 0.016 0.002 0.018 11.201 0.013 11.21 11.983 0 11.981 11.868 0 11.864
0.043 0.003 0.046 0.018 0.001 0.018 11.391 0.013 11.402 12.071 0 12.067 12.105 0 12.102
0.045 0.000999999999999994 0.046 0.018 0 0.018 11.14 0.011 11.148 11.762 0.001 11.766 11.61 0 11.611
0.042 0.004 0.046 0.018 0 0.018 11.186 0.009 11.193 11.942 0 11.94 11.878 0 11.875
0.045 0.001 0.046 0.017 0.001 0.018 11.104 0.009 11.109 11.852 0 11.851 11.807 0 11.803
0.044 0.002 0.046 0.018 0.001 0.019 11.326 0.007 11.329 12.107 0 12.105 12.087 0 12.085
0.041 0.004 0.045 0.018 0.001 0.019 11.216 0.015 11.228 11.985 0.001 11.984 11.926 0 11.923
0.04 0.003 0.043 0.016 0.002 0.018 10.856 0.014 10.867 11.642 0 11.641 11.578 0 11.575
0.045 0.002 0.047 0.017 0.001 0.018 11.433 0.009 11.44 12.187 0 12.184 12.106 0 12.104
0.045 0.001 0.046 0.016 0.00199999999999999 0.018 11.318 0.012 11.328 12.072 0 12.07 12.14 0 12.136
0.044 0.00199999999999999 0.046 0.016 0.002 0.018 11.442 0.019 11.465 12.166 0 12.165 12.241 0 12.238
0.042 0.004 0.046 0.016 0.002 0.018 11.197 0.008 11.203 11.883 0 11.881 11.699 0 11.697
0.044 0.00199999999999999 0.046 0.017 0.002 0.019 11.94 0.009 11.946 12.506 0 12.503 12.584 0 12.581
0.044 0.003 0.047 0.015 0.003 0.018 11.399 0.014 11.409 12.09 0.003 12.091 12.039 0 12.038
0.043 0.003 0.046 0.019 0 0.019 11.418 0.014 11.429 12.041 0.001 12.039 12.074 0 12.072
0.042 0.004 0.046 0.017 0.001 0.019 11.651 0.015 11.663 12.349 0 12.346 12.243 0 12.241
0.042 0.003 0.046 0.018 0.001 0.018 11.188 0.016 11.201 11.922 0 11.92 11.867 0 11.865
0.044 0.00199999999999999 0.047 0.017 0.002 0.018 11.563 0.009 11.569 12.297 0 12.295 12.229 0 12.227
0.042 0.005 0.046 0.015 0.003 0.019 12.442 0.009 12.446 13.175 0 13.173 13.184 0 13.182
0.041 0.005 0.047 0.017 0.001 0.018 11.479 0.009 11.484 12.159 0.001 12.158 12.22 0 12.216
0.044 0.002 0.046 0.019 0 0.018 11.049 0.016 11.062 11.858 0 11.856 11.792 0 11.789
0.046 0 0.046 0.018 0 0.018 11.349 0.012 11.357 12.073 0 12.072 12.119 0 12.117
0.041 0.001 0.042 0.018 0 0.017 11.08 0.007 11.084 11.81 0 11.807 11.757 0 11.755
0.042 0.003 0.045 0.017 0.002 0.018 11.098 0.012 11.108 11.789 0.002 11.788 11.698 0 11.696
0.039 0.003 0.042 0.016 0.002 0.018 10.974 0.01 10.982 11.81 0.001 11.808 11.715 0 11.713
0.037 0.006 0.042 0.015 0.00199999999999999 0.018 11.958 0.01 11.964 13.201 0 13.199 13.015 0 13.012
0.04 0.006 0.047 0.017 0.001 0.018 11.344 0.01 11.351 12.116 0.000999999999999994 12.114 11.804 0 11.802
0.046 0.001 0.047 0.015 0.004 0.019 11.352 0.016 11.365 12.093 0 12.09 12.055 0 12.053
0.041 0.005 0.046 0.018 0 0.018 11.453 0.016 11.466 12.285 0 12.282 12.193 0 12.19
0.043 0.004 0.047 0.019 0 0.019 11.281 0.009 11.286 12.015 0 12.014 11.975 0 11.971
0.041 0.005 0.045 0.015 0.003 0.019 11.293 0.012 11.302 12.037 0 12.033 11.983 0 11.981
0.043 0.003 0.046 0.018 0.000999999999999994 0.018 11.731 0.01 11.739 12.371 0.001 12.368 12.479 0 12.477
0.045 0.000999999999999994 0.046 0.015 0.004 0.019 11.411 0.014 11.422 12.206 0 12.204 12.216 0 12.213
0.043 0.004 0.048 0.016 0.003 0.018 11.187 0.009 11.192 11.95 0 11.948 11.895 0 11.892
0.044 0.002 0.046 0.016 0.002 0.018 11.331 0.01 11.338 12.041 0.000999999999999994 12.039 12.012 0 12.011
0.043 0.004 0.046 0.018 0 0.018 12.337 0.011 12.344 13.249 0 13.246 12.91 0 12.907
0.038 0.008 0.046 0.017 0.002 0.019 11.143 0.006 11.146 11.931 0 11.928 11.871 0 11.869
0.045 0.002 0.047 0.018 0.001 0.018 11.14 0.017 11.155 12.054 0 12.051 11.932 0 11.93
0.043 0.003 0.047 0.015 0.003 0.018 11.597 0.012 11.606 12.318 0 12.315 12.194 0 12.191
0.042 0.004 0.046 0.016 0.002 0.019 11.324 0.01 11.332 12.119 0 12.115 11.892 0 11.898
0.043 0.003 0.046 0.017 0.002 0.018 11.185 0.01 11.192 12.078 0 12.076 11.909 0 11.906
0.039 0.007 0.046 0.018 0 0.018 11.306 0.008 11.311 12.123 0 12.12 12.085 0 12.082
0.043 0.004 0.047 0.017 0.000999999999999994 0.018 11.363 0.01 11.37 12.17 0 12.167 12.125 0 12.122
0.043 0.004 0.046 0.017 0.000999999999999994 0.019 11.7 0.012 11.709 12.502 0 12.499 12.336 0 12.334
0.045 0.001 0.045 0.018 0 0.019 11.249 0.014 11.26 12.026 0 12.024 11.986 0 11.984
0.047 0.004 0.05 0.018 0.001 0.02 11.055 0.011 11.063 11.867 0 11.865 11.793 0 11.789
0.043 0.002 0.046 0.019 0 0.018 11.282 0.017 11.296 12.037 0 12.035 11.967 0 11.964
0.041 0.00199999999999999 0.043 0.014 0.004 0.018 10.823 0.014 10.834 11.606 0 11.603 11.53 0 11.529
0.042 0.004 0.046 0.016 0.003 0.019 11.801 0.014 11.812 12.466 0 12.463 12.418 0 12.415
0.042 0.004 0.046 0.016 0.002 0.018 11.214 0.009 11.221 12.022 0 12.02 11.915 0 11.912
0.039 0.004 0.043 0.016 0.001 0.018 11.149 0.015 11.164 12.025 0.002 12.029 11.839 0.002 11.841
0.044 0.002 0.046 0.018 0.001 0.019 11.139 0.012 11.151 11.733 0.002 11.736 11.815 0.003 11.819
0.042 0.004 0.047 0.018 0.000999999999999994 0.018 11.407 0.009 11.414 11.961 0.001 11.96 12.025 0 12.022
0.044 0.002 0.046 0.016 0.002 0.019 11.588 0.01 11.594 12.158 0 12.156 12.251 0 12.249
0.041 0.001 0.043 0.016 0.002 0.018 11.333 0.01 11.339 12.193 0 12.191 12.061 0 12.057
0.039 0.007 0.046 0.017 0.001 0.019 11.494 0.008 11.499 12.167 0 12.164 12.101 0 12.099
0.04 0.002 0.042 0.014 0.003 0.018 10.785 0.012 10.801 11.903 0.001 11.91 11.838 0.001 11.846
0.043 0.003 0.046 0.017 0.001 0.019 11.129 0.01 11.136 11.879 0 11.877 11.533 0 11.53
0.043 0.004 0.047 0.016 0.002 0.018 11.564 0.013 11.574 12.31 0 12.308 12.215 0 12.212
0.041 0.005 0.045 0.015 0.003 0.018 11.188 0.009 11.194 11.89 0 11.888 11.945 0 11.941
0.041 0.005 0.046 0.018 0.001 0.019 11.244 0.015 11.257 11.98 0.001 11.978 11.882 0 11.879
0.045 0.001 0.046 0.017 0.001 0.018 11.25 0.007 11.254 11.971 0.001 11.97 12.015 0 12.013
0.044 0.00199999999999999 0.045 0.018 0 0.018 11.22 0.00600000000000001 11.223 11.945 0 11.942 11.897 0 11.895
0.045 0.001 0.045 0.017 0.001 0.018 10.856 0.006 10.859 11.762 0 11.76 11.589 0 11.587
0.039 0.003 0.042 0.017 0.001 0.018 10.785 0.011 10.798 11.632 0.002 11.635 11.587 0 11.587
0.044 0.002 0.047 0.019 0 0.018 11.479 0.011 11.488 12.223 0 12.22 12.169 0 12.165
0.045 0.001 0.047 0.016 0.002 0.018 11.764 0.006 11.766 12.51 0 12.508 12.464 0 12.461
0.043 0.002 0.045 0.019 0 0.019 11.237 0.018 11.252 11.89 0 11.888 11.959 0 11.956
0.044 0.003 0.047 0.019 0 0.018 11.457 0.012 11.465 12.189 0 12.187 12.127 0 12.125
0.044 0.003 0.048 0.017 0.001 0.018 11.713 0.01 11.719 12.455 0.001 12.453 12.346 0 12.343
0.041 0.005 0.046 0.018 0 0.018 11.195 0.011 11.203 11.943 0 11.94 11.898 0 11.896
0.041 0.001 0.042 0.016 0.002 0.018 11.03 0.013 11.04 12.077 0.001 12.075 11.999 0 11.998
0.043 0.003 0.046 0.018 0.001 0.019 11.331 0.01 11.338 12.128 0.00199999999999999 12.127 11.892 0 11.89
0.045 0.002 0.047 0.018 0 0.019 11.247 0.013 11.257 12.048 0 12.046 12.03 0 12.028
0.042 0.004 0.046 0.015 0.003 0.018 11.011 0.013 11.021 11.785 0 11.783 11.636 0 11.634
0.041 0.005 0.046 0.018 0.001 0.019 11.292 0.014 11.302 12.023 0 12.021 11.985 0 11.983
0.042 0.003 0.045 0.014 0.005 0.019 11.306 0.011 11.314 12.056 0 12.054 12.016 0 12.014
0.045 0.002 0.045 0.016 0.002 0.019 11.33 0.014 11.341 12.23 0 12.228 12.119 0 12.116
0.043 0.003 0.046 0.017 0.001 0.019 11.365 0.014 11.374 12.068 0 12.067 12.03 0 12.027
0.045 0.001 0.046 0.017 0.002 0.018 11.755 0.003 11.755 12.568 0 12.567 12.367 0 12.364
0.042 0.003 0.046 0.018 0.001 0.018 11.269 0.011 11.278 12.019 0 12.016 11.809 0 11.807
0.036 0.006 0.042 0.016 0.001 0.018 11.355 0.009 11.359 12.084 0.000999999999999994 12.082 12.046 0 12.044
0.044 0.00199999999999999 0.046 0.017 0.001 0.018 11.231 0.005 11.233 11.889 0 11.886 11.813 0 11.811
0.044 0.004 0.048 0.017 0.002 0.019 11.371 0.011 11.378 12.106 0 12.105 12.053 0 12.051
0.044 0.002 0.046 0.016 0.002 0.018 11.158 0.015 11.17 11.912 0 11.91 11.862 0 11.86
0.043 0.003 0.046 0.016 0.002 0.019 11.375 0.013 11.385 11.976 0 11.973 11.928 0 11.926
0.047 0 0.047 0.014 0.004 0.018 11.233 0.015 11.246 12.007 0 12.004 11.933 0 11.931
0.04 0.00199999999999999 0.043 0.016 0.002 0.017 11.002 0.009 11.009 11.771 0.001 11.769 11.721 0 11.719
0.044 0.00199999999999999 0.047 0.016 0.002 0.018 11.483 0.014 11.493 12.241 0 12.239 12.135 0 12.132
0.045 0.000999999999999994 0.046 0.017 0.001 0.018 11.282 0.008 11.286 12.076 0 12.074 12.036 0 12.034
0.041 0.001 0.042 0.017 0.001 0.018 11.195 0.016 11.213 12.09 0.001 12.093 11.929 0.000999999999999994 11.929
0.05 0.001 0.051 0.018 0.001 0.019 11.474 0.00899999999999999 11.48 12.24 0 12.237 12.255 0 12.253
0.044 0.002 0.046 0.018 0.001 0.019 11.725 0.009 11.731 12.409 0 12.405 12.497 0 12.496
0.044 0.002 0.047 0.017 0.001 0.018 11.544 0.012 11.552 12.228 0 12.226 12.295 0 12.293
0.043 0.003 0.045 0.017 0.000999999999999994 0.019 11.363 0.012 11.371 12.136 0 12.134 12.108 0 12.105
0.046 0 0.046 0.016 0.002 0.018 11.436 0.014 11.448 12.144 0 12.141 12.104 0 12.102
0.042 0.004 0.047 0.017 0.002 0.019 11.509 0.011 11.517 12.223 0.001 12.223 12.181 0 12.179
0.042 0.003 0.046 0.017 0.002 0.018 11.252 0.014 11.263 12 0 11.998 11.963 0 11.96
0.044 0.00199999999999999 0.046 0.017 0.002 0.019 11.86 0.009 11.866 12.624 0 12.622 12.509 0 12.505
0.044 0.001 0.046 0.019 0 0.018 11.1 0.013 11.111 11.976 0 11.972 11.833 0 11.831
0.042 0.005 0.046 0.018 0 0.018 11.333 0.009 11.34 11.992 0 11.989 11.957 0 11.956
0.044 0.002 0.046 0.016 0.00199999999999999 0.018 11.043 0.01 11.05 11.773 0 11.771 11.776 0 11.775
0.044 0.002 0.046 0.014 0.004 0.019 11.2 0.013 11.21 11.904 0 11.9 11.857 0 11.856
0.043 0.003 0.046 0.018 0.000999999999999994 0.018 11.127 0.011 11.136 11.905 0.001 11.911 11.582 0 11.585
0.042 0 0.041 0.016 0.002 0.018 11.049 0.018 11.072 11.78 0 11.787 11.687 0.001 11.693
0.043 0.003 0.046 0.017 0.001 0.019 11.331 0.018 11.345 12.087 0 12.085 12.044 0 12.041
0.046 0 0.046 0.018 0.001 0.019 11.357 0.011 11.364 12.214 0.00199999999999999 12.214 12.01 0 12.008
0.043 0.003 0.046 0.017 0.002 0.018 11.468 0.01 11.476 12.216 0 12.214 12.18 0 12.177
0.042 0.004 0.046 0.018 0 0.018 11.07 0.012 11.079 11.82 0 11.818 11.703 0 11.7
0.043 0.003 0.046 0.017 0.001 0.019 11.293 0.016 11.305 12.068 0 12.066 12.019 0 12.016
0.042 0.004 0.046 0.017 0.001 0.019 11.285 0.009 11.29 12.043 0 12.04 11.983 0 11.981
0.039 0.003 0.042 0.016 0.00199999999999999 0.017 10.912 0.013 10.922 11.926 0 11.924 11.878 0 11.875
0.043 0.002 0.045 0.017 0.001 0.018 11.128 0.011 11.136 11.888 0 11.885 11.675 0 11.673
0.043 0.003 0.047 0.015 0.004 0.018 11.198 0.009 11.205 12.006 0 12.002 11.99 0 11.989
0.04 0.006 0.046 0.016 0.002 0.018 11.266 0.007 11.27 12.058 0.001 12.056 11.993 0 11.99
0.04 0.006 0.047 0.018 0.001 0.018 11.193 0.014 11.205 11.967 0 11.965 11.926 0 11.923
0.041 0.004 0.045 0.017 0.002 0.019 11.518 0.01 11.525 12.313 0 12.312 12.121 0 12.123
0.043 0.003 0.046 0.017 0.001 0.018 11.508 0.009 11.514 12.164 0 12.162 12.123 0 12.12
0.043 0.004 0.046 0.017 0.001 0.019 11.24 0.01 11.247 11.931 0 11.928 11.998 0 11.995
0.043 0.00199999999999999 0.046 0.019 0 0.018 11.266 0.008 11.272 12.034 0 12.032 11.971 0 11.97
0.042 0.004 0.046 0.018 0.001 0.018 11.834 0.017 11.856 12.386 0.001 12.394 12.43 0.001 12.438
0.046 0.001 0.047 0.017 0.001 0.018 11.347 0.01 11.353 12.057 0 12.055 12.031 0 12.028
0.045 0 0.046 0.017 0.00199999999999999 0.018 11.06 0.013 11.072 11.807 0 11.804 11.816 0 11.814
0.045 0.003 0.048 0.019 0 0.019 11.823 0.011 11.831 12.511 0.001 12.509 12.43 0 12.428
0.04 0.006 0.046 0.014 0.004 0.018 11.279 0.015 11.291 12.021 0 12.019 11.962 0 11.96
0.041 0.005 0.047 0.017 0.002 0.018 11.321 0.011 11.329 12.179 0 12.177 12.04 0 12.037
0.043 0.003 0.047 0.016 0.002 0.019 11.517 0.007 11.521 12.335 0.001 12.333 12.218 0 12.216
0.039 0.004 0.043 0.015 0.002 0.018 11.059 0.014 11.069 11.959 0.001 11.958 11.821 0 11.819
0.043 0.003 0.046 0.018 0.001 0.018 11.41 0.005 11.412 12.176 0 12.175 12.084 0.001 12.083
0.043 0.003 0.046 0.017 0.001 0.018 11.103 0.015 11.115 11.793 0.001 11.792 11.737 0 11.734
0.045 0.001 0.045 0.017 0.001 0.019 11.209 0.011 11.216 11.947 0 11.944 11.769 0 11.767
0.042 0.004 0.046 0.018 0.001 0.018 11.219 0.01 11.226 11.881 0 11.88 11.908 0 11.906
0.044 0.002 0.046 0.017 0.002 0.018 11.236 0.015 11.249 11.972 0 11.97 11.911 0 11.909
0.042 0.004 0.046 0.018 0 0.018 11.206 0.015 11.218 11.84 0.001 11.838 11.901 0 11.899
0.045 0.002 0.047 0.015 0.003 0.018 11.615 0.00899999999999999 11.62 12.477 0.001 12.474 12.291 0 12.289
0.044 0.00199999999999999 0.046 0.018 0 0.019 11.358 0.012 11.366 12.056 0.001 12.055 12.022 0 12.02
0.044 0.003 0.046 0.017 0.000999999999999994 0.018 11.194 0.00700000000000001 11.207 11.759 0 11.761 11.587 0 11.591
0.046 0.003 0.048 0.018 0 0.018 11.78 0.013 11.79 12.625 0 12.623 12.408 0 12.412
0.042 0.005 0.047 0.016 0.002 0.018 11.258 0.015 11.27 12.037 0.001 12.035 12.037 0 12.035
0.042 0.004 0.046 0.016 0.00199999999999999 0.018 11.365 0.005 11.367 12.049 0 12.046 12.03 0 12.027
0.046 0 0.045 0.018 0 0.019 11.2 0.008 11.205 12.011 0 12.009 12.007 0 12.005
0.043 0.003 0.046 0.017 0.00199999999999999 0.018 11.306 0.012 11.315 12.014 0.004 12.017 12.007 0 12.004
0.043 0.004 0.047 0.016 0.00199999999999999 0.018 11.653 0.014 11.664 12.564 0 12.561 12.446 0 12.444
0.045 0.002 0.046 0.014 0.004 0.018 11.231 0.009 11.237 12.151 0 12.149 11.94 0 11.938
0.038 0.004 0.041 0.017 0 0.018 10.773 0.011 10.786 11.58 0 11.586 11.496 0 11.502
0.041 0.001 0.042 0.018 0 0.018 10.901 0.007 10.905 12.132 0 12.13 12.064 0 12.06
0.043 0.003 0.046 0.017 0.001 0.018 11.138 0.013 11.148 11.912 0 11.909 11.538 0 11.537
0.041 0.004 0.045 0.019 0 0.018 11.295 0.005 11.298 12.059 0.001 12.058 12.022 0 12.019
0.044 0.003 0.046 0.017 0.001 0.019 11.436 0.013 11.445 12.187 0.002 12.187 12.11 0 12.108
0.043 0.002 0.045 0.015 0.003 0.018 11.242 0.00600000000000001 11.245 12.002 0 12 11.922 0 11.92
0.042 0.004 0.046 0.014 0.004 0.018 11.333 0.012 11.34 12.046 0 12.045 11.966 0 11.962
0.042 0.004 0.046 0.017 0.001 0.018 11.378 0.009 11.384 12.318 0 12.315 12.039 0 12.037
0.044 0.001 0.046 0.016 0.002 0.018 11.42 0.012 11.429 12.194 0 12.191 12.084 0 12.083
0.043 0.002 0.044 0.017 0.001 0.019 11.216 0.01 11.222 11.984 0 11.982 11.916 0 11.914
0.045 0.002 0.046 0.017 0.001 0.019 11.727 0.017 11.74 12.418 0 12.415 12.31 0 12.308
0.04 0.002 0.042 0.014 0.004 0.018 10.73 0.018 10.751 11.832 0 11.84 11.689 0 11.689
0.043 0.003 0.046 0.016 0.002 0.018 11.235 0.015 11.246 11.93 0.001 11.932 11.334 0 11.337
0.044 0.001 0.045 0.017 0.002 0.019 11.335 0.013 11.345 12.077 0 12.074 11.959 0 11.957
0.044 0.002 0.046 0.016 0.002 0.018 11.323 0.014 11.334 12.013 0.002 12.011 12.115 0 12.112
0.046 0 0.046 0.018 0 0.018 11.034 0.01 11.041 11.843 0 11.84 11.845 0 11.844
0.038 0.006 0.044 0.015 0.003 0.018 11.082 0.007 11.086 11.976 0 11.974 11.857 0 11.855
0.049 0.002 0.051 0.018 0.001 0.018 12.498 0.008 12.503 13.224 0 13.22 13.158 0 13.155
0.048 0.001 0.049 0.018 0.001 0.019 11.53 0.01 11.537 12.257 0.00199999999999999 12.257 12.199 0 12.195
0.043 0.003 0.046 0.016 0.002 0.018 11.327 0.009 11.333 12.055 0 12.053 11.987 0 11.984
0.04 0.003 0.043 0.017 0 0.018 12.321 0.011 12.329 13.006 0 13.004 13.023 0 13.02
0.043 0.003 0.047 0.019 0 0.018 11.29 0.009 11.297 12.153 0.000999999999999994 12.151 12.005 0 12.003
0.045 0.002 0.046 0.016 0.002 0.019 11.272 0.007 11.276 12.007 0 12.004 11.942 0 11.94
0.04 0.003 0.042 0.017 0.001 0.018 10.968 0.011 10.976 11.813 0 11.812 11.741 0 11.738
0.044 0.001 0.045 0.017 0.002 0.018 11.168 0.015 11.18 11.887 0 11.885 11.84 0 11.837
0.043 0.003 0.046 0.017 0.000999999999999994 0.018 11.167 0.015 11.179 11.926 0 11.924 11.827 0 11.824
0.042 0.004 0.046 0.015 0.003 0.019 11.591 0.012 11.6 12.155 0.001 12.152 12.28 0 12.279
0.041 0.002 0.043 0.016 0.001 0.018 11.208 0.013 11.218 12.152 0 12.148 11.963 0 11.961
0.044 0.003 0.046 0.016 0.00199999999999999 0.018 11.662 0.012 11.67 12.49 0.001 12.489 12.378 0 12.375
0.045 0.001 0.046 0.017 0.00199999999999999 0.018 10.902 0.012 10.912 11.954 0 11.952 11.667 0 11.664
0.043 0.002 0.046 0.018 0.001 0.019 11.318 0.013 11.327 11.975 0 11.973 11.985 0 11.981
0.045 0.002 0.047 0.017 0.001 0.018 11.53 0.012 11.539 12.246 0.001 12.245 12.168 0 12.166
0.045 0.004 0.049 0.018 0 0.018 11.053 0.017 11.075 11.677 0 11.685 11.526 0 11.529
0.047 0.002 0.048 0.017 0.001 0.019 11.307 0.009 11.312 12.044 0 12.041 11.916 0 11.918
0.042 0.004 0.046 0.017 0.002 0.019 11.284 0.006 11.286 12.03 0 12.029 11.964 0 11.962
0.042 0.004 0.046 0.016 0.002 0.018 11.475 0.005 11.476 12.272 0 12.27 12.184 0 12.181
0.043 0.003 0.046 0.018 0.001 0.018 11.375 0.011 11.384 12.027 0 12.025 12.001 0 11.999
0.044 0.003 0.046 0.015 0.003 0.019 11.41 0.016 11.422 12.164 0 12.163 12.103 0 12.101
0.043 0.003 0.045 0.015 0.003 0.019 11.058 0.012 11.067 11.746 0.001 11.744 11.662 0 11.66
0.044 0.002 0.046 0.017 0.001 0.018 11.048 0.012 11.058 11.792 0 11.789 11.742 0 11.74
0.044 0.002 0.046 0.019 0 0.019 11.739 0.01 11.746 12.593 0 12.59 12.425 0 12.423
0.044 0.004 0.047 0.018 0 0.019 11.543 0.01 11.55 12.236 0 12.234 12.177 0 12.174
0.044 0.004 0.048 0.016 0.002 0.018 11.321 0.011 11.328 12.07 0.001 12.069 12.018 0 12.015
0.045 0.002 0.047 0.016 0.00199999999999999 0.018 12.287 0.00700000000000001 12.291 13.27 0 13.267 12.936 0 12.933
0.046 0 0.045 0.018 0 0.019 11.236 0.014 11.247 12.037 0 12.034 11.94 0 11.937
0.042 0.004 0.045 0.016 0.002 0.019 11.21 0.00600000000000001 11.213 11.94 0 11.938 11.882 0 11.879
0.044 0.003 0.048 0.018 0.001 0.018 11.542 0.016 11.554 12.332 0 12.33 12.245 0 12.242
0.041 0.001 0.042 0.016 0.001 0.018 10.98 0.011 10.988 12.008 0 12.005 11.949 0 11.947
0.041 0.006 0.047 0.017 0.001 0.018 12.457 0.016 12.469 13.172 0 13.17 12.679 0 12.675
0.044 0.002 0.046 0.015 0.003 0.019 11.617 0.006 11.619 12.239 0.002 12.239 12.182 0 12.179
0.043 0.003 0.046 0.016 0.002 0.018 11.181 0.015 11.194 11.713 0 11.717 11.527 0 11.527
0.047 0.002 0.049 0.016 0.002 0.018 11.223 0.005 11.225 11.775 0 11.781 11.596 0.001 11.6
0.044 0.003 0.046 0.016 0.00199999999999999 0.019 11.411 0.00700000000000001 11.415 12.102 0.001 12.099 12.003 0 12.001
0.042 0.001 0.043 0.016 0.001 0.017 11.529 0.011 11.537 12.521 0.002 12.52 12.471 0 12.468
0.044 0.00199999999999999 0.046 0.014 0.004 0.018 11.226 0.015 11.238 11.883 0 11.88 11.958 0 11.955
0.04 0.005 0.046 0.018 0.001 0.018 11.12 0.008 11.126 11.844 0.001 11.843 11.786 0 11.783
0.043 0.002 0.046 0.017 0.00199999999999999 0.018 11.178 0.011 11.187 11.929 0 11.926 11.931 0 11.929
0.04 0.006 0.046 0.018 0.001 0.018 11.355 0.012 11.365 11.97 0.001 11.968 12.033 0 12.031
0.043 0.00199999999999999 0.044 0.017 0.002 0.019 11.412 0.012 11.421 12.184 0 12.181 12.153 0 12.151
0.044 0.003 0.046 0.016 0.002 0.018 11.293 0.009 11.298 12.053 0 12.052 11.999 0 11.995
0.043 0.003 0.046 0.018 0.001 0.018 11.359 0.014 11.371 12.143 0 12.14 12.087 0 12.084
0.044 0.003 0.047 0.018 0.001 0.019 11.343 0.012 11.352 12.191 0.001 12.189 12.141 0 12.139
0.04 0.006 0.046 0.018 0.001 0.019 11.338 0.011 11.346 12.08 0 12.078 12.011 0 12.009
0.042 0 0.042 0.016 0.002 0.018 10.82 0.014 10.831 11.673 0 11.671 11.58 0 11.577
0.043 0.003 0.047 0.019 0 0.018 11.125 0.012 11.135 11.871 0 11.869 11.811 0 11.809
0.045 0.001 0.046 0.017 0.000999999999999994 0.018 11.203 0.012 11.212 11.982 0 11.979 11.925 0 11.922
0.046 0 0.047 0.017 0.000999999999999994 0.018 11.27 0.017 11.284 11.853 0 11.851 11.902 0 11.899
0.045 0.002 0.047 0.017 0.001 0.018 11.346 0.01 11.353 12.377 0 12.374 12.105 0.001 12.104
0.047 0 0.046 0.017 0.001 0.019 10.884 0.01 10.891 11.865 0 11.862 11.663 0 11.66
0.041 0.003 0.044 0.016 0.002 0.018 11.203 0.014 11.215 12.105 0.002 12.105 11.918 0 11.915
0.043 0.004 0.046 0.016 0.002 0.019 11.88 0.016 11.892 12.534 0 12.531 12.539 0 12.536
0.043 0.003 0.047 0.018 0.001 0.019 11.402 0.016 11.414 12.173 0 12.171 12.123 0 12.121
0.042 0.005 0.047 0.018 0 0.018 11.31 0.006 11.313 12.071 0.003 12.073 12.022 0.001 12.021
0.045 0.001 0.046 0.018 0 0.018 11.243 0.008 11.25 11.954 0 11.951 11.91 0 11.908
0.043 0.003 0.046 0.016 0.003 0.019 11.299 0.011 11.307 12.05 0 12.046 11.949 0 11.947
0.043 0.003 0.046 0.018 0.001 0.018 11.112 0.014 11.124 11.956 0 11.954 11.827 0 11.824
0.037 0.006 0.043 0.015 0.002 0.018 11.279 0.009 11.284 12.16 0 12.158 12.127 0.000999999999999994 12.125
0.043 0.003 0.046 0.016 0.002 0.019 11.397 0.013 11.407 12.071 0 12.068 12.079 0 12.077
0.045 0.001 0.047 0.017 0.001 0.018 11.419 0.015 11.431 12.231 0 12.229 12.216 0 12.213
0.042 0.002 0.043 0.015 0.00199999999999999 0.018 11.194 0.01 11.2 11.973 0 11.972 11.895 0 11.892
0.04 0.000999999999999994 0.041 0.016 0.002 0.018 10.791 0.015 10.802 11.604 0 11.603 11.533 0 11.531
0.042 0.004 0.046 0.018 0.001 0.018 11.123 0.012 11.133 11.878 0 11.876 11.834 0 11.831
0.041 0.00199999999999999 0.043 0.014 0.004 0.018 11.39 0.016 11.403 12.283 0.001 12.281 12.117 0 12.115
0.046 0 0.046 0.015 0.003 0.018 11.208 0.012 11.216 11.946 0 11.943 11.888 0 11.886
0.044 0.002 0.045 0.015 0.003 0.019 11.157 0.008 11.162 12.019 0 12.016 11.983 0 11.981
0.043 0.003 0.046 0.017 0.002 0.019 11.172 0.014 11.183 11.903 0.002 11.902 11.839 0 11.836
0.045 0.00199999999999999 0.046 0.015 0.003 0.019 11.5 0.008 11.504 12.243 0.002 12.242 12.108 0.001 12.107
0.039 0.003 0.042 0.014 0.004 0.018 11.187 0.008 11.192 12.289 0 12.286 12.104 0 12.109
0.043 0.003 0.046 0.016 0.00199999999999999 0.018 11.256 0.012 11.264 11.924 0.002 11.925 11.759 0 11.756
0.043 0.003 0.046 0.017 0.001 0.018 11.083 0.015 11.095 11.825 0 11.822 11.757 0 11.755
0.039 0.003 0.042 0.017 0.001 0.018 11.327 0.008 11.332 12.027 0.001 12.025 11.948 0 11.946
0.046 0 0.046 0.019 0 0.019 12.441 0.011 12.449 13.29 0 13.287 13.035 0 13.032
0.044 0.00199999999999999 0.047 0.016 0.003 0.018 11.281 0.015 11.293 12.053 0 12.051 12.001 0 11.998
0.041 0.005 0.047 0.015 0.003 0.018 11.653 0.01 11.659 12.218 0 12.216 12.269 0 12.267
0.043 0.003 0.045 0.015 0.003 0.019 11.245 0.008 11.25 11.631 0 11.628 11.748 0 11.745
0.037 0.006 0.042 0.016 0.001 0.018 11.311 0.009 11.317 12.223 0 12.221 12.056 0 12.053
0.046 0.001 0.047 0.018 0.001 0.018 11.143 0.016 11.158 11.938 0 11.934 11.845 0 11.843
0.043 0.003 0.045 0.018 0 0.019 11.211 0.012 11.219 11.865 0 11.863 11.948 0 11.945
0.037 0.005 0.042 0.017 0.001 0.017 10.646 0.01 10.653 11.64 0.001 11.64 11.749 0 11.745
0.045 0.001 0.046 0.016 0.002 0.018 11.213 0.012 11.222 12.008 0 12.006 11.964 0 11.961
0.038 0.004 0.042 0.017 0 0.017 10.776 0.014 10.787 11.641 0 11.639 11.584 0 11.581
0.041 0.005 0.046 0.015 0.003 0.018 11.25 0.008 11.254 12.016 0 12.014 11.955 0 11.953
0.044 0.001 0.045 0.019 0 0.019 11.436 0.015 11.449 12.104 0.001 12.101 12.074 0 12.073
0.041 0.002 0.043 0.018 0 0.018 10.844 0.014 10.855 11.678 0 11.675 11.608 0 11.606
0.043 0.003 0.046 0.017 0.001 0.019 11.258 0.009 11.265 11.988 0 11.985 11.94 0 11.938
0.043 0.004 0.046 0.017 0.001 0.018 11.722 0.012 11.731 12.415 0.00199999999999999 12.414 12.521 0 12.518
0.039 0.007 0.045 0.015 0.003 0.018 11.325 0.009 11.332 11.929 0 11.925 11.988 0 11.986
0.041 0.004 0.046 0.017 0.002 0.018 11.209 0.011 11.218 12.007 0 12.004 11.805 0 11.803
0.043 0.003 0.046 0.017 0.00199999999999999 0.019 11.238 0.009 11.244 11.969 0 11.967 11.782 0 11.78
0.043 0.003 0.046 0.017 0.001 0.019 11.083 0.01 11.089 12.001 0.00199999999999999 12.002 11.826 0 11.822
0.041 0.006 0.047 0.018 0.001 0.019 11.669 0.008 11.675 12.523 0.001 12.52 12.435 0 12.432
0.044 0.002 0.046 0.015 0.003 0.019 11.173 0.007 11.176 11.981 0 11.979 11.927 0 11.925
0.045 0.004 0.049 0.014 0.004 0.018 11.56 0.004 11.562 12.275 0.001 12.274 12.202 0 12.2
0.039 0.007 0.046 0.017 0.002 0.018 11.309 0.02 11.326 12.068 0 12.066 11.995 0 11.993
0.043 0.003 0.046 0.017 0.000999999999999994 0.019 11.407 0.011 11.414 11.823 0 11.821 11.655 0 11.653
0.045 0.001 0.046 0.016 0.003 0.019 11.203 0.013 11.213 11.932 0 11.93 11.9 0 11.898
0.04 0.004 0.044 0.017 0.001 0.018 11.399 0.008 11.405 12.308 0 12.304 12.229 0 12.227
0.045 0 0.045 0.018 0.001 0.019 11.306 0.015 11.318 12.116 0 12.114 12.02 0.001 12.018
0.045 0.001 0.046 0.019 0.001 0.018 11.184 0.011 11.194 11.847 0 11.845 11.796 0 11.793
0.042 0.004 0.046 0.016 0.002 0.018 11.509 0.01 11.516 12.009 0 12.006 11.972 0 11.97
0.044 0.003 0.046 0.019 0 0.019 11.483 0.014 11.495 12.235 0 12.232 12.183 0 12.179
0.039 0.003 0.042 0.016 0.002 0.018 10.991 0.014 11.003 12.205 0.001 12.202 12.17 0 12.169
0.045 0.002 0.047 0.017 0.000999999999999994 0.018 11.396 0.016 11.408 12.167 0 12.166 11.717 0 11.715
0.044 0.003 0.047 0.018 0.001 0.018 11.427 0.012 11.437 12.193 0 12.191 12.141 0 12.138
