0.046 0 0.046 0.00799999999999998 0.002 0.011 8.377 0.003 8.377 8.799 0 8.797 8.859 0 8.856
0.047 0.002 0.047 0.011 0 0.011 8.505 0.009 8.512 8.918 0 8.916 8.823 0 8.822
0.056 0.002 0.058 0.011 0.000999999999999997 0.011 9.016 0.009 9.023 8.968 0 8.965 8.873 0 8.872
0.053 0 0.054 0.013 0.000999999999999994 0.014 10.313 0.008 10.318 10.804 0 10.803 10.539 0 10.535
0.047 0 0.046 0.00999999999999998 0.001 0.011 8.526 0.008 8.533 8.928 0 8.926 9.158 0 9.157
0.053 0 0.054 0.011 0 0.012 9.423 0.009 9.43 9.885 0 9.881 9.818 0 9.818
0.053 0.00199999999999999 0.055 0.013 0 0.013 10.297 0.002 10.296 10.654 0 10.652 10.674 0 10.672
0.053 0.000999999999999994 0.055 0.01 0.001 0.011 9.476 0.008 9.481 9.222 0 9.219 8.998 0 8.997
0.045 0.002 0.047 0.00999999999999998 0.001 0.011 9.328 0.006 9.331 9.841 0 9.839 9.592 0 9.59
0.055 0 0.054 0.01 0.001 0.012 9.516 0.01 9.523 9.823 0 9.821 9.64 0 9.645
0.046 0 0.047 0.012 0 0.011 8.971 0.01 8.98 9.301 0 9.297 9.208 0 9.207
0.053 0.001 0.054 0.00900000000000001 0.00199999999999999 0.012 9.166 0.008 9.172 9.592 0 9.588 9.506 0 9.506
0.053 0 0.054 0.012 0 0.011 8.981 0.009 8.988 9.463 0 9.462 9.358 0 9.355
0.055 0 0.055 0.011 0 0.011 9.445 0.01 9.453 9.263 0 9.261 9.111 0 9.108
0.054 0 0.054 0.012 0 0.012 9.136 0.008 9.141 9.189 0 9.188 8.831 0 8.829
0.046 0.001 0.046 0.01 0.001 0.011 9.26 0.011 9.27 9.677 0.001 9.675 9.64 0 9.638
0.051 0.002 0.053 0.011 0.001 0.012 8.698 0.008 8.705 8.937 0 8.934 8.857 0 8.857
0.053 0.001 0.054 0.012 0 0.012 9.513 0.007 9.518 9.963 0 9.96 9.824 0 9.823
0.054 0.001 0.055 0.014 0 0.014 10.314 0.005 10.316 10.778 0.001 10.777 10.496 0 10.494
0.046 0 0.047 0.011 0 0.011 8.402 0.009 8.408 8.814 0 8.812 8.696 0 8.693
0.055 0 0.056 0.011 0 0.011 9.162 0.011 9.171 9.529 0 9.526 9.454 0 9.453
0.052 0.001 0.053 0.011 0 0.011 9.068 0.004 9.07 9.483 0 9.481 9.44 0 9.438
0.045 0.002 0.046 0.011 0 0.011 8.572 0.014 8.584 8.977 0 8.975 8.872 0 8.871
0.055 0 0.055 0.013 0.001 0.014 9.765 0.003 9.765 9.813 0.001 9.813 9.73 0 9.727
0.055 0.001 0.056 0.014 0 0.014 10.334 0.003 10.335 10.813 0.001 10.812 10.667 0 10.664
0.052 0 0.052 0.01 0.001 0.011 9.463 0.008 9.469 9.979 0 9.976 9.847 0 9.846
0.052 0.000999999999999994 0.054 0.011 0.001 0.011 9.139 0.009 9.147 9.586 0 9.583 9.528 0 9.527
0.054 0.001 0.055 0.014 0 0.014 10.364 0.006 10.367 10.805 0 10.803 10.749 0 10.746
0.054 0 0.054 0.01 0.001 0.011 9.115 0.007 9.12 9.579 0 9.576 9.485 0 9.483
0.053 0.001 0.054 0.011 0.000999999999999994 0.012 9.558 0.01 9.565 9.939 0 9.937 9.799 0 9.796
0.055 0 0.055 0.011 0.001 0.012 9.499 0.009 9.506 9.969 0.001 9.97 9.926 0 9.922
0.054 0.001 0.055 0.014 0 0.014 10.4 0.004 10.402 10.837 0 10.835 10.561 0 10.558
0.055 0 0.055 0.013 0.001 0.014 10.201 0.001 10.199 10.505 0 10.503 10.581 0 10.578
0.054 0 0.054 0.011 0 0.012 9.014 0.009 9.02 9.448 0 9.445 9.422 0 9.421
0.047 0 0.046 0.00999999999999998 0.001 0.011 9.117 0.006 9.122 9.96 0 9.956 9.848 0 9.846
0.053 0.001 0.054 0.01 0.001 0.011 9.449 0.006 9.452 9.907 0 9.903 9.438 0 9.438
0.046 0 0.046 0.01 0.001 0.011 8.439 0.013 8.45 8.831 0 8.828 8.79 0 8.788
0.045 0 0.046 0.00900000000000001 0.003 0.011 8.406 0.00700000000000001 8.411 8.837 0 8.835 8.734 0 8.731
0.051 0.001 0.052 0.011 0 0.011 8.929 0.009 8.935 9.392 0.000999999999999994 9.391 9.326 0 9.325
0.053 0 0.054 0.01 0.002 0.011 9.498 0.008 9.505 9.956 0.001 9.953 9.739 0 9.737
0.055 0.001 0.056 0.012 0.002 0.014 10.358 0.00799999999999999 10.363 10.844 0 10.842 10.801 0 10.798
0.047 0 0.047 0.00899999999999998 0.00199999999999999 0.012 8.918 0.01 8.926 9.37 0 9.367 9.245 0 9.244
0.055 0 0.055 0.011 0 0.011 9.489 0.011 9.499 9.954 0 9.951 9.715 0 9.713
0.052 0.001 0.053 0.011 0.001 0.011 8.917 0.00899999999999999 8.924 9.406 0 9.405 9.355 0 9.353
0.053 0.000999999999999994 0.054 0.01 0.001 0.012 8.887 0.011 8.894 9.323 0 9.321 9.23 0 9.228
0.048 0 0.048 0.012 0.000999999999999994 0.013 10.354 0.004 10.356 10.822 0 10.82 10.799 0 10.796
0.053 0.002 0.054 0.011 0 0.012 9.532 0.008 9.536 9.992 0.000999999999999994 9.992 9.762 0 9.759
0.052 0.001 0.053 0.00999999999999998 0.001 0.011 8.903 0.009 8.909 9.35 0 9.348 9.249 0 9.248
0.054 0.001 0.055 0.01 0.001 0.012 9.124 0.004 9.125 9.555 0 9.553 9.48 0 9.478
0.052 0.002 0.053 0.011 0 0.011 9.523 0.00899999999999999 9.529 9.986 0 9.985 9.811 0 9.808
0.056 0 0.056 0.01 0.001 0.011 9.527 0.009 9.534 9.943 0.002 9.942 9.864 0 9.862
0.048 0.002 0.051 0.01 0.001 0.011 9.1 0.00899999999999999 9.106 9.595 0 9.593 9.463 0 9.462
0.053 0 0.053 0.011 0.001 0.012 8.975 0.007 8.98 9.407 0 9.404 9.306 0 9.305
0.053 0 0.054 0.011 0.000999999999999994 0.012 9.18 0.007 9.183 9.573 0.001 9.573 9.499 0 9.496
0.054 0.001 0.055 0.01 0.00199999999999999 0.011 9.176 0.009 9.184 9.601 0 9.597 9.52 0 9.519
0.053 0 0.054 0.012 0 0.011 9.467 0.011 9.476 9.923 0 9.921 9.768 0 9.766
0.047 0 0.048 0.012 0.00199999999999999 0.014 9.473 0.00600000000000001 9.476 9.891 0 9.888 9.803 0 9.802
0.055 0 0.055 0.01 0.001 0.011 9.547 0.009 9.553 9.92 0 9.919 9.702 0 9.699
0.052 0.00199999999999999 0.054 0.011 0 0.011 9.112 0.01 9.118 9.56 0 9.558 9.479 0 9.479
0.046 0.001 0.047 0.011 0 0.011 8.914 0.007 8.919 9.335 0 9.332 9.214 0 9.213
0.051 0.001 0.052 0.011 0 0.012 9.066 0.009 9.073 9.509 0 9.506 9.466 0 9.466
0.052 0.003 0.055 0.013 0.001 0.014 10.336 0.007 10.34 10.828 0.001 10.827 10.422 0 10.418
0.054 0.000999999999999994 0.229 0.00900000000000001 0.002 0.012 8.925 0.005 8.927 9.012 0 9.01 8.965 0 8.964
0.055 0 0.055 0.00900000000000001 0.002 0.011 9.448 0.008 9.454 9.864 0 9.861 9.78 0 9.778
0.052 0.001 0.053 0.01 0.001 0.012 9.155 0.011 9.162 9.554 0.001 9.553 9.494 0 9.492
0.054 0 0.054 0.01 0.001 0.011 9.449 0.007 9.454 9.825 0 9.823 9.819 0 9.817
0.047 0.002 0.049 0.012 0.001 0.014 10.082 0.004 10.082 10.612 0.002 10.613 10.577 0 10.573
0.055 0.001 0.056 0.012 0 0.012 10.356 0.005 10.359 10.738 0.001 10.736 10.708 0 10.705
0.052 0.002 0.055 0.013 0.001 0.013 10.351 0.01 10.358 10.809 0 10.807 10.769 0 10.766
0.053 0.001 0.054 0.011 0 0.011 9.043 0.008 9.049 9.537 0 9.534 9.415 0 9.413
0.046 0.001 0.047 0.011 0 0.011 9.531 0.009 9.537 9.968 0 9.966 9.965 0 9.963
0.055 0 0.055 0.01 0.001 0.011 9.002 0.013 9.013 9.487 0 9.485 9.363 0 9.361
0.052 0.001 0.053 0.01 0.001 0.011 8.838 0.018 8.854 9.288 0 9.285 9.206 0 9.205
0.055 0.00199999999999999 0.056 0.014 0 0.014 10.351 0.005 10.353 10.86 0 10.858 10.522 0 10.519
0.052 0.002 0.054 0.01 0.001 0.011 9.161 0.006 9.165 9.582 0 9.58 9.519 0 9.517
0.054 0.001 0.055 0.011 0 0.011 9.502 0.009 9.509 9.825 0.001 9.823 9.857 0 9.856
0.055 0 0.055 0.011 0 0.011 9.619 0.007 9.623 9.871 0 9.873 9.615 0 9.618
0.053 0 0.053 0.011 0 0.011 9.137 0.012 9.146 9.582 0 9.58 9.516 0 9.514
0.054 0 0.054 0.012 0 0.012 8.941 0.013 8.952 9.407 0 9.405 9.323 0 9.321
0.044 0.00199999999999999 0.047 0.00900000000000001 0.002 0.011 8.47 0.008 8.475 8.873 0 8.871 8.83 0 8.828
0.054 0 0.053 0.011 0 0.012 9.101 0.013 9.116 9.547 0.004 9.554 9.498 0.004 9.504
0.054 0.001 0.055 0.011 0.002 0.013 10.325 0.006 10.329 10.799 0 10.797 10.407 0 10.404
0.047 0.001 0.048 0.014 0 0.014 9.954 0.005 9.956 10.837 0 10.835 10.788 0 10.785
0.053 0.001 0.054 0.011 0.000999999999999994 0.012 9.136 0.011 9.145 9.577 0 9.574 9.358 0 9.357
0.053 0.001 0.054 0.00900000000000001 0.002 0.012 9.431 0.007 9.434 9.915 0 9.913 9.725 0 9.723
0.053 0.001 0.054 0.01 0.000999999999999994 0.011 8.983 0.009 8.989 9.39 0.001 9.39 9.324 0 9.322
0.053 0.001 0.055 0.011 0.000999999999999994 0.011 9.136 0.011 9.145 9.575 0 9.573 9.526 0 9.524
0.051 0.003 0.054 0.00900000000000001 0.002 0.011 8.913 0.008 8.918 9.371 0 9.37 9.264 0 9.262
0.053 0.00199999999999999 0.055 0.01 0.001 0.011 9.485 0.007 9.49 10.034 0 10.032 9.953 0 9.949
0.053 0 0.053 0.00999999999999998 0.001 0.011 9.503 0.011 9.511 9.913 0 9.91 9.802 0 9.8
0.052 0.001 0.054 0.011 0 0.011 8.832 0.013 8.843 9.118 0 9.116 9.05 0 9.047
0.05 0.002 0.052 0.012 0 0.011 9.525 0.019 9.547 9.873 0.01 9.886 9.62 0.00699999999999999 9.633
0.047 0.000999999999999994 0.048 0.012 0.001 0.013 9.453 0.006 9.456 9.811 0 9.809 9.756 0 9.754
0.053 0 0.053 0.011 0 0.011 8.8 0.015 8.813 9.226 0 9.223 9.143 0 9.142
0.054 0 0.054 0.01 0.001 0.012 9.122 0.005 9.123 9.556 0 9.554 9.511 0 9.51
0.055 0.001 0.056 0.012 0 0.012 9.191 0.014 9.203 9.662 0 9.659 9.526 0 9.525
0.054 0 0.054 0.01 0.000999999999999994 0.011 8.958 0.012 8.968 9.401 0 9.399 9.326 0 9.324
0.052 0 0.052 0.011 0.000999999999999994 0.011 9.472 0.007 9.478 9.905 0 9.902 9.786 0 9.785
0.053 0 0.053 0.012 0 0.011 9.455 0.006 9.459 9.916 0 9.914 9.766 0 9.765
0.046 0.001 0.047 0.011 0 0.011 8.919 0.008 8.926 9.298 0 9.294 9.414 0 9.414
0.051 0.003 0.054 0.00800000000000001 0.003 0.011 9.483 0.009 9.49 9.933 0.001 9.934 9.665 0 9.67
0.052 0.001 0.053 0.011 0 0.011 9.48 0.006 9.484 9.966 0 9.963 9.837 0 9.836
0.048 0 0.047 0.01 0.001 0.012 9.383 0.008 9.389 9.796 0 9.794 9.691 0 9.689
0.046 0 0.046 0.01 0.002 0.012 9.349 0.011 9.358 9.811 0 9.808 9.694 0 9.693
0.051 0.001 0.052 0.01 0.001 0.012 9.513 0.014 9.524 9.953 0 9.951 9.924 0 9.922
0.054 0.000999999999999994 0.055 0.013 0 0.014 10.352 0.007 10.356 10.801 0.002 10.801 10.516 0 10.513
0.053 0.000999999999999994 0.054 0.011 0 0.012 9.496 0.00600000000000001 9.498 9.901 0 9.9 9.863 0 9.861
0.056 0 0.056 0.012 0.002 0.014 10.336 0.004 10.338 10.802 0 10.8 10.421 0 10.418
0.052 0.00199999999999999 0.054 0.01 0.002 0.012 9.064 0.008 9.07 9.52 0 9.517 9.404 0 9.403
0.053 0.001 0.054 0.01 0.002 0.012 9.12 0.017 9.134 9.611 0 9.609 9.484 0 9.483
0.053 0 0.054 0.011 0.000999999999999997 0.011 9.475 0.009 9.482 9.943 0 9.94 9.745 0 9.744
0.054 0 0.054 0.011 0 0.011 9.041 0.006 9.045 9.436 0 9.433 9.435 0 9.434
0.046 0 0.046 0.011 0 0.011 8.573 0.01 8.581 8.949 0 8.946 8.854 0 8.853
0.051 0 0.052 0.01 0.002 0.011 8.95 0.013 8.961 9.392 0 9.39 9.312 0 9.31
0.053 0 0.054 0.01 0.002 0.011 8.937 0.009 8.945 9.361 0 9.358 9.272 0 9.27
0.056 0 0.055 0.011 0.001 0.012 9.58 0.006 9.584 10.041 0 10.04 9.85 0 9.846
0.053 0.001 0.054 0.01 0.001 0.011 9.224 0.01 9.232 9.533 0 9.53 9.45 0 9.449
0.055 0 0.055 0.013 0.001 0.014 9.624 0.007 9.629 9.768 0 9.765 9.688 0 9.686
0.052 0.003 0.055 0.011 0 0.011 8.986 0.008 8.992 9.452 0 9.45 9.371 0 9.369
0.051 0.00199999999999999 0.054 0.01 0.002 0.011 9.445 0.007 9.45 9.933 0 9.93 9.678 0 9.677
0.052 0.002 0.054 0.014 0 0.014 10.333 0.003 10.333 10.801 0 10.8 10.46 0 10.457
0.053 0.001 0.054 0.01 0.001 0.011 9.136 0.011 9.146 9.587 0 9.583 9.536 0 9.536
0.053 0.002 0.055 0.013 0.001 0.014 10.31 0.01 10.317 10.857 0 10.855 10.735 0 10.732
0.046 0.001 0.048 0.00900000000000001 0.00199999999999999 0.011 8.802 0.01 8.809 9.253 0 9.251 9.163 0 9.161
0.052 0.002 0.054 0.01 0.00199999999999999 0.012 9.007 0.012 9.017 9.419 0 9.417 9.408 0 9.405
0.056 0 0.055 0.011 0 0.012 9.598 0.007 9.602 10.076 0 10.074 9.852 0 9.849
0.054 0 0.053 0.01 0.002 0.012 9.1 0.011 9.108 9.522 0 9.521 9.488 0 9.485
0.054 0 0.053 0.01 0.001 0.012 8.966 0.009 8.972 9.411 0 9.41 9.34 0 9.338
0.055 0 0.055 0.014 0 0.014 10.374 0.011 10.382 10.847 0.001 10.845 10.398 0 10.397
0.055 0 0.054 0.011 0 0.011 9.567 0.008 9.574 9.957 0.000999999999999994 9.956 9.883 0 9.881
0.043 0.00199999999999999 0.047 0.00999999999999998 0.002 0.011 8.5 0.008 8.506 8.907 0 8.905 8.799 0 8.797
0.054 0.001 0.054 0.00900000000000001 0.002 0.012 9.084 0.008 9.089 9.525 0 9.524 9.47 0 9.468
0.052 0.002 0.054 0.00900000000000001 0.002 0.011 9.137 0.00799999999999999 9.143 9.559 0 9.556 9.5 0 9.498
0.054 0 0.054 0.011 0 0.012 9.538 0.01 9.544 10.019 0 10.019 9.935 0 9.931
0.054 0 0.055 0.011 0.000999999999999994 0.011 9.527 0.005 9.531 9.941 0 9.939 9.816 0 9.812
0.054 0 0.054 0.00900000000000001 0.00199999999999999 0.011 9.105 0.01 9.113 9.541 0 9.539 9.491 0 9.489
0.054 0.001 0.055 0.013 0.001 0.014 10.313 0.007 10.317 10.787 0 10.786 10.356 0 10.353
0.054 0 0.055 0.01 0.001 0.011 8.933 0.004 8.934 9.378 0 9.376 9.268 0 9.266
0.045 0.001 0.046 0.011 0 0.011 8.648 0.01 8.656 9.044 0 9.042 8.98 0 8.979
0.049 0 0.048 0.01 0.001 0.011 8.389 0.013 8.4 8.82 0 8.818 8.723 0 8.722
0.054 0 0.053 0.011 0 0.012 9.132 0.011 9.141 9.537 0.001 9.534 9.478 0 9.477
0.054 0.001 0.055 0.011 0 0.012 9.466 0.006 9.47 9.914 0 9.911 9.773 0 9.771
0.052 0.001 0.053 0.01 0.002 0.012 8.991 0.01 8.998 9.412 0 9.41 9.354 0 9.352
0.055 0 0.055 0.011 0 0.011 8.994 0.01 9.002 9.391 0 9.388 9.353 0 9.352
0.053 0 0.054 0.011 0 0.011 9.161 0.009 9.168 9.576 0 9.573 9.452 0 9.451
0.053 0.001 0.054 0.011 0.001 0.011 9.039 0.012 9.049 9.408 0 9.405 9.443 0 9.442
0.054 0.001 0.054 0.011 0 0.012 8.994 0.008 8.999 9.527 0 9.526 9.443 0 9.44
0.047 0 0.046 0.00999999999999998 0.001 0.011 8.838 0.001 8.838 9.192 0 9.19 9.071 0 9.069
0.054 0 0.054 0.012 0 0.012 9.079 0.011 9.094 9.523 0.002 9.526 9.457 0 9.456
0.051 0.002 0.054 0.011 0 0.011 8.951 0.009 8.958 9.428 0.001 9.425 9.357 0 9.356
0.046 0 0.046 0.00999999999999998 0.001 0.011 8.768 0.009 8.775 9.174 0 9.171 9.04 0 9.039
0.046 0.001 0.047 0.00999999999999998 0.000999999999999994 0.011 8.809 0.004 8.81 9.198 0 9.197 9.119 0 9.118
0.051 0.000999999999999994 0.052 0.011 0 0.012 9.502 0.011 9.511 9.964 0 9.961 9.894 0 9.893
0.052 0.002 0.055 0.013 0 0.013 10.215 0.008 10.221 10.577 0 10.575 10.309 0 10.306
0.045 0.003 0.047 0.012 0.001 0.014 10.234 0.003 10.233 10.706 0 10.704 10.666 0 10.663
0.054 0 0.054 0.01 0.001 0.012 9.155 0.009 9.161 9.35 0 9.348 9.296 0 9.294
0.045 0.001 0.046 0.01 0.001 0.011 9.214 0.013 9.225 9.646 0.001 9.644 9.553 0 9.552
0.052 0.00199999999999999 0.054 0.012 0 0.011 8.978 0.007 8.984 9.432 0 9.429 9.352 0 9.351
0.052 0.003 0.055 0.014 0 0.014 10.373 0.008 10.378 10.857 0 10.855 10.418 0 10.417
0.053 0 0.053 0.011 0.002 0.013 10.362 0.007 10.366 10.819 0 10.817 10.454 0 10.45
0.053 0 0.054 0.011 0.001 0.011 9.142 0.014 9.154 9.571 0 9.568 9.509 0 9.508
0.056 0.001 0.055 0.012 0.002 0.014 10.286 0.003 10.287 10.863 0 10.862 10.748 0 10.744
0.055 0 0.055 0.01 0.001 0.011 9.466 0.01 9.474 9.994 0 9.991 9.921 0 9.92
0.054 0 0.054 0.00900000000000001 0.00199999999999999 0.011 9.469 0.00600000000000001 9.474 9.929 0 9.925 9.848 0 9.848
0.044 0.00199999999999999 0.046 0.01 0.001 0.011 8.332 0.013 8.342 8.766 0 8.765 8.684 0 8.681
0.054 0 0.054 0.012 0 0.011 9.111 0.008 9.118 9.575 0 9.571 9.505 0 9.505
0.052 0.000999999999999997 0.053 0.012 0 0.011 9.116 0.01 9.125 9.556 0 9.554 9.48 0 9.478
0.053 0.001 0.054 0.011 0 0.011 9.523 0.007 9.528 9.929 0.001 9.928 9.888 0 9.886
0.056 0 0.056 0.011 0 0.011 8.982 0.013 8.992 9.406 0 9.404 9.281 0 9.28
0.053 0 0.054 0.011 0.001 0.011 9.523 0.00899999999999999 9.53 9.977 0 9.975 9.706 0 9.704
0.044 0.002 0.046 0.00899999999999998 0.002 0.012 8.786 0.006 8.789 9.222 0 9.219 9.091 0 9.091
0.044 0.002 0.046 0.00999999999999998 0.002 0.012 8.862 0.01 8.871 9.269 0 9.266 9.175 0 9.174
0.054 0 0.054 0.01 0.001 0.011 9.121 0.009 9.128 9.574 0 9.572 9.479 0 9.478
0.054 0 0.054 0.01 0.000999999999999994 0.011 8.956 0.011 8.964 9.372 0 9.37 9.301 0 9.301
0.053 0.003 0.055 0.011 0.003 0.013 10.347 0.004 10.35 10.793 0 10.79 10.73 0 10.727
0.055 0.000999999999999994 0.056 0.012 0.002 0.013 10.377 0.007 10.382 10.843 0 10.841 10.436 0 10.433
0.054 0 0.054 0.01 0.000999999999999994 0.011 8.974 0.008 8.979 9.42 0 9.418 9.361 0 9.36
0.051 0.001 0.052 0.011 0 0.011 9.469 0.009 9.476 9.953 0 9.95 9.777 0 9.776
0.052 0.001 0.054 0.011 0.000999999999999994 0.011 8.975 0.004 8.978 9.457 0 9.455 9.375 0 9.373
0.047 0 0.047 0.00900000000000001 0.003 0.012 9.433 0.01 9.441 9.856 0 9.853 9.686 0 9.685
0.053 0.00199999999999999 0.055 0.012 0 0.012 9.049 0.012 9.059 9.474 0 9.473 9.387 0 9.385
0.053 0.001 0.054 0.011 0 0.011 9.514 0.007 9.519 9.957 0 9.954 9.747 0 9.746
0.045 0.002 0.047 0.011 0 0.011 8.527 0.009 8.534 9.504 0 9.502 9.45 0 9.447
0.051 0.00199999999999999 0.054 0.011 0 0.011 8.9 0.01 8.908 9.322 0 9.32 8.766 0 8.764
0.046 0.002 0.048 0.012 0.001 0.013 9.419 0.004 9.42 9.854 0 9.853 9.763 0 9.76
0.046 0 0.046 0.00899999999999998 0.00199999999999999 0.011 8.595 0.007 8.601 8.993 0 8.99 8.876 0 8.875
0.044 0.00199999999999999 0.046 0.011 0 0.011 8.765 0.009 8.772 9.135 0 9.132 8.992 0 8.991
0.047 0 0.046 0.00999999999999998 0 0.011 8.848 0.013 8.859 9.313 0 9.31 9.204 0 9.203
0.056 0 0.056 0.013 0.001 0.014 10.187 0.003 10.187 10.634 0.001 10.633 10.75 0 10.747
0.051 0.003 0.055 0.012 0 0.011 9.465 0.015 9.48 9.853 0.001 9.852 9.875 0 9.873
0.05 0.001 0.051 0.011 0.001 0.011 9.527 0.005 9.53 9.993 0 9.99 9.859 0 9.858
0.052 0.001 0.053 0.011 0.001 0.012 9.053 0.007 9.058 9.507 0 9.504 9.402 0 9.401
0.054 0 0.054 0.011 0.001 0.011 9.523 0.00600000000000001 9.528 9.827 0 9.824 9.739 0 9.737
0.053 0.001 0.053 0.012 0 0.012 9.617 0.00899999999999999 9.624 10.08 0 10.078 9.909 0 9.908
0.053 0.00199999999999999 0.055 0.011 0.001 0.011 9.523 0.01 9.532 10.005 0 10.003 9.883 0 9.881
0.053 0.001 0.054 0.011 0.001 0.012 9.133 0.011 9.141 9.554 0 9.552 9.498 0 9.496
0.053 0.001 0.053 0.011 0 0.012 9.471 0.008 9.477 9.974 0 9.97 9.764 0 9.762
0.045 0.002 0.047 0.011 0 0.011 8.862 0.006 8.866 9.233 0.001 9.231 9.15 0 9.149
0.052 0.00199999999999999 0.054 0.00900000000000001 0.002 0.011 9.22 0.009 9.227 9.514 0 9.511 9.436 0 9.434
0.052 0.001 0.052 0.01 0.000999999999999994 0.011 8.856 0.011 8.865 9.172 0 9.17 9.091 0 9.09
0.053 0.002 0.054 0.01 0.001 0.011 9.158 0.008 9.164 9.542 0 9.539 9.51 0 9.508
0.055 0 0.055 0.01 0.001 0.011 9.15 0.007 9.155 9.584 0 9.582 9.542 0 9.539
0.053 0 0.053 0.01 0.000999999999999994 0.012 9.494 0.004 9.495 9.754 0.001 9.753 9.682 0 9.681
0.055 0 0.055 0.012 0 0.012 9.576 0.012 9.586 10.015 0 10.013 9.936 0 9.933
0.055 0 0.055 0.013 0.001 0.014 10.313 0.004 10.314 10.781 0.001 10.781 10.523 0 10.52
0.045 0.001 0.046 0.00899999999999998 0.001 0.01 8.385 0.007 8.391 9.319 0 9.317 9.256 0 9.254
0.054 0.000999999999999994 0.055 0.011 0.003 0.014 10.293 0.006 10.296 10.46 0.002 10.46 9.807 0 9.805
0.054 0.002 0.056 0.012 0.001 0.013 10.245 0.005 10.249 10.646 0.001 10.645 10.321 0 10.318
0.054 0 0.054 0.011 0 0.011 9.081 0.008 9.087 9.506 0 9.504 9.434 0 9.433
0.053 0 0.054 0.01 0.002 0.011 9.195 0.009 9.203 9.611 0 9.607 9.535 0 9.535
0.053 0 0.053 0.011 0.001 0.011 9.542 0.007 9.547 9.949 0 9.948 9.822 0 9.819
0.053 0.001 0.054 0.01 0.001 0.012 8.845 0.00899999999999999 8.851 9.343 0 9.341 9.206 0 9.205
0.054 0 0.054 0.011 0 0.011 8.885 0.015 8.899 9.321 0.001 9.322 9.252 0.000999999999999994 9.251
0.054 0 0.054 0.01 0.001 0.011 8.828 0.008 8.834 9.296 0 9.292 9.178 0 9.177
0.053 0 0.053 0.011 0 0.012 8.958 0.00899999999999999 8.963 9.38 0 9.379 9.306 0 9.304
0.054 0 0.054 0.011 0.001 0.012 9.115 0.01 9.122 9.565 0 9.563 9.496 0 9.494
0.053 0 0.053 0.011 0 0.012 9.143 0.01 9.151 9.573 0 9.57 9.497 0 9.495
0.051 0.002 0.054 0.012 0 0.012 8.911 0.014 8.923 9.335 0 9.332 9.208 0 9.207
0.053 0.001 0.054 0.015 0 0.015 10.482 0.006 10.485 10.945 0 10.944 10.872 0 10.869
0.055 0 0.055 0.013 0 0.013 10.318 0.006 10.321 10.684 0 10.682 10.648 0 10.645
0.056 0 0.056 0.013 0 0.013 10.333 0.007 10.339 10.685 0 10.683 10.321 0 10.318
0.054 0 0.053 0.011 0 0.012 8.937 0.005 8.939 9.423 0 9.42 9.375 0 9.375
0.054 0 0.054 0.01 0.002 0.012 8.896 0.008 8.902 9.337 0 9.334 9.398 0 9.397
0.051 0.003 0.054 0.011 0.001 0.012 9.135 0.01 9.142 9.618 0 9.616 9.534 0 9.532
0.054 0.001 0.055 0.01 0.001 0.011 9.581 0.01 9.589 9.968 0 9.967 9.782 0 9.778
0.053 0 0.053 0.011 0 0.011 8.848 0.012 8.858 9.291 0 9.287 9.201 0 9.201
0.053 0.001 0.055 0.011 0 0.011 9.06 0.012 9.07 9.512 0 9.509 9.46 0 9.459
0.052 0.001 0.053 0.011 0 0.011 8.941 0.013 8.951 9.39 0 9.389 9.271 0 9.269
0.053 0.001 0.054 0.011 0.000999999999999997 0.012 8.999 0.005 9.002 9.454 0 9.452 9.313 0 9.311
0.054 0.001 0.055 0.01 0.002 0.012 9.572 0.005 9.574 10.008 0.000999999999999994 10.008 9.872 0 9.869
0.052 0.001 0.054 0.011 0 0.011 9.159 0.011 9.167 9.444 0 9.441 9.386 0 9.385
0.054 0 0.054 0.011 0.001 0.012 9.53 0.01 9.537 10.05 0 10.049 9.994 0 9.991
0.054 0.001 0.055 0.014 0 0.013 10.314 0.007 10.319 10.785 0 10.783 10.593 0 10.59
0.054 0 0.054 0.011 0 0.011 9.573 0.01 9.581 10.064 0 10.062 9.953 0 9.951
0.05 0.002 0.052 0.012 0 0.011 9.503 0.008 9.509 9.973 0 9.971 9.86 0 9.857
0.052 0.002 0.054 0.01 0.000999999999999994 0.011 9.52 0.011 9.528 9.955 0 9.953 9.911 0 9.909
0.047 0.00199999999999999 0.048 0.01 0.003 0.013 9.892 0.008 9.898 10.789 0 10.788 10.735 0 10.731
0.052 0.00199999999999999 0.054 0.011 0 0.011 9.009 0.007 9.013 9.456 0 9.453 9.302 0 9.302
0.047 0 0.047 0.00999999999999998 0.000999999999999994 0.011 8.821 0.012 8.831 9.968 0 9.967 9.91 0 9.907
0.053 0.00199999999999999 0.055 0.012 0.002 0.014 10.264 0.002 10.262 10.549 0.001 10.549 9.702 0 9.698
0.054 0.002 0.056 0.014 0 0.014 10.407 0.006 10.411 10.91 0 10.908 10.838 0 10.835
0.054 0.002 0.055 0.00900000000000001 0.004 0.014 10.297 0.004 10.299 10.795 0 10.793 10.738 0 10.734
0.053 0.000999999999999994 0.055 0.012 0 0.011 9.092 0.01 9.1 9.557 0 9.556 9.447 0 9.446
0.051 0.00199999999999999 0.053 0.011 0.001 0.012 9.212 0.014 9.223 9.64 0 9.638 9.549 0.001 9.547
0.054 0 0.054 0.012 0 0.012 9.638 0.013 9.649 10.119 0 10.117 9.946 0 9.943
0.053 0 0.053 0.011 0 0.012 9.525 0.01 9.532 9.988 0 9.986 9.834 0 9.831
0.054 0 0.054 0.011 0 0.012 9.477 0.007 9.48 9.907 0 9.904 9.86 0 9.859
0.056 0 0.056 0.013 0.001 0.014 10.365 0.005 10.368 10.836 0 10.834 10.561 0 10.559
0.052 0.002 0.055 0.011 0 0.011 9.561 0.007 9.566 9.978 0 9.976 9.844 0 9.841
0.055 0.001 0.055 0.01 0.001 0.011 8.912 0.005 8.914 9.431 0 9.43 9.386 0 9.384
0.052 0 0.052 0.01 0.001 0.012 9.579 0.009 9.585 9.992 0 9.991 9.749 0 9.746
0.054 0 0.054 0.011 0 0.011 8.931 0.013 8.942 9.312 0 9.31 9.244 0 9.242
0.052 0 0.052 0.011 0 0.011 8.899 0.007 8.904 9.342 0 9.339 9.23 0 9.229
0.053 0.001 0.055 0.011 0.000999999999999997 0.011 9.655 0.011 9.663 10.086 0 10.085 9.808 0 9.806
0.046 0.001 0.047 0.01 0.001 0.011 9.543 0.008 9.548 10.006 0 10.004 9.845 0 9.842
0.055 0 0.054 0.011 0 0.012 9.197 0.007 9.201 9.657 0 9.655 9.581 0.001 9.579
0.053 0.001 0.053 0.01 0.001 0.012 9.489 0.005 9.492 9.854 0 9.851 9.771 0 9.769
0.052 0.00199999999999999 0.054 0.011 0 0.011 9.525 0.007 9.53 9.852 0.002 9.851 9.672 0 9.671
0.053 0 0.053 0.01 0.001 0.011 8.871 0.008 8.877 9.329 0 9.326 9.221 0 9.22
0.054 0 0.054 0.011 0 0.011 8.928 0.009 8.935 9.382 0.001 9.381 9.203 0 9.201
0.053 0 0.053 0.011 0 0.011 9.494 0.008 9.499 9.95 0 9.948 9.776 0 9.774
0.056 0 0.056 0.012 0 0.013 10.237 0.008 10.242 10.73 0.000999999999999994 10.728 10.427 0 10.425
0.054 0 0.054 0.01 0.001 0.011 9.02 0.006 9.024 9.552 0 9.549 9.506 0 9.505
0.051 0.001 0.052 0.011 0 0.011 9.151 0.006 9.156 9.624 0 9.621 9.542 0 9.541
0.051 0.001 0.052 0.011 0 0.011 9.135 0.008 9.14 9.576 0 9.575 9.48 0 9.477
0.054 0 0.053 0.011 0 0.012 8.998 0.009 9.005 9.44 0 9.438 9.364 0 9.362
0.053 0.001 0.054 0.01 0.001 0.011 8.905 0.011 8.914 9.359 0 9.356 9.277 0 9.276
0.054 0.001 0.055 0.012 0 0.011 8.859 0.007 8.865 9.286 0 9.283 9.198 0 9.196
0.053 0 0.053 0.011 0 0.011 8.965 0.011 8.975 9.395 0 9.392 9.313 0 9.311
0.046 0 0.046 0.011 0 0.011 8.319 0.009 8.326 9.185 0 9.182 9.15 0 9.149
0.052 0.001 0.053 0.01 0.001 0.012 8.969 0.01 8.977 9.349 0 9.346 8.785 0 8.783
0.053 0.001 0.054 0.011 0 0.011 8.882 0.00799999999999999 8.888 9.361 0 9.359 9.235 0 9.233
0.052 0.001 0.053 0.00999999999999998 0.001 0.011 9.025 0.008 9.031 9.469 0 9.467 9.4 0 9.398
0.044 0.00199999999999999 0.046 0.00899999999999998 0.002 0.011 8.54 0.008 8.544 8.945 0 8.943 8.871 0 8.871
0.047 0.001 0.048 0.012 0.001 0.013 9.389 0.003 9.39 9.802 0 9.799 9.726 0 9.724
0.044 0.002 0.046 0.00999999999999998 0.000999999999999994 0.011 9.235 0.011 9.244 9.655 0 9.652 9.465 0 9.466
0.056 0 0.056 0.011 0 0.012 9.527 0.005 9.53 9.96 0 9.957 9.783 0 9.78
0.054 0 0.054 0.01 0.001 0.012 9.228 0.011 9.235 9.652 0 9.651 9.618 0 9.616
0.051 0.001 0.052 0.01 0.002 0.012 9.24 0.01 9.248 9.457 0 9.462 9.255 0 9.261
0.052 0.001 0.053 0.01 0.001 0.011 8.931 0.015 8.944 9.4 0 9.397 9.329 0 9.328
0.055 0 0.055 0.011 0 0.011 9.133 0.007 9.138 9.501 0 9.498 9.51 0.001 9.51
0.053 0 0.053 0.011 0 0.012 9.525 0.008 9.531 9.93 0 9.927 9.881 0 9.879
0.052 0.002 0.054 0.012 0 0.011 9.533 0.008 9.538 9.999 0 9.999 9.868 0 9.864
0.05 0.002 0.052 0.013 0.001 0.013 10.358 0.005 10.362 10.822 0 10.82 10.406 0 10.402
0.054 0 0.053 0.011 0 0.011 8.876 0.009 8.883 9.336 0 9.334 9.245 0 9.243
0.054 0 0.054 0.011 0.001 0.012 9.623 0.011 9.631 10.052 0 10.05 10.004 0 10
0.052 0.002 0.055 0.012 0 0.011 9.576 0.006 9.58 9.972 0 9.971 9.773 0 9.769
0.053 0 0.053 0.01 0.001 0.011 8.998 0.009 9.005 9.471 0 9.469 9.379 0 9.377
0.052 0 0.052 0.011 0 0.011 9.501 0.008 9.506 9.903 0 9.901 9.743 0 9.741
0.053 0 0.054 0.011 0 0.011 8.86 0.009 8.867 9.275 0 9.272 9.188 0 9.186
0.052 0.002 0.054 0.011 0 0.011 9.133 0.012 9.143 9.432 0 9.429 9.402 0 9.402
0.045 0.001 0.047 0.00999999999999998 0.001 0.011 9.174 0.01 9.182 9.965 0.001 9.962 9.88 0 9.88
0.054 0.001 0.055 0.013 0.000999999999999994 0.014 10.442 0.00600000000000001 10.446 10.921 0 10.919 10.088 0 10.086
0.056 0 0.056 0.012 0.002 0.014 10.367 0.004 10.368 10.906 0 10.904 10.845 0 10.841
0.053 0.002 0.054 0.01 0.001 0.011 9.49 0.009 9.497 9.905 0 9.903 9.902 0 9.9
0.053 0.001 0.054 0.011 0.001 0.012 9.094 0.008 9.1 9.593 0 9.59 9.49 0 9.49
0.053 0 0.053 0.01 0.000999999999999997 0.011 8.999 0.008 9.005 9.418 0.001 9.417 9.384 0 9.382
0.054 0 0.054 0.011 0 0.011 9.461 0.01 9.468 10.007 0 10.005 9.859 0 9.857
0.046 0 0.045 0.00999999999999998 0 0.011 8.373 0.014 8.385 8.736 0 8.734 8.627 0 8.624
0.045 0.001 0.046 0.011 0 0.011 8.55 0.012 8.56 8.924 0 8.922 8.839 0 8.838
0.046 0 0.046 0.012 0 0.011 8.814 0.01 8.823 9.881 0 9.878 9.76 0 9.765
0.052 0.000999999999999994 0.053 0.011 0.001 0.012 9.131 0.012 9.14 9.514 0 9.512 8.791 0 8.798
0.052 0.001 0.053 0.011 0 0.012 8.933 0.011 8.941 9.419 0 9.416 9.327 0 9.326
0.054 0 0.054 0.011 0 0.011 8.92 0.012 8.929 9.367 0 9.365 9.292 0 9.29
0.054 0.001 0.054 0.00800000000000001 0.003 0.012 9.531 0.007 9.535 9.96 0 9.958 9.84 0 9.838
0.051 0.003 0.054 0.01 0.00199999999999999 0.011 9.526 0.007 9.532 9.964 0.001 9.963 9.838 0 9.835
0.055 0.001 0.056 0.013 0.001 0.014 10.303 0.004 10.304 10.781 0.001 10.78 10.722 0 10.719
0.054 0 0.054 0.01 0.001 0.012 9.174 0.009 9.18 9.579 0 9.577 9.504 0 9.503
0.054 0 0.053 0.01 0.000999999999999994 0.012 8.901 0.01 8.909 9.348 0 9.345 9.243 0 9.242
0.056 0.001 0.057 0.012 0.001 0.014 10.337 0.006 10.341 10.808 0 10.805 10.363 0 10.361
0.05 0.00199999999999999 0.052 0.011 0 0.011 9.532 0.009 9.539 9.969 0 9.967 9.837 0 9.834
0.051 0.002 0.054 0.012 0 0.011 9.479 0.007 9.484 9.918 0 9.915 9.835 0 9.833
0.055 0.001 0.056 0.012 0.001 0.013 10.23 0.007 10.234 10.53 0 10.529 10.513 0 10.51
0.046 0 0.046 0.011 0.001 0.011 8.824 0.009 8.832 9.596 0 9.593 9.489 0 9.488
0.053 0.001 0.054 0.01 0.002 0.011 9.11 0.008 9.115 9.582 0 9.581 9.143 0 9.14
0.047 0 0.047 0.011 0 0.011 8.823 0.008 8.829 9.224 0 9.222 9.069 0 9.067
0.045 0.001 0.046 0.011 0 0.011 8.741 0.014 8.753 9.142 0 9.139 9.029 0 9.027
0.053 0 0.053 0.012 0 0.012 8.888 0.017 8.903 9.405 0 9.402 9.259 0 9.258
0.055 0.001 0.056 0.01 0.001 0.011 9.582 0.009 9.589 10.033 0 10.031 9.942 0 9.939
0.055 0.001 0.056 0.011 0.002 0.014 10.387 0.008 10.391 10.847 0.001 10.847 10.559 0.000999999999999994 10.556
0.055 0 0.055 0.011 0 0.012 9.568 0.011 9.576 9.985 0 9.984 9.791 0 9.788
0.053 0.001 0.053 0.011 0 0.011 9.076 0.011 9.086 9.518 0 9.514 9.48 0 9.48
0.053 0.001 0.054 0.012 0 0.012 9.034 0.005 9.037 9.445 0 9.443 9.409 0 9.407
0.055 0 0.057 0.014 0 0.013 10.356 0.001 10.354 10.856 0 10.855 10.464 0 10.46
0.053 0 0.054 0.011 0.001 0.011 9.153 0.011 9.162 9.57 0 9.568 9.477 0 9.475
0.053 0.001 0.055 0.011 0.001 0.012 9.506 0.005 9.508 9.943 0 9.939 9.832 0 9.832
0.054 0.000999999999999994 0.055 0.01 0.001 0.012 9.558 0.008 9.564 9.979 0 9.977 9.934 0 9.931
0.051 0 0.051 0.01 0.001 0.011 9.558 0.004 9.559 9.998 0 9.997 9.871 0 9.869
0.052 0.001 0.054 0.011 0.001 0.011 9.458 0.011 9.467 9.894 0 9.892 9.86 0 9.858
0.053 0.002 0.055 0.013 0 0.013 10.4 0.009 10.407 10.743 0.001 10.742 10.489 0 10.486
0.052 0 0.052 0.011 0 0.011 8.876 0.01 8.884 9.228 0 9.226 9.125 0 9.123
0.054 0 0.053 0.00900000000000001 0.002 0.012 9.418 0.01 9.425 9.909 0 9.906 9.647 0 9.647
0.046 0 0.047 0.00999999999999998 0.001 0.011 8.589 0.00899999999999999 8.596 9.592 0 9.589 9.57 0 9.568
0.052 0.001 0.053 0.012 0 0.012 9.464 0.013 9.474 9.86 0 9.858 9.133 0 9.131
0.05 0.003 0.054 0.012 0.002 0.013 10.33 0.01 10.338 10.82 0 10.818 10.55 0 10.546
0.053 0.000999999999999994 0.054 0.011 0 0.011 9.533 0.005 9.535 9.974 0.001 9.974 9.851 0 9.848
0.046 0.001 0.047 0.011 0 0.011 9.113 0.013 9.124 9.924 0 9.921 9.85 0 9.848
0.052 0.00199999999999999 0.054 0.011 0 0.011 9.058 0.011 9.066 9.412 0 9.411 9.078 0 9.077
0.053 0.001 0.054 0.011 0.001 0.012 9.154 0.012 9.163 9.566 0 9.564 9.504 0 9.502
0.053 0 0.054 0.011 0.001 0.011 9.106 0.009 9.113 9.56 0 9.558 9.504 0 9.502
0.054 0.001 0.054 0.00900000000000001 0.002 0.012 9.512 0.012 9.521 10.001 0.001 10.001 9.842 0 9.839
0.055 0 0.055 0.011 0.003 0.014 10.311 0.006 10.314 10.867 0 10.864 10.56 0 10.558
0.055 0.000999999999999994 0.056 0.011 0.001 0.011 9.554 0.006 9.559 9.976 0 9.974 9.951 0 9.948
0.052 0.001 0.053 0.012 0 0.012 9.475 0.007 9.48 9.955 0.001 9.952 9.803 0 9.802
0.053 0.001 0.054 0.012 0 0.011 9.426 0.006 9.431 9.694 0 9.69 9.738 0 9.737
0.051 0.001 0.053 0.011 0 0.011 8.85 0.006 8.853 9.309 0 9.306 9.193 0 9.193
0.053 0.001 0.053 0.011 0 0.011 9.443 0.007 9.448 9.916 0 9.913 9.689 0 9.689
0.052 0.001 0.054 0.00900000000000001 0.003 0.011 9.122 0.007 9.127 9.558 0 9.556 9.483 0 9.482
0.055 0 0.054 0.011 0 0.012 9.443 0.012 9.451 9.92 0.001 9.92 9.802 0 9.799
0.054 0.001 0.054 0.01 0.00199999999999999 0.012 9.502 0.011 9.511 9.981 0 9.979 9.842 0 9.84
0.056 0 0.056 0.011 0 0.011 9.565 0.01 9.573 10.043 0 10.042 9.926 0 9.922
0.054 0.001 0.056 0.013 0.001 0.014 10.341 0.008 10.346 10.805 0.001 10.803 10.534 0 10.531
0.054 0 0.054 0.011 0.001 0.011 9.003 0.005 9.006 9.449 0.001 9.449 9.39 0 9.387
0.053 0 0.053 0.011 0.001 0.011 8.981 0.011 8.991 9.412 0.002 9.411 9.329 0 9.328
0.055 0.001 0.056 0.013 0.000999999999999997 0.014 10.254 0.00600000000000001 10.258 10.83 0.000999999999999994 10.829 10.693 0 10.689
0.047 0 0.048 0.00999999999999998 0.000999999999999994 0.011 8.579 0.011 8.588 8.953 0 8.95 8.912 0 8.911
0.047 0 0.048 0.011 0 0.011 8.853 0.006 8.858 9.282 0 9.279 9.193 0 9.191
0.049 0.006 0.055 0.012 0.001 0.014 10.328 0.008 10.332 10.769 0 10.767 10.735 0 10.732
0.051 0.002 0.052 0.013 0 0.014 10.383 0.003 10.382 10.871 0 10.869 10.559 0 10.557
0.053 0.001 0.055 0.011 0 0.011 9.031 0.01 9.038 9.485 0 9.482 9.382 0 9.382
0.053 0 0.053 0.01 0.002 0.012 9.1 0.01 9.108 9.56 0 9.557 9.479 0 9.478
0.054 0 0.053 0.011 0 0.012 9.18 0.012 9.189 9.651 0 9.648 9.543 0 9.542
0.051 0.003 0.055 0.012 0 0.011 9.552 0.009 9.559 10.059 0 10.058 9.802 0 9.798
0.054 0 0.054 0.011 0 0.011 8.899 0.01 8.907 9.359 0 9.357 9.265 0 9.264
0.047 0 0.046 0.00999999999999998 0.001 0.011 8.852 0.009 8.86 9.958 0 9.955 9.911 0 9.91
0.054 0 0.054 0.011 0 0.011 9.456 0.007 9.461 9.896 0 9.892 9.107 0 9.106
0.053 0.001 0.055 0.011 0.001 0.011 9.078 0.009 9.085 9.504 0 9.503 9.453 0 9.451
0.053 0 0.054 0.011 0.001 0.011 9.423 0.013 9.434 9.92 0 9.917 9.689 0 9.688
0.053 0 0.053 0.011 0 0.011 9.417 0.007 9.422 9.866 0 9.863 9.838 0 9.837
0.055 0.001 0.055 0.01 0.004 0.014 10.395 0.007 10.399 10.861 0 10.858 10.526 0 10.525
0.05 0 0.05 0.012 0 0.011 9.495 0.008 9.5 9.914 0 9.911 9.899 0 9.898
0.053 0.001 0.054 0.012 0 0.011 9.121 0.008 9.128 9.546 0 9.543 9.438 0 9.437
0.052 0.002 0.054 0.011 0 0.011 8.797 0.008 8.802 9.252 0 9.25 9.156 0 9.155
0.052 0 0.052 0.01 0.001 0.012 9.489 0.008 9.494 9.93 0 9.928 9.853 0 9.85
0.052 0.001 0.053 0.01 0.002 0.012 9.391 0.014 9.403 9.865 0 9.862 9.841 0 9.839
0.054 0 0.054 0.012 0 0.012 9.377 0.004 9.379 9.743 0 9.74 9.693 0 9.691
0.046 0.002 0.049 0.00999999999999998 0.003 0.012 9.604 0.005 9.607 9.881 0 9.877 9.818 0 9.817
0.045 0.001 0.046 0.00899999999999998 0.001 0.01 8.319 0.01 8.327 8.74 0 8.739 8.633 0 8.63
0.051 0.001 0.052 0.011 0.001 0.012 9.471 0.005 9.474 9.877 0.001 9.875 9.843 0 9.842
0.054 0.001 0.056 0.012 0.002 0.014 10.31 0.005 10.312 10.775 0 10.774 10.463 0 10.46
0.047 0 0.046 0.011 0 0.011 9.296 0.006 9.299 9.616 0 9.616 9.399 0 9.405
0.05 0.003 0.052 0.011 0.001 0.012 9.755 0.012 9.764 10.187 0 10.186 9.968 0.003 9.968
0.052 0.001 0.054 0.00900000000000001 0.003 0.011 8.988 0.011 8.997 9.441 0 9.438 9.356 0 9.356
0.053 0 0.052 0.01 0.001 0.012 9.177 0.011 9.186 9.647 0 9.643 9.575 0 9.575
0.051 0.002 0.054 0.012 0 0.011 9.516 0.006 9.52 9.918 0 9.915 9.807 0 9.807
0.05 0.004 0.054 0.01 0.002 0.012 9.521 0.012 9.531 9.928 0 9.925 9.866 0 9.864
0.053 0 0.053 0.012 0 0.011 9.547 0.01 9.556 10.015 0 10.013 9.834 0 9.832
0.052 0.001 0.053 0.012 0 0.012 9.142 0.00799999999999999 9.149 9.625 0 9.622 9.543 0 9.541
0.054 0 0.055 0.011 0.001 0.011 9.488 0.008 9.494 9.955 0.002 9.953 9.886 0 9.885
0.055 0 0.054 0.011 0 0.011 9.552 0.007 9.556 9.986 0.001 9.985 9.873 0 9.871
0.048 0.002 0.05 0.011 0.001 0.011 9.105 0.007 9.11 9.532 0 9.529 9.431 0 9.431
0.052 0.001 0.053 0.01 0.001 0.011 8.96 0.005 8.963 9.424 0 9.421 9.335 0 9.334
0.054 0 0.053 0.011 0 0.012 9.492 0.007 9.496 9.985 0 9.984 9.883 0 9.88
0.051 0.001 0.053 0.01 0.001 0.011 9.027 0.007 9.031 9.455 0 9.454 9.368 0 9.365
0.051 0.002 0.053 0.00900000000000001 0.002 0.011 8.946 0.008 8.952 9.39 0 9.389 9.321 0 9.319
0.046 0 0.046 0.011 0 0.011 8.836 0.01 8.844 9.592 0 9.589 9.54 0 9.538
0.053 0 0.053 0.012 0 0.012 9.589 0.009 9.596 9.932 0.001 9.931 9.428 0 9.425
0.053 0.001 0.054 0.011 0 0.012 9.111 0.009 9.117 9.571 0 9.568 9.475 0 9.473
0.05 0.003 0.053 0.012 0 0.012 9.509 0.017 9.524 9.967 0 9.965 9.811 0 9.808
0.046 0.002 0.047 0.011 0.002 0.014 9.445 0.004 9.446 9.857 0 9.854 9.798 0 9.797
0.045 0.001 0.046 0.00999999999999998 0.001 0.011 8.466 0.012 8.476 8.892 0 8.891 8.771 0 8.768
0.053 0.001 0.054 0.01 0.002 0.012 9.533 0.007 9.538 9.997 0 9.995 9.878 0 9.875
0.056 0 0.056 0.011 0 0.011 9.162 0.008 9.166 9.605 0 9.604 9.529 0 9.527
0.054 0 0.053 0.011 0 0.012 9.474 0.01 9.48 9.943 0 9.94 9.715 0 9.713
0.052 0 0.051 0.01 0.001 0.012 8.86 0.013 8.871 9.33 0 9.327 9.23 0 9.229
0.055 0 0.055 0.013 0.001 0.014 10.331 0.005 10.334 10.79 0 10.788 10.338 0 10.335
0.054 0 0.054 0.00900000000000001 0.00199999999999999 0.011 8.881 0.007 8.886 9.291 0 9.289 9.253 0 9.251
0.052 0 0.052 0.01 0.001 0.012 9.538 0.012 9.548 10.002 0 9.999 9.856 0 9.857
0.053 0.001 0.054 0.01 0.001 0.011 9.48 0.009 9.487 9.959 0 9.956 9.844 0 9.843
0.053 0 0.053 0.014 0 0.014 10.288 0.005 10.29 10.747 0 10.745 10.53 0 10.527
0.053 0.000999999999999994 0.054 0.01 0.001 0.011 9.539 0.005 9.541 9.971 0 9.97 9.914 0.000999999999999994 9.912
0.053 0.001 0.054 0.01 0.002 0.012 8.984 0.014 8.996 9.428 0 9.425 9.341 0 9.34
0.055 0 0.055 0.011 0 0.011 9.555 0.012 9.565 9.994 0 9.992 9.853 0 9.85
0.054 0 0.054 0.011 0 0.011 9.139 0.009 9.145 9.566 0 9.564 9.491 0 9.489
0.052 0.001 0.051 0.01 0.001 0.012 8.873 0.012 8.883 9.325 0 9.322 9.208 0 9.207
0.053 0.001 0.054 0.012 0.001 0.013 10.3 0.007 10.305 10.742 0 10.74 10.322 0 10.318
0.054 0 0.055 0.012 0 0.011 9.059 0.01 9.067 9.544 0 9.542 9.412 0 9.41
0.044 0.002 0.047 0.011 0 0.011 8.888 0.015 8.901 9.242 0 9.239 9.232 0.001 9.232
0.044 0.002 0.047 0.012 0 0.011 8.563 0.006 8.567 9.021 0.001 9.02 8.973 0 8.972
0.054 0 0.053 0.011 0 0.012 9.096 0.009 9.102 9.547 0.001 9.546 9.473 0 9.472
0.053 0.001 0.055 0.012 0 0.011 9.572 0.01 9.58 10.044 0 10.042 9.915 0 9.913
0.054 0.002 0.056 0.01 0.002 0.012 9.474 0.01 9.481 9.847 0 9.845 9.7 0 9.698
0.057 0 0.058 0.011 0.001 0.011 8.89 0.009 8.897 9.345 0 9.343 9.255 0 9.253
0.054 0 0.054 0.011 0 0.011 9.515 0.008 9.521 10.009 0 10.007 9.9 0 9.897
0.045 0.001 0.046 0.00999999999999998 0.001 0.011 8.788 0.008 8.793 9.215 0 9.213 9.128 0 9.127
0.044 0.002 0.046 0.011 0.001 0.011 8.841 0.008 8.847 9.255 0 9.253 9.143 0 9.143
0.046 0 0.046 0.00900000000000001 0.002 0.012 8.802 0.005 8.804 9.821 0.002 9.82 9.759 0 9.758
0.053 0 0.053 0.011 0 0.011 8.807 0.013 8.818 9.32 0 9.318 8.718 0 8.716
0.053 0.002 0.054 0.00800000000000001 0.003 0.012 9.113 0.00799999999999999 9.117 9.547 0 9.545 9.474 0 9.472
0.052 0.00199999999999999 0.053 0.011 0 0.012 9.196 0.007 9.201 9.63 0.001 9.628 9.562 0 9.56
0.053 0 0.053 0.01 0.000999999999999994 0.011 9.521 0.009 9.527 10.011 0 10.009 9.823 0 9.82
0.054 0 0.054 0.011 0 0.011 9.12 0.008 9.126 9.563 0 9.559 9.46 0 9.46
0.053 0 0.054 0.011 0.001 0.011 8.873 0.00899999999999999 8.88 9.284 0 9.282 9.197 0 9.195
0.052 0.002 0.054 0.012 0 0.011 8.996 0.008 9.003 9.46 0 9.458 9.358 0 9.356
0.053 0.001 0.053 0.01 0.001 0.012 9.453 0.009 9.46 9.883 0 9.879 9.723 0 9.722
0.055 0 0.054 0.01 0.001 0.012 9.536 0.009 9.543 10.038 0 10.036 9.847 0 9.844
0.054 0 0.053 0.00900000000000001 0.00199999999999999 0.011 9.242 0.009 9.249 9.684 0 9.682 9.609 0 9.606
0.053 0.001 0.054 0.011 0 0.012 9.045 0.007 9.05 9.398 0 9.394 9.332 0 9.331
0.045 0.002 0.047 0.011 0 0.011 8.843 0.008 8.849 9.222 0 9.218 9.132 0 9.132
0.047 0.000999999999999997 0.048 0.013 0 0.013 9.479 0.003 9.48 9.839 0 9.835 9.772 0 9.772
0.046 0.001 0.047 0.011 0 0.011 8.559 0.011 8.57 8.793 0 8.798 8.563 0 8.567
0.046 0.001 0.047 0.011 0 0.012 8.905 0.008 8.911 9.304 0 9.3 9.194 0 9.194
0.053 0 0.053 0.012 0 0.012 8.949 0.003 8.949 9.413 0 9.411 9.269 0 9.267
0.054 0 0.054 0.01 0.000999999999999994 0.011 9.153 0.009 9.16 9.594 0 9.592 9.53 0 9.529
0.052 0.001 0.054 0.012 0 0.011 9.548 0.01 9.555 9.988 0 9.988 9.751 0 9.748
0.055 0 0.055 0.01 0.002 0.012 8.927 0.004 8.929 9.376 0 9.374 9.252 0 9.249
0.052 0.002 0.054 0.00900000000000001 0.00199999999999999 0.011 9.519 0.01 9.526 10.001 0 10 9.736 0 9.733
0.055 0.001 0.055 0.012 0.000999999999999994 0.013 10.431 0.00600000000000001 10.434 10.705 0.001 10.704 10.731 0 10.729
0.052 0.000999999999999997 0.052 0.011 0.001 0.012 9.177 0.006 9.181 9.571 0 9.569 9.527 0 9.525
0.053 0.001 0.054 0.012 0 0.012 9.438 0.008 9.444 9.893 0 9.89 9.752 0 9.75
0.053 0.001 0.053 0.00900000000000001 0.002 0.012 8.932 0.01 8.939 9.349 0 9.346 9.245 0 9.243
0.054 0.001 0.055 0.011 0 0.011 9.207 0.004 9.209 9.595 0 9.592 9.542 0 9.54
0.046 0 0.046 0.00900000000000001 0.002 0.011 9.073 0.003 9.074 9.545 0 9.542 9.482 0 9.481
0.056 0.001 0.057 0.011 0.001 0.012 8.969 0.008 8.975 9.436 0 9.433 9.318 0 9.317
0.053 0 0.054 0.012 0 0.011 9.146 0.01 9.154 9.567 0 9.564 9.452 0 9.451
0.052 0 0.052 0.01 0.000999999999999994 0.012 9.064 0.00600000000000001 9.067 9.536 0 9.534 9.472 0 9.47
0.054 0 0.054 0.01 0.001 0.011 9.551 0.011 9.56 9.999 0.000999999999999994 9.998 9.809 0 9.807
0.047 0 0.047 0.00999999999999998 0.002 0.012 8.873 0.00799999999999999 8.879 9.994 0 9.991 9.914 0 9.913
0.054 0 0.055 0.011 0 0.011 9.041 0.014 9.053 9.491 0 9.488 8.868 0 8.867
0.053 0.001 0.055 0.01 0.002 0.011 9.445 0.00799999999999999 9.452 9.933 0 9.929 9.782 0 9.78
0.052 0.001 0.053 0.011 0.001 0.012 9.505 0.009 9.511 9.921 0.000999999999999994 9.919 9.896 0 9.895
0.059 0 0.0600000000000001 0.012 0 0.011 9.117 0.012 9.127 9.553 0 9.55 9.448 0 9.448
0.052 0.002 0.054 0.012 0 0.012 9.107 0.01 9.114 9.629 0 9.627 9.538 0 9.536
0.045 0.001 0.047 0.011 0 0.011 8.853 0.013 8.864 9.2 0 9.198 9.072 0 9.069
0.045 0.001 0.046 0.00900000000000001 0.002 0.011 8.876 0.011 8.885 9.277 0 9.275 9.13 0 9.129
0.053 0.000999999999999994 0.054 0.012 0 0.012 9.583 0.005 9.586 9.95 0 9.948 9.85 0 9.848
0.046 0 0.047 0.012 0 0.011 8.602 0.008 8.609 9.016 0 9.014 8.918 0 8.915
0.047 0 0.047 0.00999999999999998 0.002 0.012 9.262 0.011 9.27 10.029 0 10.027 9.921 0 9.919
0.052 0.001 0.054 0.011 0 0.011 9.144 0.007 9.149 9.53 0 9.528 9.225 0 9.223
0.054 0.001 0.055 0.01 0.001 0.011 9.231 0.009 9.238 9.662 0 9.658 9.59 0 9.59
0.053 0.001 0.054 0.011 0 0.011 9.486 0.008 9.49 9.872 0.001 9.871 9.78 0 9.779
0.053 0.000999999999999997 0.054 0.012 0 0.011 9.015 0.013 9.026 9.399 0 9.397 9.255 0 9.253
0.046 0.001 0.047 0.011 0 0.011 8.81 0.01 8.817 9.203 0 9.201 9.141 0 9.14
0.045 0.001 0.046 0.011 0 0.012 8.818 0.013 8.828 9.214 0.001 9.213 9.117 0 9.115
0.053 0 0.054 0.011 0.001 0.012 9.511 0.007 9.516 9.984 0.001 9.982 9.842 0 9.84
0.052 0.001 0.053 0.011 0.001 0.011 9.511 0.011 9.52 9.935 0 9.932 9.878 0.001 9.878
0.053 0.001 0.054 0.013 0.000999999999999997 0.014 10.311 0.005 10.313 10.791 0 10.789 10.505 0 10.502
0.053 0 0.053 0.012 0 0.012 9.252 0.008 9.257 9.674 0 9.672 9.634 0 9.632
0.053 0.001 0.054 0.00900000000000001 0.00199999999999999 0.011 9.1 0.009 9.107 9.556 0 9.552 9.55 0 9.549
0.046 0 0.047 0.011 0 0.011 8.54 0.005 8.543 8.964 0 8.961 8.893 0 8.892
0.051 0.002 0.053 0.011 0.000999999999999994 0.012 9.11 0.005 9.113 9.572 0.002 9.571 9.492 0 9.491
0.056 0 0.056 0.011 0.001 0.013 10.328 0.006 10.331 10.709 0 10.706 10.382 0 10.379
0.054 0 0.053 0.01 0.000999999999999994 0.011 9.188 0.00600000000000001 9.191 9.603 0 9.601 9.541 0 9.539
0.053 0.002 0.055 0.013 0.001 0.013 10.427 0.005 10.43 10.924 0.001 10.922 10.484 0 10.483
0.053 0 0.054 0.011 0 0.011 8.889 0.008 8.894 9.318 0 9.316 9.267 0 9.265
0.053 0.001 0.054 0.012 0 0.012 9.191 0.008 9.197 9.535 0 9.533 9.501 0 9.499
0.053 0.002 0.055 0.011 0.000999999999999994 0.012 9.169 0.005 9.172 9.566 0 9.564 9.508 0 9.506
0.053 0 0.053 0.01 0.00199999999999999 0.012 9.123 0.011 9.131 9.571 0 9.569 9.517 0 9.515
0.052 0.002 0.054 0.01 0.002 0.012 9.513 0.008 9.518 9.942 0 9.94 9.814 0 9.812
0.054 0.001 0.055 0.011 0 0.011 9.627 0.006 9.63 10.092 0 10.09 10.011 0 10.009
0.055 0 0.055 0.012 0.002 0.014 10.336 0.007 10.34 10.792 0.002 10.793 10.55 0 10.547
0.047 0 0.046 0.00899999999999998 0.002 0.012 8.87 0.006 8.874 9.268 0 9.265 9.54 0 9.539
0.044 0.000999999999999994 0.045 0.01 0.001 0.011 8.413 0.00600000000000001 8.417 8.865 0 8.863 8.989 0 8.988
0.044 0.002 0.046 0.00999999999999998 0.001 0.011 8.858 0.013 8.869 9.964 0 9.96 9.933 0 9.932
0.053 0.001 0.054 0.011 0 0.011 9.508 0.009 9.515 9.926 0 9.923 9.154 0 9.151
0.052 0 0.052 0.012 0 0.011 9.104 0.006 9.108 9.525 0 9.523 9.448 0 9.446
0.053 0 0.053 0.00900000000000001 0.002 0.012 9.191 0.008 9.196 9.605 0 9.603 9.525 0 9.524
0.052 0.001 0.053 0.011 0 0.011 9.468 0.007 9.472 9.976 0.002 9.977 9.78 0 9.777
0.053 0.002 0.055 0.012 0 0.012 8.955 0.015 8.968 9.435 0 9.433 9.371 0 9.369
0.046 0.001 0.047 0.013 0.001 0.014 9.406 0.006 9.41 9.767 0 9.763 9.696 0.001 9.696
0.052 0 0.052 0.01 0.001 0.011 9.119 0.007 9.123 9.532 0 9.53 9.477 0 9.475
0.053 0.000999999999999994 0.054 0.011 0 0.011 9.516 0.012 9.526 9.942 0 9.939 9.767 0 9.765
0.053 0.002 0.055 0.011 0 0.011 8.982 0.011 8.991 9.423 0 9.42 9.364 0 9.364
0.053 0 0.053 0.011 0 0.011 9.114 0.013 9.125 9.58 0.002 9.58 9.461 0 9.459
0.054 0 0.054 0.011 0 0.011 8.91 0.013 8.921 9.269 0 9.267 9.24 0 9.238
0.051 0.001 0.052 0.011 0 0.011 9.156 0.007 9.161 9.623 0 9.62 9.505 0 9.504
0.052 0.001 0.054 0.011 0.001 0.011 9.18 0.008 9.186 9.628 0.001 9.626 9.527 0 9.527
0.053 0 0.053 0.01 0.001 0.011 9.024 0.012 9.033 9.269 0 9.267 9.068 0 9.068
0.053 0.001 0.054 0.011 0 0.011 8.759 0.012 8.769 8.933 0 8.929 8.812 0 8.811
0.054 0.001 0.055 0.012 0.002 0.014 10.373 0.006 10.376 11.005 0 11.004 10.813 0 10.809
0.046 0 0.046 0.012 0 0.012 8.896 0.009 8.902 9.25 0 9.249 9.183 0 9.181
0.052 0.00199999999999999 0.054 0.00900000000000001 0.003 0.011 9.25 0.01 9.258 9.692 0 9.689 9.601 0 9.601
0.053 0.001 0.054 0.011 0 0.011 8.857 0.01 8.865 9.289 0 9.286 9.211 0 9.209
0.052 0.001 0.053 0.011 0 0.011 8.951 0.01 8.958 9.405 0 9.403 9.282 0 9.281
0.053 0.001 0.054 0.01 0.002 0.012 9.12 0.009 9.127 9.588 0 9.586 9.504 0 9.503
0.053 0 0.053 0.011 0 0.011 8.805 0.006 8.809 9.251 0 9.249 9.17 0 9.168
0.053 0.001 0.055 0.012 0 0.011 9.042 0.01 9.05 9.531 0 9.529 9.454 0 9.453
0.055 0 0.054 0.01 0.001 0.012 9.463 0.00799999999999999 9.469 9.918 0.001 9.916 9.739 0 9.738
0.052 0.001 0.054 0.01 0.001 0.011 8.966 0.003 8.966 9.309 0 9.307 9.217 0 9.215
0.054 0 0.054 0.013 0 0.013 10.285 0.003 10.285 10.724 0 10.722 10.385 0 10.381
0.054 0 0.054 0.011 0 0.011 9.18 0.006 9.184 9.591 0 9.588 9.521 0 9.52
0.055 0 0.055 0.012 0.002 0.014 10.351 0.004 10.352 10.816 0 10.814 10.78 0 10.777
0.053 0.00199999999999999 0.055 0.011 0.001 0.012 9.523 0.01 9.531 9.987 0 9.985 9.823 0.001 9.821
0.054 0 0.054 0.00900000000000001 0.003 0.012 9.538 0.013 9.548 9.975 0.000999999999999994 9.974 9.826 0 9.824
0.054 0.001 0.054 0.011 0 0.012 9.143 0.005 9.146 9.594 0 9.591 9.529 0 9.528
0.053 0 0.054 0.011 0.001 0.012 9.546 0.008 9.552 10.062 0 10.06 9.905 0 9.903
0.047 0 0.048 0.011 0 0.011 8.915 0.009 8.921 9.98 0 9.977 9.923 0 9.923
0.053 0.001 0.054 0.01 0.001 0.011 9.588 0.012 9.598 10.013 0 10.011 9.23 0 9.227
0.052 0.00199999999999999 0.054 0.011 0.001 0.011 9.41 0.007 9.415 9.941 0 9.938 9.768 0 9.767
0.051 0.002 0.053 0.01 0.002 0.011 9.142 0.012 9.152 9.583 0 9.581 9.504 0 9.503
0.053 0 0.053 0.011 0 0.012 9.035 0.006 9.039 9.38 0 9.376 9.286 0 9.285
0.053 0.001 0.055 0.013 0.001 0.014 10.29 0.008 10.295 10.766 0 10.763 10.352 0.001 10.35
0.052 0 0.052 0.01 0.001 0.012 9.407 0.007 9.41 9.933 0 9.93 9.789 0 9.788
0.045 0.001 0.046 0.00999999999999998 0.00199999999999999 0.011 8.407 0.009 8.414 8.878 0 8.877 8.742 0 8.739
0.054 0 0.053 0.011 0 0.012 9.073 0.008 9.078 9.513 0 9.511 9.471 0 9.469
0.051 0 0.051 0.012 0 0.012 8.848 0.00899999999999999 8.854 9.339 0 9.337 9.213 0 9.212
0.053 0.001 0.054 0.01 0.001 0.011 9.497 0.008 9.502 9.959 0 9.956 9.736 0 9.736
0.055 0.001 0.056 0.014 0 0.014 10.205 0.008 10.21 10.466 0 10.464 10.556 0.001 10.555
0.056 0 0.056 0.012 0.002 0.014 10.301 0.007 10.305 10.811 0.004 10.814 10.423 0 10.42
0.05 0.003 0.053 0.011 0.002 0.012 8.968 0.011 8.977 9.433 0 9.431 9.358 0 9.356
0.052 0 0.052 0.01 0.001 0.011 8.896 0.00899999999999999 8.903 9.346 0 9.344 9.213 0 9.211
0.053 0.001 0.053 0.011 0.000999999999999997 0.011 9.18 0.011 9.19 9.621 0 9.619 9.462 0 9.46
0.046 0.002 0.048 0.013 0 0.013 9.45 0.004 9.452 9.752 0 9.749 9.673 0 9.672
0.054 0.001 0.054 0.01 0.001 0.012 9.525 0.006 9.528 10.013 0 10.012 9.93 0 9.927
0.05 0 0.05 0.01 0.001 0.012 8.942 0.009 8.948 9.409 0 9.407 9.288 0 9.287
0.053 0 0.053 0.011 0 0.011 8.837 0.01 8.845 9.273 0.001 9.271 9.179 0 9.178
0.052 0 0.052 0.011 0 0.011 9.493 0.006 9.496 9.801 0 9.799 9.615 0 9.614
0.053 0.001 0.054 0.011 0 0.011 9.008 0.007 9.013 9.518 0 9.515 9.426 0 9.425
0.054 0 0.054 0.012 0 0.011 9.569 0.009 9.575 10.014 0 10.013 9.893 0 9.891
0.05 0.002 0.052 0.012 0 0.012 9.492 0.01 9.5 9.844 0 9.841 9.793 0 9.792
0.053 0.001 0.053 0.011 0 0.012 9.134 0.01 9.141 9.58 0 9.577 9.529 0 9.528
0.055 0.001 0.055 0.014 0 0.014 10.364 0.007 10.369 10.854 0 10.852 10.785 0 10.782
0.051 0 0.052 0.01 0.000999999999999994 0.011 8.952 0.011 8.96 9.317 0 9.315 9.196 0 9.194
0.054 0 0.054 0.011 0 0.011 9.13 0.011 9.139 9.597 0 9.595 9.429 0 9.427
0.048 0.003 0.052 0.011 0.001 0.011 9.518 0.012 9.529 9.956 0 9.953 9.79 0 9.789
0.053 0.000999999999999994 0.054 0.011 0 0.011 8.797 0.01 8.804 9.245 0 9.243 9.16 0 9.159
0.052 0 0.053 0.012 0 0.011 9.132 0.013 9.143 9.577 0 9.575 9.479 0 9.477
0.054 0 0.053 0.011 0 0.011 8.943 0.009 8.95 9.383 0.001 9.382 9.307 0 9.306
0.046 0 0.047 0.011 0 0.011 8.383 0.013 8.394 9.33 0 9.327 9.254 0 9.252
0.052 0.001 0.053 0.011 0 0.011 9.438 0.017 9.452 9.628 0 9.627 9.011 0 9.008
0.054 0 0.054 0.012 0.001 0.013 10.326 0.006 10.33 10.802 0 10.8 10.558 0 10.555
0.054 0 0.054 0.011 0 0.012 9.5 0.005 9.502 9.974 0 9.973 9.837 0 9.835
0.055 0 0.055 0.012 0 0.011 9.043 0.00600000000000001 9.047 9.442 0 9.439 9.409 0 9.408
0.054 0 0.054 0.011 0 0.011 9.247 0.00600000000000001 9.252 9.662 0 9.659 9.553 0 9.551
0.053 0 0.052 0.011 0 0.012 9.501 0.007 9.505 9.999 0 9.998 9.8 0 9.797
0.049 0 0.048 0.011 0.002 0.013 9.435 0.007 9.44 9.822 0.001 9.82 9.76 0 9.758
0.053 0 0.053 0.01 0.001 0.011 9.005 0.007 9.009 9.435 0 9.433 9.385 0 9.383
0.056 0.001 0.057 0.014 0 0.014 10.388 0.006 10.391 10.857 0 10.855 10.577 0 10.575
0.052 0.001 0.054 0.012 0 0.011 9.494 0.009 9.502 9.977 0 9.975 9.832 0 9.83
0.054 0 0.054 0.011 0.001 0.011 9.267 0.008 9.274 9.664 0 9.661 9.681 0 9.679
0.051 0.002 0.053 0.013 0.001 0.015 10.356 0.007 10.359 10.829 0.001 10.828 10.775 0 10.772
0.056 0 0.056 0.013 0.001 0.013 10.336 0.005 10.339 10.796 0 10.794 10.747 0 10.744
0.056 0 0.055 0.00900000000000001 0.002 0.012 9.077 0.011 9.085 9.542 0 9.54 9.484 0 9.482
0.054 0 0.053 0.012 0 0.012 8.967 0.01 8.975 9.418 0 9.416 9.357 0.001 9.356
0.054 0 0.054 0.01 0.001 0.012 9.169 0.012 9.179 9.585 0.001 9.583 9.481 0 9.48
0.052 0 0.052 0.012 0 0.012 9.526 0.01 9.534 10.009 0 10.007 9.833 0 9.831
0.05 0.003 0.053 0.01 0.001 0.011 9.177 0.00799999999999999 9.182 9.585 0 9.583 9.548 0 9.545
0.053 0.001 0.054 0.014 0 0.015 10.436 0.006 10.439 10.902 0.001 10.902 10.839 0 10.836
0.053 0.00199999999999999 0.055 0.011 0.003 0.014 10.468 0.007 10.473 10.936 0.001 10.935 10.861 0 10.857
0.054 0 0.053 0.01 0.001 0.012 9.097 0.005 9.099 9.51 0 9.508 9.432 0 9.431
0.054 0 0.055 0.012 0 0.011 9.084 0.005 9.088 9.548 0 9.546 9.47 0 9.468
0.051 0.002 0.054 0.011 0.000999999999999994 0.011 9.447 0.012 9.458 9.919 0 9.916 9.738 0.001 9.737
0.054 0.001 0.054 0.011 0 0.011 9.174 0.01 9.183 9.622 0 9.618 9.515 0 9.514
0.053 0.002 0.054 0.01 0.001 0.012 8.921 0.009 8.928 9.397 0 9.395 9.282 0 9.28
0.052 0 0.052 0.012 0 0.012 9.122 0.013 9.132 9.564 0 9.563 9.523 0 9.52
0.052 0.001 0.053 0.011 0 0.012 9.193 0.013 9.202 9.627 0 9.625 9.52 0 9.518
0.047 0 0.047 0.011 0 0.011 8.809 0.008 8.815 9.103 0 9.102 8.99 0 8.987
0.053 0.001 0.053 0.01 0.001 0.012 9.515 0.008 9.52 9.971 0 9.97 9.731 0 9.727
0.052 0 0.052 0.011 0.001 0.011 9.074 0.013 9.086 9.516 0 9.514 9.433 0 9.43
0.053 0.001 0.054 0.011 0 0.011 9.474 0.008 9.479 9.937 0 9.935 9.695 0 9.693
0.046 0 0.046 0.00899999999999998 0.00199999999999999 0.011 8.834 0.005 8.837 9.965 0 9.962 9.853 0 9.851
0.053 0 0.053 0.012 0 0.012 9.127 0.011 9.136 9.573 0 9.57 8.953 0 8.952
0.054 0 0.053 0.011 0 0.012 8.924 0.008 8.928 9.364 0 9.363 9.293 0 9.291
0.054 0 0.054 0.01 0.001 0.011 8.922 0.009 8.929 9.39 0 9.387 9.334 0 9.333
0.054 0 0.055 0.012 0 0.011 9.139 0.011 9.148 9.584 0 9.581 9.493 0 9.492
0.054 0 0.054 0.011 0 0.011 9.147 0.006 9.151 9.592 0 9.588 9.514 0 9.514
0.053 0.000999999999999994 0.055 0.011 0 0.011 8.8 0.007 8.805 9.248 0 9.246 9.167 0 9.165
0.052 0.00199999999999999 0.053 0.011 0 0.011 9.054 0.01 9.062 9.483 0 9.481 9.414 0 9.412
0.056 0 0.055 0.011 0 0.012 9.476 0.009 9.482 9.948 0 9.946 9.848 0 9.845
0.053 0.000999999999999994 0.054 0.01 0.001 0.011 9.497 0.007 9.502 9.929 0 9.926 9.774 0 9.772
0.051 0.001 0.052 0.01 0.001 0.011 9.473 0.01 9.479 9.905 0 9.904 9.745 0 9.743
0.052 0.001 0.053 0.012 0 0.011 8.951 0.011 8.96 9.425 0 9.422 9.335 0 9.335
0.054 0 0.054 0.01 0.000999999999999994 0.012 9.067 0.008 9.072 9.378 0 9.375 9.349 0 9.348
0.047 0 0.047 0.014 0 0.014 9.892 0.003 9.892 10.805 0 10.803 10.746 0 10.743
0.054 0.002 0.055 0.013 0.002 0.014 10.352 0.004 10.354 10.867 0 10.865 10.248 0.000999999999999994 10.246
0.047 0.001 0.047 0.011 0.002 0.014 9.457 0.003 9.458 9.86 0 9.856 9.794 0 9.794
0.048 0 0.048 0.011 0.002 0.013 9.366 0.003 9.366 9.774 0.002 9.774 9.696 0 9.694
0.053 0.000999999999999994 0.054 0.011 0.001 0.012 9.635 0.011 9.647 9.938 0.005 9.946 9.863 0 9.864
0.053 0.001 0.054 0.01 0.002 0.012 9.161 0.005 9.164 9.615 0 9.612 9.578 0 9.577
0.053 0.001 0.054 0.00900000000000001 0.00199999999999999 0.011 9.513 0.014 9.525 9.895 0 9.892 9.822 0 9.82
0.053 0 0.053 0.01 0.001 0.012 9.547 0.006 9.551 9.989 0 9.987 9.794 0 9.792
0.053 0 0.054 0.011 0 0.011 8.941 0.011 8.95 9.404 0 9.401 9.347 0 9.345
0.055 0.001 0.056 0.012 0.000999999999999994 0.014 10.378 0.009 10.383 10.781 0 10.779 10.8 0 10.797
0.053 0.001 0.054 0.011 0 0.012 9.503 0.007 9.507 9.958 0 9.955 9.732 0 9.731
0.054 0 0.053 0.011 0 0.011 8.961 0.006 8.965 9.381 0.001 9.38 9.338 0 9.336
0.046 0 0.047 0.011 0 0.011 8.385 0.012 8.394 8.858 0 8.857 8.744 0 8.74
0.045 0.001 0.046 0.01 0.001 0.011 8.79 0.01 8.798 9.125 0 9.124 9.075 0 9.074
0.053 0.001 0.054 0.011 0 0.011 9.077 0.007 9.081 9.521 0 9.519 9.477 0 9.475
0.054 0 0.053 0.011 0 0.012 9.534 0.011 9.542 9.971 0 9.969 9.783 0.001 9.782
0.047 0 0.046 0.011 0 0.011 8.596 0.009 8.603 9.548 0 9.545 9.521 0 9.52
0.053 0 0.053 0.011 0 0.011 8.879 0.009 8.886 9.201 0 9.199 8.684 0 8.682
0.054 0 0.055 0.011 0 0.011 9.074 0.009 9.081 9.52 0 9.517 9.475 0 9.474
0.053 0.000999999999999994 0.053 0.011 0 0.011 9.455 0.005 9.458 9.898 0.001 9.896 9.716 0 9.715
0.051 0.001 0.052 0.01 0.001 0.011 8.947 0.006 8.951 9.317 0 9.313 9.201 0 9.201
0.052 0.001 0.054 0.011 0.000999999999999994 0.011 9.027 0.00600000000000001 9.032 9.441 0 9.438 9.343 0 9.341
0.054 0.001 0.054 0.011 0 0.011 8.894 0.016 8.908 9.4 0 9.399 9.324 0 9.321
0.053 0 0.054 0.01 0.00199999999999999 0.011 9.119 0.009 9.126 9.599 0 9.596 9.477 0 9.477
0.055 0 0.055 0.01 0.000999999999999994 0.011 9.109 0.00700000000000001 9.114 9.575 0 9.572 9.485 0 9.484
0.055 0 0.055 0.013 0 0.013 10.269 0.00899999999999999 10.275 10.644 0.001 10.643 10.277 0 10.274
0.056 0 0.056 0.014 0 0.014 10.323 0.004 10.324 10.806 0 10.803 10.396 0 10.393
0.053 0.001 0.053 0.011 0 0.012 8.926 0.009 8.933 9.357 0 9.354 9.299 0 9.298
0.056 0 0.056 0.013 0.001 0.014 10.171 0.007 10.175 10.741 0 10.739 10.603 0.001 10.601
0.054 0.001 0.055 0.01 0.002 0.011 9.205 0.007 9.211 9.65 0 9.647 9.541 0 9.54
0.052 0.003 0.056 0.012 0.002 0.014 10.319 0.005 10.322 10.793 0 10.791 10.399 0 10.395
0.047 0 0.047 0.00999999999999998 0.001 0.011 8.59 0.007 8.595 8.966 0 8.964 8.844 0 8.843
0.046 0.001 0.046 0.00799999999999998 0.003 0.011 8.483 0.004 8.485 8.868 0 8.867 8.772 0 8.77
0.053 0.001 0.054 0.011 0.001 0.012 9.28 0.008 9.285 9.697 0 9.695 9.607 0 9.605
0.054 0.001 0.055 0.01 0.001 0.011 9.129 0.005 9.132 9.574 0 9.571 9.493 0 9.492
0.054 0 0.054 0.01 0.000999999999999997 0.011 9.482 0.00600000000000001 9.486 9.907 0.000999999999999994 9.905 9.818 0 9.816
0.054 0 0.054 0.011 0 0.011 9.556 0.012 9.567 9.985 0 9.982 9.86 0 9.858
0.053 0.001 0.054 0.01 0.001 0.011 9.184 0.01 9.192 9.588 0 9.585 9.559 0 9.558
0.053 0 0.053 0.01 0.001 0.011 9.484 0.009 9.492 9.99 0 9.987 9.878 0.001 9.877
0.052 0 0.052 0.011 0.001 0.012 9.213 0.01 9.221 9.715 0 9.712 9.589 0 9.588
0.053 0 0.053 0.011 0.001 0.012 9.111 0.008 9.116 9.545 0 9.542 9.477 0 9.476
0.052 0 0.053 0.011 0.000999999999999997 0.011 9.079 0.011 9.087 9.525 0 9.524 9.441 0 9.439
0.053 0 0.053 0.012 0 0.011 9.029 0.01 9.038 9.496 0 9.494 9.408 0 9.406
0.055 0.001 0.056 0.014 0 0.014 10.302 0.005 10.304 10.799 0.001 10.798 10.542 0 10.539
0.054 0 0.053 0.011 0 0.012 9.49 0.01 9.498 9.971 0 9.967 9.836 0 9.834
0.044 0.002 0.046 0.00999999999999998 0.001 0.011 8.391 0.009 8.398 9.312 0 9.31 9.31 0 9.307
0.052 0.001 0.053 0.012 0 0.012 9.41 0.014 9.421 9.72 0 9.719 9.088 0 9.085
0.051 0.000999999999999994 0.053 0.01 0.001 0.011 9.515 0.007 9.52 9.972 0 9.97 9.835 0 9.832
0.053 0 0.053 0.011 0 0.011 8.973 0.015 8.986 9.459 0 9.457 9.362 0 9.359
0.052 0 0.051 0.011 0 0.012 9.094 0.01 9.101 9.507 0 9.504 9.45 0 9.45
0.054 0 0.053 0.011 0 0.011 9.118 0.009 9.124 9.587 0 9.585 9.497 0 9.495
0.052 0.002 0.054 0.01 0.00199999999999999 0.012 9.001 0.009 9.008 9.376 0 9.373 9.294 0 9.293
0.055 0 0.055 0.012 0.002 0.014 10.345 0.007 10.349 10.833 0 10.831 10.405 0 10.402
0.054 0.001 0.055 0.01 0.001 0.011 9.569 0.009 9.576 9.985 0 9.983 9.742 0 9.739
0.052 0.001 0.053 0.01 0.001 0.012 9.084 0.014 9.095 9.436 0 9.433 9.39 0 9.389
0.053 0.001 0.053 0.012 0 0.012 8.989 0.011 8.998 9.345 0 9.344 9.238 0 9.236
0.053 0 0.053 0.011 0 0.011 9.059 0.01 9.067 9.404 0.00199999999999999 9.403 9.344 0 9.342
0.053 0.001 0.054 0.01 0.00199999999999999 0.012 8.906 0.00800000000000001 8.912 9.219 0 9.217 9.234 0 9.232
0.055 0 0.055 0.011 0.001 0.012 9.452 0.009 9.459 9.878 0 9.875 9.727 0 9.726
0.053 0 0.054 0.01 0.001 0.011 8.959 0.01 8.966 9.414 0 9.412 9.343 0 9.341
0.049 0.003 0.052 0.01 0.001 0.012 9.224 0.007 9.229 9.632 0.001 9.629 9.528 0 9.528
0.053 0 0.053 0.011 0 0.011 8.949 0.014 8.96 9.423 0 9.421 9.307 0 9.306
0.054 0 0.054 0.012 0 0.012 9.171 0.013 9.182 9.569 0 9.566 9.498 0 9.497
0.053 0.002 0.055 0.011 0.000999999999999994 0.011 8.976 0.00800000000000001 8.982 9.458 0 9.455 9.379 0 9.377
0.052 0.001 0.054 0.012 0 0.011 9.175 0.007 9.179 9.638 0 9.637 9.477 0 9.475
0.055 0 0.054 0.01 0.001 0.012 9.553 0.014 9.564 9.998 0 9.997 9.812 0 9.809
0.054 0 0.054 0.00900000000000001 0.002 0.011 9.091 0.01 9.098 9.564 0 9.562 9.486 0 9.484
0.055 0.001 0.056 0.013 0 0.012 10.285 0.01 10.293 10.683 0 10.68 10.707 0 10.705
0.058 0 0.057 0.013 0 0.014 10.377 0.007 10.38 10.72 0 10.718 10.351 0 10.349
0.051 0.00199999999999999 0.054 0.00800000000000001 0.003 0.011 9.017 0.014 9.028 9.382 0 9.38 9.29 0 9.289
0.043 0.003 0.047 0.011 0 0.011 8.77 0.008 8.775 9.829 0 9.828 9.821 0 9.819
0.052 0.00199999999999999 0.054 0.012 0 0.011 9.471 0.008 9.477 9.807 0 9.804 9.067 0 9.067
0.051 0.001 0.052 0.011 0.001 0.012 9.082 0.00899999999999999 9.089 9.505 0 9.502 9.456 0 9.456
0.054 0 0.054 0.01 0.001 0.011 9.18 0.009 9.187 9.562 0 9.559 9.46 0 9.459
0.047 0 0.047 0.011 0 0.011 8.804 0.008 8.808 9.911 0 9.909 9.854 0 9.852
0.053 0 0.053 0.01 0.001 0.012 8.911 0.01 8.918 9.403 0 9.4 8.838 0 8.837
0.056 0 0.055 0.011 0 0.011 8.928 0.009 8.934 9.39 0 9.389 9.308 0 9.306
0.053 0 0.054 0.011 0.001 0.011 9.04 0.011 9.05 9.503 0 9.5 9.409 0 9.408
0.053 0 0.053 0.01 0.001 0.011 9.445 0.012 9.455 9.957 0 9.954 9.745 0 9.745
0.054 0 0.053 0.011 0 0.012 8.978 0.008 8.983 9.404 0 9.402 9.332 0 9.331
0.045 0.001 0.046 0.011 0 0.011 9.154 0.01 9.161 9.916 0.00199999999999999 9.916 9.852 0 9.85
0.053 0.001 0.055 0.011 0.002 0.013 10.281 0.007 10.286 10.646 0 10.643 9.903 0 9.901
0.053 0.001 0.054 0.012 0 0.011 9.531 0.01 9.539 9.961 0 9.96 9.789 0 9.785
0.053 0.001 0.054 0.011 0.001 0.012 9.2 0.011 9.209 9.649 0 9.646 9.573 0 9.572
0.052 0 0.053 0.01 0.001 0.011 8.893 0.00799999999999999 8.899 9.34 0 9.338 9.24 0 9.238
0.053 0.001 0.053 0.01 0.001 0.012 9.12 0.009 9.127 9.531 0.001 9.528 9.432 0 9.431
0.053 0.001 0.054 0.011 0 0.011 8.951 0.013 8.962 9.311 0.002 9.311 9.296 0 9.294
0.047 0.001 0.048 0.012 0.002 0.014 10.322 0.004 10.325 10.769 0.001 10.768 10.742 0 10.739
0.054 0 0.055 0.011 0 0.011 9.124 0.008 9.129 9.56 0 9.558 9.49 0 9.488
0.051 0.002 0.054 0.012 0 0.011 8.855 0.008 8.862 9.232 0 9.23 9.233 0 9.231
0.053 0.001 0.054 0.011 0 0.012 9.51 0.001 9.508 9.953 0 9.95 9.862 0 9.861
0.054 0 0.053 0.01 0.001 0.012 9.222 0.006 9.226 9.646 0 9.643 9.576 0 9.574
0.052 0.00199999999999999 0.054 0.01 0.001 0.011 9.002 0.002 9.003 9.416 0.001 9.414 9.369 0 9.367
0.052 0 0.053 0.011 0.001 0.011 8.967 0.008 8.972 9.387 0.001 9.387 9.303 0 9.301
0.048 0 0.048 0.011 0 0.011 8.989 0.01 8.997 9.468 0 9.466 9.342 0 9.34
0.053 0.001 0.053 0.011 0 0.012 9.189 0.012 9.199 9.581 0 9.579 9.42 0 9.418
0.052 0.002 0.054 0.011 0.001 0.012 9.143 0.007 9.148 9.582 0 9.579 9.488 0 9.487
0.053 0.001 0.054 0.012 0 0.012 9.116 0.011 9.125 9.551 0 9.548 9.461 0 9.459
0.048 0 0.048 0.012 0.001 0.013 10.321 0.005 10.323 10.748 0 10.746 10.767 0 10.763
0.051 0.003 0.055 0.014 0 0.014 10.503 0.007 10.507 10.966 0 10.964 10.539 0 10.536
0.054 0 0.053 0.011 0 0.012 9.051 0.00600000000000001 9.054 9.46 0 9.457 9.373 0 9.373
0.054 0.002 0.056 0.011 0.003 0.014 10.303 0.011 10.311 10.795 0.001 10.793 10.373 0 10.37
0.052 0.001 0.053 0.011 0.001 0.012 8.923 0.011 8.932 9.406 0 9.404 9.322 0 9.32
0.045 0.001 0.046 0.00999999999999998 0.001 0.011 8.836 0.017 8.851 9.235 0 9.233 9.093 0 9.092
0.044 0.003 0.048 0.012 0.00199999999999999 0.013 9.471 0.00600000000000001 9.475 9.837 0 9.834 9.776 0 9.776
0.046 0 0.046 0.00899999999999998 0.002 0.011 8.553 0.00899999999999999 8.56 9.49 0 9.487 9.475 0 9.474
0.053 0.001 0.055 0.014 0 0.013 10.231 0.005 10.233 10.453 0 10.451 9.725 0 9.723
0.053 0.000999999999999994 0.053 0.011 0 0.011 9.054 0.005 9.057 9.527 0 9.525 9.472 0 9.47
0.053 0.001 0.054 0.00800000000000001 0.003 0.011 9.122 0.006 9.125 9.559 0 9.557 9.506 0 9.505
0.048 0 0.049 0.013 0.000999999999999994 0.013 9.47 0.003 9.471 9.852 0.001 9.85 9.822 0 9.82
0.046 0 0.046 0.011 0.001 0.011 8.561 0.011 8.57 8.942 0.001 8.941 8.876 0 8.875
0.046 0.001 0.047 0.00999999999999998 0.001 0.011 9.16 0.009 9.168 9.918 0 9.915 9.943 0 9.94
0.053 0 0.053 0.011 0 0.011 9.072 0.01 9.08 9.501 0 9.498 9.217 0 9.215
0.055 0 0.055 0.00900000000000001 0.002 0.012 9.621 0.007 9.626 10.099 0 10.097 9.908 0 9.904
0.054 0 0.053 0.011 0 0.012 9.112 0.012 9.121 9.536 0 9.534 9.464 0 9.463
0.055 0.001 0.056 0.013 0 0.014 10.365 0.011 10.373 10.822 0.001 10.821 10.618 0 10.615
0.053 0.001 0.053 0.011 0 0.012 9.651 0.01 9.657 10.153 0 10.153 10.037 0 10.033
0.054 0.000999999999999994 0.055 0.011 0 0.011 9.389 0.00800000000000001 9.395 9.695 0 9.692 9.718 0 9.716
0.054 0.001 0.054 0.014 0 0.014 10.293 0.004 10.295 10.764 0 10.761 10.497 0 10.495
0.053 0.001 0.054 0.01 0.001 0.012 9.473 0.007 9.478 9.882 0 9.878 9.884 0 9.883
0.048 0 0.048 0.012 0.000999999999999994 0.013 9.909 0.008 9.915 10.867 0 10.865 10.829 0 10.826
0.056 0 0.056 0.013 0 0.013 10.35 0.008 10.355 10.817 0 10.815 10.283 0 10.281
0.048 0 0.048 0.011 0 0.011 9.459 0.006 9.462 9.915 0.001 9.914 9.907 0 9.905
0.053 0.001 0.054 0.011 0 0.012 8.995 0.012 9.005 9.414 0 9.41 9.305 0 9.304
0.046 0.001 0.047 0.00999999999999998 0.001 0.011 8.975 0.005 8.978 9.441 0 9.439 9.262 0 9.26
0.055 0 0.055 0.01 0.001 0.012 9.575 0.011 9.583 10.072 0 10.07 9.811 0 9.808
0.053 0 0.054 0.011 0.001 0.011 9.12 0.01 9.128 9.578 0 9.576 9.525 0 9.524
0.052 0 0.052 0.011 0.001 0.012 9.145 0.004 9.147 9.573 0 9.57 9.552 0 9.551
0.053 0.002 0.055 0.011 0 0.011 9.2 0.006 9.203 9.222 0 9.22 9.141 0 9.14
0.053 0 0.053 0.012 0 0.012 9.458 0.006 9.462 9.874 0.001 9.872 9.755 0 9.754
0.047 0.001 0.048 0.012 0.001 0.013 9.402 0.007 9.406 10.763 0 10.761 10.73 0 10.728
0.052 0.001 0.053 0.012 0 0.011 9.109 0.008 9.116 9.509 0 9.507 8.987 0 8.985
0.054 0 0.054 0.01 0.000999999999999997 0.011 9.115 0.003 9.115 9.557 0 9.555 9.528 0 9.527
0.054 0 0.053 0.011 0 0.012 9.497 0.009 9.503 9.983 0 9.982 9.752 0 9.748
0.054 0 0.055 0.012 0 0.011 9.136 0.00800000000000001 9.142 9.421 0 9.418 9.422 0 9.421
0.051 0.00199999999999999 0.054 0.01 0.002 0.011 9.434 0.009 9.442 9.915 0 9.913 9.708 0 9.706
0.047 0 0.047 0.01 0.000999999999999997 0.011 8.445 0.008 8.451 9.395 0 9.392 9.358 0 9.357
0.053 0 0.054 0.012 0 0.011 9.206 0.012 9.216 9.527 0 9.525 8.959 0 8.957
0.053 0.002 0.055 0.01 0.001 0.011 9.412 0.007 9.417 9.905 0.002 9.904 9.775 0 9.774
0.053 0.001 0.053 0.011 0 0.011 8.917 0.006 8.922 9.386 0 9.382 9.324 0.001 9.325
0.051 0.001 0.053 0.012 0 0.011 9.138 0.01 9.147 9.569 0 9.565 9.496 0 9.496
0.051 0.002 0.054 0.011 0.001 0.011 9.52 0.011 9.529 9.93 0 9.926 9.843 0 9.841
0.048 0 0.047 0.01 0.001 0.011 8.847 0.012 8.857 9.28 0 9.277 9.204 0 9.203
0.055 0 0.055 0.01 0.001 0.011 9.552 0.007 9.556 9.965 0.001 9.964 9.874 0 9.871
0.052 0.001 0.053 0.01 0.001 0.012 9.439 0.007 9.442 9.741 0 9.74 9.685 0 9.683
0.046 0 0.046 0.00999999999999998 0.001 0.011 8.334 0.007 8.339 8.749 0 8.747 8.647 0 8.646
0.055 0.002 0.055 0.011 0 0.011 8.949 0.008 8.955 9.398 0 9.396 9.337 0 9.336
0.054 0.001 0.055 0.013 0.001 0.014 10.43 0.004 10.432 10.9 0.002 10.899 10.459 0 10.457
0.047 0 0.048 0.012 0 0.011 9.275 0.014 9.286 9.851 0 9.849 9.617 0 9.615
0.046 0 0.047 0.011 0 0.011 8.623 0.009 8.63 8.984 0 8.981 8.897 0.001 8.897
0.055 0 0.055 0.01 0.001 0.011 9.09 0.012 9.099 9.559 0 9.557 9.503 0 9.501
0.053 0 0.053 0.011 0.001 0.012 9.217 0.011 9.225 9.641 0 9.639 9.575 0 9.573
0.048 0 0.047 0.013 0 0.014 9.437 0.008 9.443 10.774 0 10.772 10.73 0 10.726
0.054 0 0.053 0.011 0 0.012 9.214 0.007 9.218 9.667 0 9.664 9.065 0 9.064
0.046 0.001 0.046 0.011 0 0.011 8.839 0.007 8.845 9.267 0.000999999999999994 9.264 9.127 0 9.127
0.055 0 0.054 0.011 0 0.011 8.962 0.011 8.971 9.379 0 9.377 9.356 0 9.353
0.047 0 0.047 0.011 0 0.011 9.045 0.011 9.053 9.457 0 9.455 9.301 0 9.299
0.052 0.001 0.053 0.011 0.000999999999999994 0.011 8.889 0.009 8.897 9.386 0 9.383 9.249 0 9.247
0.053 0.001 0.055 0.012 0 0.011 9.174 0.014 9.186 9.634 0 9.631 9.59 0 9.588
0.053 0.001 0.053 0.011 0 0.012 9.511 0.007 9.515 9.959 0 9.955 9.793 0 9.792
0.052 0 0.053 0.01 0.00199999999999999 0.011 9.547 0.007 9.552 9.981 0 9.98 9.817 0 9.814
0.054 0 0.053 0.01 0.001 0.012 9.091 0.008 9.096 9.557 0 9.555 9.47 0 9.469
0.054 0.001 0.055 0.00900000000000001 0.002 0.011 9.54 0.006 9.544 9.984 0.001 9.982 9.783 0 9.782
0.053 0 0.054 0.012 0 0.011 9.111 0.011 9.12 9.543 0 9.541 9.471 0 9.469
0.053 0.001 0.053 0.01 0.001 0.012 8.96 0.012 8.969 9.43 0 9.428 9.358 0 9.357
0.053 0.001 0.054 0.01 0.002 0.011 8.915 0.013 8.927 9.393 0 9.39 9.315 0 9.313
0.054 0 0.054 0.011 0 0.011 9.486 0.006 9.489 9.932 0 9.93 9.733 0 9.731
0.051 0.002 0.053 0.011 0 0.011 9.112 0.01 9.119 9.464 0 9.461 9.411 0 9.409
0.045 0 0.047 0.011 0 0.011 8.419 0.00799999999999999 8.425 8.855 0 8.853 8.75 0 8.748
0.044 0.00199999999999999 0.046 0.011 0 0.011 8.757 0.009 8.764 9.235 0 9.233 9.14 0 9.139
0.046 0 0.046 0.00799999999999998 0.003 0.011 8.792 0.009 8.798 9.724 0.001 9.723 9.704 0 9.702
0.052 0.00199999999999999 0.054 0.012 0 0.011 9.52 0.013 9.53 9.966 0 9.965 9.282 0 9.28
0.051 0.001 0.051 0.011 0 0.012 9.069 0.01 9.076 9.528 0 9.526 9.498 0 9.497
0.054 0 0.054 0.012 0 0.012 9.459 0.012 9.468 9.969 0.002 9.969 9.835 0 9.833
0.053 0.001 0.054 0.01 0.000999999999999994 0.011 9.129 0.004 9.13 9.574 0 9.572 9.464 0 9.463
0.052 0.000999999999999994 0.053 0.00900000000000001 0.002 0.011 8.906 0.00600000000000001 8.91 9.278 0 9.275 9.167 0 9.166
0.055 0 0.054 0.011 0 0.011 9.143 0.00899999999999999 9.15 9.579 0 9.577 9.529 0 9.527
0.053 0.001 0.054 0.011 0.000999999999999994 0.012 9.154 0.016 9.167 9.575 0 9.573 9.531 0 9.528
0.051 0.000999999999999994 0.052 0.012 0 0.012 9.531 0.007 9.534 9.948 0 9.947 9.815 0 9.813
0.046 0 0.047 0.012 0 0.011 8.806 0.004 8.808 9.213 0 9.211 9.633 0 9.631
0.054 0 0.053 0.011 0 0.012 8.964 0.00600000000000001 8.968 9.432 0 9.429 9.355 0 9.354
0.054 0 0.054 0.01 0.001 0.011 8.993 0.01 9.001 9.428 0 9.425 9.388 0 9.387
0.053 0 0.053 0.011 0 0.011 9.14 0.007 9.145 9.563 0 9.561 9.511 0 9.509
0.052 0.002 0.054 0.011 0 0.011 9.45 0.011 9.459 9.721 0.001 9.719 9.78 0.001 9.779
0.046 0 0.046 0.011 0 0.011 8.641 0.014 8.653 9.397 0 9.395 9.323 0 9.32
0.053 0.001 0.053 0.011 0 0.012 9.463 0.008 9.468 9.898 0.001 9.897 9.329 0 9.327
0.054 0.001 0.056 0.011 0.001 0.011 9.512 0.00899999999999999 9.519 9.99 0.001 9.99 9.849 0 9.846
0.051 0.002 0.053 0.012 0 0.011 9.118 0.004 9.121 9.569 0 9.566 9.515 0 9.513
0.053 0.002 0.055 0.013 0.001 0.014 9.904 0.006 9.908 9.821 0.001 9.821 9.738 0 9.735
0.053 0.001 0.054 0.011 0 0.012 9.097 0.01 9.104 9.48 0 9.479 9.346 0 9.343
0.047 0 0.047 0.011 0 0.011 8.993 0.008 8.998 9.289 0 9.287 9.166 0 9.165
0.054 0 0.054 0.01 0.002 0.012 9.453 0.012 9.463 9.875 0 9.872 9.82 0 9.818
0.054 0 0.055 0.012 0 0.011 9.207 0.009 9.214 9.653 0 9.65 9.573 0 9.573
0.053 0.001 0.053 0.00800000000000001 0.003 0.011 8.988 0.012 8.998 9.466 0 9.464 9.385 0 9.383
0.053 0 0.052 0.01 0.001 0.011 9.28 0.009 9.287 9.563 0.001 9.561 9.492 0 9.491
0.052 0.001 0.053 0.012 0 0.012 9.008 0.011 9.017 9.507 0 9.505 9.424 0 9.422
0.053 0.002 0.054 0.011 0 0.012 9.101 0.011 9.109 9.592 0 9.589 9.531 0 9.531
0.053 0 0.053 0.00900000000000001 0.002 0.011 9.068 0.005 9.072 9.51 0 9.507 9.462 0 9.461
0.053 0.002 0.055 0.011 0 0.011 9.524 0.012 9.533 9.952 0 9.951 9.773 0 9.77
0.053 0.001 0.054 0.01 0.002 0.011 9.496 0.008 9.502 9.927 0 9.924 9.802 0 9.8
0.052 0.002 0.054 0.011 0.001 0.012 9.105 0.00899999999999999 9.112 9.524 0.001 9.523 9.427 0 9.425
0.052 0.000999999999999997 0.054 0.01 0.001 0.011 8.934 0.006 8.938 9.361 0 9.358 9.29 0 9.289
0.055 0.00199999999999999 0.057 0.014 0 0.014 10.337 0.007 10.341 10.829 0 10.827 10.369 0 10.366
0.053 0.001 0.054 0.00900000000000001 0.002 0.011 8.85 0.009 8.857 9.316 0 9.314 9.212 0 9.21
0.047 0 0.046 0.00999999999999998 0.001 0.012 8.861 0.006 8.865 9.983 0 9.98 9.892 0 9.89
0.052 0.001 0.054 0.011 0.001 0.011 9.433 0.011 9.442 9.819 0 9.817 9.12 0 9.118
0.055 0 0.054 0.01 0.001 0.011 8.968 0.011 8.978 9.414 0 9.41 9.333 0 9.332
0.05 0.003 0.053 0.012 0 0.011 9.07 0.007 9.076 9.519 0 9.516 9.475 0 9.474
0.053 0 0.054 0.012 0 0.012 9.236 0.008 9.242 9.71 0 9.706 9.673 0 9.673
0.055 0 0.055 0.013 0.001 0.013 10.293 0.003 10.294 10.778 0 10.776 10.44 0 10.438
0.054 0 0.054 0.01 0.002 0.011 9.521 0.007 9.527 9.944 0.001 9.942 9.801 0 9.8
0.053 0.001 0.055 0.01 0.002 0.011 9.118 0.005 9.122 9.613 0 9.61 9.462 0 9.459
0.046 0.001 0.047 0.011 0 0.011 9.091 0.007 9.097 9.842 0 9.839 9.741 0 9.739
0.058 0 0.058 0.01 0.001 0.011 8.873 0.011 8.883 9.34 0 9.336 9.013 0 9.012
0.054 0 0.054 0.01 0.001 0.011 9.502 0.009 9.509 9.954 0 9.95 9.869 0 9.868
0.055 0 0.055 0.00900000000000001 0.002 0.011 9.534 0.01 9.54 9.954 0 9.953 9.883 0 9.88
0.055 0 0.055 0.011 0.001 0.012 9.495 0.003 9.496 9.937 0 9.934 9.881 0 9.879
0.052 0.001 0.053 0.01 0.00199999999999999 0.012 9.496 0.00700000000000001 9.501 9.901 0 9.898 9.827 0 9.827
0.053 0.001 0.054 0.011 0 0.011 8.869 0.009 8.875 9.298 0 9.296 9.227 0 9.226
0.05 0.004 0.054 0.01 0.002 0.011 8.962 0.007 8.968 9.435 0 9.432 9.351 0 9.35
0.052 0.001 0.053 0.012 0 0.012 9.6 0.012 9.611 10.038 0 10.035 9.799 0 9.797
0.054 0.002 0.056 0.014 0 0.014 10.395 0.003 10.396 10.842 0 10.84 10.573 0 10.569
0.053 0.001 0.054 0.012 0 0.012 9.56 0.005 9.562 10.052 0.001 10.052 9.916 0 9.914
0.053 0.001 0.054 0.01 0.001 0.011 8.982 0.008 8.988 9.385 0 9.383 9.348 0 9.346
0.053 0 0.054 0.011 0.001 0.011 9.373 0.011 9.382 9.739 0 9.736 9.782 0 9.781
0.054 0 0.055 0.012 0 0.011 9.546 0.007 9.55 10.002 0 10 9.911 0 9.909
0.055 0 0.054 0.01 0.001 0.012 9.1 0.005 9.103 9.544 0 9.541 9.47 0 9.468
0.052 0.000999999999999997 0.053 0.01 0.001 0.011 9.007 0.008 9.012 9.349 0 9.347 9.233 0 9.231
0.052 0 0.053 0.011 0.001 0.011 8.832 0.01 8.84 9.269 0 9.266 9.19 0 9.189
0.052 0.000999999999999997 0.053 0.011 0 0.011 9.091 0.01 9.098 9.497 0 9.495 9.422 0 9.42
0.054 0 0.053 0.011 0.001 0.012 8.954 0.003 8.955 9.4 0 9.397 9.328 0 9.327
0.053 0 0.054 0.011 0.001 0.011 9.452 0.01 9.459 9.976 0 9.974 9.769 0 9.767
0.054 0 0.054 0.01 0.001 0.012 9.128 0.01 9.135 9.436 0 9.434 9.368 0 9.366
0.047 0 0.046 0.00899999999999998 0.002 0.011 8.435 0.007 8.44 9.395 0 9.394 9.38 0 9.378
0.052 0.001 0.053 0.011 0 0.011 8.919 0.01 8.927 9.266 0 9.264 8.696 0 8.694
0.051 0.002 0.053 0.011 0 0.011 8.808 0.014 8.82 9.259 0 9.255 9.148 0 9.148
0.054 0.001 0.055 0.011 0 0.011 9.077 0.008 9.082 9.492 0 9.49 9.421 0 9.419
0.053 0 0.053 0.012 0 0.012 8.931 0.01 8.938 9.43 0 9.428 9.352 0 9.352
0.046 0 0.047 0.011 0 0.011 8.372 0.01 8.38 9.285 0 9.281 9.238 0 9.237
0.053 0 0.054 0.012 0 0.011 8.9 0.00600000000000001 8.903 9.286 0 9.284 8.759 0 8.759
0.054 0 0.053 0.01 0.001 0.012 8.915 0.014 8.926 9.373 0 9.372 9.317 0 9.315
0.054 0.002 0.056 0.012 0.001 0.013 10.274 0.001 10.273 10.648 0 10.647 10.297 0 10.293
0.055 0 0.055 0.011 0 0.011 9.528 0.005 9.53 9.995 0 9.994 9.871 0 9.87
0.052 0.001 0.054 0.01 0.000999999999999994 0.011 9.494 0.01 9.502 9.952 0 9.949 9.814 0 9.813
0.045 0.001 0.046 0.00999999999999998 0.001 0.011 9.251 0.01 9.258 10.026 0.001 10.024 9.933 0 9.931
0.054 0.001 0.054 0.011 0.001 0.012 9.106 0.011 9.114 9.51 0 9.508 9.23 0 9.229
0.053 0.001 0.055 0.01 0.002 0.011 9.092 0.007 9.097 9.536 0 9.533 9.44 0 9.439
0.052 0.001 0.053 0.01 0.001 0.012 8.856 0.01 8.863 9.358 0 9.355 9.249 0 9.249
0.054 0 0.055 0.012 0 0.012 8.988 0.012 8.997 9.438 0 9.436 9.383 0 9.382
0.052 0.000999999999999997 0.053 0.011 0.001 0.011 9.496 0.008 9.503 9.948 0 9.945 9.768 0 9.767
0.053 0.001 0.054 0.012 0 0.011 9.078 0.009 9.085 9.476 0 9.474 9.343 0 9.341
0.046 0 0.046 0.011 0.000999999999999994 0.011 8.739 0.01 8.747 9.457 0 9.456 9.385 0 9.383
0.053 0.001 0.054 0.012 0 0.011 9.614 0.005 9.618 9.995 0 9.992 9.39 0 9.389
0.045 0.001 0.047 0.011 0.001 0.011 8.773 0.003 8.774 9.881 0.000999999999999994 9.88 9.874 0 9.872
0.051 0.002 0.054 0.012 0 0.011 9.512 0.009 9.52 9.849 0.001 9.847 9.113 0 9.112
0.052 0.002 0.055 0.011 0.001 0.011 9.005 0.01 9.013 9.418 0 9.416 9.363 0 9.362
0.054 0 0.054 0.012 0 0.011 9.579 0.007 9.584 9.99 0 9.989 9.874 0 9.871
0.052 0.000999999999999994 0.054 0.012 0 0.011 9.342 0.00800000000000001 9.348 9.715 0.000999999999999994 9.715 9.642 0 9.639
0.051 0.001 0.053 0.011 0.000999999999999994 0.011 9.529 0.00800000000000001 9.536 9.866 0.000999999999999994 9.863 9.866 0 9.864
0.055 0 0.055 0.014 0 0.014 10.366 0.006 10.368 10.86 0.001 10.86 10.559 0 10.556
0.047 0 0.047 0.011 0 0.011 8.855 0.007 8.86 9.577 0 9.574 9.51 0 9.508
0.055 0 0.055 0.014 0 0.014 10.332 0.005 10.335 10.799 0.001 10.797 9.878 0 9.876
0.054 0.002 0.056 0.012 0.001 0.014 10.33 0.004 10.331 10.814 0 10.811 10.468 0 10.465
0.054 0 0.053 0.01 0.001 0.012 9.123 0.009 9.129 9.567 0 9.564 9.529 0 9.528
0.053 0 0.053 0.00900000000000001 0.00199999999999999 0.012 9.212 0.011 9.22 9.613 0 9.61 9.545 0 9.544
0.046 0.001 0.046 0.011 0 0.011 8.343 0.01 8.351 9.174 0 9.172 9.154 0 9.153
0.054 0 0.053 0.011 0 0.011 9.148 0.009 9.155 9.325 0 9.323 8.839 0 8.836
0.055 0 0.055 0.011 0 0.011 9.13 0.01 9.139 9.572 0 9.568 9.483 0 9.482
0.051 0.001 0.052 0.011 0 0.011 9.64 0.009 9.647 9.978 0.000999999999999994 9.977 9.835 0 9.833
0.052 0.001 0.054 0.01 0.002 0.011 9.496 0.008 9.502 9.945 0 9.943 9.798 0 9.795
0.053 0.003 0.056 0.012 0.002 0.014 10.448 0.006 10.451 10.928 0 10.926 10.622 0 10.619
0.052 0.002 0.053 0.01 0.000999999999999994 0.012 9.46 0.007 9.464 9.949 0 9.946 9.868 0 9.866
0.048 0 0.048 0.011 0.00199999999999999 0.014 9.942 0.003 9.943 10.828 0 10.826 10.764 0 10.76
0.054 0 0.054 0.011 0 0.011 9.523 0.008 9.529 9.952 0 9.95 9.637 0 9.634
0.054 0 0.053 0.011 0 0.012 9.565 0.012 9.574 10.006 0.001 10.005 9.798 0 9.795
0.054 0.001 0.055 0.011 0 0.011 8.997 0.011 9.006 9.42 0 9.417 9.341 0 9.34
0.054 0 0.054 0.012 0.001 0.014 10.403 0.003 10.404 10.874 0 10.871 10.42 0 10.417
0.052 0.002 0.054 0.00900000000000001 0.002 0.011 8.875 0.009 8.883 9.326 0 9.322 9.204 0 9.204
0.054 0 0.054 0.01 0.001 0.011 9.392 0.008 9.398 9.682 0 9.679 9.765 0 9.764
0.044 0.002 0.046 0.00800000000000001 0.003 0.012 8.538 0.006 8.541 8.951 0 8.949 8.857 0 8.856
0.051 0.001 0.052 0.00900000000000001 0.002 0.011 9.498 0.009 9.505 9.914 0.001 9.912 9.904 0 9.902
0.051 0.002 0.053 0.011 0 0.012 9.132 0.011 9.14 9.55 0 9.547 9.48 0 9.48
0.044 0.00199999999999999 0.046 0.00999999999999998 0.001 0.012 8.834 0.008 8.839 9.188 0 9.185 9.07 0 9.069
0.053 0 0.054 0.011 0 0.011 8.47 0.016 8.484 8.863 0 8.861 8.792 0 8.791
0.048 0 0.048 0.011 0 0.011 8.497 0.00800000000000001 8.502 8.918 0 8.917 8.818 0 8.817
0.045 0.001 0.047 0.011 0 0.011 8.736 0.011 8.745 9.464 0 9.462 9.374 0 9.373
0.053 0.001 0.054 0.01 0.00199999999999999 0.012 9.031 0.007 9.036 9.544 0 9.541 9.46 0 9.459
0.054 0 0.054 0.012 0 0.012 9.475 0.011 9.483 9.909 0 9.907 9.352 0 9.35
0.054 0 0.054 0.01 0.001 0.011 9.045 0.008 9.051 9.498 0 9.495 9.424 0 9.422
0.054 0 0.053 0.012 0 0.012 9.203 0.009 9.211 9.651 0 9.648 9.549 0 9.548
0.054 0.001 0.055 0.011 0 0.011 9.047 0.008 9.053 9.507 0 9.505 9.413 0 9.411
0.054 0.001 0.055 0.013 0.001 0.013 10.349 0.007 10.353 10.821 0 10.819 10.395 0 10.392
0.054 0 0.054 0.012 0 0.012 9.103 0.01 9.111 9.526 0.001 9.524 9.509 0 9.508
0.053 0 0.054 0.011 0 0.011 8.921 0.013 8.93 9.369 0 9.367 9.259 0 9.258
0.055 0 0.054 0.01 0.001 0.012 9.503 0.004 9.503 9.963 0 9.961 9.84 0 9.838
0.044 0.003 0.048 0.014 0 0.013 9.464 0.005 9.467 9.867 0 9.864 9.808 0 9.807
0.046 0 0.046 0.011 0 0.011 8.452 0.01 8.459 8.868 0.001 8.868 8.79 0 8.789
0.051 0.003 0.054 0.011 0.001 0.011 9.143 0.006 9.147 9.579 0 9.577 9.492 0 9.49
0.054 0.001 0.055 0.011 0 0.011 9.112 0.006 9.115 9.578 0 9.576 9.496 0 9.495
0.053 0 0.053 0.012 0 0.011 9.149 0.004 9.151 9.527 0 9.525 9.455 0 9.453
0.045 0 0.045 0.00999999999999998 0.001 0.011 8.397 0.00899999999999999 8.404 8.806 0 8.805 8.718 0 8.715
0.047 0 0.046 0.011 0 0.012 8.748 0.01 8.756 9.165 0.001 9.164 9.078 0 9.076
0.049 0.001 0.05 0.011 0 0.012 8.928 0.01 8.934 9.41 0 9.408 9.328 0 9.327
0.052 0.001 0.053 0.01 0.001 0.011 8.928 0.013 8.939 9.381 0.001 9.378 9.306 0 9.305
0.045 0.001 0.045 0.00999999999999998 0.000999999999999994 0.012 9.121 0.014 9.132 9.953 0 9.95 9.884 0 9.883
0.053 0 0.053 0.01 0.002 0.011 9.434 0.008 9.439 9.941 0 9.939 9.454 0 9.452
0.055 0 0.055 0.01 0.001 0.011 9.026 0.008 9.032 9.516 0 9.512 9.432 0 9.432
0.051 0.002 0.054 0.011 0 0.011 9.45 0.009 9.455 9.862 0 9.859 9.755 0 9.755
0.051 0.00199999999999999 0.053 0.01 0.002 0.011 9.156 0.009 9.163 9.593 0 9.591 9.536 0 9.534
0.055 0 0.055 0.013 0.001 0.014 10.334 0.004 10.335 10.813 0 10.811 10.453 0 10.45
0.054 0 0.054 0.011 0 0.012 9.268 0.011 9.276 9.9 0 9.897 9.716 0 9.715
0.054 0.003 0.057 0.013 0.001 0.014 10.34 0.006 10.343 10.804 0 10.802 10.406 0 10.404
0.053 0 0.053 0.00900000000000001 0.002 0.011 9.107 0.00899999999999999 9.113 9.576 0 9.574 9.503 0 9.501
0.053 0 0.053 0.00900000000000001 0.002 0.011 8.911 0.012 8.92 9.329 0 9.327 9.278 0 9.277
0.053 0 0.054 0.011 0.000999999999999994 0.011 8.94 0.009 8.948 9.397 0 9.394 9.331 0.001 9.331
0.053 0.001 0.055 0.012 0 0.011 8.856 0.011 8.865 9.336 0 9.334 9.215 0 9.215
0.054 0.000999999999999997 0.054 0.014 0 0.014 10.246 0.004 10.248 10.749 0.002 10.749 10.352 0 10.349
0.053 0.001 0.054 0.01 0.001 0.011 9.502 0.014 9.515 9.995 0 9.992 9.87 0 9.869
0.054 0 0.054 0.011 0 0.012 8.982 0.006 8.985 9.4 0 9.398 9.286 0 9.285
0.053 0.001 0.054 0.012 0 0.011 9.458 0.009 9.466 9.922 0 9.918 9.851 0 9.851
0.054 0 0.054 0.011 0 0.011 9.018 0.011 9.027 9.337 0 9.335 9.345 0 9.342
0.054 0.002 0.055 0.013 0.001 0.014 10.386 0.005 10.388 10.947 0 10.945 10.871 0 10.868
0.052 0.001 0.054 0.00900000000000001 0.002 0.011 9.51 0.007 9.515 10.025 0 10.022 9.867 0 9.865
0.054 0 0.054 0.011 0 0.011 9.484 0.011 9.493 9.857 0 9.854 9.776 0 9.774
0.053 0.001 0.055 0.012 0 0.011 9.543 0.012 9.554 9.99 0 9.987 9.908 0 9.905
0.051 0.003 0.055 0.013 0.001 0.013 10.295 0.008 10.3 10.752 0.001 10.752 10.478 0 10.475
0.047 0 0.046 0.00999999999999998 0.001 0.011 8.792 0.006 8.796 9.531 0 9.529 9.46 0 9.458
0.054 0.001 0.055 0.011 0 0.011 8.881 0.006 8.885 9.229 0 9.23 8.992 0 8.994
0.055 0 0.054 0.013 0 0.013 10.279 0.00199999999999999 10.278 10.692 0 10.69 10.17 0 10.173
0.054 0 0.053 0.011 0 0.012 9.046 0.011 9.054 9.472 0 9.47 9.076 0 9.075
0.055 0 0.054 0.011 0 0.012 8.992 0.00899999999999999 8.997 9.419 0 9.417 9.364 0 9.364
0.054 0 0.054 0.01 0.001 0.011 9.468 0.011 9.476 9.797 0.001 9.796 9.606 0 9.604
0.055 0 0.055 0.011 0 0.011 8.924 0.009 8.931 9.394 0 9.391 9.273 0 9.272
0.053 0.001 0.054 0.011 0 0.011 9.186 0.007 9.19 9.555 0 9.553 9.458 0 9.457
0.055 0 0.055 0.00900000000000001 0.00199999999999999 0.011 9.023 0.008 9.029 9.466 0.001 9.464 9.421 0 9.419
0.046 0 0.046 0.011 0 0.011 8.821 0.01 8.829 9.595 0 9.591 9.521 0 9.521
0.052 0.000999999999999994 0.053 0.01 0.002 0.011 9.098 0.011 9.107 9.517 0 9.515 9.469 0 9.467
0.055 0 0.054 0.011 0.002 0.013 10.375 0.00199999999999999 10.374 10.734 0.001 10.733 9.867 0 9.864
0.056 0 0.057 0.013 0.001 0.014 10.366 0.006 10.37 10.829 0 10.827 10.79 0 10.787
0.054 0.001 0.055 0.013 0.001 0.014 10.327 0.007 10.331 10.794 0 10.792 10.758 0 10.756
0.056 0 0.055 0.011 0 0.012 9.595 0.01 9.603 10.068 0.002 10.068 9.944 0 9.941
0.049 0 0.049 0.012 0.001 0.013 10.101 0.008 10.107 10.621 0 10.619 10.544 0 10.541
0.053 0.001 0.053 0.011 0 0.012 9.57 0.01 9.578 10.023 0 10.021 9.845 0 9.842
0.054 0.001 0.055 0.011 0 0.012 9.518 0.01 9.525 9.954 0 9.951 9.849 0 9.848
0.051 0.001 0.051 0.00900000000000001 0.00199999999999999 0.012 9.115 0.00700000000000001 9.12 9.586 0 9.583 9.53 0 9.528
0.055 0 0.055 0.012 0.001 0.013 10.274 0.004 10.275 10.759 0 10.757 10.38 0 10.378
0.053 0 0.053 0.012 0 0.012 9.186 0.007 9.191 9.583 0 9.58 9.543 0 9.542
0.049 0.001 0.05 0.012 0 0.012 9.62 0.01 9.628 10.079 0.000999999999999994 10.078 9.949 0 9.947
0.053 0.000999999999999994 0.054 0.013 0 0.014 10.335 0.005 10.337 10.809 0 10.806 10.567 0 10.564
0.05 0.001 0.052 0.011 0.001 0.011 8.894 0.013 8.906 9.386 0.000999999999999994 9.384 9.332 0 9.331
0.056 0 0.055 0.013 0.000999999999999997 0.014 10.166 0.005 10.169 10.62 0 10.618 10.555 0 10.553
0.054 0 0.053 0.011 0 0.012 9.478 0.006 9.481 9.916 0.001 9.915 9.711 0 9.709
0.053 0 0.054 0.011 0 0.011 8.743 0.00700000000000001 8.748 9.283 0 9.281 9.16 0 9.158
0.047 0 0.046 0.00999999999999998 0.001 0.011 8.939 0.01 8.946 9.367 0 9.366 9.273 0 9.27
0.054 0 0.054 0.011 0.000999999999999994 0.011 9.512 0.009 9.519 9.946 0 9.943 9.844 0 9.842
0.054 0 0.053 0.01 0.001 0.011 9.176 0.007 9.181 9.617 0 9.614 9.526 0 9.524
0.053 0.000999999999999997 0.054 0.011 0.001 0.012 9.581 0.006 9.585 9.987 0 9.985 9.854 0 9.852
0.053 0 0.053 0.012 0 0.012 9.527 0.008 9.532 9.945 0.001 9.945 9.875 0 9.873
0.053 0 0.053 0.01 0.002 0.012 9.088 0.008 9.094 9.482 0 9.479 9.459 0 9.458
0.046 0 0.046 0.011 0.001 0.011 8.786 0.006 8.791 9.186 0 9.183 9.097 0 9.095
0.046 0 0.045 0.011 0.001 0.011 8.508 0.01 8.517 8.889 0 8.887 8.832 0 8.831
0.057 0 0.056 0.014 0 0.014 10.443 0.007 10.448 10.922 0 10.92 10.454 0 10.45
0.053 0 0.053 0.011 0.000999999999999994 0.012 8.914 0.013 8.925 9.369 0 9.367 9.276 0 9.274
0.056 0.001 0.057 0.013 0.001 0.014 10.29 0.004 10.291 10.771 0 10.769 10.383 0 10.38
0.054 0 0.054 0.01 0.001 0.011 9.004 0.006 9.009 9.457 0 9.453 9.342 0 9.341
0.045 0.001 0.046 0.01 0.001 0.011 9.137 0.008 9.143 9.842 0 9.839 9.779 0 9.777
0.052 0.001 0.053 0.012 0 0.012 9.484 0.007 9.488 9.919 0 9.916 9.437 0 9.436
0.052 0.002 0.053 0.011 0.001 0.012 9.546 0.008 9.552 9.971 0 9.969 9.759 0 9.756
0.054 0.001 0.054 0.01 0.001 0.012 9.008 0.013 9.018 9.466 0 9.463 9.393 0 9.392
0.045 0.001 0.046 0.01 0.001 0.011 8.745 0.01 8.752 9.472 0 9.471 9.434 0 9.431
0.055 0 0.055 0.011 0 0.011 9.536 0.008 9.541 9.977 0 9.976 9.813 0 9.81
0.051 0.00199999999999999 0.053 0.01 0.001 0.011 9.495 0.007 9.499 9.902 0 9.899 9.29 0 9.289
0.053 0.001 0.054 0.01 0.001 0.011 9.195 0.007 9.199 9.622 0 9.62 9.587 0 9.585
0.055 0 0.055 0.01 0.000999999999999994 0.012 9.496 0.011 9.505 9.973 0 9.97 9.892 0 9.89
0.051 0.00199999999999999 0.053 0.011 0.001 0.011 9.449 0.01 9.457 9.962 0 9.959 9.822 0 9.821
0.054 0.001 0.055 0.011 0.001 0.011 9.151 0.01 9.16 9.593 0 9.589 9.547 0 9.546
0.048 0 0.048 0.011 0 0.011 8.634 0.014 8.646 9.234 0 9.231 9.099 0 9.099
0.052 0.001 0.053 0.011 0 0.011 9.482 0.005 9.485 9.909 0.001 9.907 9.708 0 9.707
0.045 0.001 0.046 0.01 0.001 0.011 8.575 0.01 8.583 9.499 0 9.496 9.512 0 9.511
0.047 0 0.047 0.013 0 0.014 9.41 0.00199999999999999 9.409 9.791 0 9.788 10.165 0 10.163
0.046 0 0.046 0.011 0 0.011 8.527 0.00799999999999999 8.532 8.928 0 8.927 8.933 0 8.931
0.058 0 0.058 0.01 0.000999999999999994 0.011 9.124 0.00700000000000001 9.129 9.45 0 9.447 8.892 0 8.891
0.046 0 0.046 0.00999999999999998 0.000999999999999994 0.011 9.141 0.005 9.145 9.943 0 9.939 9.886 0 9.886
0.053 0 0.053 0.011 0 0.011 9.155 0.009 9.161 9.424 0 9.422 9.124 0 9.123
0.054 0.001 0.055 0.01 0.001 0.011 9.511 0.01 9.519 9.983 0.001 9.982 9.764 0 9.762
0.054 0 0.053 0.01 0.001 0.012 9.179 0.009 9.185 9.603 0 9.6 9.506 0 9.505
0.052 0.002 0.054 0.011 0 0.011 9.483 0.008 9.489 9.95 0 9.947 9.885 0 9.884
0.052 0.003 0.056 0.014 0 0.014 10.311 0.004 10.313 10.786 0 10.784 10.518 0 10.515
0.047 0 0.047 0.01 0.001 0.011 8.867 0.011 8.876 9.262 0 9.259 9.157 0 9.156
0.054 0.002 0.056 0.013 0.000999999999999994 0.014 10.303 0.00600000000000001 10.306 10.795 0 10.793 10.414 0 10.411
0.054 0 0.054 0.011 0.001 0.012 9.027 0.009 9.034 9.403 0 9.4 9.344 0 9.343
0.053 0.00199999999999999 0.053 0.01 0.001 0.012 9.118 0.013 9.129 9.547 0 9.545 9.469 0 9.467
0.054 0.00199999999999999 0.056 0.013 0.001 0.014 10.32 0.002 10.319 10.845 0.001 10.844 10.719 0 10.716
0.052 0.003 0.055 0.013 0.001 0.014 10.07 0.007 10.074 10.639 0 10.637 10.455 0 10.452
0.054 0 0.054 0.011 0 0.011 9.18 0.012 9.19 9.574 0 9.571 9.466 0 9.466
0.053 0.001 0.055 0.00900000000000001 0.002 0.011 9.144 0.009 9.15 9.568 0 9.566 9.488 0 9.485
0.052 0.000999999999999994 0.054 0.012 0 0.011 9.632 0.005 9.635 10.122 0.001 10.121 9.864 0 9.862
