0.045 0.001 0.046 0.00899999999999998 0.002 0.011 8.163 0.012 8.173 8.566 0.001 8.565 8.47 0 8.468
0.052 0 0.052 0.01 0.001 0.01 8.637 0.008 8.644 9.067 0.001 9.066 8.99 0 8.989
0.054 0 0.053 0.01 0 0.011 8.601 0.006 8.605 8.916 0 8.914 8.854 0 8.852
0.045 0.001 0.046 0.011 0 0.011 8.222 0.004 8.224 8.611 0 8.609 8.537 0 8.535
0.053 0 0.053 0.011 0 0.011 8.665 0.011 8.675 9.101 0 9.1 9.018 0 9.017
0.052 0.001 0.053 0.011 0 0.011 8.675 0.008 8.681 9.079 0 9.077 9.014 0 9.013
0.045 0.000999999999999994 0.046 0.00999999999999998 0.001 0.01 8.133 0.006 8.139 8.979 0 8.975 8.947 0 8.946
0.052 0.000999999999999994 0.053 0.011 0 0.011 8.663 0.01 8.671 8.983 0 8.981 8.503 0 8.502
0.052 0.00199999999999999 0.054 0.01 0.001 0.011 8.594 0.007 8.599 9.032 0 9.03 8.961 0 8.959
0.052 0.001 0.053 0.011 0 0.011 8.643 0.012 8.653 9.079 0 9.077 8.989 0 8.988
0.044 0.002 0.047 0.011 0 0.01 8.405 0.008 8.412 9.104 0.002 9.104 9.017 0.001 9.017
0.052 0.001 0.053 0.01 0.001 0.011 8.612 0.009 8.618 9.046 0.002 9.046 8.706 0 8.706
0.055 0 0.056 0.01 0.001 0.011 8.706 0.011 8.715 9.139 0 9.137 9.061 0 9.06
0.051 0.001 0.053 0.011 0 0.011 8.617 0.007 8.623 9.056 0 9.054 8.985 0 8.984
0.047 0 0.047 0.00999999999999998 0.001 0.011 8.234 0.015 8.249 9.073 0.001 9.071 9.034 0 9.033
0.052 0 0.052 0.01 0.002 0.012 8.612 0.009 8.619 8.964 0 8.961 8.529 0 8.528
0.053 0.002 0.054 0.01 0.001 0.011 8.658 0.008 8.664 8.985 0 8.982 8.921 0 8.92
0.052 0.001 0.053 0.011 0 0.011 8.614 0.011 8.623 9.051 0 9.049 8.962 0 8.96
0.051 0 0.051 0.011 0 0.011 8.613 0.013 8.623 9.034 0 9.033 8.967 0 8.965
0.052 0 0.053 0.011 0 0.011 8.62 0.009 8.627 9.057 0 9.054 8.967 0 8.967
0.046 0.001 0.046 0.00999999999999998 0.001 0.011 8.269 0.016 8.283 9.111 0 9.11 9.08 0 9.078
0.05 0.002 0.053 0.011 0 0.011 8.574 0.008 8.579 8.963 0 8.961 8.485 0 8.484
0.052 0 0.051 0.01 0.00199999999999999 0.012 8.644 0.012 8.654 9.094 0.001 9.092 9.009 0 9.008
0.052 0.001 0.053 0.01 0.001 0.011 8.677 0.006 8.68 9.129 0 9.128 9.033 0 9.032
0.045 0 0.046 0.011 0 0.011 8.149 0.008 8.156 8.959 0.000999999999999994 8.956 8.947 0 8.946
0.053 0 0.053 0.00700000000000001 0.004 0.011 8.587 0.01 8.595 8.954 0 8.951 8.53 0 8.529
0.052 0.002 0.054 0.00900000000000001 0.002 0.011 8.646 0.012 8.656 9.087 0 9.085 8.998 0 8.997
0.052 0.000999999999999997 0.053 0.01 0.001 0.011 8.657 0.009 8.665 9.098 0 9.094 9.004 0 9.003
0.054 0 0.054 0.011 0.001 0.011 8.755 0.012 8.765 9.196 0 9.194 9.108 0 9.107
0.052 0 0.053 0.01 0.001 0.011 8.633 0.008 8.638 9.042 0 9.039 8.99 0 8.99
0.044 0.002 0.046 0.011 0 0.011 8.172 0.011 8.181 8.884 0 8.885 8.756 0 8.761
0.053 0 0.054 0.011 0 0.011 8.692 0.011 8.701 8.997 0 8.994 8.461 0 8.468
0.045 0.001 0.046 0.00999999999999998 0.001 0.01 8.422 0.012 8.433 9.118 0 9.116 9.058 0 9.057
0.053 0 0.053 0.00900000000000001 0.002 0.011 8.707 0.007 8.712 9.145 0 9.143 8.79 0 8.789
0.053 0 0.054 0.00900000000000001 0.002 0.011 8.653 0.015 8.665 9.084 0 9.082 9.023 0 9.022
0.053 0 0.053 0.011 0 0.011 8.681 0.006 8.685 9.128 0 9.126 9.036 0 9.035
0.047 0 0.047 0.011 0 0.011 8.269 0.013 8.28 9.114 0 9.112 9.081 0 9.08
0.052 0.001 0.053 0.011 0 0.011 8.599 0.01 8.606 8.987 0 8.984 8.5 0 8.5
0.052 0.001 0.053 0.01 0.001 0.011 8.594 0.012 8.604 9.036 0 9.033 8.955 0 8.954
0.05 0.003 0.053 0.01 0.001 0.011 8.584 0.009 8.591 8.918 0 8.917 8.865 0 8.862
0.045 0 0.046 0.011 0 0.011 8.2 0.007 8.205 8.606 0 8.604 8.518 0 8.516
0.055 0 0.054 0.00800000000000001 0.003 0.011 8.678 0.005 8.681 9.121 0 9.12 9.041 0 9.039
0.051 0.00199999999999999 0.053 0.011 0 0.011 8.622 0.011 8.63 9.048 0 9.047 8.969 0 8.966
0.046 0.001 0.046 0.011 0 0.011 8.19 0.015 8.203 8.615 0 8.613 8.511 0 8.509
0.053 0.001 0.054 0.01 0.000999999999999994 0.011 8.626 0.01 8.635 9.06 0.001 9.06 8.991 0 8.991
0.053 0 0.053 0.01 0.00199999999999999 0.011 8.747 0.00600000000000001 8.752 9.17 0 9.167 9.092 0 9.092
0.044 0.001 0.046 0.01 0.000999999999999994 0.011 8.238 0.00700000000000001 8.243 8.637 0 8.635 8.555 0 8.553
0.046 0 0.046 0.011 0 0.011 8.21 0.01 8.217 9.038 0 9.037 9.023 0 9.021
0.05 0.003 0.052 0.011 0 0.011 8.618 0.012 8.629 8.969 0 8.966 8.527 0 8.526
0.047 0 0.046 0.01 0.001 0.011 8.204 0.009 8.211 8.621 0 8.618 8.528 0 8.527
0.053 0.001 0.053 0.011 0 0.011 8.648 0.014 8.66 9.067 0.001 9.066 9.006 0 9.005
0.05 0.003 0.053 0.01 0.000999999999999994 0.011 8.642 0.005 8.646 9.085 0.001 9.083 8.998 0.001 8.998
0.046 0 0.046 0.00799999999999998 0.00199999999999999 0.01 8.2 0.011 8.21 8.896 0 8.894 8.888 0 8.886
0.052 0 0.052 0.00900000000000001 0.00199999999999999 0.011 8.628 0.009 8.635 8.996 0 8.993 8.544 0 8.543
0.053 0.001 0.054 0.011 0 0.011 8.66 0.008 8.666 9.1 0 9.098 9.033 0 9.031
0.051 0.001 0.053 0.00900000000000001 0.003 0.011 8.637 0.012 8.648 9.067 0 9.064 9.012 0 9.011
0.052 0 0.052 0.01 0.001 0.011 8.541 0.013 8.558 8.868 0 8.871 8.741 0 8.743
0.053 0 0.052 0.00800000000000001 0.003 0.011 8.592 0.00700000000000001 8.598 9.001 0 8.999 8.831 0 8.831
0.053 0 0.053 0.01 0.001 0.011 8.582 0.00899999999999999 8.589 9.001 0 8.999 8.943 0 8.942
0.05 0.002 0.052 0.011 0 0.011 8.601 0.017 8.616 9.032 0 9.029 8.947 0 8.945
0.045 0.001 0.047 0.011 0 0.01 8.147 0.013 8.158 8.978 0 8.976 8.971 0 8.97
0.053 0 0.053 0.00900000000000001 0.002 0.011 8.603 0.009 8.611 8.981 0 8.977 8.533 0 8.533
0.053 0.001 0.054 0.01 0.001 0.011 8.75 0.008 8.756 9.188 0 9.185 9.107 0 9.106
0.051 0.001 0.053 0.011 0 0.011 8.64 0.011 8.649 9.07 0 9.068 8.999 0 8.998
0.046 0 0.046 0.01 0 0.01 8.176 0.01 8.185 8.991 0 8.988 8.957 0 8.956
0.053 0 0.053 0.00900000000000001 0.002 0.011 8.612 0.007 8.617 8.972 0 8.97 8.542 0 8.54
0.052 0 0.052 0.01 0.001 0.011 8.675 0.008 8.681 9.121 0 9.118 9.025 0 9.023
0.052 0.000999999999999994 0.053 0.01 0.001 0.011 8.686 0.009 8.693 9.12 0 9.117 9.052 0 9.051
0.046 0 0.046 0.00899999999999998 0.002 0.01 8.364 0.015 8.378 8.942 0 8.94 8.87 0 8.869
0.051 0.000999999999999994 0.052 0.011 0 0.011 8.608 0.011 8.617 9.046 0.001 9.044 8.681 0 8.68
0.047 0 0.046 0.00999999999999998 0 0.011 8.185 0.005 8.188 8.995 0 8.992 9.009 0 9.009
0.052 0.001 0.052 0.011 0 0.011 8.64 0.00799999999999999 8.647 8.991 0 8.988 8.554 0 8.553
0.046 0 0.047 0.011 0 0.011 8.033 0.00899999999999999 8.048 8.667 0.001 8.671 8.65 0 8.653
0.053 0 0.052 0.01 0.001 0.011 8.692 0.007 8.697 8.81 0 8.812 8.362 0 8.366
0.045 0 0.046 0.011 0 0.011 8.191 0.01 8.199 8.605 0 8.603 8.546 0 8.543
0.046 0.001 0.047 0.00999999999999998 0 0.01 8.218 0.00799999999999999 8.224 9.055 0 9.053 9.009 0 9.007
0.053 0 0.053 0.011 0 0.011 8.625 0.011 8.634 8.989 0 8.986 8.514 0 8.513
0.055 0.001 0.054 0.011 0 0.011 8.602 0.011 8.611 9.027 0 9.025 8.966 0.001 8.967
0.05 0.002 0.053 0.01 0.001 0.011 8.62 0.007 8.625 9.042 0.001 9.041 8.96 0 8.959
0.045 0.001 0.046 0.00899999999999998 0.002 0.011 8.172 0.008 8.185 8.587 0.002 8.592 8.52 0 8.525
0.045 0.000999999999999994 0.047 0.011 0 0.01 8.278 0.009 8.286 8.681 0 8.679 8.594 0 8.592
0.051 0.001 0.052 0.011 0 0.011 8.637 0.014 8.648 9.059 0 9.057 8.996 0 8.995
0.054 0 0.053 0.00800000000000001 0.003 0.011 8.577 0.009 8.584 9.002 0.001 9.002 8.935 0 8.933
0.046 0 0.046 0.011 0 0.01 8.186 0.00899999999999999 8.193 8.525 0 8.524 8.452 0 8.45
0.051 0 0.052 0.011 0 0.01 8.658 0.009 8.667 9.122 0 9.119 9.032 0 9.032
0.052 0.001 0.053 0.00900000000000001 0.002 0.011 8.643 0.008 8.649 9.059 0 9.057 9.001 0 8.999
0.046 0 0.046 0.011 0 0.011 8.195 0.008 8.201 9.041 0.001 9.04 9.01 0 9.008
0.052 0.001 0.052 0.00900000000000001 0.001 0.011 8.566 0.011 8.573 8.951 0 8.95 8.495 0 8.493
0.053 0.001 0.054 0.011 0 0.011 8.586 0.012 8.596 9.002 0 9 8.943 0 8.942
0.053 0 0.053 0.00900000000000001 0.002 0.011 8.609 0.014 8.621 9.043 0 9.039 8.962 0 8.961
0.054 0 0.053 0.01 0.000999999999999994 0.012 8.636 0.013 8.647 9.063 0.001 9.062 9.003 0 9.002
0.053 0.001 0.053 0.01 0.001 0.011 8.688 0.006 8.693 9.127 0 9.125 9.048 0 9.046
0.045 0 0.046 0.011 0 0.011 8.264 0.009 8.27 9.042 0 9.041 9.039 0 9.038
0.05 0.003 0.053 0.011 0 0.011 8.65 0.013 8.66 9.005 0.002 9.006 8.583 0 8.581
0.051 0.001 0.052 0.01 0.001 0.011 8.723 0.014 8.735 9.153 0 9.15 9.069 0 9.067
0.052 0.001 0.053 0.011 0 0.011 8.583 0.011 8.593 9.027 0 9.024 8.947 0 8.945
0.054 0 0.054 0.00900000000000001 0.002 0.011 8.601 0.006 8.604 9.032 0 9.031 8.969 0 8.967
0.051 0.001 0.053 0.012 0 0.011 8.681 0.005 8.684 9.123 0 9.121 9.031 0 9.03
0.05 0 0.05 0.011 0 0.011 8.658 0.007 8.663 9.067 0 9.065 8.993 0 8.991
0.053 0 0.052 0.01 0.001 0.011 8.599 0.00899999999999999 8.607 9.029 0 9.026 8.95 0 8.949
0.046 0 0.046 0.011 0 0.011 8.174 0.012 8.184 8.992 0 8.99 8.971 0 8.971
0.052 0.001 0.053 0.00900000000000001 0.001 0.01 8.621 0.013 8.632 8.978 0 8.976 8.504 0 8.503
0.056 0 0.055 0.01 0.001 0.012 8.67 0.012 8.68 9.116 0 9.113 9.033 0 9.031
0.052 0.001 0.053 0.011 0 0.011 8.605 0.015 8.617 8.921 0 8.919 8.856 0 8.855
0.042 0.003 0.046 0.011 0 0.01 8.237 0.004 8.239 9.063 0 9.061 9.021 0 9.02
0.052 0 0.052 0.01 0.001 0.011 8.602 0.011 8.611 8.97 0.001 8.968 8.501 0 8.501
0.055 0 0.055 0.01 0.000999999999999997 0.011 8.674 0.011 8.683 9.113 0 9.11 9.023 0 9.022
0.053 0.001 0.054 0.011 0 0.011 8.695 0.012 8.705 9.124 0 9.123 9.036 0 9.035
0.052 0.001 0.053 0.011 0 0.011 8.609 0.00899999999999999 8.616 9.036 0 9.034 8.952 0 8.949
0.054 0 0.054 0.01 0 0.01 8.645 0.008 8.651 8.963 0 8.96 8.892 0 8.892
0.053 0 0.052 0.011 0 0.011 8.665 0.012 8.676 9.099 0.001 9.098 9.005 0 9.003
0.051 0.001 0.051 0.01 0.001 0.011 8.65 0.009 8.658 9.078 0.001 9.077 8.99 0 8.988
0.051 0.002 0.053 0.01 0.000999999999999994 0.011 8.632 0.00600000000000001 8.636 9.033 0 9.031 8.978 0 8.977
0.054 0.001 0.055 0.011 0 0.011 8.619 0.00899999999999999 8.626 8.925 0 8.923 8.855 0 8.854
0.052 0.001 0.053 0.011 0 0.011 8.604 0.01 8.612 9.052 0 9.049 8.965 0 8.964
0.054 0 0.054 0.011 0 0.011 8.68 0.009 8.687 9.092 0 9.09 9.038 0 9.037
0.052 0.001 0.054 0.011 0 0.011 8.63 0.009 8.637 9.061 0 9.06 8.976 0 8.975
0.051 0.001 0.052 0.00900000000000001 0.002 0.01 8.615 0.012 8.625 9.058 0 9.057 8.976 0 8.975
0.052 0.001 0.052 0.01 0.001 0.012 8.661 0.009 8.667 9.056 0 9.055 8.967 0 8.966
0.052 0.001 0.052 0.011 0 0.011 8.667 0.01 8.676 9.119 0 9.116 9.04 0 9.04
0.044 0.002 0.046 0.00999999999999998 0.000999999999999994 0.01 8.171 0.007 8.176 8.588 0 8.587 8.529 0 8.527
0.049 0.003 0.052 0.01 0.000999999999999994 0.011 8.583 0.00800000000000001 8.59 9.016 0 9.013 8.954 0 8.953
0.051 0.00199999999999999 0.053 0.011 0 0.012 8.651 0.007 8.656 9.089 0 9.086 9.011 0 9.01
0.046 0 0.046 0.00999999999999998 0.001 0.011 8.306 0.012 8.316 8.739 0 8.736 8.663 0 8.661
0.052 0 0.053 0.011 0.001 0.011 8.63 0.01 8.638 9.072 0 9.071 9.002 0 9.002
0.052 0.001 0.052 0.00899999999999998 0.002 0.012 8.669 0.01 8.676 9.106 0 9.103 9.027 0 9.027
0.045 0.001 0.046 0.011 0 0.011 8.255 0.012 8.265 9.098 0 9.096 9.069 0 9.067
0.052 0.001 0.053 0.011 0 0.011 8.644 0.007 8.649 9.044 0 9.042 8.567 0 8.566
0.053 0.001 0.054 0.00799999999999998 0.003 0.011 8.668 0.011 8.676 9.106 0 9.104 9.04 0 9.038
0.052 0.001 0.053 0.01 0.001 0.011 8.591 0.008 8.598 9.044 0 9.042 8.948 0 8.946
0.045 0.001 0.046 0.011 0 0.011 8.393 0.01 8.401 9.122 0 9.12 9.039 0 9.038
0.051 0.001 0.052 0.01 0.001 0.011 8.605 0.01 8.614 9.028 0.001 9.028 8.679 0 8.677
0.046 0 0.047 0.011 0 0.011 8.232 0.005 8.235 9.072 0 9.07 9.051 0 9.049
0.052 0 0.052 0.011 0.001 0.011 8.622 0.007 8.628 8.991 0 8.987 8.536 0 8.536
0.051 0.001 0.053 0.011 0 0.011 8.607 0.013 8.617 9.061 0 9.058 8.977 0 8.976
0.053 0.001 0.054 0.00700000000000001 0.004 0.011 8.652 0.012 8.662 9.114 0 9.112 9.015 0 9.013
0.046 0 0.046 0.00999999999999998 0.001 0.011 8.174 0.012 8.19 8.992 0.004 9.003 8.974 0.00199999999999999 8.976
0.052 0 0.052 0.011 0 0.011 8.574 0.011 8.583 8.918 0 8.916 8.506 0 8.504
0.055 0 0.054 0.00900000000000001 0.001 0.011 8.635 0.01 8.642 9.069 0 9.067 8.968 0 8.967
0.052 0 0.052 0.01 0.001 0.011 8.574 0.015 8.587 8.972 0 8.97 8.921 0 8.92
0.046 0 0.046 0.011 0 0.011 8.213 0.007 8.218 9.034 0 9.032 9.02 0 9.018
0.052 0.001 0.053 0.011 0 0.011 8.63 0.01 8.638 8.996 0 8.993 8.53 0 8.529
0.055 0 0.055 0.011 0 0.01 8.59 0.008 8.597 9.042 0 9.039 8.956 0 8.955
0.052 0.001 0.053 0.011 0 0.011 8.661 0.009 8.668 9.104 0 9.1 9.012 0 9.012
0.045 0.001 0.046 0.00999999999999998 0.001 0.011 8.272 0.008 8.278 9.103 0 9.101 9.099 0 9.098
0.052 0.001 0.053 0.01 0.000999999999999994 0.011 8.664 0.017 8.68 8.952 0 8.949 8.507 0 8.506
0.055 0 0.055 0.011 0 0.011 8.621 0.012 8.631 9.046 0 9.043 8.977 0 8.976
0.052 0.001 0.053 0.00900000000000001 0.002 0.011 8.607 0.006 8.61 9.032 0 9.031 8.979 0 8.977
0.056 0 0.057 0.011 0 0.011 8.632 0.00899999999999999 8.639 9.103 0 9.1 9.012 0 9.011
0.054 0 0.054 0.00900000000000001 0.001 0.011 8.642 0.011 8.652 9.07 0 9.067 8.999 0 8.998
0.046 0.001 0.046 0.00999999999999998 0 0.011 8.344 0.00899999999999999 8.35 9.089 0 9.087 9.007 0 9.005
0.052 0 0.053 0.011 0 0.011 8.635 0.012 8.645 9.056 0 9.054 8.624 0 8.623
0.046 0 0.046 0.00900000000000001 0.001 0.011 8.368 0.013 8.378 9.072 0 9.07 8.989 0.001 8.989
0.051 0.00199999999999999 0.053 0.01 0.001 0.011 8.615 0.01 8.623 9.056 0 9.053 8.679 0 8.678
0.044 0.002 0.046 0.011 0 0.01 8.157 0.011 8.166 8.957 0 8.956 8.967 0 8.965
0.052 0.001 0.053 0.011 0 0.011 8.658 0.009 8.666 8.962 0 8.96 8.536 0 8.535
0.044 0.000999999999999994 0.045 0.00999999999999998 0.001 0.011 8.174 0.011 8.183 8.894 0 8.892 8.881 0 8.879
0.052 0.00199999999999999 0.054 0.011 0 0.011 8.646 0.00600000000000001 8.65 9.084 0 9.082 9 0 8.999
0.051 0.002 0.052 0.011 0 0.011 8.596 0.007 8.601 8.95 0 8.947 8.482 0 8.481
0.052 0.001 0.053 0.01 0.001 0.01 8.59 0.01 8.598 8.922 0 8.919 8.843 0 8.843
0.044 0.001 0.045 0.011 0 0.011 8.176 0.007 8.181 8.513 0 8.511 8.453 0 8.451
0.052 0.002 0.054 0.011 0 0.011 8.643 0.01 8.651 9.105 0 9.104 9.022 0 9.02
0.052 0.001 0.053 0.011 0 0.011 8.599 0.004 8.601 9.021 0 9.018 8.937 0 8.937
0.046 0.001 0.046 0.00999999999999998 0 0.011 8.182 0.005 8.184 8.625 0.001 8.624 8.527 0 8.526
0.054 0.001 0.055 0.00900000000000001 0.002 0.011 8.76 0.014 8.773 9.193 0 9.191 9.116 0 9.116
0.052 0.001 0.052 0.011 0 0.011 8.664 0.008 8.671 9.095 0 9.091 9.021 0 9.021
0.047 0.001 0.048 0.011 0 0.011 8.14 0.006 8.144 8.55 0 8.549 8.491 0 8.489
0.049 0.00199999999999999 0.051 0.01 0.001 0.011 8.656 0.012 8.665 9.081 0 9.079 9.003 0 9.002
0.052 0 0.052 0.00900000000000001 0.002 0.011 8.614 0.01 8.622 9.034 0 9.032 8.971 0.001 8.971
0.045 0.001 0.046 0.011 0 0.011 8.153 0.013 8.164 8.564 0 8.562 8.513 0 8.511
0.05 0.001 0.051 0.01 0.001 0.011 8.592 0.011 8.601 9.01 0 9.009 8.958 0 8.957
0.052 0.001 0.053 0.00900000000000001 0.00199999999999999 0.011 8.603 0.009 8.611 9.029 0 9.027 8.928 0 8.927
0.051 0.001 0.052 0.00900000000000001 0.00199999999999999 0.011 8.653 0.011 8.662 9.081 0 9.078 8.997 0 8.995
0.05 0.003 0.053 0.01 0.001 0.011 8.639 0.014 8.651 9.078 0.001 9.077 8.982 0 8.98
0.053 0.001 0.054 0.01 0.001 0.011 8.62 0.011 8.629 9.059 0 9.056 8.97 0 8.969
0.052 0 0.053 0.011 0 0.011 8.612 0.012 8.622 9.04 0 9.037 8.952 0 8.951
0.045 0 0.045 0.011 0 0.011 8.419 0.008 8.426 9.128 0 9.125 9.066 0 9.066
0.051 0.000999999999999997 0.053 0.01 0.001 0.011 8.693 0.008 8.699 9.112 0 9.109 8.78 0 8.779
0.053 0.001 0.054 0.01 0.001 0.011 8.64 0.005 8.642 9.08 0 9.078 8.988 0 8.987
0.051 0.001 0.052 0.011 0 0.011 8.584 0.013 8.595 9.029 0 9.027 8.956 0 8.954
0.046 0.001 0.047 0.011 0 0.011 8.169 0.01 8.178 8.576 0 8.574 8.503 0 8.5
0.046 0 0.045 0.01 0 0.011 8.188 0.01 8.195 8.632 0 8.63 8.553 0 8.551
0.045 0 0.046 0.011 0 0.011 8.186 0.007 8.191 9.012 0 9.009 8.977 0 8.976
0.052 0.001 0.053 0.011 0 0.011 8.652 0.009 8.659 8.907 0 8.904 8.52 0 8.519
0.055 0.001 0.055 0.01 0.001 0.012 8.648 0.009 8.655 9.09 0 9.086 9.002 0 9.001
0.054 0 0.054 0.01 0.001 0.011 8.626 0.007 8.631 9.093 0 9.091 9.029 0 9.027
0.045 0.000999999999999994 0.046 0.00999999999999998 0.001 0.011 8.405 0.009 8.412 8.993 0.001 8.992 8.947 0 8.945
0.051 0.00199999999999999 0.053 0.01 0.001 0.011 8.569 0.011 8.577 8.882 0 8.88 8.612 0 8.611
0.052 0 0.051 0.00900000000000001 0.000999999999999994 0.011 8.478 0.008 8.484 8.933 0 8.931 8.861 0 8.86
0.046 0 0.046 0.01 0.001 0.011 8.236 0.013 8.247 8.645 0 8.644 8.557 0 8.554
0.053 0.002 0.055 0.011 0 0.012 8.649 0.008 8.654 9.081 0 9.08 9.015 0 9.014
0.051 0.002 0.053 0.011 0 0.011 8.62 0.008 8.626 9.048 0 9.046 8.988 0 8.987
0.055 0 0.055 0.011 0.001 0.011 8.665 0.00799999999999999 8.672 9.091 0.001 9.088 9.032 0 9.031
0.054 0 0.053 0.01 0.001 0.011 8.742 0.012 8.753 9.181 0 9.177 9.086 0 9.085
0.052 0.000999999999999994 0.053 0.011 0 0.012 8.635 0.011 8.644 9.083 0 9.08 8.995 0 8.993
0.053 0 0.053 0.011 0 0.011 8.611 0.008 8.619 9.031 0 9.029 8.97 0 8.969
0.045 0.001 0.046 0.01 0 0.011 8.379 0.006 8.382 9.08 0 9.079 9.007 0 9.005
0.052 0.001 0.053 0.011 0 0.011 8.574 0.006 8.578 9.013 0 9.011 8.676 0 8.673
0.051 0.001 0.052 0.011 0 0.011 8.59 0.013 8.601 9.035 0 9.033 8.958 0 8.958
0.052 0.001 0.053 0.011 0 0.011 8.613 0.006 8.616 9.036 0 9.035 8.978 0 8.976
0.045 0.000999999999999994 0.046 0.011 0 0.011 8.199 0.00600000000000001 8.203 8.606 0 8.604 8.524 0 8.522
0.05 0.002 0.052 0.01 0.000999999999999994 0.011 8.65 0.005 8.653 9.066 0 9.064 9.003 0 9.002
0.052 0.001 0.053 0.011 0 0.011 8.618 0.014 8.63 9.055 0 9.053 8.972 0 8.971
0.043 0.003 0.045 0.00999999999999998 0.001 0.011 8.273 0.009 8.28 8.651 0 8.649 8.556 0 8.554
0.053 0.001 0.054 0.011 0 0.011 8.736 0.009 8.744 9.178 0 9.176 9.11 0 9.11
0.052 0.001 0.053 0.011 0 0.011 8.68 0.01 8.689 9.139 0 9.136 9.046 0 9.044
0.045 0.001 0.046 0.01 0.000999999999999997 0.011 8.244 0.009 8.25 9.083 0 9.081 9.043 0 9.042
0.052 0.001 0.053 0.011 0 0.011 8.631 0.009 8.637 9.011 0 9.009 8.514 0 8.513
0.054 0 0.054 0.011 0 0.011 8.667 0.00600000000000001 8.671 9.117 0 9.114 9.051 0 9.05
0.053 0 0.053 0.011 0 0.011 8.592 0.007 8.597 9.028 0 9.026 8.939 0 8.937
0.053 0 0.054 0.011 0 0.011 8.683 0.00600000000000001 8.687 9.089 0 9.088 9.038 0 9.037
0.053 0 0.053 0.01 0.000999999999999994 0.011 8.639 0.011 8.648 9.071 0 9.069 8.994 0 8.993
0.054 0.001 0.054 0.011 0 0.011 8.636 0.011 8.645 9.079 0.001 9.078 9.011 0 9.01
0.05 0.002 0.053 0.011 0 0.011 8.629 0.011 8.638 9.081 0 9.079 8.993 0 8.991
0.054 0 0.054 0.01 0.000999999999999994 0.011 8.657 0.005 8.66 9.086 0 9.083 9 0 8.999
0.053 0 0.053 0.00900000000000001 0.00199999999999999 0.011 8.638 0.011 8.647 9.073 0 9.071 8.992 0 8.992
0.054 0 0.055 0.011 0 0.011 8.669 0.007 8.674 9.088 0 9.086 9.019 0 9.016
0.053 0 0.053 0.01 0.001 0.011 8.646 0.007 8.651 9.071 0.001 9.07 8.975 0 8.974
0.054 0 0.054 0.01 0.001 0.011 8.64 0.01 8.648 9.069 0 9.066 8.978 0 8.977
0.052 0.002 0.053 0.011 0 0.011 8.614 0.009 8.622 9.07 0 9.066 8.982 0 8.982
0.045 0 0.046 0.00999999999999998 0.001 0.011 8.366 0.006 8.369 9.065 0 9.063 8.996 0 8.994
0.05 0.002 0.053 0.011 0 0.011 8.672 0.008 8.678 9.105 0.001 9.103 8.756 0 8.754
0.054 0.001 0.055 0.011 0 0.011 8.651 0.007 8.657 9.101 0 9.098 9.023 0 9.021
0.052 0.001 0.053 0.011 0 0.011 8.686 0.009 8.692 9.057 0 9.056 8.974 0 8.971
0.045 0.001 0.047 0.011 0 0.01 8.412 0.012 8.423 9.121 0 9.119 9.033 0 9.032
0.053 0 0.053 0.011 0 0.011 8.613 0.013 8.624 9.044 0 9.041 8.719 0 8.718
0.054 0.00199999999999999 0.056 0.00900000000000001 0.002 0.011 8.655 0.013 8.666 9.088 0.000999999999999994 9.087 9 0 8.999
0.052 0.001 0.053 0.00900000000000001 0.002 0.011 8.613 0.006 8.617 9.054 0.001 9.054 8.964 0 8.961
0.051 0 0.052 0.011 0 0.011 8.663 0.009 8.668 9.096 0 9.094 9.01 0 9.008
0.052 0 0.053 0.00900000000000001 0.002 0.011 8.594 0.012 8.602 9.041 0 9.04 8.959 0 8.957
0.052 0.001 0.053 0.01 0.000999999999999997 0.011 8.604 0.006 8.609 9.047 0 9.045 8.96 0 8.959
0.053 0.002 0.055 0.011 0 0.011 8.667 0.014 8.68 9.094 0 9.092 9.015 0 9.013
0.054 0.000999999999999994 0.055 0.01 0.001 0.012 8.671 0.008 8.677 9.087 0 9.085 9.035 0 9.032
0.053 0 0.052 0.011 0 0.011 8.623 0.00899999999999999 8.63 9.045 0 9.043 8.968 0 8.967
0.051 0.000999999999999994 0.052 0.011 0.001 0.011 8.645 0.008 8.652 9.083 0 9.081 8.998 0 8.995
0.052 0 0.053 0.011 0 0.011 8.64 0.006 8.644 9.072 0.002 9.071 8.985 0 8.985
0.044 0.00199999999999999 0.046 0.00999999999999998 0.001 0.011 8.178 0.013 8.189 8.593 0 8.59 8.516 0 8.515
0.051 0.00199999999999999 0.054 0.01 0.001 0.011 8.616 0.009 8.623 9.041 0 9.039 8.973 0 8.97
0.052 0.001 0.052 0.011 0 0.011 8.661 0.005 8.664 9.118 0 9.117 9.027 0 9.024
0.045 0.001 0.046 0.011 0 0.011 8.19 0.00799999999999999 8.196 8.611 0 8.609 8.555 0 8.554
0.044 0.00199999999999999 0.045 0.00899999999999998 0.001 0.011 8.213 0.008 8.219 8.63 0 8.626 8.539 0 8.538
0.054 0 0.053 0.011 0 0.011 8.606 0.01 8.615 9.053 0.000999999999999994 9.052 8.975 0 8.973
0.052 0.001 0.053 0.011 0 0.011 8.684 0.01 8.692 9.061 0 9.059 8.979 0 8.978
0.046 0 0.045 0.01 0 0.011 8.159 0.009 8.166 8.579 0 8.577 8.504 0 8.502
0.052 0.002 0.054 0.011 0 0.011 8.631 0.007 8.637 9.082 0 9.081 8.994 0 8.994
0.051 0.001 0.052 0.011 0 0.012 8.638 0.012 8.648 9.073 0 9.069 8.996 0 8.995
0.045 0.001 0.046 0.00999999999999998 0 0.01 8.17 0.007 8.175 8.976 0 8.974 8.97 0 8.968
0.052 0.001 0.053 0.011 0 0.011 8.593 0.011 8.602 8.949 0 8.946 8.478 0 8.476
0.052 0.00199999999999999 0.053 0.011 0 0.011 8.569 0.011 8.578 9.02 0 9.019 8.935 0 8.933
0.051 0.002 0.053 0.011 0 0.011 8.644 0.014 8.656 8.961 0.001 8.961 8.886 0 8.883
0.046 0 0.046 0.00899999999999998 0.001 0.011 8.367 0.01 8.375 9.06 0 9.059 9.008 0 9.006
0.052 0.001 0.052 0.00999999999999998 0.001 0.011 8.671 0.00600000000000001 8.676 9.098 0 9.096 8.735 0 8.733
0.049 0.001 0.05 0.01 0.001 0.011 8.663 0.00199999999999999 8.663 9.101 0 9.099 9.03 0 9.029
0.053 0 0.053 0.011 0 0.011 8.655 0.009 8.662 9.079 0 9.077 8.986 0 8.984
0.052 0.001 0.053 0.011 0 0.011 8.624 0.011 8.633 9.063 0 9.06 8.987 0 8.987
0.053 0 0.053 0.01 0.001 0.011 8.579 0.012 8.589 9.005 0 9.003 8.931 0 8.93
0.055 0 0.054 0.00800000000000001 0.002 0.011 8.636 0.008 8.641 9.058 0 9.056 8.975 0 8.974
0.052 0.001 0.052 0.01 0.001 0.011 8.608 0.012 8.619 9.06 0 9.058 8.975 0 8.972
0.053 0 0.054 0.011 0 0.011 8.615 0.01 8.632 9.043 0.00199999999999999 9.054 8.961 0.003 8.971
0.052 0.000999999999999994 0.053 0.01 0.001 0.011 8.605 0.006 8.609 9.04 0 9.037 8.939 0 8.938
0.046 0.001 0.047 0.00999999999999998 0.001 0.011 8.172 0.01 8.18 8.983 0 8.981 8.962 0 8.961
0.053 0 0.053 0.011 0 0.011 8.583 0.012 8.593 8.951 0.001 8.95 8.491 0 8.488
0.055 0 0.055 0.01 0.001 0.011 8.675 0.006 8.679 9.102 0 9.1 9.014 0 9.012
0.052 0.001 0.053 0.00900000000000001 0.002 0.011 8.593 0.01 8.601 9.02 0 9.019 8.951 0 8.948
0.046 0 0.046 0.00900000000000001 0.002 0.01 8.297 0.013 8.309 9.156 0 9.153 9.124 0 9.124
0.051 0.001 0.052 0.011 0 0.011 8.588 0.009 8.595 8.983 0 8.98 8.519 0 8.518
0.053 0.001 0.054 0.011 0 0.011 8.638 0.007 8.643 8.966 0 8.964 8.906 0 8.904
0.053 0.001 0.053 0.01 0.001 0.011 8.736 0.007 8.74 9.16 0 9.158 9.058 0 9.058
0.051 0 0.052 0.011 0 0.01 8.619 0.011 8.627 9.053 0 9.05 8.979 0 8.978
0.051 0.001 0.052 0.011 0 0.011 8.726 0.01 8.734 9.152 0.000999999999999994 9.151 9.056 0 9.054
0.046 0 0.046 0.011 0 0.011 8.17 0.01 8.178 8.971 0 8.969 8.966 0 8.964
0.052 0.001 0.053 0.011 0 0.011 8.625 0.012 8.636 8.95 0 8.947 8.498 0 8.497
0.046 0 0.046 0.00999999999999998 0.001 0.01 8.17 0.011 8.179 8.879 0 8.878 8.869 0 8.865
0.052 0.001 0.053 0.011 0 0.011 8.633 0.009 8.641 8.978 0 8.975 8.548 0 8.547
0.053 0.001 0.0529999999999999 0.011 0 0.011 8.629 0.012 8.641 9.045 0 9.043 8.985 0 8.983
0.054 0 0.054 0.011 0 0.011 8.623 0.01 8.632 9.071 0 9.068 8.974 0 8.972
0.055 0 0.055 0.00900000000000001 0.002 0.00999999999999995 8.631 0.009 8.64 9.072 0 9.069 8.99 0 8.989
0.054 0 0.052 0.011 0 0.011 8.579 0.014 8.592 9.013 0 9.012 8.944 0 8.942
0.046 0 0.046 0.01 0.001 0.011 8.162 0.01 8.17 8.994 0 8.992 8.981 0 8.979
0.05 0.00199999999999999 0.052 0.011 0 0.011 8.584 0.018 8.6 8.926 0 8.924 8.482 0 8.48
0.044 0.00199999999999999 0.046 0.01 0.001 0.011 8.317 0.013 8.328 8.746 0 8.744 8.668 0 8.666
0.052 0.003 0.055 0.01 0.001 0.011 8.624 0.007 8.628 9.046 0 9.045 8.994 0 8.992
0.051 0.00199999999999999 0.053 0.01 0.001 0.011 8.595 0.005 8.598 9.03 0 9.028 8.97 0 8.969
0.045 0.000999999999999997 0.045 0.011 0 0.011 8.182 0.013 8.194 8.591 0 8.588 8.517 0 8.516
0.052 0 0.052 0.011 0 0.011 8.671 0.006 8.676 9.1 0 9.099 9.035 0 9.034
0.052 0.001 0.053 0.011 0 0.011 8.691 0.00799999999999999 8.697 9.007 0 9.005 8.952 0 8.951
0.046 0 0.046 0.01 0.000999999999999997 0.011 8.026 0.01 8.041 8.691 0 8.696 8.616 0 8.618
0.052 0.001 0.052 0.01 0.001 0.011 8.624 0.007 8.63 8.902 0 8.902 8.376 0 8.38
0.054 0 0.054 0.01 0.001 0.011 8.619 0.009 8.626 8.921 0.001 8.919 8.846 0 8.845
0.053 0 0.053 0.01 0.001 0.011 8.63 0.008 8.636 9.063 0 9.062 8.982 0 8.98
0.053 0 0.054 0.01 0.001 0.011 8.639 0.012 8.648 9.072 0 9.07 8.978 0 8.977
0.051 0.002 0.053 0.01 0.001 0.011 8.599 0.012 8.61 9.04 0 9.038 8.962 0 8.962
0.046 0 0.046 0.011 0 0.011 8.359 0.014 8.371 9.055 0 9.053 8.997 0 8.995
0.052 0.001 0.053 0.011 0 0.011 8.624 0.011 8.633 9.051 0.001 9.05 8.696 0 8.694
0.052 0.000999999999999994 0.053 0.00900000000000001 0.001 0.011 8.642 0.006 8.646 9.064 0 9.062 9.006 0 9.005
0.051 0.001 0.052 0.01 0.001 0.011 8.611 0.014 8.623 9.059 0 9.055 8.966 0 8.966
0.052 0.001 0.054 0.011 0 0.011 8.642 0.007 8.647 9.065 0 9.063 8.984 0 8.982
0.052 0 0.052 0.011 0 0.011 8.576 0.011 8.585 9.007 0 9.005 8.956 0 8.955
0.052 0.000999999999999994 0.053 0.00899999999999998 0.002 0.011 8.594 0.01 8.611 9.022 0.004 9.033 8.966 0.011 8.993
0.051 0.000999999999999994 0.052 0.011 0 0.011 8.607 0.011 8.616 9.048 0 9.045 8.965 0 8.964
0.045 0 0.046 0.011 0 0.01 8.161 0.009 8.168 8.861 0 8.859 8.873 0 8.872
0.053 0 0.053 0.011 0 0.011 8.669 0.011 8.678 9.034 0 9.031 8.576 0 8.575
0.054 0 0.054 0.011 0 0.011 8.592 0.009 8.599 9.036 0 9.034 8.971 0 8.969
0.054 0 0.053 0.011 0 0.011 8.614 0.011 8.623 9.039 0 9.038 8.965 0 8.964
0.045 0.002 0.047 0.00999999999999998 0.001 0.011 8.4 0.011 8.409 9.078 0 9.076 9 0 8.999
0.054 0 0.054 0.01 0.001 0.011 8.596 0.011 8.605 9.01 0 9.008 8.707 0 8.706
0.052 0 0.052 0.011 0 0.011 8.493 0.007 8.498 8.938 0 8.935 8.855 0 8.854
0.046 0.001 0.047 0.00999999999999998 0.001 0.01 8.133 0.01 8.142 8.512 0 8.51 8.428 0 8.426
0.055 0.001 0.056 0.01 0.001 0.011 8.639 0.009 8.645 9.068 0 9.066 9.01 0 9.009
0.053 0 0.053 0.00900000000000001 0.00199999999999999 0.011 8.618 0.012 8.628 9.049 0 9.046 8.963 0 8.961
0.054 0 0.054 0.01 0.000999999999999997 0.011 8.65 0.013 8.661 8.96 0.000999999999999994 8.959 8.896 0 8.895
0.052 0 0.052 0.011 0.001 0.011 8.614 0.008 8.621 9.035 0 9.033 8.982 0 8.981
0.053 0 0.053 0.01 0.001 0.011 8.661 0.012 8.671 9.116 0 9.113 9.033 0 9.032
0.053 0 0.053 0.011 0 0.011 8.638 0.014 8.65 9.071 0 9.069 8.989 0 8.987
0.053 0.002 0.055 0.01 0.001 0.011 8.687 0.006 8.691 9.007 0 9.005 8.943 0 8.94
0.052 0.001 0.053 0.01 0.001 0.011 8.581 0.011 8.589 8.997 0 8.996 8.943 0 8.942
0.052 0.001 0.053 0.01 0.001 0.011 8.586 0.009 8.593 9.018 0.00199999999999999 9.018 8.934 0 8.933
0.051 0.001 0.051 0.011 0 0.011 8.596 0.00899999999999999 8.609 9.031 0.002 9.037 8.941 0.002 8.948
0.052 0 0.053 0.011 0 0.011 8.6 0.01 8.607 9.032 0 9.03 8.973 0 8.971
0.05 0.00199999999999999 0.052 0.011 0 0.011 8.636 0.012 8.645 9.088 0 9.087 9.01 0 9.008
0.044 0.001 0.046 0.00900000000000001 0.00199999999999999 0.01 8.162 0.013 8.174 8.533 0 8.53 8.455 0 8.454
0.054 0 0.055 0.01 0.000999999999999997 0.011 8.642 0.011 8.65 9.079 0 9.077 8.999 0 8.998
0.052 0.001 0.053 0.01 0.001 0.011 8.58 0.00799999999999999 8.586 9.01 0 9.009 8.928 0 8.926
0.046 0 0.046 0.011 0 0.01 8.194 0.01 8.203 8.623 0 8.619 8.542 0 8.54
0.055 0 0.054 0.01 0.001 0.011 8.622 0.014 8.636 9.072 0 9.071 8.98 0 8.979
0.052 0 0.053 0.01 0.002 0.011 8.693 0.012 8.703 9.147 0 9.144 9.062 0 9.062
0.044 0.001 0.045 0.011 0 0.011 8.246 0.01 8.254 8.699 0 8.697 8.603 0 8.601
0.099 0.003 0.375 0.015 0.001 0.0170000000000001 12.286 0.015 12.335 12.835 0.002 12.864 12.721 0 12.749
0.05 0.001 0.051 0.00999999999999998 0.001 0.011 8.662 0.009 8.669 9.073 0 9.072 8.994 0 8.992
0.052 0 0.052 0.011 0 0.011 8.635 0.01 8.642 8.938 0.001 8.937 8.866 0 8.866
0.046 0 0.046 0.011 0 0.011 8.331 0.007 8.336 9.071 0 9.067 8.997 0 8.997
0.052 0.001 0.052 0.01 0.001 0.012 8.629 0.01 8.637 9.034 0 9.032 8.671 0 8.669
0.044 0.001 0.045 0.00999999999999998 0.001 0.011 8.269 0.011 8.277 9.068 0.000999999999999994 9.067 9.078 0.001 9.077
0.053 0 0.052 0.011 0 0.011 8.615 0.018 8.631 8.972 0 8.97 8.532 0 8.531
0.043 0.002 0.046 0.00999999999999998 0.000999999999999994 0.01 8.171 0.00600000000000001 8.175 8.859 0 8.857 8.861 0 8.86
0.051 0.001 0.053 0.01 0.001 0.011 8.635 0.009 8.641 8.982 0 8.98 8.554 0 8.554
0.046 0 0.046 0.01 0 0.011 8.156 0.009 8.162 8.93 0 8.929 8.941 0 8.938
0.052 0 0.052 0.01 0.001 0.011 8.623 0.006 8.628 8.861 0.001 8.858 8.452 0 8.45
0.049 0.001 0.051 0.011 0 0.011 8.639 0.008 8.645 9.075 0 9.072 8.99 0 8.989
0.053 0 0.053 0.011 0 0.011 8.636 0.00899999999999999 8.644 9.083 0 9.08 8.973 0 8.972
0.044 0.001 0.045 0.00999999999999998 0.001 0.011 8.221 0.011 8.231 9.047 0 9.044 9.029 0 9.027
0.052 0.001 0.053 0.01 0.001 0.011 8.679 0.009 8.686 9.076 0 9.075 8.616 0 8.615
0.051 0.001 0.051 0.011 0 0.012 8.649 0.005 8.652 9.08 0 9.078 9.005 0 9.004
0.05 0.003 0.053 0.01 0.001 0.011 8.626 0.004 8.629 9.043 0 9.041 8.952 0 8.951
0.046 0 0.046 0.011 0 0.011 8.37 0.009 8.377 8.95 0.001 8.948 8.888 0 8.888
0.051 0.002 0.053 0.011 0 0.011 8.607 0.01 8.615 9.047 0.001 9.045 8.715 0 8.715
0.051 0.001 0.052 0.011 0 0.011 8.592 0.01 8.6 9.049 0 9.046 8.962 0 8.961
0.046 0 0.046 0.00999999999999998 0 0.011 8.178 0.00899999999999999 8.185 8.575 0 8.573 8.507 0 8.505
0.055 0 0.054 0.011 0 0.011 8.817 0.013 8.829 9.277 0 9.274 9.193 0 9.192
0.053 0 0.052 0.01 0.001 0.011 8.645 0.01 8.653 9.081 0 9.079 9.022 0 9.021
0.046 0 0.046 0.00899999999999998 0.001 0.011 8.205 0.01 8.212 8.621 0 8.619 8.58 0 8.578
0.045 0.001 0.045 0.00999999999999998 0.001 0.011 8.179 0.011 8.188 8.531 0 8.529 8.486 0 8.484
0.044 0.001 0.045 0.00900000000000001 0.00199999999999999 0.011 8.197 0.009 8.204 8.623 0.001 8.622 8.595 0 8.592
0.045 0.000999999999999994 0.046 0.00999999999999998 0.001 0.01 8.178 0.013 8.19 8.602 0 8.601 8.573 0 8.571
0.045 0.001 0.046 0.011 0 0.011 8.194 0.008 8.201 8.608 0 8.606 8.549 0 8.548
0.045 0.001 0.046 0.011 0 0.011 8.26 0.009 8.267 8.674 0 8.672 8.667 0 8.664
0.045 0.001 0.047 0.00999999999999998 0.000999999999999994 0.01 8.234 0.01 8.242 8.636 0 8.634 8.572 0 8.57
0.044 0.00199999999999999 0.046 0.011 0 0.011 8.163 0.012 8.173 8.573 0 8.571 8.506 0 8.504
0.044 0.002 0.046 0.011 0 0.011 8.199 0.012 8.209 8.59 0 8.588 8.536 0 8.534
0.045 0.001 0.046 0.011 0 0.011 8.238 0.011 8.246 8.642 0 8.64 8.57 0 8.567
0.046 0.001 0.047 0.011 0 0.01 8.261 0.005 8.265 8.673 0 8.671 8.568 0 8.566
0.054 0 0.054 0.011 0 0.011 8.62 0.01 8.628 9.052 0 9.049 8.964 0 8.963
0.053 0 0.053 0.01 0.001 0.011 8.603 0.004 8.605 9.027 0 9.025 8.951 0 8.949
0.045 0.001 0.046 0.011 0 0.011 8.26 0.008 8.266 8.669 0.001 8.668 8.581 0 8.579
0.055 0 0.055 0.011 0 0.011 8.644 0.012 8.655 9.07 0 9.069 9.004 0 9.004
0.053 0 0.052 0.011 0 0.011 8.632 0.008 8.638 9.071 0 9.068 8.988 0 8.987
0.046 0.001 0.046 0.011 0 0.011 8.204 0.009 8.211 9.025 0 9.023 8.996 0 8.994
0.053 0 0.053 0.00999999999999998 0.001 0.011 8.636 0.008 8.642 9.01 0 9.008 8.533 0 8.531
0.053 0.002 0.054 0.011 0 0.011 8.621 0.011 8.631 9.068 0 9.065 8.98 0 8.978
0.053 0 0.053 0.011 0 0.011 8.709 0.009 8.716 9.146 0 9.144 9.04 0 9.039
0.047 0 0.047 0.011 0 0.011 8.191 0.012 8.202 8.581 0 8.579 8.473 0 8.471
0.045 0.000999999999999997 0.047 0.011 0 0.011 8.19 0.011 8.2 8.595 0 8.593 8.508 0 8.506
0.048 0 0.048 0.00899999999999998 0.002 0.011 8.209 0.009 8.217 8.603 0 8.6 8.522 0 8.52
0.044 0.002 0.046 0.011 0 0.011 8.195 0.008 8.201 8.588 0 8.585 8.498 0.001 8.497
0.047 0 0.047 0.011 0 0.011 8.226 0.013 8.238 8.624 0 8.622 8.521 0 8.518
0.051 0.001 0.052 0.011 0 0.011 8.228 0.013 8.24 8.585 0.001 8.582 8.502 0 8.5
0.047 0.000999999999999994 0.049 0.011 0 0.011 8.22 0.011 8.229 8.605 0.001 8.604 8.507 0 8.504
0.046 0 0.046 0.00899999999999998 0.001 0.011 8.153 0.00899999999999999 8.161 8.575 0 8.573 8.498 0 8.495
0.047 0 0.047 0.00699999999999998 0.003 0.01 8.213 0.008 8.219 8.598 0 8.596 8.523 0 8.521
0.044 0.00199999999999999 0.046 0.011 0 0.011 8.139 0.016 8.153 8.567 0 8.565 8.495 0 8.493
0.043 0.003 0.046 0.00999999999999998 0.001 0.011 8.295 0.00799999999999999 8.301 9.095 0 9.093 9.095 0 9.092
0.052 0 0.053 0.011 0 0.011 8.609 0.006 8.612 8.987 0 8.985 8.512 0 8.511
0.055 0 0.056 0.011 0 0.011 8.632 0.007 8.637 9.062 0 9.059 8.971 0 8.97
0.053 0 0.053 0.011 0 0.011 8.605 0.01 8.613 9.033 0 9.032 8.983 0 8.981
0.045 0.002 0.047 0.00999999999999998 0.001 0.011 8.373 0.009 8.38 9.052 0 9.05 8.98 0 8.978
0.052 0.001 0.053 0.01 0.001 0.011 8.598 0.012 8.608 9.041 0.001 9.04 8.734 0 8.733
0.05 0.002 0.052 0.011 0 0.011 8.485 0.013 8.496 8.963 0 8.961 8.879 0 8.877
0.046 0 0.045 0.00899999999999998 0.001 0.011 8.134 0.008 8.14 8.528 0 8.526 8.477 0 8.473
0.053 0 0.054 0.01 0.002 0.011 8.608 0.013 8.618 9.063 0 9.061 8.966 0 8.965
0.053 0 0.053 0.011 0 0.011 8.604 0.011 8.612 9.074 0 9.072 8.99 0 8.989
0.052 0 0.052 0.01 0.001 0.011 8.626 0.01 8.634 8.815 0 8.819 8.649 0 8.653
0.051 0.000999999999999994 0.052 0.01 0.001 0.011 8.649 0.008 8.656 9.091 0 9.089 8.981 0 8.98
0.052 0.002 0.054 0.01 0.000999999999999994 0.011 8.63 0.00800000000000001 8.637 9.065 0 9.063 8.988 0 8.986
0.052 0 0.052 0.012 0 0.011 8.699 0.006 8.703 9.137 0 9.135 9.045 0 9.043
0.052 0.002 0.054 0.011 0 0.011 8.627 0.005 8.631 9.066 0 9.064 8.981 0 8.979
0.052 0.001 0.053 0.011 0 0.011 8.699 0.012 8.709 9.139 0.001 9.136 9.045 0 9.044
0.052 0.002 0.055 0.011 0 0.011 8.634 0.008 8.639 9.055 0 9.054 8.997 0 8.995
0.051 0.002 0.052 0.01 0.001 0.011 8.631 0.012 8.641 9.076 0 9.074 8.979 0 8.979
0.046 0 0.045 0.00999999999999998 0 0.011 8.152 0.006 8.156 8.571 0 8.569 8.527 0 8.525
0.045 0.001 0.046 0.011 0 0.01 8.15 0.012 8.161 8.507 0 8.505 8.446 0 8.443
0.047 0 0.047 0.00899999999999998 0.002 0.011 8.309 0.012 8.319 8.724 0 8.722 8.635 0 8.633
0.055 0 0.055 0.012 0 0.011 8.625 0.01 8.634 9.075 0 9.073 8.996 0 8.994
0.052 0.001 0.053 0.011 0 0.011 8.579 0.009 8.586 9.032 0 9.029 8.963 0 8.962
0.047 0 0.047 0.00900000000000001 0.001 0.011 8.203 0.008 8.21 8.625 0 8.622 8.558 0 8.555
0.053 0 0.053 0.011 0 0.011 8.71 0.009 8.718 9.134 0 9.132 9.087 0 9.087
0.051 0.001 0.052 0.00900000000000001 0.00199999999999999 0.011 8.646 0.007 8.651 9.063 0 9.06 8.986 0 8.985
0.046 0 0.045 0.00999999999999998 0 0.01 8.164 0.008 8.17 8.514 0 8.512 8.442 0 8.44
0.077 0.001 0.079 0.013 0.002 0.015 11.794 0.017 11.832 12.389 0 12.412 12.3 0 12.332
0.051 0.003 0.054 0.011 0 0.011 8.522 0.01 8.537 8.792 0 8.798 8.633 0 8.635
0.053 0 0.053 0.01 0.001 0.011 8.617 0.012 8.627 9.05 0 9.048 8.913 0 8.914
0.051 0.001 0.052 0.011 0 0.011 8.624 0.013 8.642 9.053 0 9.057 8.961 0 8.966
0.052 0.001 0.053 0.01 0.001 0.011 8.647 0.009 8.654 9.071 0 9.069 8.976 0 8.975
0.053 0 0.054 0.01 0.001 0.011 8.638 0.00799999999999999 8.644 9.077 0 9.074 8.979 0 8.978
0.051 0.002 0.052 0.011 0 0.011 8.592 0.014 8.604 9.05 0 9.049 8.955 0 8.952
0.052 0 0.051 0.00900000000000001 0.002 0.011 8.645 0.01 8.653 9.076 0 9.074 8.993 0 8.991
0.053 0 0.053 0.00900000000000001 0.002 0.011 8.599 0.008 8.605 9.006 0 9.003 8.948 0 8.947
0.051 0.001 0.051 0.011 0 0.011 8.637 0.008 8.643 9.078 0 9.076 8.984 0 8.984
0.051 0.002 0.053 0.01 0.001 0.011 8.579 0.012 8.588 9.017 0 9.015 8.934 0 8.934
0.054 0 0.054 0.011 0 0.011 8.621 0.013 8.632 9.057 0.001 9.056 8.986 0 8.985
0.052 0 0.053 0.011 0 0.011 8.609 0.012 8.619 9.061 0 9.057 8.983 0 8.983
0.046 0 0.046 0.011 0 0.011 8.186 0.008 8.192 8.995 0 8.993 8.963 0 8.961
0.052 0 0.052 0.00899999999999998 0.002 0.011 8.656 0.012 8.667 8.991 0 8.989 8.538 0 8.535
0.054 0.001 0.054 0.01 0 0.011 8.601 0.008 8.607 9.019 0 9.016 8.944 0 8.944
0.053 0 0.053 0.00900000000000001 0.002 0.011 8.56 0.008 8.565 8.991 0 8.989 8.933 0 8.932
0.045 0.002 0.047 0.00899999999999998 0.002 0.01 8.424 0.012 8.435 9.106 0 9.103 9.027 0 9.027
0.053 0 0.053 0.01 0.001 0.011 8.672 0.005 8.675 9.11 0.001 9.109 8.771 0 8.769
0.051 0.001 0.052 0.011 0 0.011 8.451 0.011 8.46 8.919 0.000999999999999994 8.918 8.825 0 8.825
0.045 0.001 0.046 0.00999999999999998 0.000999999999999994 0.011 8.283 0.009 8.29 8.681 0 8.68 8.6 0 8.598
0.048 0.005 0.052 0.011 0 0.011 8.624 0.003 8.625 9.041 0 9.04 8.99 0 8.987
0.052 0.001 0.053 0.011 0 0.011 8.579 0.015 8.592 9.02 0 9.018 8.944 0 8.943
0.046 0 0.046 0.00899999999999998 0.002 0.011 8.283 0.009 8.29 9.029 0.001 9.028 9.072 0 9.071
0.052 0.001 0.053 0.00900000000000001 0.002 0.011 8.601 0.012 8.611 8.893 0 8.89 8.492 0 8.491
0.044 0.001 0.046 0.00999999999999998 0.001 0.011 8.198 0.00899999999999999 8.205 9.006 0 9.004 8.998 0 8.996
0.05 0.002 0.052 0.011 0 0.011 8.615 0.011 8.624 8.985 0 8.982 8.528 0 8.527
0.045 0.001 0.047 0.00999999999999998 0.001 0.01 8.27 0.011 8.28 9.08 0 9.078 9.06 0 9.059
0.052 0 0.052 0.011 0 0.011 8.615 0.009 8.622 8.968 0.000999999999999994 8.967 8.536 0 8.535
0.045 0 0.046 0.00899999999999998 0.001 0.011 8.369 0.013 8.379 9.081 0 9.079 9.001 0 9.001
0.052 0 0.053 0.01 0.001 0.011 8.74 0.008 8.745 9.155 0 9.152 8.772 0 8.772
0.045 0.001 0.047 0.00800000000000001 0.002 0.01 8.164 0.014 8.183 8.953 0.004 8.962 8.961 0.005 8.972
0.052 0.000999999999999997 0.053 0.01 0.001 0.011 8.619 0.007 8.624 8.93 0 8.928 8.528 0 8.527
0.046 0 0.045 0.00999999999999998 0.000999999999999994 0.011 8.184 0.01 8.192 8.6 0 8.598 8.551 0 8.549
0.052 0.002 0.054 0.011 0 0.011 8.632 0.007 8.637 9.064 0 9.062 8.997 0 8.996
0.051 0.002 0.053 0.011 0 0.011 8.581 0.004 8.583 9.018 0 9.015 8.953 0 8.952
0.047 0 0.046 0.00900000000000001 0.002 0.011 8.226 0.008 8.232 8.616 0 8.614 8.545 0 8.543
0.053 0 0.053 0.011 0 0.011 8.625 0.011 8.635 9.077 0 9.073 8.994 0 8.993
0.049 0.003 0.052 0.011 0 0.011 8.786 0.007 8.791 9.22 0 9.218 9.132 0 9.133
0.045 0.001 0.046 0.011 0 0.011 8.183 0.005 8.186 8.989 0 8.987 8.977 0 8.977
0.052 0 0.053 0.011 0 0.011 8.629 0.011 8.637 9.013 0.001 9.011 8.548 0 8.547
0.053 0.001 0.054 0.01 0.001 0.011 8.632 0.011 8.641 9.091 0 9.088 9.012 0 9.01
0.053 0 0.053 0.01 0.002 0.011 8.741 0.01 8.749 9.157 0 9.156 9.083 0 9.08
0.044 0.001 0.046 0.011 0 0.01 8.176 0.008 8.182 8.613 0.001 8.612 8.529 0 8.528
0.046 0 0.046 0.00899999999999998 0.001 0.011 8.174 0.007 8.179 8.604 0 8.602 8.519 0 8.516
0.047 0 0.046 0.00999999999999998 0 0.011 8.15 0.012 8.161 8.565 0 8.563 8.517 0 8.515
0.045 0.001 0.046 0.011 0 0.011 8.204 0.011 8.213 8.626 0 8.623 8.567 0 8.565
0.045 0 0.046 0.011 0 0.011 8.176 0.012 8.186 8.618 0 8.616 8.59 0 8.588
0.045 0.001 0.046 0.011 0 0.011 8.167 0.012 8.177 8.615 0 8.612 8.533 0 8.531
0.047 0 0.046 0.00899999999999998 0.001 0.011 8.165 0.014 8.178 8.595 0 8.592 8.518 0 8.516
0.046 0 0.047 0.011 0 0.01 8.199 0.009 8.207 8.628 0 8.625 8.564 0 8.562
0.054 0.000999999999999994 0.055 0.01 0.001 0.011 8.649 0.009 8.656 9.079 0 9.077 9.012 0 9.011
0.053 0 0.052 0.01 0.001 0.011 8.586 0.009 8.593 9.029 0 9.027 8.938 0 8.938
0.045 0 0.045 0.01 0.001 0.011 8.379 0.012 8.389 9.089 0 9.087 9.003 0 9.001
0.052 0.001 0.053 0.011 0 0.011 8.646 0.009 8.653 9.058 0 9.056 8.743 0 8.742
0.051 0.001 0.052 0.011 0 0.011 8.582 0.008 8.588 9.01 0 9.007 8.929 0 8.928
0.052 0.001 0.053 0.01 0.000999999999999997 0.011 8.647 0.008 8.653 8.965 0 8.963 8.91 0 8.909
0.052 0.001 0.054 0.011 0 0.01 8.646 0.008 8.652 8.961 0 8.959 8.9 0 8.899
0.053 0 0.052 0.00900000000000001 0.002 0.011 8.63 0.006 8.635 9.055 0 9.052 8.967 0 8.966
0.05 0.002 0.052 0.00900000000000001 0.001 0.011 8.454 0.011 8.463 8.894 0 8.891 8.839 0 8.839
0.045 0.001 0.045 0.01 0.001 0.011 8.198 0.012 8.209 8.614 0 8.611 8.543 0 8.541
0.054 0 0.054 0.01 0.001 0.011 8.716 0.015 8.729 9.143 0 9.141 9.081 0 9.079
0.051 0.002 0.053 0.011 0 0.011 8.61 0.012 8.62 9.052 0 9.05 8.97 0 8.968
0.045 0.001 0.046 0.011 0 0.011 8.181 0.008 8.189 8.591 0 8.589 8.496 0 8.493
0.045 0.001 0.046 0.01 0.001 0.011 8.183 0.01 8.192 8.595 0 8.592 8.509 0 8.508
0.046 0 0.046 0.011 0 0.011 8.17 0.013 8.181 8.601 0 8.6 8.672 0 8.668
0.045 0.001 0.046 0.011 0 0.011 8.172 0.005 8.175 8.579 0 8.577 8.617 0 8.614
0.044 0.002 0.046 0.00999999999999998 0.001 0.01 8.164 0.013 8.177 8.577 0 8.575 8.644 0 8.642
0.045 0.000999999999999994 0.046 0.00999999999999998 0.001 0.011 8.166 0.01 8.174 8.581 0 8.577 8.64 0 8.638
0.046 0.001 0.046 0.011 0 0.011 8.159 0.007 8.166 8.575 0 8.572 8.618 0 8.615
0.045 0.001 0.046 0.011 0 0.011 8.26 0.013 8.271 8.674 0 8.672 8.745 0 8.743
0.052 0.00199999999999999 0.054 0.011 0 0.01 8.614 0.013 8.626 9.053 0 9.051 8.97 0 8.968
0.052 0.001 0.053 0.01 0.001 0.011 8.587 0.007 8.593 8.993 0 8.99 8.933 0 8.932
0.046 0 0.046 0.011 0 0.011 8.164 0.009 8.171 8.601 0 8.599 8.541 0 8.538
0.053 0.001 0.054 0.011 0 0.011 8.678 0.008 8.684 9.102 0 9.1 9.041 0 9.04
0.051 0.002 0.053 0.011 0 0.011 8.705 0.013 8.717 9.144 0 9.141 9.059 0 9.059
0.047 0 0.046 0.00999999999999998 0.001 0.011 8.309 0.009 8.315 8.735 0 8.734 8.669 0 8.667
0.055 0 0.055 0.011 0.001 0.012 8.741 0.00899999999999999 8.749 9.048 0 9.047 8.998 0 8.997
0.053 0 0.053 0.01 0 0.011 8.632 0.006 8.636 9.043 0 9.041 8.973 0 8.972
0.046 0 0.046 0.011 0 0.01 8.214 0.012 8.225 8.595 0 8.593 8.491 0 8.489
0.075 0.001 0.077 0.015 0 0.015 12.29 0.01 12.332 16.154 0 16.184 12.436 0 12.468
0.046 0 0.045 0.00999999999999998 0 0.011 8.204 0.008 8.21 8.551 0 8.548 8.467 0 8.466
0.045 0 0.046 0.011 0 0.01 8.163 0.012 8.174 8.524 0 8.522 8.469 0 8.467
0.05 0.002 0.052 0.011 0 0.011 8.414 0.007 8.419 8.667 0 8.664 8.579 0 8.577
0.052 0.001 0.052 0.011 0 0.011 8.33 0.011 8.339 8.621 0 8.619 8.525 0 8.524
0.052 0.001 0.052 0.011 0 0.01 8.348 0.004 8.35 8.62 0 8.619 8.515 0 8.512
0.053 0 0.053 0.011 0 0.011 8.422 0.009 8.429 8.7 0 8.698 8.599 0 8.597
0.051 0.001 0.052 0.01 0.001 0.01 8.343 0.014 8.356 8.549 0.001 8.547 8.449 0 8.447
0.052 0.001 0.053 0.011 0 0.011 8.347 0.009 8.355 8.639 0 8.636 8.545 0 8.543
0.054 0.002 0.056 0.01 0.001 0.011 8.596 0.013 8.607 9.033 0 9.032 8.956 0 8.954
0.051 0.001 0.053 0.011 0 0.011 8.617 0.011 8.626 9.053 0 9.05 8.981 0 8.98
0.052 0.001 0.054 0.01 0.001 0.011 8.697 0.012 8.706 9.132 0 9.131 9.057 0 9.056
0.052 0.001 0.052 0.011 0 0.011 8.652 0.006 8.656 9.075 0 9.073 9 0 8.999
0.052 0.002 0.054 0.01 0.001 0.011 8.633 0.011 8.641 9.076 0 9.074 8.994 0 8.992
0.052 0.001 0.053 0.01 0.001 0.011 8.567 0.011 8.576 9.012 0 9.01 8.939 0.000999999999999994 8.939
0.055 0 0.054 0.01 0.001 0.012 8.617 0.009 8.623 9.055 0 9.053 8.998 0 8.997
0.052 0.001 0.053 0.01 0.001 0.011 8.582 0.013 8.593 9.045 0 9.044 8.945 0 8.944
0.053 0.001 0.054 0.011 0 0.011 8.617 0.009 8.624 9.054 0 9.052 8.96 0 8.958
0.053 0 0.052 0.011 0 0.011 8.615 0.011 8.624 9.055 0 9.053 8.986 0 8.984
0.052 0 0.052 0.011 0 0.01 8.499 0.01 8.506 8.962 0 8.959 8.867 0 8.867
0.045 0.001 0.045 0.00899999999999998 0.001 0.011 8.203 0.014 8.215 8.635 0 8.633 8.556 0 8.553
0.056 0 0.056 0.011 0 0.011 8.634 0.008 8.638 9.078 0 9.077 8.996 0 8.995
0.052 0 0.053 0.011 0 0.011 8.547 0.008 8.553 8.984 0 8.981 8.92 0 8.919
0.044 0.001 0.046 0.00999999999999998 0.001 0.011 8.193 0.007 8.198 8.599 0 8.597 8.554 0 8.552
0.046 0.000999999999999997 0.046 0.01 0 0.011 8.17 0.005 8.172 8.57 0 8.569 8.512 0 8.511
0.054 0 0.054 0.01 0.001 0.011 8.626 0.009 8.633 9.092 0 9.089 9.005 0 9.004
0.051 0.001 0.052 0.011 0 0.011 8.718 0.012 8.728 9.148 0 9.145 9.071 0 9.07
0.058 0 0.057 0.011 0 0.011 8.682 0.007 8.688 9.099 0 9.097 9.046 0 9.044
0.056 0.001 0.058 0.011 0.001 0.011 8.623 0.008 8.629 9.049 0 9.048 8.99 0 8.989
0.054 0 0.054 0.01 0.001 0.011 8.603 0.013 8.615 9.047 0 9.044 8.969 0 8.968
0.052 0.001 0.053 0.01 0.001 0.011 8.61 0.015 8.623 9.035 0 9.033 8.976 0 8.975
0.045 0.001 0.046 0.01 0.001 0.011 8.22 0.009 8.228 8.655 0 8.652 8.713 0 8.711
0.044 0.002 0.046 0.00899999999999998 0.001 0.011 8.167 0.011 8.175 8.598 0 8.597 8.657 0 8.654
0.045 0.001 0.046 0.011 0 0.01 8.149 0.008 8.156 8.548 0 8.546 8.479 0 8.477
0.052 0.00199999999999999 0.054 0.011 0 0.011 8.639 0.011 8.647 9.088 0.001 9.087 8.998 0 8.997
0.053 0 0.053 0.01 0.001 0.011 8.58 0.009 8.587 8.895 0 8.893 8.839 0 8.838
0.046 0 0.046 0.011 0 0.011 8.217 0.008 8.223 8.62 0 8.617 8.529 0.001 8.529
0.054 0 0.055 0.011 0 0.011 8.66 0.01 8.668 9.116 0 9.116 9.047 0 9.047
0.053 0 0.053 0.011 0 0.011 8.627 0.007 8.632 9.056 0 9.054 8.983 0 8.982
0.054 0 0.054 0.01 0.000999999999999994 0.011 8.624 0.011 8.633 9.035 0 9.033 8.976 0 8.974
0.051 0.001 0.053 0.011 0 0.01 8.625 0.007 8.629 9.051 0 9.049 8.99 0 8.989
0.054 0.001 0.054 0.011 0 0.011 8.675 0.00899999999999999 8.683 9.097 0 9.095 9.019 0 9.017
0.053 0 0.053 0.00900000000000001 0.000999999999999994 0.011 8.578 0.007 8.583 8.901 0 8.898 8.833 0 8.832
0.044 0.002 0.046 0.011 0 0.011 8.245 0.007 8.25 8.66 0 8.658 8.56 0 8.558
0.046 0 0.046 0.00800000000000001 0.00199999999999999 0.01 8.175 0.012 8.184 8.537 0 8.536 8.46 0 8.458
0.051 0 0.051 0.011 0 0.01 8.609 0.009 8.623 9.036 0.008 9.047 8.965 0 8.972
0.051 0.002 0.054 0.01 0.001 0.011 8.647 0.01 8.654 9.116 0 9.114 9.012 0 9.011
0.051 0 0.05 0.01 0.000999999999999994 0.011 8.678 0.00600000000000001 8.683 9.097 0 9.094 9.007 0 9.006
0.053 0.001 0.053 0.00800000000000001 0.003 0.011 8.646 0.012 8.657 9.079 0.001 9.076 8.983 0 8.982
0.049 0.001 0.05 0.011 0 0.011 8.643 0.007 8.648 8.932 0.000999999999999994 8.939 8.703 0 8.708
0.051 0.00199999999999999 0.053 0.01 0.001 0.011 8.626 0.011 8.636 9.07 0 9.067 8.946 0 8.945
0.053 0 0.053 0.01 0.001 0.011 8.359 0.006 8.363 8.603 0 8.601 8.517 0 8.515
0.053 0 0.053 0.00800000000000001 0.003 0.011 8.358 0.008 8.364 8.624 0 8.622 8.54 0 8.538
0.045 0.002 0.047 0.011 0 0.011 8.455 0.007 8.46 9.033 0 9.031 8.967 0 8.965
0.053 0 0.053 0.011 0 0.011 8.609 0.013 8.621 9.071 0 9.068 8.733 0 8.732
0.05 0.002 0.052 0.01 0.000999999999999994 0.011 8.548 0.011 8.557 9.006 0 9.004 8.919 0 8.917
0.043 0.002 0.045 0.011 0 0.011 8.155 0.008 8.161 8.558 0 8.556 8.489 0 8.487
0.056 0 0.055 0.01 0.001 0.011 8.626 0.015 8.64 9.083 0 9.081 8.999 0 8.996
0.052 0.001 0.053 0.01 0.001 0.011 8.596 0.012 8.606 9.036 0 9.034 8.95 0 8.949
0.076 0 0.077 0.014 0.001 0.015 11.743 0.014 11.792 12.338 0.002 12.372 12.219 0.001 12.255
0.054 0 0.053 0.011 0 0.012 8.662 0.008 8.669 9.094 0 9.092 9.007 0 9.006
0.052 0 0.052 0.011 0 0.011 8.607 0.012 8.617 9.044 0 9.042 8.963 0 8.961
0.046 0.000999999999999997 0.047 0.01 0.001 0.01 8.263 0.01 8.272 9.087 0 9.084 9.063 0 9.062
0.053 0 0.052 0.01 0.001 0.011 8.607 0.009 8.615 8.957 0 8.955 8.507 0 8.506
0.045 0.001 0.046 0.00900000000000001 0.002 0.011 8.187 0.007 8.194 9.007 0 9.004 8.987 0 8.986
0.053 0 0.052 0.01 0.001 0.011 8.619 0.008 8.625 8.966 0 8.964 8.524 0 8.524
0.044 0.001 0.046 0.011 0 0.01 8.223 0.009 8.23 9.023 0 9.021 9.019 0 9.019
0.052 0 0.052 0.01 0.001 0.011 8.63 0.012 8.64 8.981 0 8.979 8.544 0 8.543
0.049 0.002 0.051 0.012 0 0.011 8.584 0.013 8.596 9.044 0 9.042 8.972 0 8.971
0.052 0 0.053 0.011 0 0.011 8.632 0.011 8.641 9.062 0 9.059 8.995 0 8.994
0.054 0 0.054 0.01 0.001 0.011 8.615 0.008 8.62 9.039 0 9.037 8.96 0 8.959
0.05 0.00199999999999999 0.052 0.011 0 0.011 8.623 0.011 8.632 9.059 0 9.057 8.975 0 8.973
0.045 0.001 0.046 0.011 0 0.011 8.256 0.008 8.263 8.677 0 8.675 8.572 0 8.57
0.046 0 0.045 0.011 0 0.011 8.199 0.008 8.205 8.603 0 8.602 8.506 0 8.503
0.052 0.000999999999999994 0.053 0.011 0 0.011 8.637 0.011 8.646 9.073 0 9.071 9.007 0 9.006
0.053 0 0.053 0.011 0 0.011 8.582 0.011 8.592 9.035 0 9.031 8.961 0 8.961
0.043 0.003 0.046 0.011 0 0.011 8.195 0.011 8.204 8.596 0 8.594 8.514 0 8.512
0.055 0 0.055 0.01 0.001 0.011 8.746 0.012 8.757 9.186 0 9.186 9.112 0 9.112
0.052 0.001 0.053 0.00900000000000001 0.002 0.011 8.608 0.01 8.615 9.038 0 9.036 8.958 0 8.957
0.046 0.001 0.046 0.00999999999999998 0 0.011 8.168 0.01 8.175 8.996 0 8.994 8.975 0 8.974
0.052 0 0.052 0.011 0 0.011 8.622 0.008 8.628 8.998 0 8.996 8.517 0 8.516
0.053 0.001 0.055 0.011 0 0.011 8.639 0.01 8.647 9.08 0 9.078 9.034 0 9.032
0.052 0.000999999999999994 0.053 0.01 0.001 0.011 8.573 0.012 8.583 9.024 0 9.021 8.935 0 8.934
0.051 0 0.051 0.011 0 0.011 8.68 0.01 8.689 9.125 0 9.122 9.04 0 9.039
0.052 0.001 0.053 0.011 0 0.011 8.624 0.009 8.632 9.041 0 9.039 8.981 0 8.98
0.045 0.001 0.046 0.00999999999999998 0.001 0.011 8.384 0.00799999999999999 8.39 9.093 0 9.09 9.011 0 9.01
0.05 0.002 0.053 0.00900000000000001 0.00199999999999999 0.011 8.632 0.012 8.642 9.05 0 9.047 8.708 0 8.706
0.046 0 0.046 0.00999999999999998 0.001 0.011 8.319 0.01 8.327 9.036 0.000999999999999994 9.034 8.962 0 8.961
0.054 0 0.053 0.00900000000000001 0.002 0.011 8.641 0.011 8.651 9.08 0 9.077 8.697 0 8.696
0.054 0 0.053 0.00900000000000001 0.002 0.012 8.682 0.007 8.688 9.13 0 9.127 9.045 0 9.044
0.051 0.002 0.053 0.011 0 0.011 8.637 0.008 8.643 9.06 0 9.058 8.976 0 8.975
0.046 0.000999999999999994 0.047 0.011 0 0.01 8.138 0.014 8.151 8.966 0 8.963 8.994 0 8.993
0.053 0 0.052 0.00900000000000001 0.002 0.011 8.693 0.009 8.7 9 0 8.997 8.599 0 8.598
0.044 0.002 0.046 0.00999999999999998 0.000999999999999994 0.011 8.17 0.01 8.178 9.013 0 9.01 8.981 0 8.98
0.052 0 0.053 0.011 0 0.011 8.584 0.01 8.591 8.96 0 8.958 8.482 0 8.48
0.053 0.001 0.054 0.011 0 0.011 8.685 0.005 8.688 9.103 0 9.101 9.018 0 9.016
0.052 0.001 0.053 0.011 0 0.011 8.61 0.014 8.622 9.062 0.001 9.061 8.981 0 8.979
0.046 0.001 0.046 0.00999999999999998 0 0.011 8.396 0.006 8.4 9.085 0 9.082 9.004 0 9.003
0.053 0 0.053 0.011 0 0.011 8.613 0.00899999999999999 8.62 9.028 0 9.026 8.698 0 8.696
0.052 0 0.052 0.011 0 0.011 8.466 0.01 8.474 8.781 0 8.78 8.714 0 8.712
0.045 0 0.045 0.00900000000000001 0.002 0.011 8.189 0.014 8.2 8.595 0 8.593 8.511 0 8.51
0.055 0 0.055 0.011 0 0.011 8.714 0.005 8.717 9.111 0 9.11 9.029 0 9.026
0.052 0.001 0.053 0.01 0.000999999999999997 0.011 8.57 0.011 8.58 8.995 0 8.993 8.922 0 8.919
0.045 0.001 0.046 0.00999999999999998 0.001 0.011 8.22 0.007 8.226 9.01 0 9.007 8.99 0 8.989
0.052 0.001 0.053 0.011 0 0.011 8.647 0.007 8.652 8.984 0 8.982 8.547 0 8.546
0.046 0 0.046 0.00900000000000001 0.00199999999999999 0.011 8.196 0.01 8.203 8.893 0.001 8.892 8.898 0 8.896
0.051 0.001 0.053 0.011 0 0.01 8.661 0.004 8.663 8.872 0 8.871 8.487 0 8.483
0.045 0 0.046 0.011 0 0.01 8.357 0.011 8.366 9.08 0 9.078 8.997 0 8.997
0.052 0.001 0.052 0.011 0 0.011 8.625 0.01 8.634 9.053 0 9.05 8.676 0 8.676
0.045 0 0.045 0.01 0.001 0.011 8.181 0.013 8.193 8.878 0 8.876 8.878 0 8.876
0.052 0.000999999999999994 0.052 0.00900000000000001 0.002 0.011 8.62 0.00600000000000001 8.624 8.927 0 8.925 8.502 0 8.501
0.044 0.001 0.045 0.00999999999999998 0.001 0.011 8.325 0.021 8.362 9.035 0.053 9.101 8.991 0.004 9.003
0.056 0 0.057 0.011 0 0.011 8.642 0.01 8.65 9.066 0 9.064 8.72 0 8.718
0.043 0.002 0.046 0.011 0 0.01 8.189 0.008 8.195 8.603 0 8.601 8.525 0 8.524
0.053 0.001 0.054 0.011 0 0.011 8.624 0.006 8.627 9.061 0 9.059 8.987 0 8.987
0.052 0.001 0.053 0.00900000000000001 0.002 0.011 8.608 0.013 8.619 9.03 0 9.029 8.986 0 8.984
0.046 0 0.046 0.00999999999999998 0 0.011 8.194 0.006 8.198 8.546 0 8.543 8.463 0 8.461
0.053 0.000999999999999994 0.053 0.011 0 0.011 8.597 0.011 8.607 9.029 0 9.028 8.98 0 8.98
0.053 0 0.053 0.011 0 0.011 8.64 0.013 8.651 9.083 0 9.08 9.014 0 9.012
0.044 0.00199999999999999 0.046 0.00999999999999998 0 0.011 8.176 0.003 8.178 8.992 0 8.989 8.972 0 8.971
0.051 0.001 0.052 0.011 0 0.011 8.624 0.005 8.627 8.894 0 8.892 8.488 0 8.486
0.051 0.000999999999999994 0.051 0.011 0 0.012 8.597 0.012 8.606 9.026 0.001 9.026 8.946 0 8.944
0.054 0 0.053 0.00900000000000001 0.001 0.011 8.587 0.006 8.59 9.024 0 9.023 8.935 0 8.934
0.046 0 0.045 0.00799999999999998 0.002 0.011 8.167 0.007 8.173 8.585 0 8.582 8.533 0 8.533
0.045 0.000999999999999994 0.046 0.00999999999999998 0.001 0.01 8.189 0.011 8.199 8.542 0 8.54 8.483 0 8.481
0.045 0.001 0.045 0.011 0 0.011 8.171 0.008 8.177 8.598 0 8.596 8.537 0 8.535
0.045 0.001 0.047 0.011 0 0.01 8.313 0.007 8.317 8.746 0 8.743 8.65 0 8.648
0.049 0.002 0.052 0.01 0.000999999999999994 0.011 8.627 0.011 8.636 9.072 0 9.07 8.987 0 8.986
0.051 0.000999999999999994 0.052 0.011 0 0.011 8.592 0.00600000000000001 8.596 9.034 0 9.032 8.96 0 8.957
0.045 0.001 0.046 0.011 0 0.011 8.152 0.00899999999999999 8.159 8.573 0 8.57 8.511 0 8.509
0.044 0.002 0.046 0.011 0 0.01 8.164 0.013 8.176 8.599 0 8.596 8.574 0 8.573
0.045 0.001 0.046 0.00900000000000001 0.001 0.011 8.233 0.009 8.24 8.642 0 8.639 8.597 0 8.595
0.046 0 0.045 0.00900000000000001 0.001 0.011 8.148 0.007 8.152 8.564 0 8.562 8.505 0 8.503
0.046 0 0.046 0.011 0 0.01 8.176 0.007 8.182 9.003 0.001 9.002 9.008 0 9.006
0.053 0 0.052 0.011 0.001 0.011 8.584 0.008 8.591 8.973 0 8.97 8.5 0 8.499
0.051 0 0.052 0.011 0.000999999999999994 0.011 8.589 0.013 8.6 9.035 0.001 9.033 8.948 0 8.947
0.053 0 0.054 0.011 0 0.011 8.606 0.007 8.61 9.042 0 9.041 8.968 0 8.965
0.046 0.001 0.047 0.01 0 0.011 8.397 0.008 8.402 9.073 0 9.072 8.979 0 8.976
0.052 0.001 0.053 0.01 0.001 0.011 8.581 0.01 8.589 9.018 0 9.016 8.709 0 8.708
0.05 0.00199999999999999 0.052 0.011 0 0.011 8.437 0.01 8.445 8.9 0 8.898 8.834 0 8.832
0.046 0 0.046 0.011 0 0.01 8.177 0.012 8.187 8.583 0 8.58 8.504 0 8.502
0.055 0 0.054 0.011 0 0.011 8.604 0.012 8.615 9.049 0 9.046 8.979 0 8.979
0.052 0.001 0.052 0.01 0.001 0.011 8.604 0.008 8.611 9.032 0 9.029 8.951 0 8.95
0.045 0.001 0.046 0.011 0 0.011 8.175 0.016 8.189 8.587 0.001 8.586 8.5 0 8.498
0.046 0 0.046 0.011 0 0.01 8.14 0.009 8.148 8.555 0 8.553 8.499 0 8.497
0.047 0.001 0.047 0.00999999999999998 0.001 0.011 8.18 0.013 8.191 8.582 0 8.58 8.535 0 8.533
0.044 0.002 0.046 0.00899999999999998 0.002 0.01 8.178 0.012 8.189 8.589 0 8.586 8.503 0 8.502
0.05 0.001 0.052 0.011 0 0.01 8.595 0.011 8.605 9.04 0 9.037 8.969 0 8.967
0.052 0.001 0.053 0.00900000000000001 0.002 0.011 8.634 0.01 8.642 9.067 0 9.065 8.97 0 8.969
0.043 0.002 0.046 0.00899999999999998 0.002 0.011 8.209 0.007 8.213 8.595 0.001 8.594 8.535 0 8.533
0.044 0.000999999999999994 0.046 0.011 0 0.01 8.166 0.007 8.173 8.546 0 8.543 8.493 0 8.491
0.046 0 0.046 0.011 0 0.011 8.178 0.012 8.189 8.604 0 8.601 8.518 0 8.517
0.046 0.001 0.046 0.00999999999999998 0.001 0.011 8.247 0.012 8.258 8.682 0 8.68 8.605 0 8.601
0.045 0 0.045 0.011 0 0.011 8.204 0.008 8.21 8.637 0 8.635 8.542 0 8.54
0.053 0.001 0.054 0.011 0 0.011 8.691 0.006 8.695 9.13 0 9.128 9.055 0 9.054
0.052 0.001 0.053 0.01 0.001 0.011 8.576 0.007 8.581 8.897 0.001 8.895 8.842 0 8.841
0.045 0.001 0.046 0.01 0.001 0.011 8.229 0.01 8.236 8.658 0 8.657 8.564 0 8.562
0.054 0 0.054 0.011 0 0.011 8.655 0.009 8.664 9.102 0 9.1 9.024 0 9.023
0.05 0.003 0.053 0.011 0 0.011 8.749 0.013 8.76 9.181 0 9.178 9.093 0 9.092
0.046 0 0.046 0.011 0 0.011 8.25 0.008 8.256 9.095 0 9.094 9.081 0 9.08
0.051 0.000999999999999994 0.052 0.011 0 0.011 8.587 0.011 8.596 8.965 0 8.963 8.489 0 8.487
0.053 0.001 0.054 0.00900000000000001 0.002 0.011 8.628 0.013 8.638 9.095 0 9.093 9.003 0 9.002
0.052 0.001 0.053 0.00800000000000001 0.002 0.011 8.558 0.011 8.567 9.003 0 9.001 8.933 0 8.93
0.045 0.000999999999999994 0.046 0.00899999999999998 0.001 0.011 8.267 0.014 8.279 8.626 0 8.625 8.533 0 8.529
0.045 0 0.046 0.01 0.001 0.011 8.169 0.013 8.179 8.595 0 8.593 8.517 0 8.516
0.045 0 0.046 0.011 0 0.011 8.215 0.015 8.228 8.65 0 8.648 8.553 0 8.549
0.044 0.002 0.046 0.011 0 0.01 8.208 0.00799999999999999 8.214 8.543 0 8.542 8.476 0 8.474
0.045 0.001 0.046 0.00999999999999998 0.000999999999999994 0.011 8.266 0.007 8.27 9.07 0 9.068 9.062 0 9.061
0.052 0 0.052 0.011 0 0.011 8.614 0.015 8.628 8.861 0 8.858 8.485 0 8.483
0.046 0 0.045 0.00800000000000001 0.002 0.011 8.181 0.014 8.193 8.606 0 8.603 8.5 0 8.499
0.046 0 0.046 0.01 0.001 0.011 8.199 0.016 8.213 8.609 0 8.607 8.545 0 8.542
0.045 0.001 0.046 0.01 0.001 0.011 8.184 0.008 8.19 8.602 0 8.6 8.455 0 8.458
0.045 0.001 0.046 0.00999999999999998 0.001 0.011 8.23 0.00799999999999999 8.235 8.618 0 8.617 8.554 0 8.552
0.045 0.002 0.047 0.00999999999999998 0.001 0.01 8.367 0.011 8.376 9.086 0 9.085 8.999 0 8.997
0.051 0.002 0.053 0.011 0 0.011 8.72 0.013 8.731 9.157 0 9.155 8.818 0 8.816
0.052 0 0.051 0.011 0 0.011 8.433 0.011 8.443 8.895 0 8.893 8.814 0 8.812
0.045 0.001 0.046 0.00899999999999998 0.001 0.01 8.122 0.015 8.134 8.544 0 8.543 8.485 0 8.483
0.052 0.001 0.053 0.01 0 0.011 8.583 0.006 8.585 8.9 0 8.898 8.841 0 8.84
0.054 0 0.054 0.011 0 0.011 8.579 0.008 8.585 9.005 0 9.003 8.939 0 8.937
0.075 0.001 0.077 0.014 0.001 0.016 11.724 0.016 11.755 12.321 0 12.338 12.225 0 12.246
0.045 0 0.045 0.011 0 0.011 8.207 0.005 8.21 8.612 0 8.61 8.537 0 8.535
0.054 0 0.053 0.011 0 0.011 8.681 0.006 8.685 9.01 0 9.009 8.936 0 8.934
0.052 0 0.052 0.011 0 0.011 8.633 0.00799999999999999 8.639 9.057 0 9.056 8.972 0 8.971
0.054 0 0.054 0.01 0.001 0.011 8.643 0.005 8.646 9.087 0 9.084 9.01 0 9.009
0.053 0 0.052 0.00900000000000001 0.002 0.011 8.617 0.012 8.627 9.046 0 9.044 8.985 0 8.984
0.045 0 0.046 0.011 0 0.011 8.161 0.012 8.171 8.593 0 8.59 8.617 0 8.617
0.046 0 0.046 0.011 0 0.011 8.181 0.00899999999999999 8.189 8.586 0 8.584 8.636 0 8.634
0.051 0.000999999999999994 0.052 0.011 0 0.011 8.819 0.00800000000000001 8.825 9.256 0 9.254 9.179 0 9.177
0.052 0.001 0.053 0.01 0.001 0.011 8.623 0.006 8.627 9.061 0 9.058 8.995 0 8.994
0.05 0.001 0.051 0.011 0.000999999999999994 0.011 8.641 0.00600000000000001 8.646 9.064 0 9.062 9.002 0 9
0.052 0 0.052 0.011 0 0.011 8.647 0.011 8.655 9.079 0 9.077 9.005 0 9.004
0.052 0 0.052 0.011 0 0.011 8.649 0.009 8.656 9.089 0 9.087 9.004 0 9.003
0.052 0 0.052 0.011 0 0.012 8.623 0.01 8.63 9.05 0 9.048 8.979 0 8.978
0.045 0 0.046 0.011 0 0.01 8.153 0.01 8.162 8.595 0 8.592 8.497 0 8.496
0.052 0.00199999999999999 0.055 0.011 0 0.011 8.63 0.005 8.632 9.049 0 9.048 8.973 0 8.97
0.052 0.001 0.053 0.00900000000000001 0.002 0.011 8.582 0.008 8.588 9.026 0 9.023 8.936 0 8.934
0.045 0.000999999999999994 0.046 0.00999999999999998 0.001 0.011 8.217 0.008 8.224 8.622 0 8.619 8.533 0 8.532
0.054 0 0.054 0.011 0 0.011 8.627 0.008 8.634 9.07 0 9.069 8.987 0 8.986
0.054 0 0.054 0.01 0.001 0.011 8.612 0.014 8.623 9.04 0 9.038 8.966 0 8.965
0.054 0.000999999999999994 0.055 0.011 0 0.011 8.827 0.005 8.829 9.292 0 9.29 9.203 0 9.201
0.053 0 0.052 0.01 0.001 0.011 8.656 0.01 8.665 9.094 0 9.092 9.005 0 9.002
0.046 0 0.046 0.011 0 0.011 8.149 0.005 8.152 8.576 0 8.573 8.512 0 8.511
0.045 0.001 0.046 0.00999999999999998 0.001 0.011 8.2 0.007 8.205 8.597 0 8.595 8.523 0 8.52
0.052 0.001 0.053 0.011 0 0.011 8.651 0.011 8.66 9.074 0 9.072 9.018 0 9.016
0.051 0.002 0.053 0.01 0.001 0.011 8.655 0.005 8.659 9.096 0.001 9.095 9 0 8.999
0.051 0.000999999999999994 0.052 0.01 0.001 0.011 8.676 0.016 8.69 8.99 0 8.987 8.919 0 8.918
0.052 0 0.053 0.01 0.001 0.01 8.655 0.006 8.659 8.95 0 8.947 8.88 0 8.879
0.053 0 0.053 0.01 0.001 0.011 8.363 0.009 8.37 8.631 0 8.629 8.524 0 8.522
0.051 0.002 0.052 0.01 0.000999999999999994 0.011 8.38 0.011 8.389 8.665 0 8.662 8.605 0 8.602
0.052 0.001 0.052 0.00800000000000001 0.003 0.011 8.632 0.014 8.645 9.058 0 9.056 8.976 0 8.975
0.053 0 0.053 0.00900000000000001 0.002 0.011 8.617 0.009 8.626 9.065 0 9.062 8.969 0 8.968
0.054 0 0.054 0.011 0 0.011 8.739 0.013 8.75 9.155 0.001 9.154 9.061 0 9.061
0.052 0.001 0.053 0.011 0 0.01 8.608 0.015 8.622 9.036 0 9.033 8.953 0 8.952
0.053 0.001 0.054 0.011 0 0.012 8.666 0.008 8.672 9.097 0 9.094 9.037 0 9.036
0.052 0 0.052 0.011 0 0.011 8.585 0.01 8.593 9.015 0 9.013 8.946 0 8.945
0.046 0 0.046 0.00999999999999998 0.001 0.01 8.158 0.007 8.164 8.571 0 8.569 8.514 0 8.511
0.053 0.00199999999999999 0.055 0.011 0 0.011 8.615 0.011 8.624 9.049 0.001 9.047 9.01 0 9.008
0.054 0 0.053 0.00900000000000001 0.001 0.011 8.588 0.012 8.597 9.031 0 9.029 8.964 0 8.963
0.052 0 0.051 0.011 0 0.011 8.459 0.011 8.467 8.806 0 8.804 8.735 0 8.733
0.045 0 0.045 0.011 0 0.011 8.155 0.009 8.163 8.571 0 8.567 8.512 0.000999999999999994 8.511
0.054 0 0.054 0.011 0.001 0.011 8.69 0.009 8.696 9.129 0 9.127 9.036 0 9.036
0.052 0.001 0.053 0.011 0 0.011 8.522 0.009 8.528 8.954 0 8.952 8.882 0 8.88
0.076 0.001 0.077 0.012 0.00299999999999999 0.015 11.762 0.017 11.795 12.371 0 12.389 12.286 0.001 12.304
0.046 0 0.045 0.00999999999999998 0 0.011 8.356 0.014 8.367 9.044 0 9.043 8.977 0 8.975
0.051 0.001 0.052 0.01 0.001 0.011 8.619 0.007 8.624 9.058 0 9.056 8.702 0 8.7
0.045 0.002 0.047 0.01 0.001 0.011 8.239 0.009 8.246 9.032 0 9.03 9.047 0 9.046
0.053 0 0.052 0.01 0 0.011 8.551 0.011 8.56 8.87 0 8.868 8.485 0 8.483
0.045 0.001 0.046 0.00899999999999998 0.00199999999999999 0.011 8.178 0.003 8.18 8.981 0 8.979 8.971 0 8.97
0.051 0.001 0.052 0.011 0 0.011 8.626 0.01 8.635 8.965 0.001 8.963 8.572 0 8.572
0.053 0.001 0.054 0.01 0.001 0.011 8.641 0.011 8.65 9.071 0 9.069 8.987 0 8.986
0.051 0.002 0.052 0.01 0.001 0.011 8.581 0.01 8.589 9.011 0 9.009 8.938 0 8.937
0.053 0.001 0.053 0.011 0 0.01 8.627 0.007 8.633 9.044 0 9.041 8.985 0 8.983
0.053 0 0.053 0.00900000000000001 0.00199999999999999 0.011 8.621 0.012 8.631 9.068 0 9.066 9.002 0 9.001
0.045 0.001 0.046 0.00999999999999998 0.001 0.01 8.195 0.005 8.198 8.595 0 8.594 8.527 0 8.525
0.053 0.002 0.054 0.00900000000000001 0.001 0.011 8.562 0.008 8.567 8.993 0.000999999999999994 8.992 8.949 0 8.948
0.052 0.001 0.053 0.011 0 0.011 8.588 0.015 8.602 9.017 0 9.014 8.952 0 8.951
0.046 0 0.046 0.00999999999999998 0.001 0.011 8.199 0.007 8.204 8.6 0 8.598 8.541 0 8.539
0.052 0.002 0.053 0.01 0.000999999999999994 0.012 8.647 0.00700000000000001 8.651 9.073 0 9.071 8.999 0 8.998
0.053 0 0.053 0.011 0 0.011 8.611 0.008 8.617 9.046 0 9.043 8.981 0 8.98
0.044 0.002 0.046 0.011 0 0.011 8.292 0.008 8.299 9.099 0 9.096 9.067 0 9.066
0.054 0 0.053 0.011 0 0.011 8.597 0.008 8.603 8.978 0 8.977 8.487 0 8.485
0.054 0 0.054 0.01 0.001 0.011 8.626 0.01 8.633 9.055 0 9.053 8.986 0 8.984
0.053 0 0.054 0.011 0 0.011 8.544 0.01 8.551 8.981 0 8.979 8.921 0 8.921
0.057 0 0.056 0.011 0 0.011 8.689 0.012 8.7 9.108 0 9.105 9.037 0 9.036
0.053 0 0.054 0.01 0.001 0.011 8.623 0.012 8.633 8.951 0 8.949 8.882 0 8.881
0.047 0 0.047 0.00899999999999998 0.001 0.011 8.366 0.01 8.373 9.066 0 9.063 9.006 0 9.005
0.052 0.001 0.053 0.011 0 0.011 8.63 0.005 8.633 9.059 0 9.056 8.695 0 8.694
0.055 0 0.055 0.011 0 0.011 8.654 0.013 8.666 9.087 0 9.084 9.023 0 9.022
0.052 0.001 0.053 0.011 0 0.011 8.603 0.007 8.608 9.036 0 9.032 8.958 0 8.957
0.054 0.001 0.054 0.011 0 0.012 8.649 0.01 8.656 9.081 0 9.079 8.996 0 8.995
0.053 0 0.052 0.011 0 0.011 8.602 0.00899999999999999 8.61 9.021 0 9.019 8.97 0 8.969
0.054 0.001 0.054 0.00900000000000001 0.00199999999999999 0.011 8.667 0.012 8.678 9.109 0.001 9.108 9.025 0 9.024
0.052 0.001 0.053 0.011 0 0.011 8.597 0.012 8.607 9.046 0 9.044 8.951 0 8.949
0.046 0 0.046 0.00900000000000001 0.000999999999999997 0.01 8.174 0.014 8.186 8.995 0 8.993 8.98 0 8.979
0.052 0 0.053 0.01 0.000999999999999994 0.011 8.594 0.014 8.606 8.951 0.001 8.95 8.477 0 8.474
0.053 0.001 0.054 0.01 0.001 0.011 8.593 0.011 8.602 9.039 0 9.037 8.955 0 8.954
0.051 0.00199999999999999 0.053 0.011 0 0.011 8.693 0.009 8.7 9.127 0 9.124 9.039 0 9.038
0.045 0.001 0.046 0.00899999999999998 0.000999999999999994 0.01 8.387 0.014 8.399 9.098 0 9.097 9.038 0 9.036
0.053 0 0.053 0.01 0.001 0.011 8.605 0.011 8.613 9.046 0 9.044 8.749 0 8.747
0.052 0 0.052 0.011 0 0.011 8.523 0.012 8.533 8.974 0 8.972 8.893 0 8.892
0.045 0.001 0.046 0.011 0 0.011 8.314 0.009 8.321 8.77 0 8.768 8.685 0 8.682
0.055 0 0.055 0.01 0.001 0.011 8.65 0.009 8.656 9.062 0 9.06 8.976 0 8.976
0.053 0 0.053 0.00900000000000001 0.00199999999999999 0.011 8.634 0.005 8.637 9.046 0 9.044 8.966 0 8.964
0.046 0 0.046 0.00999999999999998 0.001 0.011 8.163 0.018 8.18 8.989 0.001 8.988 9.002 0 9
0.052 0.001 0.053 0.01 0.001 0.011 8.715 0.011 8.725 9.049 0 9.046 8.616 0 8.615
0.046 0 0.045 0.011 0 0.011 8.157 0.016 8.172 8.973 0 8.971 8.977 0 8.975
0.053 0 0.052 0.01 0.001 0.011 8.601 0.012 8.611 8.941 0 8.938 8.514 0 8.512
0.047 0 0.046 0.00799999999999998 0.002 0.011 8.183 0.014 8.194 9.022 0 9.021 9.006 0 9.005
0.052 0 0.052 0.01 0.001 0.011 8.586 0.007 8.591 8.935 0 8.933 8.484 0 8.482
0.044 0.001 0.045 0.00899999999999998 0.002 0.011 8.174 0.01 8.182 8.974 0 8.973 9.007 0 9.005
0.053 0 0.053 0.01 0.000999999999999994 0.011 8.62 0.009 8.627 8.934 0 8.932 8.52 0 8.519
0.046 0 0.046 0.00899999999999998 0.001 0.01 8.205 0.011 8.215 9.019 0.001 9.017 9.031 0 9.03
0.052 0 0.053 0.011 0 0.011 8.601 0.011 8.609 8.931 0 8.929 8.489 0 8.488
0.046 0 0.045 0.00999999999999998 0 0.011 8.164 0.011 8.172 8.57 0.001 8.57 8.49 0 8.487
0.055 0 0.055 0.011 0 0.01 8.597 0.014 8.61 9.027 0 9.023 8.968 0 8.967
0.051 0.00199999999999999 0.053 0.00900000000000001 0.002 0.011 8.624 0.009 8.631 9.051 0 9.049 8.978 0 8.977
0.044 0.00199999999999999 0.045 0.00999999999999998 0.001 0.011 8.173 0.014 8.185 8.61 0 8.607 8.544 0 8.542
0.054 0 0.054 0.011 0 0.011 8.644 0.013 8.656 9.076 0 9.075 9 0 9
0.053 0 0.054 0.00900000000000001 0.00199999999999999 0.011 8.691 0.008 8.697 9.111 0 9.108 9.058 0 9.056
0.043 0.002 0.046 0.01 0 0.01 8.158 0.005 8.161 8.491 0 8.496 8.2 0 8.198
0.077 0.001 0.077 0.014 0.001 0.016 11.904 0.017 11.942 12.504 0 12.529 12.386 0.001 12.406
0.053 0.001 0.054 0.011 0 0.011 8.663 0.012 8.674 8.994 0 8.99 8.932 0 8.932
0.052 0.001 0.053 0.00900000000000001 0.002 0.011 8.669 0.009 8.676 9.105 0.001 9.104 9.013 0 9.012
0.052 0.001 0.052 0.01 0.001 0.011 8.671 0.007 8.675 9.085 0.001 9.085 9.02 0 9.017
0.051 0.002 0.053 0.00900000000000001 0.00199999999999999 0.011 8.689 0.007 8.694 9.119 0 9.116 9.056 0 9.055
0.046 0 0.046 0.011 0 0.011 8.346 0.008 8.352 9.065 0 9.062 9.012 0 9.011
0.054 0 0.053 0.011 0 0.011 8.665 0.007 8.67 9.101 0.001 9.1 8.732 0 8.731
0.045 0.001 0.047 0.011 0 0.011 8.22 0.007 8.225 8.613 0 8.611 8.547 0 8.545
0.045 0 0.045 0.011 0 0.011 8.182 0.008 8.188 8.63 0 8.628 8.693 0 8.69
0.045 0.001 0.046 0.011 0 0.011 8.33 0.015 8.343 9.057 0 9.054 8.971 0 8.971
0.055 0 0.054 0.011 0 0.011 8.69 0.011 8.698 9.131 0 9.129 8.738 0 8.738
0.05 0.004 0.054 0.011 0 0.011 8.617 0.008 8.623 9.031 0 9.029 8.973 0 8.972
0.053 0 0.053 0.011 0 0.01 8.591 0.009 8.599 9.034 0 9.031 8.942 0 8.941
0.044 0.000999999999999994 0.045 0.00999999999999998 0.001 0.011 8.298 0.01 8.306 9.135 0 9.133 9.084 0 9.082
0.052 0.001 0.053 0.011 0 0.011 8.602 0.009 8.61 8.978 0 8.975 8.49 0 8.489
0.05 0.002 0.052 0.00900000000000001 0.002 0.011 8.601 0.011 8.61 9.029 0.001 9.028 8.974 0 8.973
0.053 0 0.054 0.01 0.001 0.011 8.597 0.008 8.603 9.034 0 9.032 8.942 0 8.94
0.046 0.001 0.046 0.00899999999999998 0.002 0.011 8.408 0.00899999999999999 8.415 9.09 0 9.088 9.021 0 9.019
0.053 0.000999999999999994 0.054 0.00800000000000001 0.003 0.011 8.601 0.009 8.609 9.036 0 9.034 8.694 0 8.693
0.051 0.000999999999999994 0.053 0.01 0.001 0.01 8.604 0.008 8.61 8.945 0 8.943 8.886 0 8.885
0.046 0 0.046 0.011 0 0.011 8.205 0.008 8.211 8.605 0 8.603 8.51 0 8.507
0.054 0.001 0.055 0.011 0 0.011 8.603 0.006 8.606 9.026 0 9.025 8.955 0 8.953
0.052 0.001 0.053 0.011 0 0.011 8.577 0.00600000000000001 8.581 9.001 0 8.999 8.952 0 8.951
0.046 0 0.047 0.00999999999999998 0.001 0.01 8.218 0.011 8.227 8.961 0 8.96 8.986 0 8.985
0.051 0.001 0.052 0.011 0 0.011 8.646 0.014 8.657 8.947 0 8.946 8.552 0 8.55
0.049 0.001 0.05 0.011 0 0.011 8.759 0.01 8.767 9.163 0 9.16 9.1 0 9.099
0.052 0.001 0.053 0.00900000000000001 0.00199999999999999 0.011 8.649 0.009 8.656 9.115 0 9.112 9.017 0 9.016
0.05 0.001 0.051 0.011 0 0.011 8.733 0.007 8.738 9.159 0 9.156 9.064 0 9.063
0.05 0.002 0.053 0.00800000000000001 0.003 0.011 8.644 0.011 8.652 9.094 0 9.092 9 0 9
0.051 0.00199999999999999 0.053 0.00999999999999998 0.001 0.011 8.356 0.009 8.364 8.614 0 8.611 8.517 0 8.514
0.047 0 0.048 0.01 0.000999999999999997 0.01 8.177 0.009 8.184 8.594 0 8.592 8.5 0 8.499
0.045 0.000999999999999994 0.046 0.011 0 0.01 8.398 0.014 8.411 9.102 0 9.1 9.001 0 8.999
0.052 0.001 0.053 0.01 0.001 0.011 8.595 0.011 8.604 9.04 0 9.038 8.693 0 8.692
0.046 0 0.046 0.00999999999999998 0.001 0.011 8.154 0.015 8.166 8.581 0 8.579 8.543 0 8.542
0.052 0 0.052 0.01 0 0.011 8.605 0.008 8.61 9.052 0 9.05 8.982 0 8.981
0.053 0 0.053 0.01 0.001 0.011 8.62 0.009 8.627 8.936 0 8.933 8.873 0 8.872
0.045 0 0.046 0.011 0 0.01 8.194 0.00799999999999999 8.2 8.625 0 8.623 8.558 0 8.556
0.054 0 0.054 0.01 0.001 0.011 8.677 0.008 8.684 9.106 0 9.105 9.029 0 9.028
0.051 0.001 0.052 0.01 0.002 0.012 8.684 0.012 8.694 9.108 0 9.106 9.041 0 9.039
0.045 0.000999999999999994 0.045 0.00899999999999998 0.002 0.011 8.369 0.012 8.379 9.079 0.001 9.078 8.998 0 8.996
0.053 0 0.052 0.00900000000000001 0.002 0.011 8.613 0.012 8.622 9.035 0 9.033 8.73 0 8.73
0.051 0.001 0.052 0.01 0.001 0.011 8.624 0.013 8.635 9.033 0 9.031 8.944 0 8.943
0.052 0.002 0.053 0.01 0.001 0.011 8.683 0.01 8.691 9.129 0 9.127 9.028 0 9.027
0.045 0.001 0.046 0.00900000000000001 0.00199999999999999 0.011 8.159 0.011 8.174 8.598 0.002 8.605 8.505 0 8.508
0.045 0.001 0.046 0.00899999999999998 0.001 0.011 8.202 0.006 8.206 8.648 0.001 8.646 8.569 0 8.568
0.044 0.00199999999999999 0.046 0.011 0 0.011 8.284 0.011 8.296 9.127 0 9.131 9.089 0 9.093
0.051 0.001 0.052 0.011 0 0.011 8.617 0.01 8.625 8.974 0 8.971 8.501 0 8.5
0.045 0.00199999999999999 0.046 0.011 0 0.011 8.194 0.011 8.203 8.898 0 8.896 8.888 0 8.886
0.053 0 0.053 0.01 0.001 0.011 8.598 0.014 8.61 8.952 0 8.949 8.502 0 8.499
0.053 0.001 0.054 0.011 0 0.011 8.603 0.012 8.613 9.042 0 9.039 8.97 0 8.97
0.051 0.001 0.052 0.011 0 0.011 8.61 0.01 8.619 9.045 0 9.042 8.982 0 8.981
0.046 0 0.047 0.00999999999999998 0.000999999999999994 0.01 8.15 0.009 8.158 8.909 0 8.907 8.981 0 8.979
0.052 0.001 0.053 0.01 0.001 0.011 8.581 0.01 8.589 8.864 0 8.861 8.493 0 8.491
0.047 0 0.047 0.00799999999999998 0.002 0.011 8.392 0.008 8.398 9.095 0 9.093 9.039 0 9.038
0.052 0.001 0.053 0.00900000000000001 0.002 0.011 8.624 0.013 8.635 9.063 0 9.061 8.742 0 8.741
0.051 0.000999999999999997 0.052 0.011 0 0.011 8.501 0.01 8.509 8.97 0 8.968 8.887 0 8.886
0.045 0 0.046 0.011 0 0.01 8.136 0.007 8.142 8.548 0 8.546 8.472 0 8.469
0.054 0.001 0.055 0.01 0.000999999999999994 0.011 8.655 0.009 8.662 9.095 0 9.093 9.005 0 9.004
0.051 0.002 0.053 0.011 0 0.011 8.608 0.011 8.617 9.056 0.002 9.056 8.966 0 8.964
0.076 0.001 0.077 0.015 0 0.015 11.781 0.013 11.811 12.37 0 12.387 12.258 0 12.277
0.053 0.000999999999999994 0.054 0.011 0 0.011 8.624 0.009 8.631 9.039 0 9.037 8.982 0 8.98
0.053 0 0.052 0.00900000000000001 0.00199999999999999 0.011 8.593 0.009 8.6 9.042 0 9.04 8.964 0 8.963
0.044 0.002 0.046 0.011 0 0.011 8.222 0.015 8.235 8.636 0.001 8.635 8.55 0 8.548
0.046 0 0.046 0.01 0.000999999999999997 0.01 8.144 0.01 8.153 8.573 0 8.571 8.496 0 8.495
0.057 0 0.058 0.011 0 0.011 8.595 0.013 8.605 9.06 0 9.058 8.986 0 8.985
0.058 0 0.058 0.011 0 0.011 8.655 0.012 8.664 9.099 0 9.097 9.016 0 9.015
0.045 0.001 0.046 0.011 0 0.011 8.389 0.01 8.398 9.097 0.001 9.095 9.012 0 9.011
0.052 0 0.053 0.01 0.001 0.011 8.634 0.011 8.643 9.058 0 9.056 8.708 0 8.705
0.052 0 0.052 0.011 0 0.011 8.627 0.012 8.636 8.942 0 8.94 8.878 0 8.877
0.051 0.001 0.052 0.00900000000000001 0.002 0.011 8.611 0.008 8.617 9.044 0 9.042 8.954 0 8.953
0.053 0 0.054 0.011 0 0.011 8.618 0.008 8.624 9.051 0 9.049 8.962 0 8.96
0.052 0.001 0.053 0.011 0 0.011 8.583 0.01 8.591 9.02 0.001 9.018 8.92 0 8.919
0.045 0.001 0.046 0.00999999999999998 0.000999999999999994 0.011 8.152 0.004 8.154 8.545 0 8.543 8.482 0 8.48
0.045 0 0.046 0.011 0 0.011 8.232 0.004 8.233 8.656 0 8.654 8.557 0 8.556
0.053 0.001 0.054 0.00900000000000001 0.00199999999999999 0.011 8.606 0.009 8.613 9.022 0 9.02 8.95 0 8.95
0.053 0 0.053 0.011 0 0.011 8.578 0.013 8.589 9.034 0 9.032 8.96 0 8.958
0.046 0.001 0.047 0.011 0 0.011 8.261 0.008 8.267 8.708 0 8.705 8.61 0 8.608
0.054 0.001 0.055 0.011 0 0.011 8.645 0.011 8.655 9.069 0 9.068 9.007 0.001 9.006
0.05 0.003 0.052 0.011 0 0.011 8.69 0.005 8.693 9.113 0 9.111 9.035 0 9.034
0.044 0.001 0.046 0.00999999999999998 0.001 0.01 8.215 0.007 8.22 9.01 0.001 9.009 9.013 0 9.012
0.052 0.001 0.053 0.011 0 0.011 8.617 0.012 8.627 9.027 0 9.025 8.559 0 8.559
0.053 0.001 0.054 0.011 0 0.011 8.651 0.014 8.663 9.104 0 9.101 9.014 0 9.013
0.052 0.001 0.053 0.011 0 0.011 8.629 0.012 8.639 9.066 0.000999999999999994 9.065 8.986 0 8.984
0.045 0.001 0.046 0.00999999999999998 0.001 0.01 8.247 0.013 8.258 8.687 0.001 8.687 8.59 0 8.588
0.046 0 0.046 0.011 0 0.01 8.29 0.013 8.302 8.71 0.001 8.709 8.613 0 8.611
0.049 0.001 0.051 0.011 0 0.011 8.692 0.013 8.703 9.136 0 9.133 9.044 0 9.042
0.053 0 0.053 0.011 0 0.011 8.608 0.013 8.619 9.06 0 9.057 8.95 0 8.948
0.046 0 0.046 0.00899999999999998 0.00199999999999999 0.01 8.31 0.009 8.318 8.994 0 8.997 8.779 0 8.785
0.053 0 0.054 0.011 0 0.011 8.631 0.008 8.637 9.065 0 9.062 8.607 0 8.607
0.044 0.002 0.046 0.00999999999999998 0.001 0.011 8.154 0.012 8.165 8.969 0 8.966 8.977 0 8.976
0.053 0 0.052 0.011 0 0.011 8.587 0.011 8.596 8.939 0 8.937 8.49 0 8.487
0.045 0.002 0.047 0.00999999999999998 0.001 0.011 8.219 0.005 8.222 9.017 0 9.015 9.028 0 9.026
0.053 0 0.053 0.01 0.001 0.011 8.722 0.011 8.731 9.021 0 9.019 8.621 0 8.619
0.054 0 0.054 0.01 0.001 0.012 8.763 0.011 8.771 9.179 0 9.177 9.063 0 9.062
0.053 0 0.053 0.00900000000000001 0.001 0.011 8.621 0.008 8.626 8.923 0 8.921 8.871 0 8.869
0.052 0.002 0.055 0.011 0 0.011 8.65 0.008 8.656 9.081 0.001 9.08 9.003 0 9.002
0.052 0.00199999999999999 0.053 0.011 0 0.011 8.622 0.013 8.633 9.085 0 9.084 9.005 0 9.003
0.053 0 0.053 0.01 0.001 0.011 8.578 0.009 8.585 9.01 0.000999999999999994 9.008 8.944 0 8.943
0.053 0.001 0.054 0.01 0.001 0.011 8.726 0.005 8.728 9.157 0 9.156 9.104 0 9.101
0.051 0.001 0.052 0.01 0.000999999999999994 0.01 8.453 0.005 8.457 8.888 0 8.886 8.814 0 8.812
0.046 0 0.046 0.011 0 0.01 8.22 0.004 8.222 8.635 0 8.634 8.561 0 8.557
0.05 0 0.05 0.01 0.000999999999999994 0.011 8.578 0.011 8.586 9.004 0 9.003 8.959 0 8.956
0.052 0.000999999999999994 0.053 0.011 0 0.011 8.581 0.009 8.588 9.009 0 9.006 8.926 0 8.924
0.053 0.001 0.054 0.011 0 0.011 8.632 0.011 8.641 9.039 0 9.036 8.964 0 8.964
0.051 0.00199999999999999 0.052 0.00900000000000001 0.002 0.011 8.611 0.012 8.623 9.044 0 9.042 8.991 0 8.99
0.055 0 0.055 0.01 0.001 0.011 8.654 0.004 8.656 9.085 0 9.082 9.009 0 9.008
0.051 0.001 0.052 0.011 0 0.011 8.658 0.006 8.662 9.088 0 9.086 9.001 0 8.999
0.052 0 0.052 0.011 0 0.011 8.603 0.011 8.612 9.02 0 9.019 8.961 0 8.959
0.052 0.001 0.053 0.011 0 0.011 8.674 0.009 8.681 9.107 0.001 9.106 9.03 0 9.029
0.046 0 0.046 0.00899999999999998 0.001 0.011 8.172 0.006 8.175 8.585 0 8.584 8.522 0 8.519
0.045 0.001 0.045 0.011 0 0.011 8.155 0.01 8.164 8.596 0 8.595 8.55 0 8.547
0.053 0 0.053 0.01 0.001 0.011 8.609 0.008 8.616 9.046 0 9.043 8.951 0 8.949
0.053 0 0.053 0.01 0.001 0.011 8.592 0.009 8.6 9.033 0 9.032 8.947 0 8.945
0.046 0 0.046 0.00999999999999998 0 0.01 8.171 0.007 8.176 8.566 0 8.564 8.483 0 8.48
0.054 0.000999999999999994 0.055 0.00900000000000001 0.002 0.011 8.621 0.015 8.634 9.058 0 9.056 8.991 0 8.989
0.053 0 0.053 0.01 0.001 0.011 8.695 0.004 8.697 9.139 0 9.137 9.077 0 9.076
0.045 0.001 0.046 0.011 0 0.011 8.379 0.014 8.391 8.812 0 8.809 8.709 0 8.707
0.052 0 0.052 0.011 0 0.011 8.616 0.011 8.626 8.933 0 8.932 8.902 0 8.903
0.053 0 0.053 0.00900000000000001 0.002 0.011 8.63 0.011 8.639 9.052 0.001 9.052 8.959 0 8.957
0.044 0.000999999999999997 0.045 0.00799999999999998 0.003 0.011 8.198 0.01 8.206 9.012 0 9.009 8.979 0 8.978
0.052 0.001 0.052 0.011 0 0.011 8.604 0.009 8.611 8.972 0 8.969 8.499 0 8.498
0.051 0.001 0.052 0.011 0 0.011 8.642 0.01 8.65 9.056 0 9.054 9.006 0 9.003
0.054 0 0.053 0.011 0 0.01 8.629 0.009 8.636 9.035 0 9.033 8.979 0 8.979
0.049 0.003 0.052 0.011 0.001 0.011 8.686 0.01 8.695 9.11 0.001 9.109 9.017 0 9.015
0.053 0.00199999999999999 0.054 0.011 0 0.012 8.612 0.007 8.617 9.04 0 9.039 8.956 0 8.954
0.051 0.001 0.052 0.011 0 0.011 8.68 0.012 8.69 9.083 0.001 9.081 9.022 0 9.021
0.052 0 0.053 0.01 0.002 0.011 8.624 0.009 8.632 9.043 0 9.041 8.963 0 8.96
0.05 0.000999999999999994 0.051 0.011 0.001 0.012 8.634 0.005 8.637 9.052 0 9.05 8.997 0 8.995
0.054 0 0.053 0.01 0 0.011 8.638 0.011 8.648 9.072 0 9.069 8.976 0 8.975
0.046 0.001 0.047 0.011 0 0.011 8.191 0.007 8.195 8.588 0 8.587 8.49 0 8.488
0.047 0 0.046 0.01 0 0.011 8.168 0.013 8.179 8.567 0 8.565 8.475 0 8.473
0.052 0 0.052 0.011 0 0.011 8.624 0.003 8.625 9.057 0 9.054 8.967 0 8.966
0.051 0.002 0.053 0.011 0 0.012 8.812 0.005 8.814 9.271 0 9.268 9.137 0 9.137
0.046 0 0.047 0.011 0 0.011 8.312 0.01 8.32 9.033 0 9.03 8.969 0 8.968
0.052 0.001 0.053 0.00900000000000001 0.00199999999999999 0.011 8.553 0.008 8.558 8.987 0 8.985 8.688 0 8.687
0.05 0.002 0.052 0.00900000000000001 0.002 0.011 8.445 0.011 8.454 8.903 0 8.899 8.844 0 8.844
0.045 0.001 0.046 0.00899999999999998 0.00199999999999999 0.011 8.123 0.02 8.141 8.55 0 8.548 8.477 0 8.475
0.051 0.001 0.052 0.011 0 0.011 8.59 0.012 8.6 9.035 0 9.032 8.959 0 8.958
0.053 0.001 0.053 0.00999999999999998 0.001 0.011 8.624 0.009 8.63 9.033 0 9.031 8.978 0 8.977
0.076 0.001 0.077 0.014 0.002 0.016 11.726 0.014 11.754 12.357 0 12.373 12.22 0 12.235
0.05 0 0.051 0.01 0.001 0.011 8.621 0.01 8.63 9.065 0 9.061 8.961 0 8.961
0.053 0 0.053 0.011 0 0.011 8.63 0.009 8.638 9.069 0 9.067 8.972 0 8.97
0.051 0.001 0.052 0.011 0 0.011 8.618 0.006 8.622 9.051 0 9.049 8.962 0 8.96
0.052 0.000999999999999994 0.052 0.01 0.001 0.011 8.687 0.013 8.698 9.137 0 9.134 9.021 0 9.02
0.044 0.001 0.046 0.00900000000000001 0.002 0.011 8.352 0.015 8.365 9.063 0 9.061 8.985 0 8.984
0.051 0.001 0.053 0.00999999999999998 0.001 0.01 8.596 0.01 8.604 8.914 0 8.912 8.605 0 8.603
0.055 0 0.055 0.01 0.001 0.011 8.576 0.013 8.587 9.028 0 9.026 8.942 0 8.941
0.053 0 0.052 0.01 0 0.011 8.602 0.014 8.614 9.062 0 9.058 8.967 0 8.966
0.054 0 0.053 0.01 0 0.011 8.599 0.008 8.604 9.014 0 9.012 8.96 0 8.958
0.054 0 0.052 0.011 0 0.011 8.693 0.014 8.706 9.142 0 9.14 9.034 0 9.033
0.054 0 0.055 0.01 0.00199999999999999 0.011 8.678 0.01 8.687 9.115 0 9.112 9.033 0 9.033
0.052 0 0.052 0.01 0.001 0.011 8.571 0.012 8.581 8.999 0 8.998 8.936 0 8.934
0.046 0 0.047 0.01 0 0.01 8.17 0.013 8.181 8.577 0.001 8.576 8.495 0 8.493
0.046 0 0.046 0.00800000000000001 0.002 0.011 8.232 0.014 8.244 8.649 0 8.646 8.575 0 8.573
0.055 0 0.054 0.01 0.001 0.011 8.643 0.011 8.653 9.062 0 9.06 9.01 0 9.008
0.053 0 0.053 0.011 0 0.011 8.605 0.011 8.615 9.038 0 9.035 8.958 0 8.956
0.045 0.001 0.047 0.011 0 0.01 8.208 0.007 8.214 8.601 0 8.599 8.516 0 8.513
0.053 0.001 0.054 0.00900000000000001 0.002 0.011 8.65 0.007 8.656 9.073 0 9.071 9.03 0 9.03
0.05 0.003 0.053 0.01 0.001 0.011 8.616 0.008 8.623 9.041 0 9.038 8.955 0 8.953
0.045 0.001 0.046 0.00899999999999998 0.001 0.01 8.156 0.013 8.167 8.988 0 8.986 8.963 0 8.962
0.052 0.001 0.052 0.01 0.001 0.011 8.593 0.012 8.604 8.969 0 8.965 8.52 0 8.52
0.052 0 0.052 0.011 0 0.011 8.66 0.015 8.672 9.104 0 9.102 9.023 0 9.023
0.052 0.001 0.053 0.011 0 0.011 8.687 0.011 8.696 9.116 0 9.113 9.033 0 9.032
0.051 0.001 0.052 0.00999999999999998 0.001 0.011 8.668 0.011 8.677 9.116 0 9.114 9.021 0 9.02
0.052 0.001 0.054 0.011 0 0.011 8.613 0.01 8.622 9.049 0 9.045 8.963 0 8.964
0.055 0 0.055 0.01 0.000999999999999994 0.011 8.652 0.012 8.668 9.109 0 9.112 9.012 0.001 9.018
0.052 0.001 0.053 0.011 0 0.011 8.632 0.006 8.636 9.09 0.001 9.089 9.008 0 9.006
0.052 0.001 0.053 0.01 0.001 0.011 8.622 0.006 8.626 9.051 0 9.05 8.975 0 8.972
0.051 0.002 0.054 0.011 0 0.011 8.635 0.013 8.645 9.059 0 9.057 8.974 0 8.972
0.053 0.001 0.055 0.00900000000000001 0.00199999999999999 0.011 8.686 0.013 8.696 9.111 0.001 9.11 9.018 0 9.017
0.053 0 0.053 0.00700000000000001 0.003 0.011 8.567 0.00600000000000001 8.57 9.003 0 9.001 8.934 0 8.933
0.053 0.000999999999999994 0.054 0.011 0 0.011 8.68 0.008 8.686 9.108 0 9.105 9.02 0 9.019
0.052 0 0.053 0.01 0.001 0.011 8.635 0.009 8.641 9.064 0.00199999999999999 9.063 8.979 0 8.979
0.045 0.001 0.045 0.00899999999999998 0.002 0.011 8.222 0.008 8.229 9.058 0 9.056 9.016 0 9.014
0.052 0.001 0.053 0.00999999999999998 0.000999999999999994 0.011 8.593 0.011 8.602 8.96 0 8.958 8.483 0 8.481
0.053 0.001 0.054 0.011 0 0.011 8.616 0.007 8.621 9.052 0 9.05 8.967 0 8.966
0.053 0.001 0.053 0.011 0 0.011 8.697 0.00799999999999999 8.704 9.132 0 9.129 9.034 0 9.033
0.046 0.001 0.047 0.011 0 0.011 8.366 0.007 8.371 9.073 0 9.071 8.973 0 8.971
0.053 0 0.053 0.00800000000000001 0.003 0.011 8.609 0.004 8.611 9.05 0 9.048 8.717 0 8.716
0.05 0.001 0.051 0.011 0 0.011 8.466 0.013 8.477 8.922 0 8.921 8.834 0 8.832
0.044 0.001 0.046 0.00900000000000001 0.00199999999999999 0.011 8.173 0.013 8.183 8.592 0 8.591 8.504 0 8.501
0.056 0 0.055 0.01 0.001 0.011 8.737 0.003 8.738 9.069 0 9.067 9.011 0 9.009
0.054 0 0.053 0.011 0 0.011 8.694 0.01 8.702 9.129 0 9.126 9.054 0 9.053
0.046 0 0.046 0.00999999999999998 0.001 0.011 8.194 0.01 8.207 8.98 0 8.984 8.983 0 8.987
0.051 0.000999999999999994 0.052 0.011 0 0.011 8.598 0.01 8.606 8.936 0 8.934 8.529 0 8.529
0.046 0 0.047 0.00999999999999998 0.001 0.01 8.234 0.01 8.242 9.007 0 9.005 9.025 0 9.024
0.051 0.001 0.051 0.01 0.001 0.011 8.604 0.013 8.615 8.942 0 8.939 8.509 0 8.509
0.045 0.001 0.046 0.00999999999999998 0.001 0.011 8.264 0.012 8.274 9.096 0.001 9.095 9.075 0 9.074
0.052 0 0.052 0.011 0 0.011 8.623 0.009 8.629 8.972 0 8.97 8.532 0 8.53
0.046 0 0.046 0.00999999999999998 0 0.011 8.228 0.013 8.238 9.035 0 9.033 9.039 0 9.039
0.05 0.002 0.052 0.01 0.001 0.011 8.62 0.01 8.629 8.843 0 8.84 8.447 0 8.446
0.044 0.001 0.045 0.00999999999999998 0.000999999999999994 0.011 8.178 0.012 8.188 8.979 0 8.977 8.977 0 8.975
0.052 0.001 0.053 0.01 0.001 0.011 8.562 0.013 8.573 8.909 0 8.907 8.481 0 8.478
0.046 0 0.046 0.00899999999999998 0.001 0.011 8.174 0.012 8.184 8.592 0 8.589 8.505 0 8.503
0.051 0 0.051 0.01 0.001 0.011 8.623 0.011 8.632 9.072 0 9.07 8.971 0 8.97
0.052 0.001 0.053 0.011 0 0.011 8.718 0.00899999999999999 8.725 9.156 0 9.153 9.046 0 9.045
0.052 0.001 0.054 0.011 0 0.011 8.713 0.004 8.716 9.127 0 9.126 9.052 0 9.052
0.045 0 0.045 0.011 0 0.011 8.193 0.009 8.2 8.607 0 8.605 8.543 0 8.54
0.053 0 0.053 0.01 0.001 0.011 8.608 0.009 8.615 9.047 0 9.045 8.955 0 8.953
0.052 0 0.052 0.01 0 0.011 8.7 0.003 8.7 9.011 0 9.009 8.929 0 8.927
0.053 0 0.053 0.01 0 0.011 8.584 0.011 8.592 9.024 0 9.022 8.937 0 8.935
0.053 0 0.052 0.01 0.001 0.011 8.592 0.00899999999999999 8.599 9.021 0 9.018 8.935 0 8.935
0.05 0.004 0.054 0.01 0.001 0.011 8.605 0.012 8.615 9.022 0 9.019 8.954 0 8.953
0.045 0.002 0.047 0.011 0 0.011 8.225 0.005 8.228 8.628 0.001 8.627 8.553 0 8.551
0.046 0 0.046 0.01 0.001 0.011 8.213 0.007 8.218 8.633 0.001 8.632 8.546 0 8.543
0.046 0 0.046 0.00999999999999998 0 0.01 8.164 0.007 8.169 8.604 0.001 8.604 8.559 0 8.555
0.046 0 0.047 0.011 0 0.01 8.216 0.011 8.226 8.59 0 8.588 8.54 0 8.538
0.045 0 0.046 0.00899999999999998 0.002 0.011 8.163 0.008 8.168 8.586 0 8.585 8.525 0 8.523
0.046 0 0.046 0.011 0 0.011 8.179 0.014 8.191 8.626 0 8.624 8.576 0 8.575
0.045 0 0.045 0.00999999999999998 0.001 0.011 8.213 0.006 8.217 8.651 0 8.649 8.566 0 8.564
0.045 0.001 0.046 0.00999999999999998 0.001 0.011 8.202 0.009 8.208 8.607 0 8.606 8.564 0 8.561
0.044 0.002 0.047 0.011 0 0.01 8.246 0.008 8.254 8.658 0 8.654 8.591 0 8.59
0.044 0.00199999999999999 0.046 0.00999999999999998 0 0.01 8.189 0.004 8.191 8.617 0 8.615 8.518 0 8.516
0.044 0 0.046 0.011 0 0.01 8.187 0.012 8.197 9.016 0 9.014 8.995 0 8.993
0.052 0 0.052 0.00800000000000001 0.002 0.011 8.575 0.01 8.583 8.961 0 8.959 8.484 0 8.482
0.051 0.001 0.052 0.012 0 0.011 8.647 0.008 8.653 9.097 0 9.095 9.016 0 9.014
0.053 0 0.053 0.011 0 0.011 8.602 0.011 8.611 9.037 0 9.035 8.967 0 8.965
0.045 0.002 0.047 0.011 0 0.011 8.456 0.011 8.465 9.137 0.001 9.136 9.053 0 9.052
0.052 0 0.052 0.011 0 0.011 8.471 0.005 8.474 8.913 0 8.911 8.833 0 8.83
0.052 0.001 0.053 0.01 0 0.01 8.599 0.008 8.605 8.909 0 8.908 8.642 0 8.639
0.045 0 0.045 0.00999999999999998 0.001 0.011 8.149 0.008 8.154 8.542 0 8.541 8.463 0 8.461
0.054 0.001 0.054 0.01 0.000999999999999994 0.011 8.632 0.014 8.644 9.059 0 9.057 8.977 0 8.975
0.052 0.001 0.053 0.01 0.001 0.011 8.581 0.01 8.588 9.04 0 9.039 8.966 0 8.964
0.045 0 0.045 0.011 0 0.011 8.183 0.011 8.193 8.537 0 8.535 8.462 0 8.46
0.046 0 0.046 0.011 0 0.01 8.246 0.011 8.256 8.673 0 8.672 8.598 0 8.595
0.045 0.001 0.046 0.011 0 0.011 8.282 0.007 8.287 8.71 0 8.708 8.643 0 8.641
0.046 0 0.046 0.011 0 0.011 8.215 0.008 8.222 8.667 0 8.665 8.591 0 8.589
0.046 0 0.046 0.00900000000000001 0.001 0.011 8.189 0.007 8.193 8.595 0.001 8.594 8.52 0 8.518
0.046 0 0.046 0.00999999999999998 0 0.011 8.146 0.00899999999999999 8.152 8.583 0.001 8.582 8.502 0 8.5
0.046 0 0.045 0.00999999999999998 0 0.011 8.197 0.006 8.2 8.585 0 8.583 8.524 0 8.522
0.045 0.000999999999999994 0.046 0.011 0 0.01 8.188 0.013 8.199 8.601 0 8.601 8.543 0 8.54
0.046 0 0.046 0.00899999999999998 0.001 0.011 8.117 0.00899999999999999 8.123 8.557 0 8.555 8.497 0 8.496
0.046 0 0.046 0.00900000000000001 0.001 0.01 8.172 0.006 8.176 8.594 0 8.592 8.514 0 8.512
