0.04 0.00199999999999999 0.042 0.018 0 0.018 10.629 0.015 10.641 11.664 0 11.662 11.577 0 11.575
0.039 0.006 0.045 0.016 0.002 0.018 11.168 0.014 11.179 11.835 0 11.833 11.789 0 11.786
0.045 0.001 0.046 0.016 0.00199999999999999 0.018 11.042 0.011 11.049 11.741 0 11.74 11.691 0 11.688
0.046 0.002 0.047 0.018 0 0.019 11.43 0.00600000000000001 11.432 11.867 0 11.875 11.7 0 11.705
0.041 0.005 0.046 0.018 0 0.018 11.37 0.011 11.379 12.132 0.001 12.129 12.053 0 12.052
0.041 0.005 0.0449999999999999 0.017 0.001 0.018 11.225 0.008 11.23 11.925 0.002 11.925 11.892 0 11.889
0.042 0.004 0.0459999999999999 0.015 0.003 0.019 11.272 0.011 11.28 11.998 0 11.994 11.918 0 11.917
0.04 0.002 0.041 0.017 0 0.018 10.512 0.011 10.526 11.685 0 11.69 11.482 0 11.483
0.043 0.00199999999999999 0.046 0.017 0.002 0.018 10.955 0.013 10.966 11.698 0 11.698 11.179 0 11.18
0.04 0.007 0.047 0.017 0.001 0.018 11.114 0.008 11.12 11.833 0 11.831 11.772 0 11.77
0.049 0 0.048 0.018 0 0.019 11.176 0.019 11.192 11.914 0 11.911 11.901 0 11.899
0.044 0.002 0.046 0.018 0 0.018 11.128 0.011 11.136 11.833 0 11.83 11.811 0 11.809
0.048 0.001 0.048 0.018 0 0.019 11.521 0.009 11.527 12.019 0 12.024 11.765 0 11.773
0.04 0.005 0.045 0.018 0 0.018 11.152 0.011 11.16 11.882 0 11.88 11.841 0 11.837
0.045 0.002 0.047 0.018 0 0.018 11.028 0.013 11.037 11.791 0 11.788 11.732 0 11.73
0.039 0.002 0.041 0.018 0 0.018 10.72 0.01 10.727 11.617 0.001 11.616 11.591 0.001 11.588
0.037 0.004 0.041 0.015 0.003 0.017 10.674 0.01 10.682 11.442 0 11.438 11.369 0 11.368
0.042 0.003 0.045 0.017 0.001 0.018 11.137 0.011 11.145 11.778 0.001 11.777 11.758 0 11.755
0.044 0.004 0.049 0.018 0 0.017 11.158 0.01 11.165 11.809 0 11.807 11.765 0 11.762
0.036 0.006 0.042 0.015 0.002 0.017 11.157 0.014 11.168 11.916 0 11.914 11.817 0 11.815
0.037 0.004 0.041 0.016 0.002 0.018 10.668 0.013 10.678 11.448 0 11.446 11.383 0 11.381
0.041 0.001 0.041 0.015 0.002 0.018 10.676 0.015 10.687 11.938 0.00199999999999999 11.939 11.863 0 11.861
0.044 0.002 0.046 0.018 0 0.018 11.29 0.013 11.301 12.027 0 12.023 11.598 0 11.596
0.038 0.003 0.041 0.017 0 0.017 10.495 0.012 10.503 11.453 0 11.451 11.681 0 11.679
0.039 0.00199999999999999 0.041 0.017 0 0.018 10.721 0.012 10.729 11.521 0 11.519 11.725 0 11.722
0.044 0.002 0.046 0.016 0.00199999999999999 0.018 11.17 0.01 11.177 11.896 0 11.893 11.816 0 11.815
0.045 0.003 0.048 0.017 0.001 0.018 11.05 0.01 11.057 11.693 0 11.691 11.664 0 11.662
0.042 0.003 0.046 0.018 0 0.018 10.985 0.009 10.991 11.492 0 11.49 11.396 0 11.394
0.045 0.001 0.046 0.018 0 0.018 10.983 0.013 10.993 11.446 0 11.443 11.384 0 11.382
0.039 0.003 0.041 0.016 0.001 0.018 11.474 0.011 11.482 13.056 0.001 13.054 12.928 0 12.924
0.045 0.001 0.046 0.018 0 0.018 11.15 0.014 11.16 11.947 0 11.946 11.608 0 11.605
0.038 0.004 0.041 0.018 0 0.018 11.158 0.009 11.164 11.889 0.001 11.889 11.848 0 11.845
0.04 0.000999999999999997 0.041 0.015 0.002 0.018 10.555 0.01 10.562 11.422 0 11.42 11.366 0 11.363
0.039 0.003 0.042 0.018 0 0.018 11.977 0.014 11.988 13.001 0.001 12.999 12.965 0 12.962
0.045 0.001 0.047 0.015 0.003 0.018 11.218 0.01 11.224 11.904 0 11.903 11.825 0 11.822
0.039 0.003 0.042 0.017 0 0.018 10.788 0.009 10.795 11.624 0 11.621 11.539 0 11.537
0.037 0.005 0.042 0.017 0 0.017 10.579 0.011 10.587 11.534 0.001 11.533 11.484 0 11.482
0.041 0.004 0.045 0.017 0.001 0.018 11.395 0.007 11.399 12.084 0.001 12.083 11.992 0 11.989
0.043 0.002 0.045 0.016 0.00199999999999999 0.018 11.074 0.012 11.083 11.785 0 11.783 11.721 0 11.719
0.04 0.001 0.042 0.017 0.001 0.017 10.943 0.007 10.947 11.702 0 11.699 11.613 0 11.611
0.037 0.004 0.041 0.017 0.001 0.018 10.393 0.014 10.404 11.374 0 11.371 11.299 0 11.298
0.035 0.007 0.042 0.014 0.003 0.017 10.545 0.011 10.553 11.798 0 11.796 11.754 0 11.752
0.041 0.005 0.046 0.017 0.001 0.018 11.133 0.011 11.14 11.885 0 11.883 11.476 0 11.474
0.042 0 0.041 0.016 0.00199999999999999 0.018 10.778 0.009 10.785 11.79 0.004 11.792 11.725 0 11.722
0.038 0.003 0.041 0.018 0 0.017 10.696 0.014 10.709 11.586 0 11.583 11.518 0 11.516
0.037 0.004 0.042 0.016 0.002 0.017 10.285 0.011 10.294 11.332 0 11.329 11.277 0 11.275
0.037 0.004 0.042 0.015 0.002 0.017 10.382 0.008 10.387 11.305 0 11.303 11.245 0 11.243
0.041 0.002 0.043 0.017 0 0.017 10.741 0.007 10.745 11.695 0 11.693 11.668 0 11.665
0.036 0.005 0.042 0.016 0.00199999999999999 0.017 10.429 0.011 10.437 11.414 0 11.413 11.364 0 11.36
0.041 0.002 0.044 0.018 0 0.018 11.653 0.007 11.657 12.352 0 12.349 12.262 0 12.26
0.041 0.001 0.042 0.017 0.001 0.017 10.51 0.011 10.519 11.398 0 11.396 11.358 0 11.355
0.037 0.005 0.042 0.015 0.002 0.017 10.856 0.005 10.858 11.746 0 11.745 11.768 0 11.765
0.037 0.004 0.042 0.016 0.002 0.017 10.607 0.012 10.616 11.488 0 11.487 11.682 0 11.679
0.041 0.002 0.043 0.018 0 0.018 10.424 0.015 10.436 11.31 0 11.307 11.227 0 11.226
0.042 0.001 0.043 0.015 0.003 0.017 10.793 0.013 10.804 11.535 0 11.533 11.453 0 11.451
0.044 0.00199999999999999 0.045 0.017 0.001 0.018 10.578 0.008 10.584 11.369 0 11.366 11.291 0 11.289
0.043 0.003 0.045 0.016 0.00199999999999999 0.018 11.024 0.012 11.033 11.468 0 11.467 11.385 0 11.381
0.038 0.004 0.043 0.018 0 0.017 10.73 0.014 10.742 11.606 0.002 11.605 11.565 0 11.563
0.037 0.004 0.041 0.015 0.00199999999999999 0.018 10.901 0.012 10.91 11.721 0 11.718 11.623 0 11.621
0.038 0.003 0.041 0.016 0.00199999999999999 0.018 10.703 0.01 10.711 11.452 0 11.45 11.4 0 11.396
0.039 0.002 0.041 0.014 0.004 0.018 10.642 0.008 10.647 11.53 0 11.528 11.439 0 11.437
0.039 0.003 0.042 0.017 0.001 0.017 10.739 0.006 10.743 11.479 0 11.477 11.404 0 11.401
0.036 0.006 0.042 0.013 0.005 0.018 10.566 0.014 10.577 11.405 0 11.404 11.494 0 11.491
0.039 0.00199999999999999 0.042 0.016 0.002 0.017 10.509 0.009 10.515 11.465 0 11.463 11.408 0 11.406
0.038 0.003 0.041 0.016 0.00199999999999999 0.018 11.05 0.012 11.059 11.943 0 11.94 12.177 0 12.175
0.042 0 0.043 0.017 0.001 0.017 10.992 0.00899999999999999 10.998 11.909 0 11.908 11.785 0 11.781
0.044 0.00199999999999999 0.045 0.016 0.002 0.018 10.927 0.008 10.932 11.691 0 11.689 11.614 0 11.612
0.037 0.005 0.041 0.016 0.001 0.018 10.707 0.015 10.72 11.483 0 11.479 11.405 0 11.404
0.044 0.002 0.046 0.017 0.001 0.018 10.832 0.008 10.836 11.586 0.002 11.586 11.509 0 11.508
0.041 0 0.042 0.017 0 0.017 10.413 0.015 10.425 11.203 0 11.201 11.146 0 11.145
0.038 0.004 0.042 0.014 0.003 0.017 10.528 0.018 10.542 11.404 0 11.402 11.368 0 11.366
0.036 0.005 0.041 0.018 0 0.018 10.702 0.016 10.715 11.737 0 11.734 11.631 0 11.629
0.039 0.003 0.042 0.015 0.002 0.017 10.317 0.007 10.321 11.402 0.007 11.407 11.396 0 11.393
0.039 0.003 0.042 0.016 0.001 0.018 10.417 0.004 10.418 11.514 0.001 11.513 11.468 0 11.465
0.04 0.002 0.042 0.016 0.00199999999999999 0.017 10.703 0.013 10.714 11.673 0 11.671 11.73 0 11.726
0.04 0.00199999999999999 0.042 0.018 0 0.017 11.162 0.005 11.165 11.926 0 11.923 11.877 0 11.874
0.038 0.005 0.042 0.017 0 0.018 10.774 0.007 10.778 11.567 0.00199999999999999 11.567 11.507 0 11.505
0.038 0.005 0.043 0.016 0.001 0.017 10.833 0.01 10.84 11.653 0 11.651 11.55 0 11.548
0.041 0.005 0.046 0.014 0.004 0.018 10.833 0.015 10.846 11.486 0 11.483 11.434 0 11.432
0.041 0.001 0.042 0.016 0.002 0.018 10.966 0.013 10.976 11.799 0 11.797 11.758 0 11.756
0.041 0.001 0.042 0.018 0 0.018 11.711 0.009 11.716 12.422 0 12.42 12.344 0 12.342
0.036 0.006 0.041 0.016 0.001 0.018 10.424 0.017 10.438 11.357 0 11.355 11.278 0 11.276
0.037 0.004 0.041 0.014 0.003 0.018 10.546 0.013 10.556 11.314 0.002 11.313 11.255 0 11.254
0.041 0 0.042 0.015 0.003 0.017 10.613 0.016 10.626 11.41 0 11.408 11.335 0 11.333
0.039 0.002 0.041 0.017 0.000999999999999994 0.018 10.679 0.011 10.688 11.487 0 11.484 11.435 0 11.433
0.038 0.005 0.043 0.016 0.001 0.017 10.649 0.012 10.658 11.522 0.001 11.521 11.472 0 11.47
0.037 0.004 0.041 0.016 0.001 0.017 10.504 0.013 10.513 11.422 0 11.421 11.362 0 11.359
0.039 0.002 0.041 0.016 0.002 0.017 10.4 0.012 10.409 11.349 0.001 11.348 11.298 0 11.295
0.037 0.005 0.042 0.015 0.002 0.018 10.452 0.004 10.452 11.553 0.004 11.556 11.527 0 11.524
0.037 0.004 0.042 0.017 0.001 0.017 10.803 0.014 10.815 11.658 0 11.655 11.595 0 11.593
0.037 0.004 0.041 0.016 0.001 0.018 10.379 0.00899999999999999 10.384 11.469 0 11.468 11.728 0 11.725
0.045 0.001 0.046 0.018 0 0.018 11.259 0.01 11.266 12.012 0.001 12.01 11.976 0 11.974
0.043 0.003 0.046 0.018 0 0.018 11.493 0.009 11.499 12.16 0 12.157 12.126 0 12.124
0.042 0.002 0.044 0.018 0 0.018 10.751 0.014 10.762 11.509 0 11.507 11.426 0 11.424
0.045 0.001 0.046 0.015 0.003 0.019 11.525 0.009 11.53 11.939 0.001 11.937 11.876 0 11.874
0.041 0.004 0.046 0.017 0.00199999999999999 0.018 11.276 0.012 11.285 11.995 0 11.992 11.901 0 11.899
0.041 0.005 0.046 0.016 0.002 0.018 11.173 0.012 11.182 11.883 0 11.881 11.806 0 11.804
0.037 0.004 0.042 0.016 0.002 0.017 10.676 0.008 10.682 11.507 0.001 11.505 11.442 0 11.44
0.041 0.001 0.041 0.016 0.001 0.017 10.859 0.01 10.866 11.673 0 11.671 11.618 0 11.615
0.038 0.003 0.042 0.017 0.001 0.017 10.888 0.011 10.896 11.749 0 11.754 11.535 0 11.542
0.044 0.001 0.045 0.017 0.001 0.018 11.005 0.013 11.016 11.688 0 11.684 11.482 0 11.481
0.042 0 0.042 0.014 0.003 0.017 10.629 0.012 10.64 11.244 0.001 11.241 11.183 0 11.182
0.037 0.004 0.042 0.018 0 0.017 10.746 0.011 10.754 11.495 0 11.493 11.594 0 11.592
0.041 0.004 0.045 0.016 0.003 0.019 11.167 0.015 11.184 11.707 0 11.709 11.562 0 11.565
0.043 0.003 0.046 0.016 0.003 0.018 11.201 0.005 11.204 11.839 0.007 11.844 11.797 0 11.795
0.039 0.004 0.043 0.018 0 0.018 10.541 0.009 10.547 11.415 0 11.413 11.332 0 11.33
0.044 0.002 0.046 0.018 0 0.018 11.014 0.011 11.022 11.629 0 11.626 11.59 0.001 11.589
0.039 0.002 0.041 0.016 0.002 0.018 10.818 0.016 10.831 11.85 0.001 11.849 11.798 0 11.795
0.041 0.005 0.046 0.017 0.001 0.018 11.147 0.009 11.151 11.793 0 11.792 11.556 0 11.553
0.04 0.006 0.046 0.016 0.002 0.018 11.243 0.004 11.243 11.929 0.00600000000000001 11.933 11.888 0 11.886
0.043 0.003 0.046 0.017 0.001 0.018 11.356 0.017 11.37 12.019 0.001 12.017 11.964 0 11.963
0.037 0.004 0.042 0.017 0 0.018 10.782 0.013 10.791 11.68 0 11.677 11.649 0 11.648
0.039 0.002 0.041 0.017 0.001 0.018 10.704 0.018 10.719 11.515 0 11.513 11.439 0 11.437
0.038 0.003 0.042 0.018 0 0.017 10.719 0.009 10.726 11.602 0.001 11.6 11.523 0 11.521
0.041 0.005 0.046 0.016 0.002 0.018 11.125 0.01 11.133 11.829 0 11.827 11.756 0.001 11.754
0.042 0.004 0.045 0.018 0 0.019 10.996 0.012 11.004 11.656 0 11.653 11.609 0 11.607
0.04 0.003 0.043 0.016 0.001 0.017 11.555 0.007 11.559 12.341 0.001 12.339 12.239 0 12.237
0.039 0.002 0.041 0.018 0 0.018 10.616 0.01 10.623 11.318 0 11.316 11.259 0 11.256
0.038 0.003 0.042 0.015 0.003 0.017 10.587 0.007 10.591 11.559 0 11.557 11.474 0 11.472
0.041 0.005 0.046 0.018 0 0.018 11.114 0.009 11.12 11.905 0 11.902 11.817 0 11.814
0.039 0.003 0.042 0.016 0.00199999999999999 0.018 11.011 0.014 11.022 11.899 0 11.895 11.844 0 11.842
0.04 0.006 0.046 0.016 0.003 0.018 11.163 0.00700000000000001 11.168 11.756 0.004 11.758 11.783 0 11.78
0.039 0.00199999999999999 0.042 0.014 0.004 0.017 10.931 0.009 10.938 11.731 0 11.729 11.678 0 11.675
0.042 0.004 0.045 0.016 0.002 0.018 11.26 0.007 11.265 11.936 0.006 11.938 11.866 0 11.865
0.045 0 0.045 0.019 0 0.018 11.253 0.008 11.258 11.943 0.001 11.941 11.876 0 11.875
0.042 0.004 0.046 0.016 0.002 0.018 11.058 0.006 11.061 11.774 0 11.771 11.705 0 11.702
0.043 0.003 0.045 0.018 0 0.018 11.191 0.012 11.201 12.014 0 12.012 11.947 0 11.945
0.043 0.003 0.045 0.014 0.004 0.018 11.264 0.012 11.273 12.013 0 12.012 11.726 0 11.723
0.039 0.003 0.042 0.014 0.004 0.018 10.539 0.013 10.549 11.512 0 11.51 11.438 0 11.436
0.038 0.004 0.042 0.015 0.003 0.018 10.919 0.00899999999999999 10.925 11.702 0 11.699 11.625 0 11.623
0.039 0.004 0.042 0.016 0.000999999999999994 0.017 11.04 0.013 11.051 11.694 0 11.691 11.404 0 11.402
0.041 0.004 0.046 0.016 0.002 0.018 10.979 0.013 10.988 11.71 0 11.709 11.67 0 11.667
0.046 0 0.046 0.018 0.000999999999999994 0.018 11.006 0.013 11.017 11.73 0 11.728 11.352 0 11.349
0.042 0.001 0.042 0.016 0.00199999999999999 0.018 11.123 0.011 11.131 12.021 0 12.018 11.816 0 11.813
0.039 0.003 0.042 0.017 0.001 0.017 10.743 0.008 10.748 11.844 0.002 11.845 11.791 0 11.789
0.04 0.006 0.046 0.015 0.003 0.018 11.093 0.01 11.1 11.878 0.002 11.877 11.416 0 11.414
0.044 0.003 0.047 0.017 0.001 0.018 11.2 0.009 11.206 11.977 0 11.974 11.89 0 11.889
0.047 0.000999999999999994 0.048 0.018 0.001 0.018 11.418 0.007 11.423 12.113 0.001 12.11 12.079 0 12.078
0.043 0.003 0.046 0.019 0 0.018 11.253 0.003 11.254 11.993 0.002 11.992 11.984 0.001 11.982
0.045 0.000999999999999994 0.045 0.017 0.001 0.018 10.924 0.009 10.931 11.694 0 11.692 11.606 0 11.602
0.043 0.003 0.046 0.018 0 0.018 11.6 0.012 11.608 12.333 0 12.331 12.257 0.001 12.255
0.04 0.001 0.041 0.013 0.005 0.018 11.121 0.015 11.134 11.568 0 11.566 11.518 0 11.514
0.038 0.003 0.042 0.015 0.003 0.017 10.41 0.014 10.421 11.399 0 11.397 11.312 0 11.31
0.044 0.002 0.045 0.015 0.003 0.018 10.962 0.008 10.968 11.711 0 11.707 11.625 0 11.623
0.038 0.004 0.042 0.015 0.002 0.017 10.86 0.007 10.864 11.892 0 11.89 11.876 0 11.873
0.043 0.003 0.046 0.018 0 0.018 11.164 0.005 11.166 11.9 0 11.896 11.672 0 11.671
0.043 0.003 0.046 0.016 0.00199999999999999 0.018 11.552 0.011 11.56 12.352 0.001 12.35 12.254 0 12.253
0.04 0.005 0.045 0.017 0.00199999999999999 0.018 10.944 0.008 10.95 11.715 0.005 11.718 11.604 0 11.602
0.044 0.00199999999999999 0.045 0.017 0.001 0.018 11.104 0.009 11.111 11.827 0 11.825 11.794 0 11.79
0.041 0.005 0.046 0.017 0.001 0.018 11.231 0.013 11.241 11.939 0.00199999999999999 11.939 11.893 0 11.89
0.044 0.001 0.046 0.018 0.001 0.018 11.178 0.014 11.19 11.956 0.001 11.954 11.885 0 11.882
0.043 0.003 0.047 0.019 0 0.018 11.262 0.011 11.271 11.941 0.001 11.939 11.873 0 11.871
0.043 0.002 0.046 0.019 0 0.018 11.054 0.006 11.058 11.783 0 11.781 11.727 0 11.724
0.045 0.000999999999999994 0.046 0.017 0.001 0.018 11.036 0.00700000000000001 11.04 11.801 0.004 11.804 11.788 0 11.784
0.038 0.003 0.042 0.014 0.003 0.017 10.492 0.014 10.502 11.253 0 11.251 11.201 0 11.2
0.036 0.005 0.041 0.017 0 0.017 10.648 0.013 10.658 11.637 0.001 11.636 11.583 0 11.581
0.044 0.002 0.046 0.015 0.003 0.018 12.22 0.008 12.224 12.94 0 12.939 12.394 0 12.39
0.042 0.004 0.046 0.019 0 0.018 11.028 0.012 11.037 11.747 0 11.746 11.666 0 11.662
0.043 0.003 0.045 0.014 0.004 0.019 11.285 0.013 11.295 11.964 0 11.961 11.9 0 11.899
0.042 0.00600000000000001 0.048 0.018 0 0.018 11.65 0.01 11.657 12.399 0.002 12.399 12.35 0 12.347
0.043 0.003 0.045 0.017 0.000999999999999994 0.019 11.67 0.011 11.678 12.468 0 12.466 12.269 0 12.265
0.043 0.002 0.045 0.017 0.001 0.018 10.949 0.011 10.958 11.951 0 11.949 11.691 0 11.688
0.038 0.004 0.042 0.017 0 0.018 10.591 0.006 10.593 11.843 0 11.841 11.785 0 11.783
0.043 0.003 0.046 0.018 0 0.019 11.183 0.01 11.189 11.977 0.001 11.976 11.574 0 11.571
0.04 0.005 0.045 0.017 0.001 0.018 11.489 0.012 11.498 12.243 0.003 12.244 12.178 0 12.175
0.041 0.000999999999999994 0.042 0.016 0.002 0.018 10.892 0.008 10.898 11.946 0.001 11.944 11.876 0 11.874
0.044 0.004 0.048 0.017 0.002 0.018 11.1 0.011 11.109 11.842 0 11.84 11.781 0 11.779
0.042 0.003 0.046 0.018 0 0.018 11.124 0.008 11.129 11.832 0 11.828 11.786 0 11.784
0.04 0.006 0.046 0.017 0.001 0.018 11.076 0.013 11.086 11.825 0 11.822 11.777 0 11.774
0.044 0.002 0.045 0.014 0.004 0.019 10.995 0.012 11.004 11.766 0 11.764 11.712 0 11.709
0.045 0 0.045 0.017 0.001 0.018 11.158 0.01 11.165 11.834 0.001 11.832 11.802 0 11.8
0.042 0.003 0.045 0.016 0.002 0.018 11.117 0.016 11.13 11.848 0 11.845 11.845 0 11.844
0.043 0.00199999999999999 0.045 0.016 0.002 0.018 10.999 0.012 11.009 11.76 0 11.757 11.794 0 11.792
0.044 0.002 0.045 0.017 0.001 0.019 11.236 0.009 11.242 11.898 0.000999999999999994 11.896 11.812 0 11.81
0.045 0.001 0.046 0.017 0.000999999999999994 0.018 11.257 0.016 11.27 11.932 0 11.93 11.883 0 11.88
0.041 0.005 0.045 0.016 0.00199999999999999 0.018 11.115 0.01 11.123 11.861 0 11.859 11.788 0 11.786
0.046 0.00199999999999999 0.048 0.018 0.001 0.018 11.074 0.014 11.085 11.824 0.001 11.824 11.76 0 11.757
0.043 0.003 0.046 0.018 0 0.018 11.27 0.004 11.271 11.901 0.003 11.901 11.834 0 11.833
0.038 0.005 0.043 0.016 0.001 0.017 10.532 0.005 10.534 11.594 0.007 11.599 11.568 0 11.566
0.039 0.002 0.041 0.015 0.002 0.018 10.642 0.01 10.648 11.749 0.00199999999999999 11.749 11.715 0 11.712
0.041 0.004 0.045 0.017 0.001 0.018 11.075 0.013 11.085 11.88 0.001 11.877 11.433 0 11.432
0.044 0.002 0.046 0.016 0.003 0.018 11.241 0.014 11.252 12.046 0.001 12.045 11.977 0 11.974
0.041 0.004 0.045 0.016 0.002 0.018 11.132 0.004 11.132 11.841 0.005 11.845 11.765 0.001 11.762
0.038 0.007 0.044 0.015 0.003 0.019 10.983 0.009 10.988 11.744 0 11.743 11.696 0 11.692
0.043 0.003 0.046 0.017 0.002 0.019 11.258 0.009 11.263 12.05 0 12.048 11.967 0 11.965
0.045 0 0.046 0.016 0.002 0.018 10.87 0.004 10.872 11.759 0.002 11.759 11.56 0 11.557
0.039 0.002 0.041 0.013 0.004 0.017 10.783 0.016 10.796 11.901 0 11.898 11.839 0 11.837
0.043 0.003 0.046 0.016 0.00199999999999999 0.018 11.188 0.012 11.197 11.934 0 11.932 11.518 0 11.516
0.045 0.001 0.045 0.018 0 0.018 11.141 0.013 11.152 11.837 0 11.834 11.835 0 11.833
0.036 0.00600000000000001 0.042 0.017 0 0.018 10.789 0.005 10.791 11.628 0 11.625 11.549 0 11.547
0.044 0.003 0.047 0.018 0.001 0.019 11.078 0.014 11.089 11.875 0 11.874 11.834 0 11.83
0.042 0.003 0.046 0.015 0.004 0.018 11.186 0.013 11.197 11.946 0 11.943 11.876 0 11.873
0.039 0.006 0.045 0.015 0.003 0.018 10.783 0.014 10.794 11.585 0 11.583 11.538 0 11.535
0.041 0.005 0.046 0.016 0.002 0.018 11.16 0.011 11.169 11.795 0.00199999999999999 11.797 11.576 0 11.581
0.043 0.003 0.046 0.016 0.002 0.018 11.19 0.012 11.199 12.018 0 12.016 11.955 0.001 11.954
0.044 0.001 0.045 0.017 0.001 0.019 11.074 0.012 11.082 11.801 0 11.799 11.755 0 11.753
0.043 0.003 0.046 0.017 0.001 0.018 10.835 0.011 10.844 11.605 0 11.602 11.644 0 11.641
0.044 0.002 0.046 0.018 0 0.019 10.948 0.017 10.971 11.639 0.005 11.648 11.574 0.00199999999999999 11.579
0.043 0.003 0.046 0.017 0.001 0.018 11.228 0.013 11.238 11.884 0 11.882 11.839 0 11.836
0.043 0.002 0.045 0.018 0.001 0.018 10.895 0.00799999999999999 10.9 11.73 0 11.727 11.358 0 11.357
0.04 0.001 0.041 0.017 0.000999999999999994 0.017 10.696 0.017 10.711 11.483 0 11.48 11.582 0 11.58
0.037 0.005 0.042 0.014 0.003 0.018 10.717 0.013 10.726 11.534 0 11.532 11.644 0 11.641
0.039 0.002 0.042 0.018 0 0.018 10.629 0.016 10.642 11.405 0.00199999999999999 11.405 11.338 0 11.335
0.044 0.001 0.045 0.018 0 0.018 11.165 0.009 11.171 11.885 0 11.882 11.827 0 11.825
0.046 0.000999999999999994 0.046 0.016 0.002 0.018 11.433 0.009 11.439 12.129 0 12.127 12.078 0 12.076
0.038 0.004 0.042 0.014 0.003 0.018 11.226 0.013 11.235 11.883 0 11.881 11.877 0 11.875
0.039 0.005 0.045 0.017 0.002 0.018 10.981 0.007 10.991 11.579 0.001 11.585 11.403 0 11.403
0.043 0.003 0.046 0.017 0.002 0.018 11.232 0.008 11.238 11.978 0.001 11.976 11.812 0 11.812
0.043 0.003 0.046 0.017 0.002 0.019 11.498 0.01 11.505 12.284 0 12.282 12.209 0 12.207
0.046 0.002 0.048 0.018 0.000999999999999994 0.019 13.224 0.009 13.23 13.703 0 13.699 13.65 0 13.648
0.04 0.006 0.046 0.017 0.001 0.018 11.1 0.011 11.108 11.662 0 11.66 11.604 0.001 11.604
0.047 0.001 0.048 0.018 0.001 0.019 11.522 0.013 11.532 12.276 0 12.273 12.248 0 12.246
0.039 0.003 0.043 0.015 0.00199999999999999 0.017 10.756 0.014 10.767 11.563 0 11.562 11.515 0 11.513
0.036 0.006 0.042 0.017 0 0.017 10.845 0.007 10.848 11.985 0 11.984 11.901 0 11.897
0.041 0.005 0.046 0.019 0 0.018 11.399 0.00899999999999999 11.405 12.077 0.002 12.077 11.691 0 11.689
0.037 0.007 0.043 0.016 0.001 0.018 11.122 0.009 11.128 11.945 0 11.943 11.829 0 11.826
0.036 0.006 0.042 0.017 0 0.017 10.857 0.009 10.862 11.878 0 11.877 11.841 0 11.839
0.041 0.004 0.046 0.018 0.001 0.018 10.998 0.013 11.008 11.745 0 11.743 11.515 0 11.512
0.038 0.004 0.042 0.016 0.001 0.018 11.667 0.009 11.671 12.383 0 12.381 12.307 0 12.304
0.042 0.004 0.045 0.017 0.000999999999999994 0.019 10.995 0.013 11.004 11.884 0 11.882 11.835 0 11.831
0.045 0.001 0.046 0.014 0.004 0.018 11.148 0.015 11.16 11.965 0.001 11.963 11.825 0 11.823
0.045 0 0.045 0.015 0.003 0.018 11.191 0.008 11.196 11.979 0.003 11.98 11.906 0 11.904
0.042 0.004 0.046 0.017 0.001 0.019 11.323 0.009 11.329 12.079 0 12.077 11.974 0 11.971
0.039 0.00199999999999999 0.042 0.016 0.002 0.017 10.8 0.006 10.803 11.411 0.001 11.409 11.352 0 11.351
0.038 0.003 0.042 0.014 0.003 0.017 10.471 0.012 10.481 11.384 0 11.381 11.315 0 11.313
0.04 0.00199999999999999 0.041 0.017 0 0.018 10.53 0.009 10.536 11.401 0 11.399 11.31 0 11.308
0.038 0.004 0.042 0.016 0.001 0.017 11.096 0.009 11.102 12.182 0 12.18 12.106 0 12.103
0.044 0.002 0.046 0.017 0.000999999999999994 0.018 11.614 0.009 11.62 12.326 0 12.323 12.096 0 12.094
0.041 0.005 0.046 0.017 0.000999999999999994 0.019 11.004 0.017 11.017 11.847 0 11.846 11.851 0 11.848
0.038 0.006 0.044 0.018 0.001 0.019 11.26 0.014 11.271 11.971 0 11.968 11.936 0 11.934
0.044 0.001 0.045 0.018 0.001 0.019 11.056 0.011 11.064 11.741 0 11.739 11.698 0 11.697
0.039 0.003 0.042 0.016 0.001 0.017 10.914 0.008 10.919 11.876 0 11.874 11.765 0 11.763
0.037 0.004 0.041 0.016 0.001 0.018 10.547 0.014 10.558 11.423 0 11.42 11.359 0 11.358
0.044 0.002 0.046 0.017 0.001 0.018 11.163 0.01 11.171 11.927 0.003 11.927 11.863 0 11.86
0.038 0.003 0.042 0.016 0.002 0.017 10.803 0.012 10.812 11.56 0 11.558 11.506 0 11.504
0.04 0.001 0.041 0.016 0.002 0.018 10.482 0.013 10.492 11.567 0.001 11.565 11.53 0 11.528
0.044 0.002 0.046 0.017 0.001 0.018 11.223 0.007 11.226 11.99 0.002 11.991 11.569 0 11.566
0.04 0.003 0.042 0.016 0.001 0.017 11.211 0.016 11.224 11.926 0 11.925 11.856 0.001 11.853
0.04 0.002 0.042 0.015 0.003 0.017 10.714 0.015 10.727 11.91 0 11.907 11.847 0 11.845
0.045 0.002 0.046 0.017 0.000999999999999994 0.018 11.264 0.012 11.274 11.943 0.003 11.943 11.531 0 11.53
0.037 0.005 0.042 0.014 0.003 0.018 11.015 0.016 11.027 11.837 0 11.835 11.765 0 11.763
0.044 0.002 0.046 0.018 0.000999999999999994 0.018 11.175 0.009 11.181 11.902 0 11.899 11.875 0 11.872
0.042 0.002 0.044 0.017 0.002 0.019 11.04 0.011 11.048 11.774 0 11.772 11.695 0 11.692
0.043 0.002 0.046 0.017 0.001 0.018 11.23 0.011 11.237 11.898 0 11.897 11.826 0 11.823
0.04 0.001 0.042 0.016 0.002 0.017 10.786 0.00799999999999999 10.791 11.548 0 11.547 11.483 0 11.479
0.039 0.002 0.042 0.017 0.001 0.017 10.726 0.011 10.734 11.58 0 11.579 11.866 0 11.863
0.037 0.005 0.041 0.015 0.002 0.018 10.742 0.009 10.748 11.683 0 11.681 11.674 0 11.672
0.042 0.003 0.045 0.019 0 0.019 11.136 0.011 11.143 11.818 0 11.821 11.564 0 11.565
0.045 0.002 0.046 0.017 0.00199999999999999 0.018 11.325 0.009 11.332 12.003 0 12.001 11.922 0 11.919
0.043 0.003 0.047 0.017 0.001 0.017 11.147 0.009 11.152 11.943 0.001 11.943 11.92 0 11.918
0.041 0.004 0.045 0.017 0.002 0.019 11.153 0.008 11.158 11.867 0 11.865 11.801 0 11.799
0.046 0.002 0.048 0.016 0.00199999999999999 0.019 11.254 0.00600000000000001 11.256 11.889 0 11.886 11.81 0 11.808
0.037 0.005 0.042 0.017 0.001 0.017 10.818 0.014 10.829 11.718 0.001 11.718 11.626 0 11.622
0.044 0.002 0.045 0.015 0.003 0.019 11.309 0.014 11.32 11.749 0.001 11.746 11.653 0 11.652
0.043 0.003 0.046 0.015 0.003 0.018 10.672 0.009 10.678 11.342 0 11.34 11.249 0 11.247
0.039 0.002 0.042 0.017 0.001 0.018 10.469 0.007 10.474 11.92 0.005 11.921 11.823 0.001 11.823
0.045 0.001 0.046 0.015 0.003 0.018 11.147 0.011 11.156 11.835 0 11.832 11.477 0 11.474
0.04 0.006 0.046 0.017 0.001 0.018 11.138 0.013 11.149 11.93 0 11.928 11.902 0 11.899
0.039 0.003 0.042 0.016 0.000999999999999994 0.017 10.652 0.01 10.658 11.779 0 11.778 11.721 0 11.718
0.043 0.003 0.046 0.015 0.003 0.018 11.046 0.016 11.06 11.784 0 11.781 11.369 0 11.367
0.04 0.002 0.042 0.017 0 0.017 10.972 0.008 10.977 11.752 0 11.749 11.734 0 11.732
0.042 0.004 0.046 0.016 0.00199999999999999 0.018 11.111 0.01 11.119 11.78 0 11.778 11.756 0 11.752
0.044 0.002 0.046 0.017 0.001 0.018 11.137 0.013 11.147 11.865 0 11.863 11.823 0 11.821
0.042 0.003 0.046 0.019 0 0.018 10.971 0.013 10.981 11.746 0.001 11.745 11.678 0 11.675
0.04 0.002 0.042 0.016 0.00199999999999999 0.018 10.786 0.012 10.796 11.847 0 11.844 11.802 0 11.8
0.039 0.003 0.042 0.015 0.003 0.018 11.812 0.01 11.818 12.58 0.001 12.58 12.471 0 12.467
0.04 0.002 0.042 0.016 0.00199999999999999 0.018 10.948 0.008 10.953 11.708 0 11.706 11.683 0 11.681
0.045 0.001 0.046 0.018 0 0.019 11.406 0.014 11.417 12.175 0.001 12.174 12.124 0 12.121
0.045 0.002 0.046 0.017 0.000999999999999994 0.018 11.273 0.013 11.284 12.077 0 12.074 12.023 0 12.02
0.04 0.003 0.043 0.016 0.000999999999999994 0.017 11.234 0.011 11.242 11.893 0.001 11.891 11.858 0 11.856
0.044 0.003 0.047 0.016 0.00199999999999999 0.018 11.131 0.00600000000000001 11.135 11.815 0.00199999999999999 11.814 11.749 0 11.747
0.045 0.000999999999999994 0.047 0.019 0 0.018 11.172 0.009 11.178 11.784 0 11.782 11.725 0 11.723
0.04 0.006 0.046 0.017 0.001 0.018 11.653 0.009 11.66 12.351 0 12.349 12.324 0 12.321
0.039 0.007 0.046 0.016 0.002 0.018 11.181 0.011 11.189 11.894 0 11.892 11.827 0 11.824
0.037 0.004 0.041 0.016 0.002 0.018 10.77 0.01 10.777 11.571 0 11.568 11.534 0 11.532
0.038 0.003 0.041 0.017 0.002 0.017 10.465 0.011 10.474 11.393 0 11.391 11.37 0 11.367
0.045 0 0.045 0.016 0.002 0.018 11.056 0.009 11.062 11.841 0 11.839 11.822 0 11.82
0.039 0.003 0.042 0.016 0.001 0.017 10.296 0.013 10.306 11.335 0 11.334 11.273 0 11.27
0.044 0.002 0.047 0.018 0.000999999999999994 0.018 11.412 0.01 11.419 12.175 0 12.173 12.126 0 12.124
0.044 0.003 0.045 0.015 0.003 0.018 11.194 0.014 11.206 11.951 0.000999999999999994 11.949 11.889 0 11.887
0.042 0.004 0.046 0.016 0.002 0.018 11.141 0.015 11.153 11.901 0 11.899 11.855 0 11.851
0.041 0.005 0.047 0.014 0.004 0.018 11.303 0.00899999999999999 11.308 11.969 0 11.967 11.916 0 11.915
0.042 0.004 0.046 0.018 0.001 0.019 11.135 0.015 11.147 11.894 0 11.891 11.849 0 11.847
0.044 0.001 0.046 0.017 0.001 0.018 10.965 0.006 10.968 11.789 0 11.787 11.659 0 11.656
0.041 0.005 0.045 0.017 0.001 0.018 11.114 0.01 11.122 11.859 0 11.857 11.785 0 11.783
0.042 0.005 0.047 0.017 0.001 0.018 11.338 0.019 11.354 12.094 0 12.092 12.001 0 11.998
0.04 0.001 0.042 0.016 0.00199999999999999 0.017 10.688 0.015 10.701 11.439 0 11.437 11.357 0 11.354
0.043 0.003 0.046 0.018 0 0.018 10.753 0.013 10.763 11.623 0 11.621 11.553 0 11.55
0.04 0.00199999999999999 0.042 0.015 0.002 0.017 10.695 0.011 10.705 11.442 0 11.439 11.359 0 11.357
0.039 0.002 0.041 0.018 0 0.018 10.613 0.008 10.618 11.882 0 11.881 11.799 0 11.795
0.042 0.004 0.045 0.016 0.002 0.018 11.098 0.013 11.109 11.78 0 11.778 11.395 0 11.393
0.044 0.002 0.046 0.017 0.001 0.018 10.963 0.012 10.973 11.737 0 11.734 11.643 0 11.642
0.042 0.003 0.045 0.015 0.003 0.018 10.976 0.012 10.985 11.68 0.002 11.679 11.685 0 11.683
0.04 0.00199999999999999 0.042 0.016 0.001 0.018 10.805 0.011 10.813 12.029 0 12.026 11.997 0 11.995
0.039 0.007 0.046 0.017 0.001 0.019 11.397 0.012 11.406 12.17 0 12.167 11.676 0 11.673
0.044 0.002 0.045 0.017 0.001 0.018 11.148 0.009 11.155 11.888 0 11.884 11.831 0 11.829
0.043 0.002 0.045 0.019 0 0.019 11.129 0.009 11.135 11.935 0 11.933 11.874 0 11.872
0.042 0.004 0.046 0.017 0.001 0.018 11.216 0.007 11.221 12.08 0 12.078 12.014 0 12.012
0.043 0.003 0.046 0.016 0.002 0.018 11.323 0.009 11.329 12.096 0.001 12.094 12.013 0 12.011
0.043 0.003 0.046 0.017 0.002 0.019 11.141 0.007 11.144 11.917 0 11.915 11.863 0 11.86
0.045 0.001 0.046 0.016 0.002 0.018 11.307 0.01 11.313 12.056 0 12.054 12.004 0 12.002
0.037 0.005 0.042 0.015 0.002 0.017 10.753 0.015 10.765 11.553 0 11.551 11.458 0 11.456
0.04 0.002 0.042 0.014 0.003 0.017 10.796 0.007 10.8 11.769 0 11.766 11.708 0 11.706
0.045 0 0.046 0.017 0.001 0.018 11.135 0.013 11.145 11.925 0 11.923 11.701 0 11.699
0.037 0.006 0.043 0.017 0 0.017 10.962 0.013 10.972 11.808 0 11.804 11.751 0 11.749
0.044 0.002 0.046 0.017 0.002 0.019 11.181 0.015 11.193 11.944 0 11.94 11.854 0 11.852
0.044 0.003 0.047 0.016 0.002 0.018 11.3 0.009 11.306 12.078 0 12.075 12.011 0 12.009
0.038 0.005 0.042 0.017 0 0.018 11.088 0.008 11.094 12.162 0.001 12.16 12.082 0 12.08
0.043 0.003 0.046 0.018 0.001 0.018 12.13 0.009 12.136 12.882 0 12.88 12.525 0 12.523
0.043 0.002 0.046 0.015 0.003 0.018 10.978 0.009 10.983 11.834 0 11.832 11.722 0 11.72
0.041 0.004 0.045 0.016 0.002 0.018 10.873 0.012 10.882 11.696 0 11.694 11.664 0 11.661
0.045 0.001 0.046 0.016 0.002 0.018 11.103 0.007 11.107 11.9 0 11.898 11.748 0 11.744
0.046 0.003 0.049 0.017 0.001 0.018 11.156 0.017 11.17 11.837 0 11.835 11.788 0 11.785
0.046 0 0.047 0.017 0.001 0.018 11.116 0.011 11.124 11.794 0 11.791 11.745 0 11.743
0.038 0.003 0.042 0.016 0.002 0.017 10.792 0.008 10.799 11.907 0.001 11.905 11.897 0 11.895
0.041 0.004 0.046 0.017 0.001 0.018 11.065 0.011 11.072 11.845 0 11.843 11.803 0 11.8
0.043 0.00199999999999999 0.046 0.016 0.003 0.018 11.259 0.008 11.265 11.965 0 11.963 11.887 0 11.885
0.044 0.003 0.046 0.015 0.003 0.018 11.063 0.011 11.071 11.856 0 11.854 11.751 0 11.749
0.044 0.00199999999999999 0.046 0.019 0 0.019 11.471 0.00800000000000001 11.476 12.225 0 12.223 12.138 0 12.135
0.041 0.004 0.046 0.015 0.003 0.018 11.121 0.01 11.129 11.887 0.001 11.885 11.846 0 11.844
0.041 0.005 0.045 0.018 0 0.019 11.184 0.01 11.191 12.011 0 12.009 11.979 0 11.976
0.038 0.005 0.042 0.015 0.002 0.018 10.961 0.012 10.97 11.769 0 11.767 11.716 0 11.714
0.041 0.004 0.045 0.017 0.001 0.018 10.996 0.011 11.005 11.879 0 11.876 11.787 0 11.785
0.044 0.002 0.047 0.015 0.003 0.018 11.137 0.008 11.142 11.96 0 11.958 11.865 0 11.863
0.043 0.005 0.048 0.016 0.003 0.018 11.127 0.00899999999999999 11.133 11.649 0 11.647 11.596 0 11.593
0.043 0.003 0.046 0.017 0.001 0.019 11.222 0.008 11.227 11.961 0.001 11.959 11.864 0 11.861
0.045 0 0.045 0.018 0.001 0.019 10.712 0.013 10.722 11.448 0 11.446 11.379 0 11.377
0.04 0.000999999999999994 0.042 0.015 0.003 0.017 10.527 0.013 10.542 11.892 0 11.89 11.834 0 11.831
0.042 0.004 0.046 0.017 0.001 0.018 11.218 0.011 11.226 11.949 0 11.946 11.538 0 11.536
0.043 0.003 0.046 0.018 0 0.018 11.039 0.00600000000000001 11.042 11.729 0.005 11.732 11.646 0 11.644
0.043 0.001 0.044 0.016 0.000999999999999994 0.017 10.698 0.00800000000000001 10.703 11.5 0.003 11.501 11.414 0.001 11.413
0.044 0.002 0.046 0.016 0.00199999999999999 0.018 11.17 0.009 11.176 11.832 0.001 11.831 11.925 0 11.922
0.039 0.003 0.042 0.017 0 0.018 10.813 0.016 10.826 11.854 0 11.851 11.798 0 11.796
0.046 0.001 0.046 0.015 0.003 0.019 11.295 0.016 11.307 12.065 0 12.063 11.755 0 11.753
0.041 0.005 0.046 0.018 0 0.018 10.939 0.012 10.948 11.811 0 11.81 11.682 0 11.679
0.04 0.006 0.046 0.016 0.002 0.018 11.246 0.016 11.259 11.845 0 11.842 11.795 0 11.794
0.043 0.002 0.045 0.018 0.001 0.019 11.334 0.01 11.341 12.032 0 12.029 11.949 0 11.947
0.045 0.00199999999999999 0.047 0.016 0.002 0.018 11.082 0.00600000000000001 11.088 11.648 0 11.651 11.457 0 11.457
0.045 0.001 0.046 0.017 0.001 0.018 11.384 0.008 11.389 12.072 0 12.07 12.01 0 12.006
0.037 0.005 0.041 0.016 0.000999999999999994 0.018 10.613 0.017 10.626 11.391 0 11.389 11.324 0 11.322
0.038 0.003 0.041 0.017 0 0.017 10.794 0.007 10.798 11.811 0 11.809 11.767 0 11.764
0.041 0.005 0.046 0.017 0.002 0.018 11.327 0.011 11.335 12.05 0 12.048 11.811 0 11.808
0.04 0.002 0.042 0.015 0.002 0.018 11.349 0.013 11.359 12.069 0 12.066 11.971 0 11.968
0.044 0.001 0.045 0.016 0.002 0.019 11.413 0.012 11.421 12.109 0 12.107 12.02 0 12.017
0.038 0.004 0.042 0.016 0.000999999999999994 0.018 10.765 0.013 10.775 11.709 0 11.706 11.654 0 11.653
0.045 0.001 0.046 0.016 0.002 0.019 11.424 0.011 11.432 12.239 0 12.242 11.898 0 11.904
0.045 0.002 0.048 0.02 0 0.019 13.742 0.009 13.749 14.632 0.002 14.63 14.156 0 14.153
0.047 0.001 0.049 0.018 0.001 0.018 11.416 0.015 11.428 12.16 0 12.159 12.103 0 12.099
0.045 0.002 0.046 0.016 0.002 0.018 11.17 0.014 11.181 11.84 0 11.838 11.846 0 11.844
0.043 0.002 0.045 0.017 0.001 0.019 11.263 0.01 11.27 11.998 0.001 11.997 11.954 0 11.951
0.045 0.003 0.049 0.018 0.000999999999999994 0.018 11.142 0.013 11.161 11.774 0 11.774 11.603 0 11.611
0.041 0.005 0.045 0.016 0.002 0.019 11.249 0.01 11.256 11.973 0.001 11.971 11.863 0 11.863
0.037 0.005 0.042 0.017 0 0.017 10.515 0.012 10.524 11.424 0 11.422 11.389 0 11.387
0.038 0.003 0.042 0.017 0.000999999999999994 0.017 10.753 0.009 10.759 11.967 0.001 11.965 11.908 0 11.906
0.042 0.004 0.046 0.016 0.002 0.018 11.289 0.009 11.295 12.021 0 12.018 11.632 0 11.63
0.039 0.003 0.043 0.017 0 0.017 10.818 0.014 10.829 11.647 0.001 11.645 11.585 0 11.584
0.038 0.004 0.042 0.017 0 0.017 10.553 0.015 10.565 11.42 0.001 11.419 11.339 0 11.337
0.042 0.003 0.046 0.016 0.003 0.018 11.271 0.007 11.276 11.92 0.002 11.919 11.731 0 11.729
0.041 0.001 0.042 0.016 0.002 0.017 10.725 0.012 10.735 11.993 0 11.991 11.942 0 11.938
0.044 0.002 0.046 0.017 0.001 0.018 11.085 0.014 11.096 11.862 0 11.859 11.463 0 11.461
0.041 0.004 0.046 0.017 0.002 0.018 10.884 0.011 10.892 11.761 0 11.76 11.655 0 11.652
0.044 0.002 0.045 0.013 0.005 0.018 11.075 0.004 11.076 11.864 0.005 11.866 11.751 0 11.749
0.041 0.004 0.046 0.017 0.001 0.018 11.03 0.01 11.036 11.702 0 11.699 11.643 0 11.641
0.042 0.007 0.048 0.017 0.001 0.019 11.357 0.012 11.366 12.111 0.00199999999999999 12.111 12.051 0 12.048
0.039 0.007 0.046 0.018 0 0.018 11.293 0.017 11.307 12.042 0 12.04 11.996 0 11.993
0.037 0.006 0.041 0.016 0.001 0.018 10.593 0.011 10.602 11.67 0 11.667 11.586 0 11.584
0.038 0.003 0.041 0.015 0.003 0.018 10.838 0.012 10.847 11.903 0 11.901 11.83 0 11.827
0.042 0.003 0.045 0.018 0.001 0.019 11.071 0.013 11.081 11.823 0 11.82 11.507 0 11.505
0.044 0.002 0.047 0.016 0.002 0.018 11.172 0.012 11.181 11.907 0.001 11.905 11.867 0 11.865
0.042 0 0.042 0.016 0.00199999999999999 0.018 10.748 0.01 10.756 11.542 0 11.539 11.468 0 11.466
0.042 0.003 0.046 0.018 0.000999999999999994 0.018 10.817 0.018 10.833 11.811 0 11.809 11.642 0 11.64
0.043 0.003 0.047 0.016 0.002 0.018 11.077 0.014 11.088 11.824 0 11.822 11.758 0 11.756
0.041 0.005 0.046 0.018 0 0.018 11.097 0.006 11.1 11.906 0 11.904 11.832 0 11.829
0.039 0.007 0.046 0.018 0 0.019 12.245 0.007 12.249 12.843 0.001 12.84 12.812 0 12.809
0.043 0.00199999999999999 0.045 0.017 0.001 0.018 11.016 0.015 11.028 11.746 0 11.743 11.773 0 11.771
0.038 0.007 0.045 0.017 0.001 0.018 11.206 0.006 11.21 11.87 0.003 11.871 11.669 0 11.667
0.044 0.002 0.046 0.018 0.001 0.019 11.249 0.014 11.26 11.961 0 11.958 11.899 0 11.896
0.041 0.004 0.045 0.016 0.002 0.018 11.268 0.012 11.277 12.015 0.001 12.014 11.972 0 11.969
0.04 0.001 0.041 0.016 0.002 0.018 10.386 0.016 10.399 11.409 0 11.407 11.348 0 11.346
0.046 0 0.046 0.018 0.001 0.018 11.125 0.00700000000000001 11.13 11.847 0 11.844 11.789 0 11.787
0.046 0 0.047 0.019 0 0.018 11.351 0.014 11.363 12.125 0 12.122 12.02 0 12.017
0.039 0.004 0.043 0.014 0.003 0.017 10.965 0.003 10.966 11.719 0 11.716 11.686 0 11.684
0.037 0.004 0.042 0.017 0.001 0.017 11.618 0.01 11.625 12.408 0 12.406 12.259 0.001 12.258
0.041 0.005 0.046 0.016 0.002 0.018 11.199 0.007 11.203 11.816 0 11.813 11.859 0 11.857
0.04 0.00600000000000001 0.046 0.018 0.000999999999999994 0.019 11.674 0.013 11.684 12.312 0 12.309 12.283 0 12.281
0.041 0.005 0.045 0.017 0.001 0.019 11.153 0.015 11.164 11.954 0 11.953 11.904 0 11.9
0.045 0.001 0.046 0.016 0.002 0.018 11.394 0.01 11.402 12.196 0 12.193 12.088 0 12.085
0.044 0.001 0.046 0.016 0.003 0.019 11.318 0.013 11.328 12.056 0 12.053 11.992 0 11.99
0.039 0.006 0.045 0.016 0.002 0.018 11.131 0.012 11.14 11.852 0.002 11.852 11.776 0 11.773
0.044 0.003 0.047 0.018 0 0.018 12.397 0.015 12.409 13.096 0.002 13.095 12.96 0 12.957
0.043 0.003 0.046 0.017 0.000999999999999994 0.018 11.163 0.01 11.17 11.885 0 11.882 11.828 0 11.827
0.038 0.003 0.042 0.018 0 0.017 10.656 0.009 10.664 11.529 0 11.525 11.433 0 11.431
0.044 0.002 0.046 0.015 0.003 0.018 11.357 0.00600000000000001 11.359 12.076 0 12.074 11.99 0 11.988
0.045 0.001 0.047 0.019 0 0.018 11.256 0.007 11.261 12.047 0.002 12.047 11.988 0 11.986
0.042 0.004 0.046 0.016 0.00199999999999999 0.018 11.058 0.012 11.067 11.741 0 11.739 11.726 0 11.723
0.035 0.006 0.041 0.015 0.003 0.018 10.524 0.01 10.532 11.389 0.000999999999999994 11.387 11.312 0 11.31
0.042 0.003 0.046 0.017 0.001 0.018 10.894 0.013 10.903 11.79 0 11.788 11.698 0 11.697
0.043 0.003 0.046 0.015 0.003 0.019 11.175 0.007 11.179 11.883 0 11.881 11.879 0 11.877
0.043 0.004 0.047 0.014 0.004 0.018 11.63 0.012 11.639 12.272 0.001 12.269 12.257 0 12.256
0.04 0.002 0.043 0.015 0.003 0.017 10.806 0.01 10.813 11.609 0.001 11.609 11.574 0 11.571
0.039 0.004 0.043 0.013 0.004 0.017 11.505 0.012 11.52 12.016 0.001 12.018 11.788 0 11.792
0.039 0.007 0.046 0.015 0.003 0.019 11.505 0.01 11.511 12.321 0.001 12.32 12.256 0 12.254
0.045 0.004 0.049 0.018 0.001 0.018 11.374 0.011 11.393 12.108 0.005 12.115 12.014 0 12.011
0.043 0.003 0.046 0.017 0.001 0.018 11.17 0.011 11.178 11.685 0 11.683 11.631 0 11.628
0.043 0.003 0.046 0.015 0.003 0.018 11.161 0.016 11.174 11.795 0 11.793 11.754 0 11.752
0.044 0.004 0.048 0.016 0.002 0.018 11.333 0.008 11.338 12.03 0 12.026 11.964 0 11.962
0.045 0.003 0.048 0.014 0.004 0.018 11.645 0.013 11.655 12.387 0.001 12.385 12.253 0 12.25
0.044 0.00199999999999999 0.046 0.016 0.003 0.018 11.07 0.011 11.078 11.751 0 11.748 11.699 0 11.697
0.04 0.002 0.042 0.017 0 0.017 10.585 0.012 10.594 11.455 0 11.453 11.381 0 11.379
0.039 0.003 0.042 0.017 0.001 0.018 10.8 0.011 10.807 12.018 0.001 12.016 11.962 0 11.961
0.042 0.004 0.046 0.016 0.00199999999999999 0.019 11.306 0.012 11.314 12.034 0 12.032 11.633 0 11.631
0.044 0.003 0.046 0.016 0.002 0.018 11.04 0.009 11.047 11.802 0 11.8 11.644 0 11.641
0.041 0.005 0.047 0.017 0.000999999999999994 0.018 11.591 0.00800000000000001 11.595 12.289 0 12.287 12.299 0 12.297
0.039 0.003 0.041 0.016 0.001 0.017 10.487 0.009 10.494 11.5 0.000999999999999994 11.499 11.427 0 11.425
0.046 0 0.046 0.016 0.002 0.018 10.921 0.01 10.928 11.874 0.00199999999999999 11.875 11.685 0 11.683
0.043 0.002 0.045 0.017 0.002 0.019 11.149 0.014 11.16 11.776 0 11.774 11.737 0 11.734
0.043 0.002 0.046 0.018 0.001 0.018 11.27 0.007 11.274 11.987 0.002 11.988 11.923 0 11.92
0.041 0.005 0.046 0.016 0.002 0.018 11.134 0.01 11.141 11.716 0.001 11.715 11.656 0 11.653
0.043 0.002 0.046 0.018 0.001 0.018 10.964 0.013 10.974 11.624 0 11.622 11.664 0 11.661
0.043 0.004 0.046 0.017 0.001 0.019 11.375 0.009 11.381 12.159 0 12.156 12.07 0 12.068
0.043 0.003 0.046 0.017 0.000999999999999994 0.018 11.131 0.00800000000000001 11.136 11.873 0 11.871 11.837 0 11.834
0.041 0.001 0.041 0.018 0 0.018 10.767 0.006 10.771 11.543 0 11.541 11.48 0.001 11.478
0.044 0.003 0.047 0.019 0 0.018 11.181 0.005 11.183 11.928 0.005 11.93 11.895 0 11.893
0.044 0.002 0.046 0.016 0.002 0.018 11.055 0.014 11.066 11.667 0 11.665 11.602 0 11.6
0.043 0.003 0.046 0.016 0.002 0.018 11.029 0.01 11.036 11.735 0 11.733 11.692 0 11.689
0.039 0.003 0.042 0.017 0.001 0.017 10.837 0.014 10.848 11.674 0 11.672 11.633 0 11.631
0.046 0.002 0.047 0.013 0.005 0.019 11.252 0.007 11.255 11.937 0 11.935 11.877 0 11.875
0.044 0.002 0.046 0.016 0.002 0.018 11.055 0.01 11.062 11.834 0.001 11.833 11.778 0 11.775
0.044 0.00199999999999999 0.046 0.016 0.002 0.018 11.248 0.01 11.255 12 0 11.998 11.945 0 11.942
0.041 0.005 0.046 0.016 0.002 0.019 11.291 0.012 11.299 12.048 0 12.047 11.888 0 11.885
0.045 0.001 0.046 0.017 0.001 0.018 10.981 0.013 10.991 11.731 0 11.728 11.749 0 11.747
0.041 0.005 0.046 0.018 0.001 0.019 11.749 0.004 11.75 12.472 0 12.469 12.347 0 12.344
0.043 0.004 0.047 0.018 0 0.019 11.413 0.016 11.424 12.141 0 12.14 12.106 0 12.102
0.04 0.002 0.042 0.014 0.003 0.017 10.587 0.009 10.592 11.35 0 11.348 11.273 0 11.272
0.044 0.002 0.046 0.016 0.002 0.018 11.4 0.012 11.409 12.169 0 12.167 12.05 0 12.047
0.045 0.001 0.046 0.017 0.001 0.018 11.213 0.007 11.217 11.884 0 11.881 11.84 0 11.838
0.038 0.004 0.042 0.017 0.001 0.018 10.909 0.011 10.918 11.961 0 11.958 11.726 0 11.724
0.043 0.003 0.046 0.016 0.00199999999999999 0.019 11.028 0.009 11.034 11.869 0.00600000000000001 11.873 11.768 0 11.766
0.038 0.004 0.042 0.017 0.001 0.017 10.602 0.013 10.613 11.684 0 11.682 11.615 0 11.612
0.04 0.003 0.043 0.016 0.001 0.018 11.173 0.009 11.178 12.119 0 12.116 11.96 0 11.959
0.042 0.004 0.046 0.017 0.001 0.018 11.178 0.012 11.188 11.845 0.002 11.843 11.693 0 11.692
0.043 0.001 0.045 0.019 0 0.018 10.901 0.01 10.908 11.706 0 11.704 11.607 0 11.604
0.04 0.005 0.045 0.017 0.00199999999999999 0.018 11.203 0.013 11.214 11.925 0 11.922 11.834 0 11.832
0.041 0.005 0.046 0.016 0.00199999999999999 0.018 10.902 0.012 10.911 11.803 0 11.801 11.675 0 11.673
0.046 0.002 0.048 0.017 0.001 0.018 11.273 0.013 11.283 11.946 0.001 11.945 11.869 0 11.866
0.049 0.001 0.05 0.018 0.001 0.019 13.826 0.007 13.83 14.533 0 14.53 14.048 0 14.045
0.04 0.001 0.041 0.018 0 0.018 10.513 0.012 10.522 11.43 0 11.428 11.351 0 11.349
0.049 0 0.048 0.017 0.001 0.018 13.807 0.011 13.815 14.592 0 14.589 14.107 0 14.104
0.041 0.004 0.046 0.019 0 0.018 11.189 0.00899999999999999 11.195 12.008 0 12.006 11.957 0 11.954
0.041 0.004 0.045 0.017 0.001 0.019 11.109 0.018 11.123 11.681 0 11.678 11.678 0 11.676
0.035 0.007 0.042 0.015 0.002 0.017 10.52 0.006 10.523 11.598 0.001 11.597 11.546 0 11.544
0.041 0.005 0.046 0.018 0 0.018 11.247 0.013 11.257 11.999 0.00199999999999999 11.999 11.952 0 11.949
0.048 0.001 0.049 0.017 0.001 0.018 11.066 0.008 11.071 11.792 0 11.79 11.736 0 11.733
0.044 0.002 0.046 0.017 0.001 0.018 10.979 0.016 10.992 11.77 0 11.768 11.76 0 11.757
0.043 0.003 0.046 0.016 0.002 0.018 11.037 0.00899999999999999 11.044 11.779 0 11.777 11.666 0 11.663
0.042 0.003 0.046 0.015 0.003 0.018 10.942 0.011 10.949 11.731 0 11.728 11.667 0 11.665
0.042 0.003 0.045 0.018 0.001 0.018 11.656 0.011 11.664 12.281 0 12.278 12.216 0 12.214
0.043 0.00199999999999999 0.045 0.018 0.001 0.019 11.163 0.007 11.167 11.834 0 11.83 11.788 0 11.787
0.044 0.00199999999999999 0.046 0.017 0.001 0.018 11.258 0.012 11.266 11.995 0 11.994 11.929 0.001 11.927
0.039 0.003 0.042 0.017 0 0.018 10.78 0.005 10.783 11.684 0.001 11.681 11.598 0 11.596
0.038 0.004 0.042 0.013 0.005 0.017 10.887 0.004 10.889 11.899 0.007 11.903 11.824 0 11.823
0.041 0.005 0.046 0.015 0.003 0.018 11.156 0.004 11.157 11.831 0.00600000000000001 11.834 11.632 0 11.63
0.042 0.004 0.047 0.014 0.005 0.018 11.166 0.016 11.179 11.874 0.002 11.875 11.909 0 11.905
0.04 0.002 0.041 0.015 0.002 0.018 10.592 0.015 10.603 11.474 0 11.473 11.4 0 11.398
0.043 0.004 0.047 0.018 0 0.018 11.383 0.014 11.394 12.193 0 12.19 12.134 0 12.132
0.047 0.002 0.049 0.019 0 0.019 11.214 0.012 11.223 11.843 0.001 11.841 11.946 0 11.944
0.042 0.004 0.046 0.017 0.001 0.018 10.889 0.00899999999999999 10.896 11.858 0 11.855 11.758 0 11.756
0.039 0.003 0.042 0.015 0.002 0.018 11.048 0.009 11.053 11.877 0 11.875 11.769 0 11.766
0.044 0.003 0.046 0.016 0.002 0.018 10.99 0.00899999999999999 10.997 11.732 0 11.729 11.55 0 11.552
0.043 0.002 0.046 0.015 0.003 0.018 11.151 0.011 11.158 11.822 0 11.821 11.767 0 11.764
0.043 0.003 0.046 0.016 0.002 0.018 11.416 0.013 11.426 12.205 0 12.203 12.159 0 12.155
0.045 0.001 0.046 0.016 0.002 0.018 11.336 0.011 11.345 12.107 0 12.104 12.05 0 12.047
0.037 0.006 0.042 0.015 0.00199999999999999 0.018 10.923 0.016 10.935 11.772 0.002 11.773 11.688 0 11.686
0.044 0.001 0.045 0.019 0 0.018 11.255 0.00899999999999999 11.261 12.021 0 12.018 11.944 0 11.942
0.042 0.004 0.046 0.017 0.001 0.018 11.124 0.015 11.137 11.802 0.001 11.8 11.76 0 11.758
0.04 0.00199999999999999 0.042 0.016 0.002 0.018 11.075 0.012 11.085 11.895 0 11.892 11.817 0 11.815
0.04 0.002 0.042 0.015 0.002 0.018 10.699 0.008 10.704 11.486 0 11.484 11.422 0 11.42
0.042 0.003 0.045 0.016 0.003 0.019 11.101 0.014 11.119 11.678 0 11.679 11.525 0 11.529
0.044 0.00199999999999999 0.047 0.019 0 0.018 11.099 0.011 11.107 11.793 0 11.791 11.754 0 11.751
0.044 0.001 0.045 0.017 0.001 0.018 10.995 0.016 11.008 11.765 0.001 11.764 11.716 0 11.714
0.043 0.00199999999999999 0.045 0.017 0.001 0.018 11.664 0.012 11.673 12.224 0 12.223 12.105 0 12.101
0.042 0.004 0.046 0.017 0.002 0.018 11.286 0.01 11.292 11.998 0 11.996 12.016 0 12.014
0.042 0.003 0.045 0.016 0.002 0.019 11.096 0.011 11.103 11.776 0 11.773 11.775 0 11.772
0.041 0.004 0.045 0.019 0 0.019 11.452 0.01 11.459 12.2 0 12.197 12.12 0 12.118
0.043 0.003 0.046 0.015 0.003 0.018 11.133 0.011 11.14 11.805 0 11.804 11.76 0 11.758
0.038 0.003 0.041 0.017 0.001 0.018 10.358 0.013 10.368 11.304 0 11.303 11.248 0 11.246
0.039 0.003 0.042 0.016 0.00199999999999999 0.017 10.556 0.00600000000000001 10.559 11.974 0 11.971 11.924 0 11.922
0.044 0.002 0.046 0.017 0.000999999999999994 0.018 11.132 0.013 11.142 11.823 0 11.822 11.444 0 11.441
0.044 0.002 0.046 0.017 0.001 0.018 11.055 0.003 11.055 11.645 0.00700000000000001 11.651 11.749 0 11.747
0.043 0.003 0.046 0.016 0.002 0.019 11.125 0.007 11.128 11.928 0 11.926 11.815 0 11.814
0.041 0 0.041 0.016 0.002 0.018 10.696 0.014 10.707 11.506 0 11.504 11.426 0 11.424
0.045 0.001 0.046 0.014 0.004 0.019 11.018 0.011 11.025 11.868 0 11.866 11.794 0 11.792
0.043 0.003 0.046 0.017 0.001 0.018 11.201 0.013 11.223 11.771 0.006 11.784 11.915 0.013 11.935
0.043 0.003 0.045 0.017 0.001 0.018 10.803 0.012 10.813 11.829 0 11.827 11.753 0 11.75
0.043 0.002 0.046 0.019 0 0.018 11.039 0.012 11.049 11.868 0 11.866 11.753 0 11.75
0.046 0.002 0.048 0.016 0.002 0.018 11.029 0.011 11.037 11.711 0 11.709 11.661 0 11.658
0.042 0.006 0.048 0.014 0.004 0.018 12.152 0.01 12.159 12.954 0.000999999999999994 12.953 12.74 0 12.737
0.044 0.004 0.049 0.019 0 0.018 11.233 0.012 11.242 11.979 0 11.977 11.937 0 11.934
0.043 0.003 0.046 0.017 0.001 0.018 11.224 0.008 11.228 11.94 0.001 11.939 11.879 0 11.877
0.043 0.003 0.046 0.017 0.001 0.018 10.874 0.009 10.88 11.673 0 11.671 11.596 0 11.594
0.04 0.002 0.042 0.016 0.001 0.017 10.416 0.007 10.42 11.327 0 11.325 11.254 0 11.252
0.042 0.004 0.045 0.016 0.002 0.019 11.119 0.011 11.126 11.735 0 11.74 11.509 0 11.509
0.046 0 0.045 0.017 0.001 0.018 10.998 0.009 11.004 11.691 0 11.69 11.659 0 11.655
0.04 0.002 0.042 0.013 0.004 0.017 11.025 0.012 11.034 11.808 0 11.806 11.78 0 11.779
0.043 0.003 0.046 0.014 0.004 0.018 11.221 0.012 11.229 11.787 0 11.785 11.575 0 11.573
0.043 0.002 0.046 0.018 0.000999999999999994 0.018 11.645 0.016 11.659 12.296 0 12.292 12.283 0.001 12.283
0.04 0.002 0.042 0.014 0.003 0.018 10.576 0.017 10.59 11.496 0 11.493 11.47 0 11.469
0.039 0.00600000000000001 0.046 0.018 0.001 0.018 11.151 0.007 11.155 11.875 0 11.874 11.827 0 11.824
0.043 0.003 0.046 0.015 0.003 0.018 11.067 0.01 11.074 11.858 0 11.856 11.812 0 11.811
0.047 0.001 0.049 0.016 0.002 0.018 11.022 0.009 11.027 11.739 0 11.738 11.675 0 11.673
0.043 0.002 0.045 0.016 0.00199999999999999 0.018 11.01 0.011 11.018 11.777 0 11.774 11.73 0 11.728
0.042 0.003 0.045 0.018 0 0.018 11.15 0.009 11.156 11.888 0 11.886 11.84 0 11.836
0.041 0.005 0.046 0.017 0.002 0.018 11.306 0.009 11.313 12.002 0.00199999999999999 12.002 11.95 0 11.947
0.04 0.002 0.042 0.016 0.00199999999999999 0.017 10.564 0.013 10.575 11.434 0 11.432 11.432 0 11.43
0.048 0 0.048 0.019 0 0.019 10.957 0.01 10.97 11.528 0 11.529 11.352 0 11.356
0.04 0.006 0.046 0.017 0.001 0.018 11.042 0.013 11.052 11.824 0 11.821 11.744 0 11.742
0.04 0.006 0.046 0.017 0.001 0.018 11.125 0.013 11.135 11.955 0 11.953 11.898 0 11.895
0.039 0.003 0.042 0.016 0.002 0.017 10.502 0.01 10.511 11.494 0 11.491 11.407 0 11.406
0.043 0.003 0.046 0.016 0.002 0.018 11.003 0.01 11.01 11.836 0 11.833 11.743 0 11.741
0.041 0.004 0.045 0.017 0.001 0.018 10.996 0.014 11.007 11.781 0.001 11.779 11.725 0 11.723
0.042 0 0.041 0.013 0.004 0.018 10.837 0.011 10.844 11.857 0 11.854 11.809 0 11.807
0.042 0.004 0.046 0.016 0.00199999999999999 0.018 11.056 0.009 11.062 11.797 0 11.794 11.802 0 11.8
0.041 0.003 0.044 0.018 0.001 0.019 11.292 0.00899999999999999 11.298 11.984 0 11.982 11.901 0 11.899
0.043 0.003 0.045 0.017 0.001 0.019 11.315 0.014 11.325 12.085 0 12.082 12.016 0 12.014
0.038 0.004 0.042 0.017 0.001 0.018 10.701 0.009 10.707 11.836 0.001 11.835 11.745 0 11.742
0.04 0.005 0.045 0.016 0.002 0.018 11.1 0.013 11.109 11.804 0 11.803 11.407 0 11.404
0.045 0.002 0.046 0.017 0.001 0.018 11.133 0.011 11.141 11.863 0 11.861 11.77 0 11.767
0.043 0.003 0.046 0.015 0.003 0.018 10.862 0.01 10.87 11.683 0 11.682 11.615 0 11.612
0.043 0.002 0.045 0.015 0.003 0.019 11.133 0.01 11.139 11.905 0 11.902 11.864 0 11.863
0.043 0.003 0.046 0.016 0.002 0.018 11.265 0.013 11.275 11.958 0 11.955 11.892 0 11.89
0.049 0.001 0.049 0.018 0.001 0.019 11.317 0.013 11.327 12.015 0.000999999999999994 12.014 11.929 0 11.926
0.043 0.002 0.045 0.017 0.00199999999999999 0.019 11.046 0.012 11.056 11.896 0 11.893 11.803 0 11.801
0.036 0.005 0.042 0.016 0.002 0.017 10.507 0.007 10.512 11.412 0 11.41 11.331 0 11.329
0.048 0 0.048 0.018 0.001 0.019 13.713 0.011 13.721 14.44 0.001 14.438 14.421 0 14.417
0.044 0.004 0.049 0.016 0.00199999999999999 0.019 11.04 0.015 11.052 11.72 0 11.718 11.679 0 11.678
0.047 0.002 0.049 0.017 0.001 0.019 11.34 0.009 11.345 12.06 0 12.059 11.989 0 11.986
0.043 0.003 0.046 0.018 0 0.018 11.092 0.00899999999999999 11.099 11.923 0 11.92 11.849 0 11.846
0.042 0.004 0.046 0.018 0 0.018 11.22 0.009 11.226 11.984 0 11.982 11.878 0 11.876
0.039 0.003 0.041 0.016 0.001 0.018 10.678 0.016 10.691 11.579 0 11.577 11.526 0 11.523
0.039 0.002 0.041 0.018 0 0.017 10.655 0.007 10.66 11.471 0 11.468 11.388 0 11.386
0.041 0.001 0.041 0.015 0.002 0.018 10.388 0.012 10.404 11.216 0.001 11.219 11.069 0 11.074
0.044 0.003 0.047 0.019 0 0.019 11.176 0.017 11.19 11.885 0 11.882 11.836 0 11.834
0.044 0.004 0.049 0.017 0.001 0.018 10.997 0.013 11.007 11.719 0 11.717 11.66 0 11.658
0.043 0.002 0.046 0.017 0.00199999999999999 0.018 11.087 0.01 11.094 11.917 0 11.915 11.862 0 11.86
0.037 0.004 0.041 0.013 0.004 0.018 10.492 0.01 10.499 11.327 0.001 11.326 11.279 0 11.277
0.043 0.003 0.046 0.016 0.002 0.018 11.321 0.005 11.323 12.01 0 12.008 11.949 0 11.946
0.042 0.003 0.045 0.014 0.004 0.018 10.819 0.013 10.831 11.557 0 11.553 11.556 0 11.553
0.042 0.004 0.046 0.016 0.002 0.019 11.217 0.018 11.231 11.97 0 11.969 11.972 0 11.968
0.042 0.003 0.046 0.017 0.001 0.018 11.62 0.009 11.626 12.368 0 12.366 12.246 0 12.243
0.045 0.002 0.046 0.017 0.001 0.018 11.273 0.012 11.282 11.974 0.001 11.974 11.912 0 11.909
0.042 0.004 0.046 0.016 0.002 0.018 11.058 0.012 11.067 11.851 0 11.85 11.828 0 11.826
0.04 0.001 0.042 0.016 0.00199999999999999 0.017 10.643 0.015 10.656 11.45 0 11.447 11.368 0 11.366
0.04 0.00199999999999999 0.042 0.016 0.001 0.017 10.755 0.013 10.764 11.568 0.000999999999999994 11.568 11.55 0 11.547
0.042 0.001 0.042 0.016 0.001 0.018 11.243 0.011 11.251 11.975 0 11.971 11.916 0 11.914
0.039 0.003 0.042 0.014 0.004 0.017 10.862 0.013 10.873 11.647 0 11.645 11.622 0 11.62
0.04 0.002 0.042 0.016 0.002 0.017 11.725 0.01 11.733 12.734 0 12.731 12.701 0 12.698
0.044 0.002 0.047 0.017 0.00199999999999999 0.018 12.245 0.011 12.254 12.931 0 12.927 12.33 0 12.328
0.045 0.001 0.046 0.015 0.003 0.018 11.244 0.011 11.251 11.992 0.001 11.991 11.969 0 11.967
0.041 0.004 0.045 0.015 0.003 0.018 11.08 0.012 11.089 11.946 0.001 11.945 11.879 0 11.877
0.036 0.005 0.041 0.016 0.000999999999999994 0.018 10.472 0.014 10.482 11.391 0 11.389 11.32 0 11.317
0.044 0.001 0.046 0.017 0.000999999999999994 0.018 11.222 0.01 11.229 11.956 0 11.953 11.892 0 11.89
0.041 0.002 0.042 0.017 0 0.017 11.053 0.011 11.061 12.202 0.001 12.202 12.194 0 12.191
0.043 0.003 0.045 0.013 0.005 0.019 11.09 0.009 11.096 11.855 0 11.852 11.487 0 11.485
0.042 0.004 0.046 0.016 0.002 0.018 11.176 0.009 11.183 11.87 0 11.867 11.785 0 11.782
0.04 0.002 0.041 0.016 0.001 0.017 10.817 0.009 10.823 11.6 0.001 11.599 11.533 0 11.531
0.038 0.004 0.041 0.014 0.003 0.018 10.638 0.014 10.649 11.48 0 11.477 11.456 0.001 11.454
0.037 0.004 0.042 0.018 0 0.017 10.943 0.005 10.945 11.682 0 11.68 11.622 0 11.619
0.045 0.002 0.047 0.017 0.001 0.018 11.281 0.014 11.292 12.057 0 12.053 12.018 0 12.016
0.047 0 0.047 0.019 0 0.018 11.382 0.012 11.392 12.068 0.002 12.068 11.99 0 11.986
0.044 0.00199999999999999 0.045 0.016 0.002 0.019 11.095 0.051 11.167 11.854 0.071 11.999 11.731 0.017 11.777
0.044 0.00199999999999999 0.046 0.016 0.002 0.019 11.195 0.012 11.203 11.731 0 11.73 11.811 0 11.809
0.042 0.004 0.046 0.015 0.003 0.018 10.974 0.018 10.988 11.658 0 11.655 11.663 0 11.661
0.041 0.001 0.042 0.013 0.004 0.018 11.512 0.00700000000000001 11.515 12.434 0.001 12.432 12.377 0 12.376
0.039 0.007 0.047 0.017 0.001 0.018 10.989 0.017 11.002 11.742 0 11.741 11.651 0 11.647
0.042 0.003 0.045 0.016 0.002 0.018 11.159 0.01 11.166 11.718 0.000999999999999994 11.717 11.803 0 11.801
0.041 0.005 0.045 0.018 0 0.018 11.01 0.012 11.02 11.757 0 11.754 11.568 0 11.564
0.042 0.004 0.046 0.016 0.002 0.018 10.793 0.018 10.808 11.562 0 11.561 11.493 0 11.489
0.041 0.004 0.045 0.016 0.002 0.019 11.147 0.014 11.157 11.931 0 11.929 11.657 0 11.654
0.037 0.004 0.042 0.015 0.003 0.018 10.886 0.007 10.889 11.94 0.000999999999999994 11.939 11.859 0 11.857
0.038 0.004 0.042 0.017 0 0.017 10.58 0.015 10.592 11.429 0 11.427 11.359 0 11.356
0.041 0.000999999999999994 0.042 0.017 0 0.017 10.528 0.011 10.537 11.372 0 11.369 11.288 0 11.286
0.044 0.002 0.046 0.016 0.002 0.019 11.116 0.007 11.119 11.835 0 11.833 11.77 0 11.767
0.041 0 0.042 0.016 0.002 0.017 10.564 0.006 10.567 11.364 0 11.364 11.288 0 11.285
0.041 0.004 0.045 0.017 0.001 0.018 10.949 0.01 10.956 11.714 0 11.711 11.653 0 11.652
0.043 0.003 0.046 0.018 0.001 0.019 11.332 0.015 11.344 12.028 0 12.025 11.993 0 11.991
0.043 0.003 0.047 0.015 0.003 0.018 11.361 0.011 11.368 12.103 0 12.101 12.087 0 12.085
0.043 0.002 0.045 0.017 0.001 0.018 10.97 0.01 10.977 11.555 0.001 11.554 11.473 0 11.471
0.041 0.001 0.042 0.017 0.001 0.018 10.915 0.009 10.921 11.796 0 11.794 11.726 0 11.724
0.038 0.005 0.043 0.016 0.001 0.017 11.061 0.009 11.067 11.776 0.004 11.778 11.729 0 11.727
0.046 0.002 0.049 0.018 0.001 0.018 11.053 0.009 11.059 11.777 0.001 11.775 11.721 0 11.719
0.043 0.004 0.046 0.016 0.002 0.018 11.157 0.00799999999999999 11.162 11.849 0.00700000000000001 11.854 11.758 0.001 11.758
0.043 0.00199999999999999 0.046 0.016 0.003 0.018 11.641 0.014 11.652 12.281 0 12.279 12.138 0 12.135
0.038 0.004 0.041 0.018 0 0.018 11.128 0.01 11.135 11.899 0 11.898 11.777 0 11.775
0.039 0.003 0.042 0.015 0.002 0.017 10.813 0.015 10.826 11.588 0 11.585 11.554 0 11.552
0.036 0.005 0.041 0.016 0.001 0.018 10.801 0.01 10.808 11.542 0.001 11.54 11.466 0 11.464
0.039 0.002 0.042 0.015 0.003 0.017 10.74 0.005 10.743 11.509 0 11.507 11.445 0 11.443
0.047 0 0.047 0.019 0 0.019 11.153 0.007 11.157 11.842 0 11.839 11.793 0 11.791
0.043 0.004 0.047 0.014 0.004 0.018 11.143 0.007 11.147 11.847 0 11.843 11.818 0 11.817
0.042 0.003 0.046 0.017 0.002 0.018 11.045 0.01 11.053 11.815 0 11.812 11.812 0 11.81
0.044 0.001 0.045 0.017 0.001 0.018 11.039 0.009 11.045 11.716 0 11.714 11.671 0 11.669
0.041 0.001 0.042 0.016 0.001 0.017 10.763 0.014 10.774 11.569 0.002 11.569 11.474 0 11.472
0.039 0.003 0.042 0.015 0.003 0.017 10.455 0.013 10.466 11.331 0 11.329 11.195 0 11.194
0.041 0.005 0.046 0.018 0 0.018 11.214 0.01 11.222 11.968 0.001 11.965 11.753 0 11.751
0.043 0.003 0.046 0.016 0.00199999999999999 0.018 11.086 0.008 11.092 11.671 0 11.668 11.769 0 11.766
0.044 0.002 0.045 0.014 0.004 0.019 11.051 0.015 11.063 11.77 0 11.767 11.725 0 11.722
0.045 0.002 0.047 0.017 0.000999999999999994 0.018 11.117 0.009 11.124 11.775 0 11.772 11.739 0 11.736
0.042 0.003 0.046 0.018 0 0.018 11.019 0.013 11.028 11.754 0 11.753 11.698 0 11.695
0.04 0.003 0.043 0.016 0.001 0.017 10.422 0.017 10.436 11.5 0 11.498 11.441 0 11.438
0.038 0.003 0.041 0.016 0.001 0.017 10.366 0.005 10.369 11.464 0.007 11.469 11.433 0 11.43
0.042 0.003 0.046 0.013 0.005 0.018 11.027 0.009 11.032 11.79 0 11.788 11.742 0 11.739
0.041 0 0.042 0.016 0.002 0.017 10.212 0.003 10.212 11.308 0.00600000000000001 11.312 11.274 0 11.272
0.041 0 0.042 0.013 0.004 0.017 10.645 0.014 10.656 11.637 0 11.635 11.573 0 11.57
0.043 0.002 0.045 0.017 0.001 0.018 11 0.008 11.005 11.75 0 11.747 11.369 0 11.368
0.041 0.005 0.046 0.017 0.001 0.018 11.156 0.013 11.165 11.891 0.003 11.892 11.819 0 11.817
0.039 0.006 0.046 0.017 0.002 0.018 11.079 0.013 11.089 11.78 0.001 11.779 11.746 0 11.743
0.039 0.00199999999999999 0.041 0.016 0.001 0.018 10.516 0.007 10.52 11.475 0 11.473 11.501 0 11.498
0.044 0.002 0.046 0.016 0.00199999999999999 0.018 11.504 0.008 11.51 12.24 0.001 12.237 12.212 0 12.21
0.045 0.003 0.048 0.018 0.000999999999999994 0.019 11.343 0.009 11.35 12.04 0 12.037 11.991 0 11.988
0.045 0.001 0.046 0.016 0.002 0.018 11.082 0.013 11.092 11.88 0 11.877 11.836 0 11.834
0.042 0.003 0.046 0.016 0.00199999999999999 0.018 10.928 0.00600000000000001 10.93 11.567 0.000999999999999994 11.566 11.606 0 11.604
0.044 0.00199999999999999 0.046 0.017 0.001 0.019 11.159 0.008 11.163 11.983 0.001 11.982 11.849 0 11.846
0.039 0.002 0.041 0.017 0.001 0.018 10.7 0.008 10.705 11.48 0 11.477 11.702 0 11.701
0.04 0.003 0.042 0.015 0.002 0.018 10.691 0.016 10.704 11.769 0 11.766 12.063 0 12.062
0.038 0.004 0.041 0.015 0.002 0.018 10.467 0.014 10.478 11.425 0 11.423 11.349 0 11.346
0.043 0.003 0.045 0.017 0.001 0.019 11.273 0.005 11.275 12.012 0 12.01 11.941 0 11.938
0.049 0 0.049 0.017 0.002 0.018 11.183 0.017 11.198 11.921 0.001 11.919 11.851 0 11.849
0.041 0.004 0.046 0.018 0.001 0.018 11.324 0.009 11.33 11.906 0 11.904 11.857 0 11.854
0.045 0.001 0.047 0.018 0.001 0.018 11.098 0.011 11.107 11.952 0.001 11.949 11.883 0 11.881
0.042 0.005 0.046 0.018 0 0.018 11.112 0.008 11.117 11.894 0.003 11.895 11.84 0 11.837
0.043 0.002 0.046 0.016 0.002 0.018 10.633 0.018 10.647 11.36 0 11.359 11.292 0 11.289
0.042 0.004 0.046 0.017 0.000999999999999994 0.018 11.187 0.00700000000000001 11.191 11.884 0 11.883 11.869 0 11.866
0.044 0.002 0.045 0.017 0.001 0.019 11.197 0.008 11.202 11.89 0 11.886 11.835 0 11.833
0.041 0.004 0.046 0.018 0.000999999999999994 0.018 11.163 0.013 11.173 11.783 0.001 11.781 11.853 0 11.851
0.045 0.001 0.046 0.016 0.00199999999999999 0.018 10.867 0.009 10.873 11.748 0 11.746 11.671 0 11.668
0.04 0.004 0.044 0.018 0 0.019 11.379 0.006 11.381 12.185 0.002 12.185 12.072 0 12.069
0.044 0.001 0.046 0.016 0.003 0.018 11.06 0.00800000000000001 11.066 11.808 0 11.805 11.723 0 11.722
0.044 0.002 0.046 0.016 0.00199999999999999 0.018 12.154 0.011 12.162 12.453 0 12.45 12.251 0 12.255
0.041 0.005 0.046 0.016 0.00199999999999999 0.018 11.064 0.01 11.071 11.489 0 11.487 11.405 0 11.403
0.044 0.00199999999999999 0.045 0.018 0 0.019 10.978 0.012 10.987 11.783 0 11.78 11.749 0 11.747
0.04 0.002 0.042 0.015 0.00199999999999999 0.017 10.503 0.012 10.513 11.352 0 11.35 11.273 0 11.271
0.038 0.003 0.041 0.016 0.001 0.017 10.623 0.012 10.632 11.774 0 11.772 11.729 0 11.726
0.043 0.003 0.046 0.018 0 0.018 11.189 0.01 11.196 11.923 0 11.921 11.498 0 11.496
0.041 0.005 0.046 0.015 0.003 0.018 10.905 0.013 10.915 11.716 0 11.714 11.651 0 11.648
0.04 0.005 0.045 0.015 0.003 0.018 11.013 0.01 11.02 11.742 0 11.74 11.68 0 11.678
0.036 0.00600000000000001 0.041 0.016 0.001 0.018 10.7 0.015 10.712 11.477 0 11.475 11.418 0 11.416
0.045 0.001 0.045 0.017 0.000999999999999994 0.019 11.009 0.015 11.02 11.815 0 11.812 11.774 0 11.773
0.039 0.003 0.042 0.013 0.004 0.018 10.757 0.011 10.764 11.952 0 11.949 11.905 0 11.903
0.045 0.001 0.046 0.017 0.001 0.018 12.225 0.015 12.237 12.924 0 12.921 12.332 0 12.33
0.045 0.001 0.072 0.018 0.001 0.019 11.209 0.014 11.22 12.007 0 12.005 11.968 0 11.966
0.044 0.002 0.046 0.017 0.001 0.019 11.44 0.01 11.445 12.127 0 12.125 11.997 0 11.995
0.039 0.002 0.041 0.015 0.003 0.018 10.805 0.008 10.81 11.612 0.001 11.611 11.547 0 11.544
0.037 0.004 0.041 0.016 0.002 0.017 10.845 0.011 10.854 11.733 0.001 11.731 11.665 0 11.664
0.038 0.003 0.042 0.016 0.00199999999999999 0.017 10.759 0.011 10.768 11.582 0 11.58 11.499 0 11.498
0.044 0.003 0.047 0.016 0.002 0.019 12.304 0.008 12.307 12.958 0 12.955 12.859 0 12.857
0.044 0.002 0.046 0.019 0 0.019 11.067 0.011 11.074 11.815 0.001 11.814 11.757 0 11.755
0.045 0.00199999999999999 0.046 0.017 0.001 0.019 11.586 0.017 11.598 12.16 0 12.159 12.258 0 12.254
0.038 0.003 0.042 0.015 0.002 0.017 10.893 0.02 10.922 11.79 0.00599999999999999 11.801 11.673 0.02 11.739
0.041 0.006 0.046 0.018 0 0.018 11.17 0.013 11.179 11.843 0.001 11.842 11.807 0 11.805
0.041 0 0.042 0.015 0.003 0.017 11.059 0.011 11.067 11.731 0 11.729 11.668 0 11.667
0.04 0.00199999999999999 0.042 0.017 0 0.018 10.519 0.014 10.53 11.438 0 11.437 11.358 0 11.356
0.041 0.004 0.045 0.013 0.005 0.018 11.087 0.01 11.094 11.812 0.000999999999999994 11.811 11.705 0 11.703
0.04 0.006 0.047 0.017 0.00199999999999999 0.018 11.26 0.00600000000000001 11.263 12.016 0 12.013 11.96 0 11.958
0.044 0.00199999999999999 0.047 0.018 0 0.018 11.18 0.005 11.181 11.864 0 11.863 11.891 0 11.887
0.042 0.003 0.046 0.018 0.001 0.018 11.015 0.016 11.028 11.754 0 11.752 11.714 0 11.71
0.047 0 0.046 0.018 0.001 0.018 11.045 0.005 11.049 11.789 0 11.786 11.734 0 11.731
0.038 0.004 0.042 0.015 0.002 0.018 10.771 0.012 10.78 11.551 0 11.548 11.487 0 11.485
0.04 0.002 0.041 0.016 0.001 0.018 10.621 0.009 10.626 11.481 0 11.48 11.407 0 11.405
0.042 0.003 0.046 0.019 0 0.018 11.256 0.011 11.264 11.94 0.001 11.94 11.908 0 11.904
0.043 0.003 0.045 0.015 0.003 0.018 11.123 0.01 11.13 11.855 0 11.854 11.796 0 11.793
0.043 0.003 0.045 0.017 0.001 0.018 11.116 0.01 11.124 11.854 0 11.851 11.776 0 11.774
0.043 0.003 0.046 0.017 0.001 0.018 10.925 0.022 10.944 11.618 0 11.616 11.581 0 11.578
0.038 0.004 0.041 0.017 0 0.018 10.738 0.011 10.747 11.556 0.002 11.555 11.474 0 11.471
0.037 0.004 0.042 0.018 0 0.017 10.811 0.009 10.817 11.582 0 11.58 11.531 0 11.528
0.039 0.005 0.044 0.015 0.003 0.018 11.176 0.017 11.19 11.932 0 11.93 11.872 0 11.869
0.041 0.005 0.046 0.017 0.001 0.018 11.303 0.011 11.312 12.057 0 12.053 11.976 0 11.974
0.038 0.004 0.043 0.017 0.001 0.018 11.32 0.012 11.329 11.997 0.002 11.997 11.969 0 11.967
0.043 0.004 0.046 0.017 0.001 0.018 11.088 0.011 11.097 11.839 0 11.837 11.744 0 11.742
0.042 0 0.042 0.017 0.000999999999999994 0.017 10.8 0.017 10.814 11.841 0 11.839 11.798 0 11.795
0.043 0.003 0.045 0.017 0.001 0.018 11.314 0.011 11.322 12.058 0 12.056 11.908 0 11.906
0.043 0.003 0.046 0.017 0.001 0.018 11.18 0.019 11.196 11.911 0 11.908 11.842 0 11.84
0.044 0.005 0.048 0.016 0.002 0.019 11.165 0.008 11.17 11.871 0 11.869 11.776 0 11.773
0.04 0.001 0.041 0.016 0.002 0.018 10.964 0.014 10.976 11.723 0 11.72 11.683 0 11.68
0.039 0.00600000000000001 0.044 0.018 0 0.018 10.968 0.01 10.976 11.878 0 11.876 11.697 0 11.694
0.04 0.002 0.042 0.015 0.002 0.017 10.567 0.01 10.574 11.423 0 11.421 11.342 0 11.339
0.039 0.003 0.042 0.016 0.001 0.017 10.981 0.005 10.983 11.805 0 11.802 11.746 0 11.743
0.044 0.002 0.046 0.017 0.001 0.018 11.155 0.006 11.157 11.949 0 11.947 11.873 0 11.87
0.042 0 0.043 0.018 0 0.017 11.605 0.013 11.616 12.364 0 12.361 12.255 0 12.253
0.037 0.005 0.042 0.017 0.001 0.017 10.659 0.01 10.668 11.57 0.001 11.568 11.472 0 11.47
0.039 0.002 0.041 0.017 0.001 0.018 10.793 0.012 10.802 12.133 0 12.131 12.054 0 12.052
0.042 0.004 0.046 0.016 0.002 0.018 11.074 0.014 11.085 11.852 0 11.849 11.489 0 11.487
0.045 0.001 0.046 0.016 0.002 0.018 10.932 0.012 10.942 11.749 0 11.746 11.674 0 11.672
0.043 0.002 0.046 0.019 0 0.018 11.003 0.014 11.015 11.763 0 11.761 11.695 0 11.692
0.044 0.002 0.045 0.017 0.000999999999999994 0.018 11.26 0.011 11.269 11.989 0.002 11.988 11.962 0 11.961
0.039 0.006 0.046 0.019 0 0.018 11.054 0.016 11.068 11.687 0 11.684 11.748 0 11.746
0.043 0.002 0.046 0.017 0.001 0.018 10.934 0.01 10.94 11.687 0 11.685 11.576 0 11.574
0.042 0 0.042 0.017 0 0.017 10.739 0.012 10.748 11.578 0.001 11.577 11.488 0 11.486
0.042 0.003 0.045 0.016 0.002 0.018 11.067 0.009 11.073 11.877 0 11.875 11.764 0 11.761
0.04 0.003 0.041 0.014 0.003 0.018 10.357 0.00700000000000001 10.361 11.377 0 11.376 11.315 0 11.312
0.041 0.001 0.042 0.016 0.002 0.017 10.878 0.011 10.887 11.717 0 11.715 11.675 0.001 11.674
0.039 0.004 0.042 0.016 0.001 0.017 11.148 0.014 11.16 11.924 0 11.92 11.838 0.000999999999999994 11.837
0.047 0.002 0.048 0.016 0.00199999999999999 0.018 11.144 0.015 11.156 11.882 0 11.879 11.826 0 11.824
0.044 0.002 0.046 0.017 0.001 0.018 11.213 0.011 11.221 11.951 0 11.949 11.894 0 11.892
0.042 0 0.041 0.016 0.001 0.018 10.98 0.007 10.983 11.891 0 11.889 11.888 0 11.886
0.041 0.001 0.042 0.017 0 0.018 10.767 0.012 10.776 11.593 0 11.591 11.541 0 11.539
0.04 0.002 0.041 0.017 0 0.018 10.882 0.009 10.887 11.729 0 11.727 11.633 0 11.631
0.039 0.00199999999999999 0.041 0.016 0.002 0.018 10.592 0.016 10.605 11.375 0 11.373 11.298 0 11.296
0.039 0.003 0.042 0.017 0.000999999999999994 0.018 10.794 0.013 10.804 11.675 0 11.673 11.589 0 11.587
0.038 0.004 0.041 0.016 0.001 0.017 10.893 0.012 10.902 11.925 0 11.923 11.861 0 11.859
0.046 0 0.046 0.017 0.001 0.018 11.385 0.013 11.395 12.106 0 12.103 11.858 0 11.855
0.044 0.002 0.046 0.016 0.003 0.019 12.231 0.013 12.24 12.859 0.001 12.856 12.924 0 12.923
0.041 0.005 0.045 0.017 0.001 0.018 11.003 0.009 11.01 11.823 0 11.821 11.725 0 11.722
0.04 0.002 0.041 0.017 0 0.018 10.561 0.012 10.57 11.399 0 11.397 11.351 0 11.349
0.043 0.002 0.046 0.015 0.003 0.018 11.061 0.008 11.066 11.8 0.001 11.799 11.742 0 11.74
0.043 0.003 0.046 0.016 0.002 0.018 12.096 0.012 12.105 13.051 0 13.048 12.82 0 12.817
0.043 0.003 0.046 0.015 0.004 0.019 11.479 0.01 11.485 12.253 0 12.252 12.184 0 12.181
0.042 0.004 0.047 0.016 0.003 0.018 11.242 0.014 11.254 11.935 0 11.932 11.858 0 11.856
0.042 0.002 0.045 0.017 0.001 0.018 11.061 0.009 11.066 11.72 0 11.718 11.704 0 11.701
0.038 0.003 0.041 0.018 0 0.018 10.769 0.00700000000000001 10.773 11.631 0 11.628 11.586 0 11.584
0.038 0.004 0.042 0.017 0.001 0.018 10.26 0.013 10.278 11.316 0.003 11.317 11.28 0 11.278
0.043 0.003 0.046 0.016 0.002 0.018 11.196 0.01 11.203 12.058 0 12.056 11.989 0 11.987
0.037 0.004 0.041 0.017 0.001 0.018 10.562 0.012 10.571 11.361 0 11.359 11.315 0 11.313
0.045 0.003 0.048 0.017 0.001 0.019 11.636 0.012 11.644 12.343 0.002 12.342 12.235 0.00199999999999999 12.235
0.039 0.003 0.042 0.017 0 0.017 10.998 0.012 11.006 11.733 0 11.731 11.647 0 11.645
0.039 0.003 0.041 0.015 0.00199999999999999 0.018 10.976 0.00600000000000001 10.979 11.83 0.001 11.828 11.812 0 11.811
0.04 0.002 0.042 0.016 0.002 0.018 11.111 0.016 11.123 12.047 0 12.046 11.955 0 11.952
0.037 0.004 0.041 0.017 0.001 0.018 10.469 0.007 10.474 11.954 0.003 11.955 11.859 0 11.855
0.043 0.003 0.046 0.016 0.002 0.018 11.274 0.016 11.286 12.09 0 12.087 11.666 0 11.664
0.036 0.00899999999999999 0.045 0.015 0.003 0.018 10.937 0.009 10.943 11.817 0 11.815 11.653 0 11.65
0.043 0.003 0.045 0.018 0 0.018 10.918 0.011 10.926 11.719 0 11.716 11.661 0 11.659
0.044 0.002 0.046 0.016 0.002 0.018 10.898 0.00799999999999999 10.903 11.9 0.002 11.9 11.735 0 11.733
0.044 0.000999999999999994 0.045 0.018 0 0.018 10.997 0.013 11.006 11.728 0 11.726 11.693 0 11.691
0.042 0.004 0.046 0.016 0.002 0.018 10.805 0.013 10.816 11.728 0.001 11.726 11.531 0 11.529
0.042 0.003 0.045 0.017 0.001 0.018 11.013 0.008 11.019 11.709 0 11.706 11.625 0 11.623
0.039 0.003 0.041 0.014 0.003 0.018 10.713 0.009 10.719 11.563 0 11.56 11.492 0 11.49
0.045 0.001 0.046 0.019 0 0.019 10.859 0.011 10.867 11.51 0 11.508 11.498 0 11.496
0.044 0.001 0.045 0.017 0.002 0.019 11.122 0.016 11.135 11.882 0 11.878 11.696 0 11.695
0.04 0.002 0.042 0.016 0.001 0.017 10.794 0.013 10.805 11.746 0 11.743 11.479 0 11.477
0.041 0.005 0.045 0.015 0.003 0.018 10.997 0.01 11.005 11.906 0 11.903 11.739 0 11.737
0.039 0.003 0.042 0.017 0.001 0.017 10.991 0.006 10.995 11.761 0 11.759 11.76 0 11.757
0.044 0.001 0.045 0.014 0.004 0.018 11.061 0.014 11.072 11.805 0 11.802 11.758 0 11.756
0.042 0.004 0.046 0.012 0.006 0.018 11.142 0.013 11.152 11.908 0 11.906 11.851 0 11.849
0.04 0.006 0.045 0.018 0 0.019 11.223 0.011 11.231 11.949 0.002 11.948 11.891 0 11.888
0.042 0.004 0.046 0.018 0 0.018 11.372 0.007 11.376 12.161 0.001 12.16 12.086 0 12.083
0.041 0.005 0.045 0.018 0 0.019 10.952 0.008 10.957 11.666 0.001 11.664 11.636 0 11.633
0.041 0.001 0.042 0.014 0.003 0.017 11.229 0.011 11.236 11.831 0 11.83 11.799 0 11.796
0.048 0.001 0.049 0.017 0.001 0.0179999999999999 11.177 0.011 11.186 11.91 0.001 11.908 11.894 0 11.891
0.038 0.008 0.045 0.015 0.002 0.018 11.164 0.012 11.173 11.892 0 11.889 11.831 0 11.829
0.043 0.003 0.046 0.016 0.002 0.018 11.355 0.014 11.365 12.06 0 12.058 11.96 0 11.958
0.045 0.003 0.046 0.017 0.001 0.018 10.944 0.017 10.959 11.777 0 11.774 11.747 0 11.746
0.04 0.002 0.042 0.016 0.002 0.018 10.555 0.012 10.565 11.641 0.002 11.639 11.585 0 11.583
0.041 0.005 0.045 0.017 0.000999999999999994 0.019 12.102 0.015 12.113 12.857 0.000999999999999994 12.856 12.955 0 12.952
0.043 0.002 0.046 0.019 0 0.019 11.448 0.009 11.454 12.255 0 12.253 12.159 0 12.156
0.043 0.003 0.046 0.019 0 0.018 11.036 0.013 11.047 11.803 0 11.8 11.747 0 11.745
0.047 0.002 0.049 0.015 0.003 0.019 11.342 0.013 11.352 12.066 0 12.064 12.01 0 12.006
0.04 0.00600000000000001 0.046 0.017 0.000999999999999994 0.019 11.066 0.011 11.074 11.787 0 11.784 11.726 0 11.725
0.043 0.005 0.048 0.015 0.003 0.019 11.023 0.014 11.034 11.601 0.001 11.599 11.535 0 11.534
0.043 0.003 0.046 0.015 0.003 0.019 11.23 0.012 11.238 11.998 0.001 11.996 11.904 0 11.903
0.039 0.003 0.042 0.013 0.004 0.018 11.644 0.012 11.653 12.392 0 12.389 12.608 0 12.605
0.044 0.002 0.046 0.018 0 0.019 11.206 0.01 11.213 11.923 0 11.92 11.848 0 11.845
0.043 0.003 0.046 0.017 0.000999999999999994 0.018 11.066 0.008 11.071 11.787 0 11.784 11.727 0 11.725
0.045 0.004 0.049 0.016 0.002 0.018 11.371 0.009 11.377 12.116 0 12.113 12.039 0 12.038
0.043 0.004 0.048 0.019 0 0.018 11.119 0.009 11.125 11.789 0 11.786 11.738 0.001 11.737
0.043 0.003 0.046 0.016 0.00199999999999999 0.019 11.127 0.012 11.135 11.852 0 11.851 11.798 0 11.796
0.04 0.002 0.042 0.016 0.000999999999999994 0.017 11.131 0.012 11.14 12.331 0 12.328 12.279 0 12.278
0.045 0.000999999999999994 0.046 0.016 0.002 0.018 11.46 0.003 11.46 12.094 0.007 12.097 11.692 0 11.691
0.042 0.003 0.046 0.016 0.002 0.018 10.769 0.008 10.774 11.8 0 11.798 11.657 0 11.654
0.041 0.005 0.046 0.018 0 0.018 11.099 0.015 11.111 11.938 0.001 11.936 11.772 0 11.77
0.04 0.006 0.046 0.016 0.002 0.018 12.107 0.009 12.113 12.995 0 12.992 12.846 0 12.843
0.036 0.00600000000000001 0.042 0.015 0.00199999999999999 0.017 10.721 0.01 10.728 11.74 0 11.739 11.557 0 11.554
0.043 0.002 0.046 0.017 0.000999999999999994 0.018 10.938 0.014 10.948 11.745 0.001 11.745 11.713 0 11.711
0.04 0.003 0.042 0.016 0.001 0.018 11.218 0.014 11.229 12.134 0 12.13 11.871 0 11.869
0.042 0.004 0.045 0.016 0.00199999999999999 0.018 11.105 0.00600000000000001 11.108 11.805 0.002 11.812 11.539 0 11.54
0.037 0.005 0.041 0.015 0.00199999999999999 0.018 10.639 0.015 10.65 11.519 0 11.518 11.435 0 11.432
0.041 0.004 0.046 0.016 0.002 0.018 11.228 0.013 11.237 11.982 0 11.98 11.79 0 11.787
0.045 0.002 0.047 0.017 0.000999999999999994 0.018 11.442 0.015 11.454 12.113 0 12.11 12.032 0 12.03
0.04 0.00199999999999999 0.042 0.015 0.003 0.018 11.603 0.011 11.611 12.335 0.00199999999999999 12.334 12.174 0 12.172
0.043 0.003 0.046 0.017 0.001 0.019 11.083 0.011 11.09 11.793 0 11.791 11.752 0 11.75
0.041 0.004 0.046 0.015 0.003 0.018 11.041 0.017 11.055 11.786 0 11.784 11.716 0 11.713
0.043 0.00199999999999999 0.046 0.015 0.003 0.018 11.101 0.011 11.109 11.845 0 11.842 11.765 0 11.764
0.044 0.004 0.047 0.016 0.00199999999999999 0.019 11.076 0.013 11.085 11.796 0 11.794 11.732 0 11.729
0.039 0.007 0.046 0.017 0.001 0.018 11.705 0.00600000000000001 11.708 12.38 0 12.377 12.313 0 12.311
0.042 0.004 0.045 0.018 0 0.018 10.948 0.009 10.954 11.425 0 11.424 11.351 0 11.348
0.039 0.002 0.041 0.015 0.002 0.018 10.751 0.009 10.757 11.762 0 11.76 11.72 0 11.717
0.044 0.00199999999999999 0.046 0.015 0.003 0.018 11.073 0.014 11.083 11.812 0.001 11.812 11.574 0 11.572
0.039 0.007 0.047 0.017 0.001 0.018 11.191 0.011 11.198 11.745 0 11.749 11.574 0 11.58
0.044 0.002 0.046 0.017 0.001 0.018 11.386 0.008 11.391 12.103 0 12.1 12.096 0 12.094
0.038 0.004 0.042 0.017 0 0.017 10.789 0.011 10.797 11.547 0 11.545 11.49 0 11.487
0.042 0.00199999999999999 0.043 0.014 0.003 0.018 11.124 0.004 11.125 11.885 0.005 11.887 11.827 0 11.826
0.041 0.004 0.044 0.017 0.00199999999999999 0.019 11.01 0.012 11.019 11.739 0.001 11.739 11.691 0 11.688
0.041 0.005 0.046 0.016 0.002 0.018 10.963 0.00899999999999999 10.969 11.626 0.001 11.625 11.589 0 11.587
0.038 0.004 0.043 0.018 0 0.017 11.314 0.01 11.322 12.089 0 12.087 12.101 0 12.098
0.042 0.004 0.045 0.018 0 0.018 11.016 0.012 11.026 11.734 0 11.732 11.688 0 11.685
0.042 0.003 0.045 0.019 0 0.019 11.138 0.011 11.146 11.874 0 11.872 11.825 0 11.822
0.045 0.000999999999999994 0.046 0.018 0 0.018 11.172 0.013 11.181 11.924 0 11.922 11.876 0 11.874
0.046 0.001 0.046 0.016 0.00199999999999999 0.019 11.254 0.013 11.263 11.808 0 11.813 11.615 0 11.614
0.044 0.001 0.046 0.017 0.001 0.017 10.937 0.006 10.94 11.643 0.001 11.642 11.608 0 11.607
0.038 0.003 0.041 0.016 0.002 0.018 10.596 0.008 10.601 11.51 0 11.507 11.694 0.001 11.694
0.047 0.005 0.052 0.016 0.002 0.018 11.291 0.013 11.301 12.053 0 12.051 12.031 0 12.029
0.042 0.003 0.046 0.014 0.004 0.018 11.516 0.009 11.521 12.315 0 12.312 12.272 0 12.27
0.043 0.004 0.047 0.017 0.000999999999999994 0.018 11.031 0.01 11.038 11.786 0 11.784 11.737 0 11.734
0.042 0.004 0.046 0.014 0.004 0.019 11.239 0.01 11.245 12.021 0 12.02 11.944 0 11.941
0.035 0.007 0.041 0.016 0.001 0.018 10.798 0.013 10.807 11.794 0 11.793 11.73 0 11.728
0.045 0.001 0.046 0.017 0.001 0.018 11.135 0.005 11.137 11.871 0 11.87 11.835 0 11.833
0.045 0.003 0.049 0.013 0.005 0.018 11.265 0.009 11.27 11.884 0 11.883 11.846 0 11.842
0.04 0.005 0.045 0.015 0.003 0.018 11.115 0.01 11.122 11.842 0 11.84 11.755 0 11.752
0.041 0.001 0.043 0.015 0.003 0.017 10.977 0.017 10.996 11.98 0.00600000000000001 11.987 11.762 0.002 11.765
0.038 0.004 0.042 0.016 0.001 0.017 10.818 0.019 10.835 11.614 0.001 11.611 11.513 0 11.512
0.041 0.001 0.043 0.015 0.002 0.017 11.064 0.012 11.072 11.876 0 11.875 11.654 0 11.653
0.046 0 0.045 0.017 0.001 0.018 11.056 0.01 11.063 11.831 0.001 11.83 11.765 0 11.762
0.044 0.003 0.046 0.015 0.003 0.019 11.256 0.008 11.261 11.824 0 11.821 11.936 0 11.934
0.04 0.003 0.044 0.017 0.001 0.017 11.172 0.008 11.178 11.85 0.001 11.848 11.805 0 11.803
0.036 0.006 0.042 0.015 0.002 0.017 11.083 0.009 11.089 11.924 0 11.923 11.785 0 11.781
0.042 0.003 0.044 0.016 0.00199999999999999 0.019 11.189 0.003 11.189 11.855 0.006 11.858 11.777 0 11.774
0.044 0.002 0.045 0.016 0.00199999999999999 0.019 11.142 0.013 11.151 11.861 0.001 11.861 11.788 0 11.786
0.043 0.00199999999999999 0.045 0.019 0 0.019 11.169 0.008 11.174 11.902 0 11.9 11.835 0 11.834
0.043 0.002 0.046 0.018 0.001 0.018 11.193 0.008 11.199 11.863 0.002 11.863 11.827 0 11.825
0.043 0.002 0.045 0.017 0.001 0.018 10.728 0.017 10.749 11.137 0 11.139 10.986 0 10.99
0.04 0.002 0.042 0.015 0.003 0.017 10.526 0.015 10.54 11.358 0 11.356 11.292 0 11.291
0.039 0.002 0.041 0.017 0.001 0.018 10.668 0.012 10.677 11.912 0 11.91 11.822 0 11.82
0.042 0.004 0.046 0.017 0.001 0.018 11.215 0.015 11.227 11.898 0.001 11.897 11.462 0 11.461
0.044 0.004 0.048 0.017 0.001 0.019 11.334 0.016 11.346 12.088 0.002 12.087 11.959 0 11.957
0.04 0.001 0.042 0.018 0 0.017 11.136 0.008 11.141 11.919 0 11.917 11.868 0 11.865
0.041 0.001 0.042 0.016 0.002 0.017 10.666 0.014 10.678 11.493 0 11.49 11.436 0 11.435
0.042 0.003 0.045 0.017 0.002 0.018 11.349 0.005 11.352 12.116 0 12.113 12.038 0 12.035
0.046 0.001 0.046 0.018 0 0.019 11.654 0.011 11.662 12.436 0.001 12.434 12.35 0 12.348
0.036 0.006 0.042 0.016 0.001 0.017 10.833 0.007 10.838 11.646 0 11.644 11.665 0 11.662
0.042 0.003 0.045 0.016 0.002 0.018 11.025 0.013 11.035 11.739 0 11.737 11.727 0.001 11.726
0.042 0.004 0.046 0.017 0.001 0.018 11.247 0.007 11.251 11.946 0 11.944 11.884 0 11.881
0.046 0.002 0.048 0.018 0.000999999999999994 0.019 11.243 0.01 11.25 11.873 0 11.871 11.831 0 11.828
0.043 0.003 0.046 0.017 0.001 0.018 11.193 0.011 11.2 11.888 0 11.887 11.856 0 11.854
0.04 0.001 0.041 0.017 0.001 0.017 10.994 0.014 11.005 11.891 0.002 11.891 11.769 0 11.767
0.04 0.002 0.042 0.016 0.001 0.018 10.969 0.01 10.976 11.911 0 11.909 11.862 0 11.859
0.042 0.003 0.046 0.017 0.001 0.018 11.129 0.011 11.136 11.863 0 11.86 11.55 0 11.556
0.044 0.003 0.046 0.015 0.003 0.018 10.924 0.005 10.926 11.642 0.001 11.642 11.596 0 11.592
0.038 0.003 0.041 0.017 0.001 0.018 11.171 0.008 11.176 11.759 0.004 11.76 11.717 0.001 11.716
0.047 0.003 0.049 0.017 0.001 0.019 11.085 0.016 11.098 11.879 0.002 11.878 11.809 0 11.806
0.039 0.003 0.042 0.016 0.001 0.018 11.129 0.014 11.14 11.909 0 11.905 11.844 0 11.843
0.041 0.001 0.042 0.018 0 0.017 10.644 0.013 10.655 11.916 0 11.914 11.836 0 11.833
0.042 0.004 0.047 0.019 0 0.018 11.245 0.009 11.252 11.973 0.001 11.972 11.479 0 11.476
0.042 0.00600000000000001 0.047 0.017 0.00199999999999999 0.019 11.436 0.017 11.45 12.181 0 12.179 12.107 0 12.104
0.043 0.003 0.046 0.018 0 0.018 10.962 0.007 10.966 11.689 0 11.687 11.618 0 11.616
0.045 0 0.046 0.017 0.001 0.018 11.104 0.013 11.115 11.732 0 11.73 11.814 0 11.811
0.045 0 0.046 0.018 0 0.018 10.943 0.011 10.951 11.758 0 11.756 11.643 0 11.641
0.043 0.002 0.046 0.017 0.001 0.018 10.858 0.009 10.864 11.789 0.001 11.787 11.729 0 11.727
0.045 0.001 0.046 0.015 0.003 0.018 10.863 0.013 10.873 11.665 0 11.662 11.624 0 11.621
0.041 0.001 0.042 0.015 0.002 0.018 10.836 0.011 10.844 11.611 0.001 11.61 11.541 0 11.539
0.04 0.002 0.042 0.014 0.004 0.018 11.041 0.013 11.051 11.97 0.000999999999999994 11.969 11.769 0 11.766
0.039 0.003 0.043 0.016 0.002 0.017 10.908 0.011 10.917 11.775 0 11.772 11.728 0 11.725
0.045 0.003 0.048 0.017 0.001 0.018 11.281 0.011 11.289 12.087 0 12.085 12.029 0 12.027
0.044 0.002 0.047 0.018 0.001 0.018 11.377 0.013 11.387 12.133 0 12.131 12.092 0 12.089
0.043 0.004 0.046 0.016 0.00199999999999999 0.018 11.299 0.004 11.301 11.962 0.005 11.964 11.886 0 11.884
0.041 0.004 0.045 0.016 0.002 0.018 11.173 0.011 11.181 11.891 0 11.889 11.862 0.001 11.86
0.044 0.002 0.046 0.017 0.002 0.019 11.032 0.011 11.04 11.893 0 11.891 11.774 0 11.771
0.038 0.004 0.042 0.016 0.001 0.017 10.555 0.016 10.569 11.551 0 11.549 11.521 0 11.517
0.034 0.007 0.041 0.017 0 0.017 10.386 0.019 10.41 11.416 0 11.42 11.256 0 11.256
0.044 0.002 0.046 0.018 0 0.018 11.637 0.009 11.643 12.208 0 12.208 11.572 0 11.574
0.044 0.002 0.046 0.015 0.003 0.018 11.018 0.011 11.026 11.724 0 11.721 11.732 0 11.73
0.038 0.004 0.042 0.015 0.002 0.017 10.511 0.01 10.519 11.572 0.004 11.574 11.519 0 11.515
0.044 0.002 0.046 0.017 0.001 0.018 11.279 0.012 11.288 12.119 0 12.117 12.065 0 12.062
0.039 0.003 0.042 0.016 0.001 0.018 11.244 0.018 11.259 12.103 0.001 12.1 11.937 0 11.936
0.04 0.002 0.041 0.014 0.003 0.018 10.741 0.011 10.749 11.542 0.001 11.54 11.589 0 11.588
0.043 0.00199999999999999 0.045 0.018 0.001 0.018 10.926 0.015 10.939 11.621 0 11.618 11.59 0 11.587
0.038 0.005 0.042 0.016 0.001 0.018 11.121 0.01 11.128 11.872 0 11.87 11.784 0 11.782
0.042 0.000999999999999994 0.043 0.017 0 0.017 10.945 0.007 10.95 11.84 0 11.836 11.645 0 11.644
0.044 0.003 0.047 0.017 0.001 0.019 11.115 0.009 11.121 11.759 0.006 11.762 11.72 0 11.719
0.041 0.005 0.045 0.016 0.00199999999999999 0.018 11.057 0.008 11.062 11.79 0 11.788 11.731 0 11.729
0.044 0.003 0.047 0.018 0 0.018 11.318 0.005 11.32 12.075 0 12.073 12.014 0 12.012
0.043 0.003 0.046 0.017 0.001 0.018 11.109 0.011 11.117 11.839 0 11.837 11.786 0 11.784
0.044 0.004 0.047 0.015 0.003 0.019 11.243 0.004 11.244 11.935 0.007 11.938 11.858 0 11.857
0.041 0.005 0.046 0.016 0.002 0.018 11.548 0.013 11.558 12.383 0 12.381 12.259 0 12.256
0.046 0.001 0.047 0.016 0.002 0.018 11.205 0.013 11.215 11.889 0.001 11.887 11.864 0 11.862
0.046 0 0.046 0.016 0.002 0.018 11.232 0.01 11.238 11.945 0 11.943 11.895 0 11.894
0.038 0.004 0.041 0.016 0.000999999999999994 0.018 10.658 0.017 10.673 11.527 0.001 11.525 11.819 0 11.817
0.044 0.002 0.046 0.018 0.001 0.019 11.222 0.014 11.233 12.023 0.001 12.022 12.028 0.002 12.027
0.044 0.003 0.047 0.019 0 0.018 11.573 0.011 11.582 12.251 0 12.254 11.985 0 11.993
0.043 0.003 0.046 0.017 0.001 0.018 11.333 0.004 11.334 11.972 0.00700000000000001 11.977 11.903 0 11.901
0.039 0.005 0.044 0.016 0.001 0.017 10.964 0.016 10.977 11.77 0 11.768 11.706 0 11.703
0.04 0.006 0.045 0.016 0.003 0.019 11.194 0.012 11.203 11.847 0 11.846 11.909 0 11.905
0.045 0.003 0.049 0.02 0 0.019 10.897 0.008 10.903 11.696 0.009 11.701 11.625 0 11.624
0.044 0.002 0.046 0.016 0.002 0.018 11.048 0.00899999999999999 11.053 11.906 0 11.904 11.751 0 11.748
0.043 0.004 0.047 0.017 0.001 0.018 11.208 0.013 11.218 11.931 0 11.928 11.889 0 11.887
0.043 0.003 0.046 0.016 0.002 0.018 10.717 0.006 10.726 11.314 0 11.315 11.154 0 11.158
0.04 0.002 0.042 0.016 0.001 0.017 10.957 0.01 10.964 11.852 0 11.849 11.8 0 11.798
0.044 0.002 0.046 0.014 0.004 0.018 11.45 0.014 11.461 12.156 0 12.154 12.072 0 12.069
0.045 0.003 0.048 0.017 0.001 0.018 11.273 0.012 11.282 11.962 0 11.96 11.896 0 11.893
0.044 0.002 0.045 0.016 0.00199999999999999 0.018 11.045 0.009 11.052 11.781 0 11.779 11.698 0 11.695
0.042 0.004 0.046 0.017 0.000999999999999994 0.018 11.78 0.016 11.792 12.47 0 12.468 12.368 0 12.365
0.045 0.00199999999999999 0.047 0.018 0 0.018 11.125 0.015 11.137 11.825 0 11.823 11.774 0 11.771
0.041 0.005 0.046 0.016 0.002 0.018 11.098 0.015 11.11 11.455 0.001 11.455 11.369 0 11.366
0.043 0.003 0.046 0.018 0 0.018 11.117 0.01 11.124 11.965 0 11.962 11.896 0.001 11.895
0.044 0.001 0.046 0.018 0.001 0.018 11.129 0.01 11.136 11.86 0 11.858 11.795 0 11.793
0.042 0.004 0.046 0.016 0.002 0.018 10.907 0.014 10.918 11.676 0 11.674 11.614 0 11.611
0.043 0.002 0.045 0.019 0 0.018 11.186 0.012 11.195 11.865 0 11.864 11.836 0 11.833
0.044 0.003 0.047 0.017 0.001 0.018 12.365 0.009 12.371 13.061 0 13.059 12.914 0 12.911
0.035 0.00700000000000001 0.041 0.015 0.00199999999999999 0.018 10.711 0.008 10.724 11.793 0 11.795 11.642 0 11.641
0.041 0.005 0.046 0.018 0 0.018 11.314 0.016 11.327 11.962 0.001 11.964 11.306 0 11.308
0.045 0.001 0.047 0.019 0 0.019 12.21 0.01 12.216 12.948 0 12.944 12.917 0.000999999999999994 12.916
0.04 0.002 0.042 0.018 0 0.017 10.67 0.014 10.692 11.504 0.006 11.514 11.525 0.001 11.524
0.046 0 0.046 0.017 0.001 0.018 10.929 0.007 10.932 11.711 0 11.71 11.666 0 11.663
0.041 0.004 0.046 0.017 0.001 0.018 11.102 0.011 11.11 11.852 0 11.848 11.735 0 11.734
0.04 0.000999999999999997 0.042 0.015 0.002 0.017 10.493 0.013 10.503 11.39 0 11.388 11.338 0 11.336
0.042 0.004 0.045 0.016 0.002 0.018 10.989 0.012 10.999 11.765 0 11.763 11.676 0 11.673
0.044 0.002 0.047 0.019 0 0.018 11.254 0.011 11.262 12.125 0.001 12.124 12.067 0 12.065
0.039 0.003 0.042 0.016 0.002 0.018 11 0.012 11.009 11.948 0 11.946 11.924 0 11.921
0.046 0 0.046 0.019 0 0.018 11.66 0.01 11.667 12.375 0.001 12.373 12.277 0 12.275
0.04 0.005 0.045 0.017 0.001 0.018 11.029 0.013 11.039 11.69 0 11.687 11.647 0 11.645
0.045 0.001 0.046 0.017 0.001 0.018 11.052 0.012 11.061 11.764 0 11.761 11.696 0 11.694
0.041 0.005 0.046 0.018 0 0.019 11.368 0.014 11.379 12.101 0 12.099 12.009 0 12.006
0.047 0.001 0.048 0.017 0.001 0.018 11.083 0.011 11.09 11.782 0 11.781 11.741 0 11.737
0.041 0.005 0.046 0.018 0 0.018 11.1 0.012 11.109 11.809 0 11.806 11.757 0 11.756
0.046 0.000999999999999994 0.047 0.015 0.003 0.018 11.097 0.021 11.115 11.847 0 11.846 11.792 0 11.79
0.041 0.001 0.042 0.014 0.004 0.018 10.908 0.009 10.914 11.834 0.001 11.833 11.921 0 11.919
0.04 0.006 0.046 0.018 0 0.018 11.334 0.009 11.34 12.021 0 12.018 11.937 0 11.935
0.043 0.004 0.046 0.015 0.003 0.018 11.382 0.008 11.387 12.059 0 12.057 12.025 0 12.022
0.039 0.003 0.042 0.015 0.002 0.017 10.57 0.015 10.59 11.386 0.002 11.39 11.246 0 11.251
0.041 0.005 0.046 0.015 0.003 0.018 10.973 0.014 10.984 11.749 0 11.746 11.465 0 11.47
0.046 0 0.046 0.017 0.002 0.019 11.627 0.006 11.63 12.343 0.001 12.341 12.341 0 12.338
0.04 0.005 0.046 0.018 0.001 0.018 11.358 0.017 11.373 12.018 0 12.017 11.97 0 11.967
0.041 0 0.042 0.017 0.001 0.017 10.713 0.015 10.726 11.602 0 11.6 11.562 0 11.56
0.044 0.002 0.046 0.017 0.002 0.018 12.284 0.012 12.293 12.789 0.002 12.789 12.902 0 12.899
0.047 0.004 0.051 0.016 0.00199999999999999 0.018 11 0.009 11.006 11.903 0 11.902 11.799 0 11.795
0.042 0.003 0.045 0.018 0.001 0.019 11.136 0.007 11.14 11.785 0.008 11.79 11.743 0 11.741
0.044 0.002 0.046 0.017 0.001 0.018 11.302 0.016 11.315 12.079 0 12.077 11.999 0 11.996
0.04 0.006 0.045 0.018 0 0.018 11.08 0.01 11.088 11.775 0 11.772 11.693 0 11.691
0.045 0.003 0.049 0.018 0.000999999999999994 0.018 12.37 0.011 12.378 13.033 0 13.03 12.863 0 12.86
0.043 0.003 0.046 0.017 0.001 0.018 11.452 0.012 11.46 12.159 0 12.157 12.083 0 12.081
0.043 0.003 0.045 0.017 0.001 0.019 10.79 0.01 10.798 11.432 0 11.429 11.373 0 11.371
0.038 0.004 0.042 0.016 0.001 0.017 10.956 0.014 10.967 11.752 0 11.75 11.663 0 11.66
0.046 0.001 0.047 0.017 0.000999999999999994 0.018 11.172 0.015 11.184 11.87 0.00199999999999999 11.87 11.81 0 11.807
0.041 0.004 0.046 0.017 0.002 0.018 11.576 0.01 11.582 12.366 0 12.364 12.262 0 12.259
0.043 0.00199999999999999 0.045 0.018 0 0.018 10.999 0.012 11.008 11.767 0.002 11.767 11.712 0 11.709
0.043 0.003 0.046 0.016 0.002 0.018 10.992 0.008 10.999 11.747 0 11.744 11.697 0 11.694
0.04 0.005 0.045 0.017 0.002 0.019 11.128 0.018 11.149 11.588 0 11.589 11.446 0 11.448
0.045 0.001 0.046 0.019 0 0.018 11.084 0.009 11.091 11.833 0 11.831 11.753 0 11.75
0.039 0.004 0.042 0.014 0.003 0.018 11.199 0.009 11.205 11.977 0.002 11.977 11.99 0 11.987
0.037 0.004 0.042 0.017 0 0.017 10.745 0.015 10.756 11.533 0 11.531 11.434 0 11.432
0.045 0.001 0.046 0.019 0 0.019 11.219 0.008 11.224 12.037 0 12.034 12.038 0 12.036
0.045 0 0.046 0.017 0.001 0.018 11.138 0.012 11.147 11.919 0.002 11.918 11.862 0 11.859
0.038 0.006 0.044 0.017 0 0.017 10.467 0.007 10.471 11.542 0.00700000000000001 11.547 11.466 0 11.464
0.042 0.003 0.046 0.015 0.004 0.018 10.99 0.01 10.998 11.705 0 11.702 11.677 0 11.676
0.044 0.002 0.046 0.017 0.001 0.018 10.87 0.01 10.877 11.632 0 11.63 11.607 0 11.605
0.045 0.001 0.046 0.015 0.003 0.018 11.316 0.011 11.324 11.96 0 11.958 11.941 0 11.938
0.044 0.001 0.046 0.015 0.003 0.018 10.994 0.013 11.003 11.728 0 11.727 11.664 0 11.66
0.044 0.003 0.047 0.019 0 0.019 11.334 0.009 11.34 12.074 0 12.072 11.953 0 11.95
0.042 0.003 0.045 0.016 0.003 0.019 11.141 0.00800000000000001 11.146 11.83 0.000999999999999994 11.829 11.771 0 11.769
0.042 0.004 0.046 0.018 0.001 0.019 11.21 0.011 11.219 11.896 0 11.893 11.837 0 11.834
0.045 0.002 0.046 0.018 0 0.019 11.668 0.012 11.677 12.316 0 12.312 12.271 0 12.27
0.042 0.003 0.046 0.018 0.001 0.019 11.418 0.012 11.425 12.086 0 12.085 12.051 0 12.049
0.038 0.004 0.042 0.017 0.001 0.018 10.804 0.009 10.81 11.584 0 11.582 11.53 0 11.528
0.043 0.003 0.046 0.015 0.003 0.019 11.084 0.017 11.098 11.845 0 11.841 11.74 0 11.738
0.047 0.001 0.048 0.015 0.004 0.019 11.23 0.01 11.236 11.978 0 11.976 11.926 0 11.924
0.045 0.001 0.046 0.013 0.005 0.018 11.046 0.009 11.052 11.709 0.006 11.713 11.655 0 11.653
0.042 0.004 0.045 0.016 0.002 0.018 11.168 0.008 11.174 11.954 0.001 11.952 11.914 0 11.912
0.038 0.003 0.042 0.015 0.003 0.017 10.883 0.019 10.9 11.602 0 11.599 11.584 0 11.582
0.044 0.002 0.046 0.018 0 0.018 11.192 0.012 11.201 11.993 0 11.99 12.048 0 12.046
0.045 0.001 0.046 0.018 0 0.018 11.13 0.007 11.135 11.88 0 11.878 11.824 0 11.82
0.046 0.00199999999999999 0.048 0.017 0.001 0.018 11.227 0.011 11.235 11.886 0 11.883 11.845 0 11.843
0.043 0.002 0.045 0.016 0.00199999999999999 0.018 10.968 0.011 10.977 11.659 0 11.657 11.565 0 11.563
0.044 0.002 0.046 0.016 0.002 0.018 11.155 0.011 11.163 11.978 0 11.976 11.931 0 11.929
0.045 0.001 0.046 0.014 0.004 0.018 11.06 0.009 11.066 11.77 0 11.768 11.692 0 11.691
0.045 0.001 0.047 0.016 0.003 0.018 11.168 0.012 11.178 11.896 0 11.893 11.835 0 11.832
0.039 0.007 0.046 0.016 0.002 0.018 11.009 0.006 11.012 11.739 0 11.737 11.668 0 11.665
0.041 0.005 0.046 0.017 0.001 0.019 11.408 0.007 11.411 12.14 0 12.138 12.019 0 12.017
0.039 0.002 0.041 0.016 0.002 0.018 10.849 0.011 10.857 11.706 0 11.705 11.83 0 11.826
0.043 0.003 0.046 0.016 0.002 0.018 11.157 0.012 11.166 11.896 0 11.894 11.846 0 11.843
0.044 0.003 0.047 0.018 0 0.018 10.871 0.011 10.879 11.707 0 11.705 11.62 0 11.617
0.044 0.002 0.046 0.018 0 0.019 11.246 0.012 11.255 11.91 0 11.907 11.891 0 11.889
0.045 0.000999999999999994 0.046 0.014 0.004 0.018 12.225 0.009 12.231 12.936 0 12.933 12.716 0.001 12.714
0.048 0.001 0.048 0.016 0.00199999999999999 0.018 11.088 0.009 11.095 11.805 0 11.802 11.745 0 11.743
0.044 0.003 0.046 0.018 0 0.019 11.499 0.012 11.508 12.194 0.001 12.193 12.086 0 12.084
0.042 0.004 0.045 0.015 0.003 0.018 11.075 0.00700000000000001 11.079 11.63 0 11.628 11.578 0 11.577
0.043 0.003 0.046 0.017 0.000999999999999994 0.018 11.385 0.00600000000000001 11.388 12.074 0 12.072 11.973 0 11.971
0.04 0.006 0.046 0.017 0.001 0.018 11.07 0.005 11.072 11.743 0.007 11.748 11.721 0 11.718
0.04 0.005 0.045 0.019 0 0.018 11.036 0.005 11.039 11.826 0.006 11.829 11.725 0 11.723
0.039 0.003 0.042 0.016 0.001 0.017 10.879 0.01 10.887 11.749 0 11.747 11.644 0 11.641
0.041 0.005 0.046 0.017 0.001 0.018 11.03 0.013 11.041 11.804 0 11.802 11.79 0 11.787
0.039 0.002 0.041 0.018 0 0.017 10.608 0.009 10.615 11.473 0 11.47 11.401 0 11.399
0.041 0.005 0.046 0.017 0.001 0.018 11.251 0.011 11.259 11.947 0.001 11.945 11.882 0 11.88
0.041 0.005 0.046 0.016 0.003 0.019 11.184 0.008 11.189 12.014 0 12.012 11.919 0 11.917
0.045 0.001 0.046 0.017 0.001 0.018 11.012 0.011 11.021 11.737 0 11.734 11.772 0 11.77
0.041 0.005 0.046 0.017 0.001 0.019 10.745 0.009 10.751 11.417 0 11.415 11.341 0 11.339
0.046 0 0.046 0.016 0.002 0.018 11.614 0.01 11.62 12.41 0 12.408 12.372 0 12.368
0.044 0.001 0.045 0.018 0 0.018 11.121 0.013 11.131 11.802 0 11.799 11.779 0 11.776
0.043 0.003 0.046 0.017 0.001 0.018 11.093 0.01 11.1 11.799 0 11.797 11.762 0 11.759
0.045 0.003 0.048 0.018 0 0.018 11.097 0.009 11.103 11.757 0 11.756 11.719 0 11.715
0.044 0.000999999999999994 0.045 0.018 0.001 0.019 11.044 0.00700000000000001 11.049 11.799 0 11.796 11.747 0 11.744
0.044 0.002 0.046 0.018 0.001 0.019 11.45 0.01 11.457 12.209 0.001 12.208 12.129 0 12.126
0.043 0.002 0.046 0.019 0 0.018 10.868 0.009 10.875 11.465 0 11.463 11.382 0 11.38
0.042 0.005 0.046 0.013 0.005 0.019 11.318 0.012 11.327 12.079 0 12.077 12.019 0 12.015
0.038 0.004 0.042 0.017 0.001 0.018 10.781 0.01 10.788 11.903 0 11.901 11.841 0 11.838
0.044 0.00199999999999999 0.046 0.017 0.001 0.018 11.192 0.009 11.198 11.934 0.001 11.934 11.547 0 11.545
0.039 0.003 0.042 0.016 0.002 0.017 11.052 0.012 11.061 11.879 0 11.877 11.792 0 11.791
0.037 0.004 0.042 0.016 0.002 0.017 10.804 0.00899999999999999 10.811 11.672 0 11.669 11.621 0 11.619
0.041 0.001 0.042 0.015 0.002 0.017 10.702 0.011 10.711 11.939 0 11.936 11.88 0 11.878
0.041 0.005 0.045 0.017 0.000999999999999994 0.018 11.017 0.01 11.025 11.745 0 11.741 11.387 0 11.385
0.043 0.003 0.046 0.018 0.000999999999999994 0.018 11.583 0.011 11.591 12.306 0 12.305 12.297 0 12.294
0.045 0.000999999999999994 0.046 0.015 0.003 0.018 11.322 0.008 11.327 12.05 0.001 12.048 12.014 0 12.012
0.041 0.006 0.047 0.016 0.002 0.019 11.313 0.005 11.314 11.965 0 11.962 11.936 0 11.934
0.043 0.002 0.046 0.017 0.00199999999999999 0.018 11.133 0.014 11.145 11.919 0 11.915 11.852 0 11.85
0.046 0.003 0.049 0.015 0.003 0.019 11.242 0.012 11.25 12.018 0 12.015 11.988 0 11.987
