0.266 0.024 0.288 0.246 0.017 0.264 102.462 0.113 102.553 117.573 0 117.553 116.971 0 116.951
0.268 0.02 0.289 0.242 0.022 0.263 102.863 0.126 102.974 117.481 0 117.454 117.257 0 117.244
0.264 0.02 0.283 0.235 0.023 0.259 101.908 0.089 101.975 118.186 0.003 118.163 117.854 0.058 117.923
0.257 0.028 0.285 0.243 0.015 0.259 103.729 0.158 103.864 119.96 0 119.934 119.583 0 119.557
0.26 0.023 0.283 0.242 0.016 0.257 101.172 0.122 101.352 117.158 0.003 117.22 116.649 0 116.642
0.26 0.029 0.289 0.25 0.012 0.262 104.11 0.112 104.199 119.98 0.02 119.972 119.956 0.029 119.96
0.264 0.027 0.292 0.251 0.016 0.267 104.069 0.118 104.165 119.477 0 119.451 119.319 0.001 119.295
0.261 0.03 0.293 0.25 0.015 0.265 104.378 0.081 104.436 120.292 0.003 120.27 120.271 0.00800000000000001 120.253
0.266 0.023 0.289 0.251 0.014 0.264 101.478 0.096 101.558 117.036 0.00800000000000001 117.02 116.606 0 116.598
0.266 0.024 0.29 0.251 0.014 0.266 102.912 0.14 103.029 119.607 0.001 119.584 119.661 0.005 119.641
0.266 0.023 0.288 0.252 0.00999999999999998 0.262 100.848 0.082 100.917 116.86 0.003 116.842 116.198 0.001 116.195
0.27 0.029 0.3 0.252 0.016 0.268 104.744 0.091 104.814 119.762 0.046 119.79 119.033 0.044 119.053
0.272 0.024 0.295 0.258 0.014 0.273 103.825 0.072 103.88 123.698 0.001 123.673 123.519 0 123.5
0.266 0.025 0.291 0.25 0.015 0.265 102.866 0.102 102.946 118.392 0 118.367 118.361 0 118.336
0.273 0.02 0.292 0.241 0.025 0.267 102.843 0.135 102.956 118.396 0.001 118.372 118.315 0.00599999999999995 118.295
0.261 0.028 0.289 0.246 0.016 0.262 102.613 0.101 102.692 117.954 0 117.928 117.989 0 117.963
0.267 0.023 0.289 0.241 0.023 0.265 102.634 0.125 102.734 118.613 0.03 118.613 118.791 0.001 118.762
0.261 0.029 0.289 0.247 0.018 0.265 102.137 0.105 102.228 117.388 0 117.361 116.969 0 116.969
0.263 0.027 0.29 0.253 0.011 0.264 102.589 0.093 102.661 118.637 0.002 118.612 117.776 0.016 117.77
0.264 0.028 0.292 0.253 0.015 0.268 102.871 0.175 103.024 118.337 0.002 118.312 118.397 0.028 118.398
0.263 0.029 0.291 0.255 0.012 0.267 103.027 0.11 103.114 118.168 0.004 118.146 118.189 0.023 118.186
0.267 0.023 0.29 0.249 0.017 0.266 103.026 0.118 103.123 118.569 0.016 118.56 117.336 0.023 117.341
0.267 0.024 0.292 0.251 0.014 0.265 103.3 0.134 103.412 118.961 0.00600000000000001 118.942 118.942 0.034 118.951
0.269 0.021 0.29 0.248 0.016 0.265 103.883 0.088 103.948 119.749 0 119.724 119.645 0 119.619
0.264 0.024 0.287 0.241 0.016 0.258 102.461 0.162 102.602 118.159 0 118.134 118.141 0 118.116
0.274 0.017 0.291 0.247 0.018 0.265 102.776 0.116 102.87 118.434 0.001 118.409 117.172 0.001 117.152
0.264 0.025 0.288 0.251 0.015 0.267 105.036 0.085 105.097 120.531 0 120.504 120.35 0 120.332
0.266 0.025 0.29 0.245 0.015 0.26 105.109 0.094 105.179 120.746 0.003 120.721 120.704 0.001 120.68
0.256 0.028 0.284 0.246 0.012 0.258 104.211 0.099 104.287 120.592 0.004 120.569 120.452 0.018 120.444
0.247 0.037 0.284 0.242 0.018 0.26 102.718 0.169 102.872 117.046 0.07 117.091 116.837 0.049 116.874
0.276 0.014 0.29 0.25 0.015 0.265 102.154 0.134 102.266 117.823 0 117.796 117.893 0 117.868
0.262 0.031 0.293 0.246 0.021 0.267 102.47 0.122 102.569 117.63 0 117.607 116.937 0 116.912
0.253 0.032 0.285 0.249 0.015 0.263 102.077 0.11 102.165 117.984 0.005 117.964 118.019 0.035 118.027
0.267 0.025 0.291 0.246 0.019 0.265 102.673 0.107 102.758 118.267 0.00700000000000001 118.249 118.144 0.027 118.144
0.266 0.025 0.291 0.249 0.016 0.266 103.876 0.119 103.973 119.852 0.036 119.861 119.808 0.026 119.808
0.257 0.027 0.284 0.242 0.018 0.259 102.722 0.107 102.807 119.006 0.00900000000000001 118.99 119.203 0.041 119.219
0.271 0.019 0.29 0.246 0.017 0.262 103.672 0.087 103.737 119.422 0.003 119.399 118.319 0 118.299
0.263 0.021 0.285 0.243 0.017 0.259 102.179 0.107 102.264 118.353 0.001 118.328 117.488 0 117.47
0.265 0.026 0.29 0.248 0.016 0.264 103.198 0.155 103.328 118.794 0.005 118.771 118.026 0.018 118.022
0.261 0.027 0.288 0.245 0.018 0.263 102.884 0.113 102.975 118.938 0.02 118.933 118.959 0.029 118.961
0.261 0.024 0.285 0.245 0.014 0.258 103.033 0.118 103.13 118.14 0.015 118.129 118.14 0.024 118.138
0.274 0.019 0.293 0.25 0.016 0.267 102.052 0.125 102.158 116.598 0.00600000000000001 116.581 116.384 0.022 116.4
0.265 0.026 0.291 0.249 0.019 0.267 101.871 0.105 101.954 117.406 0.038 117.419 117.672 0.016 117.662
0.249 0.035 0.283 0.239 0.018 0.258 101.968 0.071 102.016 117.637 0 117.612 117.869 0.001 117.845
0.267 0.022 0.289 0.25 0.018 0.267 102.611 0.098 102.687 117.941 0.002 117.916 118.184 0.001 118.159
0.257 0.033 0.29 0.25 0.015 0.265 102.643 0.165 102.786 118.561 0.001 118.535 118.633 0 118.607
0.26 0.031 0.291 0.251 0.015 0.266 102.559 0.101 102.639 118.688 0.028 118.691 118.534 0.00399999999999995 118.512
0.26 0.027 0.286 0.252 0.013 0.266 104.033 0.086 104.098 119.827 0.004 119.805 119.579 0 119.554
0.27 0.019 0.289 0.246 0.019 0.264 102.068 0.132 102.184 117.524 0.077 117.576 116.983 0.043 117.017
0.263 0.028 0.292 0.25 0.017 0.266 102.966 0.135 103.08 118.522 0.002 118.499 118.446 0 118.421
0.258 0.032 0.29 0.252 0.012 0.264 102.195 0.094 102.266 117.731 0.003 117.709 118.646 0.015 118.637
0.264 0.029 0.294 0.247 0.015 0.262 104.638 0.102 104.718 120.435 0.00600000000000001 120.414 120.354 0 120.328
0.265 0.027 0.292 0.244 0.022 0.266 102.448 0.114 102.541 117.949 0 117.924 117.908 0 117.883
0.263 0.026 0.289 0.257 0.00800000000000001 0.264 102.764 0.123 102.866 118.425 0.004 118.404 118.424 0.005 118.404
0.271 0.023 0.293 0.253 0.014 0.267 102.525 0.124 102.633 116.989 0 116.964 116.699 0 116.682
0.264 0.023 0.287 0.244 0.016 0.26 102.804 0.13 102.912 119.016 0.00999999999999995 119 118.984 0.029 118.988
0.263 0.025 0.287 0.243 0.019 0.262 102.284 0.132 102.394 117.243 0 117.226 116.797 0 116.773
0.271 0.019 0.29 0.248 0.016 0.264 103.895 0.176 104.046 119.621 0.061 119.653 119.729 0.064 119.761
0.268 0.029 0.296 0.255 0.016 0.271 102.856 0.107 102.942 118.387 0 118.361 117.873 0 117.852
0.266 0.025 0.291 0.247 0.019 0.266 101.39 0.083 101.458 116.636 0.013 116.622 116.253 0.038 116.29
0.258 0.026 0.284 0.241 0.017 0.257 102.6 0.088 102.678 118.76 0.001 118.736 118.733 0 118.708
0.265 0.031 0.296 0.254 0.017 0.27 103.13 0.118 103.228 119.162 0 119.135 119.105 0 119.08
0.259 0.033 0.292 0.249 0.017 0.266 103.453 0.095 103.527 119.765 0 119.74 119.591 0 119.567
0.252 0.037 0.288 0.245 0.017 0.262 102.104 0.092 102.173 117.825 0 117.799 117.782 0 117.756
0.254 0.033 0.287 0.248 0.014 0.262 102.142 0.082 102.201 118.115 0 118.089 118.166 0 118.141
0.267 0.025 0.292 0.247 0.019 0.266 104.173 0.104 104.254 119.937 0.046 119.957 118.821 0.026 118.827
0.263 0.026 0.289 0.249 0.014 0.263 102.271 0.142 102.39 117.711 0.002 117.687 117.699 0 117.673
0.261 0.03 0.292 0.246 0.021 0.267 103.314 0.109 103.4 118.821 0.003 118.796 118.802 0 118.775
0.267 0.024 0.291 0.252 0.014 0.266 102.575 0.091 102.644 118.253 0 118.227 118.302 0 118.275
0.255 0.029 0.283 0.252 0.012 0.264 102.593 0.095 102.667 118.279 0.015 118.266 118.25 0.041 118.263
0.266 0.024 0.289 0.251 0.015 0.266 103.022 0.098 103.098 118.559 0.002 118.535 118.452 0 118.426
0.267 0.023 0.29 0.249 0.017 0.264 102.197 0.096 102.273 117.947 0.002 117.925 117.957 0.024 117.957
0.269 0.027 0.296 0.253 0.014 0.266 104.559 0.123 104.661 120.311 0.087 120.373 120.059 0.022 120.055
0.261 0.031 0.292 0.254 0.015 0.269 103.068 0.094 103.139 118.695 0 118.669 118.694 0 118.667
0.271 0.019 0.29 0.247 0.018 0.265 103.756 0.099 103.832 119.648 0.004 119.625 119.538 0.022 119.533
0.274 0.017 0.291 0.253 0.014 0.266 103.18 0.13 103.289 118.726 0.001 118.7 118.606 0.004 118.588
0.27 0.022 0.291 0.249 0.018 0.267 102.246 0.101 102.325 118.528 0.005 118.508 118.503 0 118.478
0.264 0.027 0.29 0.248 0.017 0.265 102.603 0.165 102.747 118.443 0.001 118.42 118.457 0.001 118.433
0.267 0.024 0.291 0.251 0.016 0.268 102.801 0.112 102.89 118.269 0 118.243 117.468 0 117.449
0.264 0.024 0.287 0.252 0.011 0.263 102.33 0.096 102.406 118.142 0 118.116 117.232 0 117.211
0.264 0.02 0.284 0.246 0.015 0.261 102.833 0.107 102.917 118.625 0 118.596 118.559 0 118.531
0.27 0.025 0.294 0.253 0.015 0.268 102.745 0.16 102.884 118.346 0.001 118.322 118.464 0 118.438
0.259 0.03 0.289 0.247 0.015 0.263 102.32 0.125 102.421 117.911 0 117.886 117.082 0 117.065
0.259 0.029 0.288 0.246 0.017 0.263 102.304 0.175 102.457 118.041 0 118.016 118.116 0 118.091
0.262 0.026 0.288 0.241 0.022 0.263 103.8 0.126 103.904 119.529 0.072 119.583 118.334 0 118.309
0.262 0.022 0.285 0.251 0.014 0.264 102.694 0.087 102.76 117.915 0 117.889 118.074 0 118.049
0.265 0.026 0.291 0.248 0.015 0.263 104.936 0.139 105.051 121.227 0.004 121.204 121.267 0 121.241
0.264 0.025 0.288 0.251 0.011 0.262 103.306 0.123 103.405 118.915 0 118.888 118.959 0 118.933
0.265 0.024 0.288 0.247 0.016 0.263 102.262 0.116 102.355 118.039 0.066 118.081 118.024 0.063 118.06
0.257 0.028 0.285 0.243 0.016 0.259 101.861 0.121 101.959 118.207 0.004 118.186 118.312 0.013 118.299
0.267 0.024 0.29 0.25 0.014 0.264 103.709 0.152 103.848 119.195 0.003 119.17 118.753 0 118.75
0.27 0.021 0.291 0.247 0.018 0.265 105.976 0.126 106.079 121.647 0.001 121.623 121.713 0 121.687
0.27 0.021 0.29 0.248 0.017 0.266 102.034 0.105 102.123 117.146 0.045 117.165 116.552 0.002 116.553
0.27 0.021 0.291 0.246 0.018 0.265 102.698 0.119 102.795 118.311 0.002 118.288 118.572 0.023 118.569
0.26 0.026 0.286 0.248 0.013 0.261 102.567 0.16 102.705 118.602 0.058 118.635 118.5 0.059 118.534
0.267 0.022 0.289 0.254 0.00899999999999998 0.262 103.379 0.123 103.48 119.192 0.016 119.182 119.152 0.028 119.154
0.268 0.022 0.291 0.239 0.026 0.265 102.275 0.085 102.338 117.916 0.002 117.893 117.964 0.03 117.97
0.267 0.022 0.29 0.25 0.013 0.263 102.257 0.114 102.349 118.316 0 118.29 118.416 0.001 118.392
0.273 0.018 0.291 0.251 0.016 0.266 103.274 0.092 103.349 117.852 0.004 117.831 117.598 0.00900000000000001 117.589
0.267 0.025 0.291 0.25 0.015 0.265 102.601 0.186 102.765 118.713 0 118.688 118.549 0 118.522
0.255 0.027 0.283 0.251 0.012 0.261 103.068 0.089 103.135 119.054 0.084 119.112 118.991 0.046 119.011
0.26 0.022 0.282 0.243 0.015 0.258 103.981 0.087 104.042 119.299 0.00800000000000001 119.283 117.633 0.012 117.617
0.261 0.032 0.292 0.249 0.019 0.269 103.103 0.189 103.269 118.469 0.051 118.494 117.892 0.0570000000000001 117.93
0.264 0.021 0.285 0.246 0.018 0.265 101.827 0.114 101.926 117.051 0 117.024 116.714 0 116.719
0.262 0.03 0.292 0.249 0.018 0.266 102.947 0.103 103.029 118.125 0.002 118.102 118.042 0.00600000000000001 118.022
0.265 0.027 0.292 0.254 0.014 0.268 102.819 0.187 102.985 118.807 0.132 118.914 118.662 0.125 118.762
0.27 0.021 0.291 0.253 0.011 0.264 102.655 0.123 102.755 118.348 0.00599999999999995 118.329 118.297 0.024 118.295
0.266 0.025 0.291 0.252 0.012 0.263 102.225 0.115 102.318 117.985 0.013 117.973 117.14 0.035 117.16
0.269 0.024 0.294 0.251 0.017 0.267 103.175 0.136 103.29 119.043 0 119.018 117.994 0 117.977
0.264 0.024 0.288 0.246 0.015 0.26 102.87 0.109 102.963 117.95 0.002 117.926 118.197 0.019 118.197
0.269 0.023 0.292 0.25 0.016 0.266 102.652 0.127 102.754 118.345 0.00700000000000001 118.323 117.866 0.028 117.869
0.257 0.031 0.288 0.244 0.017 0.261 102.962 0.081 103.021 118.713 0.004 118.691 118.686 0.012 118.671
0.262 0.028 0.29 0.246 0.021 0.267 102.803 0.09 102.87 118.466 0 118.441 117.411 0.001 117.391
0.256 0.026 0.282 0.246 0.016 0.262 102.879 0.085 102.941 118.75 0.005 118.729 118.847 0.001 118.821
0.262 0.031 0.293 0.249 0.019 0.267 103.375 0.093 103.454 117.772 0 117.748 117.484 0 117.475
0.259 0.031 0.29 0.253 0.012 0.265 102.363 0.088 102.432 118.13 0 118.103 118.008 0 117.984
0.266 0.024 0.29 0.247 0.019 0.266 103.694 0.109 103.781 119.199 0.00600000000000001 119.18 119.098 0.03 119.103
0.279 0.03 0.308 0.257 0.019 0.276 108.573 0.066 108.619 124.509 0.004 124.49 124.358 0.002 124.337
0.263 0.026 0.289 0.248 0.017 0.264 102.444 0.151 102.572 118.074 0 118.045 118.094 0 118.066
0.262 0.023 0.285 0.246 0.013 0.259 102.206 0.116 102.299 118.473 0 118.446 118.372 0 118.346
0.257 0.032 0.288 0.252 0.013 0.266 102.933 0.097 103.006 118.696 0.004 118.674 118.496 0 118.469
0.268 0.023 0.291 0.248 0.017 0.265 102.81 0.092 102.879 118.551 0.037 118.562 118.461 0.04 118.476
0.263 0.021 0.284 0.249 0.011 0.26 103.525 0.081 103.583 120.178 0.002 120.153 120.048 0.00800000000000001 120.029
0.265 0.027 0.292 0.249 0.018 0.266 103.588 0.131 103.696 119.181 0.00399999999999995 119.159 118.721 0.035 118.738
0.257 0.027 0.284 0.244 0.015 0.259 102.552 0.089 102.619 118.292 0 118.267 118.309 0 118.283
0.263 0.028 0.291 0.251 0.015 0.265 102.753 0.091 102.823 117.596 0.005 117.586 117.055 0.002 117.037
0.268 0.025 0.293 0.256 0.013 0.268 103.577 0.093 103.652 119.926 0.00600000000000001 119.913 127.135 0.144 127.295
0.271 0.021 0.291 0.248 0.016 0.264 103.319 0.133 103.429 118.867 0.03 118.872 118.044 0.049 118.075
0.27 0.023 0.293 0.247 0.02 0.266 102.835 0.083 102.895 118.378 0 118.353 118.182 0 118.155
0.271 0.025 0.295 0.249 0.016 0.266 105.246 0.154 105.376 121.256 0.053 121.283 120.062 0.034 120.077
0.267 0.022 0.289 0.248 0.014 0.263 102.32 0.111 102.408 117.892 0.003 117.877 116.975 0.00900000000000001 116.961
0.27 0.021 0.29 0.247 0.017 0.264 102.708 0.099 102.787 118.364 0 118.338 118.638 0 118.612
0.276 0.029 0.335 0.259 0.019 0.278 108.372 0.113 108.463 123.791 0.00900000000000001 123.776 122.965 0.013 122.963
0.255 0.031 0.286 0.238 0.022 0.26 102.728 0.131 102.838 118.357 0.041 118.374 118.361 0.06 118.395
0.275 0.02 0.295 0.255 0.015 0.27 104.49 0.123 104.591 120.242 0 120.216 120.206 0 120.181
0.26 0.029 0.289 0.245 0.017 0.263 102.918 0.12 103.016 118.371 0.001 118.348 118.397 0.001 118.371
0.267 0.025 0.292 0.252 0.016 0.269 102.944 0.085 103.007 118.668 0.001 118.642 118.666 0.00600000000000001 118.646
0.266 0.023 0.288 0.248 0.015 0.263 103.234 0.141 103.354 117.859 0.068 117.908 117.568 0.001 117.552
0.265 0.029 0.295 0.252 0.013 0.264 105.061 0.073 105.112 121.109 0.001 121.085 120.992 0 120.965
0.269 0.021 0.29 0.245 0.019 0.264 102.484 0.143 102.604 118.163 0.053 118.188 118.162 0.042 118.177
0.273 0.024 0.296 0.256 0.012 0.268 104.983 0.104 105.063 120.764 0 120.736 119.811 0 119.792
0.262 0.027 0.289 0.245 0.018 0.263 101.582 0.076 101.643 117.037 0 117.02 116.29 0 116.286
0.262 0.028 0.289 0.248 0.015 0.264 102.538 0.115 102.63 118.412 0.00600000000000001 118.392 118.408 0.024 118.407
0.285 0.033 0.318 0.269 0.019 0.288 105.747 0.092 105.816 120.132 0.002 120.114 119.493 0 119.469
0.26 0.025 0.285 0.24 0.02 0.259 101.596 0.104 101.679 117.68 0.017 117.671 117.413 0.037 117.425
0.269 0.022 0.291 0.243 0.022 0.266 102.399 0.139 102.516 118.196 0 118.169 118.07 0 118.045
0.268 0.021 0.289 0.247 0.017 0.264 103 0.118 103.099 117.189 0 117.164 116.97 0 116.952
0.258 0.026 0.284 0.24 0.019 0.259 102.254 0.092 102.323 118.275 0 118.25 118.069 0.001 118.043
0.266 0.025 0.292 0.25 0.016 0.266 103.526 0.096 103.6 119.461 0.004 119.439 119.576 0.00900000000000001 119.559
0.265 0.025 0.29 0.253 0.012 0.264 102.938 0.126 103.043 118.189 0.001 118.171 117.093 0 117.066
0.265 0.032 0.297 0.251 0.015 0.267 104.009 0.096 104.089 119.349 0.001 119.324 118.738 0.001 118.728
0.265 0.027 0.292 0.254 0.011 0.266 102.659 0.108 102.744 118.629 0.00499999999999995 118.609 119.032 0.005 119.011
0.271 0.02 0.292 0.249 0.017 0.265 102.931 0.106 103.016 119.822 0.003 119.799 119.873 0.012 119.859
0.251 0.034 0.284 0.245 0.018 0.264 102.577 0.144 102.699 118.132 0.01 118.118 118.185 0.026 118.186
0.257 0.033 0.289 0.252 0.011 0.264 103.129 0.1 103.207 117.983 0.00600000000000001 117.971 117.506 0 117.486
0.255 0.03 0.284 0.243 0.016 0.259 102.687 0.127 102.793 118.521 0 118.496 118.478 0 118.459
0.276 0.017 0.292 0.249 0.017 0.266 102.278 0.087 102.343 117.99 0 117.966 118.015 0 117.99
0.262 0.029 0.291 0.246 0.015 0.261 102.239 0.087 102.304 117.985 0 117.959 118.011 0.017 118.002
0.257 0.026 0.283 0.241 0.017 0.258 101.732 0.122 101.836 118.315 0.055 118.342 117.768 0.063 117.813
0.27 0.024 0.294 0.253 0.016 0.269 103.38 0.13 103.488 118.919 0 118.893 118.491 0.002 118.475
0.269 0.016 0.284 0.25 0.01 0.261 101.772 0.085 101.843 116.673 0.001 116.649 116.234 0 116.231
0.275 0.019 0.294 0.254 0.015 0.269 103.743 0.097 103.818 119.244 0.041 119.259 118.936 0.035 118.951
0.267 0.025 0.292 0.248 0.016 0.265 103.327 0.136 103.44 119.477 0.079 119.531 119.109 0.048 119.137
0.267 0.023 0.29 0.244 0.019 0.263 103.105 0.16 103.243 118.412 0.004 118.39 118.373 0.024 118.371
0.269 0.027 0.297 0.248 0.02 0.268 102.479 0.131 102.589 118.43 0.035 118.439 117.278 0.033 117.293
0.259 0.034 0.294 0.25 0.017 0.266 102.465 0.114 102.56 118.254 0.056 118.284 118.158 0.074 118.208
0.267 0.025 0.292 0.244 0.022 0.266 102.829 0.106 102.912 118.71 0 118.685 117.398 0 117.375
0.271 0.021 0.292 0.252 0.013 0.265 102.872 0.134 102.983 118.547 0.002 118.523 117.301 0.003 117.283
0.272 0.019 0.29 0.252 0.013 0.265 102.426 0.073 102.477 117.417 0.001 117.401 117.209 0.001 117.201
0.257 0.034 0.291 0.251 0.014 0.265 102.623 0.089 102.693 118.314 0.003 118.292 118.135 0 118.116
0.269 0.023 0.292 0.245 0.021 0.266 103.423 0.111 103.513 119.066 0.05 119.091 118.527 0.041 118.548
0.265 0.025 0.29 0.25 0.015 0.264 102.813 0.178 102.97 118.556 0.128 118.664 117.304 0.124 117.401
0.263 0.026 0.289 0.252 0.012 0.264 102.706 0.134 102.817 118.333 0.003 118.312 117.474 0.00600000000000001 117.46
0.276 0.015 0.29 0.247 0.017 0.265 102.712 0.134 102.821 118.401 0.001 118.374 118.506 0 118.478
0.265 0.027 0.291 0.253 0.013 0.266 104.02 0.131 104.126 119.678 0.026 119.675 118.51 0.037 118.525
0.269 0.027 0.296 0.249 0.015 0.264 105.481 0.108 105.566 120.517 0.001 120.497 119.781 0 119.757
0.271 0.022 0.292 0.247 0.02 0.268 102.592 0.136 102.705 118.702 0.038 118.714 118.227 0.058 118.267
0.264 0.027 0.29 0.252 0.014 0.267 102.881 0.147 103.006 118.638 0.00600000000000001 118.618 118.033 0.024 118.037
0.261 0.028 0.289 0.25 0.013 0.263 100.905 0.086 100.976 116.603 0.003 116.583 116.055 0.02 116.07
0.266 0.023 0.29 0.249 0.015 0.264 103.208 0.16 103.346 118.415 0.041 118.431 118.431 0.043 118.449
0.255 0.031 0.285 0.25 0.00999999999999998 0.26 102.542 0.105 102.626 118.419 0.002 118.396 117.947 0.004 117.933
0.269 0.023 0.292 0.257 0.012 0.269 103.635 0.082 103.694 119.074 0.00600000000000001 119.054 118.342 0 118.322
0.273 0.028 0.301 0.257 0.02 0.277 106.034 0.071 106.086 121.758 0.011 121.747 121.601 0.001 121.58
0.269 0.018 0.287 0.249 0.015 0.264 103.471 0.131 103.579 119.365 0.012 119.35 119.065 0.015 119.061
0.262 0.031 0.293 0.256 0.014 0.27 103.301 0.119 103.397 118.886 0.001 118.861 118.388 0 118.37
0.258 0.033 0.291 0.252 0.015 0.267 103.556 0.1 103.634 118.897 0.001 118.872 118.964 0 118.937
0.269 0.021 0.291 0.256 0.00899999999999998 0.264 102.307 0.108 102.392 118.052 0.002 118.027 118.072 0 118.046
0.265 0.025 0.29 0.25 0.014 0.265 102.041 0.135 102.153 118.113 0.01 118.095 118.152 0.046 118.173
0.287 0.023 0.31 0.258 0.015 0.274 109.501 0.149 109.627 124.966 0.002 124.941 124.883 0.021 124.878
0.26 0.024 0.284 0.243 0.021 0.264 102.323 0.091 102.392 117.815 0.015 117.813 116.97 0.02 116.965
0.267 0.022 0.29 0.244 0.022 0.264 103.277 0.1 103.356 119.34 0.004 119.316 118.382 0.001 118.365
0.267 0.025 0.292 0.25 0.017 0.267 102.967 0.136 103.081 117.78 0 117.76 117.443 0 117.421
0.291 0.016 0.306 0.259 0.018 0.277 106.796 0.133 106.91 122.597 0.027 122.601 122.544 0.038 122.558
0.278 0.023 0.301 0.255 0.026 0.28 107.661 0.118 107.76 123.608 0.001 123.585 123.566 0.002 123.545
0.257 0.025 0.283 0.241 0.017 0.258 103.96 0.111 104.048 119.614 0.04 119.636 118.336 0.019 118.33
0.272 0.02 0.292 0.251 0.016 0.266 102.76 0.132 102.872 117.55 0 117.532 116.937 0 116.919
0.269 0.021 0.29 0.249 0.014 0.263 102.912 0.135 103.026 118.127 0 118.1 118.207 0 118.183
0.271 0.021 0.291 0.249 0.016 0.265 102.676 0.129 102.783 118.49 0.01 118.475 118.763 0.021 118.759
0.272 0.018 0.294 0.246 0.018 0.264 103.505 0.099 103.582 118.972 0 118.946 118.882 0 118.856
0.272 0.023 0.296 0.255 0.016 0.271 103.454 0.108 103.539 119.098 0.001 119.073 118.977 0 118.952
0.269 0.021 0.29 0.253 0.015 0.266 102.899 0.157 103.036 118.136 0.017 118.127 118.124 0.048 118.147
0.263 0.028 0.291 0.25 0.017 0.267 102.977 0.077 103.033 118.573 0 118.548 118.61 0 118.585
0.267 0.031 0.306 0.254 0.02 0.28 103.268 0.231 103.648 118.672 0.021 118.666 118.659 0.028 118.66
0.265 0.026 0.295 0.25 0.016 0.266 103.471 0.123 103.571 118.885 0 118.858 118.855 0 118.829
0.254 0.034 0.288 0.239 0.025 0.264 103.281 0.116 103.374 118.943 0.032 118.948 119.004 0.033 119.01
0.27 0.024 0.293 0.253 0.014 0.268 103.801 0.106 103.885 119.647 0.00700000000000001 119.628 119.535 0.001 119.51
0.263 0.027 0.29 0.246 0.018 0.264 102.802 0.085 102.865 118.445 0.001 118.42 118.49 0 118.464
0.259 0.032 0.291 0.245 0.021 0.265 102.44 0.085 102.503 118.177 0 118.149 118.121 0 118.094
0.268 0.023 0.291 0.247 0.017 0.265 104.324 0.098 104.399 120.47 0 120.447 119.139 0.001 119.115
0.262 0.029 0.292 0.246 0.019 0.264 103.151 0.159 103.288 118.448 0.01 118.43 118.455 0.029 118.458
0.262 0.029 0.29 0.252 0.013 0.265 103.034 0.091 103.104 118.59 0.002 118.568 118.495 0.013 118.482
0.261 0.03 0.29 0.245 0.021 0.266 101.528 0.12 101.634 116.785 0.035 116.795 116.377 0.024 116.388
0.271 0.023 0.293 0.249 0.017 0.266 103.387 0.077 103.442 118.896 0 118.873 118.037 0 118.012
0.261 0.025 0.285 0.24 0.019 0.259 103.636 0.116 103.73 119.374 0.001 119.349 119.65 0 119.624
0.268 0.023 0.291 0.242 0.022 0.264 103.468 0.107 103.553 118.986 0.002 118.969 117.93 0.01 117.916
0.266 0.025 0.291 0.244 0.016 0.26 104.575 0.146 104.699 120.617 0.022 120.612 120.616 0.028 120.618
0.262 0.032 0.294 0.257 0.013 0.27 101.808 0.117 101.91 117.388 0.002 117.364 116.791 0 116.786
0.264 0.027 0.291 0.257 0.011 0.268 103.11 0.123 103.212 118.082 0 118.062 117.57 0 117.544
0.259 0.031 0.291 0.241 0.023 0.264 102.82 0.097 102.895 118.403 0.001 118.377 118.344 0 118.319
0.268 0.028 0.295 0.248 0.019 0.267 102.411 0.105 102.505 116.985 0 116.959 116.712 0 116.714
0.27 0.022 0.291 0.248 0.018 0.266 102.366 0.127 102.471 118.12 0 118.094 118.081 0 118.056
0.265 0.029 0.293 0.245 0.019 0.264 103.064 0.142 103.184 118.972 0.00600000000000001 118.953 118.864 0 118.838
0.267 0.024 0.291 0.245 0.02 0.266 102.972 0.114 103.063 117.575 0.002 117.557 117.474 0.025 117.486
0.267 0.024 0.291 0.247 0.017 0.265 102.637 0.15 102.764 117.508 0.001 117.49 117.26 0 117.244
0.258 0.025 0.283 0.249 0.015 0.264 103.326 0.111 103.415 118.861 0.001 118.836 118.748 0 118.722
0.258 0.033 0.29 0.25 0.015 0.266 101.835 0.127 101.94 117.339 0.036 117.347 116.932 0.041 116.96
0.268 0.02 0.288 0.248 0.019 0.267 103.027 0.132 103.137 118.716 0.001 118.692 118.301 0 118.282
0.271 0.021 0.291 0.254 0.013 0.268 103.038 0.114 103.13 119.117 0.02 119.111 119.201 0.034 119.21
0.268 0.024 0.291 0.253 0.011 0.264 104.047 0.084 104.109 119.666 0.002 119.639 119.689 0.00299999999999995 119.666
0.274 0.018 0.292 0.254 0.012 0.266 102.691 0.12 102.79 118.503 0 118.477 118.112 0 118.092
0.272 0.018 0.29 0.249 0.016 0.265 101.11 0.146 101.241 117.1 0.001 117.078 116.435 0.001 116.425
0.262 0.027 0.29 0.246 0.017 0.263 102.341 0.098 102.415 117.869 0 117.843 117.092 0.001 117.074
0.266 0.026 0.293 0.248 0.017 0.265 101.607 0.118 101.712 116.958 0 116.933 116.652 0 116.652
0.268 0.022 0.29 0.242 0.022 0.264 102.28 0.096 102.355 118.006 0.00900000000000001 117.99 118.156 0.034 118.166
0.263 0.029 0.291 0.254 0.012 0.266 103.997 0.142 104.117 119.15 0.03 119.155 118.156 0.05 118.187
0.268 0.022 0.289 0.248 0.018 0.265 102.761 0.089 102.828 118.448 0 118.422 116.972 0 116.95
0.264 0.029 0.292 0.244 0.023 0.267 103.044 0.098 103.12 118.083 0.003 118.066 117.363 0.002 117.34
0.258 0.032 0.289 0.247 0.017 0.264 103.05 0.132 103.161 118.136 0.048 118.167 117.138 0.051 117.165
0.274 0.023 0.296 0.254 0.013 0.267 104.852 0.102 104.932 120.695 0 120.67 119.821 0.001 119.803
0.272 0.021 0.292 0.246 0.02 0.266 103.456 0.139 103.573 119.145 0.037 119.156 117.688 0.026 117.695
0.262 0.028 0.29 0.251 0.013 0.264 102.627 0.097 102.703 118.365 0 118.341 118.389 0 118.364
0.269 0.02 0.288 0.251 0.012 0.264 103.003 0.141 103.121 118.827 0.003 118.804 118.796 0.01 118.779
0.267 0.024 0.291 0.246 0.019 0.265 102.772 0.142 102.89 119.154 0 119.126 119.086 0 119.057
0.264 0.03 0.294 0.253 0.016 0.269 102.75 0.092 102.817 118.394 0 118.364 117.487 0 117.464
0.271 0.025 0.296 0.248 0.023 0.27 104.39 0.089 104.457 120.214 0 120.186 119.626 0.01 119.617
0.269 0.026 0.294 0.249 0.021 0.27 103.227 0.124 103.329 121.852 0.053 121.878 121.136 0.07 121.185
0.264 0.024 0.289 0.248 0.016 0.263 102.797 0.122 102.897 118.51 0.055 118.54 118.556 0.05 118.581
0.264 0.025 0.289 0.243 0.02 0.263 102.355 0.119 102.452 118.118 0 118.093 118.127 0 118.102
0.269 0.022 0.291 0.244 0.021 0.265 102.9 0.121 102.999 119.124 0.001 119.098 118.71 0 118.691
0.267 0.023 0.29 0.246 0.019 0.265 103.02 0.094 103.092 118.508 0.036 118.517 117.687 0.026 117.693
0.27 0.022 0.292 0.247 0.017 0.264 106.461 0.132 106.575 122.495 0.056 122.528 122.428 0.028 122.434
0.27 0.021 0.292 0.243 0.022 0.264 103.224 0.108 103.31 118.887 0 118.861 118.368 0 118.349
0.271 0.02 0.291 0.246 0.018 0.264 102.45 0.11 102.537 117.99 0.002 117.965 118.011 0.002 117.987
0.264 0.027 0.29 0.251 0.014 0.264 104.32 0.162 104.46 120.035 0.137 120.146 120.05 0.046 120.069
0.272 0.023 0.295 0.25 0.018 0.269 103.387 0.093 103.456 118.723 0.01 118.707 117.913 0.037 117.932
0.26 0.033 0.293 0.249 0.018 0.267 102.838 0.105 102.921 117.609 0 117.592 117.157 0.01 117.146
0.267 0.022 0.288 0.248 0.017 0.265 102.986 0.114 103.079 118.846 0.021 118.839 118.857 0.00600000000000001 118.836
0.266 0.024 0.289 0.244 0.02 0.264 102.354 0.087 102.419 117.699 0.00900000000000001 117.691 116.851 0.019 116.845
0.264 0.028 0.292 0.248 0.017 0.265 103.311 0.114 103.403 119.158 0 119.131 119.042 0.001 119.017
0.263 0.025 0.289 0.245 0.017 0.261 101.862 0.149 101.996 117.08 0.004 117.058 116.612 0 116.601
0.36 0.048 0.409 0.338 0.023 0.363 140.781 0.15 141.099 162.102 0.001 162.295 162.185 0 162.378
0.264 0.026 0.289 0.252 0.012 0.265 102.947 0.143 103.066 118.59 0.069 118.631 118.667 0.067 118.707
0.268 0.021 0.289 0.246 0.017 0.263 102.918 0.107 103.002 118.741 0.002 118.718 117.401 0 117.381
0.264 0.025 0.289 0.25 0.013 0.264 102.543 0.094 102.615 118.342 0.003 118.323 116.977 0 116.956
0.285 0.024 0.309 0.264 0.019 0.283 109.316 0.106 109.4 124.867 0.049 124.89 124.987 0.048 125.009
0.273 0.027 0.3 0.253 0.017 0.269 104.58 0.148 104.707 120.224 0.003 120.2 120.12 0.001 120.096
0.261 0.028 0.289 0.25 0.013 0.263 104.373 0.122 104.475 119.975 0.03 119.979 120.009 0.034 120.018
0.37 0.033 0.403 0.344 0.021 0.366 139.366 0.175 139.705 160.789 0.098 161.077 160.8 0.072 161.062
0.26 0.032 0.291 0.251 0.015 0.266 103.132 0.189 103.3 118.261 0.021 118.262 117.528 0.001 117.503
0.272 0.021 0.293 0.251 0.017 0.267 102.739 0.075 102.793 117.774 0.004 117.761 117.403 0 117.387
0.265 0.024 0.289 0.246 0.017 0.263 103.758 0.083 103.819 119.828 0.001 119.803 119.721 0 119.695
0.282 0.023 0.305 0.267 0.012 0.278 108.237 0.155 108.371 124.085 0.04 124.101 124.058 0.025 124.06
0.287 0.023 0.31 0.272 0.014 0.285 110.227 0.124 110.332 128.934 0.058 128.967 128.851 0.043 128.871
0.263 0.026 0.288 0.247 0.017 0.265 103.061 0.112 103.151 118.883 0 118.857 118.796 0 118.769
0.257 0.033 0.29 0.251 0.014 0.264 102.309 0.128 102.413 118.017 0 117.991 117.985 0 117.957
0.268 0.022 0.29 0.252 0.014 0.265 102.508 0.098 102.583 118.093 0.001 118.071 117.422 0.001 117.398
0.268 0.023 0.291 0.25 0.015 0.265 103.417 0.094 103.488 119.172 0.001 119.145 119.356 0 119.329
0.267 0.022 0.289 0.242 0.022 0.264 102.456 0.135 102.569 118.118 0.00900000000000001 118.101 118.125 0.037 118.138
0.258 0.026 0.284 0.24 0.017 0.257 103.215 0.116 103.309 118.679 0 118.654 118.688 0.023 118.685
0.266 0.023 0.29 0.243 0.022 0.265 102.909 0.102 102.989 118.455 0 118.429 118.467 0 118.441
0.267 0.021 0.288 0.248 0.018 0.266 103.005 0.077 103.06 118.401 0.001 118.376 118.423 0 118.398
0.266 0.028 0.294 0.25 0.02 0.27 103.452 0.139 103.568 120.537 0.001 120.512 120.478 0 120.453
0.263 0.025 0.288 0.25 0.015 0.264 102.712 0.1 102.79 118.535 0 118.508 118.519 0 118.492
0.268 0.025 0.294 0.25 0.016 0.266 102.814 0.129 102.92 118.066 0.001 118.046 117.391 0.002 117.366
0.259 0.03 0.29 0.253 0.012 0.264 101.579 0.128 101.691 116.964 0.00299999999999995 116.942 116.42 0 116.41
0.267 0.026 0.294 0.254 0.015 0.268 103.278 0.136 103.393 120.917 0.024 120.92 120.245 0.044 120.263
0.272 0.014 0.287 0.248 0.018 0.265 100.906 0.096 100.989 116.757 0 116.735 116.284 0 116.278
0.271 0.025 0.296 0.253 0.014 0.267 105.008 0.134 105.12 120.539 0.003 120.517 120.507 0 120.482
0.256 0.035 0.291 0.251 0.016 0.266 102.712 0.13 102.821 118.586 0 118.561 118.506 0 118.481
0.263 0.021 0.284 0.243 0.015 0.259 104.055 0.089 104.121 120.033 0 120.008 119.989 0 119.962
0.272 0.02 0.292 0.25 0.017 0.266 103.876 0.111 103.966 118.297 0 118.278 118.056 0 118.042
0.266 0.026 0.292 0.253 0.016 0.269 104.096 0.089 104.164 119.41 0.003 119.394 118.464 0.019 118.459
0.254 0.035 0.289 0.247 0.018 0.265 103.362 0.094 103.508 118.956 0.00700000000000001 119.017 118.992 0.00600000000000001 119.057
0.257 0.027 0.283 0.24 0.017 0.257 103.732 0.132 103.843 119.679 0.052 119.703 118.986 0.044 119.012
0.266 0.027 0.293 0.254 0.013 0.267 102.418 0.106 102.503 118.148 0.004 118.127 118.146 0.002 118.123
0.267 0.026 0.293 0.25 0.017 0.267 101.818 0.12 101.916 117.529 0 117.5 116.922 0 116.911
0.259 0.032 0.291 0.241 0.02 0.261 102.026 0.143 102.147 117.977 0 117.951 117.826 0 117.808
0.254 0.035 0.288 0.246 0.014 0.261 103.438 0.091 103.507 119.57 0 119.544 119.139 0 119.12
0.263 0.027 0.29 0.239 0.025 0.263 102.769 0.162 102.909 118.581 0.046 118.601 118.448 0.02 118.442
0.267 0.024 0.291 0.249 0.018 0.267 103.285 0.11 103.374 118.982 0.001 118.956 118.517 0.012 118.511
0.259 0.03 0.29 0.238 0.025 0.263 101.521 0.193 101.699 117.917 0.106 118.001 117.272 0.076 117.34
0.27 0.021 0.29 0.248 0.016 0.264 102.718 0.135 102.831 118.746 0.001 118.721 118.739 0 118.712
0.266 0.026 0.292 0.248 0.018 0.266 103.466 0.116 103.561 119.31 0.002 119.286 119.111 0.00600000000000001 119.091
0.251 0.034 0.285 0.248 0.016 0.263 102.919 0.103 103.001 118.563 0 118.537 118.676 0 118.65
0.261 0.03 0.29 0.25 0.016 0.267 103.054 0.097 103.128 118.529 0.041 118.544 117.435 0.031 117.446
0.268 0.024 0.292 0.248 0.016 0.264 103.754 0.111 103.842 120.07 0.033 120.081 118.036 0.039 118.05
0.271 0.019 0.289 0.247 0.017 0.265 102.495 0.101 102.573 117.852 0 117.832 117.232 0 117.211
0.263 0.026 0.289 0.249 0.014 0.263 103.811 0.11 103.901 119.083 0.004 119.069 117.969 0 117.944
0.26 0.032 0.292 0.25 0.018 0.268 102.649 0.107 102.734 118.381 0.00600000000000001 118.361 116.302 0.044 116.325
0.27 0.021 0.292 0.252 0.014 0.265 103.172 0.132 103.283 117.708 0.044 117.735 117.334 0.036 117.358
0.263 0.029 0.293 0.246 0.019 0.265 102.977 0.117 103.071 118.427 0 118.402 117.976 0 117.959
0.271 0.019 0.29 0.245 0.02 0.266 102.92 0.091 102.985 117.922 0.00600000000000001 117.901 117.906 0.038 117.915
0.264 0.027 0.29 0.252 0.015 0.267 102.817 0.103 102.895 118.797 0.001 118.768 117.531 0.001 117.51
0.27 0.027 0.298 0.261 0.012 0.272 102.667 0.11 102.756 118.544 0 118.516 117.527 0 117.507
0.258 0.031 0.29 0.245 0.02 0.264 102.868 0.107 102.953 118.617 0.003 118.595 118.612 0 118.587
0.268 0.023 0.29 0.251 0.014 0.264 104.434 0.127 104.54 120.065 0.038 120.077 119.069 0.04 119.09
0.263 0.025 0.288 0.245 0.018 0.263 102.226 0.102 102.307 117.999 0.001 117.975 117.867 0 117.841
0.266 0.025 0.291 0.252 0.016 0.266 102.249 0.141 102.368 118.17 0.00700000000000001 118.151 118.537 0.026 118.546
0.264 0.026 0.289 0.245 0.018 0.264 103.197 0.083 103.257 118.926 0.003 118.905 118.16 0.018 118.16
0.258 0.033 0.293 0.253 0.012 0.265 104.602 0.102 104.683 120.01 0 119.986 119.918 0 119.894
0.264 0.028 0.293 0.247 0.018 0.264 102.869 0.145 102.992 118.471 0 118.445 117.428 0 117.407
0.263 0.028 0.291 0.247 0.019 0.266 102.705 0.167 102.851 117.709 0.068 117.758 117.197 0.066 117.239
0.272 0.032 0.304 0.259 0.018 0.277 106.479 0.108 106.568 122.002 0.071 122.051 121.986 0.062 122.026
0.267 0.025 0.292 0.249 0.017 0.266 103.991 0.176 104.144 119.653 0.001 119.627 119.625 0 119.598
0.26 0.035 0.294 0.249 0.017 0.265 103.174 0.136 103.29 118.703 0.042 118.721 118.69 0.001 118.667
0.266 0.022 0.289 0.24 0.023 0.263 102.599 0.112 102.689 118.296 0.002 118.272 117.359 0 117.34
0.266 0.023 0.288 0.246 0.016 0.263 102.774 0.134 102.887 118.491 0.002 118.466 118.404 0.003 118.381
0.26 0.024 0.284 0.241 0.022 0.263 102.86 0.085 102.922 117.324 0 117.307 117.042 0 117.026
0.259 0.035 0.295 0.249 0.017 0.265 104.198 0.092 104.27 120.179 0 120.153 120.151 0 120.126
0.285 0.03 0.315 0.267 0.022 0.289 108.039 0.1 108.126 123.204 0 123.179 122.427 0 122.425
0.269 0.024 0.292 0.25 0.016 0.266 102.837 0.089 102.905 117.812 0 117.79 117.264 0 117.241
0.267 0.022 0.289 0.243 0.019 0.263 102.592 0.141 102.71 118.563 0.003 118.54 118.508 0.001 118.482
0.267 0.023 0.291 0.243 0.022 0.265 102.385 0.176 102.538 118.239 0.024 118.237 118.267 0.004 118.246
0.263 0.023 0.286 0.241 0.018 0.259 102.31 0.105 102.393 116.967 0 116.949 116.671 0.001 116.654
0.262 0.029 0.292 0.251 0.015 0.266 103.145 0.13 103.254 117.972 0.003 117.957 117.657 0 117.637
0.255 0.028 0.283 0.243 0.015 0.258 100.79 0.126 100.902 116.736 0 116.712 116.173 0 116.17
0.264 0.029 0.292 0.247 0.019 0.266 101.959 0.122 102.069 116.85 0.001 116.825 116.475 0.005 116.467
0.274 0.029 0.303 0.259 0.018 0.277 107.991 0.1 108.07 123.913 0.005 123.895 123.793 0.04 123.809
0.281 0.026 0.306 0.264 0.016 0.28 108.535 0.129 108.643 124.786 0.001 124.763 124.697 0 124.675
0.268 0.023 0.291 0.252 0.014 0.265 101.695 0.118 101.796 117.752 0 117.727 117.083 0 117.08
0.264 0.03 0.293 0.254 0.013 0.267 103.377 0.129 103.485 118.479 0.001 118.461 117.85 0 117.826
0.258 0.025 0.283 0.237 0.025 0.262 103.91 0.098 103.985 119.707 0.005 119.686 119.804 0.02 119.798
0.255 0.03 0.284 0.247 0.012 0.259 103.373 0.118 103.471 119.248 0.05 119.273 119.046 0.031 119.051
0.262 0.027 0.288 0.247 0.018 0.265 102.343 0.117 102.445 118.048 0.041 118.064 117.573 0 117.571
0.268 0.022 0.29 0.248 0.018 0.266 103.738 0.097 103.812 119.27 0.004 119.249 119.125 0.036 119.135
0.261 0.03 0.291 0.248 0.019 0.267 103.115 0.096 103.189 118.603 0 118.577 118.507 0 118.482
0.269 0.023 0.291 0.252 0.015 0.267 103.544 0.101 103.625 119.133 0.003 119.109 119.012 0.025 119.012
0.264 0.024 0.288 0.25 0.014 0.264 102.834 0.111 102.921 117.579 0.002 117.56 117.306 0.027 117.312
0.27 0.021 0.291 0.24 0.025 0.265 102.436 0.11 102.525 118.122 0 118.096 118.045 0 118.02
0.258 0.026 0.284 0.244 0.015 0.259 103.796 0.103 103.877 119.381 0.01 119.366 119.349 0.044 119.367
0.261 0.029 0.29 0.255 0.00800000000000001 0.264 103.123 0.091 103.194 117.647 0 117.63 117.474 0 117.46
0.262 0.028 0.289 0.25 0.018 0.267 104.7 0.109 104.787 120.411 0.003 120.388 120.375 0 120.349
0.26 0.029 0.289 0.253 0.012 0.265 103.55 0.079 103.607 119.025 0.001 119 119.007 0 118.981
0.272 0.019 0.291 0.252 0.015 0.266 103.079 0.095 103.153 117.904 0 117.884 117.342 0 117.32
0.277 0.014 0.291 0.249 0.016 0.266 102.209 0.16 102.344 117.958 0.003 117.934 117.931 0.003 117.908
0.265 0.023 0.288 0.246 0.017 0.262 101.809 0.175 101.968 116.944 0.005 116.924 116.592 0.013 116.6
0.264 0.027 0.291 0.253 0.015 0.268 102.085 0.089 102.159 117.331 0 117.307 116.952 0 116.943
0.266 0.023 0.289 0.251 0.014 0.265 102.326 0.128 102.43 118.163 0 118.137 118.177 0 118.151
0.367 0.035 0.403 0.34 0.025 0.365 139.813 0.148 140.126 164.41 0.001 164.605 164.392 0.003 164.588
0.362 0.04 0.403 0.34 0.023 0.363 139.585 0.151 139.902 162.026 0.012 162.231 162.57 0.035 162.8
0.27 0.025 0.294 0.253 0.016 0.27 102.499 0.114 102.591 118.294 0.00700000000000001 118.276 117.678 0.003 117.66
0.262 0.027 0.29 0.248 0.016 0.263 102.396 0.12 102.494 118.368 0.054 118.396 118.462 0.056 118.492
0.27 0.028 0.298 0.251 0.015 0.266 104.966 0.093 105.036 120.688 0.005 120.666 119.569 0.001 119.551
0.263 0.028 0.29 0.246 0.019 0.265 102.81 0.106 102.894 118.459 0.001 118.433 116.987 0 116.966
0.269 0.021 0.29 0.247 0.018 0.265 102.306 0.161 102.444 117.55 0.024 117.554 117.094 0.039 117.115
0.276 0.015 0.29 0.246 0.019 0.265 102.405 0.059 102.445 118.175 0 118.15 118.238 0.001 118.214
0.258 0.028 0.286 0.246 0.014 0.26 102.079 0.121 102.176 117.991 0 117.965 117.358 0 117.34
0.26 0.027 0.287 0.246 0.017 0.263 102.422 0.164 102.565 118.114 0 118.089 118.116 0 118.091
0.259 0.035 0.294 0.252 0.015 0.267 102.671 0.089 102.738 118.344 0.001 118.32 118.359 0 118.332
0.281 0.023 0.305 0.262 0.014 0.276 106.561 0.158 106.699 122.193 0 122.173 122.071 0 122.05
0.261 0.024 0.285 0.239 0.02 0.259 102.819 0.102 102.897 118.672 0.056 118.7 118.129 0.04 118.147
0.259 0.028 0.286 0.24 0.02 0.26 102.386 0.081 102.443 118.077 0.001 118.051 117.833 0.005 117.819
0.268 0.021 0.289 0.248 0.016 0.265 102.352 0.13 102.461 118.052 0.028 118.054 118.009 0.051 118.034
0.269 0.022 0.291 0.252 0.015 0.267 103.891 0.135 104.005 119.719 0.056 119.75 118.617 0.034 118.634
0.267 0.022 0.288 0.245 0.018 0.264 101.877 0.131 101.995 116.971 0.001 116.947 116.662 0 116.666
0.271 0.02 0.29 0.245 0.02 0.265 103.302 0.135 103.417 118.661 0 118.635 117.761 0 117.742
0.26 0.022 0.282 0.248 0.014 0.261 101.342 0.161 101.484 116.567 0.001 116.54 116.138 0.001 116.129
0.261 0.023 0.284 0.249 0.014 0.263 102.523 0.113 102.614 118.323 0.053 118.35 118.039 0.036 118.058
0.267 0.022 0.289 0.251 0.016 0.267 102.611 0.094 102.685 118.104 0.019 118.099 118.201 0.05 118.228
0.277 0.02 0.297 0.253 0.016 0.269 103.469 0.111 103.559 119.171 0 119.147 119.168 0.003 119.148
0.258 0.034 0.292 0.248 0.017 0.265 102.755 0.128 102.862 117.495 0.001 117.476 117.019 0 116.997
0.262 0.028 0.29 0.25 0.016 0.265 102.902 0.134 103.014 118.34 0 118.314 116.866 0 116.846
0.257 0.027 0.285 0.246 0.013 0.258 103.079 0.097 103.154 118.542 0.005 118.52 118.557 0.016 118.547
0.279 0.022 0.302 0.262 0.016 0.278 106.467 0.116 106.563 121.979 0 121.957 122.021 0 121.997
0.258 0.026 0.284 0.24 0.018 0.259 102.935 0.104 103.018 118.609 0.003 118.586 118.535 0 118.511
0.273 0.017 0.291 0.245 0.015 0.26 102.279 0.141 102.395 118.135 0.011 118.12 118.005 0.011 117.99
0.262 0.03 0.292 0.248 0.018 0.266 104.099 0.098 104.175 119.755 0.002 119.731 119.417 0 119.4
0.365 0.04 0.405 0.342000000000001 0.026 0.369000000000001 140.375 0.161 140.701 161.382 0.001 161.575 160.34 0 160.529
0.263 0.028 0.291 0.248 0.018 0.265 102.379 0.093 102.452 118.061 0 118.034 118.21 0 118.184
0.263 0.028 0.291 0.249 0.016 0.266 102.677 0.118 102.771 117.481 0.001 117.462 117.041 0.001 117.02
0.259 0.027 0.286 0.244 0.019 0.262 102.513 0.099 102.59 118.216 0.032 118.221 118.245 0.045 118.263
0.265 0.025 0.291 0.248 0.017 0.265 102.592 0.107 102.677 117.228 0.002 117.212 116.922 0 116.905
0.266 0.025 0.291 0.251 0.015 0.266 102.44 0.099 102.516 117.22 0 117.2 116.727 0 116.701
0.259 0.026 0.284 0.244 0.018 0.263 103.064 0.088 103.13 118.834 0.001 118.81 118.797 0 118.77
0.254 0.03 0.284 0.241 0.018 0.259 102.273 0.106 102.357 118.034 0 118.01 118.069 0 118.045
0.264 0.028 0.291 0.253 0.012 0.264 103.42 0.108 103.507 119.256 0.017 119.247 119.1 0.016 119.09
0.264 0.027 0.291 0.246 0.019 0.265 102.457 0.147 102.581 118.246 0.004 118.222 118.219 0 118.192
0.278 0.031 0.31 0.268 0.017 0.285 109.484 0.098 109.559 125.614 0.001 125.589 126.666 0.039 126.677
0.268 0.025 0.292 0.252 0.015 0.267 102.756 0.111 102.846 118.219 0.001 118.196 118.397 0 118.372
0.269 0.017 0.286 0.252 0.013 0.265 102.723 0.115 102.815 118.473 0 118.446 118.557 0.01 118.541
0.272 0.02 0.292 0.246 0.014 0.259 103.999 0.085 104.069 119.325 0.00800000000000001 119.307 118.942 0.019 118.95
0.268 0.023 0.29 0.252 0.013 0.265 101.613 0.1 101.697 117.261 0.00600000000000001 117.242 116.806 0 116.799
0.266 0.03 0.296 0.255 0.014 0.27 103.534 0.112 103.623 118.296 0.002 118.28 117.581 0.001 117.557
0.262 0.024 0.287 0.241 0.023 0.263 102.926 0.111 103.015 118.57 0 118.544 118.469 0 118.445
0.261 0.027 0.289 0.248 0.017 0.264 102.612 0.166 102.757 118.012 0.004 117.99 117.828 0 117.802
0.285 0.02 0.305 0.26 0.019 0.278 107.375 0.099 107.455 123.072 0.001 123.048 123.115 0.00999999999999995 123.101
0.274 0.037 0.311 0.268 0.014 0.282 110.357 0.082 110.418 126.451 0 126.427 126.414 0 126.389
0.258 0.025 0.283 0.246 0.015 0.261 103.363 0.076 103.418 119.124 0 119.099 119.049 0 119.024
0.254 0.03 0.283 0.245 0.015 0.26 102.911 0.114 103.003 118.564 0.001 118.54 118.489 0 118.464
0.263 0.029 0.292 0.258 0.00900000000000001 0.267 103.902 0.144 104.023 119.658 0.062 119.693 119.487 0.04 119.501
0.258 0.031 0.289 0.247 0.018 0.265 103.193 0.074 103.246 118.936 0.004 118.914 118.928 0.00600000000000001 118.909
0.262 0.03 0.292 0.251 0.016 0.267 102.754 0.164 102.896 118.353 0 118.328 118.248 0 118.222
0.263 0.029 0.291 0.246 0.019 0.266 102.164 0.103 102.251 117.46 0 117.436 117.003 0.001 116.991
0.262 0.026 0.288 0.253 0.012 0.264 103.122 0.161 103.26 118.842 0.002 118.818 118.839 0.00600000000000001 118.819
0.259 0.025 0.284 0.246 0.017 0.263 103.172 0.18 103.331 119.49 0.073 119.538 119.345 0.00800000000000001 119.328
0.271 0.028 0.299 0.249 0.019 0.268 103.869 0.084 103.937 119.14 0.003 119.118 118.627 0 118.619
0.265 0.022 0.287 0.247 0.015 0.262 100.849 0.126 100.959 116.737 0 116.712 116.185 0 116.191
0.265 0.024 0.289 0.246 0.02 0.266 102.556 0.091 102.624 118.103 0 118.077 118.111 0 118.086
0.262 0.027 0.289 0.253 0.012 0.263 104.113 0.097 104.189 119.656 0.001 119.631 119.635 0 119.609
0.264 0.033 0.298 0.253 0.015 0.267 104.686 0.131 104.796 120.462 0.002 120.436 119.683 0.001 119.664
0.274 0.016 0.289 0.241 0.018 0.259 103.242 0.096 103.317 118.918 0.00199999999999995 118.894 118.706 0 118.68
0.265 0.024 0.289 0.252 0.013 0.265 103.058 0.086 103.121 118.745 0.001 118.72 117.28 0 117.258
0.259 0.032 0.291 0.248 0.017 0.265 102.706 0.124 102.808 117.532 0 117.512 117.042 0 117.019
0.261 0.027 0.288 0.249 0.016 0.263 103.214 0.131 103.325 119.066 0 119.041 118.929 0 118.906
0.271 0.03 0.3 0.258 0.011 0.269 106.049 0.101 106.126 121.848 0.001 121.828 119.825 0 119.799
0.267 0.024 0.291 0.251 0.014 0.265 102.551 0.111 102.64 118.383 0.001 118.358 118.283 0 118.258
0.268 0.02 0.288 0.249 0.015 0.264 102.819 0.114 102.911 118.396 0.041 118.411 117.961 0.033 117.977
0.261 0.026 0.287 0.249 0.012 0.261 102.491 0.098 102.565 118.212 0.003 118.187 118.297 0.004 118.273
0.261 0.028 0.29 0.249 0.016 0.265 103.085 0.151 103.214 118.604 0.066 118.648 117.212 0.06 117.248
0.265 0.023 0.287 0.246 0.015 0.261 103.461 0.117 103.556 119.158 0.004 119.134 118.794 0.001 118.775
0.274 0.023 0.298 0.257 0.011 0.267 103.495 0.118 103.598 118.732 0.002 118.708 118.313 0 118.3
0.274 0.016 0.29 0.238 0.027 0.264 102.705 0.171 102.855 118.446 0.002 118.423 118.482 0 118.457
0.271 0.021 0.292 0.255 0.012 0.267 102.952 0.102 103.033 118.71 0.002 118.687 117.769 0.013 117.765
0.267 0.021 0.288 0.252 0.011 0.261 102.244 0.138 102.361 117.9 0.06 117.936 117.977 0.029 117.981
0.258 0.028 0.285 0.246 0.013 0.26 102.314 0.11 102.426 118.417 0.002 118.392 118.731 0 118.715
0.267 0.021 0.289 0.247 0.017 0.264 102.593 0.198 102.767 118.361 0.00600000000000001 118.336 118.29 0.044 118.305
0.272 0.019 0.29 0.248 0.017 0.265 102.335 0.095 102.41 117.072 0.003 117.058 116.626 0 116.609
0.267 0.024 0.292 0.25 0.014 0.264 102.919 0.111 103.007 118.636 0 118.611 117.366 0 117.345
0.357 0.039 0.396 0.337 0.021 0.359999999999999 139.059 0.183 139.405 160.422 0.003 160.616 158.839 0.00600000000000001 159.043
0.361 0.039 0.402 0.34 0.029 0.369 139.343 0.246 139.757 160.737 0.115 161.048 160.552 0 160.745
0.257 0.027 0.285 0.249 0.015 0.264 102.501 0.149 102.628 118.033 0.001 118.009 118.137 0.001 118.114
0.262 0.027 0.289 0.251 0.013 0.264 102.132 0.075 102.185 117.953 0 117.927 117.96 0 117.935
0.264 0.029 0.293 0.248 0.017 0.266 102.592 0.105 102.676 117.488 0.046 117.514 117.002 0.001 116.979
0.266 0.022 0.288 0.243 0.022 0.264 102.084 0.128 102.189 117.803 0 117.777 117.748 0 117.722
0.267 0.028 0.295 0.246 0.017 0.263 104.701 0.081 104.761 120.869 0.004 120.848 120.786 0.001 120.763
0.263 0.025 0.288 0.245 0.017 0.262 102.097 0.093 102.167 117.596 0.004 117.574 117.649 0.018 117.643
0.275 0.027 0.302 0.261 0.014 0.274 106.044 0.094 106.12 121.509 0.002 121.49 121.391 0 121.367
0.266 0.023 0.29 0.25 0.015 0.264 103.646 0.118 103.742 119.365 0 119.346 118.186 0 118.161
0.27 0.021 0.291 0.247 0.017 0.265 103.233 0.097 103.308 117.875 0 117.857 117.543 0 117.52
0.269 0.025 0.294 0.253 0.015 0.268 102.755 0.14 102.872 117.635 0.08 117.693 117.145 0 117.122
0.263 0.027 0.29 0.246 0.019 0.264 102.489 0.108 102.575 117.033 0 117.014 116.509 0 116.489
0.267 0.022 0.289 0.25 0.013 0.263 102.984 0.127 103.09 118.735 0 118.708 118.944 0 118.918
0.267 0.025 0.29 0.246 0.018 0.264 102.846 0.114 102.939 118.448 0.001 118.426 118.421 0 118.395
0.266 0.023 0.29 0.243 0.018 0.26 104.306 0.101 104.386 120.494 0.00800000000000001 120.475 120.545 0.015 120.534
0.269 0.02 0.288 0.245 0.018 0.264 102.593 0.095 102.667 118.346 0 118.322 118.298 0 118.274
0.267 0.023 0.29 0.249 0.013 0.263 102.631 0.093 102.7 118.024 0 117.997 118.016 0 117.991
0.265 0.025 0.29 0.243 0.022 0.265 103.582 0.138 103.696 118.962 0.004 118.94 118.997 0.00600000000000001 118.977
0.266 0.024 0.29 0.246 0.018 0.264 102.817 0.121 102.916 118.53 0.005 118.509 118.532 0.037 118.543
0.262 0.03 0.292 0.253 0.016 0.268 102.403 0.155 102.546 116.789 0.004 116.768 116.581 0 116.572
0.267 0.021 0.288 0.246 0.017 0.264 102.819 0.101 102.896 118.67 0 118.644 118.693 0 118.665
0.262 0.025 0.286 0.246 0.013 0.259 102.727 0.088 102.795 118.486 0.003 118.464 118.507 0.002 118.483
0.256 0.033 0.289 0.244 0.018 0.263 102.699 0.099 102.781 116.993 0.002 116.97 116.915 0.029 116.932
0.27 0.019 0.29 0.25 0.016 0.265 103.431 0.117 103.527 118.547 0.053 118.581 117.965 0.016 117.956
0.263 0.027 0.29 0.252 0.014 0.266 102.428 0.1 102.507 117.657 0 117.638 116.713 0 116.688
0.274 0.039 0.312 0.271 0.014 0.285 110.815 0.199 110.991 126.585 0.013 126.571 126.421 0.033 126.427
0.252 0.036 0.289 0.25 0.012 0.262 102.263 0.119 102.36 117.942 0.083 117.999 117.997 0.001 117.973
0.264 0.026 0.29 0.247 0.018 0.266 102.26 0.136 102.378 117.182 0.104 117.262 116.716 0.066 116.77
0.252 0.033 0.285 0.245 0.012 0.257 101.081 0.114 101.179 116.904 0.001 116.88 116.43 0 116.423
0.272 0.018 0.29 0.247 0.017 0.264 103.403 0.127 103.508 119.051 0 119.026 118.89 0 118.864
0.367 0.043 0.411 0.343 0.023 0.366 143.246 0.123 143.54 165.287 0.002 165.508 163.558 0.001 163.77
0.269 0.027 0.295 0.244 0.024 0.268 102.879 0.107 102.964 119.291 0.004 119.269 118.337 0.019 118.337
0.261 0.025 0.286 0.244 0.013 0.258 102.022 0.101 102.099 117.781 0 117.754 117.748 0 117.721
0.281 0.025 0.306 0.262 0.018 0.28 106.948 0.106 107.036 122.768 0.00700000000000001 122.754 122.714 0.033 122.724
0.284 0.02 0.304 0.263 0.014 0.278 108.152 0.143 108.273 124.414 0 124.39 124.364 0 124.34
0.262 0.025 0.286 0.241 0.019 0.261 101.991 0.109 102.077 117.692 0 117.668 117.731 0 117.706
0.268 0.023 0.291 0.243 0.017 0.26 102.259 0.137 102.381 116.878 0.033 116.886 116.577 0.051 116.615
0.272 0.026 0.298 0.259 0.00900000000000001 0.267 105.085 0.111 105.173 120.802 0.055 120.835 119.334 0 119.309
0.268 0.022 0.29 0.248 0.016 0.264 102.973 0.178 103.129 118.713 0.044 118.736 117.422 0.049 117.446
0.264 0.025 0.289 0.249 0.015 0.265 103.848 0.129 103.955 119.116 0 119.091 119.042 0 119.019
0.258 0.025 0.283 0.24 0.018 0.257 103.592 0.091 103.661 119.342 0.001 119.318 119.319 0 119.292
0.266 0.029 0.295 0.245 0.021 0.266 103.329 0.104 103.412 118.386 0 118.359 118.408 0 118.382
0.266 0.029 0.294 0.243 0.024 0.267 103.136 0.133 103.249 118.617 0.002 118.592 118.683 0.024 118.681
0.259 0.034 0.294 0.258 0.00900000000000001 0.266 102.611 0.117 102.708 118.133 0 118.106 118.062 0 118.037
0.255 0.031 0.287 0.248 0.012 0.26 103.012 0.132 103.131 117.768 0.004 117.747 117.52 0.001 117.513
0.264 0.026 0.289 0.248 0.017 0.265 104.974 0.127 105.079 120.431 0.026 120.43 119.574 0.001 119.559
0.258 0.031 0.289 0.251 0.012 0.264 102.732 0.131 102.84 118.278 0.001 118.254 118.351 0 118.325
0.262 0.027 0.29 0.252 0.013 0.265 102.098 0.16 102.231 117.904 0 117.875 117.903 0 117.873
0.26 0.027 0.287 0.25 0.014 0.264 101.753 0.117 101.856 116.796 0 116.771 116.369 0 116.369
0.258 0.029 0.288 0.245 0.015 0.259 102.468 0.123 102.57 118.039 0.047 118.06 117.957 0.068 117.999
0.259 0.026 0.285 0.244 0.015 0.26 102.144 0.154 102.272 117.94 0.058 117.97 117.918 0.048 117.939
0.269 0.021 0.289 0.249 0.015 0.264 102.712 0.122 102.813 118.333 0.089 118.401 116.966 0.024 116.966
0.264 0.021 0.285 0.239 0.02 0.259 102.132 0.113 102.221 117.899 0 117.871 117.714 0 117.696
0.261 0.027 0.288 0.253 0.012 0.265 102.286 0.152 102.415 118.032 0.085 118.092 117.9 0.05 117.925
0.267 0.023 0.29 0.244 0.02 0.263 103.513 0.088 103.579 119.341 0.003 119.32 118.947 0 118.932
0.275 0.02 0.294 0.251 0.016 0.267 103.494 0.082 103.554 119.032 0.004 119.009 118.939 0.023 118.942
0.266 0.027 0.292 0.256 0.014 0.271 103.235 0.148 103.376 118.956 0.025 118.955 118.065 0.001 118.046
0.265 0.02 0.285 0.246 0.015 0.261 103.769 0.139 103.888 119.384 0 119.36 119.53 0 119.506
0.265 0.03 0.296 0.258 0.00999999999999998 0.268 104.53 0.085 104.592 120.121 0.00900000000000001 120.102 119.923 0.002 119.898
0.254 0.031 0.285 0.252 0.013 0.265 102.501 0.092 102.571 118.281 0.001 118.256 118.368 0.012 118.354
0.263 0.028 0.291 0.252 0.017 0.268 103.057 0.103 103.139 117.679 0 117.658 117.286 0 117.264
0.266 0.025 0.29 0.249 0.014 0.264 102.617 0.128 102.723 118.314 0.046 118.339 116.702 0.042 116.72
0.258 0.03 0.288 0.246 0.016 0.263 102.183 0.109 102.268 117.536 0 117.52 116.639 0 116.616
0.265 0.026 0.291 0.247 0.02 0.267 103.407 0.105 103.491 119.084 0.002 119.062 119.107 0.00799999999999995 119.091
0.268 0.022 0.29 0.254 0.014 0.267 103.146 0.109 103.234 118.875 0.00800000000000001 118.864 117.604 0.013 117.596
0.263 0.028 0.291 0.25 0.015 0.265 103.099 0.122 103.2 118.712 0.001 118.688 118.717 0.003 118.696
0.259 0.03 0.289 0.244 0.019 0.264 102.697 0.136 102.812 118.286 0 118.26 118.221 0 118.196
0.252 0.032 0.284 0.246 0.017 0.263 103.738 0.071 103.787 118.645 0.004 118.631 118.246 0 118.223
0.26 0.029 0.288 0.246 0.017 0.263 103.207 0.106 103.291 119.074 0.023 119.07 119.003 0.00600000000000001 118.981
0.262 0.028 0.289 0.243 0.021 0.265 102.669 0.085 102.73 117.089 0.001 117.068 116.956 0 116.939
0.262 0.028 0.289 0.247 0.017 0.265 102.524 0.119 102.62 118.312 0.00800000000000001 118.295 117.107 0.018 117.105
0.273 0.018 0.29 0.252 0.012 0.264 102.289 0.142 102.408 117.972 0.001 117.947 117.886 0 117.858
0.264 0.026 0.289 0.242 0.023 0.266 103.165 0.1 103.243 118.875 0.001 118.85 118.894 0 118.869
0.262 0.028 0.289 0.249 0.014 0.264 102.893 0.135 103.006 118.217 0 118.192 118.197 0.00700000000000001 118.178
0.262 0.028 0.291 0.247 0.019 0.265 102.518 0.112 102.61 118.179 0 118.153 118.254 0 118.229
0.27 0.021 0.291 0.241 0.024 0.264 102.329 0.109 102.418 117.959 0.035 117.97 117.993 0.041 118.008
0.267 0.026 0.293 0.255 0.012 0.267 102.945 0.105 103.028 117.618 0 117.599 117.299 0 117.273
0.264 0.026 0.289 0.249 0.018 0.267 103.268 0.093 103.339 119.057 0.018 119.049 119.01 0.025 119.009
0.268 0.024 0.292 0.252 0.014 0.265 102.506 0.147 102.633 118.135 0.057 118.167 118.128 0.046 118.148
0.266 0.021 0.286 0.248 0.017 0.265 102.687 0.099 102.765 118.079 0 118.054 118.078 0 118.052
0.26 0.029 0.287 0.246 0.016 0.262 102.344 0.169 102.491 118.109 0 118.082 118.043 0 118.016
0.359 0.038 0.397 0.331 0.029 0.36 138.62 0.155 138.938 158.608 0 158.803 157.791 0 158.013
0.356 0.042 0.398 0.338 0.032 0.370000000000001 138.368 0.146 138.682 160.611 0.019 160.826 160.685 0.0539999999999999 160.933
0.27 0.02 0.29 0.248 0.018 0.265 102.007 0.136 102.12 117.773 0.001 117.749 117.811 0 117.785
0.261 0.028 0.289 0.246 0.019 0.265 102.766 0.101 102.85 117.164 0.00800000000000001 117.148 116.97 0.001 116.952
0.264 0.033 0.297 0.25 0.016 0.267 104.99 0.146 105.114 120.723 0.00900000000000001 120.714 119.874 0.004 119.854
0.258 0.026 0.283 0.247 0.017 0.264 103.327 0.102 103.408 119.059 0 119.033 119.142 0 119.117
0.267 0.022 0.29 0.251 0.013 0.264 102.357 0.081 102.416 118.355 0 118.329 117.853 0 117.834
0.267 0.022 0.289 0.248 0.017 0.264 101.826 0.146 101.957 117.162 0.061 117.199 116.615 0.0580000000000001 116.676
0.269 0.024 0.292 0.245 0.023 0.268 102.265 0.123 102.365 118.057 0.03 118.061 117.996 0.036 118.006
0.269 0.023 0.292 0.25 0.016 0.266 103.822 0.129 103.928 119.608 0.078 119.66 118.755 0.024 118.76
0.261 0.029 0.289 0.251 0.013 0.265 102.603 0.087 102.667 118.289 0.038 118.301 118.267 0.049 118.289
0.253 0.029 0.282 0.244 0.013 0.257 103.012 0.124 103.115 118.823 0 118.797 118.099 0 118.081
0.272 0.037 0.308 0.259 0.019 0.279 109.737 0.158 109.871 126.091 0.001 126.065 126.02 0 125.994
0.259 0.024 0.284 0.243 0.014 0.257 102.323 0.123 102.422 118.038 0.001 118.014 118.051 0.00600000000000001 118.031
0.262 0.029 0.291 0.251 0.015 0.265 102.916 0.096 102.991 118.31 0 118.286 117.038 0 117.014
0.264 0.019 0.283 0.249 0.012 0.261 101.19 0.19 101.364 117.245 0 117.223 116.61 0 116.6
0.253 0.031 0.284 0.242 0.017 0.257 103.033 0.128 103.141 118.973 0.021 118.969 118.942 0.017 118.933
0.26 0.025 0.285 0.245 0.015 0.259 103.293 0.11 103.381 119.16 0 119.134 119.115 0 119.089
0.261 0.028 0.292 0.245 0.018 0.263 102.453 0.098 102.529 118.329 0.004 118.307 118.323 0.024 118.32
0.264 0.025 0.288 0.244 0.018 0.262 102.153 0.193 102.323 118.01 0.141 118.126 117.538 0.0920000000000001 117.613
0.277 0.03 0.306 0.265 0.014 0.279 107.607 0.122 107.708 124.086 0.018 124.08 124.002 0.015 123.995
0.276 0.031 0.307 0.26 0.021 0.281 108.056 0.155 108.191 124.123 0 124.101 124.09 0 124.067
0.27 0.019 0.289 0.249 0.015 0.264 102.549 0.114 102.637 118.722 0.003 118.696 118.696 0.027 118.693
0.275 0.021 0.295 0.256 0.013 0.27 103.008 0.154 103.14 118.817 0.09 118.885 117.465 0.052 117.494
0.265 0.021 0.286 0.24 0.021 0.261 102.17 0.098 102.243 117.619 0.01 117.601 117.325 0.032 117.336
0.267 0.025 0.291 0.252 0.015 0.266 103.262 0.128 103.369 118.157 0.001 118.138 117.472 0.01 117.454
0.258 0.027 0.285 0.242 0.017 0.259 103.268 0.107 103.352 119.137 0 119.11 119.244 0 119.218
0.268 0.022 0.291 0.247 0.019 0.264 102.713 0.1 102.792 118.314 0.003 118.291 118.286 0.00700000000000001 118.268
0.264 0.02 0.283 0.244 0.015 0.259 102.168 0.071 102.225 117.601 0.001 117.577 117.151 0 117.146
0.264 0.029 0.292 0.256 0.00999999999999998 0.267 102.896 0.09 102.964 118.604 0 118.578 118.453 0 118.431
0.261 0.029 0.291 0.25 0.017 0.266 103.412 0.1 103.491 118.646 0 118.62 118.7 0 118.674
0.259 0.032 0.291 0.244 0.022 0.266 103.211 0.098 103.287 118.942 0.019 118.936 118.832 0.025 118.832
0.259 0.027 0.286 0.249 0.015 0.263 103.402 0.143 103.522 119.16 0.003 119.14 119.168 0.035 119.178
0.269 0.026 0.295 0.253 0.012 0.265 102.222 0.124 102.323 118.508 0.001 118.484 118.514 0.018 118.508
0.259 0.029 0.289 0.249 0.017 0.266 103.643 0.098 103.717 119.124 0.00700000000000001 119.106 119.097 0.003 119.075
0.266 0.025 0.291 0.248 0.02 0.267 103.552 0.076 103.606 119.023 0.00600000000000001 119.002 118.537 0 118.517
0.262 0.028 0.291 0.24 0.024 0.264 102.677 0.106 102.761 118.433 0.004 118.412 117.605 0.002 117.59
0.271 0.025 0.296 0.26 0.012 0.271 104.227 0.099 104.304 122.262 0 122.242 121.086 0 121.061
0.275 0.016 0.291 0.249 0.017 0.266 104.662 0.109 104.748 119.868 0.026 119.867 119.99 0.041 120.003
0.264 0.024 0.288 0.246 0.017 0.263 101.047 0.103 101.135 116.606 0.001 116.584 116.106 0 116.096
0.366 0.047 0.414 0.345 0.027 0.371 138.904 0.177 139.246 160.091 0.003 160.304 158.572 0 158.777
0.264 0.025 0.29 0.253 0.013 0.265 103.436 0.11 103.525 119.483 0.001 119.457 118.907 0.00600000000000001 118.892
0.269 0.024 0.293 0.25 0.017 0.267 102.871 0.125 102.974 117.46 0 117.441 117.366 0 117.341
0.259 0.03 0.289 0.246 0.017 0.263 102.216 0.121 102.316 117.942 0 117.919 117.951 0 117.927
0.264 0.026 0.29 0.249 0.016 0.265 104.133 0.114 104.224 119.627 0.029 119.633 118.406 0.015 118.397
0.274 0.019 0.293 0.249 0.015 0.263 102.57 0.127 102.675 118.377 0.066 118.418 118.395 0.029 118.399
0.268 0.023 0.291 0.247 0.017 0.265 102.67 0.113 102.76 118.409 0.002 118.385 118.429 0.027 118.431
0.255 0.031 0.286 0.241 0.018 0.259 102.86 0.119 102.957 118.647 0 118.621 118.508 0 118.482
0.262 0.026 0.289 0.247 0.016 0.262 102.035 0.13 102.143 117.455 0.002 117.437 116.736 0 116.711
0.26 0.032 0.292 0.249 0.017 0.267 103.415 0.109 103.503 119.061 0 119.037 119.12 0 119.096
0.265 0.023 0.287 0.25 0.015 0.265 103.155 0.086 103.22 118.764 0.00700000000000001 118.747 118.662 0 118.637
0.261 0.029 0.289 0.241 0.023 0.265 102.879 0.099 102.956 118.592 0.021 118.589 118.594 0.031 118.6
0.265 0.019 0.285 0.246 0.014 0.26 103.278 0.103 103.364 118.699 0.00800000000000001 118.682 118.453 0.038 118.48
0.264 0.027 0.291 0.247 0.015 0.262 103.477 0.093 103.546 119.48 0.00700000000000001 119.46 119.435 0 119.408
0.257 0.033 0.29 0.243 0.02 0.263 101.452 0.105 101.545 116.723 0.045 116.745 116.42 0.056 116.471
0.267 0.022 0.289 0.252 0.013 0.265 103.305 0.057 103.339 118.707 0.003 118.694 117.669 0 117.642
0.267 0.027 0.293 0.253 0.015 0.268 102.926 0.12 103.024 117.521 0.00800000000000001 117.508 117.134 0.042 117.149
0.268 0.022 0.29 0.256 0.00800000000000001 0.263 102.565 0.104 102.647 118.138 0 118.111 116.953 0 116.936
0.266 0.027 0.293 0.249 0.02 0.269 102.685 0.111 102.779 117.07 0 117.045 116.99 0 116.979
0.259 0.031 0.291 0.242 0.019 0.261 101.551 0.147 101.683 116.838 0.00800000000000001 116.82 116.518 0.027 116.545
0.265 0.025 0.29 0.248 0.016 0.264 102.5 0.081 102.559 118.258 0.001 118.234 118.22 0 118.193
0.269 0.021 0.29 0.249 0.016 0.265 103.324 0.09 103.393 119.048 0.001 119.023 119.066 0 119.041
0.265 0.024 0.289 0.254 0.01 0.264 103.325 0.11 103.413 119.603 0 119.578 119.54 0 119.514
0.265 0.026 0.291 0.252 0.012 0.264 104.767 0.098 104.844 120.569 0.003 120.546 120.364 0 120.339
0.262 0.027 0.29 0.245 0.018 0.263 102.162 0.192 102.338 117.629 0.131 117.743 116.928 0.079 117.002
0.254 0.028 0.282 0.246 0.016 0.262 101.752 0.126 101.862 117.799 0.003 117.784 117.151 0.004 117.145
0.264 0.027 0.291 0.249 0.015 0.265 102.521 0.092 102.591 117.963 0.003 117.94 117.902 0 117.877
0.262 0.027 0.289 0.249 0.014 0.264 101.393 0.099 101.48 117.9 0.001 117.881 117.346 0 117.342
0.261 0.028 0.289 0.242 0.023 0.265 102.701 0.113 102.793 118.386 0.046 118.407 118.383 0.048 118.406
0.261 0.031 0.292 0.248 0.018 0.266 102.609 0.16 102.75 118.131 0.048 118.161 116.908 0.036 116.923
0.267 0.025 0.292 0.249 0.017 0.266 102.781 0.176 102.936 117.437 0.00700000000000001 117.425 117.124 0.001 117.106
0.272 0.022 0.293 0.248 0.018 0.267 101.028 0.078 101.089 117.04 0 117.017 116.38 0 116.374
0.264 0.026 0.289 0.247 0.017 0.265 103.018 0.105 103.102 118.685 0 118.661 118.664 0 118.639
0.263 0.027 0.29 0.236 0.029 0.265 102.332 0.124 102.433 118.06 0.001 118.035 118.12 0.00600000000000001 118.099
0.265 0.025 0.29 0.251 0.015 0.266 102.912 0.149 103.039 118.332 0.05 118.356 117.844 0.018 117.84
0.262 0.029 0.291 0.248 0.016 0.265 103.791 0.137 103.904 121.241 0.02 121.233 121.255 0.018 121.246
0.265 0.026 0.291 0.249 0.016 0.265 102.787 0.115 102.881 117.602 0.023 117.604 117.001 0.00800000000000001 116.988
0.269 0.019 0.288 0.242 0.016 0.257 102.852 0.154 102.983 118.703 0 118.678 118.765 0 118.739
0.26 0.032 0.292 0.25 0.014 0.264 103.051 0.119 103.148 118.305 0.017 118.296 117.021 0.028 117.03
0.268 0.015 0.283 0.244 0.015 0.258 101.657 0.09 101.726 118.093 0 118.067 117.637 0 117.621
0.26 0.028 0.288 0.242 0.018 0.26 101.457 0.117 101.559 116.605 0.003 116.585 116.229 0.032 116.25
0.265 0.026 0.291 0.245 0.021 0.265 103.276 0.172 103.427 118.942 0 118.917 118.879 0 118.854
0.259 0.026 0.284 0.254 0.013 0.267 102.241 0.155 102.374 117.849 0.001 117.824 117.965 0 117.939
0.266 0.023 0.289 0.25 0.017 0.266 101.6 0.074 101.657 116.994 0 116.969 116.434 0 116.419
0.276 0.035 0.311 0.271 0.014 0.285 110.673 0.094 110.743 126.263 0.002 126.24 126.258 0.028 126.258
0.258 0.031 0.29 0.25 0.015 0.265 103.498 0.112 103.588 119.652 0.002 119.632 118.561 0.011 118.548
0.26 0.027 0.287 0.247 0.015 0.262 102.465 0.143 102.584 118.494 0.056 118.519 117.929 0.064 117.964
0.265 0.019 0.284 0.24 0.018 0.258 102.979 0.161 103.118 118.629 0.022 118.625 118.549 0.043 118.567
0.273 0.017 0.29 0.25 0.014 0.264 103.611 0.107 103.695 119.464 0.003 119.441 119.331 0.00800000000000001 119.312
0.269 0.024 0.293 0.249 0.018 0.267 103.314 0.112 103.403 119.153 0 119.124 118.432 0 118.411
0.276 0.027 0.302 0.265 0.011 0.277 106.864 0.149 106.992 122.685 0.094 122.755 123.104 0.038 123.119
0.283 0.025 0.309 0.264 0.018 0.282 107.511 0.068 107.558 123.382 0 123.358 123.736 0 123.714
0.264 0.027 0.291 0.248 0.017 0.265 104.105 0.107 104.189 118.906 0 118.886 118.467 0 118.447
0.265 0.024 0.289 0.247 0.018 0.265 102.678 0.112 102.766 118.556 0.037 118.567 118.513 0.036 118.521
0.265 0.024 0.289 0.249 0.016 0.266 103.106 0.091 103.174 118.537 0.002 118.512 118.543 0 118.516
0.26 0.026 0.286 0.247 0.017 0.264 102.19 0.116 102.284 117.91 0.025 117.912 117.013 0.001 116.996
0.258 0.024 0.282 0.241 0.015 0.256 103.036 0.104 103.118 118.516 0 118.49 118.558 0 118.533
0.261 0.032 0.293 0.25 0.016 0.267 103.121 0.121 103.22 118.494 0 118.467 118.537 0 118.511
0.272 0.02 0.293 0.252 0.016 0.267 102.639 0.08 102.698 118.088 0.003 118.064 118.073 0.005 118.053
0.272 0.02 0.292 0.251 0.016 0.267 102.618 0.101 102.698 118.261 0 118.235 118.175 0 118.149
0.361 0.042 0.405 0.33 0.035 0.365 139.37 0.182 139.733 159.167 0.003 159.363 158.423 0.001 158.702
0.371 0.027 0.397 0.325 0.03 0.355 138.673 0.147 138.989 161.359 0 161.555 161.189 0 161.398
0.26 0.025 0.286 0.249 0.016 0.265 102.998 0.103 103.08 118.856 0.001 118.832 118.866 0.017 118.856
0.261 0.029 0.29 0.247 0.018 0.264 103.21 0.094 103.282 118.995 0.002 118.971 118.886 0 118.861
0.271 0.022 0.292 0.252 0.015 0.268 102.667 0.1 102.745 118.217 0 118.198 117.04 0 117.016
0.266 0.024 0.29 0.248 0.016 0.264 103.164 0.161 103.303 118.517 0.048 118.547 117.614 0.002 117.59
0.265 0.025 0.289 0.244 0.019 0.264 103.034 0.107 103.119 118.666 0.001 118.646 117.383 0.004 117.361
0.264 0.029 0.293 0.252 0.014 0.266 102.812 0.124 102.914 118.194 0.003 118.18 117.168 0.001 117.143
0.267 0.023 0.291 0.251 0.015 0.266 103.169 0.146 103.293 118.714 0.046 118.733 118.881 0.026 118.88
0.263 0.026 0.289 0.241 0.024 0.265 102.517 0.122 102.619 118.266 0.061 118.304 118.201 0.051 118.228
0.279 0.016 0.295 0.248 0.016 0.264 104.853 0.094 105.008 120.706 0.019 120.795 120.613 0.03 120.712
0.268 0.024 0.291 0.25 0.014 0.265 103.644 0.133 103.755 119.305 0.003 119.282 119.204 0.001 119.18
0.261 0.027 0.287 0.24 0.022 0.262 102.388 0.096 102.463 118.207 0.001 118.18 118.186 0 118.161
0.267 0.024 0.29 0.247 0.017 0.264 102.239 0.126 102.343 118.122 0.034 118.13 118.101 0.004 118.081
0.267 0.023 0.289 0.249 0.014 0.264 102.445 0.085 102.514 116.719 0.001 116.694 116.5 0.002 116.489
0.277 0.016 0.293 0.252 0.013 0.265 103.212 0.15 103.346 117.452 0.001 117.427 117.344 0 117.334
0.266 0.028 0.294 0.254 0.014 0.267 103.163 0.095 103.237 118.983 0.001 118.96 118.913 0 118.889
0.261 0.029 0.289 0.251 0.014 0.265 102.952 0.102 103.032 117.659 0 117.638 116.847 0 116.82
0.263 0.027 0.29 0.241 0.023 0.263 102.654 0.106 102.738 118.413 0.002 118.39 117.101 0 117.082
0.261 0.028 0.29 0.248 0.016 0.264 102.445 0.154 102.576 118.102 0 118.074 118.095 0 118.067
0.264 0.027 0.29 0.253 0.014 0.267 102.173 0.101 102.253 118.048 0 118.023 118.058 0 118.034
0.364 0.046 0.41 0.344 0.026 0.371 141.59 0.192 141.949 162.885 0.001 163.078 159.706 0.001 159.912
0.263 0.028 0.292 0.254 0.011 0.265 102.942 0.098 103.017 119.074 0 119.048 117.439 0 117.422
0.257 0.03 0.287 0.247 0.017 0.265 102.874 0.134 102.986 118.353 0.002 118.332 118.464 0.02 118.459
0.273 0.017 0.289 0.253 0.013 0.266 102.753 0.098 102.831 118.404 0 118.38 118.322 0 118.297
0.261 0.029 0.291 0.251 0.017 0.267 102.878 0.096 102.953 118.711 0 118.685 118.713 0 118.688
0.269 0.02 0.288 0.25 0.013 0.264 101.877 0.091 101.952 117.909 0.028 117.919 117.136 0.027 117.153
0.257 0.031 0.288 0.251 0.013 0.264 102.374 0.1 102.453 118.163 0.053 118.19 118.185 0.065 118.226
0.26 0.029 0.289 0.247 0.016 0.264 103.019 0.089 103.084 118.516 0 118.489 118.47 0 118.443
0.257 0.034 0.291 0.252 0.012 0.264 102.61 0.125 102.713 118.528 0.079 118.582 118.501 0.045 118.52
0.263 0.024 0.287 0.248 0.013 0.261 102.97 0.123 103.07 118.841 0.022 118.838 118.741 0.001 118.716
0.268 0.023 0.291 0.246 0.019 0.265 103.99 0.084 104.053 118.495 0.002 118.477 118.132 0.002 118.12
0.266 0.023 0.289 0.247 0.017 0.265 102.924 0.093 103.023 118.469 0.001 118.444 118.61 0 118.585
0.265 0.028 0.292 0.249 0.017 0.267 103.315 0.107 103.399 118.83 0.002 118.812 117.399 0.001 117.376
0.269 0.025 0.294 0.253 0.016 0.269 103.287 0.14 103.406 118.598 0.049 118.63 118.311 0.027 118.317
0.264 0.026 0.291 0.255 0.011 0.266 102.517 0.118 102.613 118.196 0.002 118.172 118.059 0 118.034
0.266 0.019 0.285 0.24 0.019 0.259 102.999 0.162 103.141 118.958 0.002 118.934 118.934 0 118.909
0.264 0.024 0.288 0.243 0.02 0.263 102.331 0.118 102.426 118.199 0.037 118.213 118.175 0.042 118.191
0.26 0.029 0.289 0.249 0.014 0.263 102.792 0.081 102.853 118.518 0.004 118.497 118.543 0.004 118.522
0.253 0.031 0.284 0.237 0.022 0.258 103.308 0.087 103.373 119.075 0.051 119.099 119.038 0.033 119.045
0.268 0.023 0.29 0.245 0.021 0.266 102.926 0.095 102.999 118.104 0.003 118.083 117.622 0.003 117.604
0.268 0.025 0.293 0.253 0.015 0.267 102.296 0.087 102.369 119.398 0.004 119.374 118.854 0.001 118.86
0.268 0.02 0.288 0.244 0.019 0.262 102.357 0.12 102.455 116.952 0.003 116.936 116.454 0.002 116.436
0.263 0.025 0.288 0.247 0.017 0.264 102.449 0.086 102.514 117.77 0 117.743 117.777 0 117.752
0.272 0.026 0.297 0.256 0.012 0.268 105.457 0.084 105.519 121.462 0 121.441 120.105 0 120.079
0.262 0.02 0.282 0.245 0.016 0.261 101.775 0.096 101.858 117.12 0.003 117.1 116.592 0.001 116.589
0.269 0.021 0.291 0.25 0.015 0.265 102.509 0.138 102.625 118.153 0.04 118.167 118.141 0.039 118.155
0.264 0.024 0.288 0.241 0.022 0.263 102.686 0.082 102.746 118.465 0 118.439 118.46 0 118.434
0.271 0.027 0.299 0.257 0.013 0.269 103.819 0.09 103.891 120.09 0 120.069 119.44 0 119.425
0.273 0.017 0.29 0.254 0.012 0.265 103.269 0.104 103.352 119.033 0.004 119.012 118.783 0.021 118.787
0.265 0.025 0.29 0.249 0.015 0.264 102.613 0.128 102.716 118.394 0 118.368 117.208 0 117.179
0.259 0.027 0.285 0.248 0.011 0.26 103.16 0.076 103.22 117.893 0.004 117.873 117.561 0.00600000000000001 117.553
0.272 0.02 0.293 0.25 0.018 0.267 104.065 0.089 104.131 120.099 0 120.07 119.28 0 119.258
0.263 0.026 0.289 0.247 0.017 0.264 102.471 0.089 102.538 118.145 0 118.118 116.735 0 116.715
0.285 0.025 0.309 0.272 0.012 0.285 109.208 0.134 109.321 125.115 0 125.09 124.542 0 124.515
0.28 0.025 0.305 0.261 0.018 0.278 108.935 0.101 109.018 124.91 0.003 124.89 124.818 0.022 124.821
0.268 0.026 0.293 0.25 0.016 0.267 103.771 0.112 103.861 119.81 0.06 119.843 119.711 0.031 119.715
0.284 0.018 0.302 0.259 0.019 0.277 106.881 0.109 106.978 122.021 0.042 122.041 121.282 0.049 121.337
0.259 0.031 0.29 0.247 0.018 0.265 103.392 0.089 103.459 118.996 0.003 118.974 118.134 0 118.116
0.26 0.031 0.29 0.252 0.014 0.266 102.383 0.119 102.485 117.096 0 117.07 116.889 0 116.877
0.265 0.026 0.291 0.246 0.019 0.265 103.283 0.096 103.355 118.953 0.001 118.929 118.916 0.012 118.901
0.268 0.024 0.291 0.247 0.018 0.266 102.924 0.115 103.016 118.519 0.041 118.534 118.489 0.063 118.526
0.258 0.031 0.288 0.248 0.017 0.265 102.713 0.105 102.798 117.631 0.002 117.614 116.866 0.001 116.842
0.271 0.022 0.293 0.248 0.021 0.268 102.854 0.13 102.962 118.684 0.056 118.715 116.994 0.041 117.013
0.261 0.027 0.287 0.247 0.017 0.263 103.184 0.136 103.299 118.734 0.001 118.709 118.67 0 118.644
0.262 0.029 0.291 0.256 0.012 0.268 102.815 0.102 102.896 118.488 0.001 118.462 118.448 0 118.422
0.265 0.024 0.289 0.252 0.013 0.265 102.685 0.177 102.84 118.359 0.15 118.484 118.306 0.1 118.381
0.267 0.025 0.291 0.254 0.012 0.266 104.487 0.106 104.572 120.181 0.012 120.167 120.091 0.04 120.106
0.271 0.022 0.293 0.246 0.018 0.264 103.412 0.089 103.48 119.091 0.002 119.067 117.406 0 117.388
0.263 0.022 0.285 0.248 0.016 0.264 102.739 0.12 102.837 118.182 0.001 118.157 117.37 0.00800000000000001 117.36
0.267 0.029 0.295 0.252 0.013 0.265 104.818 0.09 104.886 120.476 0.001 120.45 120.297 0 120.277
0.266 0.027 0.292 0.251 0.015 0.266 103.219 0.115 103.312 118.344 0 118.327 117.517 0 117.49
0.261 0.024 0.285 0.254 0.00899999999999998 0.264 102.984 0.145 103.107 117.904 0.002 117.886 117.211 0.001 117.19
0.269 0.02 0.289 0.246 0.017 0.263 103.744 0.131 103.853 119.463 0.00700000000000001 119.444 119.632 0 119.606
0.268 0.024 0.293 0.246 0.02 0.265 102.915 0.106 102.998 118.442 0.004 118.428 117.869 0.014 117.864
0.268 0.025 0.293 0.25 0.017 0.267 104.484 0.119 104.58 119.443 0.00599999999999995 119.422 119.895 0.025 119.899
0.26 0.029 0.288 0.244 0.021 0.266 102.746 0.102 102.827 119.013 0.002 118.989 118.987 0.013 118.974
0.267 0.024 0.291 0.248 0.017 0.265 102.603 0.159 102.739 118.338 0 118.312 118.277 0 118.25
0.259 0.029 0.287 0.251 0.011 0.262 102.491 0.102 102.571 118.239 0 118.214 118.186 0 118.159
0.26 0.029 0.288 0.248 0.015 0.264 102.857 0.091 102.925 118.736 0.00700000000000001 118.721 117.267 0.011 117.253
0.268 0.02 0.288 0.244 0.019 0.263 102.439 0.129 102.546 118.261 0.004 118.237 118.303 0.036 118.313
0.26 0.03 0.29 0.249 0.015 0.264 102.104 0.079 102.161 117.873 0 117.849 117.856 0 117.832
0.358 0.04 0.399 0.333 0.026 0.359 140.101 0.134 140.41 159.952 0.037 160.185 159.131 0.053 159.404
0.358 0.053 0.412 0.331 0.038 0.37 139.252 0.172 139.589 160.712 0.003 160.908 160.361 0 160.574
0.271 0.02 0.291 0.247 0.018 0.265 102.735 0.081 102.793 118.665 0.004 118.644 117.72 0.025 117.725
0.269 0.023 0.291 0.25 0.016 0.267 103.205 0.095 103.278 119.361 0.003 119.336 118.624 0.001 118.604
0.263 0.027 0.291 0.246 0.018 0.263 103.507 0.144 103.628 119.188 0.004 119.166 117.468 0.003 117.452
0.263 0.031 0.294 0.255 0.015 0.27 102.692 0.182 102.864 117.735 0.069 117.779 117.177 0.0570000000000001 117.234
0.268 0.026 0.294 0.247 0.02 0.267 103.919 0.079 103.975 121.492 0.001 121.466 121.364 0 121.337
0.261 0.029 0.289 0.245 0.018 0.263 102.266 0.114 102.358 118.172 0.002 118.148 118.231 0.004 118.21
0.264 0.025 0.289 0.246 0.018 0.263 102.457 0.154 102.59 118.159 0 118.133 118.356 0 118.331
0.265 0.024 0.289 0.246 0.018 0.264 102.974 0.147 103.098 119.155 0.039 119.166 119.087 0.002 119.061
0.263 0.026 0.288 0.251 0.016 0.267 103.311 0.112 103.402 118.707 0 118.684 117.958 0 117.941
0.265 0.026 0.29 0.248 0.018 0.266 103.407 0.11 103.497 119.006 0.037 119.018 119.012 0.036 119.024
0.265 0.023 0.289 0.243 0.021 0.263 103.343 0.075 103.398 119.229 0 119.204 119.203 0 119.177
0.263 0.028 0.291 0.254 0.012 0.265 102.249 0.087 102.321 117.435 0.003 117.413 116.959 0.015 116.961
0.263 0.023 0.286 0.252 0.015 0.267 102.595 0.109 102.681 118.149 0.001 118.124 118.144 0 118.118
0.266 0.023 0.289 0.25 0.015 0.265 102.88 0.112 102.97 118.684 0 118.658 118.664 0 118.639
0.265 0.025 0.29 0.248 0.015 0.263 102.614 0.111 102.703 118.253 0 118.227 118.296 0 118.271
0.266 0.024 0.29 0.252 0.013 0.265 102.439 0.118 102.536 117.461 0.003 117.445 116.959 0.01 116.946
0.26 0.028 0.289 0.25 0.013 0.262 102.312 0.113 102.401 117.991 0 117.964 117.942 0 117.915
0.264 0.024 0.288 0.249 0.015 0.263 102.019 0.157 102.155 116.662 0.002 116.647 116.25 0 116.236
0.27 0.021 0.29 0.248 0.017 0.265 102.685 0.128 102.791 117.697 0.07 117.747 117.103 0.043 117.126
0.266 0.025 0.292 0.254 0.011 0.265 102.588 0.117 102.683 118.522 0 118.496 116.868 0.001 116.849
0.268 0.032 0.3 0.258 0.017 0.275 104 0.116 104.101 123.68 0.004 123.661 123.443 0.01 123.447
0.268 0.021 0.288 0.254 0.01 0.264 101.549 0.138 101.674 116.651 0.004 116.631 116.234 0 116.237
0.254 0.033 0.288 0.251 0.012 0.263 102.598 0.098 102.675 118.393 0 118.366 118.402 0 118.378
0.265 0.027 0.292 0.251 0.017 0.266 103.2 0.112 103.292 120.148 0.001 120.123 120.258 0.018 120.251
0.263 0.026 0.289 0.248 0.02 0.267 100.825 0.117 100.93 116.578 0.004 116.565 116.03 0.013 116.044
0.266 0.03 0.296 0.25 0.015 0.266 105.834 0.077 105.889 121.604 0.003 121.58 121.496 0 121.471
0.26 0.028 0.289 0.247 0.019 0.265 102.956 0.13 103.065 118.379 0.00600000000000001 118.362 117.615 0.001 117.592
0.257 0.031 0.288 0.244 0.019 0.264 103.263 0.132 103.372 119.215 0.051 119.239 119.317 0.044 119.335
0.264 0.024 0.287 0.246 0.013 0.26 102.928 0.085 102.987 118.728 0.00700000000000001 118.706 118.758 0.005 118.732
0.268 0.023 0.291 0.253 0.014 0.266 103.118 0.182 103.278 119.062 0.002 119.04 118.612 0 118.594
0.261 0.029 0.29 0.25 0.016 0.266 102.846 0.131 102.956 118.507 0.00199999999999995 118.483 117.562 0.003 117.543
0.264 0.029 0.292 0.248 0.02 0.267 102.604 0.111 102.694 117.95 0.002 117.932 116.931 0 116.906
0.258 0.027 0.283 0.237 0.021 0.259 103.309 0.134 103.422 118.859 0.04 118.872 119.023 0.002 118.999
0.352 0.043 0.395 0.331 0.025 0.357 139.167 0.198 139.529 160.633 0.002 160.823 159.046 0 159.25
0.254 0.032 0.285 0.246 0.014 0.26 102.881 0.123 102.98 119.39 0.001 119.362 119.296 0 119.268
0.285 0.029 0.313 0.27 0.016 0.286 110.046 0.093 110.116 125.772 0 125.745 125.866 0 125.839
0.268 0.025 0.293 0.247 0.019 0.266 103.233 0.132 103.34 118.381 0.0580000000000001 118.412 117.838 0.056 117.866
0.269 0.021 0.29 0.247 0.018 0.265 102.804 0.095 102.877 118.382 0 118.356 117.296 0 117.275
0.267 0.026 0.293 0.251 0.019 0.268 105.346 0.185 105.509 121.017 0.087 121.083 119.869 0.098 119.944
0.272 0.021 0.292 0.249 0.017 0.267 102.546 0.121 102.645 118.239 0 118.213 118.289 0 118.261
0.27 0.02 0.291 0.252 0.013 0.264 102.757 0.151 102.887 118.454 0.001 118.43 118.407 0 118.381
0.265 0.028 0.292 0.253 0.013 0.266 103.093 0.102 103.175 118.757 0 118.73 117.428 0 117.409
0.282 0.02 0.303 0.257 0.02 0.276 107.15 0.097 107.227 123.166 0.03 123.173 123.094 0.033 123.103
0.294 0.017 0.311 0.264 0.018 0.281 109.199 0.127 109.307 125.091 0.00800000000000001 125.074 124.897 0.00999999999999995 124.886
0.266 0.025 0.29 0.25 0.015 0.265 101.719 0.106 101.809 117.106 0 117.079 116.64 0.001 116.631
0.271 0.019 0.291 0.248 0.02 0.267 103.355 0.18 103.513 118.825 0.06 118.858 118.709 0.042 118.725
0.257 0.034 0.292 0.251 0.018 0.268 102.629 0.112 102.718 118.282 0 118.256 118.177 0 118.15
0.253 0.038 0.291 0.251 0.015 0.266 103.028 0.111 103.118 119.048 0 119.023 117.764 0 117.746
0.273 0.02 0.293 0.25 0.017 0.266 102.367 0.133 102.479 117.637 0.026 117.644 116.726 0.05 116.751
0.262 0.026 0.288 0.244 0.019 0.263 102.3 0.178 102.455 117.47 0.001 117.453 116.636 0 116.61
0.258 0.03 0.287 0.25 0.015 0.265 103.039 0.091 103.108 118.669 0 118.643 118.7 0 118.674
0.268 0.021 0.288 0.245 0.019 0.264 102.678 0.078 102.735 118.261 0.00600000000000001 118.242 118.255 0.002 118.231
0.259 0.03 0.289 0.243 0.018 0.261 104.526 0.107 104.609 120.199 0.058 120.231 120.189 0.023 120.186
0.258 0.026 0.284 0.241 0.018 0.258 101.781 0.108 101.874 117.401 0.001 117.381 116.909 0 116.903
0.267 0.025 0.292 0.251 0.016 0.267 102.754 0.112 102.844 118.274 0.003 118.252 118.225 0.001 118.205
0.26 0.031 0.292 0.252 0.016 0.266 103.887 0.089 103.955 119.069 0.024 119.067 119.085 0.024 119.084
0.259 0.03 0.289 0.247 0.02 0.266 103.082 0.098 103.159 118.766 0.037 118.777 118.766 0.001 118.742
0.268 0.024 0.292 0.249 0.018 0.267 103.166 0.094 103.237 117.952 0.02 117.956 117.634 0.046 117.668
0.274 0.018 0.292 0.247 0.017 0.265 103.795 0.128 103.899 118.535 0 118.509 118.421 0 118.395
0.268 0.022 0.29 0.25 0.015 0.265 103.354 0.167 103.499 119.348 0.113 119.435 118.304 0 118.286
0.262 0.025 0.287 0.24 0.019 0.259 103.389 0.101 103.466 118.34 0.017 118.34 117.811 0.033 117.82
0.267 0.024 0.29 0.248 0.015 0.263 102.163 0.128 102.27 117.994 0.005 117.975 118.07 0.018 118.063
0.264 0.026 0.291 0.25 0.016 0.265 103.634 0.119 103.731 119.531 0 119.505 118.715 0 118.696
0.268 0.022 0.29 0.253 0.012 0.266 104.517 0.136 104.63 119.827 0 119.798 118.769 0.001 118.749
0.271 0.023 0.293 0.246 0.018 0.264 104.369 0.089 104.436 120.039 0.00700000000000001 120.025 118.787 0.014 118.777
0.267 0.028 0.295 0.258 0.013 0.27 103.81 0.162 103.952 120.154 0.075 120.204 120.144 0.035 120.155
0.26 0.027 0.287 0.248 0.015 0.263 103.132 0.087 103.198 119.167 0.004 119.145 119.111 0.003 119.089
0.268 0.028 0.297 0.25 0.02 0.269 103.715 0.139 103.832 119.057 0.003 119.039 118.141 0.023 118.139
0.256 0.028 0.284 0.24 0.022 0.262 102.305 0.09 102.373 118.213 0.002 118.19 118.249 0.04 118.263
0.27 0.021 0.29 0.251 0.015 0.267 102.782 0.09 102.85 119.032 0.003 119.01 117.715 0.002 117.697
0.267 0.023 0.289 0.247 0.015 0.263 101.876 0.104 101.966 116.756 0.107 116.839 116.359 0.073 116.425
0.265 0.026 0.291 0.244 0.017 0.261 103.604 0.072 103.654 119.19 0.00299999999999995 119.167 119.184 0 119.158
0.264 0.026 0.29 0.25 0.013 0.264 102.536 0.099 102.612 118.262 0 118.235 118.343 0 118.316
0.277 0.014 0.291 0.25 0.016 0.266 103.258 0.108 103.349 118.71 0.004 118.689 118.221 0.002 118.215
0.258 0.031 0.289 0.248 0.015 0.262 102.455 0.096 102.53 118.206 0.001 118.18 118.202 0.015 118.191
0.261 0.028 0.288 0.249 0.015 0.267 102.17 0.167 102.339 118.424 0 118.399 118.42 0 118.393
0.26 0.03 0.29 0.249 0.015 0.264 102.687 0.137 102.802 117.244 0 117.225 117.016 0.001 117.01
0.263 0.024 0.286 0.246 0.018 0.265 102.284 0.183 102.502 118.137 0 118.112 118.184 0 118.158
0.257 0.027 0.285 0.246 0.014 0.259 102.418 0.113 102.509 118.461 0.001 118.435 118.481 0.001 118.455
0.26 0.023 0.283 0.245 0.013 0.258 102.331 0.116 102.426 117.064 0.001 117.047 116.57 0 116.554
0.266 0.02 0.286 0.245 0.019 0.264 102.407 0.152 102.537 117.039 0.064 117.083 116.489 0.042 116.511
0.264 0.029 0.293 0.248 0.019 0.267 102.913 0.121 103.012 118.812 0 118.785 118.306 0 118.286
0.26 0.027 0.287 0.246 0.018 0.263 102.203 0.109 102.291 116.758 0.002 116.743 116.563 0.028 116.583
0.258 0.027 0.284 0.243 0.016 0.26 104.409 0.188 104.575 119.842 0.087 119.904 119.721 0.0630000000000001 119.759
0.256 0.029 0.284 0.243 0.018 0.261 102.679 0.138 102.794 118.127 0 118.098 118.145 0 118.114
0.272 0.016 0.288 0.244 0.019 0.263 102.378 0.137 102.498 118.045 0.003 118.024 116.722 0 116.703
0.257 0.035 0.291 0.25 0.017 0.268 102.974 0.097 103.049 118.084 0.029 118.089 117.838 0.03 117.848
0.269 0.021 0.29 0.245 0.02 0.265 103.052 0.094 103.124 118.597 0.003 118.574 117.618 0.001 117.6
0.264 0.029 0.292 0.244 0.025 0.269 101.841 0.154 101.981 117.075 0.06 117.112 116.631 0.084 116.713
0.266 0.022 0.289 0.251 0.014 0.265 102.775 0.139 102.892 118.437 0 118.418 117.411 0 117.385
0.266 0.023 0.288 0.245 0.018 0.263 104.635 0.085 104.698 120.237 0.001 120.212 120.363 0 120.338
0.275 0.022 0.298 0.252 0.015 0.266 105.525 0.087 105.59 121.715 0 121.689 121.621 0 121.596
0.256 0.032 0.289 0.243 0.022 0.265 102.206 0.155 102.338 117.967 0.001 117.945 117.903 0 117.878
0.364 0.034 0.399 0.339 0.024 0.363 138.617 0.186 138.975 159.045 0.003 159.242 158.252 0.001 158.476
0.362 0.037 0.398 0.333 0.027 0.359 138.786 0.244 139.197 161.639 0.0610000000000001 161.892 161.451 0.0549999999999999 161.719
0.26 0.029 0.29 0.249 0.016 0.264 102.677 0.074 102.729 118.495 0 118.471 118.404 0 118.377
0.263 0.025 0.288 0.251 0.01 0.261 102.522 0.109 102.61 118.203 0 118.186 117.033 0.005 117.013
0.269 0.027 0.295 0.247 0.019 0.266 104.167 0.098 104.245 120.315 0.005 120.296 120.191 0.004 120.171
0.265 0.022 0.286 0.244 0.016 0.26 102.364 0.133 102.472 117.837 0 117.809 117.712 0 117.684
0.269 0.022 0.291 0.25 0.017 0.266 102.787 0.113 102.878 118.551 0 118.525 117.461 0 117.441
0.265 0.025 0.29 0.252 0.014 0.267 102.441 0.134 102.553 118.117 0 118.089 117.301 0 117.283
0.266 0.022 0.289 0.252 0.011 0.263 102.42 0.124 102.521 118.169 0.039 118.181 118.157 0.061 118.192
0.288 0.025 0.312 0.271 0.015 0.286 108.711 0.086 108.773 125.641 0 125.617 125.754 0.003 125.73
0.268 0.025 0.293 0.253 0.015 0.268 102.466 0.149 102.593 117.783 0.032 117.796 116.908 0.025 116.909
0.252 0.038 0.29 0.249 0.014 0.263 102.061 0.146 102.185 117.478 0.072 117.532 116.555 0.052 116.583
0.26 0.028 0.288 0.244 0.02 0.263 102.62 0.127 102.725 117.455 0.002 117.439 116.778 0.00800000000000001 116.759
0.278 0.022 0.3 0.257 0.019 0.276 107.974 0.119 108.071 123.158 0 123.134 120.52 0 120.495
0.275 0.027 0.302 0.264 0.017 0.282 108.633 0.13 108.742 124.239 0.002 124.216 120.989 0.032 120.999
0.271 0.026 0.298 0.253 0.013 0.266 102.449 0.098 102.531 119.431 0.004 119.413 118.757 0 118.746
0.266 0.028 0.293 0.255 0.014 0.268 103.346 0.137 103.462 118.971 0 118.943 119.031 0 119.005
0.257 0.033 0.291 0.248 0.017 0.264 103.241 0.111 103.328 118.651 0.037 118.662 118.712 0.029 118.714
0.253 0.032 0.286 0.241 0.019 0.26 101.278 0.12 101.373 117.482 0 117.47 116.906 0 116.908
0.369 0.033 0.402 0.344 0.02 0.365 141.393 0.125 141.686 164.328 0.0700000000000001 164.593 161.147 0.0619999999999999 161.421
0.265 0.026 0.289 0.248 0.018 0.266 102.722 0.136 102.838 117.33 0 117.31 117.214 0 117.199
0.255 0.031 0.287 0.243 0.02 0.262 102.593 0.091 102.663 118.354 0 118.327 118.36 0 118.334
0.263 0.028 0.291 0.249 0.016 0.265 102.985 0.105 103.068 118.439 0 118.413 118.503 0 118.477
0.272 0.024 0.297 0.253 0.013 0.265 104.816 0.132 104.925 120.58 0 120.553 120.562 0 120.535
0.264 0.027 0.292 0.253 0.015 0.267 103.259 0.117 103.353 120.981 0.000999999999999945 120.957 120.965 0 120.938
0.264 0.025 0.289 0.251 0.014 0.265 102.768 0.111 102.858 118.812 0.025 118.812 118.866 0.029 118.868
0.261 0.029 0.289 0.251 0.014 0.266 102.654 0.092 102.724 118.221 0.001 118.196 118.228 0 118.202
0.268 0.022 0.291 0.253 0.014 0.266 103.312 0.089 103.379 118.692 0.001 118.667 118.595 0 118.57
0.262 0.03 0.292 0.253 0.014 0.267 102.654 0.096 102.729 118.195 0 118.17 118.156 0 118.13
0.273 0.024 0.298 0.256 0.01 0.265 103.437 0.086 103.51 119.293 0.00399999999999995 119.272 118.784 0.02 118.802
0.251 0.033 0.283 0.245 0.013 0.259 104.092 0.141 104.21 119.832 0.059 119.865 119.879 0.00899999999999995 119.861
0.262 0.023 0.284 0.242 0.016 0.258 103.141 0.119 103.238 119.067 0.057 119.097 118.967 0.039 118.979
0.275 0.017 0.291 0.256 0.011 0.267 104.16 0.096 104.234 119.857 0 119.83 119.616 0 119.588
0.274 0.027 0.301 0.253 0.017 0.27 105.267 0.122 105.368 121.21 0.002 121.187 121.348 0 121.324
0.27 0.025 0.295 0.254 0.017 0.27 103.22 0.08 103.277 120.276 0 120.248 119.047 0 119.026
0.266 0.024 0.289 0.246 0.017 0.264 104.149 0.055 104.181 119.275 0.001 119.258 118.179 0 118.153
0.269 0.019 0.288 0.247 0.016 0.263 103.246 0.113 103.336 118.028 0.003 118.014 117.54 0.015 117.536
0.269 0.023 0.292 0.249 0.016 0.265 101.074 0.101 101.161 116.841 0 116.817 116.293 0 116.305
0.267 0.028 0.295 0.254 0.015 0.268 103.348 0.123 103.448 121.701 0 121.673 121.658 0 121.632
0.264 0.026 0.291 0.258 0.00700000000000001 0.264 102.202 0.088 102.275 117.664 0.001 117.639 117.177 0.00199999999999995 117.174
0.285 0.023 0.308 0.259 0.017 0.277 106.249 0.135 106.36 126.647 0.003 126.627 125.761 0 125.733
0.27 0.021 0.291 0.244 0.02 0.264 102.428 0.147 102.552 118.211 0 118.185 118.281 0 118.255
0.263 0.026 0.289 0.24 0.023 0.264 104.105 0.072 104.154 119.858 0.016 119.848 119.663 0.03 119.667
0.252 0.033 0.286 0.252 0.012 0.264 102.618 0.134 102.729 118.273 0 118.246 118.322 0.001 118.296
0.258 0.029 0.287 0.247 0.017 0.264 102.383 0.112 102.473 118.318 0.012 118.304 118.349 0.026 118.35
0.263 0.027 0.291 0.25 0.015 0.265 103.633 0.121 103.731 119.313 0.063 119.356 117.934 0.029 117.939
0.263 0.025 0.288 0.249 0.013 0.262 102.333 0.135 102.446 117.954 0.054 117.984 117.925 0.038 117.938
0.26 0.029 0.289 0.243 0.02 0.263 102.957 0.103 103.038 118.2 0.003 118.177 118.082 0 118.057
0.262 0.025 0.286 0.246 0.012 0.258 102.082 0.112 102.172 117.127 0.001 117.109 116.543 0 116.524
0.271 0.02 0.291 0.246 0.019 0.265 102.945 0.132 103.056 119.106 0.056 119.135 118.794 0.053 118.825
0.271 0.024 0.295 0.254 0.011 0.265 104.319 0.087 104.384 119.456 0.001 119.44 118.857 0 118.839
0.258 0.031 0.289 0.244 0.017 0.261 102.567 0.089 102.633 118.229 0 118.202 118.233 0 118.205
0.256 0.029 0.285 0.25 0.012 0.262 100.825 0.109 100.921 117.014 0.003 117 116.465 0.005 116.465
0.274 0.017 0.291 0.246 0.019 0.265 103.058 0.116 103.153 118.81 0.002 118.786 118.754 0.024 118.759
0.268 0.03 0.297 0.264 0.00799999999999998 0.272 104.819 0.111 104.906 120.664 0.039 120.672 120.448 0.037 120.456
0.263 0.026 0.289 0.247 0.016 0.262 102.619 0.126 102.723 118.411 0 118.386 118.285 0 118.26
0.257 0.034 0.291 0.249 0.017 0.265 102.655 0.083 102.717 118.615 0 118.59 117.384 0.001 117.363
0.257 0.033 0.29 0.246 0.017 0.263 102.514 0.12 102.613 118.572 0.06 118.607 118.576 0.024 118.577
0.258 0.026 0.285 0.242 0.017 0.259 102.664 0.121 102.764 118.589 0 118.564 118.62 0 118.596
0.262 0.031 0.293 0.248 0.017 0.266 103.067 0.125 103.17 118.555 0.002 118.532 117.968 0 117.95
0.27 0.02 0.289 0.247 0.017 0.265 102.696 0.095 102.769 118.289 0.01 118.272 117.393 0.053 117.427
0.266 0.028 0.293 0.246 0.021 0.267 101.795 0.127 101.907 117.209 0.055 117.242 116.786 0.042 116.822
0.264 0.024 0.288 0.251 0.014 0.263 102.415 0.085 102.479 118.21 0.00600000000000001 118.19 118.2 0.03 118.203
0.258 0.026 0.285 0.244 0.013 0.256 102.341 0.127 102.448 118.248 0 118.231 117.088 0 117.063
0.263 0.025 0.288 0.25 0.013 0.263 102.419 0.078 102.476 117.942 0.001 117.917 117.962 0.022 117.959
0.253 0.032 0.285 0.244 0.014 0.259 102.921 0.122 103.021 118.877 0.002 118.854 118.918 0.001 118.893
0.263 0.028 0.291 0.249 0.014 0.263 102.219 0.143 102.34 118.037 0.000999999999999945 118.014 118.113 0.046 118.134
0.253 0.035 0.287 0.24 0.019 0.259 102.253 0.073 102.304 117.978 0.002 117.952 117.987 0.001 117.963
0.257 0.028 0.285 0.236 0.024 0.26 102.016 0.1 102.09 117.75 0 117.729 116.412 0.002 116.386
0.274 0.019 0.293 0.25 0.016 0.266 103.028 0.112 103.119 118.589 0.002 118.565 117.575 0.002 117.558
0.263 0.024 0.287 0.251 0.014 0.265 102.727 0.155 102.863 118.332 0.093 118.402 117.735 0.001 117.721
0.265 0.025 0.291 0.248 0.017 0.264 102.192 0.105 102.277 117.644 0.002 117.622 117.647 0.014 117.636
0.262 0.028 0.29 0.251 0.013 0.263 101.593 0.132 101.704 117.102 0.012 117.092 116.999 0.003 116.977
0.265 0.027 0.291 0.25 0.015 0.265 102.872 0.103 102.953 118.537 0.004 118.515 117.331 0.00900000000000001 117.319
0.288 0.025 0.312 0.27 0.016 0.286 110.012 0.082 110.083 124.044 0.002 124.021 123.517 0.013 123.523
0.26 0.024 0.284 0.246 0.013 0.259 102.309 0.101 102.387 117.947 0.002 117.933 117.072 0.003 117.049
0.272 0.018 0.29 0.24 0.022 0.263 102.184 0.101 102.262 117.789 0.003 117.774 116.861 0.003 116.838
0.268 0.025 0.294 0.254 0.014 0.268 102.312 0.123 102.412 117.646 0.019 117.646 116.933 0.037 116.946
0.361 0.041 0.402 0.341 0.021 0.363 140.431 0.24 140.856 160.256 0.012 160.459 159.229 0.002 159.5
0.263 0.027 0.291 0.251 0.014 0.265 103.54 0.114 103.632 117.818 0.002 117.8 117.964 0.002 117.947
0.353 0.041 0.394 0.32 0.035 0.354000000000001 139.735 0.165 140.071 160.908 0 161.103 160.88 0 161.087
0.272 0.019 0.291 0.248 0.017 0.265 102.403 0.099 102.477 118.101 0 118.071 118.185 0 118.156
0.26 0.029 0.288 0.251 0.013 0.264 103.854 0.09 103.921 119.556 0.003 119.532 119.456 0 119.429
0.268 0.023 0.29 0.251 0.015 0.266 103.073 0.087 103.138 119.216 0 119.188 119.193 0.00800000000000001 119.175
0.268 0.023 0.292 0.249 0.016 0.264 106.43 0.128 106.534 122.108 0 122.081 121.863 0 121.835
0.266 0.023 0.288 0.24 0.022 0.262 103.25 0.137 103.364 118.876 0.057 118.907 118.923 0.038 118.935
0.262 0.022 0.284 0.245 0.015 0.261 102.997 0.129 103.102 118.744 0 118.718 118.708 0 118.681
0.263 0.027 0.29 0.246 0.02 0.266 102.734 0.122 102.833 118.475 0.005 118.454 118.446 0.03 118.45
0.266 0.023 0.289 0.253 0.014 0.267 103.794 0.172 103.953 119.996 0.144 120.114 118.992 0 118.972
0.266 0.023 0.289 0.257 0.00800000000000001 0.265 102.826 0.091 102.895 118.379 0.001 118.354 118.397 0 118.371
0.263 0.026 0.288 0.249 0.014 0.264 102.332 0.15 102.458 118.064 0 118.037 117.9 0 117.873
0.264 0.025 0.29 0.247 0.017 0.264 102.333 0.153 102.462 118.402 0.014 118.391 118.341 0.011 118.327
0.253 0.03 0.283 0.243 0.018 0.262 102.293 0.095 102.364 117.183 0.001 117.166 116.67 0.015 116.664
0.273 0.018 0.291 0.247 0.016 0.263 102.445 0.123 102.547 116.716 0 116.697 116.509 0 116.502
0.269 0.024 0.292 0.249 0.018 0.267 104.051 0.097 104.127 119.833 0.017 119.823 119.779 0.017 119.771
0.269 0.022 0.291 0.254 0.014 0.269 101.86 0.128 101.971 117.108 0.003 117.086 116.639 0.001 116.621
0.262 0.028 0.29 0.248 0.019 0.268 103.18 0.104 103.261 118.978 0.001 118.952 118.909 0.02 118.903
0.275 0.021 0.295 0.257 0.013 0.269 103.44 0.136 103.556 119.031 0.004 119.011 118.882 0 118.858
0.264 0.028 0.292 0.249 0.014 0.263 102.573 0.131 102.681 118.641 0 118.615 118.692 0 118.665
0.26 0.025 0.285 0.24 0.019 0.259 102.468 0.094 102.54 117.486 0 117.465 116.986 0 116.962
0.264 0.021 0.284 0.239 0.019 0.258 103.838 0.109 103.923 119.576 0.004 119.56 119.087 0.016 119.081
0.274 0.011 0.285 0.243 0.021 0.264 104.01 0.111 104.1 119.979 0.003 119.954 119.789 0.018 119.781
0.262 0.029 0.291 0.251 0.013 0.264 103.408 0.088 103.474 119.49 0 119.464 119.538 0 119.512
0.263 0.028 0.291 0.248 0.018 0.266 102.891 0.08 102.948 118.433 0.00199999999999995 118.408 118.52 0.004 118.498
0.366 0.037 0.403 0.331 0.034 0.366 138.94 0.324 139.429 160.741 0.0730000000000001 161.006 160.079 0.0469999999999999 160.336
0.265 0.018 0.283 0.238 0.019 0.257 102.684 0.107 102.77 118.554 0 118.527 118.616 0 118.591
0.265 0.026 0.291 0.243 0.023 0.267 102.711 0.146 102.836 117.811 0.003 117.793 117.128 0.004 117.107
0.263 0.026 0.29 0.249 0.017 0.265 102.799 0.125 102.902 118.664 0.002 118.642 118.679 0.017 118.671
0.267 0.022 0.289 0.254 0.011 0.265 103.359 0.094 103.432 119.351 0.02 119.345 119.21 0 119.184
0.268 0.022 0.29 0.247 0.017 0.264 102.853 0.159 102.99 118.471 0.002 118.447 117.708 0 117.689
0.27 0.021 0.291 0.249 0.015 0.265 103.49 0.11 103.577 119.122 0.031 119.127 118.412 0.035 118.427
0.273 0.018 0.291 0.248 0.018 0.266 102.918 0.109 103.011 118.201 0.079 118.256 117.596 0.043 117.634
0.265 0.023 0.288 0.25 0.016 0.266 102.757 0.12 102.865 116.865 0 116.842 116.718 0 116.709
0.258 0.032 0.29 0.25 0.016 0.267 102.786 0.099 102.863 118.628 0 118.603 118.687 0 118.662
0.268 0.021 0.289 0.241 0.021 0.263 102.438 0.134 102.548 118.187 0.003 118.163 118.155 0.011 118.139
0.265 0.024 0.289 0.25 0.01 0.259 103.432 0.14 103.552 119.345 0.061 119.38 119.161 0.001 119.136
0.25 0.033 0.283 0.246 0.012 0.257 104.063 0.082 104.123 119.892 0.00499999999999995 119.873 119.693 0 119.666
0.261 0.028 0.289 0.244 0.018 0.262 102.603 0.111 102.689 118.004 0 117.975 117.964 0 117.935
0.264 0.03 0.294 0.246 0.017 0.263 105.445 0.098 105.52 121.373 0.024 121.371 121.34 0.003 121.318
0.261 0.028 0.289 0.25 0.013 0.262 102.216 0.065 102.257 118.108 0.001 118.085 118.104 0 118.077
0.259 0.025 0.283 0.248 0.015 0.263 103.088 0.143 103.21 118.702 0 118.677 117.352 0 117.336
0.255 0.028 0.284 0.245 0.013 0.257 102.297 0.094 102.369 118.028 0.002 118.006 118.031 0.002 118.008
0.272 0.02 0.292 0.247 0.018 0.265 102.88 0.109 102.968 118.473 0.037 118.486 118.347 0.026 118.348
0.266 0.023 0.289 0.25 0.015 0.265 102.635 0.148 102.761 118.422 0.00700000000000001 118.405 117.17 0.024 117.17
0.272 0.019 0.29 0.245 0.013 0.258 102.324 0.09 102.392 118.116 0 118.091 118.008 0 117.983
0.274 0.018 0.293 0.256 0.013 0.267 102.719 0.107 102.804 118.306 0.001 118.282 117.681 0.003 117.66
0.271 0.018 0.289 0.246 0.018 0.265 102.914 0.111 103.003 119.252 0.027 119.253 119.203 0.021 119.199
0.263 0.025 0.288 0.246 0.017 0.263 104.234 0.142 104.354 120.201 0.075 120.25 120.187 0.032 120.193
0.264 0.028 0.292 0.252 0.015 0.266 102.604 0.134 102.718 120.344 0.05 120.369 120.322 0.08 120.376
0.268 0.023 0.291 0.251 0.014 0.265 101.409 0.084 101.477 117.445 0 117.42 116.98 0 116.977
0.262 0.031 0.292 0.248 0.018 0.267 102.653 0.087 102.718 118.298 0.002 118.275 117.708 0 117.683
0.255 0.031 0.286 0.243 0.019 0.262 102.508 0.112 102.596 118.125 0 118.096 118.114 0 118.086
0.269 0.025 0.293 0.246 0.021 0.267 103.05 0.141 103.17 118.843 0.054 118.871 117.774 0.043 117.797
0.256 0.029 0.286 0.248 0.013 0.261 102.272 0.127 102.375 117.966 0.001 117.948 116.846 0 116.823
0.264 0.026 0.289 0.251 0.012 0.264 102.298 0.108 102.382 118.062 0.002 118.04 118.18 0.037 118.19
0.262 0.024 0.286 0.24 0.019 0.259 102.923 0.09 102.99 118.044 0.038 118.065 117.168 0.004 117.147
0.261 0.028 0.289 0.239 0.024 0.263 103.418 0.115 103.513 119.181 0.041 119.2 119.173 0.036 119.184
0.269 0.021 0.29 0.243 0.021 0.264 102.168 0.097 102.243 117.981 0.024 117.98 117.971 0.029 117.976
0.26 0.025 0.284 0.244 0.014 0.257 102.502 0.145 102.625 118.086 0.068 118.127 116.823 0 116.805
0.282 0.026 0.309 0.267 0.017 0.283 110.325 0.098 110.401 125.695 0 125.668 125.595 0 125.569
0.265 0.025 0.289 0.249 0.017 0.266 102.801 0.135 102.916 117.172 0 117.152 116.683 0 116.665
0.261 0.026 0.287 0.249 0.016 0.265 102.333 0.133 102.441 117.861 0.003 117.835 117.899 0.028 117.899
0.265 0.028 0.293 0.242 0.024 0.265 103.547 0.104 103.629 118.96 0.012 118.956 117.87 0.00700000000000001 117.851
0.285 0.02 0.305 0.266 0.013 0.278 108.169 0.13 108.279 124.094 0 124.069 123.995 0.002 123.974
0.285 0.023 0.307 0.269 0.014 0.283 108.805 0.119 108.904 124.613 0.055 124.643 124.731 0.034 124.742
0.258 0.027 0.285 0.242 0.019 0.262 103.311 0.091 103.381 118.942 0.00600000000000001 118.923 118.938 0.012 118.925
0.267 0.02 0.287 0.254 0.012 0.265 102.807 0.135 102.921 118.247 0 118.22 118.242 0 118.215
0.264 0.025 0.288 0.245 0.02 0.266 102.616 0.076 102.67 118.142 0.00600000000000001 118.119 118.215 0.042 118.231
0.262 0.024 0.286 0.246 0.014 0.26 102.762 0.132 102.873 118.725 0 118.698 118.501 0 118.474
0.267 0.031 0.298 0.251 0.015 0.266 105.181 0.12 105.278 120.066 0.037 120.085 119.467 0.036 119.485
0.265 0.026 0.292 0.243 0.024 0.266 103.473 0.13 103.58 118.848 0.002 118.822 118.83 0.001 118.804
0.264 0.026 0.29 0.247 0.017 0.264 102.307 0.139 102.424 117.939 0.06 117.973 117.919 0.027 117.921
0.261 0.023 0.284 0.232 0.027 0.259 103.623 0.112 103.713 118.057 0.042 118.081 117.853 0.028 117.866
0.262 0.024 0.286 0.255 0.00899999999999998 0.264 102.969 0.113 103.06 118.516 0.00800000000000001 118.499 118.598 0.017 118.589
0.264 0.024 0.289 0.252 0.014 0.265 102.862 0.135 102.975 118.353 0.026 118.354 118.38 0.03 118.383
0.27 0.022 0.293 0.248 0.019 0.267 102.046 0.102 102.131 117.217 0 117.191 116.754 0 116.741
0.266 0.017 0.283 0.237 0.021 0.258 101.876 0.138 102 117.926 0.005 117.912 117.241 0.001 117.24
0.268 0.023 0.292 0.252 0.014 0.266 103.33 0.11 103.417 118.749 0 118.722 118.451 0.001 118.431
0.261 0.028 0.29 0.251 0.013 0.264 102.898 0.092 102.967 118.716 0.003 118.693 118.666 0.001 118.64
0.268 0.027 0.295 0.247 0.023 0.27 103.58 0.135 103.692 119.243 0.005 119.222 119.234 0.041 119.249
0.27 0.021 0.29 0.249 0.015 0.264 102.549 0.233 102.761 118.552 0.001 118.528 118.461 0.001 118.436
0.253 0.033 0.286 0.243 0.019 0.261 102.462 0.097 102.538 117.407 0.002 117.388 116.837 0.003 116.816
0.266 0.027 0.292 0.245 0.02 0.266 103 0.111 103.089 118.548 0 118.521 118.307 0 118.281
0.375 0.054 0.429 0.347 0.029 0.377999999999999 142.342 0.268 142.799 162.633 0 162.844 161.662 0 161.927
0.368 0.037 0.405 0.348 0.017 0.367 141.775 0.146 142.089 162.212 0.00600000000000001 162.411 161.956 0.001 162.17
0.276 0.018 0.295 0.25 0.019 0.268 104.277 0.21 104.466 119.842 0.035 119.853 120.087 0.05 120.112
0.271 0.022 0.293 0.244 0.022 0.265 102.93 0.114 103.023 118.641 0.002 118.615 118.576 0 118.55
0.268 0.021 0.29 0.249 0.017 0.265 104.01 0.159 104.146 119.647 0.005 119.624 119.677 0.001 119.651
0.266 0.024 0.29 0.247 0.018 0.266 102.438 0.115 102.531 118.537 0.002 118.513 117.557 0.012 117.548
0.259 0.025 0.284 0.241 0.021 0.262 103.633 0.143 103.753 118.106 0.067 118.152 117.683 0.028 117.699
0.268 0.023 0.291 0.251 0.015 0.267 102.804 0.128 102.918 118.386 0.059 118.42 117.851 0 117.844
0.264 0.026 0.291 0.25 0.014 0.264 103.385 0.127 103.49 118.781 0 118.755 118.763 0 118.736
0.257 0.028 0.284 0.248 0.017 0.266 103.971 0.181 104.137 119.1 0.001 119.08 118.92 0 118.91
0.255 0.028 0.283 0.24 0.02 0.259 100.786 0.108 100.875 117.239 0.059 117.28 116.7 0.045 116.732
0.263 0.027 0.29 0.251 0.014 0.263 102.67 0.139 102.787 118.636 0.00600000000000001 118.615 118.504 0.034 118.519
0.268 0.022 0.29 0.252 0.014 0.265 102.992 0.09 103.061 118.423 0.001 118.399 118.435 0 118.41
0.267 0.023 0.29 0.24 0.023 0.263 102.424 0.13 102.533 116.924 0.02 116.972 116.637 0.027 116.65
0.265 0.025 0.29 0.246 0.019 0.264 102.09 0.162 102.238 117.765 0.002 117.742 117.297 0 117.287
0.259 0.029 0.288 0.242 0.02 0.261 103.737 0.095 103.811 119.399 0.004 119.378 119.387 0 119.36
0.258 0.026 0.284 0.244 0.014 0.258 102.546 0.135 102.659 118.45 0.069 118.494 118.418 0.035 118.429
0.266 0.026 0.292 0.253 0.013 0.266 102.928 0.15 103.056 118.579 0.074 118.628 118.008 0.127 118.113
0.265 0.025 0.29 0.24 0.019 0.259 102.965 0.115 103.128 118.725 0.00800000000000001 118.794 118.698 0.027 118.786
0.264 0.021 0.285 0.242 0.018 0.259 103.297 0.095 103.37 118.896 0 118.874 117.827 0 117.803
0.269 0.023 0.291 0.247 0.019 0.266 102.902 0.091 102.973 118.734 0.002 118.711 118.847 0.001 118.823
0.263 0.027 0.29 0.246 0.017 0.264 102.923 0.082 102.983 118.228 0 118.202 118.205 0 118.179
0.267 0.024 0.291 0.245 0.02 0.265 102.174 0.087 102.239 117.578 0.001 117.562 116.695 0.021 116.692
0.266 0.025 0.291 0.248 0.018 0.265 103.538 0.093 103.611 119.119 0.003 119.096 119.159 0 119.134
0.261 0.03 0.291 0.252 0.016 0.268 102.069 0.097 102.143 117.82 0.002 117.795 117.831 0.001 117.806
0.255 0.037 0.291 0.246 0.015 0.262 102.621 0.107 102.706 118.803 0.00899999999999995 118.788 118.644 0.032 118.656
0.264 0.028 0.292 0.25 0.016 0.266 103.704 0.104 103.787 118.829 0 118.804 118.488 0 118.463
0.266 0.025 0.291 0.247 0.017 0.264 102.636 0.102 102.716 118.574 0 118.549 117.301 0.001 117.281
0.261 0.029 0.29 0.249 0.018 0.267 102.972 0.083 103.033 118.44 0.002 118.416 117.701 0 117.68
0.261 0.028 0.289 0.246 0.018 0.263 103.998 0.1 104.077 119.54 0.002 119.516 119.51 0 119.484
0.269 0.021 0.29 0.251 0.015 0.266 102.866 0.14 102.984 118.699 0 118.674 117.05 0 117.031
0.263 0.028 0.291 0.252 0.014 0.266 103.131 0.106 103.217 118.918 0.004 118.896 118.817 0.001 118.793
0.253 0.032 0.285 0.24 0.02 0.26 102.632 0.12 102.731 118.434 0.206 118.615 118.412 0.084 118.471
0.26 0.026 0.286 0.247 0.011 0.259 102.602 0.115 102.696 118.596 0 118.571 117.413 0 117.397
0.353 0.047 0.401 0.338 0.02 0.358 138.858 0.182 139.204 160.502 0.001 160.692 159.162 0.002 159.37
0.269 0.022 0.292 0.246 0.02 0.265 103.37 0.111 103.458 121.807 0.002 121.781 128.315 0.026 128.314
0.263 0.026 0.289 0.249 0.015 0.264 103.247 0.12 103.346 118.455 0.00600000000000001 118.443 117.283 0.001 117.259
0.266 0.022 0.289 0.256 0.00900000000000001 0.264 102.256 0.101 102.336 118.016 0 117.991 117.704 0 117.685
0.253 0.032 0.285 0.248 0.015 0.263 103.471 0.111 103.559 119.192 0.003 119.17 118.969 0 118.95
0.264 0.027 0.291 0.246 0.02 0.265 102.532 0.103 102.614 117.437 0.001 117.421 116.961 0 116.938
