0.05 0 0.05 0.02 0.003 0.023 12.782 0.003 12.783 13.736 0.006 13.739 13.811 0 13.808
0.048 0.00199999999999999 0.051 0.019 0.004 0.023 12.679 0.004 12.679 13.691 0.00600000000000001 13.695 13.733 0.001 13.73
0.05 0 0.05 0.022 0.001 0.023 12.712 0.005 12.712 13.801 0.011 13.811 13.716 0 13.713
0.048 0.001 0.05 0.018 0.005 0.023 12.91 0.004 12.912 13.854 0.01 13.861 13.793 0 13.79
0.05 0 0.05 0.021 0.003 0.024 12.921 0.007 12.925 13.94 0.007 13.943 13.879 0 13.876
0.045 0.001 0.045 0.019 0.003 0.023 12.683 0.003 12.683 13.904 0.004 13.906 13.732 0.001 13.73
0.045 0.001 0.046 0.018 0.005 0.022 12.682 0.004 12.683 13.825 0.004 13.827 13.697 0 13.693
0.049 0.001 0.05 0.02 0.004 0.023 13.039 0.004 13.04 13.983 0.003 13.984 13.926 0 13.923
0.051 0 0.052 0.021 0.00199999999999999 0.023 13.002 0.00700000000000001 13.006 13.992 0.005 13.994 13.947 0 13.943
0.049 0 0.05 0.023 0 0.023 12.823 0.002 12.822 13.805 0.005 13.806 13.809 0 13.807
0.051 0 0.052 0.023 0.001 0.023 13.006 0.006 13.009 14.057 0.005 14.059 13.995 0.001 13.993
0.049 0.001 0.05 0.02 0.002 0.023 12.866 0.004 12.867 13.871 0.000999999999999994 13.868 13.835 0.001 13.833
0.048 0.003 0.051 0.02 0.003 0.023 12.932 0.003 12.933 14.204 0.005 14.205 14.203 0 14.2
0.048 0.003 0.051 0.018 0.005 0.023 13.13 0.00899999999999999 13.136 14.308 0.005 14.31 14.183 0 14.18
0.049 0.001 0.05 0.021 0.00199999999999999 0.023 13.318 0.007 13.324 14.249 0.002 14.246 14.153 0.001 14.151
0.049 0.001 0.05 0.019 0.004 0.024 12.918 0.005 12.921 13.914 0.007 13.917 13.819 0 13.817
0.049 0.001 0.049 0.021 0.002 0.023 12.977 0.005 12.98 13.913 0.004 13.914 13.836 0 13.834
0.05 0 0.05 0.019 0.005 0.023 12.949 0.004 12.95 13.928 0.003 13.928 13.878 0 13.875
0.05 0 0.051 0.022 0.001 0.023 13.122 0.005 13.124 14.069 0.005 14.071 13.971 0 13.968
0.05 0.001 0.051 0.021 0.002 0.023 12.795 0.004 12.796 13.814 0.00600000000000001 13.817 13.898 0.00199999999999999 13.897
0.043 0.004 0.046 0.019 0.003 0.023 12.762 0.008 12.766 13.773 0.006 13.778 13.413 0 13.421
0.048 0.00199999999999999 0.05 0.02 0.003 0.023 12.695 0.009 12.701 13.807 0.004 13.808 13.746 0 13.743
0.049 0.001 0.05 0.021 0.002 0.024 13.273 0.004 13.275 14.15 0.005 14.151 13.987 0 13.985
0.051 0.001 0.052 0.022 0.000999999999999994 0.023 13.161 0.00800000000000001 13.167 14.296 0.004 14.296 14.178 0 14.175
0.048 0.003 0.051 0.02 0.003 0.023 12.791 0.005 12.793 13.803 0.006 13.806 13.754 0.002 13.753
0.05 0 0.05 0.019 0.004 0.023 12.713 0.008 12.718 13.741 0.007 13.746 13.774 0 13.771
0.045 0.00199999999999999 0.046 0.018 0.004 0.023 12.895 0.007 12.898 14.008 0.006 14.012 13.811 0 13.808
0.051 0.001 0.052 0.021 0.003 0.024 13.189 0.003 13.189 14.089 0.005 14.091 14.003 0 13.999
0.05 0.00199999999999999 0.052 0.021 0.002 0.023 12.753 0.006 12.756 13.799 0.005 13.801 13.772 0.001 13.77
0.049 0 0.05 0.023 0 0.023 12.822 0.006 12.825 13.878 0.004 13.878 13.808 0.003 13.809
0.049 0.001 0.05 0.018 0.005 0.022 12.791 0.004 12.793 13.842 0.002 13.841 13.752 0.00199999999999999 13.751
0.043 0.003 0.047 0.022 0.001 0.023 13.096 0.006 13.098 14.12 0.004 14.121 14.014 0.001 14.012
0.048 0.00199999999999999 0.05 0.021 0.003 0.023 12.63 0.005 12.632 13.864 0.007 13.869 13.931 0.002 13.93
0.05 0.00199999999999999 0.052 0.018 0.005 0.023 12.963 0.006 12.966 13.926 0.005 13.928 13.851 0.001 13.849
0.051 0.001 0.052 0.019 0.004 0.023 12.894 0.00799999999999999 12.901 13.904 0.002 13.902 13.811 0 13.807
0.05 0 0.05 0.018 0.005 0.023 12.805 0.005 12.808 13.844 0.008 13.848 13.809 0.001 13.808
0.049 0.003 0.053 0.022 0.00199999999999999 0.023 13.206 0.00600000000000001 13.209 14.203 0.008 14.208 14.107 0 14.103
0.049 0.001 0.05 0.022 0.001 0.023 13.004 0.007 13.008 13.99 0.003 13.989 13.953 0 13.951
0.05 0.001 0.051 0.018 0.005 0.023 12.881 0.006 12.885 13.957 0.004 13.957 13.979 0 13.976
0.05 0 0.05 0.019 0.005 0.023 12.9 0.006 12.903 13.901 0.007 13.905 13.929 0 13.926
0.049 0.001 0.05 0.022 0.001 0.024 12.828 0.006 12.831 13.941 0.008 13.946 13.897 0 13.893
0.049 0.001 0.05 0.019 0.004 0.023 12.54 0.005 12.543 13.985 0.008 13.99 13.843 0 13.84
0.05 0.001 0.051 0.02 0.003 0.023 13.52 0.004 13.522 14.449 0.006 14.453 14.438 0.002 14.435
0.046 0.002 0.046 0.019 0.003 0.023 12.728 0.00600000000000001 12.73 13.965 0.003 13.967 13.885 0 13.882
0.051 0 0.051 0.02 0.003 0.023 12.939 0.006 12.942 14.255 0.009 14.261 14.068 0 14.064
0.047 0.003 0.051 0.023 0.001 0.023 12.994 0.003 12.995 14.144 0.006 14.147 14.025 0 14.021
0.047 0.004 0.051 0.021 0.002 0.024 13.056 0.002 13.056 14.081 0.005 14.081 14.019 0 14.017
0.051 0.001 0.052 0.02 0.003 0.023 12.96 0.005 12.962 13.953 0.003 13.953 13.891 0 13.889
0.047 0.002 0.05 0.02 0.003 0.023 12.728 0.005 12.73 13.776 0.00700000000000001 13.781 13.661 0 13.656
0.05 0 0.051 0.022 0.00199999999999999 0.023 12.844 0.00700000000000001 12.849 13.848 0.007 13.852 13.851 0 13.848
0.05 0 0.05 0.023 0 0.023 12.866 0.004 12.867 13.82 0.003 13.82 13.818 0 13.815
0.051 0 0.052 0.018 0.005 0.023 12.685 0.004 12.686 13.874 0.009 13.88 14.01 0 14.007
0.043 0.002 0.046 0.02 0.003 0.022 12.283 0.00600000000000001 12.286 14.129 0.005 14.132 14.037 0 14.034
0.048 0.00199999999999999 0.05 0.018 0.005 0.023 13.084 0.005 13.086 14.058 0.003 14.058 13.51 0.001 13.508
0.048 0.002 0.05 0.022 0.001 0.023 13.054 0.006 13.057 13.957 0.007 13.961 13.907 0.002 13.906
0.048 0.00199999999999999 0.051 0.02 0.004 0.023 13.106 0.006 13.11 14.044 0.009 14.049 14.017 0 14.015
0.049 0.001 0.05 0.02 0.00199999999999999 0.022 12.686 0.00600000000000001 12.688 14.265 0.007 14.27 14.228 0 14.225
0.047 0.003 0.05 0.02 0.003 0.023 12.845 0.00600000000000001 12.849 13.825 0.005 13.826 13.751 0 13.749
0.046 0.003 0.049 0.021 0.003 0.024 13.034 0.005 13.036 13.964 0.002 13.963 13.922 0.004 13.923
0.049 0.001 0.05 0.02 0.003 0.023 13.104 0.001 13.103 13.99 0 13.986 13.932 0.00199999999999999 13.931
0.047 0 0.047 0.018 0.005 0.023 12.872 0.00800000000000001 12.877 14.099 0.005 14.101 13.905 0 13.902
0.046 0 0.047 0.021 0.002 0.022 12.686 0.00800000000000001 12.691 13.967 0.00399999999999999 13.97 13.778 0 13.775
0.048 0.002 0.05 0.022 0.00199999999999999 0.023 12.812 0.01 12.819 14.244 0.00800000000000001 14.25 13.975 0 13.972
0.045 0.002 0.046 0.019 0.003 0.023 12.753 0.005 12.754 13.931 0.008 13.937 13.767 0 13.763
0.045 0.001 0.046 0.023 0 0.023 12.828 0.003 12.828 13.966 0.003 13.966 13.89 0 13.887
0.048 0.004 0.052 0.019 0.004 0.023 12.979 0.006 12.982 13.95 0.008 13.955 13.892 0.002 13.891
0.048 0.003 0.05 0.021 0.00199999999999999 0.023 13.2 0.00600000000000001 13.202 14.19 0.00199999999999999 14.189 14.068 0.001 14.065
0.044 0.003 0.046 0.019 0.003 0.022 12.887 0.003 12.888 14.109 0.006 14.111 13.937 0 13.934
0.042 0.003 0.046 0.02 0.003 0.022 12.966 0.003 12.967 14.04 0.01 14.047 13.909 0.001 13.906
0.049 0.000999999999999994 0.05 0.022 0.001 0.023 12.862 0.005 12.864 13.862 0.006 13.865 13.824 0 13.82
0.048 0.002 0.049 0.022 0.000999999999999994 0.024 12.998 0.00700000000000001 13.001 13.812 0.008 13.818 13.676 0.000999999999999994 13.674
0.047 0.004 0.05 0.019 0.004 0.024 12.947 0.006 12.951 13.986 0.004 13.987 13.943 0 13.94
0.046 0 0.046 0.02 0.003 0.022 12.943 0.00700000000000001 12.949 14.257 0.006 14.259 14.006 0 14.003
0.047 0.001 0.049 0.02 0.004 0.024 13.065 0.005 13.066 14.03 0.006 14.034 13.989 0 13.985
0.049 0 0.05 0.02 0.004 0.024 12.472 0.009 12.479 13.218 0.002 13.222 13.053 0 13.058
0.05 0.001 0.05 0.022 0.001 0.023 13.123 0.009 13.13 14.093 0.003 14.092 13.975 0 13.972
0.049 0.001 0.051 0.022 0.00199999999999999 0.023 12.932 0.005 12.935 13.934 0.006 13.936 13.941 0 13.938
0.051 0 0.05 0.02 0.003 0.024 12.911 0.004 12.913 13.946 0.00799999999999999 13.95 13.981 0 13.978
0.046 0 0.045 0.022 0 0.023 12.036 0.001 12.034 13.43 0.005 13.433 13.334 0 13.33
0.049 0.001 0.05 0.023 0 0.023 12.854 0.006 12.856 13.92 0.005 13.923 13.824 0 13.82
0.043 0.003 0.046 0.021 0.001 0.022 12.736 0.006 12.739 13.904 0.008 13.91 13.909 0 13.906
0.049 0.001 0.05 0.021 0.002 0.023 12.833 0.008 12.839 13.657 0.006 13.66 13.595 0.001 13.593
0.045 0 0.046 0.019 0.003 0.022 11.988 0.003 11.987 13.36 0.005 13.363 13.351 0.001 13.348
0.051 0 0.051 0.02 0.003 0.023 13.216 0.003 13.216 14.196 0.009 14.202 14.089 0 14.086
0.05 0 0.05 0.018 0.005 0.023 13.048 0.004 13.049 13.959 0.005 13.962 13.882 0 13.878
0.043 0.002 0.045 0.021 0.002 0.023 11.974 0.004 11.98 13.177 0.008 13.184 13.14 0 13.146
0.05 0 0.051 0.017 0.006 0.023 12.882 0.004 12.883 13.913 0.008 13.918 13.79 0 13.788
0.048 0.003 0.051 0.021 0.003 0.024 12.918 0.006 12.922 13.88 0.00600000000000001 13.883 13.89 0 13.887
0.05 0 0.05 0.021 0.002 0.024 12.804 0.007 12.808 13.866 0.003 13.865 13.737 0 13.734
0.048 0.002 0.05 0.019 0.004 0.023 13.012 0.005 13.014 13.976 0.004 13.977 13.862 0 13.858
0.05 0 0.05 0.02 0.003 0.023 13.027 0.00600000000000001 13.03 14.022 0.004 14.023 13.932 0.001 13.93
0.045 0.001 0.046 0.021 0.002 0.023 12.899 0.007 12.904 14.057 0.01 14.064 13.803 0.003 13.803
0.048 0.001 0.049 0.021 0.003 0.024 12.999 0.004 13.001 14 0.003 13.998 13.91 0 13.908
0.051 0 0.051 0.021 0.003 0.024 13.326 0.008 13.331 14.306 0.002 14.305 14.179 0 14.176
0.053 0 0.053 0.018 0.004 0.023 13.023 0.008 13.027 14.012 0.006 14.015 13.93 0 13.927
0.048 0.003 0.051 0.019 0.004 0.024 13.144 0.008 13.148 14.107 0.006 14.11 14.044 0 14.041
0.05 0 0.05 0.021 0.002 0.023 12.136 0.001 12.14 13.076 0.008 13.082 12.976 0 12.979
0.047 0.004 0.051 0.023 0 0.023 13.176 0.00600000000000001 13.179 14.222 0.007 14.226 14.154 0 14.151
0.048 0.001 0.049 0.023 0.001 0.024 13.267 0.006 13.27 14.213 0.005 14.215 14.136 0 14.132
0.049 0.002 0.051 0.023 0.000999999999999994 0.023 13.902 0.005 13.905 14.818 0.005 14.819 14.788 0 14.785
0.049 0.001 0.05 0.02 0.003 0.024 12.859 0.004 12.861 13.903 0.004 13.904 13.895 0 13.89
0.048 0.003 0.05 0.021 0.00199999999999999 0.023 12.518 0.003 12.518 13.739 0.001 13.737 13.685 0 13.683
0.049 0.001 0.05 0.021 0.003 0.024 11.884 0.009 11.89 13.185 0.005 13.187 13.125 0 13.122
0.045 0.001 0.046 0.016 0.007 0.023 12.492 0.004 12.493 13.619 0.005 13.622 13.75 0.001 13.749
0.044 0.001 0.045 0.02 0.003 0.022 12.127 0.006 12.131 13.654 0.006 13.657 14.187 0 14.185
0.051 0 0.051 0.017 0.006 0.023 12.916 0.007 12.922 13.92 0.00900000000000001 13.926 13.991 0 13.988
0.049 0.001 0.05 0.019 0.004 0.024 12.766 0.004 12.768 13.901 0.004 13.901 13.892 0 13.889
0.044 0.002 0.046 0.02 0.003 0.023 12.707 0.002 12.706 13.838 0.006 13.842 13.712 0.001 13.71
0.05 0 0.05 0.023 0.001 0.024 12.925 0.004 12.926 13.726 0.00800000000000001 13.731 13.681 0 13.678
0.048 0.00199999999999999 0.05 0.019 0.004 0.023 12.985 0.004 12.986 13.948 0.007 13.951 13.878 0 13.875
0.048 0.001 0.049 0.022 0.001 0.024 12.611 0.004 12.611 13.78 0.004 13.781 13.69 0 13.688
0.045 0 0.045 0.019 0.004 0.023 11.909 0.006 11.911 13.261 0.005 13.264 13.636 0 13.633
0.052 0 0.053 0.023 0.001 0.023 13.08 0.007 13.085 14.038 0.008 14.044 13.97 0 13.967
0.052 0 0.052 0.019 0.005 0.024 12.878 0.003 12.878 13.742 0.009 13.748 13.705 0 13.702
0.049 0.001 0.05 0.02 0.003 0.023 13.039 0.003 13.04 14.147 0.007 14.151 14.076 0 14.072
0.046 0.004 0.049 0.019 0.004 0.023 13.223 0.004 13.225 14.152 0.005 14.153 14.061 0 14.059
0.049 0.002 0.051 0.019 0.004 0.023 13.262 0.001 13.261 14.284 0.003 14.283 14.161 0.001 14.158
0.049 0.001 0.05 0.022 0.001 0.023 12.695 0.005 12.696 13.905 0.005 13.908 13.798 0 13.795
0.049 0.002 0.051 0.022 0.00199999999999999 0.023 13.116 0.00600000000000001 13.12 14.009 0.007 14.013 14.085 0 14.082
0.049 0.00199999999999999 0.051 0.02 0.003 0.023 12.936 0.005 12.938 13.769 0.006 13.772 13.619 0.001 13.617
0.047 0.004 0.052 0.02 0.003 0.023 13.056 0.004 13.058 14.097 0.005 14.099 13.968 0 13.965
0.049 0.002 0.051 0.022 0.001 0.023 14.829 0.007 14.833 14.984 0.007 14.986 14.855 0 14.852
0.048 0.002 0.05 0.021 0.003 0.023 12.612 0.005 12.614 13.779 0.006 13.783 13.882 0.002 13.882
0.045 0.001 0.046 0.021 0.000999999999999994 0.022 12.108 0.003 12.108 13.499 0.007 13.503 13.561 0 13.559
0.048 0.003 0.05 0.018 0.005 0.024 12.825 0.01 12.833 13.848 0.005 13.85 13.816 0 13.813
0.046 0 0.045 0.02 0.002 0.022 12.576 0.003 12.582 13.583 0.006 13.588 13.276 0 13.28
0.049 0.002 0.051 0.018 0.005 0.023 12.826 0.00899999999999999 12.832 13.906 0.005 13.908 13.778 0.002 13.777
0.049 0.001 0.049 0.019 0.004 0.023 13.516 0.002 13.515 14.41 0.005 14.412 14.333 0 14.33
0.047 0.004 0.05 0.021 0.002 0.023 12.891 0.007 12.896 13.849 0.008 13.854 13.838 0 13.834
0.05 0 0.05 0.022 0.000999999999999994 0.023 12.844 0.00700000000000001 12.848 13.998 0.005 14 13.936 0 13.933
0.042 0.003 0.045 0.02 0.002 0.022 11.999 0.007 12.003 13.414 0.006 13.417 13.411 0 13.407
0.051 0.002 0.052 0.02 0.003 0.023 13.36 0.004 13.362 14.346 0.006 14.348 14.227 0 14.225
0.051 0.001 0.053 0.022 0.002 0.023 13.084 0.006 13.088 14.117 0.004 14.119 14.072 0 14.068
0.043 0.002 0.045 0.019 0.003 0.023 12.168 0.004 12.169 13.964 0.006 13.967 13.924 0 13.921
0.05 0.001 0.051 0.02 0.003 0.023 13.131 0.005 13.133 14.087 0.005 14.088 13.563 0.001 13.562
0.048 0.002 0.05 0.016 0.008 0.024 12.748 0.006 12.751 13.746 0.003 13.746 13.71 0.001 13.708
0.047 0.004 0.05 0.019 0.004 0.023 13.205 0.006 13.209 14.212 0.003 14.212 14.076 0.002 14.074
0.05 0 0.05 0.021 0.00199999999999999 0.023 12.187 0.008 12.191 13.437 0.005 13.439 13.374 0.001 13.372
0.044 0.00600000000000001 0.05 0.02 0.004 0.023 13.11 0.005 13.113 14.073 0.007 14.077 14.034 0 14.03
0.051 0.000999999999999994 0.052 0.024 0 0.024 12.972 0.004 12.973 13.973 0.003 13.973 13.884 0 13.881
0.05 0 0.05 0.018 0.005 0.023 13.098 0.003 13.098 14.038 0.009 14.044 13.928 0 13.924
0.05 0 0.05 0.02 0.004 0.024 12.672 0.006 12.675 13.981 0.003 13.982 13.736 0 13.733
0.047 0.003 0.051 0.018 0.005 0.023 12.72 0.007 12.723 13.802 0.001 13.801 13.79 0 13.787
0.049 0.001 0.05 0.019 0.004 0.023 12.088 0.005 12.089 13.361 0.003 13.361 13.483 0 13.48
0.049 0.001 0.05 0.021 0.00199999999999999 0.024 12.913 0.005 12.915 13.743 0.004 13.743 13.704 0 13.702
0.048 0.001 0.05 0.02 0.004 0.023 12.782 0.007 12.786 13.88 0.006 13.885 13.908 0.003 13.908
0.048 0.002 0.05 0.018 0.005 0.023 12.917 0.008 12.922 13.915 0.004 13.916 13.875 0 13.872
0.049 0.001 0.05 0.02 0.003 0.022 12.945 0.006 12.948 13.886 0.006 13.889 13.856 0 13.851
0.05 0 0.051 0.021 0.003 0.023 12.791 0.005 12.793 13.737 0.004 13.738 13.708 0 13.705
0.05 0 0.05 0.02 0.003 0.023 12.722 0.005 12.723 13.905 0.004 13.907 13.807 0.001 13.805
0.048 0.002 0.05 0.021 0.00199999999999999 0.023 12.125 0.005 12.127 13.067 0.009 13.073 13.002 0 12.999
0.044 0.00199999999999999 0.046 0.02 0.003 0.022 12.252 0.006 12.254 13.644 0.005 13.647 13.678 0.001 13.677
0.048 0.00199999999999999 0.05 0.021 0.002 0.024 12.754 0.008 12.758 13.865 0.006 13.868 13.765 0 13.762
0.046 0 0.046 0.019 0.003 0.022 12.185 0.008 12.189 13.534 0.007 13.539 13.53 0.002 13.53
0.05 0 0.05 0.018 0.005 0.023 12.179 0.006 12.182 13.412 0.007 13.416 13.385 0 13.382
0.049 0.002 0.051 0.022 0.000999999999999994 0.023 12.991 0.015 13.008 14.061 0.015 14.079 14.031 0.003 14.039
0.05 0.001 0.051 0.019 0.004 0.023 12.787 0.005 12.796 13.595 0.007 13.605 13.455 0 13.46
0.05 0.00199999999999999 0.053 0.023 0.001 0.023 13.001 0.002 13.001 13.956 0.007 13.96 13.882 0 13.879
0.046 0 0.046 0.021 0.002 0.022 13.032 0.005 13.034 14.052 0.005 14.055 14.06 0 14.057
0.049 0.001 0.049 0.021 0.002 0.024 12.926 0.008 12.931 13.868 0.002 13.867 13.858 0 13.854
0.045 0 0.046 0.02 0.003 0.022 11.889 0.003 11.889 13.35 0.006 13.354 13.398 0 13.395
0.05 0 0.05 0.019 0.004 0.023 13.098 0.005 13.1 14.046 0.00600000000000001 14.049 13.938 0 13.935
0.047 0.003 0.051 0.021 0.00199999999999999 0.023 13.149 0.00600000000000001 13.153 14.129 0.007 14.132 14.036 0 14.032
0.046 0.005 0.051 0.02 0.003 0.023 13.2 0.005 13.202 14.078 0.003 14.078 13.967 0 13.964
0.045 0.001 0.045 0.016 0.006 0.023 12.152 0.004 12.153 13.535 0.005 13.536 13.955 0.001 13.954
0.048 0.002 0.051 0.02 0.003 0.023 13.538 0.009 13.543 14.468 0.007 14.472 14.35 0.000999999999999994 14.348
0.05 0.001 0.05 0.021 0.00199999999999999 0.023 12.86 0.00600000000000001 12.864 13.948 0.006 13.951 13.871 0 13.867
0.046 0 0.046 0.021 0.00199999999999999 0.022 12.151 0.008 12.157 13.632 0.004 13.632 14.184 0 14.182
0.05 0.001 0.051 0.015 0.008 0.023 12.951 0.007 12.955 13.965 0.004 13.966 14.01 0 14.007
0.05 0.001 0.05 0.017 0.006 0.023 12.82 0.006 12.823 13.776 0.008 13.781 13.849 0 13.847
0.046 0.001 0.047 0.02 0.003 0.022 12.754 0.00700000000000001 12.758 13.908 0.013 13.918 13.67 0 13.667
0.05 0.002 0.052 0.016 0.007 0.023 13.016 0.004 13.017 14.018 0.004 14.019 13.863 0 13.86
0.048 0.00199999999999999 0.051 0.016 0.008 0.023 13.029 0.00600000000000001 13.032 13.993 0.006 13.996 13.908 0 13.904
0.043 0.006 0.049 0.019 0.004 0.023 12.809 0.00899999999999999 12.816 13.821 0.003 13.821 13.827 0 13.822
0.049 0.000999999999999994 0.051 0.021 0.002 0.023 12.21 0.006 12.211 13.516 0.001 13.515 13.721 0 13.719
0.049 0.001 0.05 0.02 0.003 0.024 12.832 0.005 12.833 13.921 0.003 13.922 13.842 0 13.838
0.049 0.002 0.052 0.022 0.000999999999999994 0.023 13.336 0.003 13.337 14.36 0.009 14.365 14.286 0.001 14.284
0.052 0.001 0.052 0.02 0.003 0.024 13.006 0.00199999999999999 13.005 13.975 0.003 13.975 13.945 0 13.941
0.048 0.003 0.05 0.018 0.005 0.023 13.127 0.004 13.128 14.104 0.008 14.109 14.143 0 14.14
0.051 0 0.05 0.021 0.002 0.023 12.709 0.006 12.711 13.802 0.004 13.804 13.765 0 13.762
0.049 0.001 0.051 0.022 0.00199999999999999 0.023 12.499 0.00600000000000001 12.503 13.541 0.004 13.542 13.474 0 13.471
0.049 0.002 0.05 0.02 0.003 0.023 12.673 0.005 12.675 13.452 0.005 13.454 13.369 0 13.366
0.05 0.001 0.051 0.02 0.003 0.023 13.184 0.004 13.185 13.663 0.004 13.664 13.503 0.001 13.501
0.049 0.001 0.05 0.016 0.007 0.024 13.209 0.007 13.212 13.974 0.005 13.976 13.979 0.000999999999999994 13.978
0.043 0.002 0.045 0.021 0.00199999999999999 0.023 11.803 0.00700000000000001 11.807 13.167 0.003 13.167 13.154 0 13.151
0.045 0.000999999999999994 0.045 0.022 0 0.023 11.907 0.009 11.913 13.279 0.005 13.281 13.386 0 13.382
0.044 0.001 0.045 0.018 0.005 0.022 12.098 0.00600000000000001 12.102 13.52 0.005 13.522 13.88 0 13.877
0.051 0 0.05 0.018 0.005 0.024 12.669 0.007 12.673 13.824 0.00800000000000001 13.829 13.73 0 13.728
0.046 0 0.046 0.02 0.003 0.022 13.134 0.006 13.138 14.505 0.006 14.508 14.342 0 14.339
0.049 0.001 0.05 0.02 0.003 0.023 12.779 0.005 12.781 13.782 0.003 13.782 13.71 0 13.707
0.05 0.001 0.051 0.017 0.006 0.024 13.228 0.004 13.228 14.197 0.007 14.202 14.064 0 14.06
0.051 0 0.051 0.019 0.004 0.023 13.145 0.001 13.144 14.094 0.007 14.098 14.034 0 14.03
0.049 0.001 0.05 0.022 0.001 0.023 12.875 0.006 12.879 13.891 0.005 13.892 13.953 0 13.949
0.045 0.001 0.046 0.02 0.002 0.023 12.375 0.005 12.376 13.87 0.005 13.874 14.414 0 14.41
0.049 0.001 0.05 0.022 0.002 0.023 13.011 0.009 13.018 14.016 0.004 14.017 13.941 0 13.938
0.049 0.001 0.05 0.021 0.00199999999999999 0.024 12.931 0.00700000000000001 12.934 13.912 0.005 13.914 13.827 0 13.825
0.051 0 0.051 0.019 0.004 0.023 12.84 0.007 12.843 13.599 0.00600000000000001 13.603 13.548 0.000999999999999994 13.546
0.048 0.002 0.05 0.021 0.003 0.023 12.963 0.00700000000000001 12.968 14.037 0.003 14.037 14.004 0 14.001
0.049 0 0.049 0.022 0.001 0.024 12.979 0.002 12.978 13.987 0.004 13.988 13.868 0 13.864
0.049 0.001 0.05 0.018 0.005 0.023 12.893 0.007 12.897 13.872 0.005 13.873 13.819 0 13.817
0.05 0.001 0.051 0.02 0.003 0.023 12.977 0.005 12.979 13.953 0.01 13.96 13.969 0.002 13.969
0.049 0.002 0.051 0.019 0.004 0.024 12.698 0.007 12.7 13.964 0.005 13.967 13.753 0 13.751
0.05 0 0.051 0.021 0.003 0.023 12.883 0.005 12.886 13.991 0.003 13.99 13.876 0 13.873
0.048 0.002 0.05 0.021 0.002 0.023 12.866 0.041 12.926 13.399 0.01 13.415 13.238 0.004 13.247
0.045 0.001 0.046 0.021 0.002 0.023 12.132 0.00199999999999999 12.131 13.559 0.004 13.56 13.556 0 13.554
0.049 0.002 0.051 0.02 0.003 0.023 12.201 0.00600000000000001 12.203 13.469 0.007 13.473 13.583 0 13.581
0.048 0.002 0.05 0.019 0.005 0.023 12.606 0.004 12.607 13.997 0.011 14.007 13.698 0 13.695
0.048 0.00199999999999999 0.05 0.022 0.001 0.023 12.282 0.011 12.288 13.398 0.008 13.403 13.352 0.002 13.351
0.046 0.001 0.046 0.021 0.001 0.023 12.133 0.009 12.138 13.498 0.004 13.499 13.552 0 13.551
0.044 0.002 0.046 0.019 0.004 0.022 12.853 0.005 12.856 13.817 0.005 13.819 13.774 0.001 13.772
0.049 0.001 0.05 0.02 0.003 0.023 12.719 0.006 12.722 13.852 0.007 13.858 13.915 0.001 13.913
0.054 0.001 0.055 0.021 0.003 0.023 12.852 0.005 12.854 13.839 0.008 13.844 13.829 0.000999999999999994 13.828
0.05 0.002 0.052 0.022 0.001 0.023 13.031 0.006 13.035 13.991 0.001 13.989 13.917 0 13.913
0.049 0.00199999999999999 0.051 0.021 0.002 0.023 13.217 0.005 13.219 14.162 0.005 14.165 14.021 0 14.016
0.049 0.001 0.05 0.021 0.00199999999999999 0.023 13.025 0.009 13.032 14.035 0.005 14.036 14.084 0 14.081
0.045 0.000999999999999994 0.046 0.019 0.003 0.022 12.271 0.003 12.27 14.021 0.001 14.02 13.946 0 13.943
0.049 0.002 0.05 0.019 0.004 0.023 12.985 0.003 12.987 14.02 0.002 14.017 13.449 0 13.446
0.051 0.002 0.053 0.019 0.004 0.023 12.985 0.00899999999999999 12.991 13.98 0.004 13.98 13.899 0 13.896
0.048 0.003 0.051 0.02 0.003 0.023 13.233 0.005 13.235 14.218 0.003 14.218 14.097 0 14.093
0.069 0.002 0.073 0.029 0.003 0.032 12.807 0.012 12.825 13.835 0.00600000000000001 13.838 13.771 0 13.768
0.046 0 0.046 0.019 0.003 0.023 12.023 0.005 12.024 13.451 0.01 13.458 13.554 0 13.551
0.05 0 0.05 0.019 0.004 0.023 12.176 0.006 12.179 13.406 0.002 13.405 13.36 0 13.357
0.05 0 0.05 0.022 0.001 0.023 12.888 0.006 12.891 13.914 0.009 13.92 13.863 0 13.86
0.05 0.001 0.052 0.023 0.001 0.023 13.298 0.003 13.298 14.332 0.005 14.334 14.226 0.003 14.226
0.049 0.002 0.05 0.02 0.003 0.023 13.012 0.007 13.017 13.95 0.007 13.953 13.949 0.001 13.946
0.05 0 0.05 0.023 0.001 0.023 12.68 0.006 12.683 14.072 0.011 14.082 13.803 0 13.8
0.05 0 0.05 0.021 0.00199999999999999 0.023 12.265 0.004 12.266 13.431 0.009 13.436 13.364 0.001 13.364
0.049 0.002 0.051 0.02 0.003 0.023 12.696 0.004 12.696 13.683 0.009 13.691 13.685 0 13.682
0.046 0 0.046 0.021 0.002 0.023 12.784 0.003 12.784 14.004 0.006 14.007 13.782 0 13.78
0.047 0.003 0.05 0.021 0.003 0.024 13.308 0.003 13.308 14.253 0.006 14.255 14.156 0 14.153
0.048 0.00199999999999999 0.05 0.018 0.005 0.023 12.95 0.004 12.951 13.951 0.003 13.951 13.876 0 13.873
0.045 0.000999999999999994 0.045 0.018 0.004 0.023 12.701 0.003 12.699 13.848 0.002 13.848 13.719 0 13.716
0.045 0 0.045 0.019 0.004 0.023 12.008 0.007 12.011 13.442 0.003 13.442 13.958 0 13.955
0.049 0.001 0.05 0.02 0.004 0.023 12.8 0.007 12.806 13.902 0.004 13.903 13.858 0 13.854
0.044 0.003 0.048 0.021 0.002 0.023 13.281 0.009 13.287 14.355 0.006 14.358 14.301 0 14.298
0.045 0.001 0.046 0.019 0.003 0.023 12.055 0.00700000000000001 12.059 13.495 0.011 13.502 13.963 0 13.962
0.05 0 0.05 0.017 0.006 0.023 13.012 0.005 13.015 13.46 0.00700000000000001 13.463 13.338 0 13.335
0.051 0 0.05 0.02 0.003 0.023 13.176 0.00199999999999999 13.176 14.211 0.00600000000000001 14.213 14.156 0 14.153
0.047 0.005 0.053 0.021 0.00199999999999999 0.023 12.846 0.005 12.848 13.812 0.007 13.816 13.746 0 13.741
0.05 0.001 0.05 0.019 0.004 0.023 13.125 0.003 13.125 14.101 0.006 14.105 13.965 0 13.961
0.045 0.001 0.046 0.019 0.003 0.022 12.335 0.00799999999999999 12.347 13.766 0.005 13.77 13.978 0 13.982
0.049 0.001 0.05 0.019 0.005 0.023 12.557 0.003 12.556 13.939 0.005 13.943 13.699 0 13.696
0.048 0.002 0.05 0.019 0.004 0.023 13.009 0.00199999999999999 13.008 13.412 0.003 13.413 13.381 0 13.378
0.046 0 0.045 0.017 0.005 0.022 12.037 0.002 12.036 13.447 0.009 13.453 13.719 0 13.717
0.046 0 0.046 0.023 0.001 0.024 12.792 0.00600000000000001 12.796 13.937 0.00199999999999999 13.936 13.789 0.001 13.787
0.045 0.002 0.046 0.018 0.004 0.022 12.883 0.004 12.885 14.238 0.006 14.24 14.016 0 14.013
0.05 0 0.05 0.02 0.003 0.023 13.044 0.003 13.045 14.039 0.00800000000000001 14.044 14.004 0 14
0.049 0 0.05 0.02 0.004 0.023 13.327 0.006 13.331 14.366 0.005 14.368 14.313 0 14.309
0.051 0 0.051 0.02 0.004 0.023 12.998 0.004 12.999 13.971 0.003 13.972 13.864 0 13.861
0.044 0.002 0.046 0.02 0.003 0.022 13.046 0.003 13.046 14.182 0.003 14.182 13.993 0 13.99
0.047 0.003 0.049 0.019 0.004 0.024 12.948 0.004 12.949 13.459 0.007 13.47 12.992 0 12.996
0.047 0.003 0.05 0.02 0.004 0.024 14.473 0.000999999999999994 14.471 15.63 0.005 15.632 15.307 0 15.31
0.052 0 0.052 0.021 0.002 0.023 12.928 0.005 12.93 13.96 0.005 13.962 13.842 0 13.839
0.045 0.001 0.045 0.018 0.004 0.023 12.029 0.005 12.031 13.41 0.004 13.411 13.568 0 13.565
0.045 0.001 0.046 0.018 0.004 0.022 12.115 0.006 12.117 13.452 0.005 13.454 13.907 0 13.904
0.051 0.001 0.05 0.019 0.004 0.023 12.706 0.004 12.708 13.47 0.006 13.474 13.408 0 13.405
0.05 0.002 0.051 0.02 0.003 0.023 13.019 0.00600000000000001 13.023 14.062 0.007 14.066 13.965 0.001 13.963
0.05 0.001 0.051 0.021 0.002 0.023 12.987 0.006 12.99 13.945 0.005 13.947 13.883 0 13.88
0.05 0.001 0.051 0.019 0.004 0.024 13.046 0.00600000000000001 13.048 14.007 0.004 14.009 13.932 0 13.928
0.05 0.001 0.05 0.02 0.003 0.023 12.748 0.002 12.747 13.932 0.004 13.934 14.073 0 14.07
0.054 0.000999999999999994 0.054 0.019 0.004 0.024 14.014 0.005 14.016 14.479 0.003 14.479 13.387 0 13.383
0.049 0.00199999999999999 0.051 0.02 0.003 0.023 12.469 0.007 12.472 13.571 0.004 13.573 13.476 0 13.473
0.049 0.001 0.05 0.021 0.002 0.023 12.553 0.01 12.559 13.192 0.005 13.195 13.147 0 13.144
0.046 0 0.046 0.018 0.006 0.023 12.196 0.004 12.197 13.526 0.006 13.529 13.509 0 13.507
0.045 0.002 0.046 0.017 0.005 0.023 12.813 0.004 12.814 14.05 0.011 14.057 13.959 0 13.956
0.048 0.002 0.05 0.019 0.004 0.024 12.833 0.005 12.836 13.785 0.00800000000000001 13.79 13.846 0 13.842
0.048 0.00199999999999999 0.05 0.024 0 0.023 12.805 0.004 12.807 13.803 0.005 13.804 13.841 0 13.838
0.051 0 0.051 0.021 0.002 0.023 12.982 0.004 12.982 13.91 0.005 13.913 13.837 0 13.833
0.05 0 0.051 0.021 0.003 0.023 12.915 0.004 12.916 13.887 0.004 13.888 13.762 0 13.759
0.041 0.004 0.046 0.017 0.006 0.022 12.749 0.003 12.748 13.829 0.005 13.832 13.661 0 13.658
0.049 0.001 0.05 0.02 0.003 0.023 12.821 0.008 12.827 13.959 0.004 13.96 13.885 0.001 13.883
0.05 0 0.05 0.021 0.002 0.024 12.833 0.004 12.834 13.886 0.001 13.883 13.775 0.001 13.773
0.049 0.001 0.05 0.023 0 0.024 13.107 0.005 13.109 14.048 0.005 14.049 13.967 0 13.963
0.049 0.002 0.05 0.02 0.003 0.024 12.819 0.007 12.823 14.023 0.002 14.023 14.062 0 14.059
0.048 0.002 0.05 0.018 0.005 0.023 12.77 0.003 12.771 13.804 0.006 13.807 13.657 0 13.653
0.048 0.001 0.049 0.022 0.002 0.024 13.196 0.007 13.2 14.166 0.003 14.166 14.086 0 14.083
0.05 0.001 0.051 0.021 0.002 0.023 13.019 0.004 13.02 13.967 0.007 13.971 13.912 0 13.909
0.048 0.00199999999999999 0.05 0.019 0.003 0.023 12.831 0.003 12.83 13.891 0.01 13.898 13.893 0 13.89
0.049 0 0.049 0.022 0.00199999999999999 0.024 12.57 0.00600000000000001 12.582 13.864 0.004 13.875 13.804 0 13.812
0.052 0.001 0.053 0.021 0.002 0.023 13.011 0.007 13.015 14.037 0.005 14.038 13.951 0 13.947
0.048 0.002 0.05 0.022 0.002 0.024 12.954 0.005 12.956 13.928 0.004 13.929 13.861 0 13.858
0.049 0.001 0.05 0.021 0.002 0.023 12.719 0.005 12.72 13.784 0.00799999999999999 13.79 13.741 0 13.738
0.047 0.002 0.049 0.02 0.003 0.023 12.994 0.004 12.995 13.897 0.004 13.898 13.887 0.001 13.884
0.047 0.003 0.05 0.018 0.004 0.023 12.908 0.005 12.91 13.87 0.006 13.873 13.782 0 13.778
0.05 0.001 0.051 0.023 0.001 0.024 12.982 0.004 12.984 14.165 0.012 14.173 14.107 0 14.104
0.046 0 0.047 0.02 0.00199999999999999 0.022 13.119 0.008 13.124 14.213 0.007 14.217 14.04 0 14.035
0.052 0 0.051 0.023 0.001 0.024 12.812 0.008 12.817 13.824 0.007 13.828 13.795 0 13.792
0.048 0.002 0.05 0.021 0.00199999999999999 0.024 13.045 0.003 13.046 14.06 0.002 14.058 13.927 0 13.924
0.05 0 0.05 0.022 0.001 0.023 12.522 0.003 12.521 13.544 0.00700000000000001 13.549 13.5 0 13.497
0.046 0.001 0.128 0.019 0.004 0.022 12.757 0.029 12.786 14.007 0.00700000000000001 14.015 13.917 0.002 13.919
0.049 0.001 0.05 0.02 0.003 0.023 13.072 0.003 13.074 14.044 0.006 14.046 13.785 0 13.783
0.052 0.001 0.053 0.019 0.004 0.023 13.01 0.004 13.011 13.967 0.004 13.968 13.896 0 13.893
0.047 0.003 0.051 0.023 0.001 0.024 13.063 0.006 13.067 14.016 0.006 14.018 13.934 0 13.931
0.049 0.002 0.051 0.019 0.004 0.023 12.742 0.009 12.749 13.947 0.007 13.951 13.864 0 13.861
0.047 0 0.047 0.021 0.001 0.022 12.692 0.006 12.695 13.902 0.009 13.909 13.939 0 13.936
0.049 0.002 0.051 0.02 0.003 0.023 12.779 0.006 12.782 13.808 0.005 13.81 13.765 0 13.762
0.049 0 0.05 0.02 0.003 0.023 12.85 0.007 12.854 13.831 0.005 13.833 13.563 0 13.567
0.045 0.000999999999999994 0.047 0.021 0.002 0.022 12.1 0.007 12.103 13.499 0.008 13.505 13.853 0 13.85
0.05 0.001 0.051 0.02 0.003 0.023 13.014 0.004 13.015 14.001 0.003 14.001 13.883 0 13.879
0.049 0.001 0.049 0.021 0.002 0.023 12.726 0.006 12.729 13.866 0.004 13.868 13.834 0 13.831
0.049 0.001 0.05 0.02 0.004 0.024 12.669 0.007 12.673 13.726 0.00199999999999999 13.726 13.71 0 13.707
0.049 0.001 0.05 0.017 0.006 0.023 12.49 0.023 12.519 13.201 0.00600000000000001 13.212 13.402 0.00299999999999999 13.406
0.045 0 0.045 0.02 0.003 0.022 12.004 0.009 12.011 13.408 0.009 13.414 13.337 0 13.334
0.045 0.002 0.047 0.021 0.001 0.023 12.865 0.002 12.864 13.972 0.006 13.975 13.868 0 13.865
0.043 0.003 0.046 0.015 0.007 0.022 12.038 0.005 12.039 13.41 0.005 13.412 13.324 0 13.326
0.049 0.001 0.052 0.019 0.004 0.023 12.926 0.003 12.926 13.941 0.005 13.943 13.891 0.001 13.889
0.046 0.003 0.05 0.021 0.003 0.023 13.04 0.002 13.04 13.795 0.005 13.797 13.777 0.001 13.775
0.049 0.000999999999999994 0.05 0.02 0.004 0.023 12.923 0.002 12.923 13.872 0.005 13.874 13.879 0 13.876
0.045 0.001 0.046 0.019 0.003 0.023 12.053 0.004 12.053 13.457 0.008 13.463 13.634 0 13.631
0.048 0.005 0.053 0.018 0.004 0.023 13.286 0.003 13.286 14.261 0.003 14.261 14.167 0 14.164
0.049 0.00199999999999999 0.051 0.021 0.002 0.023 13.127 0.009 13.133 14.064 0.004 14.065 13.978 0 13.975
0.048 0.004 0.052 0.018 0.005 0.023 13.161 0.008 13.166 14.121 0.006 14.124 14.061 0 14.057
0.051 0.001 0.052 0.018 0.005 0.023 13.024 0.004 13.025 13.961 0.006 13.963 13.92 0 13.917
0.047 0.003 0.05 0.02 0.003 0.023 12.986 0.006 12.989 14.018 0.006 14.021 13.906 0 13.904
0.048 0.002 0.05 0.02 0.004 0.024 12.353 0.008 12.357 13.397 0.005 13.399 13.343 0 13.341
0.045 0.002 0.046 0.021 0.000999999999999994 0.022 12.041 0.012 12.062 13.437 0.005 13.447 13.353 0.00499999999999999 13.359
0.05 0.001 0.05 0.021 0.002 0.023 12.643 0.006 12.646 13.629 0.002 13.629 13.565 0 13.562
0.049 0.001 0.051 0.021 0.003 0.023 13.162 0.005 13.164 14.416 0.006 14.419 14.275 0 14.272
0.049 0.002 0.051 0.02 0.003 0.023 12.89 0.00600000000000001 12.894 13.444 0.006 13.446 13.454 0.001 13.453
0.049 0.002 0.051 0.016 0.007 0.023 12.915 0.006 12.918 13.954 0.00600000000000001 13.957 13.916 0 13.913
0.049 0.002 0.05 0.021 0.002 0.024 13.094 0.006 13.097 13.95 0.004 13.952 13.857 0 13.853
0.049 0.001 0.05 0.022 0.002 0.023 12.734 0.006 12.738 13.75 0.00600000000000001 13.754 13.754 0 13.751
0.045 0 0.045 0.019 0.004 0.022 11.965 0.006 11.967 13.687 0.004 13.688 13.85 0 13.848
0.053 0.002 0.054 0.019 0.004 0.024 13.361 0.003 13.361 14.3 0.005 14.302 14.215 0 14.211
0.051 0 0.051 0.022 0.002 0.023 12.932 0.003 12.933 13.922 0.00600000000000001 13.924 13.842 0 13.839
0.05 0.00199999999999999 0.052 0.02 0.003 0.024 13.465 0.008 13.469 14.416 0 14.412 14.33 0 14.328
0.048 0.002 0.05 0.017 0.00600000000000001 0.023 12.929 0.005 12.932 13.909 0.006 13.91 13.859 0 13.856
0.046 0.001 0.047 0.02 0.002 0.022 12.884 0.002 12.883 14.006 0.005 14.008 13.849 0 13.846
0.043 0.003 0.045 0.018 0.005 0.023 12.039 0.006 12.041 13.417 0.004 13.418 13.616 0 13.613
0.046 0 0.046 0.018 0.004 0.022 12.565 0.005 12.566 13.846 0.004 13.848 13.701 0 13.699
0.044 0.001 0.045 0.019 0.004 0.023 12.94 0.004 12.942 14.014 0.005 14.015 13.895 0.001 13.893
0.049 0.000999999999999994 0.05 0.021 0.002 0.023 12.403 0.004 12.403 13.493 0.006 13.496 13.428 0 13.426
0.049 0.001 0.05 0.019 0.004 0.023 12.998 0.005 13.001 13.697 0.003 13.697 13.34 0.001 13.339
0.046 0.001 0.046 0.019 0.003 0.023 12.73 0.004 12.73 13.809 0 13.806 13.745 0 13.742
0.049 0.001 0.049 0.021 0.00199999999999999 0.024 13.016 0.005 13.019 13.812 0.005 13.814 13.694 0 13.691
0.051 0.001 0.051 0.02 0.003 0.023 13.046 0.005 13.048 14.069 0.00699999999999999 14.073 13.994 0.001 13.993
0.051 0 0.051 0.022 0.001 0.023 13.017 0.004 13.018 13.989 0.005 13.99 13.892 0 13.889
0.045 0.001 0.046 0.019 0.004 0.022 12.065 0.005 12.066 13.424 0.007 13.43 13.389 0 13.386
0.045 0.001 0.047 0.021 0.002 0.022 12.112 0.004 12.113 13.796 0.006 13.798 13.713 0 13.711
0.05 0.000999999999999994 0.051 0.02 0.004 0.024 12.738 0.007 12.741 13.771 0.004 13.773 13.733 0 13.73
0.046 0 0.046 0.019 0.004 0.022 12.123 0.008 12.129 13.499 0.005 13.5 13.48 0 13.477
0.047 0.003 0.05 0.019 0.004 0.023 13.064 0.004 13.064 14.016 0.008 14.022 13.948 0 13.945
0.048 0.003 0.051 0.02 0.003 0.023 13.092 0.006 13.095 14.083 0.007 14.087 14.037 0 14.034
0.046 0 0.046 0.018 0.004 0.022 12.844 0.005 12.846 14.057 0.006 14.06 13.943 0.001 13.941
0.046 0.001 0.046 0.017 0.005 0.023 12.962 0.002 12.962 14.137 0.005 14.138 13.964 0 13.96
0.05 0 0.05 0.022 0.001 0.023 13.085 0.005 13.088 14.141 0.002 14.138 14.039 0.001 14.038
0.045 0.001 0.046 0.018 0.004 0.022 11.856 0.007 11.863 13.034 0.003 13.04 12.893 0 12.892
0.045 0 0.046 0.021 0.000999999999999994 0.022 11.994 0.00600000000000001 11.997 13.423 0.013 13.433 13.964 0.001 13.962
0.049 0.002 0.05 0.02 0.003 0.023 13.035 0.007 13.039 13.965 0.006 13.968 13.921 0 13.918
0.049 0.002 0.051 0.02 0.003 0.023 13.379 0.004 13.38 14.349 0.006 14.352 14.217 0 14.215
0.048 0.002 0.051 0.022 0.002 0.023 12.845 0.007 12.85 13.847 0.003 13.847 13.87 0.001 13.867
0.048 0.000999999999999994 0.05 0.021 0.003 0.024 12.644 0.004 12.644 13.65 0.00800000000000001 13.657 13.474 0 13.471
0.049 0.001 0.05 0.022 0.001 0.023 12.831 0.004 12.833 13.929 0.004 13.93 13.892 0 13.888
0.048 0 0.048 0.02 0.003 0.023 13.238 0.008 13.244 14.243 0.006 14.248 14.075 0.002 14.076
0.051 0 0.05 0.022 0.001 0.023 13.164 0.006 13.167 14.126 0.004 14.127 14.039 0 14.036
0.049 0 0.05 0.022 0.001 0.023 12.573 0.005 12.573 13.787 0.004 13.79 13.708 0 13.704
0.048 0.00199999999999999 0.05 0.022 0.001 0.023 12.841 0.00600000000000001 12.843 13.833 0.004 13.835 13.848 0 13.845
0.048 0.002 0.05 0.017 0.006 0.023 13.063 0.003 13.063 14.037 0.007 14.041 13.975 0 13.972
0.043 0.002 0.045 0.019 0.005 0.023 11.922 0.00199999999999999 11.921 13.147 0.00600000000000001 13.151 13.092 0 13.088
0.045 0 0.045 0.019 0.004 0.023 12.001 0.00199999999999999 11.999 13.345 0.008 13.35 13.29 0 13.288
0.047 0.003 0.05 0.02 0.004 0.023 12.709 0.00800000000000001 12.714 14.004 0.00499999999999999 14.007 13.832 0 13.829
0.048 0.002 0.05 0.021 0.002 0.023 12.683 0.004 12.684 13.852 0.007 13.857 13.634 0 13.631
0.048 0.001 0.05 0.021 0.00199999999999999 0.022 12.833 0.005 12.836 13.861 0.008 13.867 13.815 0.001 13.812
0.049 0.001 0.05 0.022 0.001 0.023 13.212 0.005 13.214 14.208 0.00600000000000001 14.211 14.065 0 14.062
0.049 0.002 0.05 0.021 0.00199999999999999 0.023 12.907 0.008 12.912 13.881 0.00600000000000001 13.884 13.815 0 13.812
0.05 0 0.05 0.018 0.005 0.023 12.891 0.007 12.895 13.852 0.008 13.857 13.867 0 13.865
0.05 0 0.051 0.021 0.002 0.023 12.947 0.011 12.954 13.923 0.004 13.925 13.857 0 13.854
0.049 0.000999999999999994 0.05 0.02 0.003 0.024 12.757 0.006 12.76 14.112 0.005 14.115 13.83 0 13.827
0.05 0 0.051 0.019 0.004 0.023 13.46 0.006 13.462 14.428 0.004 14.429 14.31 0 14.307
0.052 0.002 0.055 0.019 0.005 0.023 14.416 0.006 14.419 15.095 0.00700000000000001 15.1 14.222 0.001 14.219
0.049 0 0.049 0.017 0.006 0.023 12.955 0.005 12.956 13.992 0.005 13.994 13.865 0.002 13.865
0.048 0.00199999999999999 0.05 0.02 0.003 0.023 13.284 0.003 13.284 14.237 0.00700000000000001 14.241 14.108 0 14.105
0.048 0.000999999999999994 0.049 0.019 0.004 0.023 12.618 0.006 12.62 13.629 0.005 13.632 13.663 0.003 13.663
0.047 0.003 0.05 0.019 0.004 0.023 12.877 0.00700000000000001 12.883 13.861 0.00599999999999999 13.863 13.891 0 13.888
0.048 0.00199999999999999 0.051 0.023 0.001 0.023 12.814 0.007 12.819 14.057 0.003 14.056 13.904 0 13.901
0.046 0.004 0.05 0.021 0.00199999999999999 0.023 12.79 0.005 12.794 14.014 0.005 14.015 14.102 0 14.099
0.049 0.001 0.05 0.021 0.003 0.024 12.907 0.008 12.912 13.864 0.004 13.866 13.845 0 13.842
0.048 0.001 0.049 0.018 0.005 0.023 12.597 0.004 12.597 13.619 0.005 13.622 13.598 0 13.595
0.05 0 0.05 0.018 0.005 0.023 12.863 0.005 12.866 13.818 0.004 13.819 13.865 0 13.861
0.048 0.002 0.05 0.019 0.004 0.023 12.794 0.00600000000000001 12.796 13.799 0.005 13.802 13.796 0 13.793
0.049 0.001 0.05 0.021 0.003 0.023 12.466 0.00800000000000001 12.47 13.746 0.003 13.749 13.754 0 13.751
0.049 0.001 0.05 0.021 0.003 0.023 12.914 0.008 12.92 13.979 0.004 13.98 13.817 0 13.815
0.043 0.003 0.045 0.018 0.004 0.023 11.923 0.002 11.923 13.297 0.008 13.304 13.617 0 13.616
0.051 0 0.051 0.019 0.004 0.023 13.053 0.002 13.051 14.063 0.005 14.065 13.649 0 13.646
0.045 0 0.045 0.017 0.00600000000000001 0.023 12.656 0.006 12.659 13.8 0.007 13.806 13.7 0 13.696
0.05 0 0.05 0.021 0.002 0.023 12.621 0.003 12.621 13.885 0.005 13.889 13.746 0 13.742
0.05 0.001 0.051 0.015 0.007 0.022 12.676 0.007 12.678 13.475 0.006 13.479 13.373 0 13.37
0.049 0.001 0.05 0.02 0.003 0.023 12.581 0.004 12.581 13.746 0.005 13.749 13.683 0 13.681
0.05 0 0.05 0.021 0.00199999999999999 0.023 12.857 0.004 12.858 13.887 0.006 13.89 13.793 0 13.79
0.047 0.003 0.05 0.019 0.004 0.023 12.885 0.006 12.887 13.912 0.008 13.918 13.926 0 13.923
0.049 0.001 0.05 0.021 0.003 0.023 12.714 0.005 12.716 13.934 0.002 13.934 13.97 0 13.968
0.048 0.002 0.05 0.019 0.004 0.023 12.885 0.004 12.887 13.876 0.006 13.879 13.82 0 13.817
0.045 0.001 0.045 0.017 0.005 0.023 12.012 0.003 12.012 13.389 0.004 13.39 13.307 0 13.303
0.049 0.001 0.049 0.021 0.002 0.023 12.484 0.004 12.483 13.761 0.00199999999999999 13.762 13.713 0 13.71
0.049 0 0.049 0.02 0.004 0.024 13.105 0.004 13.106 14.069 0.008 14.074 13.962 0 13.959
0.045 0.00199999999999999 0.047 0.018 0.004 0.022 12.852 0.005 12.853 14.025 0.004 14.027 13.878 0 13.876
0.048 0.00199999999999999 0.05 0.019 0.004 0.023 13.047 0.007 13.05 14.017 0.007 14.022 13.993 0 13.99
0.044 0.003 0.046 0.016 0.006 0.023 12.163 0.006 12.164 13.504 0.008 13.51 13.757 0.001 13.756
0.046 0 0.047 0.021 0.002 0.022 12.615 0.006 12.618 13.793 0.003 13.795 13.631 0 13.627
0.048 0.002 0.05 0.02 0.003 0.023 12.995 0.007 13 14.02 0.002 14.017 13.978 0 13.976
0.048 0.002 0.05 0.02 0.003 0.023 12.824 0.00600000000000001 12.826 13.76 0.005 13.763 13.814 0 13.811
0.046 0 0.046 0.018 0.006 0.022 12.812 0.009 12.825 13.741 0.01 13.756 13.715 0.00299999999999999 13.721
0.049 0.00199999999999999 0.051 0.022 0.001 0.023 12.976 0.007 12.98 14.049 0.002 14.048 13.957 0 13.955
0.05 0 0.05 0.02 0.003 0.024 12.327 0.002 12.325 13.335 0.002 13.334 13.256 0.000999999999999994 13.255
0.042 0.003 0.045 0.023 0 0.023 12.737 0.00600000000000001 12.739 13.911 0.004 13.914 13.762 0 13.758
0.048 0.001 0.048 0.019 0.004 0.024 13.141 0.004 13.142 14.004 0.008 14.009 13.967 0 13.963
0.046 0.004 0.05 0.023 0.001 0.024 12.813 0.008 12.819 13.963 0.00700000000000001 13.967 13.885 0 13.882
0.046 0.004 0.051 0.018 0.005 0.023 12.914 0.007 12.918 13.882 0.007 13.886 13.85 0 13.847
0.046 0.001 0.046 0.02 0.002 0.022 12.297 0.007 12.3 13.661 0.007 13.666 13.609 0 13.607
0.049 0.002 0.05 0.02 0.003 0.023 13.006 0.00199999999999999 13.007 13.76 0.008 13.767 13.617 0 13.623
0.046 0.001 0.069 0.017 0.005 0.022 12.195 0.009 12.201 13.682 0.003 13.682 14.21 0 14.208
0.05 0 0.05 0.019 0.004 0.023 13.062 0.002 13.061 14.101 0.006 14.104 14.069 0 14.066
0.048 0.003 0.051 0.021 0.002 0.023 12.974 0.006 12.978 13.945 0.005 13.947 14.017 0 14.014
0.046 0 0.046 0.018 0.004 0.022 12.823 0.006 12.826 13.822 0.004 13.824 13.811 0.000999999999999994 13.81
0.049 0.001 0.05 0.023 0 0.023 12.898 0.006 12.901 13.927 0.00600000000000001 13.93 13.872 0 13.87
0.046 0.003 0.049 0.021 0.003 0.024 13.621 0.005 13.624 14.62 0.007 14.624 14.466 0 14.461
0.041 0.004 0.046 0.019 0.003 0.022 11.862 0.004 11.862 13.196 0.002 13.196 13.345 0.002 13.343
0.051 0.001 0.051 0.02 0.003 0.023 13.204 0.008 13.209 14.196 0.00700000000000001 14.2 14.111 0 14.107
0.049 0.001 0.051 0.022 0.000999999999999994 0.023 12.967 0.00600000000000001 12.971 13.959 0.008 13.963 13.988 0 13.984
0.05 0.001 0.051 0.019 0.004 0.023 12.912 0.006 12.916 13.954 0.007 13.957 13.986 0 13.984
0.05 0 0.05 0.02 0.003 0.023 12.228 0.002 12.227 13.381 0.004 13.382 13.299 0 13.296
0.05 0 0.049 0.015 0.00799999999999999 0.023 12.684 0.00600000000000001 12.688 13.898 0.008 13.903 13.738 0 13.736
0.049 0.000999999999999994 0.05 0.021 0.002 0.023 13.202 0.004 13.202 14.246 0.008 14.252 14.154 0 14.15
0.048 0.00199999999999999 0.05 0.02 0.003 0.024 13.1 0.007 13.104 13.935 0.006 13.937 13.993 0 13.99
0.044 0.00199999999999999 0.046 0.018 0.005 0.023 12.679 0.006 12.682 13.73 0.004 13.733 13.814 0 13.811
0.05 0.001 0.051 0.02 0.003 0.023 13.031 0.00600000000000001 13.035 14.053 0.005 14.054 13.986 0 13.983
0.046 0.003 0.282 0.018 0.005 0.0229999999999999 12.362 0.00399999999999999 12.362 14.311 0.00600000000000001 14.315 14.553 0 14.55
0.049 0.000999999999999994 0.05 0.021 0.002 0.023 13.166 0.00600000000000001 13.17 13.994 0.005 13.994 13.88 0 13.877
0.044 0.001 0.044 0.018 0.004 0.023 11.956 0.005 11.958 13.382 0.00199999999999999 13.381 13.327 0 13.324
0.05 0 0.05 0.019 0.004 0.023 12.843 0.003 12.842 13.354 0.006 13.361 13.019 0 13.021
0.045 0.001 0.047 0.02 0.003 0.022 12.726 0.004 12.727 13.95 0.004 13.953 13.787 0 13.784
0.053 0 0.053 0.022 0.001 0.023 12.893 0.004 12.895 13.841 0.004 13.842 13.817 0.001 13.814
0.049 0.000999999999999994 0.051 0.022 0.002 0.023 13.064 0.003 13.065 14.088 0.008 14.092 14.024 0 14.02
0.045 0.001 0.047 0.02 0.003 0.023 12.258 0.003 12.257 13.665 0.005 13.666 13.588 0.002 13.588
0.05 0.000999999999999994 0.05 0.023 0 0.024 13.613 0.00700000000000001 13.617 14.614 0.005 14.616 14.599 0 14.595
0.05 0 0.05 0.019 0.004 0.024 13.013 0.007 13.016 14.045 0.005 14.047 13.989 0 13.987
0.048 0.003 0.051 0.021 0.00199999999999999 0.023 12.988 0.009 12.994 14.059 0.007 14.063 13.916 0 13.913
0.045 0.001 0.047 0.019 0.004 0.022 12.655 0.004 12.656 13.8 0.002 13.8 13.647 0.004 13.649
0.044 0.001 0.046 0.023 0 0.022 11.976 0.002 11.975 13.336 0.005 13.338 13.441 0 13.437
0.046 0 0.046 0.019 0.004 0.022 12.659 0.00899999999999999 12.664 13.923 0.005 13.926 13.717 0.002 13.716
0.049 0.002 0.05 0.021 0.002 0.024 13.145 0.007 13.15 13.917 0.005 13.919 13.9 0 13.897
0.049 0.001 0.05 0.02 0.003 0.023 12.84 0.006 12.844 13.861 0.00600000000000001 13.863 13.805 0 13.803
0.05 0 0.05 0.021 0.002 0.023 12.806 0.003 12.807 13.87 0.003 13.87 13.845 0 13.842
0.049 0.001 0.05 0.022 0.001 0.023 12.964 0.005 12.967 13.875 0.009 13.88 13.798 0 13.795
0.051 0.001 0.052 0.018 0.005 0.023 12.782 0.006 12.785 13.722 0.004 13.723 13.651 0 13.646
0.041 0.004 0.045 0.019 0.004 0.022 12.038 0.005 12.041 13.992 0.00800000000000001 13.997 14.411 0 14.408
0.05 0.001 0.051 0.019 0.004 0.023 12.477 0.005 12.478 13.588 0.005 13.592 13.529 0 13.525
0.05 0 0.05 0.021 0.002 0.023 12.722 0.007 12.725 13.756 0.006 13.76 13.634 0 13.631
0.05 0 0.051 0.019 0.004 0.023 13.266 0.004 13.266 14.247 0.01 14.254 14.103 0.001 14.101
0.05 0 0.05 0.02 0.003 0.023 12.948 0.00800000000000001 12.953 13.984 0.004 13.985 14.009 0 14.006
0.049 0.001 0.049 0.021 0.003 0.024 12.923 0.004 12.924 13.755 0.006 13.758 13.791 0 13.788
0.044 0.002 0.046 0.019 0.004 0.023 12.015 0.004 12.015 13.48 0.008 13.485 13.412 0.001 13.411
0.05 0.001 0.051 0.021 0.002 0.023 12.916 0.006 12.919 14.129 0.008 14.134 13.95 0 13.947
0.049 0 0.05 0.021 0.003 0.023 12.97 0.007 12.984 13.899 0.008 13.914 13.74 0 13.746
0.049 0.001 0.051 0.024 0 0.023 13.085 0.005 13.087 14.068 0.007 14.072 14.01 0 14.008
0.042 0.003 0.045 0.02 0.003 0.023 11.868 0.006 11.877 13.108 0.007 13.122 13.12 0 13.123
0.047 0 0.047 0.021 0.001 0.022 12.62 0.005 12.622 13.776 0.008 13.781 13.63 0.001 13.628
0.046 0 0.047 0.022 0.001 0.022 12.859 0.00600000000000001 12.862 13.877 0.003 13.877 13.835 0 13.832
0.05 0 0.05 0.023 0.001 0.024 12.833 0.01 12.84 13.819 0.01 13.827 13.925 0.001 13.923
0.05 0 0.05 0.019 0.004 0.023 12.215 0.00700000000000001 12.219 13.396 0.005 13.398 13.329 0 13.325
0.047 0 0.046 0.017 0.005 0.023 12.75 0.007 12.754 13.764 0.008 13.769 13.661 0 13.658
0.05 0 0.05 0.019 0.005 0.023 13.185 0.00600000000000001 13.189 13.983 0.005 13.984 13.88 0 13.878
0.05 0 0.05 0.02 0.004 0.024 12.73 0.005 12.731 13.672 0.007 13.677 13.603 0 13.601
0.044 0.001 0.046 0.018 0.005 0.022 12.679 0.004 12.68 13.951 0.008 13.957 13.827 0.001 13.825
0.048 0.002 0.05 0.022 0.001 0.023 12.833 0.004 12.834 13.921 0.003 13.921 13.848 0 13.845
0.05 0 0.05 0.022 0.002 0.024 12.811 0.00899999999999999 12.817 14.088 0.001 14.086 13.996 0 13.993
0.046 0 0.046 0.021 0.002 0.023 12.113 0.005 12.115 13.486 0.004 13.487 14.227 0 14.225
0.048 0.002 0.051 0.021 0.003 0.023 12.896 0.00600000000000001 12.9 13.925 0.005 13.928 13.969 0 13.964
0.05 0 0.05 0.022 0.000999999999999994 0.023 12.686 0.00600000000000001 12.687 13.99 0.004 13.993 13.735 0 13.731
0.049 0.001 0.051 0.019 0.004 0.023 13.06 0.008 13.064 14.104 0.003 14.106 14.071 0 14.067
0.049 0.002 0.051 0.021 0.00199999999999999 0.023 13.06 0 13.056 14.09 0.009 14.096 13.98 0 13.978
0.048 0.003 0.05 0.02 0.003 0.023 12.821 0.005 12.823 14.129 0.003 14.129 13.883 0 13.88
0.05 0.001 0.051 0.022 0.001 0.023 12.951 0.003 12.951 14.023 0.007 14.028 13.907 0 13.904
0.046 0 0.045 0.018 0.004 0.022 12.845 0.00600000000000001 12.849 13.874 0.004 13.876 13.774 0 13.77
0.049 0.00199999999999999 0.05 0.021 0.002 0.023 13.026 0.007 13.03 14.044 0.004 14.046 13.963 0 13.96
0.049 0.00199999999999999 0.051 0.02 0.003 0.023 13.079 0.004 13.08 14.069 0.005 14.071 14.08 0 14.077
0.049 0.000999999999999994 0.05 0.021 0.003 0.024 12.593 0.008 12.597 13.979 0.001 13.978 13.842 0 13.839
0.046 0 0.045 0.021 0.002 0.023 12.775 0.00600000000000001 12.777 13.929 0.005 13.933 13.685 0.001 13.682
0.047 0.003 0.049 0.016 0.007 0.024 12.747 0.008 12.752 13.941 0.004 13.943 13.714 0 13.711
0.048 0.002 0.05 0.021 0.002 0.024 12.94 0.007 12.943 13.968 0.008 13.973 13.865 0.001 13.863
0.049 0.001 0.05 0.02 0.003 0.023 12.856 0.00700000000000001 12.86 13.882 0.000999999999999994 13.879 13.746 0 13.743
0.046 0 0.046 0.02 0.003 0.022 12.117 0.004 12.119 13.983 0.005 13.986 14.04 0 14.036
0.049 0.001 0.05 0.021 0.002 0.023 12.973 0.008 12.979 14.049 0.005 14.05 13.955 0 13.952
0.05 0 0.05 0.02 0.004 0.023 12.78 0.007 12.785 13.789 0.001 13.787 13.796 0 13.792
0.055 0 0.055 0.019 0.004 0.024 12.967 0.004 12.967 13.566 0.006 13.569 13.45 0.001 13.448
0.048 0.003 0.05 0.02 0.003 0.023 12.848 0.003 12.849 13.854 0.004 13.855 13.849 0.000999999999999994 13.847
0.05 0.001 0.05 0.018 0.005 0.023 12.751 0.006 12.755 14.053 0.004 14.054 13.774 0.001 13.771
0.049 0.002 0.05 0.018 0.005 0.023 12.72 0.004 12.721 14.106 0.004 14.109 13.907 0 13.904
0.045 0 0.045 0.018 0.004 0.022 11.897 0.006 11.898 13.308 0.004 13.309 13.463 0 13.462
0.043 0.00199999999999999 0.046 0.022 0.001 0.022 11.956 0.003 11.956 13.361 0.005 13.363 13.492 0 13.49
0.05 0 0.05 0.02 0.003 0.023 12.525 0.009 12.53 13.603 0.003 13.604 13.665 0 13.663
0.049 0.001 0.05 0.023 0 0.023 12.765 0.004 12.767 14.105 0.009 14.111 14.007 0 14.004
0.049 0.001 0.05 0.018 0.005 0.023 12.949 0.00799999999999999 12.955 13.983 0.00600000000000001 13.986 13.92 0 13.917
0.05 0 0.05 0.02 0.003 0.023 12.878 0.004 12.88 13.896 0.004 13.897 13.84 0 13.835
0.044 0.000999999999999994 0.045 0.019 0.003 0.022 11.985 0.005 11.987 13.45 0.00600000000000001 13.453 13.595 0 13.592
0.044 0.001 0.046 0.023 0 0.022 12.586 0.003 12.586 13.887 0.007 13.892 13.89 0 13.887
0.05 0.001 0.051 0.022 0.001 0.023 12.794 0.008 12.8 13.835 0 13.831 13.767 0 13.764
0.05 0 0.05 0.021 0.00199999999999999 0.023 12.272 0.00600000000000001 12.274 13.406 0.005 13.408 13.296 0 13.294
0.054 0.001 0.054 0.023 0.001 0.024 12.959 0.006 12.962 13.938 0.004 13.94 13.913 0.001 13.91
0.049 0.001 0.05 0.021 0.002 0.023 12.333 0.005 12.333 13.424 0.00600000000000001 13.428 13.329 0 13.327
0.047 0.004 0.05 0.02 0.003 0.023 13.017 0.003 13.017 14.084 0.009 14.09 14.025 0 14.022
0.047 0 0.046 0.017 0.006 0.023 12.772 0.004 12.773 13.812 0.00700000000000001 13.817 13.753 0 13.749
0.05 0 0.051 0.019 0.005 0.023 12.962 0.006 12.965 14.055 0.003 14.056 13.896 0 13.892
0.05 0.001 0.051 0.021 0.002 0.022 12.501 0.004 12.503 13.308 0.007 13.312 13.372 0.001 13.371
0.049 0.001 0.051 0.023 0 0.023 12.907 0.006 12.91 13.764 0.004 13.765 13.209 0 13.206
0.046 0.000999999999999994 0.047 0.022 0 0.022 12.039 0.00600000000000001 12.042 13.417 0.006 13.421 13.372 0 13.368
0.044 0.003 0.047 0.021 0.002 0.022 12.051 0.006 12.054 13.412 0.007 13.415 13.396 0.001 13.395
0.046 0.005 0.05 0.019 0.004 0.024 12.924 0.00799999999999999 12.929 13.947 0.001 13.945 14.006 0 14.003
0.048 0.003 0.05 0.019 0.004 0.023 12.708 0.007 12.711 13.738 0.005 13.741 13.769 0 13.767
0.048 0.00199999999999999 0.05 0.018 0.005 0.023 12.616 0.006 12.619 14.054 0.009 14.061 13.721 0 13.718
0.046 0.004 0.05 0.022 0.001 0.024 12.831 0.007 12.835 13.952 0.004 13.954 13.843 0 13.845
0.049 0.001 0.05 0.019 0.004 0.024 12.58 0.006 12.582 13.804 0.004 13.806 13.924 0 13.921
0.048 0.003 0.05 0.021 0.002 0.023 13.229 0.006 13.232 14.4 0.002 14.4 14.2 0.001 14.197
0.05 0 0.05 0.019 0.004 0.023 13.129 0.006 13.133 14.113 0.01 14.119 14.077 0 14.075
0.045 0.001 0.046 0.018 0.004 0.023 12.048 0.007 12.052 13.489 0.009 13.494 13.652 0 13.649
0.046 0.001 0.047 0.02 0.003 0.022 12.929 0.004 12.932 14.136 0.008 14.141 13.961 0.00199999999999999 13.959
0.044 0.001 0.045 0.018 0.005 0.023 12.033 0.005 12.035 13.434 0.009 13.44 13.576 0 13.571
0.049 0.002 0.05 0.022 0.001 0.023 12.957 0.008 12.963 13.854 0.008 13.858 13.852 0 13.849
0.048 0.002 0.05 0.022 0.001 0.023 12.695 0.003 12.694 13.647 0.007 13.653 13.696 0.001 13.693
0.051 0.001 0.05 0.019 0.003 0.023 12.54 0.007 12.543 13.686 0.004 13.689 13.688 0.001 13.686
0.049 0.002 0.05 0.021 0.002 0.023 12.607 0.007 12.61 14.006 0.004 14.008 13.788 0 13.785
0.048 0 0.048 0.02 0.003 0.022 11.998 0.006 12.001 13.3 0.005 13.302 13.423 0 13.42
0.046 0.004 0.051 0.023 0.001 0.023 13.11 0.005 13.113 14.089 0.005 14.091 14.036 0 14.032
0.048 0.00199999999999999 0.05 0.021 0.002 0.024 12.994 0.008 12.998 13.957 0.006 13.96 13.884 0 13.882
0.049 0.001 0.051 0.02 0.003 0.023 12.514 0.016 12.542 13.549 0.005 13.556 13.456 0.004 13.462
0.045 0.001 0.049 0.019 0.004 0.022 12.089 0.00600000000000001 12.091 13.497 0.00199999999999999 13.496 13.833 0 13.832
0.049 0.001 0.049 0.021 0.00199999999999999 0.023 12.314 0.008 12.319 13.319 0.002 13.318 13.238 0 13.235
0.049 0.002 0.051 0.02 0.003 0.023 13.047 0.007 13.052 14.068 0.008 14.072 13.962 0 13.959
0.046 0.003 0.049 0.02 0.003 0.023 12.926 0.003 12.926 13.933 0.007 13.937 13.891 0 13.887
0.05 0 0.05 0.02 0.004 0.024 12.739 0.001 12.736 13.88 0.005 13.883 13.786 0 13.783
0.049 0.001 0.05 0.019 0.005 0.023 12.995 0.01 13.002 14.015 0.002 14.014 13.93 0.001 13.928
0.047 0.003 0.05 0.02 0.003 0.023 12.765 0.004 12.766 14.095 0.004 14.096 13.827 0 13.825
0.049 0.001 0.051 0.022 0.000999999999999994 0.023 12.978 0.00600000000000001 12.98 13.977 0.006 13.98 13.672 0 13.67
0.049 0.001 0.051 0.018 0.005 0.023 12.836 0.004 12.836 13.873 0.005 13.875 13.795 0 13.792
0.044 0.002 0.046 0.018 0.004 0.022 11.882 0.004 11.883 13.288 0.00800000000000001 13.292 13.226 0 13.223
0.046 0.001 0.047 0.021 0.00199999999999999 0.023 12.645 0.00600000000000001 12.647 13.929 0.005 13.932 13.763 0.002 13.762
0.046 0 0.046 0.018 0.004 0.022 11.948 0.006 11.952 13.288 0.005 13.289 13.255 0 13.252
0.048 0.002 0.05 0.021 0.002 0.024 13.271 0.008 13.275 14.303 0.007 14.308 14.236 0 14.232
0.048 0.002 0.049 0.02 0.003 0.024 12.69 0.004 12.691 13.878 0.007 13.882 13.788 0 13.784
0.045 0.004 0.05 0.019 0.004 0.023 12.209 0.006 12.212 13.354 0.00600000000000001 13.357 13.281 0 13.278
0.05 0 0.05 0.02 0.003 0.023 12.725 0.006 12.727 13.841 0.007 13.846 13.69 0 13.687
0.05 0 0.05 0.019 0.004 0.023 12.055 0.006 12.058 13.473 0.007 13.477 13.78 0 13.778
0.044 0.001 0.045 0.021 0.002 0.023 12.1 0.007 12.104 13.824 0.006 13.827 13.987 0 13.985
0.055 0.001 0.056 0.018 0.005 0.023 13.056 0.006 13.059 14.073 0.009 14.08 14.053 0 14.05
0.045 0.001 0.045 0.022 0 0.022 11.903 0.006 11.906 13.297 0.005 13.3 13.415 0 13.411
0.049 0.001 0.05 0.02 0.003 0.023 12.632 0.00700000000000001 12.635 13.367 0.007 13.372 13.322 0 13.319
0.044 0.002 0.046 0.019 0.003 0.022 11.945 0.006 11.948 13.368 0.004 13.369 13.492 0 13.489
0.049 0.001 0.05 0.02 0.003 0.023 12.505 0.00600000000000001 12.508 13.757 0.005 13.76 13.717 0.003 13.716
0.049 0 0.05 0.02 0.002 0.022 12.832 0.003 12.832 13.845 0.01 13.852 13.79 0 13.786
0.044 0.002 0.046 0.019 0.003 0.023 12.894 0.008 12.9 13.892 0.003 13.89 13.856 0 13.854
0.047 0.004 0.051 0.018 0.005 0.023 13.062 0.005 13.065 14.021 0.007 14.024 13.985 0 13.982
0.049 0.002 0.051 0.019 0.004 0.023 12.678 0.005 12.68 13.862 0.004 13.864 13.995 0.00199999999999999 13.995
0.05 0.000999999999999994 0.051 0.021 0.002 0.023 12.873 0.007 12.878 13.986 0.004 13.987 13.851 0 13.848
0.048 0.00199999999999999 0.05 0.023 0 0.023 12.812 0.004 12.814 13.845 0.006 13.848 13.829 0 13.826
0.05 0.000999999999999994 0.05 0.017 0.00600000000000001 0.024 13.064 0.007 13.069 13.86 0.003 13.858 13.499 0.002 13.498
0.049 0.001 0.051 0.021 0.00199999999999999 0.022 12.492 0.007 12.496 13.601 0.005 13.603 13.566 0 13.563
0.05 0 0.05 0.02 0.003 0.023 12.825 0.007 12.829 13.864 0.006 13.867 13.721 0.001 13.72
0.051 0 0.052 0.023 0.001 0.023 12.52 0.006 12.522 13.649 0.003 13.65 13.609 0 13.606
0.052 0.003 0.112 0.019 0.00499999999999999 0.0240000000000001 13.331 0.00600000000000001 13.335 14.32 0.00700000000000001 14.323 14.239 0.001 14.236
0.05 0.005 0.112 0.022 0.001 0.0240000000000001 13.049 0.00599999999999999 13.052 14.019 0.005 14.022 13.949 0 13.945
0.053 0.002 0.112 0.022 0.001 0.0240000000000001 13.072 0.00499999999999999 13.073 14.015 0.00700000000000001 14.02 13.963 0 13.96
0.053 0.002 0.114 0.022 0.002 0.0230000000000001 13.344 0.00299999999999999 13.344 14.281 0.003 14.281 14.159 0.002 14.158
0.047 0.001 0.048 0.021 0.002 0.022 12.23 0.006 12.233 13.376 0.007 13.38 13.496 0 13.494
0.042 0.003 0.045 0.021 0.00199999999999999 0.023 11.908 0.004 11.909 13.33 0.003 13.33 13.289 0 13.286
0.044 0.00199999999999999 0.046 0.019 0.004 0.023 12.221 0.002 12.219 13.595 0.004 13.597 13.71 0 13.708
0.044 0.002 0.046 0.022 0.000999999999999994 0.023 12.05 0.00700000000000001 12.053 13.392 0.005 13.394 13.348 0.002 13.347
0.047 0.00199999999999999 0.049 0.023 0 0.023 12.477 0.00700000000000001 12.48 13.657 0.006 13.662 13.66 0 13.656
0.046 0.003 0.05 0.018 0.005 0.024 12.367 0.008 12.376 13.522 0.00800000000000001 13.528 13.499 0 13.497
0.049 0.001 0.05 0.022 0.001 0.023 13.091 0.003 13.091 14.372 0.004 14.374 14.14 0 14.136
0.048 0.00199999999999999 0.05 0.021 0.002 0.023 13.034 0.005 13.035 14.045 0.006 14.049 13.964 0.002 13.963
0.049 0.001 0.05 0.02 0.003 0.023 12.643 0.007 12.646 13.922 0.005 13.926 13.93 0 13.927
0.049 0.000999999999999994 0.05 0.021 0.002 0.023 12.274 0.007 12.276 13.377 0.005 13.381 13.585 0 13.582
0.049 0.001 0.05 0.019 0.004 0.023 12.398 0.003 12.398 13.598 0.006 13.602 13.862 0 13.859
0.049 0.001 0.05 0.024 0 0.023 12.998 0.003 12.997 13.999 0.007 14.004 13.905 0 13.902
0.048 0.002 0.05 0.02 0.003 0.024 12.856 0.003 12.857 13.831 0.007 13.834 13.813 0.00199999999999999 13.811
0.046 0 0.046 0.019 0.004 0.023 12.725 0.009 12.73 13.943 0.00899999999999999 13.95 13.868 0.002 13.867
0.05 0 0.05 0.021 0.002 0.023 12.896 0.008 12.902 13.96 0.006 13.962 13.935 0 13.933
0.046 0 0.046 0.019 0.003 0.022 11.895 0.003 11.894 13.323 0.008 13.327 13.467 0 13.465
0.046 0.000999999999999994 0.046 0.02 0.002 0.022 12.759 0.004 12.76 13.91 0.005 13.913 13.75 0 13.747
0.046 0 0.046 0.02 0.002 0.023 12.3 0.004 12.299 13.71 0.008 13.717 13.935 0 13.932
0.05 0.001 0.05 0.02 0.003 0.023 13.152 0.005 13.155 13.809 0.006 13.811 13.84 0.001 13.838
0.045 0.002 0.047 0.019 0.003 0.022 12.166 0.00700000000000001 12.17 13.547 0.004 13.549 13.501 0 13.498
0.049 0.001 0.049 0.021 0.00199999999999999 0.023 12.389 0.007 12.393 13.447 0.005 13.449 13.337 0 13.335
0.05 0 0.05 0.02 0.003 0.024 12.375 0.005 12.376 13.371 0.00600000000000001 13.374 13.321 0 13.319
0.048 0.002 0.05 0.02 0.003 0.023 12.769 0.008 12.775 13.865 0.00600000000000001 13.867 13.762 0 13.759
0.049 0.001 0.05 0.019 0.004 0.023 12.395 0.00600000000000001 12.397 13.391 0.005 13.392 13.327 0 13.326
0.047 0.003 0.05 0.021 0.002 0.024 12.953 0.005 12.956 14.001 0.004 14 14.003 0.000999999999999994 14.002
0.05 0.002 0.052 0.02 0.003 0.023 13.211 0.006 13.215 14.115 0.003 14.115 14.116 0 14.113
0.049 0.001 0.051 0.021 0.002 0.023 12.964 0.008 12.969 13.94 0.004 13.941 13.927 0 13.925
0.052 0.001 0.054 0.021 0.003 0.023 12.343 0.006 12.345 13.73 0.004 13.732 13.817 0 13.814
0.047 0.003 0.05 0.021 0.002 0.023 12.729 0.004 12.73 14.021 0.008 14.027 13.879 0.000999999999999994 13.877
0.046 0 0.046 0.019 0.004 0.022 11.888 0.011 11.895 13.264 0.005 13.267 13.269 0.002 13.267
0.049 0.002 0.051 0.021 0.002 0.023 13.115 0.001 13.115 14.159 0.008 14.164 14.094 0 14.089
0.041 0.004 0.045 0.02 0.003 0.023 11.921 0.007 11.925 13.344 0.008 13.349 13.26 0 13.257
0.046 0 0.046 0.022 0.001 0.023 12.099 0.006 12.102 13.473 0.00700000000000001 13.476 13.429 0 13.426
0.045 0.001 0.046 0.02 0.002 0.023 12.529 0.003 12.529 13.724 0.004 13.725 13.622 0 13.62
0.044 0.003 0.046 0.019 0.003 0.023 12.225 0.004 12.226 13.645 0.00600000000000001 13.648 13.566 0.00199999999999999 13.566
0.048 0.001 0.049 0.02 0.003 0.023 12.545 0.005 12.547 13.382 0.006 13.385 13.337 0 13.334
0.044 0.002 0.045 0.02 0.002 0.023 12.349 0.006 12.352 14.197 0.002 14.196 14.054 0.002 14.053
0.046 0 0.046 0.018 0.004 0.023 12.11 0.00899999999999999 12.116 13.849 0.00800000000000001 13.854 14.114 0 14.111
0.05 0.001 0.05 0.021 0.002 0.023 13.463 0.008 13.469 14.429 0.00199999999999999 14.428 13.877 0.003 13.877
0.045 0.001 0.046 0.017 0.005 0.022 12.236 0.005 12.238 13.582 0.007 13.586 13.796 0 13.793
0.046 0 0.046 0.021 0.001 0.023 12.077 0.007 12.08 13.395 0.006 13.398 13.587 0.001 13.586
0.048 0.003 0.051 0.021 0.003 0.023 13.122 0.01 13.131 13.944 0.011 13.951 13.84 0 13.837
0.049 0.002 0.052 0.023 0.001 0.023 13.42 0.002 13.42 14.405 0.006 14.408 14.424 0.001 14.421
0.046 0.001 0.046 0.02 0.002 0.023 12.782 0.009 12.787 14.002 0.00199999999999999 14.001 13.878 0 13.875
0.044 0.002 0.046 0.021 0.002 0.023 12.038 0.006 12.041 13.395 0.007 13.399 13.526 0 13.523
0.05 0.000999999999999994 0.052 0.021 0.003 0.023 13.228 0.005 13.23 14.206 0.00600000000000001 14.21 14.128 0 14.125
0.046 0 0.047 0.022 0.001 0.022 12.907 0.008 12.913 14.029 0.007 14.033 14.068 0.003 14.068
0.049 0.001 0.051 0.02 0.004 0.023 13.077 0.00600000000000001 13.081 14.077 0.002 14.076 14.039 0 14.035
0.05 0 0.05 0.022 0.001 0.023 12.287 0.004 12.288 13.446 0.006 13.448 13.357 0 13.355
0.046 0 0.046 0.018 0.004 0.023 12.698 0.005 12.698 13.926 0.004 13.929 13.72 0.001 13.717
0.049 0.001 0.05 0.022 0.002 0.024 12.999 0.007 13.003 13.984 0.005 13.986 13.882 0 13.879
0.049 0.001 0.05 0.019 0.004 0.023 12.798 0.006 12.801 13.861 0.003 13.862 13.768 0 13.764
0.05 0 0.05 0.02 0.003 0.023 12.994 0.005 12.996 13.695 0.003 13.695 13.329 0 13.326
0.05 0.001 0.05 0.02 0.002 0.023 12.471 0.004 12.471 13.532 0.005 13.535 13.485 0 13.482
0.05 0 0.051 0.021 0.00199999999999999 0.023 12.421 0.004 12.421 13.451 0.008 13.456 13.387 0 13.385
0.05 0.001 0.05 0.019 0.004 0.023 12.708 0.00600000000000001 12.711 13.848 0.005 13.852 13.986 0.002 13.984
0.048 0 0.05 0.018 0.005 0.023 13 0.009 13.006 14.071 0.003 14.072 13.9 0 13.896
0.045 0.000999999999999994 0.046 0.017 0.005 0.022 12.24 0.006 12.243 14.028 0.007 14.032 13.928 0 13.925
0.049 0.001 0.049 0.022 0.001 0.023 12.919 0.005 12.922 13.905 0.00700000000000001 13.908 13.421 0 13.418
0.042 0.004 0.046 0.02 0.002 0.022 12.092 0.009 12.097 13.511 0.005 13.513 14.035 0 14.033
0.045 0.001 0.047 0.02 0.003 0.022 12.128 0.00799999999999999 12.133 13.514 0.003 13.514 13.436 0 13.433
0.044 0.001 0.046 0.021 0.002 0.022 11.986 0.009 11.992 13.363 0.003 13.363 13.315 0.000999999999999994 13.313
0.05 0.002 0.052 0.023 0.001 0.024 13.313 0.009 13.319 14.325 0.005 14.326 14.225 0 14.222
0.052 0 0.052 0.02 0.003 0.023 13.059 0.001 13.057 14.022 0.006 14.026 13.937 0.001 13.935
0.05 0.001 0.051 0.021 0.002 0.023 13.278 0.005 13.281 14.391 0.007 14.394 14.316 0 14.313
0.045 0.001 0.046 0.02 0.003 0.023 12.111 0.006 12.115 13.555 0.006 13.557 13.464 0 13.461
0.049 0.001 0.05 0.019 0.004 0.023 12.642 0.01 12.65 13.87 0.003 13.87 13.877 0.001 13.875
0.05 0.001 0.051 0.02 0.003 0.023 13.27 0.004 13.271 14.28 0.007 14.284 14.185 0 14.182
0.045 0.001 0.045 0.018 0.004 0.023 12.068 0.005 12.069 13.438 0.006 13.441 13.61 0 13.608
0.049 0.001 0.051 0.019 0.004 0.023 12.72 0.007 12.724 13.962 0.009 13.969 13.919 0 13.915
0.05 0.001 0.051 0.022 0.001 0.023 13.056 0.004 13.059 14.025 0.009 14.029 13.915 0.002 13.914
0.048 0.00199999999999999 0.05 0.02 0.003 0.023 13.166 0.006 13.169 14.149 0.007 14.153 14.088 0 14.085
0.05 0 0.05 0.02 0.003 0.023 13.009 0.003 13.009 14.005 0.004 14.006 13.886 0.001 13.885
0.049 0.002 0.05 0.022 0.001 0.024 12.882 0.007 12.886 13.364 0.002 13.363 13.216 0 13.213
0.045 0.002 0.047 0.02 0.002 0.022 12.363 0.004 12.363 13.818 0.004 13.82 13.983 0 13.988
0.043 0.003 0.045 0.018 0.005 0.023 12.098 0.006 12.102 13.511 0.003 13.511 13.697 0 13.695
0.05 0 0.051 0.021 0.003 0.023 12.918 0.003 12.919 14 0.004 14 13.947 0 13.943
0.046 0 0.045 0.019 0.003 0.023 12.11 0.00600000000000001 12.112 13.28 0.006 13.29 13.062 0 13.061
0.049 0 0.05 0.022 0.002 0.023 12.32 0.006 12.324 13.329 0.005 13.331 13.255 0.003 13.254
0.048 0.003 0.05 0.02 0.003 0.023 12.994 0.005 12.997 14.118 0.007 14.122 13.989 0 13.985
0.044 0.002 0.045 0.02 0.00199999999999999 0.022 12.049 0.005 12.054 13.444 0.005 13.446 13.415 0 13.412
0.05 0 0.05 0.021 0.002 0.023 12.412 0.01 12.418 13.173 0.005 13.182 12.988 0 12.993
0.048 0.002 0.051 0.021 0.00199999999999999 0.023 12.348 0.00600000000000001 12.349 13.375 0.009 13.381 13.314 0 13.311
0.046 0 0.046 0.019 0.004 0.023 12.002 0.009 12.016 13.215 0.005 13.224 13.097 0.001 13.101
0.044 0.001 0.046 0.022 0.001 0.022 11.928 0.003 11.928 13.382 0.005 13.384 13.221 0 13.221
0.044 0.001 0.045 0.021 0.00199999999999999 0.022 12.006 0.004 12.007 13.479 0.004 13.481 13.897 0 13.894
0.049 0.001 0.05 0.019 0.004 0.023 12.725 0.005 12.726 13.802 0.003 13.802 13.724 0.001 13.722
0.049 0.001 0.05 0.022 0.001 0.023 13.156 0.005 13.158 14.117 0.005 14.127 13.779 0 13.778
0.046 0 0.045 0.02 0.002 0.023 11.895 0.007 11.899 13.305 0.003 13.305 13.258 0.000999999999999994 13.255
0.048 0.00199999999999999 0.05 0.02 0.003 0.024 13.021 0.003 13.021 14.08 0.005 14.081 14.045 0 14.042
0.046 0.001 0.046 0.02 0.002 0.023 12.749 0.006 12.75 14.138 0.004 14.14 14.047 0 14.044
0.048 0.003 0.051 0.016 0.007 0.023 13.187 0.007 13.192 14.11 0.00600000000000001 14.113 13.822 0 13.819
0.05 0 0.049 0.021 0.002 0.023 12.886 0.00600000000000001 12.889 13.89 0.007 13.894 13.872 0.00199999999999999 13.87
0.044 0.001 0.045 0.018 0.004 0.022 11.919 0.005 11.921 13.358 0.004 13.359 13.851 0 13.849
0.048 0.00199999999999999 0.05 0.021 0.003 0.024 12.934 0.005 12.935 13.935 0.003 13.936 13.815 0 13.812
0.05 0.001 0.051 0.017 0.006 0.023 13.008 0.006 13.011 14.004 0.00600000000000001 14.007 13.877 0 13.874
0.046 0.001 0.047 0.019 0.003 0.022 12.952 0.004 12.953 13.982 0.007 13.985 13.888 0 13.885
0.049 0.001 0.05 0.02 0.003 0.023 12.822 0.004 12.824 13.486 0.001 13.484 13.469 0.002 13.468
0.044 0.001 0.045 0.021 0.003 0.024 11.771 0.007 11.775 13.095 0.004 13.096 13.259 0 13.256
0.05 0 0.05 0.021 0.003 0.024 12.987 0.007 12.992 13.994 0.004 13.995 13.953 0 13.949
0.05 0 0.05 0.022 0.001 0.023 13.058 0.002 13.057 13.422 0.004 13.427 13.169 0 13.169
0.045 0.001 0.046 0.016 0.006 0.023 11.921 0.002 11.929 13.153 0.011 13.168 13.258 0.001 13.261
0.046 0 0.046 0.016 0.006 0.022 12.061 0.006 12.064 13.44 0.005 13.442 13.471 0 13.47
0.049 0.00199999999999999 0.051 0.02 0.003 0.023 12.211 0.002 12.21 13.506 0.007 13.51 13.658 0 13.657
0.049 0.002 0.05 0.021 0.003 0.024 12.788 0.008 12.793 13.899 0.002 13.898 13.894 0.002 13.893
0.049 0.001 0.05 0.02 0.003 0.023 12.927 0.009 12.934 13.967 0.006 13.971 13.871 0 13.866
0.049 0.00199999999999999 0.05 0.023 0 0.023 12.272 0.00700000000000001 12.276 13.399 0.005 13.401 13.288 0.001 13.286
0.049 0.002 0.051 0.021 0.00199999999999999 0.023 12.988 0.00700000000000001 12.993 13.801 0.006 13.813 13.657 0 13.659
0.048 0.002 0.05 0.022 0.000999999999999994 0.023 13.242 0.003 13.243 14.206 0.008 14.21 14.156 0 14.154
0.051 0 0.051 0.02 0.003 0.023 12.993 0.008 12.998 13.984 0.007 13.988 13.942 0 13.939
0.05 0 0.051 0.023 0 0.023 13.064 0.008 13.069 14.123 0.005 14.124 14.057 0.001 14.056
0.047 0.002 0.049 0.019 0.004 0.023 11.821 0.008 11.832 12.953 0.005 12.963 12.818 0 12.819
0.048 0.003 0.051 0.021 0.002 0.023 12.275 0.007 12.286 13.178 0.008 13.185 12.968 0 12.975
0.053 0 0.054 0.021 0.002 0.024 12.957 0.003 12.958 13.967 0.006 13.968 13.883 0 13.88
0.046 0 0.046 0.02 0.00199999999999999 0.022 12.178 0.006 12.181 13.56 0.004 13.561 13.542 0 13.54
0.047 0.005 0.052 0.021 0.002 0.023 13.092 0.006 13.095 14.128 0.003 14.128 14.012 0 14.009
0.047 0.003 0.05 0.022 0.001 0.023 12.223 0.008 12.228 13.277 0.00700000000000001 13.281 13.26 0.001 13.26
0.046 0.001 0.046 0.019 0.003 0.023 12.203 0.004 12.203 13.61 0.005 13.612 13.589 0 13.587
0.051 0 0.051 0.02 0.003 0.023 13.425 0.002 13.424 14.458 0.009 14.464 14.358 0.001 14.356
0.043 0.003 0.046 0.021 0.00199999999999999 0.023 12.086 0.026 12.115 13.493 0.011 13.511 13.567 0.021 13.59
0.049 0.001 0.05 0.018 0.005 0.024 12.922 0.004 12.923 13.881 0.00899999999999999 13.887 13.85 0.001 13.848
0.05 0.001 0.051 0.02 0.003 0.024 12.87 0.003 12.87 13.809 0.008 13.814 13.785 0.001 13.783
0.045 0.001 0.046 0.019 0.003 0.022 11.934 0.004 11.933 13.403 0.007 13.408 13.87 0 13.869
0.05 0 0.051 0.023 0.001 0.023 12.814 0.006 12.817 13.882 0.007 13.887 13.889 0 13.885
0.049 0.002 0.05 0.021 0.002 0.023 13.05 0.01 13.058 14.11 0.005 14.113 14.031 0 14.027
0.045 0.001 0.045 0.018 0.004 0.023 11.941 0.006 11.944 13.305 0.00600000000000001 13.308 13.368 0 13.365
0.045 0.001 0.046 0.019 0.004 0.022 12.742 0.002 12.74 13.922 0.00199999999999999 13.923 13.726 0 13.722
0.046 0.001 0.046 0.022 0.001 0.023 12.76 0.005 12.763 14.183 0.005 14.185 14.109 0 14.106
0.048 0.003 0.051 0.021 0.002 0.023 13.196 0.004 13.198 14.26 0.002 14.259 13.869 0 13.866
0.05 0 0.05 0.022 0.002 0.023 13.025 0.007 13.037 13.801 0.008 13.809 13.605 0 13.608
0.051 0 0.05 0.02 0.002 0.023 12.21 0.006 12.213 13.349 0.004 13.349 13.301 0 13.299
0.043 0.003 0.046 0.02 0.003 0.022 12.862 0.006 12.865 13.92 0.004 13.921 13.872 0 13.87
0.05 0 0.05 0.02 0.003 0.023 12.746 0.005 12.753 13.692 0.009 13.702 13.526 0 13.536
0.048 0.002 0.051 0.021 0.003 0.023 13.129 0.005 13.132 14.133 0.005 14.134 14.03 0 14.028
0.049 0.002 0.051 0.019 0.004 0.023 13.122 0.00600000000000001 13.124 13.603 0 13.601 13.45 0.000999999999999994 13.447
0.049 0.001 0.05 0.02 0.003 0.023 12.225 0.002 12.224 13.399 0.006 13.402 13.258 0 13.255
0.049 0.001 0.05 0.018 0.006 0.023 12.9 0.007 12.905 13.973 0.003 13.973 13.859 0 13.856
0.045 0.001 0.045 0.019 0.003 0.023 12.347 0.006 12.349 13.747 0.003 13.749 13.959 0 13.955
0.05 0.001 0.051 0.02 0.003 0.023 13.163 0.007 13.167 14.127 0.005 14.129 14.072 0 14.069
0.048 0.002 0.05 0.022 0.00199999999999999 0.024 13.171 0.004 13.172 14.154 0.006 14.156 14.105 0 14.103
0.049 0.000999999999999994 0.051 0.02 0.003 0.023 12.658 0.008 12.662 13.964 0.006 13.968 13.76 0.001 13.757
0.047 0.002 0.049 0.021 0.002 0.023 13.05 0.007 13.055 14.171 0.008 14.174 14.117 0 14.114
0.043 0.003 0.047 0.021 0.00199999999999999 0.022 12.109 0.005 12.111 13.452 0.001 13.45 13.434 0 13.431
0.044 0.003 0.046 0.02 0.00199999999999999 0.023 12.852 0.007 12.857 14.057 0.00600000000000001 14.06 13.916 0 13.912
0.05 0.001 0.051 0.018 0.006 0.023 13.167 0.009 13.174 14.067 0.009 14.073 14.019 0 14.014
0.048 0.002 0.05 0.019 0.005 0.023 13.032 0.003 13.034 14.025 0.00600000000000001 14.028 13.937 0.001 13.933
0.051 0 0.05 0.021 0.002 0.023 12.905 0.005 12.908 13.901 0.005 13.902 13.892 0 13.89
0.047 0.003 0.05 0.021 0.002 0.023 12.465 0.006 12.468 13.514 0.008 13.52 13.43 0 13.428
0.045 0.001 0.046 0.018 0.004 0.023 11.963 0.01 11.969 13.437 0.004 13.439 13.528 0 13.524
0.046 0 0.046 0.019 0.004 0.022 12.722 0.007 12.727 13.922 0.005 13.925 13.823 0 13.82
0.048 0.002 0.049 0.021 0.00199999999999999 0.024 12.817 0.004 12.818 13.881 0.004 13.881 13.828 0 13.825
0.045 0.001 0.046 0.021 0.00199999999999999 0.023 12.794 0.003 12.794 14.11 0.004 14.112 14.096 0.000999999999999994 14.093
0.049 0.001 0.05 0.02 0.003 0.023 12.829 0.011 12.838 13.811 0.005 13.813 13.618 0.001 13.616
0.046 0 0.046 0.019 0.003 0.022 12.886 0.003 12.887 13.935 0.006 13.938 13.832 0 13.829
0.049 0.002 0.051 0.023 0 0.023 12.411 0.005 12.412 13.545 0.004 13.547 13.497 0 13.494
0.044 0.002 0.047 0.017 0.005 0.022 11.976 0.016 12.005 13.306 0.007 13.315 13.392 0.004 13.398
0.05 0 0.05 0.019 0.004 0.024 13.056 0.006 13.059 14.057 0.01 14.063 14.016 0 14.013
0.043 0.002 0.045 0.02 0.002 0.022 12.034 0.013 12.049 13.431 0.01 13.442 13.875 0.002 13.88
0.048 0.005 0.053 0.021 0.002 0.023 13.026 0.007 13.03 14.071 0.006 14.074 13.995 0 13.992
0.052 0.001 0.053 0.021 0.002 0.023 12.972 0.007 12.976 13.97 0.006 13.973 13.887 0 13.884
0.05 0.001 0.051 0.018 0.005 0.023 12.857 0.001 12.856 14.014 0.006 14.016 14.128 0 14.124
0.048 0.002 0.05 0.017 0.006 0.023 13.003 0.003 13.004 14.017 0.005 14.019 13.905 0.001 13.902
0.049 0.002 0.051 0.021 0.002 0.023 12.955 0.008 12.962 14 0.005 14.001 14.036 0 14.033
0.05 0 0.05 0.022 0.00199999999999999 0.023 12.194 0.00700000000000001 12.198 13.314 0.006 13.317 13.245 0 13.242
0.045 0.00199999999999999 0.048 0.021 0.002 0.023 14.47 0.004 14.471 15.585 0.00700000000000001 15.588 15.435 0.001 15.432
0.051 0.001 0.051 0.02 0.003 0.024 13.102 0.007 13.105 14.081 0.005 14.083 14.036 0 14.034
0.052 0.001 0.053 0.02 0.003 0.023 12.947 0.005 12.95 13.923 0.005 13.925 13.827 0 13.824
0.049 0.001 0.05 0.02 0.003 0.023 12.911 0.01 12.919 13.964 0.003 13.963 13.886 0.001 13.885
0.05 0.001 0.05 0.023 0 0.024 12.963 0.006 12.965 13.744 0.003 13.745 13.595 0.001 13.593
0.05 0.001 0.051 0.023 0.001 0.023 13.156 0.003 13.157 14.185 0.004 14.185 14.126 0 14.123
0.045 0 0.046 0.019 0.004 0.022 12.688 0.004 12.688 14.078 0.003 14.079 14.028 0 14.025
0.05 0.001 0.051 0.023 0 0.023 13.181 0.003 13.181 14.219 0.007 14.223 13.874 0 13.871
0.05 0 0.05 0.02 0.003 0.024 12.953 0.009 12.959 13.996 0.004 13.997 13.864 0.002 13.862
0.047 0 0.047 0.02 0.003 0.023 12.959 0.008 12.964 13.98 0.002 13.979 13.803 0 13.8
0.043 0.002 0.046 0.02 0.003 0.022 12.027 0.005 12.028 13.365 0.004 13.366 13.174 0 13.181
0.049 0.000999999999999994 0.05 0.019 0.004 0.024 13.171 0.006 13.174 14.244 0.005 14.245 14.184 0 14.181
0.044 0.002 0.046 0.02 0.003 0.022 12.048 0.00700000000000001 12.053 13.39 0.004 13.391 13.371 0.001 13.369
0.049 0.001 0.051 0.021 0.002 0.023 12.529 0.007 12.531 13.755 0.011 13.764 13.892 0 13.888
0.05 0.001 0.05 0.019 0.004 0.023 12.885 0.007 12.891 13.92 0.00799999999999999 13.924 13.932 0 13.929
0.044 0.001 0.046 0.019 0.004 0.023 13.016 0.00199999999999999 13.014 13.994 0.004 13.994 13.973 0 13.97
0.045 0.001 0.047 0.022 0.001 0.022 12.539 0.007 12.551 13.711 0.006 13.716 13.919 0 13.927
0.049 0.001 0.05 0.022 0.002 0.024 12.844 0.006 12.847 13.921 0.002 13.92 13.889 0 13.886
0.052 0.000999999999999994 0.053 0.022 0.002 0.023 12.841 0.006 12.848 13.571 0.005 13.582 13.438 0 13.441
0.049 0.002 0.05 0.02 0.003 0.023 12.925 0.008 12.93 13.929 0.003 13.93 13.837 0 13.834
0.048 0.003 0.051 0.021 0.002 0.023 13.111 0.009 13.118 14.161 0.007 14.163 14.062 0 14.059
0.045 0.001 0.045 0.02 0.002 0.023 12.132 0.004 12.132 13.489 0.00600000000000001 13.492 14.008 0 14.005
0.047 0.002 0.05 0.018 0.006 0.023 13.003 0.004 13.004 13.956 0.008 13.961 13.925 0 13.922
0.051 0 0.051 0.02 0.003 0.023 13.192 0.008 13.197 14.139 0.005 14.141 14.052 0 14.049
0.05 0.001 0.05 0.018 0.005 0.024 13.084 0.00600000000000001 13.087 14.041 0.006 14.044 13.982 0 13.978
0.045 0.001 0.046 0.02 0.002 0.022 12.579 0.005 12.581 13.974 0.00600000000000001 13.978 13.922 0.000999999999999994 13.92
0.051 0 0.051 0.019 0.004 0.023 13.153 0.008 13.158 14.217 0.002 14.216 13.817 0.001 13.815
0.044 0.001 0.046 0.022 0.001 0.022 12.859 0.006 12.862 13.876 0.007 13.881 13.799 0.002 13.798
0.049 0.002 0.05 0.021 0.00199999999999999 0.024 13.092 0.005 13.094 14.041 0.003 14.041 13.974 0 13.97
0.047 0.003 0.051 0.022 0.002 0.024 12.954 0.005 12.957 13.748 0.00600000000000001 13.749 13.704 0.001 13.703
0.047 0.003 0.05 0.021 0.002 0.023 12.31 0.008 12.322 13.042 0.005 13.046 12.864 0 12.868
0.047 0.003 0.05 0.017 0.007 0.023 13.042 0.006 13.046 13.828 0.007 13.84 13.675 0 13.677
0.048 0.003 0.05 0.017 0.006 0.023 13.132 0.009 13.139 13.714 0.004 13.715 13.631 0 13.628
0.048 0.002 0.05 0.016 0.007 0.023 12.95 0.006 12.953 14.148 0.007 14.152 14.219 0 14.216
0.046 0 0.045 0.016 0.00600000000000001 0.023 11.751 0.004 11.76 13.045 0.002 13.05 12.916 0 12.92
0.052 0.002 0.054 0.02 0.004 0.024 12.772 0.00799999999999999 12.777 13.809 0.002 13.808 13.701 0 13.698
0.047 0.002 0.049 0.018 0.005 0.024 13.15 0.007 13.153 14.155 0.005 14.157 14.042 0 14.039
0.048 0.00199999999999999 0.05 0.019 0.004 0.023 12.925 0.005 12.927 13.874 0.006 13.876 13.831 0 13.828
0.048 0.002 0.05 0.021 0.003 0.023 12.966 0.00600000000000001 12.97 13.962 0.007 13.966 13.88 0.00199999999999999 13.878
0.044 0.002 0.046 0.019 0.004 0.023 12.107 0.004 12.108 13.476 0.003 13.476 13.44 0 13.437
0.05 0 0.05 0.022 0.002 0.023 12.831 0.008 12.837 13.82 0.007 13.824 13.813 0.002 13.812
0.049 0.002 0.05 0.02 0.003 0.024 12.965 0.006 12.968 14.014 0.001 14.012 13.93 0 13.927
0.049 0.001 0.05 0.017 0.006 0.023 12.038 0.008 12.042 13.361 0.001 13.36 13.294 0 13.289
0.042 0.003 0.046 0.016 0.00700000000000001 0.023 12.564 0.003 12.563 13.931 0.002 13.931 13.854 0 13.851
0.051 0 0.051 0.021 0.002 0.023 13.117 0.005 13.119 14.056 0.004 14.057 13.782 0 13.778
0.048 0.002 0.05 0.021 0.003 0.023 12.943 0.003 12.943 13.921 0.006 13.925 13.888 0 13.884
0.048 0.00199999999999999 0.049 0.02 0.003 0.024 13.585 0.006 13.589 14.534 0.008 14.538 14.433 0 14.43
0.049 0.002 0.05 0.02 0.003 0.024 13.466 0.009 13.472 14.505 0.006 14.508 14.411 0 14.408
0.042 0.004 0.046 0.019 0.003 0.022 11.917 0.003 11.916 13.297 0.006 13.3 13.489 0.001 13.487
0.045 0 0.045 0.021 0.002 0.023 13.054 0.005 13.057 14.028 0.005 14.029 14.033 0 14.03
0.05 0 0.051 0.021 0.002 0.023 13.087 0.004 13.088 14.058 0.007 14.061 14.062 0.001 14.06
0.044 0.001 0.046 0.021 0.00199999999999999 0.022 11.999 0.002 11.998 13.307 0.007 13.311 13.77 0 13.767
0.049 0.003 0.053 0.021 0.002 0.023 13.449 0.003 13.448 14.411 0.007 14.416 14.354 0 14.351
0.05 0.00199999999999999 0.052 0.018 0.005 0.023 12.965 0.006 12.969 13.955 0.00600000000000001 13.957 13.898 0 13.895
0.048 0.002 0.05 0.022 0.001 0.022 12.261 0.005 12.263 13.297 0.004 13.298 13.217 0 13.214
0.049 0.001 0.051 0.02 0.005 0.023 12.944 0.003 12.946 13.962 0.004 13.963 13.941 0 13.937
0.051 0 0.051 0.021 0.002 0.023 13.576 0.009 13.583 14.461 0.007 14.464 14.408 0 14.405
0.05 0 0.051 0.021 0.003 0.023 12.978 0.005 12.982 13.933 0.005 13.933 13.829 0 13.826
0.051 0 0.051 0.021 0.00199999999999999 0.023 13.166 0.004 13.167 14.25 0.003 14.25 14.154 0 14.15
0.047 0.003 0.05 0.021 0.00199999999999999 0.023 12.911 0.00600000000000001 12.914 13.514 0.005 13.516 13.417 0 13.413
0.047 0.003 0.051 0.02 0.004 0.023 13.222 0.007 13.226 14.322 0.007 14.326 14.275 0 14.273
0.047 0.004 0.051 0.021 0.002 0.023 13.09 0.004 13.091 14.164 0.00899999999999999 14.17 14.069 0 14.066
0.046 0 0.045 0.018 0.004 0.022 12.498 0.01 12.505 13.837 0.006 13.841 13.805 0.003 13.805
0.047 0.003 0.05 0.019 0.004 0.024 12.916 0.005 12.917 13.884 0.00600000000000001 13.887 13.649 0.001 13.648
0.045 0.002 0.047 0.021 0.002 0.022 12.974 0.005 12.977 13.999 0.005 14.001 13.916 0 13.913
0.048 0.003 0.05 0.02 0.003 0.024 13.047 0.003 13.048 13.987 0.01 13.993 13.942 0 13.939
0.05 0.003 0.054 0.018 0.005 0.023 13.163 0.005 13.164 14.162 0.01 14.169 14.091 0 14.088
0.043 0.003 0.046 0.021 0.00199999999999999 0.023 12.007 0.00700000000000001 12.011 13.576 0.006 13.579 13.5 0.003 13.5
0.049 0.002 0.05 0.02 0.003 0.023 12.875 0.009 12.883 13.886 0.009 13.892 13.825 0 13.822
0.049 0.001 0.05 0.019 0.004 0.023 13.062 0.005 13.064 14.095 0.006 14.098 14.059 0 14.056
0.045 0.001 0.046 0.02 0.003 0.022 11.938 0.007 11.942 13.393 0 13.391 13.497 0 13.494
0.042 0.003 0.046 0.019 0.003 0.022 12.054 0.006 12.056 13.474 0.008 13.478 13.576 0 13.574
0.05 0.001 0.05 0.02 0.003 0.023 12.889 0.007 12.894 13.95 0.007 13.954 13.853 0 13.85
0.05 0 0.051 0.023 0.001 0.023 13.094 0.003 13.094 14.136 0.002 14.135 14.041 0.001 14.039
0.044 0.002 0.046 0.021 0.002 0.023 11.933 0.01 11.94 13.284 0.006 13.287 13.449 0 13.446
0.046 0 0.046 0.019 0.003 0.023 12.682 0.005 12.683 13.857 0.003 13.857 13.732 0 13.73
0.05 0 0.049 0.02 0.004 0.024 13.169 0.00600000000000001 13.173 14.146 0.00199999999999999 14.144 14.073 0 14.07
0.052 0 0.052 0.021 0.002 0.023 13.284 0.005 13.287 14.262 0.002 14.261 14.127 0.001 14.124
0.049 0.001 0.051 0.021 0.002 0.023 12.975 0.01 12.981 14.02 0.007 14.024 13.919 0 13.916
0.048 0.00199999999999999 0.05 0.021 0.002 0.023 12.421 0.006 12.423 13.489 0.004 13.491 13.735 0 13.732
0.051 0 0.05 0.021 0.002 0.023 12.128 0.005 12.13 13.278 0.008 13.283 13.442 0.003 13.442
0.049 0.001 0.051 0.022 0.001 0.023 12.586 0.01 12.593 13.752 0.007 13.757 13.726 0 13.722
0.045 0.003 0.047 0.015 0.007 0.023 12.806 0.015 12.827 14.142 0.039 14.185 14.056 0.016 14.08
0.049 0.001 0.05 0.021 0.002 0.023 12.933 0.007 12.938 13.932 0.003 13.933 13.695 0 13.69
0.049 0.001 0.05 0.021 0.002 0.023 12.92 0.005 12.922 13.984 0.00600000000000001 13.988 13.941 0 13.937
0.048 0.00199999999999999 0.049 0.018 0.006 0.024 12.788 0.001 12.787 13.752 0.00600000000000001 13.755 13.671 0.003 13.67
0.049 0.004 0.052 0.022 0.001 0.023 13.15 0.005 13.154 14.091 0.003 14.089 14.06 0 14.057
0.05 0.001 0.051 0.022 0.001 0.023 12.444 0.005 12.446 13.573 0.005 13.576 13.486 0 13.482
0.049 0.001 0.05 0.021 0.002 0.023 12.734 0.009 12.74 13.871 0.005 13.874 13.826 0 13.824
0.049 0.002 0.05 0.021 0.002 0.023 13.04 0.004 13.041 14.149 0.007 14.153 14.064 0 14.061
0.048 0.003 0.05 0.02 0.003 0.023 12.555 0.00799999999999999 12.561 13.822 0.002 13.822 13.845 0 13.842
0.049 0.000999999999999994 0.05 0.017 0.00600000000000001 0.023 12.783 0.009 12.789 13.848 0.00199999999999999 13.847 13.771 0.001 13.769
0.051 0 0.051 0.02 0.003 0.023 12.436 0.004 12.437 13.488 0.006 13.492 13.437 0 13.434
0.045 0.001 0.046 0.02 0.003 0.023 12.792 0.00600000000000001 12.796 13.852 0.005 13.854 13.757 0 13.754
0.048 0.002 0.05 0.022 0.001 0.023 12.902 0.011 12.911 13.954 0.01 13.961 13.914 0 13.91
0.044 0.001 0.046 0.018 0.005 0.022 12.833 0.005 12.836 13.855 0.001 13.853 13.809 0.000999999999999994 13.808
0.041 0.005 0.045 0.019 0.003 0.023 12.112 0.006 12.114 13.515 0.005 13.517 13.719 0 13.717
0.049 0.001 0.051 0.02 0.003 0.023 13.079 0.004 13.079 14.372 0.004 14.374 14.257 0 14.252
0.052 0 0.052 0.021 0.002 0.023 12.933 0.006 12.936 13.931 0.01 13.938 13.891 0.002 13.889
0.052 0.002 0.054 0.021 0.003 0.023 13.226 0.006 13.23 14.213 0.003 14.213 14.131 0 14.128
0.044 0.005 0.05 0.018 0.006 0.023 12.968 0.008 12.974 14.024 0.002 14.022 13.923 0 13.921
0.046 0 0.046 0.021 0.00199999999999999 0.023 13.062 0.002 13.061 14.138 0.003 14.138 14.032 0 14.029
0.046 0.001 0.047 0.022 0.001 0.023 12.143 0.004 12.144 13.548 0.006 13.551 13.743 0 13.741
0.045 0.001 0.046 0.016 0.007 0.023 11.976 0.009 11.981 13.106 0.003 13.107 13.275 0 13.272
0.045 0.000999999999999994 0.046 0.019 0.003 0.022 12.855 0.003 12.856 14.215 0.005 14.217 14.144 0 14.14
0.05 0.001 0.051 0.021 0.00199999999999999 0.023 13.11 0.002 13.109 14.051 0.007 14.055 13.792 0 13.789
0.048 0.00199999999999999 0.05 0.019 0.004 0.023 12.925 0.006 12.929 13.967 0.003 13.966 13.855 0 13.852
0.052 0 0.052 0.02 0.003 0.023 13.092 0.045 13.155 14.044 0.023 14.078 14.004 0.01 14.025
0.053 0.001 0.054 0.018 0.005 0.023 12.952 0.006 12.956 13.917 0.005 13.919 13.886 0 13.882
0.051 0.001 0.051 0.022 0.001 0.023 12.326 0.006 12.33 13.36 0.004 13.361 13.258 0 13.254
0.05 0.003 0.052 0.022 0.002 0.024 13.195 0.006 13.199 14.16 0.004 14.161 14.124 0 14.121
0.048 0.003 0.051 0.02 0.003 0.023 13.82 0.004 13.819 14.805 0.00199999999999999 14.804 14.761 0 14.758
0.056 0 0.056 0.018 0.004 0.023 12.538 0.007 12.541 13.928 0.004 13.931 13.685 0 13.682
0.049 0.001 0.05 0.02 0.003 0.023 12.463 0.008 12.467 13.417 0.004 13.418 13.375 0 13.374
0.05 0 0.051 0.021 0.002 0.023 12.282 0.006 12.285 13.404 0.004 13.405 13.375 0.002 13.375
0.051 0 0.05 0.017 0.006 0.024 12.872 0.01 12.879 13.94 0.00600000000000001 13.943 13.842 0 13.839
0.046 0.004 0.05 0.02 0.003 0.023 13.051 0.005 13.053 14.043 0.006 14.046 14.003 0 14.001
0.046 0 0.047 0.016 0.00600000000000001 0.022 12.257 0.006 12.258 13.613 0.009 13.619 13.615 0 13.614
0.047 0.003 0.051 0.019 0.004 0.023 12.817 0.005 12.819 13.947 0.004 13.948 13.967 0 13.964
0.05 0 0.05 0.017 0.00600000000000001 0.023 12.907 0.007 12.911 13.851 0.006 13.854 13.829 0.004 13.83
0.049 0.002 0.051 0.022 0.001 0.023 13.23 0.005 13.233 14.234 0.003 14.233 14.051 0 14.048
0.048 0.002 0.05 0.018 0.005 0.023 13.119 0.005 13.122 14.074 0.007 14.077 14.058 0 14.054
0.046 0 0.045 0.019 0.003 0.023 12.611 0.003 12.61 13.762 0.003 13.762 13.763 0 13.761
0.045 0.001 0.046 0.018 0.004 0.022 12.151 0.005 12.153 13.568 0.003 13.568 13.454 0.000999999999999994 13.453
0.045 0.002 0.046 0.019 0.003 0.023 12.151 0.004 12.151 13.515 0.00600000000000001 13.518 13.494 0 13.491
0.045 0.001 0.046 0.02 0.00199999999999999 0.022 12.9 0.00600000000000001 12.903 14.304 0.005 14.306 14.208 0 14.206
0.05 0.000999999999999997 0.051 0.019 0.004 0.023 13.261 0.004 13.261 14.256 0.006 14.259 13.967 0.001 13.965
0.049 0.001 0.05 0.02 0.004 0.023 13.004 0.004 13.006 14.076 0.003 14.076 13.988 0.001 13.986
0.053 0 0.054 0.02 0.004 0.023 13.613 0.003 13.613 14.586 0.005 14.588 14.248 0 14.245
0.054 0.00199999999999999 0.056 0.022 0.001 0.023 13.529 0.002 13.528 14.489 0.006 14.492 14.085 0 14.081
0.046 0 0.046 0.021 0.001 0.022 11.996 0.007 11.999 13.345 0.002 13.344 13.55 0.001 13.548
0.045 0 0.045 0.022 0.001 0.022 12.947 0.006 12.951 13.951 0.004 13.952 13.925 0 13.922
0.053 0.001 0.054 0.021 0.002 0.023 13.012 0.006 13.016 14.022 0.004 14.023 14.01 0.001 14.007
0.048 0.00199999999999999 0.05 0.021 0.003 0.023 12.625 0.004 12.625 13.855 0.011 13.864 13.829 0.001 13.827
0.049 0.002 0.051 0.021 0.002 0.023 12.915 0.003 12.915 13.951 0.001 13.949 13.857 0.003 13.857
0.045 0.000999999999999994 0.046 0.021 0.001 0.022 12.025 0.009 12.031 13.439 0.003 13.438 13.625 0.001 13.625
0.045 0.001 0.045 0.021 0.001 0.023 11.98 0.006 11.983 13.371 0.007 13.374 13.526 0 13.524
0.05 0.001 0.05 0.022 0.001 0.023 12.761 0.007 12.766 13.783 0.004 13.784 13.753 0 13.749
0.047 0.00199999999999999 0.05 0.021 0.002 0.023 12.367 0.009 12.372 13.347 0.003 13.347 13.265 0 13.261
0.049 0.001 0.05 0.021 0.002 0.023 12.802 0.003 12.802 13.828 0.007 13.832 13.852 0 13.849
0.049 0.001 0.05 0.017 0.006 0.023 12.972 0.006 12.975 13.982 0.008 13.987 13.964 0 13.961
0.05 0 0.051 0.021 0.00199999999999999 0.023 13.36 0.002 13.359 14.321 0.002 14.319 14.175 0 14.172
0.049 0.002 0.05 0.022 0.001 0.024 13.309 0.006 13.311 14.313 0.004 14.314 14.232 0 14.228
0.045 0.002 0.047 0.019 0.003 0.022 12.882 0.004 12.883 13.936 0.003 13.936 13.961 0 13.958
0.048 0.00199999999999999 0.051 0.02 0.003 0.023 12.527 0.007 12.53 13.444 0.00700000000000001 13.449 13.401 0 13.399
0.049 0.000999999999999994 0.05 0.02 0.003 0.024 12.469 0.005 12.47 13.424 0.004 13.425 13.358 0 13.356
0.047 0.003 0.05 0.021 0.003 0.023 12.797 0.012 12.806 13.794 0.00600000000000001 13.797 13.745 0 13.743
0.045 0.001 0.046 0.019 0.003 0.022 12.872 0.005 12.875 14.011 0.005 14.012 13.966 0 13.963
0.047 0.003 0.05 0.021 0.00199999999999999 0.023 12.978 0.003 12.979 13.984 0.008 13.989 13.951 0.001 13.949
0.048 0.001 0.049 0.021 0.003 0.024 12.977 0.006 12.981 13.971 0.004 13.972 13.906 0 13.903
0.051 0 0.051 0.02 0.003 0.024 13.022 0.005 13.023 13.99 0.006 13.993 13.898 0 13.896
0.045 0.001 0.047 0.02 0.003 0.023 12.82 0.008 12.824 13.902 0.007 13.906 13.8 0.003 13.801
0.045 0.001 0.046 0.018 0.004 0.022 12.176 0.004 12.176 13.565 0.005 13.566 13.488 0 13.487
0.048 0.002 0.05 0.02 0.004 0.023 13.082 0.008 13.087 14.065 0.004 14.067 14.039 0 14.035
0.05 0 0.05 0.02 0.003 0.024 12.837 0.003 12.836 13.786 0.01 13.798 13.505 0.017 13.527
0.05 0 0.051 0.024 0 0.023 12.554 0.004 12.555 13.803 0.005 13.806 13.576 0.001 13.574
0.049 0.001 0.051 0.021 0.002 0.023 12.65 0.003 12.649 13.877 0.005 13.88 13.834 0 13.831
0.047 0.001 0.047 0.021 0.001 0.023 12.001 0.005 12.002 13.348 0.001 13.346 13.324 0 13.322
0.047 0 0.047 0.017 0.006 0.023 12.098 0.008 12.102 13.455 0.008 13.46 13.37 0.001 13.369
0.051 0 0.05 0.021 0.002 0.023 13.076 0.006 13.08 14.144 0.003 14.143 14.076 0 14.073
0.044 0.001 0.045 0.02 0.003 0.023 11.833 0.002 11.832 13.212 0.003 13.212 13.368 0 13.365
0.049 0.00199999999999999 0.051 0.021 0.002 0.023 12.94 0.008 12.946 13.923 0.005 13.925 13.944 0.002 13.942
0.05 0.003 0.053 0.02 0.004 0.023 13.104 0.005 13.107 14.083 0.009 14.088 14.017 0 14.014
0.052 0.001 0.053 0.019 0.004 0.023 12.984 0.004 12.985 13.944 0.004 13.946 13.831 0.001 13.828
0.047 0.003 0.05 0.019 0.004 0.023 12.942 0.005 12.944 14.005 0.004 14.006 13.933 0.001 13.931
0.047 0.003 0.05 0.019 0.005 0.024 12.905 0.006 12.909 13.786 0.006 13.789 13.727 0 13.724
0.044 0.001 0.046 0.017 0.006 0.023 11.916 0.006 11.918 13.241 0.008 13.249 13.185 0.001 13.186
0.045 0.001 0.047 0.022 0.001 0.022 12.33 0.004 12.331 13.693 0.004 13.695 13.873 0 13.869
0.049 0.001 0.051 0.021 0.002 0.023 13.025 0.006 13.027 14.029 0.00600000000000001 14.033 13.946 0 13.943
0.05 0.002 0.052 0.023 0.000999999999999994 0.024 12.449 0.007 12.453 13.432 0.00700000000000001 13.436 13.482 0 13.48
0.048 0.003 0.05 0.02 0.003 0.023 12.397 0.00700000000000001 12.403 13.454 0.007 13.458 13.377 0.001 13.376
0.047 0.004 0.05 0.02 0.003 0.023 12.957 0.00600000000000001 12.961 13.934 0.01 13.94 13.888 0.001 13.887
0.049 0.001 0.05 0.02 0.003 0.023 12.877 0.007 12.881 13.942 0.004 13.943 13.833 0.003 13.832
0.05 0.001 0.05 0.021 0.002 0.023 13.268 0.008 13.273 14.362 0.00199999999999999 14.36 14.231 0 14.228
0.049 0.000999999999999994 0.05 0.022 0.001 0.023 12.761 0.001 12.759 13.653 0.00600000000000001 13.656 13.649 0.00199999999999999 13.649
0.051 0 0.051 0.021 0.002 0.023 12.707 0.005 12.708 13.743 0.00700000000000001 13.748 13.683 0 13.68
0.05 0 0.05 0.019 0.004 0.023 12.171 0.006 12.181 13.038 0.007 13.043 12.911 0 12.917
0.05 0.001 0.051 0.022 0.001 0.023 12.711 0.005 12.712 13.701 0.009 13.708 13.651 0.003 13.652
0.049 0.002 0.05 0.02 0.004 0.024 13.23 0.009 13.239 13.972 0.005 13.98 13.786 0 13.79
0.047 0.003 0.05 0.02 0.004 0.023 13.001 0.004 13.004 13.974 0.011 13.981 13.896 0.001 13.894
0.051 0.003 0.054 0.019 0.005 0.024 12.684 0.003 12.684 13.858 0.006 13.862 13.776 0 13.773
0.049 0.002 0.051 0.021 0.002 0.023 13.136 0.004 13.137 14.225 0.005 14.227 14.131 0 14.128
0.049 0.001 0.05 0.024 0 0.024 13.278 0.008 13.283 14.326 0.004 14.327 14.214 0 14.212
0.045 0.001 0.046 0.019 0.004 0.023 11.933 0.006 11.936 13.313 0.005 13.314 13.287 0 13.284
0.049 0.00199999999999999 0.05 0.019 0.004 0.023 13.391 0.003 13.392 14.378 0.002 14.377 14.405 0 14.4
0.049 0.002 0.051 0.021 0.00199999999999999 0.023 13.325 0.002 13.324 14.235 0.008 14.24 14.245 0 14.241
0.05 0.001 0.051 0.018 0.005 0.023 13.16 0.006 13.164 14.148 0.005 14.149 14.087 0 14.084
0.05 0 0.05 0.022 0.001 0.024 12.993 0.005 12.994 13.977 0.004 13.977 13.896 0 13.893
0.046 0.001 0.047 0.02 0.00199999999999999 0.022 11.814 0.00800000000000001 11.824 13.168 0.003 13.173 13.013 0 13.013
0.043 0.003 0.046 0.018 0.004 0.023 11.892 0.008 11.896 13.287 0.007 13.291 13.193 0 13.193
0.05 0 0.05 0.021 0.002 0.023 12.942 0.005 12.944 14.018 0.005 14.02 13.932 0 13.93
0.044 0.002 0.046 0.02 0.002 0.022 12.039 0.006 12.041 13.431 0.005 13.433 13.547 0.00199999999999999 13.546
0.051 0 0.051 0.021 0.00199999999999999 0.023 12.975 0.00600000000000001 12.977 13.938 0.003 13.938 13.932 0 13.93
0.05 0 0.051 0.022 0.001 0.023 12.893 0.006 12.895 13.921 0.003 13.922 13.872 0.001 13.87
0.051 0 0.051 0.019 0.004 0.023 12.931 0.007 12.935 14.021 0.004 14.022 13.983 0 13.979
0.049 0.001 0.05 0.021 0.002 0.023 12.597 0.008 12.602 13.626 0.006 13.63 13.491 0.001 13.489
0.049 0.002 0.051 0.019 0.004 0.024 12.959 0.007 12.964 14.071 0.008 14.076 14.108 0 14.103
0.046 0 0.046 0.019 0.004 0.023 11.836 0.009 11.848 13.072 0.005 13.081 13.098 0 13.099
0.046 0 0.046 0.023 0 0.023 12.057 0.005 12.059 13.447 0.005 13.449 13.538 0 13.537
0.045 0.001 0.046 0.019 0.004 0.023 12.882 0.006 12.885 13.903 0.00800000000000001 13.908 13.835 0 13.832
0.047 0.003 0.05 0.022 0.001 0.023 12.155 0.005 12.157 13.17 0.005 13.171 13.116 0 13.114
0.046 0 0.046 0.018 0.004 0.022 12.828 0.004 12.829 13.93 0.004 13.931 13.747 0 13.744
0.048 0.002 0.05 0.022 0.002 0.024 13.133 0.006 13.137 14.138 0.01 14.144 14.085 0 14.082
0.051 0 0.051 0.019 0.004 0.023 13.14 0.007 13.143 14.132 0.004 14.133 14.053 0.002 14.053
0.048 0.00199999999999999 0.05 0.021 0.002 0.024 12.987 0.003 12.987 14.118 0.006 14.12 14.028 0 14.025
0.051 0 0.05 0.019 0.004 0.023 12.26 0.005 12.268 13.082 0.004 13.085 12.954 0 12.957
0.05 0 0.05 0.02 0.003 0.023 12.247 0.006 12.25 13.341 0.006 13.344 13.315 0 13.319
0.05 0 0.05 0.021 0.002 0.024 13.037 0.006 13.04 14.097 0.005 14.098 13.974 0.00199999999999999 13.973
0.049 0.001 0.05 0.018 0.005 0.023 12.807 0.006 12.811 13.838 0.004 13.838 13.791 0 13.789
0.047 0.003 0.05 0.02 0.004 0.023 13.342 0.006 13.346 14.339 0.006 14.342 14.221 0 14.218
0.048 0.002 0.05 0.021 0.002 0.023 12.921 0.007 12.925 13.872 0.004 13.873 13.827 0.001 13.825
0.048 0.002 0.05 0.023 0.001 0.023 12.931 0.009 12.938 13.999 0.004 13.999 13.897 0 13.895
0.05 0.000999999999999994 0.051 0.022 0.001 0.024 13.624 0.004 13.625 14.851 0.003 14.851 14.682 0 14.679
0.044 0.002 0.046 0.02 0.003 0.022 12.2 0.013 12.243 13.58 0.01 13.595 13.462 0.078 13.543
0.047 0.002 0.048 0.018 0.005 0.024 13 0.00600000000000001 13.003 13.954 0.004 13.954 13.917 0 13.914
0.048 0.003 0.051 0.022 0.001 0.023 13.231 0.006 13.233 14.246 0.007 14.25 14.174 0 14.17
0.049 0.001 0.05 0.021 0.002 0.023 13.034 0.006 13.036 13.761 0.007 13.764 13.689 0.001 13.687
0.05 0 0.05 0.022 0.002 0.024 12.717 0.003 12.717 13.789 0.005 13.792 13.587 0 13.588
0.045 0.001 0.047 0.02 0.003 0.022 12.002 0.006 12.006 13.459 0.006 13.462 13.308 0 13.309
0.047 0.002 0.048 0.019 0.003 0.023 11.753 0.008 11.763 12.959 0.006 12.963 12.855 0 12.861
0.045 0.001 0.046 0.019 0.004 0.023 11.89 0.007 11.901 13.031 0.004 13.034 12.901 0 12.908
0.046 0.003 0.049 0.021 0.003 0.024 12.813 0.004 12.814 13.834 0.003 13.834 13.784 0 13.781
0.045 0.00199999999999999 0.046 0.02 0.002 0.022 12.271 0.003 12.271 13.646 0.002 13.645 13.874 0 13.871
0.049 0.001 0.05 0.019 0.004 0.023 12.776 0.007 12.78 13.898 0.00199999999999999 13.897 13.929 0 13.926
0.049 0.001 0.05 0.02 0.003 0.023 13.079 0.003 13.081 14.054 0.008 14.058 14.039 0 14.035
0.049 0.002 0.051 0.016 0.007 0.023 13.133 0.007 13.137 14.105 0.00900000000000001 14.111 13.999 0 13.996
0.048 0.002 0.051 0.019 0.005 0.023 13.1 0.007 13.104 14.167 0.008 14.172 14.063 0 14.06
0.048 0.001 0.049 0.02 0.003 0.024 12.968 0.003 12.968 14.159 0.006 14.162 14.055 0 14.051
0.05 0 0.05 0.019 0.004 0.023 12.903 0.007 12.907 13.963 0.008 13.969 13.885 0 13.881
0.045 0.001 0.046 0.018 0.005 0.023 13.35 0.003 13.35 14.357 0.007 14.361 14.198 0 14.195
0.043 0.002 0.046 0.019 0.005 0.023 11.954 0.004 11.956 13.107 0.005 13.108 13.046 0 13.044
0.047 0.004 0.05 0.019 0.004 0.023 12.433 0.005 12.436 13.491 0 13.489 13.41 0 13.407
0.049 0.001 0.05 0.023 0.001 0.023 13.065 0.004 13.066 14.072 0.005 14.074 14.022 0 14.019
0.05 0.000999999999999994 0.05 0.02 0.003 0.024 13.032 0.005 13.033 14.077 0.00600000000000001 14.079 13.949 0 13.946
0.044 0.003 0.047 0.018 0.006 0.024 12.772 0.005 12.776 13.463 0.005 13.464 13.485 0.001 13.483
0.045 0.001 0.046 0.021 0.002 0.023 12.506 0.01 12.512 13.712 0.005 13.715 13.704 0.003 13.704
0.049 0.002 0.051 0.018 0.005 0.023 13.146 0.005 13.147 14.204 0.005 14.207 14.118 0.001 14.116
0.045 0.001 0.046 0.022 0.001 0.023 12.174 0.004 12.174 13.546 0.005 13.548 13.508 0.001 13.507
0.049 0.002 0.05 0.019 0.004 0.023 12.749 0.005 12.751 13.852 0.006 13.855 13.747 0 13.751
0.044 0.001 0.045 0.019 0.004 0.023 12.441 0.00600000000000001 12.444 13.871 0.005 13.873 13.816 0 13.813
0.05 0.001 0.051 0.02 0.004 0.023 13.079 0.009 13.087 14.096 0.004 14.097 13.719 0 13.715
0.049 0.001 0.051 0.021 0.003 0.023 13.348 0.005 13.351 14.369 0.003 14.369 14.323 0 14.32
0.049 0.002 0.0810000000000001 0.022 0.001 0.023 12.935 0.001 12.934 14.068 0.007 14.071 13.904 0.001 13.902
0.052 0 0.052 0.02 0.004 0.024 13.153 0.005 13.156 14.201 0.006 14.204 13.995 0.001 13.992
0.045 0.001 0.046 0.021 0.00199999999999999 0.022 12.048 0.00600000000000001 12.052 13.383 0.007 13.386 13.576 0 13.573
0.049 0.001 0.05 0.018 0.005 0.023 12.902 0.007 12.906 13.912 0.005 13.913 13.874 0 13.871
0.049 0.000999999999999994 0.05 0.022 0.001 0.023 13.038 0.002 13.037 14.048 0.006 14.05 13.981 0 13.978
0.048 0 0.048 0.019 0.004 0.023 12.759 0.006 12.761 13.557 0.001 13.557 13.507 0 13.504
0.046 0.001 0.047 0.021 0.001 0.022 12.888 0.007 12.892 13.934 0.007 13.938 13.941 0 13.939
0.045 0.001 0.047 0.019 0.003 0.022 12.778 0.007 12.782 13.9 0.002 13.899 13.656 0 13.654
0.049 0.001 0.05 0.02 0.003 0.023 12.298 0.004 12.298 13.385 0.006 13.388 13.291 0 13.288
0.049 0.002 0.051 0.023 0 0.023 13.078 0.006 13.081 14.066 0.007 14.07 14.119 0.001 14.116
0.048 0.002 0.05 0.02 0.003 0.024 12.992 0.006 12.994 13.958 0.005 13.96 13.914 0 13.911
0.048 0.003 0.051 0.019 0.004 0.023 13.288 0.00600000000000001 13.292 14.269 0.004 14.269 14.159 0 14.156
0.049 0.001 0.051 0.02 0.004 0.023 13.005 0.005 13.008 14 0.006 14.008 13.708 0.001 13.71
0.046 0.002 0.049 0.02 0.003 0.023 14.306 0.007 14.32 15.298 0.006 15.311 15.333 0 15.342
0.053 0 0.053 0.02 0.003 0.023 13.171 0.007 13.175 14.086 0.007 14.09 13.977 0.001 13.975
0.045 0.001 0.046 0.02 0.003 0.023 12.773 0.004 12.774 13.776 0.006 13.78 13.913 0.002 13.912
0.048 0.003 0.05 0.022 0.001 0.023 12.73 0.003 12.73 13.9 0.006 13.904 14.025 0 14.021
0.048 0.002 0.05 0.02 0.004 0.024 12.935 0.004 12.936 14.035 0.005 14.037 14.021 0 14.018
0.048 0.002 0.05 0.022 0.002 0.023 13.084 0.003 13.084 13.885 0.00700000000000001 13.889 13.838 0 13.835
0.045 0.001 0.047 0.02 0.004 0.023 12.688 0.005 12.696 13.846 0.007 13.855 13.6 0 13.607
0.051 0 0.051 0.021 0.002 0.023 13.151 0.005 13.153 14.108 0.003 14.107 13.78 0 13.777
0.049 0.001 0.05 0.019 0.004 0.024 12.942 0.00799999999999999 12.947 13.946 0.003 13.946 13.895 0 13.892
0.049 0.00199999999999999 0.051 0.02 0.003 0.023 13.089 0.008 13.094 14.222 0.004 14.223 14.123 0 14.119
0.052 0.000999999999999994 0.052 0.019 0.004 0.024 13.231 0.003 13.231 14.267 0.007 14.27 14.083 0 14.08
0.048 0.002 0.05 0.021 0.003 0.023 12.773 0.008 12.78 13.861 0.002 13.861 13.636 0.001 13.64
0.05 0.001 0.051 0.021 0.002 0.023 13.096 0.007 13.101 14.075 0.006 14.077 14.039 0.002 14.038
0.047 0.003 0.05 0.018 0.005 0.023 12.515 0.005 12.517 13.726 0.007 13.73 13.806 0 13.804
0.049 0.001 0.051 0.022 0.002 0.023 12.922 0.005 12.925 14.009 0.00600000000000001 14.012 13.915 0 13.912
0.051 0.001 0.098 0.022 0.00199999999999999 0.023 13.084 0.007 13.088 14.06 0.00600000000000001 14.063 14.001 0 13.997
0.052 0.001 0.098 0.019 0.004 0.023 13.054 0.008 13.059 14.086 0.006 14.089 13.998 0 13.994
0.043 0.003 0.046 0.02 0.003 0.023 12.747 0.003 12.746 13.693 0.009 13.7 13.589 0 13.586
0.05 0.005 0.055 0.024 0.001 0.025 16.376 0.003 16.374 17.764 0.007 17.768 17.674 0 17.67
