0.265 0.018 0.282 0.235 0.026 0.261 96.5 0.09 96.57 112.16 0.002 112.137 112.138 0 112.114
0.256 0.028 0.283 0.249 0.016 0.265 97.486 0.109 97.58 111.667 0.001 111.645 111.45 0 111.443
0.268 0.016 0.284 0.246 0.02 0.266 97.321 0.117 97.417 113.123 0.065 113.164 113.07 0.058 113.103
0.258 0.023 0.28 0.241 0.022 0.263 95.816 0.103 95.906 111.35 0.002 111.327 110.863 0 110.853
0.262 0.025 0.286 0.252 0.012 0.265 96.991 0.128 97.097 112.36 0.001 112.337 111.341 0 111.322
0.259 0.027 0.286 0.245 0.021 0.265 97.09 0.149 97.219 112.636 0 112.612 112.572 0 112.553
0.265 0.021 0.286 0.25 0.014 0.264 96.755 0.2 96.934 112.367 0.002 112.345 112.346 0.016 112.339
0.261 0.024 0.285 0.243 0.021 0.264 97.857 0.155 97.991 113.325 0.028 113.329 113.4 0.029 113.404
0.254 0.028 0.282 0.236 0.025 0.261 96.538 0.1 96.618 112.356 0.002 112.334 112.331 0 112.307
0.258 0.023 0.281 0.24 0.018 0.257 97.141 0.094 97.216 112.66 0.00700000000000001 112.642 112.652 0.002 112.63
0.254 0.03 0.284 0.25 0.014 0.264 96.738 0.144 96.861 112.303 0.002 112.281 112.386 0 112.36
0.26 0.024 0.283 0.246 0.018 0.264 97.369 0.221 97.604 112.996 0.014 112.998 112.638 0 112.62
0.261 0.025 0.286 0.241 0.024 0.265 97.562 0.138 97.679 111.647 0.00799999999999995 111.637 111.833 0.004 111.817
0.257 0.021 0.277 0.242 0.014 0.256 96.961 0.119 97.058 112.795 0.005 112.774 112.773 0.011 112.758
0.266 0.018 0.284 0.242 0.023 0.265 96.723 0.128 96.829 112.496 0.002 112.473 112.348 0.001 112.323
0.255 0.025 0.279 0.244 0.017 0.261 96.502 0.149 96.631 111.417 0.08 111.479 111.018 0.08 111.08
0.261 0.022 0.283 0.241 0.02 0.26 96.978 0.096 97.055 112.714 0.05 112.739 112.332 0.036 112.351
0.263 0.021 0.284 0.246 0.016 0.261 96.207 0.102 96.296 111.001 0.004 110.98 110.783 0.025 110.8
0.262 0.025 0.286 0.247 0.017 0.264 96.652 0.11 96.741 112.312 0.00599999999999995 112.292 112.278 0.015 112.268
0.268 0.018 0.286 0.247 0.016 0.263 95.633 0.158 95.778 111.315 0.102 111.397 110.805 0.108 110.918
0.264 0.022 0.286 0.241 0.021 0.262 96.932 0.114 97.025 112.452 0.048 112.476 112.526 0.05 112.551
0.247 0.032 0.278 0.236 0.02 0.256 95.875 0.083 95.943 111.186 0.00900000000000001 111.169 110.921 0.012 110.926
0.261 0.024 0.285 0.237 0.022 0.258 97.353 0.101 97.434 113.189 0 113.164 113.255 0 113.23
0.262 0.022 0.284 0.24 0.021 0.26 97.361 0.103 97.443 112.482 0.013 112.488 111.421 0.002 111.411
0.259 0.023 0.283 0.248 0.014 0.262 96.484 0.179 96.641 112.341 0.244 112.559 111.35 0.21 111.545
0.263 0.028 0.291 0.246 0.022 0.268 97.044 0.103 97.126 112.669 0.00499999999999995 112.648 112.728 0 112.703
0.263 0.025 0.288 0.247 0.018 0.266 97.261 0.138 97.377 112.635 0.124 112.734 112.694 0.106 112.774
0.263 0.024 0.286 0.24 0.023 0.263 97.534 0.126 97.639 113.067 0.043 113.086 113.025 0.028 113.028
0.263 0.024 0.285 0.248 0.017 0.266 97.197 0.096 97.272 112.719 0.042 112.737 112.706 0.047 112.729
0.253 0.033 0.286 0.242 0.022 0.264 97.302 0.102 97.383 113.021 0.002 112.998 112.487 0 112.47
0.359 0.047 0.408 0.342 0.028 0.369 132.914 0.191 133.263 153.457 0.004 153.644 153.418 0.001 153.599
0.261 0.022 0.283 0.233 0.031 0.264 97.077 0.116 97.172 112.468 0.00600000000000001 112.456 111.469 0.002 111.448
0.266 0.018 0.285 0.246 0.019 0.265 97.418 0.106 97.502 112.978 0 112.952 112.824 0 112.8
0.254 0.025 0.279 0.243 0.016 0.259 95.116 0.109 95.211 111.238 0.004 111.228 110.573 0.016 110.584
0.25 0.032 0.282 0.245 0.021 0.266 97.372 0.115 97.468 112.915 0.019 112.909 112.943 0.019 112.938
0.261 0.021 0.283 0.246 0.016 0.262 96.752 0.111 96.842 112.047 0.00700000000000001 112.031 112.017 0.005 111.998
0.264 0.023 0.286 0.254 0.013 0.268 97.12 0.144 97.243 112.636 0.001 112.611 112.573 0 112.549
0.256 0.024 0.28 0.243 0.018 0.26 96.798 0.094 96.873 112.373 0.002 112.35 112.314 0.004 112.296
0.265 0.023 0.288 0.242 0.025 0.267 96.617 0.113 96.711 112.332 0 112.307 112.296 0 112.273
0.261 0.02 0.282 0.251 0.015 0.266 96.635 0.119 96.733 112.278 0 112.253 111.346 0 111.331
0.261 0.023 0.284 0.246 0.015 0.262 96.569 0.119 96.668 111.439 0.002 111.425 111.045 0.001 111.023
0.261 0.023 0.284 0.245 0.019 0.264 97.593 0.095 97.667 112.346 0.001 112.331 111.843 0.00700000000000001 111.829
0.267 0.019 0.287 0.246 0.022 0.267 96.968 0.103 97.051 112.676 0 112.652 113.146 0.003 113.123
0.262 0.021 0.283 0.245 0.017 0.262 96.556 0.107 96.643 112.221 0.043 112.24 112.186 0.037 112.198
0.258 0.024 0.282 0.252 0.012 0.264 97.365 0.096 97.448 111.885 0.001 111.862 111.702 0.001 111.698
0.26 0.029 0.288 0.247 0.019 0.266 97.054 0.125 97.16 112.749 0.049 112.773 112.681 0.058 112.714
0.262 0.02 0.282 0.245 0.017 0.262 96.454 0.113 96.546 112.182 0.059 112.217 112.147 0.068 112.19
0.265 0.02 0.285 0.251 0.016 0.266 98.06 0.142 98.181 113.88 0.084 113.94 114.012 0.052 114.039
0.261 0.021 0.282 0.243 0.014 0.257 95.787 0.088 95.864 111.108 0.003 111.086 110.712 0.00700000000000001 110.712
0.268 0.018 0.285 0.247 0.019 0.266 97.015 0.141 97.135 112.718 0.064 112.759 112.652 0.048 112.675
0.26 0.028 0.288 0.245 0.021 0.267 97.036 0.114 97.13 112.5 0.022 112.497 112.553 0.031 112.559
0.256 0.027 0.282 0.248 0.014 0.263 96.999 0.114 97.093 112.477 0 112.452 112.583 0.001 112.56
0.251 0.026 0.277 0.238 0.019 0.257 96.839 0.124 96.942 112.661 0.001 112.639 112.654 0 112.63
0.265 0.018 0.282 0.245 0.015 0.261 96.717 0.125 96.821 112.353 0.051 112.38 112.314 0.04 112.33
0.262 0.022 0.284 0.238 0.023 0.262 96.835 0.118 96.932 112.717 0 112.691 112.662 0 112.64
0.253 0.027 0.28 0.245 0.013 0.257 96.84 0.097 96.915 112.438 0.045 112.457 112.422 0.047 112.442
0.261 0.026 0.287 0.241 0.026 0.267 96.957 0.113 97.049 111.392 0 111.373 112.185 0 112.16
0.261 0.023 0.284 0.24 0.02 0.26 96.898 0.098 96.974 112.183 0.005 112.166 110.978 0 110.954
0.26 0.026 0.287 0.235 0.021 0.256 96.843 0.103 96.925 112.459 0.003 112.439 112.441 0 112.417
0.257 0.022 0.279 0.231 0.025 0.256 96.804 0.093 96.875 112.362 0.001 112.338 112.354 0 112.329
0.267 0.016 0.283 0.243 0.02 0.263 96.927 0.096 97.002 112.741 0.00299999999999995 112.719 112.698 0 112.674
0.257 0.026 0.284 0.246 0.018 0.264 97.134 0.086 97.198 112.45 0.001 112.425 112.417 0.001 112.392
0.262 0.022 0.284 0.245 0.018 0.262 96.693 0.105 96.777 112.246 0.001 112.222 112.197 0 112.171
0.251 0.026 0.276 0.24 0.017 0.257 94.838 0.13 94.948 110.928 0.001 110.911 110.389 0.003 110.399
0.266 0.019 0.284 0.245 0.018 0.262 97.436 0.089 97.505 113.058 0.001 113.034 112.146 0 112.128
0.262 0.021 0.282 0.24 0.022 0.262 96.802 0.117 96.897 112.35 0 112.323 112.41 0 112.384
0.262 0.022 0.284 0.246 0.014 0.26 97.098 0.121 97.199 112.92 0.00999999999999995 112.906 112.961 0.044 112.98
0.268 0.018 0.286 0.242 0.018 0.259 97.144 0.108 97.231 112.383 0.001 112.358 112.372 0.015 112.361
0.272 0.013 0.285 0.242 0.024 0.266 97.314 0.109 97.402 112.754 0.00799999999999995 112.737 112.739 0.00800000000000001 112.721
0.262 0.023 0.286 0.25 0.015 0.264 97.333 0.105 97.417 112.629 0.002 112.605 112.593 0.002 112.569
0.264 0.019 0.283 0.238 0.025 0.263 97.12 0.136 97.235 112.065 0.095 112.144 111.394 0.095 111.465
0.263 0.026 0.287 0.243 0.023 0.267 97.025 0.191 97.195 112.489 0.003 112.469 112.366 0 112.341
0.256 0.023 0.279 0.247 0.016 0.263 97.226 0.156 97.361 113.122 0.112 113.21 112.551 0.076 112.608
0.256 0.025 0.281 0.239 0.026 0.264 97.609 0.195 97.783 113.016 0 112.999 112 0 111.975
0.261 0.024 0.286 0.254 0.012 0.265 97.535 0.14 97.653 113.108 0.002 113.085 113.106 0 113.082
0.265 0.018 0.283 0.241 0.021 0.263 97.062 0.108 97.148 112.609 0.002 112.587 111.55 0 111.532
0.256 0.027 0.283 0.239 0.022 0.261 96.782 0.118 96.881 112.547 0 112.526 112.507 0 112.485
0.275 0.022 0.297 0.26 0.017 0.276 97.103 0.119 97.201 113.098 0 113.075 112.753 0.001 112.729
0.255 0.029 0.283 0.253 0.00799999999999998 0.262 96.687 0.097 96.763 112.241 0.003 112.221 111.012 0 110.995
0.272 0.016 0.287 0.239 0.021 0.26 96.717 0.147 96.845 111.892 0 111.876 111.018 0 110.996
0.265 0.022 0.286 0.245 0.02 0.266 96.558 0.101 96.639 112.189 0.002 112.168 112.253 0.024 112.253
0.258 0.029 0.287 0.249 0.017 0.265 96.803 0.109 96.892 112.774 0.005 112.754 112.797 0 112.772
0.261 0.024 0.285 0.245 0.018 0.262 96.721 0.15 96.849 112.501 0.00700000000000001 112.483 112.509 0.03 112.515
0.26 0.022 0.283 0.245 0.017 0.261 96.578 0.11 96.667 112.175 0.001 112.152 112.243 0 112.218
0.358 0.04 0.398 0.344 0.021 0.366000000000001 132.887 0.16 133.207 154.444 0 154.629 154.349 0 154.535
0.254 0.025 0.279 0.24 0.024 0.263 96.737 0.109 96.826 112.407 0.003 112.386 112.43 0.001 112.407
0.25 0.029 0.28 0.241 0.017 0.257 94.975 0.115 95.076 111.404 0.00600000000000001 111.392 110.758 0.001 110.751
0.251 0.032 0.283 0.243 0.015 0.258 96.836 0.091 96.906 112.453 0.004 112.433 112.341 0 112.315
0.255 0.025 0.279 0.237 0.021 0.259 97.062 0.118 97.16 112.729 0.00700000000000001 112.711 112.66 0.002 112.636
0.259 0.027 0.286 0.237 0.022 0.259 95.926 0.101 96.015 111.401 0 111.376 110.817 0.001 110.809
0.26 0.025 0.285 0.246 0.018 0.264 97.067 0.133 97.178 112.311 0 112.288 112.776 0 112.751
0.265 0.022 0.287 0.248 0.017 0.266 96.973 0.141 97.092 111.369 0.104 111.457 111.101 0.104 111.189
0.257 0.027 0.284 0.249 0.013 0.262 97.774 0.151 97.905 113.4 0.003 113.378 113.367 0 113.343
0.261 0.021 0.283 0.247 0.015 0.262 96.779 0.093 96.852 112.538 0 112.514 112.514 0 112.489
0.265 0.02 0.284 0.251 0.00999999999999998 0.261 96.693 0.105 96.779 112.184 0.001 112.16 112.147 0.002 112.125
0.267 0.02 0.287 0.246 0.017 0.263 97.474 0.145 97.598 112.905 0 112.882 112.857 0 112.831
0.265 0.022 0.287 0.251 0.014 0.265 96.619 0.108 96.707 111.707 0.002 111.692 111.237 0 111.221
0.264 0.022 0.285 0.245 0.021 0.266 97.067 0.101 97.146 112.317 0 112.292 112.284 0 112.258
0.257 0.023 0.28 0.232 0.026 0.258 97.021 0.106 97.105 112.357 0.00399999999999995 112.337 112.336 0.001 112.31
0.257 0.03 0.287 0.247 0.019 0.266 96.664 0.135 96.779 112.342 0.001 112.319 112.325 0 112.301
0.267 0.023 0.29 0.247 0.021 0.268 96.997 0.142 97.118 112.444 0.003 112.424 112.176 0 112.151
0.263 0.022 0.285 0.247 0.017 0.265 97.136 0.121 97.234 112.669 0.049 112.693 112.746 0.048 112.769
0.264 0.02 0.284 0.249 0.015 0.264 96.722 0.112 96.813 112.825 0 112.799 112.745 0 112.718
0.266 0.02 0.286 0.242 0.023 0.265 94.69 0.107 94.787 110.96 0 110.946 110.447 0 110.438
0.259 0.019 0.278 0.245 0.012 0.257 96.703 0.105 96.786 112.73 0.001 112.707 112.689 0.002 112.667
0.257 0.032 0.29 0.25 0.019 0.269 97.2 0.124 97.304 112.905 0 112.88 112.93 0 112.905
0.257 0.027 0.284 0.241 0.02 0.262 96.612 0.111 96.702 112.34 0.002 112.318 112.317 0.001 112.294
0.269 0.021 0.291 0.246 0.019 0.265 97.392 0.127 97.507 113.336 0.003 113.313 113.206 0.031 113.217
0.25 0.027 0.278 0.238 0.018 0.255 96.8 0.097 96.877 112.392 0.003 112.371 111.53 0 111.514
0.267 0.02 0.287 0.252 0.014 0.265 97.061 0.154 97.195 112.633 0.00600000000000001 112.614 112.194 0 112.17
0.258 0.025 0.282 0.246 0.015 0.262 96.702 0.178 96.859 112.48 0.066 112.522 111.484 0.063 111.529
0.261 0.025 0.286 0.249 0.015 0.264 96.739 0.089 96.805 112.262 0.002 112.239 112.227 0.016 112.218
0.258 0.027 0.285 0.245 0.02 0.265 97.205 0.135 97.32 113.342 0 113.315 113.269 0 113.245
0.254 0.031 0.285 0.247 0.017 0.264 97.161 0.138 97.277 112.684 0.078 112.737 112.617 0.11 112.702
0.262 0.023 0.284 0.253 0.014 0.267 97.271 0.11 97.36 112.756 0 112.731 112.684 0.019 112.679
0.265 0.021 0.285 0.247 0.018 0.265 97.314 0.113 97.407 112.756 0.00600000000000001 112.738 112.724 0 112.701
0.26 0.024 0.284 0.249 0.015 0.264 97.11 0.118 97.209 112.524 0.004 112.505 112.512 0.00299999999999995 112.493
0.259 0.025 0.284 0.245 0.017 0.262 96.836 0.133 96.95 111.686 0.00700000000000001 111.677 111.199 0 111.182
0.257 0.027 0.284 0.236 0.023 0.259 96.912 0.103 96.995 112.975 0.004 112.955 112.981 0 112.957
0.261 0.024 0.285 0.245 0.018 0.263 96.878 0.119 96.977 112.523 0.001 112.501 112.501 0.003 112.48
0.256 0.022 0.279 0.239 0.017 0.255 96.825 0.11 96.914 113.01 0.003 112.988 112.933 0.00700000000000001 112.915
0.255 0.028 0.283 0.246 0.016 0.262 96.775 0.106 96.861 112.38 0 112.356 112.36 0 112.334
0.261 0.026 0.288 0.241 0.024 0.265 96.727 0.156 96.862 112.337 0.053 112.364 112.296 0.072 112.343
0.268 0.016 0.284 0.248 0.016 0.263 96.727 0.114 96.821 112.484 0.023 112.485 112.637 0.039 112.652
0.261 0.025 0.287 0.246 0.021 0.267 97.109 0.098 97.186 112.384 0.005 112.364 112.826 0 112.801
0.254 0.027 0.281 0.247 0.016 0.263 96.936 0.094 97.007 112.914 0.003 112.891 112.912 0.019 112.903
0.266 0.021 0.288 0.25 0.016 0.266 96.585 0.099 96.663 112.562 0.002 112.539 112.594 0 112.567
0.258 0.02 0.277 0.235 0.021 0.257 96.672 0.193 96.843 112.153 0.024 112.151 112.109 0.039 112.121
0.266 0.018 0.284 0.238 0.023 0.262 96.955 0.14 97.072 112.966 0.102 113.042 112.914 0.1 112.987
0.262 0.024 0.286 0.244 0.017 0.26 96.912 0.09 96.982 112.402 0.001 112.378 112.448 0 112.424
0.252 0.026 0.278 0.242 0.015 0.256 96.439 0.111 96.539 111.394 0.004 111.374 111.152 0.004 111.149
0.26 0.026 0.287 0.252 0.014 0.266 95.337 0.139 95.461 111.323 0.055 111.355 110.751 0.025 110.771
0.259 0.027 0.287 0.25 0.015 0.264 97.225 0.127 97.333 112.723 0.00900000000000001 112.707 111.87 0.021 111.874
0.265 0.02 0.286 0.243 0.022 0.264 97.308 0.146 97.434 112.248 0.071 112.294 112.687 0.073 112.735
0.264 0.023 0.285 0.245 0.019 0.265 96.641 0.086 96.707 111.607 0 111.587 111.052 0 111.028
0.26 0.024 0.284 0.244 0.018 0.262 97.143 0.108 97.231 112.701 0.00700000000000001 112.684 112.64 0.023 112.639
0.267 0.017 0.285 0.242 0.019 0.261 96.787 0.138 96.905 112.872 0.00399999999999995 112.851 112.829 0.002 112.807
0.259 0.024 0.284 0.246 0.017 0.263 96.872 0.127 96.979 112.519 0.024 112.518 112.488 0.027 112.492
0.256 0.029 0.284 0.239 0.025 0.264 96.597 0.123 96.699 112.321 0.00700000000000001 112.305 112.297 0.00800000000000001 112.279
0.363 0.04 0.403999999999999 0.345 0.026 0.37 132.031 0.166 132.354 153.27 0 153.449 153.106 0 153.286
0.256 0.03 0.286 0.244 0.022 0.266 95.539 0.135 95.66 111.563 0.003 111.541 111.055 0 111.046
0.264 0.024 0.289 0.254 0.012 0.266 96.828 0.19 96.997 112.479 0 112.454 112.461 0 112.436
0.266 0.02 0.285 0.244 0.021 0.266 97.258 0.128 97.365 112.43 0.052 112.458 112.403 0.034 112.413
0.258 0.025 0.283 0.247 0.017 0.265 96.524 0.108 96.614 112.195 0.001 112.172 112.16 0 112.139
0.26 0.024 0.283 0.254 0.00899999999999998 0.262 96.57 0.118 96.668 112.448 0.002 112.424 111.601 0.01 111.594
0.264 0.02 0.284 0.243 0.019 0.262 97.075 0.096 97.149 112.4 0.066 112.442 112.379 0.047 112.4
0.257 0.026 0.284 0.244 0.02 0.263 96.792 0.155 96.927 112.428 0 112.404 112.613 0 112.589
0.262 0.022 0.284 0.243 0.019 0.262 97.033 0.097 97.11 112.421 0.005 112.4 112.416 0.016 112.409
0.364 0.039 0.403 0.323 0.044 0.368 130.998 0.26 131.412 152.261 0.078 152.518 152.242 0.0790000000000001 152.5
0.261 0.023 0.284 0.242 0.018 0.259 96.626 0.116 96.722 112.453 0.001 112.429 112.256 0 112.232
0.255 0.027 0.282 0.25 0.012 0.262 96.684 0.083 96.745 112.177 0 112.152 112.193 0 112.167
0.27 0.016 0.287 0.243 0.021 0.264 97.083 0.127 97.188 112.511 0.000999999999999945 112.486 112.507 0 112.482
0.258 0.025 0.283 0.244 0.018 0.262 96.609 0.109 96.697 112.427 0.035 112.438 111.431 0.033 111.448
0.262 0.025 0.286 0.244 0.017 0.262 96.716 0.096 96.791 112.356 0 112.331 111.692 0 111.675
0.267 0.021 0.288 0.248 0.019 0.266 97.433 0.131 97.544 112.635 0.038 112.649 112.274 0.041 112.291
0.26 0.021 0.28 0.248 0.017 0.266 96.667 0.142 96.787 112.245 0.013 112.24 111.056 0.022 111.052
0.251 0.031 0.283 0.25 0.014 0.264 97.293 0.102 97.374 112.804 0.023 112.8 112.766 0.047 112.793
0.263 0.024 0.287 0.246 0.018 0.264 97.136 0.121 97.237 112.707 0.004 112.684 112.688 0.029 112.692
0.263 0.022 0.284 0.245 0.02 0.265 97.249 0.149 97.378 112.919 0.088 112.981 112.865 0.087 112.928
0.261 0.026 0.287 0.239 0.026 0.265 98.293 0.114 98.386 113.445 0 113.421 113.398 0.001 113.375
0.26 0.026 0.286 0.246 0.018 0.264 96.905 0.138 97.023 112.507 0.004 112.487 112.477 0.001 112.455
0.266 0.02 0.286 0.247 0.017 0.264 97.288 0.113 97.383 113.103 0.003 113.084 113.027 0 113.004
0.26 0.025 0.285 0.25 0.014 0.264 97.061 0.157 97.199 112.477 0.086 112.541 112.493 0.089 112.559
0.264 0.024 0.287 0.245 0.021 0.266 97.483 0.109 97.572 113.199 0.044 113.217 112.738 0.061 112.775
0.261 0.021 0.282 0.242 0.019 0.262 96.74 0.096 96.815 111.728 0 111.712 111.274 0 111.252
0.258 0.027 0.286 0.251 0.013 0.264 96.986 0.174 97.14 114.997 0.112 115.084 114.97 0.099 115.045
0.269 0.016 0.285 0.246 0.017 0.263 96.811 0.108 96.899 112.67 0.021 112.668 112.634 0.028 112.638
0.263 0.025 0.288 0.254 0.013 0.266 97.605 0.107 97.691 113.219 0.003 113.197 113.161 0 113.137
0.262 0.022 0.284 0.24 0.021 0.261 96.761 0.106 96.847 112.277 0.049 112.301 112.22 0.042 112.237
0.262 0.023 0.285 0.243 0.019 0.262 96.707 0.094 96.78 112.313 0.00600000000000001 112.294 112.311 0.002 112.288
0.264 0.025 0.29 0.249 0.017 0.266 96.098 0.163 96.256 111.46 0.001 111.437 111.059 0.001 111.064
0.262 0.024 0.285 0.246 0.019 0.265 96.916 0.189 97.084 112.326 0.091 112.4 111.352 0.088 111.416
0.268 0.018 0.286 0.245 0.022 0.267 97.456 0.114 97.549 112.724 0.048 112.747 113.111 0.057 113.15
0.259 0.021 0.279 0.244 0.016 0.259 97.067 0.093 97.138 112.696 0.001 112.669 112.694 0.017 112.685
0.269 0.017 0.285 0.245 0.02 0.266 97.1 0.128 97.206 112.185 0.001 112.168 111.203 0 111.179
0.258 0.019 0.278 0.241 0.014 0.255 96.576 0.132 96.717 112.79 0.095 112.968 113.133 0.09 113.263
0.262 0.022 0.283 0.248 0.014 0.262 97.202 0.11 97.29 112.658 0.00799999999999995 112.64 112.266 0.024 112.271
0.257 0.026 0.284 0.244 0.018 0.262 97.196 0.106 97.279 112.909 0.003 112.891 111.731 0.001 111.708
0.261 0.024 0.284 0.248 0.014 0.263 97.049 0.146 97.173 111.691 0.04 111.717 110.92 0.039 110.936
0.255 0.026 0.281 0.24 0.021 0.26 96.589 0.1 96.669 112.768 0.002 112.745 111.728 0 111.714
0.263 0.021 0.284 0.237 0.021 0.258 96.668 0.103 96.749 112.846 0 112.819 112.856 0.004 112.834
0.259 0.029 0.287 0.244 0.019 0.263 96.546 0.094 96.62 112.435 0.068 112.478 112.56 0.053 112.588
0.27 0.017 0.287 0.251 0.013 0.264 97.1 0.148 97.228 113.113 0.00699999999999995 113.095 112.219 0.033 112.234
0.272 0.014 0.285 0.253 0.013 0.267 97.939 0.136 98.053 112.992 0 112.974 112.608 0 112.586
0.262 0.024 0.285 0.241 0.021 0.262 96.578 0.117 96.674 111.622 0.00900000000000001 111.614 111.094 0.016 111.09
0.257 0.021 0.279 0.234 0.024 0.258 97.447 0.103 97.53 112.901 0 112.876 112.844 0 112.82
0.265 0.02 0.285 0.242 0.021 0.263 97.449 0.096 97.523 113.054 0.001 113.032 113.061 0 113.037
0.251 0.027 0.277 0.246 0.014 0.26 96.539 0.116 96.635 112.448 0.004 112.427 112.381 0.011 112.368
0.262 0.023 0.285 0.246 0.018 0.264 96.771 0.159 96.909 112.692 0.06 112.728 112.663 0.059 112.698
0.262 0.02 0.282 0.243 0.017 0.259 96.772 0.137 96.888 112.793 0.001 112.767 112.85 0 112.824
0.269 0.018 0.287 0.243 0.022 0.265 95.706 0.101 95.793 111.558 0.002 111.535 111.172 0 111.163
0.263 0.02 0.283 0.244 0.014 0.258 96.672 0.108 96.759 112.251 0 112.226 112.216 0 112.191
0.257 0.025 0.283 0.241 0.021 0.261 97.275 0.111 97.364 113.089 0.027 113.09 112.942 0.027 112.949
0.259 0.023 0.281 0.246 0.02 0.266 97.345 0.103 97.427 112.976 0.002 112.953 112.926 0.00800000000000001 112.909
0.265 0.02 0.286 0.241 0.022 0.262 96.568 0.12 96.667 112.741 0.00800000000000001 112.724 112.727 0.036 112.736
0.255 0.023 0.279 0.239 0.018 0.257 96.686 0.097 96.762 112.701 0.00600000000000001 112.684 112.787 0.002 112.765
0.261 0.021 0.282 0.24 0.016 0.257 96.856 0.103 96.938 112.761 0.113 112.849 112.165 0.088 112.235
0.262 0.025 0.287 0.246 0.021 0.267 97.372 0.125 97.482 112.072 0.00599999999999995 112.053 112.104 0 112.089
0.265 0.021 0.286 0.248 0.016 0.264 96.909 0.095 96.982 112.797 0.023 112.795 112.781 0.022 112.783
0.262 0.019 0.281 0.237 0.018 0.255 96.635 0.107 96.721 112.196 0 112.173 112.191 0.001 112.167
0.261 0.025 0.285 0.247 0.017 0.265 96.8 0.104 96.884 112.781 0 112.756 112.665 0.001 112.642
0.355 0.052 0.407 0.332 0.04 0.371 133.161 0.171 133.49 154.071 0.001 154.255 153.933 0 154.115
0.258 0.02 0.278 0.24 0.017 0.257 97.045 0.153 97.178 112.979 0.0570000000000001 113.013 112.882 0.04 112.899
0.259 0.02 0.278 0.242 0.015 0.257 97.539 0.106 97.623 113.454 0.00700000000000001 113.437 112.226 0.015 112.223
0.266 0.02 0.286 0.249 0.017 0.266 97.753 0.114 97.847 113.32 0.026 113.321 113.06 0.023 113.058
0.265 0.02 0.285 0.248 0.015 0.264 96.894 0.106 96.978 112.496 0 112.472 111.549 0.002 111.535
0.26 0.023 0.283 0.236 0.026 0.262 96.801 0.089 96.867 112.457 0.004 112.437 112.428 0 112.402
0.262 0.022 0.284 0.252 0.012 0.264 97.877 0.128 97.982 113.437 0.001 113.413 113.374 0 113.35
0.26 0.027 0.287 0.249 0.016 0.265 97.495 0.107 97.58 112.555 0.005 112.536 112.565 0.001 112.54
0.265 0.024 0.289 0.245 0.023 0.269 97.393 0.123 97.495 112.895 0.001 112.87 112.526 0.001 112.511
0.266 0.021 0.286 0.248 0.016 0.265 97.195 0.109 97.282 112.853 0.002 112.831 112.724 0.01 112.712
0.353 0.04 0.394 0.344 0.02 0.363 132.238 0.428 132.829 153.618 0.378 154.189 153.529 0.231 153.948
0.258 0.025 0.283 0.247 0.019 0.267 97.244 0.116 97.338 112.964 0.001 112.941 112.933 0 112.908
0.265 0.024 0.288 0.243 0.023 0.267 97.154 0.112 97.247 112.851 0 112.829 112.831 0 112.807
0.263 0.024 0.287 0.254 0.014 0.268 98.327 0.168 98.474 113.808 0 113.783 113.5 0 113.476
0.35 0.039 0.391 0.335 0.026 0.361 130.891 0.213 131.259 152.656 0.116 152.951 159.269 0.11 159.567
0.266 0.022 0.288 0.251 0.015 0.266 97.287 0.141 97.407 112.104 0.065 112.15 111.487 0.035 111.499
0.266 0.018 0.284 0.246 0.016 0.262 96.514 0.143 96.636 112.239 0.01 112.226 111.96 0.022 111.963
0.262 0.022 0.284 0.244 0.02 0.264 96.997 0.121 97.097 112.38 0.002 112.365 111.885 0 111.867
0.263 0.025 0.289 0.252 0.016 0.266 97.125 0.114 97.219 112.717 0.035 112.728 112.324 0.029 112.339
0.261 0.024 0.285 0.246 0.017 0.263 96.661 0.153 96.794 112.224 0 112.201 112.23 0 112.207
0.26 0.022 0.282 0.24 0.018 0.259 96.762 0.091 96.831 112.375 0.017 112.368 112.205 0.032 112.222
0.263 0.021 0.284 0.247 0.018 0.266 97.218 0.107 97.311 115.124 0.001 115.102 114.495 0.001 114.497
0.265 0.022 0.287 0.245 0.019 0.264 96.743 0.1 96.822 112.479 0.005 112.459 112.393 0.012 112.38
0.251 0.027 0.279 0.235 0.022 0.257 96.712 0.116 96.807 112.645 0.001 112.621 112.587 0.00600000000000001 112.568
0.265 0.02 0.284 0.251 0.011 0.263 96.729 0.087 96.796 112.625 0.003 112.605 112.625 0 112.602
0.26 0.022 0.282 0.248 0.015 0.263 96.837 0.087 96.903 112.493 0.001 112.474 111.324 0 111.3
0.262 0.021 0.281 0.256 0.00900000000000001 0.266 97.657 0.108 97.75 112.222 0.005 112.2 112.104 0.005 112.092
0.262 0.024 0.286 0.243 0.02 0.263 97.374 0.073 97.426 112.265 0 112.249 111.256 0.001 111.233
0.271 0.016 0.288 0.252 0.015 0.266 96.631 0.123 96.735 112.541 0.002 112.52 112.515 0.001 112.493
0.262 0.021 0.283 0.235 0.029 0.264 96.87 0.131 96.978 112.273 0.003 112.249 112.359 0.001 112.335
0.265 0.024 0.288 0.251 0.016 0.267 97.109 0.094 97.181 112.819 0.012 112.804 112.804 0.021 112.799
0.246 0.039 0.283 0.243 0.019 0.262 96.45 0.098 96.528 112.374 0.003 112.352 112.38 0 112.356
0.258 0.025 0.285 0.238 0.024 0.261 96.657 0.098 96.734 112.343 0.00600000000000001 112.323 112.371 0.026 112.373
0.259 0.019 0.278 0.24 0.017 0.256 97.104 0.084 97.168 113.289 0 113.265 112.148 0 112.13
0.261 0.022 0.284 0.235 0.023 0.257 96.835 0.102 96.917 112.223 0.052 112.251 112.298 0.055 112.329
0.258 0.027 0.286 0.244 0.02 0.264 95.75 0.214 95.947 111.366 0.059 111.405 110.857 0.022 110.881
0.254 0.028 0.282 0.243 0.019 0.261 96.525 0.119 96.624 112.122 0 112.098 112.171 0 112.146
0.248 0.031 0.28 0.244 0.015 0.259 96.515 0.102 96.596 112.268 0.066 112.31 112.257 0.058 112.291
0.264 0.023 0.287 0.249 0.018 0.267 97.106 0.1 97.186 112.619 0 112.594 112.005 0 111.987
0.258 0.028 0.286 0.245 0.02 0.265 97.808 0.14 97.927 112.266 0.002 112.252 112.086 0 112.068
0.261 0.025 0.286 0.249 0.016 0.265 97.058 0.11 97.147 111.889 0.04 111.911 111.31 0.064 111.35
0.268 0.018 0.286 0.252 0.015 0.267 97.571 0.125 97.675 114.258 0.002 114.244 113.493 0 113.469
0.264 0.023 0.287 0.246 0.019 0.265 96.861 0.071 96.912 112.428 0.003 112.407 112.376 0 112.352
0.255 0.024 0.278 0.239 0.021 0.261 96.465 0.125 96.569 112.241 0.065 112.282 112.309 0.052 112.337
0.262 0.022 0.285 0.244 0.02 0.263 96.902 0.145 97.026 112.716 0.001 112.693 112.5 0.001 112.486
0.355 0.039 0.394 0.327 0.038 0.365 132.258 0.166 132.58 153.093 0.002 153.275 152.506 0 152.685
0.261 0.023 0.285 0.247 0.02 0.268 96.94 0.123 97.04 112.665 0.005 112.644 112.626 0.001 112.6
0.26 0.028 0.287 0.242 0.021 0.264 97.283 0.181 97.449 112.484 0.001 112.46 112.066 0 112.057
0.259 0.027 0.286 0.247 0.016 0.263 95.969 0.13 96.088 111.449 0.111 111.536 110.833 0.113 110.946
0.263 0.024 0.286 0.248 0.016 0.264 97.031 0.084 97.097 112.931 0 112.906 112.774 0 112.75
0.268 0.019 0.286 0.241 0.023 0.264 96.735 0.154 96.877 111.436 0.092 111.503 111.52 0.083 111.588
0.251 0.029 0.28 0.243 0.015 0.259 96.655 0.12 96.752 112.805 0.034 112.815 112.718 0.027 112.723
0.264 0.021 0.285 0.244 0.021 0.264 97.099 0.123 97.202 112.648 0.033 112.656 112.615 0.035 112.626
0.258 0.026 0.283 0.251 0.011 0.262 96.612 0.095 96.686 112.541 0.00700000000000001 112.524 112.499 0.011 112.486
0.267 0.022 0.288 0.242 0.025 0.266 97.179 0.131 97.29 112.746 0.001 112.722 112.546 0.001 112.522
0.264 0.022 0.284 0.249 0.015 0.264 96.966 0.099 97.045 112.608 0.058 112.639 112.568 0.05 112.592
0.261 0.024 0.284 0.246 0.017 0.262 96.63 0.106 96.714 112.309 0.001 112.286 112.28 0 112.255
0.262 0.026 0.288 0.248 0.018 0.266 97.008 0.082 97.069 112.678 0.033 112.687 111.889 0.038 111.911
0.257 0.025 0.282 0.235 0.021 0.256 96.557 0.106 96.642 112.272 0.002 112.249 112.239 0 112.212
0.267 0.019 0.285 0.249 0.016 0.266 97.549 0.105 97.632 113.015 0.056 113.045 112.964 0.003 112.943
0.259 0.027 0.287 0.248 0.019 0.267 97.914 0.125 98.016 113.453 0.016 113.444 113.387 0.019 113.38
0.261 0.028 0.288 0.251 0.019 0.27 98.797 0.169 98.945 119.516 0.065 119.555 119.42 0.05 119.445
0.27 0.019 0.288 0.244 0.023 0.267 97.281 0.124 97.385 112.668 0.078 112.722 112.661 0.086 112.723
0.268 0.021 0.289 0.245 0.021 0.266 97.459 0.143 97.581 113.159 0.016 113.15 112.809 0.024 112.815
0.262 0.021 0.283 0.238 0.024 0.261 96.83 0.104 96.914 112.551 0.071 112.597 111.483 0.067 111.533
0.26 0.026 0.286 0.25 0.016 0.265 97.021 0.126 97.127 112.599 0.004 112.578 112.324 0.001 112.301
0.264 0.019 0.283 0.248 0.017 0.265 96.866 0.116 96.963 111.344 0.011 111.341 111.091 0.015 111.089
0.259 0.024 0.283 0.243 0.017 0.26 96.458 0.152 96.59 112.343 0.068 112.388 112.209 0.073 112.258
0.353 0.036 0.39 0.328 0.028 0.356 131.504 0.158 131.818 152.241 0.01 152.432 153.267 0 153.449
0.261 0.026 0.286 0.253 0.011 0.264 97.309 0.134 97.423 113.314 0.002 113.291 112.426 0 112.409
0.255 0.032 0.287 0.254 0.011 0.265 97.198 0.098 97.276 112.142 0.005 112.131 111.271 0 111.247
0.251 0.026 0.277 0.239 0.016 0.256 96.6 0.114 96.694 111.309 0.055 111.348 110.881 0.042 110.902
0.257 0.03 0.287 0.241 0.023 0.264 97.264 0.149 97.393 113.144 0.004 113.124 113.132 0.016 113.124
0.266 0.018 0.284 0.244 0.017 0.261 96.909 0.109 96.998 112.38 0.062 112.42 112.387 0.033 112.395
0.252 0.033 0.285 0.244 0.019 0.263 96.995 0.1 97.074 114.18 0.00900000000000001 114.164 114.14 0.02 114.135
0.262 0.021 0.283 0.241 0.02 0.261 96.554 0.131 96.664 112.262 0.053 112.291 112.208 0.043 112.226
0.261 0.024 0.285 0.249 0.014 0.263 96.605 0.113 96.697 112.3 0.002 112.277 112.274 0 112.248
0.355 0.031 0.387 0.325 0.028 0.354000000000001 130.886 0.427 131.474 152.57 0.293 153.051 153.495 0.0999999999999999 153.777
0.258 0.025 0.284 0.241 0.017 0.258 96.671 0.094 96.746 112.502 0.004 112.483 112.673 0 112.65
0.261 0.023 0.284 0.242 0.022 0.264 96.98 0.12 97.078 112.218 0.067 112.266 111.395 0.08 111.451
0.255 0.028 0.283 0.251 0.012 0.263 96.574 0.096 96.649 112.291 0.003 112.269 111.863 0 111.846
0.257 0.025 0.282 0.25 0.014 0.264 97.672 0.113 97.763 113.287 0.065 113.325 113.337 0.043 113.351
0.265 0.02 0.286 0.248 0.017 0.265 97.144 0.117 97.24 112.26 0.001 112.244 111.346 0.021 111.342
0.258 0.026 0.284 0.251 0.015 0.266 97.132 0.112 97.224 112.84 0.004 112.821 112.795 0 112.772
0.262 0.021 0.283 0.242 0.021 0.261 96.999 0.166 97.143 112.823 0.095 112.892 112.829 0.075 112.878
0.266 0.017 0.284 0.248 0.015 0.262 96.857 0.107 96.941 112.614 0.002 112.589 112.688 0.001 112.663
0.352 0.0570000000000001 0.409 0.348 0.027 0.376 132.513 0.265 132.938 153.734 0.00599999999999989 153.926 153.308 0.014 153.506
0.251 0.03 0.281 0.239 0.019 0.258 97.034 0.13 97.141 112.644 0.013 112.631 112.655 0.03 112.659
0.259 0.021 0.28 0.246 0.017 0.262 96.457 0.103 96.54 112.309 0.015 112.299 112.337 0.01 112.323
0.261 0.025 0.286 0.246 0.025 0.271 96.716 0.097 96.793 112.403 0.001 112.38 112.398 0 112.373
0.258 0.026 0.284 0.247 0.015 0.261 96.663 0.09 96.732 111.715 0 111.7 111.024 0 110.999
0.255 0.028 0.284 0.245 0.018 0.263 97.054 0.098 97.131 112.764 0.002 112.739 112.694 0.00700000000000001 112.677
0.255 0.023 0.278 0.24 0.017 0.258 97.097 0.106 97.181 112.79 0.002 112.769 111.662 0.00900000000000001 111.651
0.261 0.022 0.283 0.238 0.024 0.262 97.081 0.095 97.155 112.418 0.015 112.409 112.359 0.032 112.366
0.247 0.034 0.281 0.233 0.025 0.258 96.843 0.181 97.001 112.951 0.043 112.968 112.926 0.048 112.948
0.259 0.028 0.286 0.248 0.017 0.265 95.848 0.095 95.93 111.437 0.002 111.413 111.021 0.001 111.019
0.266 0.02 0.286 0.25 0.016 0.265 97.239 0.154 97.373 112.796 0 112.771 111.938 0 111.922
0.261 0.029 0.289 0.251 0.016 0.268 97.491 0.101 97.571 111.79 0.001 111.775 111.565 0 111.548
0.252 0.027 0.28 0.24 0.022 0.261 96.68 0.091 96.752 111.65 0.011 111.64 111.196 0.019 111.193
0.257 0.026 0.283 0.25 0.014 0.264 97.01 0.096 97.086 112.829 0.001 112.806 112.79 0 112.765
0.263 0.021 0.284 0.238 0.023 0.261 96.846 0.09 96.916 112.571 0.00700000000000001 112.553 112.561 0.00600000000000001 112.544
0.266 0.017 0.283 0.25 0.00700000000000001 0.256 96.769 0.086 96.836 112.38 0.001 112.356 112.377 0 112.353
0.264 0.021 0.284 0.247 0.014 0.261 96.716 0.136 96.831 112.401 0.00600000000000001 112.383 112.442 0.00600000000000001 112.423
0.257 0.025 0.283 0.246 0.019 0.265 97.913 0.129 98.02 113.154 0.00600000000000001 113.135 113.115 0.03 113.119
0.26 0.025 0.284 0.246 0.018 0.264 97.193 0.134 97.307 112.736 0 112.711 112.704 0 112.681
0.251 0.027 0.278 0.238 0.018 0.256 97.059 0.09 97.128 112.966 0 112.941 112.91 0 112.885
0.266 0.021 0.286 0.246 0.017 0.264 96.63 0.184 96.794 112.593 0.002 112.57 112.577 0 112.554
0.265 0.023 0.289 0.244 0.022 0.266 95.771 0.131 95.887 110.957 0.004 110.938 110.594 0.001 110.59
0.26 0.024 0.283 0.247 0.015 0.263 96.849 0.126 96.954 110.756 0.072 110.81 110.791 0.056 110.832
0.261 0.024 0.285 0.246 0.016 0.262 96.724 0.105 96.808 112.224 0.004 112.203 112.391 0.012 112.384
0.253 0.026 0.279 0.237 0.023 0.26 96.842 0.114 96.935 112.506 0.004 112.485 112.569 0 112.546
0.253 0.032 0.285 0.246 0.017 0.264 96.73 0.12 96.83 112.641 0 112.617 112.657 0 112.632
0.259 0.027 0.286 0.249 0.015 0.265 97.741 0.085 97.804 113.409 0.014 113.398 113.22 0.026 113.227
0.264 0.02 0.284 0.251 0.011 0.262 96.744 0.107 96.829 112.359 0.001 112.334 112.349 0.003 112.327
0.26 0.026 0.285 0.246 0.019 0.266 96.764 0.132 96.873 112.692 0.001 112.669 112.665 0.001 112.64
0.264 0.023 0.287 0.255 0.013 0.268 97.13 0.123 97.232 112.412 0.062 112.45 111.8 0.033 111.817
0.26 0.026 0.284 0.248 0.014 0.263 96.539 0.087 96.605 112.512 0.005 112.5 111.205 0.00600000000000001 111.186
0.255 0.028 0.284 0.252 0.012 0.264 97.069 0.119 97.165 112.751 0 112.727 112.843 0 112.817
0.266 0.019 0.285 0.249 0.017 0.266 97.093 0.11 97.181 113.107 0.034 113.116 113.067 0.025 113.066
0.261 0.024 0.285 0.244 0.02 0.264 97.421 0.108 97.508 112.849 0.002 112.827 112.806 0 112.781
0.26 0.026 0.285 0.248 0.017 0.265 97.419 0.086 97.484 112.778 0.048 112.802 112.74 0.06 112.777
0.258 0.022 0.28 0.234 0.023 0.257 96.375 0.125 96.481 112.296 0.041 112.315 112.415 0.063 112.455
0.351 0.057 0.409 0.336 0.037 0.373 132.463 0.203 132.823 154.099 0 154.283 153.469 0 153.651
0.36 0.045 0.407 0.333 0.041 0.374 131.721 0.17 132.048 153.094 0.003 153.281 153.692 0.001 153.878
0.26 0.028 0.287 0.25 0.015 0.265 97.047 0.131 97.159 112.972 0.005 112.959 111.843 0.012 111.836
0.266 0.021 0.287 0.253 0.017 0.27 97.448 0.144 97.573 112.978 0.078 113.034 112.931 0.059 112.967
0.263 0.019 0.282 0.25 0.012 0.262 96.655 0.096 96.732 112.834 0 112.812 112.664 0 112.641
0.259 0.024 0.283 0.25 0.012 0.262 96.732 0.159 96.871 112.52 0.019 112.515 112.536 0.043 112.557
0.268 0.02 0.287 0.25 0.015 0.265 97.716 0.104 97.799 113.335 0.013 113.324 112.593 0.011 112.585
0.261 0.027 0.288 0.249 0.017 0.266 97.234 0.111 97.324 112.433 0.001 112.418 111.417 0.00700000000000001 111.4
0.269 0.02 0.289 0.247 0.019 0.267 97.02 0.106 97.105 112.465 0.001 112.441 112.084 0.002 112.069
0.259 0.024 0.284 0.236 0.021 0.257 96.596 0.098 96.673 111.608 0 111.596 111.101 0 111.076
0.262 0.022 0.284 0.239 0.018 0.257 96.79 0.217 96.987 112.6 0 112.577 112.652 0 112.628
0.259 0.026 0.284 0.239 0.02 0.26 96.587 0.12 96.687 112.424 0.163 112.564 112.385 0.136 112.498
0.259 0.02 0.28 0.247 0.021 0.266 97.019 0.131 97.129 112.683 0.001 112.66 112.652 0 112.628
0.26 0.023 0.283 0.243 0.019 0.262 97.013 0.078 97.07 112.443 0 112.419 112.418 0 112.393
0.251 0.027 0.277 0.241 0.015 0.257 96.543 0.143 96.665 112.242 0.051 112.268 112.218 0.049 112.242
0.26 0.027 0.285 0.243 0.022 0.266 97.355 0.112 97.446 112.915 0.00599999999999995 112.896 112.922 0 112.896
0.263 0.02 0.284 0.245 0.018 0.263 96.573 0.099 96.651 112.368 0.042 112.385 112.418 0.036 112.429
0.258 0.027 0.285 0.245 0.017 0.263 97.526 0.114 97.62 113.206 0.00399999999999995 113.188 113.192 0.01 113.177
0.27 0.016 0.286 0.242 0.019 0.261 96.565 0.159 96.702 112.269 0.092 112.334 112.326 0.057 112.357
0.255 0.028 0.283 0.249 0.016 0.265 96.931 0.121 97.029 112.734 0.001 112.708 112.716 0 112.689
0.26 0.024 0.284 0.252 0.011 0.263 96.921 0.104 97.004 112.006 0 111.989 111.354 0 111.331
0.357 0.041 0.399 0.337 0.029 0.367 133.308 0.173 133.641 153.647 0.001 153.832 152.955 0.001 153.138
0.25 0.032 0.284 0.235 0.02 0.255 96.612 0.114 96.705 113.509 0 113.485 112.349 0 112.326
0.259 0.024 0.283 0.242 0.02 0.262 96.563 0.149 96.783 112.516 0.09 112.693 112.465 0.176 112.743
0.268 0.017 0.286 0.247 0.017 0.263 97.462 0.093 97.533 112.076 0.076 112.136 111.795 0.073 111.851
0.254 0.028 0.282 0.239 0.019 0.259 96.718 0.111 96.808 112.731 0.001 112.707 111.788 0 111.77
0.256 0.027 0.283 0.249 0.015 0.265 97.082 0.178 97.24 112.499 0.102 112.579 112.521 0.089 112.589
0.258 0.024 0.283 0.242 0.019 0.26 96.689 0.192 96.86 112.382 0 112.356 112.362 0 112.335
0.259 0.025 0.284 0.248 0.016 0.264 95.473 0.118 95.576 111.244 0.001 111.221 110.786 0 110.789
0.255 0.027 0.282 0.242 0.017 0.259 96.579 0.135 96.694 112.509 0.003 112.487 112.458 0 112.433
0.357 0.035 0.392 0.338 0.019 0.358 145.832 0.462 146.57 157.365 0.268 158.088 153.782 0.121 154.22
0.263 0.02 0.282 0.241 0.021 0.262 96.466 0.092 96.54 112.194 0 112.171 112.331 0.003 112.311
0.263 0.021 0.284 0.246 0.011 0.257 97.358 0.089 97.426 113.141 0.005 113.12 113.108 0.019 113.104
0.267 0.018 0.285 0.247 0.017 0.264 97.042 0.099 97.12 112.62 0.002 112.598 111.836 0.002 111.819
0.271 0.014 0.286 0.241 0.022 0.262 96.839 0.137 96.955 111.643 0.03 111.659 111.69 0.027 111.695
0.256 0.03 0.285 0.249 0.014 0.263 96.731 0.124 96.834 111.623 0.065 111.671 111.076 0.045 111.096
0.254 0.024 0.278 0.243 0.016 0.258 96.878 0.102 96.96 112.677 0 112.653 112.641 0 112.617
0.258 0.026 0.284 0.241 0.023 0.264 96.888 0.119 96.988 112.428 0.052 112.456 112.389 0 112.365
0.261 0.024 0.286 0.234 0.024 0.258 96.594 0.112 96.686 112.293 0.002 112.271 112.251 0.002 112.227
0.261 0.023 0.285 0.247 0.017 0.264 96.733 0.121 96.833 112.328 0.001 112.305 112.412 0 112.386
0.355 0.046 0.402 0.343 0.027 0.37 159.761 0.144 160.093 177.927 0.001 178.139 176.786 0 177.006
0.261 0.025 0.285 0.244 0.013 0.256 96.618 0.12 96.721 112.244 0 112.224 112.223 0 112.202
0.253 0.024 0.277 0.229 0.027 0.256 97.902 0.139 98.019 112.493 0.04 112.509 112.155 0.038 112.169
0.259 0.025 0.283 0.241 0.022 0.264 97.36 0.148 97.486 112.909 0 112.886 112.979 0 112.953
0.261 0.026 0.286 0.251 0.014 0.265 97.234 0.112 97.324 115.654 0.00900000000000001 115.636 115.61 0.014 115.603
0.254 0.031 0.285 0.244 0.019 0.262 96.695 0.144 96.818 112.285 0 112.26 112.321 0 112.296
0.258 0.021 0.278 0.231 0.024 0.255 96.965 0.195 97.14 112.494 0.001 112.472 112.51 0 112.486
0.255 0.031 0.285 0.246 0.02 0.266 96.944 0.118 97.042 112.606 0 112.581 112.586 0 112.563
0.259 0.023 0.283 0.25 0.011 0.261 96.914 0.092 96.984 112.574 0.00399999999999995 112.553 112.573 0.011 112.559
0.253 0.025 0.278 0.235 0.021 0.256 96.588 0.118 96.685 112.621 0.001 112.597 112.746 0 112.719
0.262 0.023 0.285 0.248 0.015 0.263 96.602 0.138 96.722 112.344 0.021 112.34 112.174 0.029 112.186
0.266 0.017 0.284 0.246 0.016 0.262 96.527 0.11 96.616 112.387 0.001 112.364 112.4 0 112.375
0.269 0.02 0.288 0.246 0.022 0.267 97.336 0.1 97.415 115.65 0.00600000000000001 115.629 115.646 0.034 115.654
0.266 0.019 0.285 0.25 0.014 0.264 96.941 0.1 97.02 112.266 0.001 112.244 111.771 0 111.754
0.256 0.028 0.283 0.237 0.023 0.26 96.748 0.081 96.808 112.227 0 112.201 112.224 0 112.198
0.263 0.023 0.286 0.246 0.018 0.264 97.232 0.079 97.291 112.455 0.216 112.645 112.361 0.194 112.53
0.271 0.017 0.288 0.244 0.022 0.267 97.076 0.124 97.178 112.487 0.073 112.534 112.5 0.051 112.526
0.258 0.024 0.282 0.248 0.015 0.264 98.182 0.098 98.258 113.995 0.00900000000000001 113.979 113.489 0.03 113.503
0.268 0.017 0.285 0.244 0.021 0.265 97.129 0.113 97.223 112.746 0.002 112.724 112.795 0.004 112.775
0.263 0.022 0.284 0.243 0.019 0.263 96.89 0.086 96.955 112.473 0.00800000000000001 112.459 112.747 0.01 112.733
0.262 0.027 0.288 0.249 0.018 0.267 96.823 0.163 96.967 113.079 0.05 113.106 113.021 0.051 113.049
0.256 0.029 0.285 0.24 0.025 0.265 96.942 0.109 97.032 113.074 0.04 113.091 113.012 0.028 113.018
0.261 0.023 0.284 0.247 0.018 0.265 97.05 0.171 97.203 112.67 0.079 112.726 112.24 0.079 112.298
0.269 0.014 0.284 0.247 0.016 0.262 96.504 0.125 96.61 112.321 0 112.299 112.347 0 112.325
0.26 0.024 0.284 0.243 0.02 0.263 96.755 0.114 96.848 112.435 0.038 112.45 111.826 0.03 111.839
0.266 0.02 0.285 0.247 0.016 0.264 97.008 0.145 97.133 112.927 0.073 112.976 112.926 0.072 112.975
0.266 0.022 0.287 0.253 0.014 0.266 97.432 0.132 97.545 111.695 0 111.677 111.6 0.001 111.58
0.264 0.015 0.279 0.241 0.017 0.259 97.139 0.157 97.275 113.86 0.052 113.888 113.52 0.0600000000000001 113.556
0.264 0.015 0.279 0.238 0.02 0.258 96.549 0.106 96.634 111.413 0.004 111.402 110.929 0.01 110.92
0.262 0.023 0.285 0.254 0.011 0.264 96.959 0.111 97.051 112.648 0.001 112.625 111.53 0 111.513
0.257 0.028 0.284 0.252 0.012 0.263 96.647 0.094 96.723 112.672 0.001 112.648 112.675 0 112.653
0.262 0.022 0.284 0.24 0.023 0.263 96.772 0.127 96.878 112.899 0.003 112.877 112.798 0.001 112.775
0.262 0.022 0.283 0.244 0.013 0.258 96.547 0.119 96.645 112.241 0.005 112.222 112.193 0.003 112.171
0.259 0.024 0.283 0.248 0.015 0.263 96.629 0.111 96.72 112.188 0.01 112.173 112.057 0 112.033
0.264 0.021 0.284 0.245 0.018 0.264 96.702 0.114 96.795 112.505 0.001 112.481 112.476 0.017 112.469
0.264 0.022 0.285 0.238 0.025 0.262 96.264 0.103 96.356 111.025 0.07 111.074 110.862 0.068 110.923
0.269 0.018 0.287 0.251 0.015 0.266 96.876 0.111 96.966 112.532 0.00600000000000001 112.513 112.462 0.01 112.448
0.26 0.025 0.285 0.244 0.022 0.267 97.011 0.135 97.125 112.861 0 112.836 112.768 0 112.745
0.262 0.021 0.283 0.245 0.02 0.266 97.049 0.143 97.168 112.708 0 112.68 112.752 0 112.726
0.26 0.028 0.286 0.25 0.013 0.264 97.25 0.121 97.35 112.291 0.001 112.274 111.411 0.001 111.388
0.268 0.021 0.289 0.256 0.012 0.269 96.708 0.106 96.793 112.376 0.082 112.433 111.901 0.086 111.969
0.268 0.017 0.286 0.246 0.018 0.264 97.11 0.101 97.191 112.41 0 112.385 112.196 0 112.179
0.256 0.024 0.28 0.248 0.012 0.259 95.11 0.109 95.208 110.896 0.00700000000000001 110.881 110.453 0.015 110.474
0.375 0.029 0.405 0.351 0.023 0.374 131.388 0.127 131.677 153.417 0.004 153.608 151.508 0 151.711
0.366 0.026 0.392 0.338 0.021 0.359 131.065 0.178 131.401 153.991 0.0750000000000001 154.25 153.743 0.0619999999999999 153.99
0.263 0.021 0.284 0.244 0.017 0.261 97.386 0.078 97.439 113.522 0 113.494 113.524 0 113.494
0.257 0.021 0.278 0.245 0.016 0.262 97.362 0.091 97.431 113.138 0.00600000000000001 113.12 112.131 0.019 112.133
0.265 0.019 0.283 0.244 0.019 0.263 96.682 0.162 96.823 112.328 0 112.301 112.346 0 112.319
0.257 0.025 0.282 0.243 0.018 0.261 96.763 0.094 96.836 112.386 0 112.362 112.473 0 112.447
0.268 0.015 0.282 0.236 0.024 0.261 96.542 0.14 96.662 112.503 0.036 112.514 112.526 0.026 112.528
0.254 0.03 0.283 0.242 0.021 0.263 97.022 0.089 97.09 112.803 0 112.778 112.912 0 112.886
0.263 0.027 0.289 0.246 0.022 0.268 96.603 0.116 96.699 112.721 0.131 112.826 111.676 0.13 111.789
0.265 0.021 0.286 0.239 0.025 0.263 97.006 0.102 97.091 112.347 0.00800000000000001 112.342 111.318 0.001 111.295
0.267 0.018 0.284 0.242 0.02 0.262 96.536 0.103 96.62 112.148 0.002 112.128 112.111 0 112.088
0.248 0.029 0.276 0.24 0.022 0.261 96.069 0.117 96.177 111.467 0 111.442 110.927 0 110.931
0.261 0.027 0.287 0.245 0.02 0.266 96.904 0.087 96.969 112.472 0.001 112.45 112.484 0.002 112.461
0.258 0.026 0.285 0.244 0.019 0.263 96.787 0.137 96.904 112.231 0 112.207 112.354 0 112.33
0.261 0.021 0.283 0.247 0.011 0.257 96.717 0.088 96.785 112.362 0 112.338 112.351 0.000999999999999945 112.328
0.263 0.025 0.288 0.248 0.018 0.265 97.034 0.091 97.106 112.933 0.003 112.911 112.883 0.001 112.858
0.359 0.037 0.397 0.338 0.033 0.371 132.277 0.197 132.632 153.444 0 153.627 151.021 0 151.216
0.36 0.034 0.395 0.341 0.025 0.365000000000001 132.115 0.177 132.45 153.593 0 153.776 153.636 0 153.819
0.262 0.025 0.287 0.249 0.019 0.267 97.243 0.091 97.313 112.888 0 112.864 111.955 0 111.937
0.255 0.03 0.285 0.241 0.022 0.263 97.054 0.071 97.104 112.418 0.00700000000000001 112.41 111.585 0.001 111.562
0.261 0.025 0.286 0.249 0.016 0.264 96.956 0.12 97.057 112.248 0.054 112.29 111.664 0.052 111.699
0.263 0.023 0.286 0.247 0.016 0.263 96.66 0.121 96.764 111.918 0 111.906 111.457 0 111.439
0.264 0.02 0.284 0.232 0.023 0.256 96.671 0.119 96.77 112.424 0.045 112.446 112.405 0.049 112.43
0.257 0.023 0.28 0.246 0.012 0.258 97.047 0.123 97.149 112.68 0.069 112.725 112.539 0.059 112.573
0.258 0.023 0.28 0.248 0.016 0.263 95.59 0.193 95.767 111.006 0.073 111.055 110.625 0.083 110.728
0.261 0.023 0.283 0.243 0.017 0.26 96.601 0.105 96.684 112.24 0.002 112.217 112.222 0 112.196
0.261 0.024 0.285 0.251 0.013 0.264 97.089 0.111 97.178 112.713 0.051 112.738 112.661 0.047 112.685
0.251 0.03 0.281 0.239 0.023 0.262 95.122 0.166 95.273 111.067 0.004 111.048 110.553 0.001 110.551
0.257 0.027 0.284 0.249 0.015 0.264 96.219 0.088 96.294 111.239 0.002 111.217 110.795 0 110.781
0.263 0.022 0.285 0.245 0.02 0.264 96.402 0.093 96.474 112.076 0.002 112.052 112.143 0.005 112.122
0.257 0.024 0.281 0.239 0.02 0.259 96.92 0.099 96.999 112.431 0.00600000000000001 112.41 112.432 0.00600000000000001 112.413
0.26 0.023 0.284 0.246 0.016 0.261 96.605 0.097 96.68 112.396 0.001 112.373 112.336 0 112.31
0.27 0.015 0.284 0.244 0.02 0.265 98.131 0.146 98.255 113.594 0.045 113.613 113.526 0.035 113.534
0.264 0.023 0.287 0.25 0.014 0.265 97.06 0.092 97.13 112.611 0 112.586 112.576 0 112.551
0.263 0.02 0.284 0.24 0.026 0.265 97.392 0.081 97.453 112.876 0.001 112.852 112.859 0 112.835
0.258 0.028 0.286 0.244 0.023 0.266 97.329 0.141 97.45 112.997 0.002 112.974 112.853 0 112.83
0.265 0.02 0.285 0.235 0.029 0.264 96.972 0.147 97.1 112.206 0.001 112.191 111.336 0 111.314
0.25 0.027 0.277 0.231 0.025 0.256 96.842 0.116 96.938 112.531 0.052 112.565 111.438 0.041 111.457
0.359 0.033 0.394 0.332 0.029 0.361 130.949 0.19 131.378 151.869 0.0329999999999999 152.201 153.684 0.033 154.051
0.264 0.027 0.29 0.244 0.024 0.268 97.006 0.136 97.12 112.906 0.051 112.931 112.82 0.042 112.836
0.255 0.032 0.286 0.246 0.02 0.267 96.885 0.102 96.967 112.343 0.001 112.319 111.646 0.001 111.631
0.258 0.027 0.286 0.249 0.015 0.264 97.807 0.123 97.909 114.052 0.01 114.037 114.071 0.018 114.066
0.264 0.023 0.286 0.25 0.014 0.265 96.69 0.157 96.828 112.385 0.001 112.364 111.994 0 111.981
0.264 0.023 0.287 0.25 0.019 0.268 97.175 0.099 97.257 112.765 0 112.742 112.454 0 112.431
0.259 0.024 0.283 0.241 0.017 0.257 96.464 0.1 96.546 112.249 0.001 112.228 112.504 0.012 112.495
0.265 0.02 0.285 0.245 0.02 0.265 97.328 0.114 97.421 111.761 0 111.745 111.576 0 111.553
0.26 0.023 0.283 0.247 0.016 0.261 96.545 0.082 96.608 111.528 0 111.51 111.029 0 111.005
0.267 0.02 0.288 0.25 0.014 0.264 97.355 0.123 97.467 111.967 0.004 111.948 112.097 0.023 112.118
0.257 0.029 0.285 0.245 0.017 0.262 96.472 0.089 96.541 112.356 0 112.332 112.361 0 112.338
0.266 0.018 0.283 0.244 0.018 0.263 95.005 0.178 95.169 111.052 0 111.034 110.406 0 110.398
0.257 0.026 0.283 0.236 0.024 0.26 95.885 0.101 95.976 111.548 0.002 111.524 111.133 0.004 111.133
0.252 0.031 0.283 0.229 0.027 0.257 97.106 0.103 97.189 112.53 0.029 112.534 112.49 0.036 112.501
0.262 0.022 0.284 0.241 0.02 0.261 96.812 0.153 96.944 112.378 0.068 112.422 112.322 0.071 112.368
0.35 0.044 0.394 0.333 0.029 0.363 131.357 0.186 131.698 157.708 0.121 158.017 190.506 0.084 190.825
0.26 0.019 0.278 0.234 0.022 0.257 97.406 0.128 97.512 111.94 0.001 111.922 111.647 0.029 111.661
0.261 0.023 0.283 0.245 0.022 0.268 96.925 0.139 97.04 112.538 0 112.512 112.617 0 112.59
0.26 0.026 0.285 0.241 0.023 0.263 96.919 0.105 97.004 112.512 0.002 112.498 111.499 0 111.475
0.264 0.021 0.286 0.246 0.017 0.262 97.401 0.138 97.518 113.195 0.014 113.185 112.631 0.00600000000000001 112.619
0.269 0.016 0.286 0.245 0.019 0.263 97.225 0.111 97.316 112.807 0.002 112.79 111.828 0.001 111.806
0.253 0.026 0.279 0.237 0.026 0.263 96.8 0.109 96.889 112.558 0.002 112.537 112.518 0 112.494
0.257 0.026 0.283 0.252 0.00900000000000001 0.261 96.876 0.109 96.962 112.621 0.048 112.643 112.577 0.044 112.595
0.254 0.031 0.285 0.244 0.019 0.264 96.772 0.119 96.869 112.675 0.002 112.652 112.024 0 112.008
0.264 0.02 0.284 0.25 0.014 0.264 97.238 0.098 97.314 112.995 0 112.972 112.996 0 112.971
0.256 0.028 0.284 0.246 0.019 0.264 96.768 0.154 96.903 112.382 0 112.363 112.321 0 112.302
0.262 0.028 0.29 0.256 0.011 0.267 97.319 0.105 97.41 111.156 0.00600000000000001 111.141 110.972 0 110.956
0.265 0.017 0.282 0.248 0.014 0.262 96.932 0.138 97.049 112.541 0.003 112.519 112.525 0 112.501
0.262 0.026 0.288 0.251 0.016 0.268 97.235 0.136 97.35 112.901 0.07 112.946 112.831 0.049 112.853
0.262 0.027 0.288 0.247 0.02 0.267 96.933 0.12 97.034 112.026 0 112.012 111.246 0 111.224
0.267 0.021 0.287 0.249 0.016 0.264 97.226 0.15 97.353 112.738 0.062 112.772 112.84 0.039 112.85
0.262 0.019 0.28 0.242 0.02 0.262 96.808 0.096 96.884 112.589 0.001 112.565 111.402 0 111.386
0.266 0.023 0.288 0.252 0.013 0.265 97.378 0.127 97.492 112.162 0 112.136 111.902 0 111.891
0.264 0.021 0.285 0.244 0.018 0.263 96.824 0.123 96.926 112.419 0.00699999999999995 112.402 112.474 0.018 112.467
0.266 0.021 0.287 0.246 0.02 0.266 96.937 0.094 97.011 112.747 0.00199999999999995 112.724 112.703 0 112.679
0.359 0.036 0.395 0.341 0.023 0.364 131.506 0.173 131.84 152.975 0 153.157 151.966 0.001 152.168
0.267 0.019 0.285 0.253 0.011 0.264 96.703 0.107 96.789 112.268 0.002 112.245 112.212 0 112.188
0.259 0.024 0.283 0.244 0.018 0.262 96.511 0.12 96.61 112.113 0.051 112.138 112.085 0.034 112.094
0.265 0.022 0.286 0.246 0.02 0.266 96.77 0.101 96.85 112.434 0.052 112.46 112.346 0.034 112.355
0.266 0.02 0.286 0.249 0.016 0.265 96.89 0.095 96.965 112.489 0.003 112.468 112.471 0.00900000000000001 112.456
0.26 0.025 0.284 0.249 0.015 0.263 96.977 0.113 97.071 112.719 0 112.694 112.862 0 112.837
0.26 0.023 0.283 0.244 0.018 0.263 96.995 0.12 97.094 111.613 0.057 111.656 111.342 0.051 111.375
0.264 0.019 0.282 0.239 0.023 0.262 96.53 0.171 96.709 112.253 0 112.228 112.243 0 112.218
0.262 0.022 0.284 0.241 0.016 0.258 96.57 0.111 96.661 112.103 0 112.079 112.044 0 112.02
0.258 0.03 0.288 0.244 0.021 0.264 96.881 0.105 96.966 112.545 0 112.52 112.362 0 112.347
0.363 0.036 0.4 0.343 0.023 0.366 132.903 0.189 133.249 153.814 0.0449999999999999 154.042 153.149 0.045 153.397
0.267 0.019 0.286 0.247 0.013 0.259 97.172 0.105 97.256 112.649 0.016 112.641 112.656 0.023 112.655
0.264 0.023 0.288 0.246 0.02 0.265 97.415 0.111 97.506 112.301 0 112.284 111.536 0 111.512
0.259 0.026 0.285 0.247 0.017 0.264 96.701 0.095 96.776 111.704 0.001 111.69 111.282 0 111.259
0.26 0.027 0.286 0.247 0.019 0.266 96.917 0.114 97.016 112.322 0 112.314 111.281 0 111.264
0.251 0.028 0.279 0.248 0.018 0.265 96.936 0.151 97.067 112.183 0.046 112.203 112.309 0.057 112.34
0.266 0.019 0.285 0.241 0.022 0.262 96.643 0.139 96.76 112.307 0.037 112.32 112.297 0.037 112.307
0.259 0.021 0.28 0.241 0.015 0.256 96.975 0.126 97.08 112.809 0.003 112.788 112.804 0.002 112.781
0.264 0.014 0.279 0.242 0.014 0.256 96.485 0.098 96.562 112.584 0.002 112.562 112.59 0 112.566
0.262 0.019 0.281 0.246 0.016 0.262 97.116 0.101 97.196 112.702 0.00700000000000001 112.684 112.092 0.03 112.105
0.256 0.028 0.285 0.247 0.016 0.263 97.025 0.109 97.112 112.642 0.0600000000000001 112.678 112.704 0.049 112.727
0.264 0.021 0.285 0.249 0.015 0.263 96.99 0.101 97.07 112.141 0.00800000000000001 112.132 111.065 0.012 111.052
0.261 0.025 0.286 0.243 0.022 0.265 97.301 0.103 97.382 112.701 0.005 112.681 112.686 0 112.66
0.255 0.03 0.285 0.245 0.021 0.266 97.741 0.145 97.864 112.851 0.134 112.96 112.845 0.104 112.924
0.262 0.022 0.285 0.246 0.022 0.267 97.243 0.116 97.338 112.563 0 112.539 112.672 0 112.647
0.261 0.027 0.287 0.251 0.016 0.267 96.971 0.112 97.064 112.456 0.043 112.475 112.44 0.042 112.457
0.269 0.02 0.289 0.246 0.022 0.268 97.213 0.12 97.313 112.52 0.00600000000000001 112.509 111.613 0.014 111.602
0.26 0.018 0.279 0.238 0.021 0.258 95.14 0.124 95.25 112.446 0.003 112.432 111.875 0.00600000000000001 111.872
0.362 0.025 0.387 0.332 0.024 0.356 131.481 0.203 131.839 152.872 0.003 153.054 151.746 0.002 151.947
0.264 0.017 0.281 0.244 0.019 0.263 96.832 0.126 96.936 112.894 0 112.868 112.904 0 112.877
0.26 0.026 0.286 0.246 0.019 0.265 97.262 0.1 97.341 112.734 0.004 112.713 112.975 0 112.95
0.248 0.03 0.278 0.235 0.021 0.257 96.727 0.149 96.857 112.341 0.064 112.382 111.783 0.057 111.825
0.361 0.033 0.395 0.339 0.023 0.362 132.23 0.248 132.637 153.22 0.0790000000000001 153.481 152.747 0.124 153.064
0.262 0.025 0.287 0.252 0.016 0.267 97.141 0.108 97.231 112.859 0.00600000000000001 112.841 112.529 0.013 112.521
0.258 0.027 0.285 0.24 0.023 0.264 96.768 0.116 96.862 112.392 0.003 112.372 112.362 0 112.336
0.267 0.019 0.286 0.243 0.019 0.262 96.679 0.12 96.779 112.473 0.004 112.453 112.442 0 112.419
0.265 0.023 0.289 0.245 0.017 0.263 96.787 0.165 97.052 111.882 0.11 112.088 112.268 0.0609999999999999 112.373
0.252 0.032 0.284 0.247 0.015 0.262 96.936 0.124 97.04 112.477 0.002 112.456 112.62 0.00600000000000001 112.602
0.266 0.022 0.288 0.252 0.016 0.268 96.907 0.094 96.986 111.052 0.026 111.058 111.186 0.02 111.193
0.254 0.027 0.28 0.247 0.015 0.262 96.51 0.105 96.594 112.443 0 112.419 112.668 0 112.644
0.265 0.022 0.288 0.243 0.023 0.266 97.119 0.133 97.231 114.882 0 114.859 114.828 0 114.808
0.26 0.027 0.287 0.246 0.018 0.264 96.857 0.104 96.941 112.844 0.001 112.82 112.824 0 112.799
0.262 0.02 0.283 0.241 0.021 0.262 96.813 0.096 96.887 112.339 0.001 112.316 112.196 0 112.178
0.263 0.024 0.287 0.248 0.016 0.265 97.398 0.128 97.505 113.514 0.065 113.553 113.503 0.07 113.548
0.261 0.024 0.284 0.252 0.014 0.266 97.275 0.127 97.382 111.666 0.00700000000000001 111.658 111.486 0.005 111.472
0.251 0.026 0.277 0.237 0.02 0.256 96.581 0.133 96.694 111.584 0.106 111.672 111.193 0.013 111.186
0.258 0.019 0.277 0.247 0.011 0.258 96.898 0.155 97.03 112.821 0.004 112.798 112.892 0.00900000000000001 112.874
0.266 0.022 0.287 0.252 0.015 0.267 97.711 0.094 97.784 113.3 0 113.275 113.518 0 113.493
0.262 0.02 0.282 0.242 0.019 0.261 96.593 0.144 96.716 112.265 0.027 112.269 111.839 0.041 111.861
0.261 0.027 0.287 0.253 0.014 0.268 97.114 0.135 97.229 112.319 0.106 112.407 111.425 0.097 111.503
0.26 0.025 0.285 0.247 0.018 0.265 96.437 0.1 96.518 112.264 0.004 112.245 112.327 0 112.304
0.361 0.034 0.395 0.334 0.03 0.365000000000001 132.598 0.152 132.907 153.933 0.0449999999999999 154.16 177.022 0.36 177.615
0.26 0.022 0.283 0.248 0.015 0.262 96.595 0.133 96.709 112.503 0 112.476 112.505 0 112.479
0.252 0.026 0.278 0.241 0.02 0.261 96.778 0.111 96.869 112.538 0.036 112.548 112.768 0.037 112.781
0.256 0.03 0.286 0.255 0.012 0.267 97.23 0.116 97.325 112.879 0 112.855 112.862 0 112.837
0.259 0.025 0.284 0.24 0.021 0.261 96.48 0.112 96.573 112.213 0.059 112.249 112.193 0.05 112.221
0.256 0.026 0.283 0.243 0.019 0.261 96.455 0.123 96.559 112.045 0 112.028 110.821 0 110.798
0.258 0.026 0.283 0.238 0.018 0.256 96.691 0.128 96.799 112.616 0.032 112.632 112.467 0.094 112.553
0.252 0.031 0.284 0.242 0.016 0.256 96.613 0.18 96.774 112.613 0.051 112.638 112.714 0.059 112.749
0.255 0.029 0.283 0.249 0.014 0.263 96.991 0.19 97.161 112.359 0 112.345 111.356 0 111.333
0.261 0.024 0.284 0.249 0.014 0.264 97.298 0.091 97.365 112.594 0.002 112.573 112.415 0 112.398
0.264 0.017 0.281 0.246 0.015 0.261 96.713 0.088 96.781 112.486 0.00800000000000001 112.468 111.432 0 111.418
0.269 0.017 0.286 0.249 0.017 0.266 97.671 0.109 97.758 114.581 0.002 114.557 114.911 0 114.888
0.245 0.033 0.278 0.246 0.014 0.26 96.633 0.114 96.727 112.29 0.001 112.267 111.277 0 111.261
0.252 0.027 0.279 0.239 0.019 0.258 97.036 0.132 97.145 112.643 0 112.617 112.572 0 112.546
0.26 0.023 0.284 0.244 0.018 0.262 96.905 0.093 96.977 112.256 0.005 112.237 112.228 0.001 112.204
0.256 0.028 0.283 0.241 0.021 0.262 96.655 0.095 96.731 112.883 0 112.858 112.805 0 112.782
0.36 0.034 0.394 0.338 0.025 0.363 131.826 0.146 132.129 153.18 0.00199999999999995 153.362 152.07 0.001 152.269
0.256 0.028 0.284 0.249 0.016 0.263 96.791 0.123 96.893 112.478 0.054 112.506 112.453 0.045 112.472
0.253 0.028 0.282 0.244 0.019 0.262 96.737 0.136 96.852 112.276 0 112.252 111.917 0.00600000000000001 111.905
0.257 0.027 0.284 0.248 0.017 0.265 97.073 0.134 97.186 111.927 0.012 111.923 112.654 0.026 112.655
0.259 0.027 0.286 0.245 0.02 0.265 96.958 0.136 97.073 111.871 0 111.855 111.33 0 111.306
0.262 0.023 0.285 0.242 0.022 0.264 97.029 0.099 97.106 112.513 0 112.49 112.506 0 112.482
0.261 0.024 0.285 0.245 0.017 0.262 96.969 0.108 97.057 112.366 0.00600000000000001 112.348 112.317 0.015 112.308
0.258 0.026 0.284 0.241 0.015 0.256 96.745 0.139 96.865 112.226 0.003 112.205 112.21 0.001 112.185
0.261 0.024 0.286 0.245 0.02 0.264 96.781 0.105 96.866 112.492 0.002 112.469 112.437 0 112.412
0.266 0.02 0.287 0.251 0.016 0.267 97.218 0.115 97.318 112.956 0.023 112.96 112.951 0.02 112.954
0.257 0.027 0.284 0.239 0.023 0.262 95.604 0.126 95.718 111.392 0 111.369 110.97 0.014 110.985
0.267 0.018 0.285 0.244 0.02 0.264 96.831 0.095 96.906 112.395 0.00600000000000001 112.377 112.473 0.01 112.458
0.25 0.033 0.283 0.247 0.016 0.262 96.631 0.151 96.761 112.279 0 112.254 112.284 0 112.259
0.262 0.022 0.283 0.248 0.018 0.267 97.428 0.116 97.524 112.586 0.034 112.593 112.577 0.027 112.579
0.267 0.017 0.284 0.243 0.02 0.264 96.615 0.12 96.715 112.354 0.042 112.37 112.334 0.034 112.344
0.26 0.025 0.285 0.245 0.018 0.263 97.425 0.1 97.504 113.204 0.002 113.181 113.15 0 113.126
0.268 0.019 0.288 0.254 0.012 0.267 97.396 0.135 97.511 113.376 0.052 113.403 113.021 0.041 113.037
0.263 0.024 0.287 0.244 0.022 0.266 97.607 0.141 97.725 112.775 0.075 112.824 112.849 0.066 112.888
0.268 0.019 0.287 0.245 0.019 0.264 96.941 0.124 97.045 112.705 0.044 112.725 111.936 0.031 111.951
0.261 0.022 0.283 0.242 0.019 0.261 96.603 0.114 96.696 112.563 0.055 112.591 112.547 0.047 112.57
0.252 0.032 0.284 0.24 0.023 0.263 97.158 0.099 97.237 112.627 0.001 112.601 112.656 0.027 112.658
0.262 0.024 0.285 0.245 0.02 0.265 97.153 0.087 97.219 112.585 0.025 112.585 112.666 0.014 112.655
0.264 0.023 0.288 0.254 0.012 0.265 97.413 0.14 97.532 113.073 0.071 113.119 113.121 0.077 113.174
0.274 0.017 0.291 0.252 0.016 0.268 97.641 0.084 97.705 112.961 0.001 112.937 113.054 0.001 113.033
0.268 0.017 0.285 0.242 0.022 0.264 97.02 0.121 97.12 112.363 0.00399999999999995 112.351 111.647 0.002 111.625
0.264 0.021 0.284 0.25 0.015 0.266 95.15 0.087 95.225 111.912 0.002 111.896 111.332 0 111.324
0.355 0.044 0.399 0.334 0.032 0.367 132.005 0.191 132.356 153.002 0.00900000000000001 153.194 153.174 0.001 153.361
0.267 0.022 0.29 0.253 0.016 0.269 96.862 0.081 96.924 112.502 0.001 112.48 111.981 0.001 111.969
0.265 0.02 0.285 0.251 0.013 0.264 97.106 0.131 97.218 112.712 0 112.689 112.313 0 112.292
0.26 0.024 0.284 0.25 0.015 0.265 96.639 0.136 96.757 112.153 0.064 112.194 112.407 0.055 112.441
0.265 0.019 0.283 0.253 0.00900000000000001 0.262 96.439 0.122 96.541 112.219 0.035 112.231 112.249 0.047 112.272
0.26 0.024 0.284 0.241 0.022 0.264 96.833 0.1 96.912 111.805 0.014 111.801 111.414 0.016 111.413
0.253 0.033 0.286 0.253 0.012 0.265 96.751 0.142 96.881 111.503 0.005 111.485 111.536 0.017 111.547
0.26 0.027 0.288 0.252 0.017 0.268 96.846 0.124 96.95 112.403 0 112.38 112.388 0 112.364
0.263 0.023 0.286 0.241 0.023 0.263 96.983 0.119 97.082 112.508 0.001 112.484 112.708 0 112.683
0.262 0.022 0.284 0.247 0.015 0.263 96.897 0.123 96.998 112.577 0.12 112.672 112.472 0.114 112.562
0.262 0.02 0.282 0.238 0.023 0.261 96.655 0.112 96.746 112.404 0.003 112.381 112.386 0.001 112.362
0.256 0.022 0.279 0.245 0.018 0.262 96.682 0.154 96.816 112.401 0.001 112.376 112.378 0.003 112.357
0.354 0.037 0.392 0.323 0.034 0.357 131.574 0.247 131.977 152.864 0.2 153.244 152.687 0.16 153.028
0.265 0.02 0.285 0.242 0.022 0.265 96.564 0.129 96.672 112.571 0.104 112.653 112.676 0.079 112.732
0.251 0.027 0.278 0.245 0.012 0.257 96.826 0.146 96.949 113.143 0 113.116 113.092 0 113.064
0.264 0.019 0.284 0.24 0.019 0.258 97.429 0.102 97.51 112.577 0 112.552 112.736 0 112.71
0.262 0.02 0.283 0.248 0.019 0.265 95.254 0.128 95.371 111.276 0.003 111.266 110.681 0 110.677
0.259 0.023 0.282 0.235 0.024 0.26 97.084 0.099 97.159 112.36 0.002 112.335 112.567 0.004 112.544
0.261 0.025 0.287 0.249 0.018 0.266 96.958 0.146 97.084 112.23 0.053 112.265 110.969 0.059 111.005
0.265 0.022 0.287 0.252 0.013 0.265 96.501 0.11 96.596 111.143 0.001 111.121 110.964 0.001 110.948
0.262 0.023 0.285 0.25 0.014 0.263 97.12 0.123 97.223 112.164 0 112.145 111.137 0 111.113
0.266 0.015 0.28 0.247 0.012 0.26 97.809 0.131 97.919 113.181 0.064 113.223 113.138 0.042 113.155
0.266 0.021 0.287 0.249 0.017 0.266 96.876 0.156 97.013 112.596 0 112.574 112.597 0 112.578
0.363 0.032 0.395 0.336 0.026 0.363 132.922 0.148 133.228 154.46 0 154.645 154.65 0 154.834
0.261 0.022 0.283 0.238 0.024 0.262 96.831 0.237 97.049 112.681 0 112.656 112.756 0 112.733
0.262 0.023 0.284 0.258 0.00700000000000001 0.264 97.16 0.094 97.235 112.644 0.044 112.675 111.481 0.027 111.486
0.261 0.023 0.283 0.251 0.011 0.262 96.793 0.103 96.872 112.354 0.00900000000000001 112.335 112.426 0.004 112.401
0.256 0.022 0.279 0.244 0.013 0.257 96.703 0.103 96.784 112.66 0.005 112.641 111.521 0 111.505
0.266 0.021 0.287 0.255 0.011 0.266 96.982 0.108 97.069 112.364 0 112.34 112.549 0 112.524
0.258 0.027 0.285 0.25 0.014 0.263 97.095 0.136 97.211 114.514 0.003 114.492 114.51 0 114.486
0.257 0.021 0.279 0.239 0.017 0.255 97.551 0.095 97.623 112.59 0 112.565 112.635 0 112.609
0.257 0.026 0.284 0.238 0.02 0.258 95.524 0.137 95.644 111.606 0.056 111.637 111.229 0.067 111.297
0.27 0.016 0.286 0.246 0.017 0.263 96.937 0.137 97.052 113.504 0.0679999999999999 113.549 113.017 0.098 113.097
0.257 0.026 0.284 0.244 0.022 0.265 97.123 0.089 97.192 112.141 0.004 112.129 111.297 0.013 111.287
0.257 0.03 0.287 0.251 0.015 0.266 97.002 0.143 97.125 111.837 0 111.821 111.382 0.001 111.359
0.263 0.022 0.286 0.245 0.019 0.263 96.963 0.111 97.054 112.553 0 112.527 112.595 0 112.57
0.26 0.019 0.278 0.238 0.017 0.255 96.925 0.171 97.076 112.477 0.07 112.522 112.507 0.071 112.554
0.264 0.021 0.286 0.242 0.022 0.264 96.581 0.115 96.676 112.443 0.026 112.445 112.413 0.031 112.42
0.257 0.024 0.281 0.249 0.016 0.265 96.664 0.115 96.758 112.202 0 112.179 112.198 0 112.173
0.268 0.019 0.287 0.25 0.014 0.264 97.011 0.129 97.12 112.318 0.00399999999999995 112.297 112.335 0.001 112.312
0.348 0.036 0.385 0.328 0.024 0.352 131.242 0.431 131.835 152.469 0.453 153.113 153.122 0.341 153.65
0.261 0.023 0.283 0.247 0.016 0.262 96.701 0.088 96.769 112.181 0.003 112.159 112.152 0.001 112.128
0.266 0.019 0.285 0.25 0.013 0.263 97.442 0.121 97.542 112.885 0 112.866 112.121 0 112.097
0.254 0.023 0.277 0.233 0.025 0.257 96.488 0.088 96.556 112.364 0 112.342 112.292 0 112.268
0.258 0.026 0.284 0.246 0.017 0.264 97.031 0.075 97.083 112.682 0.00600000000000001 112.664 112.545 0.023 112.542
0.248 0.037 0.284 0.246 0.016 0.261 96.738 0.135 96.854 112.612 0.019 112.607 112.611 0.027 112.615
0.258 0.023 0.282 0.247 0.016 0.262 96.662 0.124 96.766 112.24 0.00600000000000001 112.221 112.294 0.002 112.274
0.269 0.017 0.286 0.243 0.021 0.263 96.741 0.15 96.869 112.656 0.004 112.634 112.62 0 112.596
0.25 0.036 0.287 0.249 0.017 0.266 96.627 0.12 96.725 112.107 0.051 112.133 112.115 0.055 112.144
0.255 0.025 0.279 0.236 0.024 0.261 96.775 0.191 96.946 112.404 0.125 112.504 112.409 0.12 112.508
0.26 0.024 0.282 0.245 0.018 0.263 96.727 0.107 96.814 112.797 0.002 112.775 112.75 0 112.725
0.264 0.023 0.286 0.251 0.013 0.264 97.09 0.088 97.158 112.718 0 112.694 111.623 0 111.606
0.257 0.021 0.278 0.24 0.022 0.262 96.902 0.109 96.991 113.03 0.018 113.023 113.018 0.024 113.017
0.256 0.026 0.281 0.234 0.023 0.257 96.571 0.138 96.687 112.255 0.044 112.273 112.221 0.051 112.247
0.262 0.022 0.284 0.251 0.013 0.264 97.137 0.114 97.229 112.699 0 112.674 112.648 0 112.623
0.271 0.02 0.291 0.25 0.019 0.269 97.143 0.12 97.241 112.661 0.022 112.658 112.618 0.03 112.623
0.268 0.017 0.285 0.25 0.019 0.269 97.376 0.109 97.464 112.868 0.004 112.848 112.74 0.001 112.723
0.265 0.02 0.284 0.251 0.016 0.266 97.27 0.093 97.344 112.816 0 112.791 112.801 0.004 112.782
0.26 0.026 0.286 0.243 0.023 0.266 96.999 0.094 97.074 112.021 0.00700000000000001 112.013 111.324 0 111.301
0.261 0.023 0.283 0.242 0.022 0.263 96.575 0.135 96.691 112.199 0.001 112.174 112.294 0 112.271
0.263 0.022 0.285 0.245 0.019 0.265 95.213 0.121 95.32 111.472 0.004 111.461 110.87 0 110.863
0.356 0.034 0.391 0.332 0.03 0.362 132.368 0.175 132.699 153.799 0.0820000000000001 154.063 154.044 0.086 154.312
0.258 0.026 0.284 0.238 0.025 0.263 97.001 0.108 97.086 112.482 0.047 112.503 112.449 0.041 112.464
0.258 0.028 0.286 0.245 0.019 0.263 96.914 0.141 97.037 112.549 0 112.526 112.056 0 112.043
0.26 0.026 0.286 0.245 0.022 0.267 97.09 0.143 97.214 112.843 0.003 112.824 112.53 0.001 112.508
0.26 0.023 0.283 0.249 0.013 0.261 96.921 0.081 96.98 112.505 0.037 112.518 112.545 0.031 112.55
0.259 0.027 0.286 0.254 0.014 0.267 96.794 0.113 96.885 112.345 0.001 112.321 112.322 0 112.296
0.265 0.019 0.284 0.252 0.01 0.261 96.607 0.14 96.727 112.23 0.026 112.233 112.332 0.023 112.329
0.257 0.026 0.283 0.24 0.017 0.257 96.677 0.117 96.782 113.084 0 113.066 112.904 0 112.889
0.261 0.019 0.28 0.242 0.02 0.262 96.52 0.097 96.597 112.298 0.002 112.277 112.284 0 112.26
0.255 0.025 0.281 0.237 0.02 0.258 96.288 0.175 96.441 111.852 0 111.828 111.927 0.001 111.903
0.265 0.02 0.285 0.245 0.02 0.266 96.755 0.133 96.876 111.787 0.005 111.769 111.787 0.001 111.776
0.267 0.019 0.286 0.247 0.015 0.262 97.034 0.085 97.097 112.509 0.002 112.488 112.463 0.00600000000000001 112.453
0.262 0.022 0.283 0.249 0.02 0.269 96.601 0.088 96.67 112.573 0.002 112.55 112.547 0 112.524
0.269 0.017 0.285 0.25 0.015 0.265 96.554 0.136 96.67 112.268 0.086 112.329 112.248 0.087 112.311
0.259 0.025 0.284 0.245 0.017 0.262 96.482 0.117 96.578 112.336 0 112.311 112.343 0 112.317
0.254 0.024 0.278 0.241 0.016 0.256 96.657 0.094 96.731 112.136 0 112.111 112.122 0.004 112.101
0.26 0.02 0.28 0.237 0.02 0.257 96.914 0.19 97.083 111.632 0.001 111.615 111.296 0.013 111.29
0.267 0.021 0.288 0.247 0.02 0.267 97.23 0.103 97.314 112.492 0.00600000000000001 112.474 112.476 0.017 112.47
0.25 0.029 0.279 0.239 0.019 0.258 97.063 0.15 97.193 112.764 0.027 112.767 112.746 0.022 112.745
0.248 0.033 0.281 0.241 0.024 0.264 97.08 0.127 97.184 112.689 0 112.663 112.674 0 112.646
0.258 0.025 0.283 0.247 0.016 0.263 96.963 0.086 97.029 112.549 0 112.523 112.537 0 112.513
0.264 0.02 0.284 0.246 0.017 0.262 96.624 0.115 96.723 111.024 0.002 111.004 110.854 0.02 110.862
0.259 0.029 0.288 0.248 0.017 0.265 97.158 0.136 97.273 112.366 0 112.347 111.648 0.001 111.626
0.256 0.028 0.283 0.248 0.014 0.262 96 0.202 96.193 112.058 0.001 112.036 111.576 0 111.572
0.36 0.036 0.397 0.34 0.024 0.364 132.361 0.192 132.714 154.569 0.011 154.767 154.75 0.0219999999999999 154.959
0.265 0.017 0.283 0.237 0.024 0.261 96.716 0.122 96.82 111.123 0.002 111.103 111.024 0.00800000000000001 111.015
0.261 0.026 0.286 0.242 0.021 0.264 96.841 0.104 96.924 112.543 0.004 112.523 112.517 0.001 112.493
0.254 0.027 0.282 0.243 0.018 0.261 96.758 0.162 96.897 112.213 0 112.187 112.193 0 112.166
0.263 0.019 0.282 0.245 0.017 0.262 96.512 0.135 96.627 112.245 0.002 112.223 112.215 0.00299999999999995 112.194
0.255 0.024 0.278 0.239 0.018 0.258 96.906 0.11 96.996 112.869 0 112.845 112.783 0 112.759
0.268 0.018 0.286 0.244 0.018 0.262 97.345 0.131 97.455 112.952 0.002 112.929 113.006 0.00999999999999995 112.99
0.268 0.02 0.288 0.251 0.017 0.268 96.898 0.146 97.025 112.404 0.068 112.458 111.311 0.057 111.346
0.26 0.023 0.283 0.231 0.031 0.262 96.652 0.081 96.709 112.377 0.001 112.35 112.367 0 112.338
0.255 0.025 0.278 0.233 0.024 0.256 96.577 0.083 96.64 112.334 0.002 112.311 111.349 0 111.333
0.258 0.027 0.285 0.242 0.021 0.263 97.02 0.138 97.137 112.655 0.001 112.641 111.576 0 111.553
0.257 0.026 0.282 0.25 0.011 0.261 96.842 0.091 96.913 112.446 0.01 112.433 112.423 0.017 112.417
0.259 0.027 0.285 0.243 0.023 0.266 96.875 0.1 96.954 112.508 0.003 112.485 112.549 0 112.522
0.269 0.017 0.285 0.246 0.017 0.263 97.219 0.104 97.302 115.601 0.00800000000000001 115.583 115.643 0.016 115.634
0.259 0.026 0.285 0.253 0.00999999999999998 0.263 95.749 0.171 95.904 111.671 0.096 111.747 111.122 0.127 111.244
0.253 0.033 0.287 0.255 0.011 0.265 96.987 0.092 97.058 115.205 0.001 115.182 115.286 0 115.26
0.259 0.028 0.287 0.246 0.021 0.266 97.408 0.094 97.482 112.827 0.09 112.893 112.508 0.056 112.54
0.269 0.018 0.288 0.241 0.019 0.259 96.754 0.138 96.872 112.38 0.001 112.358 112.563 0 112.537
0.254 0.027 0.282 0.247 0.017 0.263 97.347 0.157 97.483 112.485 0.149 112.618 111.521 0.137 111.634
0.262 0.022 0.284 0.24 0.023 0.263 97.282 0.121 97.383 112.741 0.056 112.771 112.593 0.048 112.617
0.263 0.022 0.285 0.24 0.018 0.258 96.884 0.143 97.007 111.866 0.003 111.853 111.239 0 111.215
0.265 0.019 0.285 0.246 0.017 0.263 103.315 0.158 103.469 112.518 0.064 112.606 112.482 0.001 112.459
0.263 0.021 0.283 0.244 0.019 0.263 96.753 0.102 96.835 112.41 0 112.386 112.481 0 112.457
0.264 0.018 0.282 0.244 0.012 0.256 96.552 0.099 96.631 112.092 0 112.068 112.116 0 112.092
0.258 0.028 0.285 0.25 0.014 0.263 96.922 0.117 97.02 112.638 0 112.612 112.388 0 112.372
0.253 0.025 0.278 0.239 0.018 0.257 97.86 0.13 97.969 113.646 0.069 113.689 113.657 0.059 113.692
0.256 0.026 0.283 0.238 0.024 0.261 96.901 0.118 96.999 112.967 0.065 113.009 112.981 0.06 113.016
0.255 0.022 0.278 0.235 0.02 0.255 96.677 0.099 96.753 112.22 0.001 112.197 112.172 0 112.147
0.254 0.026 0.28 0.239 0.025 0.264 96.739 0.126 96.846 112.29 0.057 112.323 112.293 0.048 112.317
0.266 0.018 0.283 0.238 0.022 0.261 94.92 0.09 94.996 111.011 0.001 110.995 110.479 0.001 110.469
0.264 0.019 0.282 0.24 0.023 0.264 96.74 0.081 96.8 112.719 0.001 112.693 112.746 0 112.725
0.262 0.024 0.286 0.245 0.019 0.264 96.913 0.158 97.05 112.51 0.076 112.561 112.597 0.065 112.637
0.262 0.023 0.285 0.242 0.02 0.262 97.467 0.11 97.555 113.319 0.002 113.297 113.306 0 113.281
0.257 0.027 0.284 0.25 0.013 0.262 96.77 0.101 96.851 112.599 0 112.575 112.582 0 112.558
0.26 0.027 0.287 0.248 0.017 0.265 97.553 0.113 97.646 112.949 0.053 112.978 111.411 0.053 111.451
0.36 0.038 0.397 0.336 0.027 0.364 131.892 0.147 132.196 154.632 0.015 154.832 155.337 0.034 155.555
0.259 0.025 0.284 0.239 0.022 0.262 96.5 0.097 96.575 111.518 0.004 111.505 111.258 0 111.241
0.257 0.027 0.284 0.247 0.017 0.264 97.068 0.106 97.153 112.763 0.002 112.739 112.757 0.021 112.753
0.273 0.019 0.29 0.255 0.014 0.269 98.089 0.132 98.2 113.479 0.004 113.457 113.479 0 113.454
0.266 0.019 0.284 0.24 0.027 0.267 98.011 0.131 98.121 113.651 0 113.627 113.631 0 113.606
0.26 0.026 0.285 0.249 0.018 0.267 97.211 0.164 97.356 112.731 0.116 112.823 112.726 0.107 112.809
0.26 0.025 0.285 0.246 0.02 0.266 97.157 0.092 97.229 112.516 0.005 112.505 111.538 0 111.515
0.251 0.03 0.28 0.236 0.021 0.257 96.657 0.12 96.757 112.279 0.016 112.269 111.368 0.031 111.387
0.267 0.018 0.284 0.247 0.016 0.264 95.083 0.136 95.206 111.57 0.0610000000000001 111.615 110.893 0.07 110.962
0.257 0.026 0.283 0.25 0.017 0.267 97.968 0.135 98.081 114.532 0 114.505 114.573 0.001 114.548
0.264 0.022 0.286 0.253 0.015 0.268 97.209 0.111 97.299 112.731 0.002 112.708 112.655 0.019 112.649
0.266 0.018 0.283 0.251 0.015 0.267 97.139 0.105 97.221 112.699 0.047 112.721 112.641 0.042 112.656
0.261 0.024 0.283 0.247 0.019 0.267 97.101 0.11 97.19 112.702 0.032 112.707 112.654 0.03 112.659
0.258 0.024 0.283 0.239 0.024 0.262 96.344 0.224 96.549 112.902 0.167 113.044 112.733 0.134 112.842
0.259 0.026 0.285 0.244 0.02 0.264 96.764 0.096 96.841 112.512 0.00299999999999995 112.492 111.862 0.003 111.853
0.257 0.028 0.285 0.244 0.02 0.264 97.074 0.235 97.357 112.774 0.00900000000000001 112.777 112.224 0 112.203
0.358 0.039 0.397 0.342 0.026 0.370000000000001 131.096 0.253 131.855 152.687 0.048 153.043 152.519 0.0449999999999999 152.744
0.257 0.028 0.285 0.24 0.024 0.264 96.716 0.125 96.822 112.39 0.055 112.422 112.372 0.043 112.391
0.267 0.018 0.286 0.241 0.018 0.258 96.946 0.095 97.023 112.223 0.002 112.207 111.595 0 111.573
0.256 0.027 0.283 0.248 0.015 0.263 96.414 0.111 96.505 111.981 0.00600000000000001 111.97 111.12 0.00600000000000001 111.103
0.261 0.023 0.284 0.239 0.022 0.262 96.666 0.15 96.791 112.311 0.023 112.307 111.799 0.054 111.833
0.262 0.022 0.284 0.239 0.024 0.263 96.653 0.099 96.732 112.342 0.002 112.317 112.343 0 112.318
0.26 0.018 0.277 0.244 0.021 0.265 97.049 0.143 97.172 112.901 0.054 112.931 112.8 0.055 112.83
0.256 0.028 0.284 0.244 0.017 0.262 96.526 0.141 96.646 112.266 0.077 112.317 111.214 0.063 111.261
0.252 0.031 0.283 0.244 0.018 0.262 96.525 0.105 96.61 112.238 0 112.214 112.264 0 112.24
0.261 0.019 0.279 0.244 0.014 0.258 96.832 0.093 96.905 111.681 0 111.663 111.058 0 111.035
0.265 0.02 0.285 0.252 0.013 0.265 96.765 0.112 96.864 110.84 0.035 110.853 110.731 0.045 110.765
0.267 0.019 0.284 0.248 0.017 0.265 96.935 0.102 97.018 112.444 0 112.42 112.387 0.001 112.37
0.262 0.027 0.289 0.259 0.00900000000000001 0.268 97.085 0.146 97.217 111.443 0.073 111.495 111.466 0.088 111.548
0.261 0.025 0.286 0.242 0.023 0.266 97.335 0.099 97.413 112.403 0 112.377 112.388 0 112.368
0.258 0.027 0.284 0.242 0.022 0.264 96.963 0.096 97.039 112.595 0 112.57 112.588 0 112.563
0.258 0.024 0.282 0.238 0.021 0.259 96.635 0.107 96.719 112.353 0.059 112.385 111.9 0.046 111.926
0.253 0.026 0.278 0.232 0.024 0.256 96.658 0.114 96.751 112.345 0 112.32 112.411 0 112.385
0.261 0.024 0.285 0.253 0.015 0.268 97.541 0.095 97.615 113.119 0.001 113.096 112.788 0 112.763
0.261 0.027 0.288 0.251 0.02 0.271 97.403 0.109 97.492 113.069 0.004 113.048 113.066 0.011 113.053
0.257 0.026 0.283 0.25 0.016 0.266 97.201 0.112 97.291 112.852 0.00199999999999995 112.825 112.855 0 112.828
0.263 0.019 0.282 0.236 0.023 0.259 97.188 0.104 97.271 112.878 0 112.85 112.78 0 112.754
0.262 0.024 0.286 0.242 0.024 0.266 98.131 0.104 98.215 113.429 0.001 113.404 113.261 0.002 113.241
0.261 0.022 0.283 0.236 0.022 0.257 97.024 0.088 97.093 112.607 0.045 112.638 111.319 0.042 111.337
0.255 0.028 0.283 0.257 0.00900000000000001 0.266 97.021 0.162 97.173 112.27 0.052 112.319 111.401 0.034 111.425
0.251 0.027 0.278 0.246 0.014 0.26 96.584 0.099 96.661 112.653 0 112.626 112.655 0 112.628
0.254 0.026 0.279 0.247 0.014 0.262 97.187 0.163 97.33 112.893 0.002 112.871 111.853 0.002 111.839
0.258 0.02 0.278 0.238 0.019 0.257 96.69 0.118 96.788 112.634 0.003 112.611 112.597 0.001 112.574
0.257 0.028 0.285 0.252 0.014 0.265 97.141 0.102 97.222 115.191 0.005 115.173 115.172 0.019 115.166
0.255 0.028 0.282 0.247 0.02 0.267 95.105 0.123 95.215 111.293 0.047 111.323 110.575 0.035 110.61
0.263 0.026 0.288 0.25 0.018 0.268 98.031 0.125 98.132 115.239 0.052 115.263 114.477 0.045 114.501
0.246 0.033 0.278 0.236 0.02 0.256 97.51 0.093 97.58 113.262 0.003 113.236 113.205 0 113.176
0.25 0.028 0.277 0.242 0.013 0.255 96.566 0.108 96.654 111.991 0.048 112.023 110.991 0.055 111.022
0.263 0.021 0.284 0.247 0.018 0.265 97.091 0.11 97.18 112.351 0.00900000000000001 112.343 111.204 0.026 111.209
0.256 0.025 0.282 0.241 0.015 0.255 96.539 0.118 96.637 112.211 0.044 112.231 112.55 0.043 112.569
0.261 0.025 0.285 0.244 0.021 0.265 96.974 0.091 97.043 111.565 0 111.548 111.448 0 111.431
0.257 0.019 0.276 0.242 0.017 0.259 96.445 0.176 96.6 112.386 0.158 112.52 112.683 0.144 112.802
0.266 0.022 0.288 0.247 0.017 0.265 96.178 0.116 96.281 111.972 0.002 111.95 111.519 0.001 111.511
0.263 0.021 0.284 0.246 0.018 0.264 95.412 0.107 95.508 111.027 0.00600000000000001 111.01 110.591 0.005 110.602
0.264 0.02 0.283 0.241 0.02 0.262 96.511 0.081 96.569 112.471 0.00600000000000001 112.451 112.508 0.02 112.503
0.27 0.014 0.284 0.255 0.00800000000000001 0.262 96.034 0.125 96.145 111.359 0.064 111.397 110.915 0.055 110.964
0.257 0.028 0.284 0.244 0.02 0.264 97.368 0.112 97.459 112.703 0 112.678 112.586 0.004 112.571
0.257 0.029 0.286 0.246 0.016 0.263 96.94 0.141 97.06 112.435 0 112.411 111.398 0 111.383
0.26 0.025 0.284 0.247 0.017 0.263 96.889 0.129 96.998 111.685 0.004 111.673 111.266 0 111.248
0.26 0.023 0.282 0.243 0.018 0.261 96.653 0.113 96.747 112.275 0.001 112.252 112.34 0.00700000000000001 112.323
0.259 0.024 0.284 0.253 0.00900000000000001 0.261 96.964 0.112 97.056 112.474 0.004 112.454 112.477 0.003 112.455
0.261 0.022 0.283 0.244 0.018 0.262 95.665 0.104 95.757 111.381 0.001 111.358 111.074 0 111.076
0.254 0.029 0.284 0.239 0.024 0.263 96.589 0.128 96.696 112.307 0.075 112.358 112.292 0.044 112.312
0.352 0.041 0.395 0.339 0.025 0.364 131.786 0.12 132.066 152.679 0.062 152.924 152.623 0.002 152.808
0.266 0.019 0.285 0.24 0.022 0.262 96.941 0.098 97.019 112.616 0 112.592 111.987 0 111.97
0.259 0.026 0.285 0.243 0.018 0.261 96.92 0.139 97.039 112.587 0.044 112.606 112.658 0.035 112.668
0.261 0.023 0.284 0.247 0.018 0.266 97.434 0.124 97.536 113.074 0.00499999999999995 113.054 113.09 0.023 113.086
0.255 0.03 0.285 0.24 0.022 0.262 96.508 0.134 96.621 112.516 0.003 112.494 112.525 0.003 112.502
0.263 0.021 0.284 0.246 0.017 0.263 96.667 0.105 96.752 112.799 0 112.774 112.774 0 112.749
0.256 0.028 0.284 0.243 0.02 0.262 96.887 0.092 96.959 112.526 0 112.502 112.528 0 112.504
0.264 0.023 0.285 0.257 0.00799999999999998 0.265 97.238 0.114 97.332 112.88 0.084 112.94 111.552 0.064 111.599
0.258 0.024 0.282 0.236 0.025 0.262 96.519 0.105 96.604 112.266 0.003 112.244 112.317 0 112.293
0.262 0.025 0.286 0.246 0.018 0.263 97.486 0.11 97.575 113.146 0 113.121 112.592 0 112.574
0.263 0.025 0.287 0.24 0.021 0.261 96.806 0.094 96.881 112.375 0.003 112.353 112.328 0.011 112.316
0.262 0.022 0.285 0.244 0.019 0.263 96.874 0.113 96.999 114.226 0.004 114.203 114.205 0 114.179
0.266 0.023 0.288 0.253 0.017 0.27 97.27 0.176 97.432 111.709 0.125 111.81 111.603 0.097 111.69
0.262 0.025 0.286 0.241 0.024 0.266 98.287 0.167 98.431 113.802 0.093 113.869 113.836 0.076 113.891
0.264 0.021 0.285 0.243 0.022 0.266 97.089 0.103 97.17 113.074 0 113.048 113.049 0 113.025
0.263 0.019 0.282 0.252 0.012 0.264 97.339 0.126 97.444 112.888 0.056 112.919 112.843 0.04 112.858
0.261 0.025 0.286 0.248 0.021 0.268 97.364 0.086 97.43 112.747 0.002 112.725 112.706 0 112.682
0.26 0.021 0.281 0.244 0.015 0.259 96.509 0.109 96.598 111.857 0.002 111.842 110.836 0 110.813
0.265 0.022 0.288 0.244 0.021 0.264 97.021 0.084 97.085 112.426 0.003 112.411 111.67 0 111.646
0.264 0.023 0.287 0.248 0.017 0.265 97.255 0.084 97.319 112.794 0 112.773 113.051 0 113.027
0.263 0.02 0.282 0.237 0.025 0.262 96.134 0.109 96.223 112.221 0.002 112.197 111.103 0.001 111.086
0.258 0.025 0.283 0.25 0.011 0.261 94.807 0.095 94.888 111.557 0.003 111.542 110.976 0 110.966
0.265 0.023 0.288 0.252 0.017 0.269 97.552 0.113 97.644 113.066 0.002 113.043 112.71 0.001 112.687
0.26 0.021 0.28 0.244 0.02 0.265 97.304 0.158 97.44 112.434 0.004 112.418 111.506 0.00800000000000001 111.488
0.258 0.024 0.282 0.242 0.022 0.264 96.625 0.107 96.712 112.817 0.002 112.795 112.632 0.002 112.61
0.264 0.022 0.286 0.247 0.019 0.266 97.467 0.157 97.602 112.653 0.003 112.63 112.615 0.01 112.6
0.266 0.018 0.285 0.248 0.015 0.263 96.674 0.111 96.765 112.359 0 112.334 112.339 0 112.314
0.254 0.03 0.284 0.243 0.019 0.262 96.7 0.124 96.805 112.389 0.001 112.367 111.959 0 111.946
0.26 0.025 0.285 0.245 0.02 0.265 97.156 0.12 97.257 113.245 0.002 113.225 112.83 0.002 112.813
0.266 0.017 0.282 0.244 0.017 0.262 96.734 0.131 96.844 112.533 0.14 112.65 112.509 0.128 112.613
0.257 0.027 0.282 0.245 0.017 0.262 96.715 0.106 96.8 112.713 0 112.687 112.779 0 112.753
0.264 0.019 0.283 0.249 0.014 0.263 96.609 0.094 96.684 112.503 0 112.48 112.486 0 112.464
0.259 0.025 0.282 0.239 0.022 0.261 96.145 0.109 96.243 111.506 0.00600000000000001 111.488 111.145 0.001 111.137
0.265 0.019 0.285 0.244 0.021 0.264 97.001 0.116 97.094 111.551 0.003 111.535 111.576 0 111.567
0.258 0.028 0.286 0.255 0.014 0.269 96.9 0.106 96.985 112.874 0.001 112.85 112.135 0.013 112.131
0.251 0.027 0.278 0.231 0.026 0.257 96.546 0.106 96.631 112.381 0.027 112.383 112.404 0.014 112.393
0.256 0.027 0.283 0.249 0.014 0.263 95.521 0.113 95.621 110.966 0.002 110.944 110.581 0 110.577
0.262 0.024 0.285 0.245 0.016 0.262 96.915 0.107 97.001 112.32 0 112.295 112.348 0 112.324
0.265 0.021 0.286 0.242 0.02 0.26 96.74 0.154 96.875 111.685 0.072 111.74 111.261 0.041 111.278
0.258 0.022 0.28 0.243 0.017 0.26 95.413 0.099 95.5 110.939 0.015 110.93 110.605 0.025 110.627
0.259 0.026 0.286 0.245 0.015 0.26 96.788 0.12 96.888 112.343 0 112.319 112.359 0 112.337
0.262 0.025 0.286 0.248 0.016 0.264 96.861 0.108 96.955 111.34 0.04 111.356 111.359 0.05 111.402
0.264 0.023 0.287 0.245 0.019 0.264 96.827 0.113 96.919 112.762 0 112.738 112.732 0.001 112.708
0.268 0.017 0.285 0.248 0.016 0.264 97.284 0.145 97.407 112.525 0 112.5 112.57 0 112.545
0.251 0.027 0.279 0.238 0.019 0.257 96.261 0.152 96.391 112.011 0.002 111.986 111.502 0 111.482
0.256 0.022 0.278 0.24 0.017 0.257 97.035 0.113 97.126 111.933 0.003 111.917 111.433 0.001 111.409
0.271 0.018 0.289 0.251 0.016 0.267 97.119 0.083 97.181 112.402 0.003 112.38 112.723 0.00700000000000001 112.707
0.258 0.026 0.283 0.25 0.016 0.267 97.468 0.137 97.584 113.059 0.019 113.053 112.195 0.012 112.189
0.254 0.028 0.283 0.235 0.025 0.259 97.204 0.108 97.292 113.077 0 113.052 113.073 0 113.048
0.259 0.026 0.284 0.245 0.017 0.262 96.892 0.095 96.964 112.409 0 112.384 112.616 0 112.588
0.253 0.025 0.278 0.249 0.015 0.263 96.776 0.12 96.874 112.276 0.001 112.252 112.344 0.004 112.322
0.258 0.028 0.285 0.25 0.015 0.265 97.023 0.116 97.119 112.711 0 112.687 112.52 0 112.497
0.254 0.031 0.285 0.236 0.022 0.258 95.85 0.144 95.983 111.405 0.05 111.429 111.036 0.052 111.088
0.391 0.051 0.442 0.378 0.025 0.403 139.233 0.214 139.849 159.698 0.102 160.287 159.633 0.0549999999999999 160.076
0.266 0.019 0.285 0.249 0.014 0.262 97.05 0.111 97.142 112.406 0.075 112.456 112.451 0.06 112.487
0.256 0.025 0.281 0.237 0.024 0.262 96.854 0.123 96.957 112.774 0.00399999999999995 112.754 112.491 0.005 112.48
0.254 0.024 0.278 0.236 0.019 0.255 96.606 0.094 96.68 112.175 0.1 112.256 110.985 0.148 111.117
0.26 0.028 0.393 0.251 0.016 0.266 97.007 0.166 97.154 112.845 0 112.821 112.795 0 112.771
0.274 0.016 0.394 0.251 0.014 0.266 96.989 0.085 97.055 112.569 0.001 112.548 112.56 0 112.539
0.26 0.024 0.284 0.239 0.024 0.263 97.984 0.099 98.062 113.213 0.00699999999999995 113.196 113.229 0.00600000000000001 113.21
0.257 0.028 0.285 0.252 0.011 0.263 97.066 0.09 97.132 112.478 0.002 112.453 111.748 0.003 111.732
0.268 0.017 0.284 0.244 0.018 0.262 96.883 0.122 96.984 112.457 0.00199999999999995 112.433 112.457 0.001 112.433
0.261 0.024 0.286 0.243 0.021 0.264 96.145 0.108 96.236 110.949 0.003 110.922 110.787 0.002 110.774
0.255 0.029 0.284 0.245 0.017 0.262 96.701 0.122 96.801 111.213 0.00700000000000001 111.205 111.063 0.004 111.05
0.262 0.025 0.286 0.246 0.02 0.265 97.104 0.172 97.256 112.391 0.1 112.475 111.38 0.0800000000000001 111.443
0.258 0.027 0.285 0.245 0.018 0.263 97.059 0.14 97.179 111.32 0.012 111.314 111.342 0.028 111.356
0.259 0.025 0.284 0.247 0.019 0.265 96.76 0.138 96.876 112.64 0.064 112.678 112.598 0.061 112.634
0.268 0.017 0.285 0.251 0.013 0.264 97.096 0.116 97.191 113.012 0.043 113.03 113.253 0.042 113.271
0.265 0.021 0.286 0.249 0.015 0.264 96.22 0.095 96.302 111.751 0.001 111.729 111.287 0.002 111.281
0.26 0.024 0.284 0.234 0.022 0.256 96.692 0.143 96.815 111.219 0.064 111.268 111.078 0.035 111.103
0.263 0.025 0.287 0.247 0.016 0.264 97.021 0.097 97.095 112.926 0.003 112.902 112.931 0.001 112.907
0.261 0.023 0.284 0.245 0.016 0.261 96.589 0.105 96.673 112.299 0.016 112.291 111.793 0.033 111.808
0.253 0.03 0.283 0.247 0.017 0.264 96.992 0.122 97.095 112.525 0.001 112.502 112.581 0 112.556
0.26 0.026 0.286 0.249 0.02 0.268 97.433 0.125 97.538 112.684 0.066 112.725 112.701 0.075 112.751
0.252 0.027 0.28 0.236 0.021 0.257 96.509 0.097 96.585 111.566 0.003 111.555 110.996 0 110.97
0.26 0.019 0.278 0.247 0.011 0.259 96.788 0.152 96.957 112.758 0.002 112.735 112.721 0 112.697
0.257 0.026 0.282 0.247 0.014 0.262 94.686 0.11 94.781 110.838 0.00399999999999995 110.827 110.254 0 110.247
0.266 0.02 0.286 0.253 0.015 0.268 96.85 0.114 96.943 112.439 0.001 112.416 112.41 0.001 112.387
0.26 0.021 0.281 0.239 0.019 0.258 96.78 0.086 96.845 112.132 0 112.117 111.577 0.001 111.554
0.261 0.023 0.284 0.247 0.018 0.265 96.511 0.09 96.582 112.221 0 112.198 112.203 0 112.179
0.259 0.024 0.284 0.243 0.019 0.261 96.628 0.115 96.721 112.288 0.00600000000000001 112.27 112.261 0.02 112.255
0.258 0.025 0.283 0.23 0.027 0.256 96.739 0.146 96.866 112.476 0.068 112.52 112.48 0.04 112.496
0.255 0.029 0.284 0.239 0.024 0.263 96.933 0.123 97.035 112.168 0.071 112.222 111.157 0.081 111.215
0.261 0.028 0.288 0.249 0.018 0.268 97.377 0.104 97.459 111.846 0.00599999999999995 111.837 111.55 0.022 111.546
0.262 0.024 0.285 0.244 0.02 0.263 97.034 0.111 97.125 112.971 0 112.947 112.149 0 112.134
0.256 0.022 0.277 0.24 0.015 0.255 97.072 0.09 97.141 113.191 0 113.166 113.011 0 112.986
0.263 0.019 0.282 0.241 0.02 0.262 97.192 0.147 97.316 112.538 0.093 112.605 112.547 0.088 112.61
0.259 0.028 0.288 0.245 0.021 0.265 96.805 0.11 96.895 112.246 0 112.22 112.228 0 112.203
0.25 0.034 0.284 0.251 0.013 0.264 96.933 0.098 97.011 112.315 0.00700000000000001 112.297 112.335 0.015 112.325
0.26 0.023 0.283 0.246 0.016 0.261 97.132 0.154 97.266 113.327 0.061 113.364 113.304 0.054 113.333
0.254 0.028 0.282 0.243 0.02 0.263 97.099 0.187 97.265 112.69 0.064 112.73 112.36 0.07 112.414
0.263 0.02 0.283 0.25 0.013 0.264 97.171 0.112 97.261 112.659 0.046 112.681 112.635 0.042 112.652
0.254 0.027 0.281 0.236 0.021 0.257 96.862 0.116 96.956 112.988 0.004 112.968 112.977 0.002 112.954
0.262 0.025 0.287 0.25 0.018 0.268 97.085 0.154 97.218 112.606 0.075 112.656 112.257 0.085 112.317
0.261 0.021 0.283 0.246 0.014 0.26 95.572 0.094 95.653 111.042 0.068 111.085 110.712 0.044 110.757
0.264 0.02 0.284 0.237 0.027 0.265 97.276 0.134 97.387 113.239 0.058 113.273 113.174 0.053 113.2
0.264 0.023 0.288 0.25 0.016 0.266 97.151 0.12 97.248 112.572 0.002 112.55 112.668 0.015 112.657
0.262 0.022 0.284 0.244 0.022 0.266 97.65 0.115 97.744 112.961 0 112.936 112.907 0 112.882
0.264 0.021 0.286 0.247 0.019 0.266 97.512 0.089 97.581 112.931 0.005 112.911 112.905 0 112.881
0.256 0.028 0.283 0.246 0.017 0.263 96.574 0.124 96.679 111.982 0.00700000000000001 111.972 111.003 0.004 110.985
0.266 0.018 0.285 0.252 0.013 0.265 97.433 0.097 97.508 112.093 0 112.076 111.4 0 111.376
0.264 0.019 0.284 0.247 0.017 0.264 97.071 0.116 97.167 112.352 0.001 112.335 111.424 0.017 111.418
0.258 0.026 0.284 0.24 0.021 0.261 96.525 0.111 96.615 112.655 0.071 112.702 111.601 0.073 111.656
0.265 0.021 0.286 0.252 0.013 0.265 97.063 0.133 97.175 113.121 0.069 113.165 112.446 0.042 112.47
0.262 0.021 0.284 0.241 0.016 0.256 96.707 0.106 96.793 112.523 0.001 112.499 112.469 0 112.445
0.258 0.028 0.286 0.255 0.00900000000000001 0.263 96.88 0.115 96.973 112.704 0.03 112.708 112.748 0.035 112.757
0.263 0.019 0.282 0.241 0.021 0.262 95.945 0.147 96.078 111.297 0.063 111.334 110.912 0.078 110.978
0.263 0.022 0.284 0.24 0.023 0.263 97.116 0.096 97.191 112.509 0.064 112.547 112.448 0.039 112.462
0.257 0.031 0.287 0.248 0.017 0.265 96.843 0.137 96.961 113.024 0.032 113.032 111.931 0.033 111.946
0.26 0.024 0.284 0.241 0.021 0.262 96.662 0.116 96.757 112.282 0.062 112.319 112.325 0.047 112.348
0.263 0.024 0.286 0.248 0.018 0.265 96.009 0.111 96.11 111.457 0 111.435 111.098 0 111.098
0.261 0.021 0.282 0.243 0.019 0.262 96.792 0.136 96.909 112.725 0.045 112.747 112.724 0.059 112.76
0.35 0.037 0.387 0.327 0.025 0.354 131.608 0.175 131.942 153.425 0.002 153.612 152.641 0 152.835
0.256 0.023 0.279 0.236 0.022 0.258 97.012 0.1 97.092 111.459 0.001 111.445 111.161 0 111.147
0.271 0.019 0.291 0.249 0.021 0.27 95.772 0.079 95.838 112.005 0 111.984 111.435 0.001 111.425
0.266 0.019 0.285 0.244 0.021 0.264 96.911 0.151 97.039 111.656 0.001 111.64 111.714 0 111.7
0.268 0.016 0.285 0.239 0.024 0.262 96.942 0.073 96.995 112.405 0.001 112.381 112.477 0 112.452
0.265 0.02 0.285 0.247 0.017 0.264 97.076 0.117 97.172 112.746 0.00499999999999995 112.726 112.688 0.02 112.683
0.262 0.022 0.284 0.249 0.014 0.263 96.912 0.121 97.013 111.989 0.027 111.998 111.257 0.032 111.266
0.26 0.027 0.286 0.244 0.019 0.264 96.529 0.11 96.618 112.183 0.001 112.161 112.177 0 112.153
0.259 0.024 0.283 0.244 0.019 0.263 96.955 0.079 97.013 111.814 0 111.797 111.26 0 111.237
0.261 0.022 0.283 0.242 0.019 0.261 96.521 0.111 96.612 112.289 0.004 112.269 112.252 0.002 112.23
0.261 0.024 0.284 0.247 0.014 0.261 96.489 0.098 96.569 112.08 0 112.055 112.075 0 112.052
0.261 0.024 0.286 0.242 0.023 0.265 96.993 0.153 97.126 111.937 0 111.922 111.338 0 111.314
0.258 0.026 0.284 0.244 0.019 0.263 97.46 0.129 97.568 112.62 0.001 112.601 112.132 0.001 112.11
0.262 0.02 0.282 0.24 0.019 0.259 96.185 0.147 96.308 111.925 0 111.899 111.49 0 111.469
0.264 0.022 0.287 0.24 0.026 0.266 96.936 0.1 97.015 112.598 0 112.574 112.924 0 112.9
0.26 0.025 0.284 0.251 0.017 0.268 97.709 0.126 97.814 113.221 0 113.196 112.28 0 112.262
0.266 0.019 0.285 0.252 0.014 0.266 97.291 0.159 97.43 112.563 0.019 112.558 112.582 0.029 112.586
0.256 0.027 0.283 0.244 0.02 0.264 97.183 0.102 97.262 112.747 0.002 112.721 113.163 0.014 113.15
0.265 0.015 0.28 0.244 0.013 0.257 97.228 0.102 97.308 112.537 0 112.51 112.516 0 112.489
0.264 0.021 0.285 0.251 0.012 0.263 97.127 0.121 97.229 112.979 0.027 112.981 111.616 0.043 111.641
0.26 0.022 0.282 0.244 0.017 0.26 96.722 0.098 96.801 112.701 0 112.676 112.667 0.00700000000000001 112.65
0.262 0.024 0.286 0.248 0.014 0.262 96.749 0.086 96.814 112.528 0.002 112.506 112.609 0 112.584
0.259 0.023 0.282 0.248 0.013 0.26 96.324 0.093 96.397 111.988 0.001 111.967 112.002 0 111.977
0.257 0.024 0.28 0.246 0.017 0.263 96.962 0.138 97.081 112.577 0.071 112.627 112.557 0.051 112.587
0.265 0.024 0.289 0.253 0.016 0.269 97.267 0.115 97.363 112.699 0 112.679 112.645 0 112.623
0.26 0.023 0.283 0.247 0.014 0.261 96.203 0.215 96.458 112.017 0.159 112.23 112.015 0.161 112.234
0.266 0.018 0.283 0.239 0.019 0.258 96.535 0.106 96.621 112.359 0.004 112.338 112.343 0.004 112.323
0.258 0.026 0.284 0.247 0.015 0.262 96.756 0.1 96.842 111.301 0.03 111.31 111.094 0.032 111.108
0.263 0.021 0.284 0.243 0.019 0.262 96.715 0.087 96.781 112.45 0.00600000000000001 112.431 112.409 0.011 112.396
0.268 0.019 0.286 0.243 0.02 0.264 97.033 0.097 97.106 112.571 0 112.543 111.7 0 111.682
0.253 0.033 0.285 0.242 0.018 0.26 97.354 0.084 97.414 112.509 0.001 112.482 112.399 0 112.371
0.259 0.028 0.287 0.25 0.016 0.266 98.323 0.092 98.394 115.244 0.004 115.23 114.979 0.001 114.964
0.258 0.027 0.285 0.242 0.022 0.265 97.818 0.12 97.917 113.254 0.002 113.238 111.752 0.001 111.731
0.263 0.023 0.285 0.246 0.02 0.266 97.372 0.09 97.442 111.212 0.00600000000000001 111.201 111.076 0.002 111.061
0.259 0.024 0.284 0.254 0.011 0.265 96.766 0.106 96.85 112.555 0.002 112.531 112.546 0 112.519
0.268 0.018 0.286 0.252 0.015 0.267 97.393 0.116 97.488 111.374 0 111.356 111.202 0 111.184
0.253 0.03 0.283 0.243 0.015 0.257 95.717 0.077 95.779 111.186 0 111.165 110.805 0 110.801
0.267 0.018 0.285 0.251 0.013 0.264 95.237 0.12 95.345 111.576 0.002 111.56 111.048 0.001 111.046
0.259 0.025 0.284 0.248 0.018 0.266 96.782 0.125 96.885 111.755 0.061 111.799 111.161 0.051 111.187
0.263 0.022 0.285 0.242 0.021 0.263 97.587 0.108 97.673 113.255 0 113.231 113.206 0 113.181
0.255 0.031 0.286 0.249 0.017 0.266 96.707 0.146 96.833 111.593 0.001 111.578 111.108 0 111.083
0.269 0.017 0.285 0.246 0.018 0.264 97.062 0.105 97.146 112.654 0 112.63 112.584 0 112.559
0.266 0.017 0.283 0.246 0.016 0.262 96.939 0.084 97.003 112.544 0.001 112.521 112.512 0 112.488
0.267 0.017 0.283 0.244 0.02 0.263 96.622 0.127 96.73 112.266 0.003 112.245 112.212 0 112.189
0.256 0.022 0.279 0.247 0.014 0.261 96.761 0.099 96.839 112.52 0.002 112.499 112.498 0.014 112.487
0.254 0.027 0.281 0.239 0.02 0.259 96.204 0.176 96.367 111.293 0.116 111.385 110.938 0.114 111.053
0.259 0.021 0.28 0.237 0.019 0.256 96.45 0.179 96.61 112.321 0.134 112.432 112.245 0.14 112.369
0.26 0.023 0.282 0.245 0.017 0.263 96.678 0.1 96.756 112.287 0 112.26 112.253 0 112.227
0.261 0.022 0.283 0.238 0.023 0.261 96.573 0.121 96.673 112.383 0.00600000000000001 112.365 111.897 0.01 111.89
0.243 0.034 0.277 0.238 0.021 0.259 96.608 0.109 96.697 112.255 0.002 112.24 111.157 0.004 111.137
0.26 0.026 0.286 0.252 0.013 0.265 97.275 0.142 97.396 111.937 0.01 111.928 111.589 0.026 111.591
0.257 0.026 0.283 0.251 0.014 0.265 97.368 0.105 97.449 112.725 0.095 112.792 113.057 0.092 113.123
0.27 0.012 0.282 0.236 0.021 0.256 96.644 0.146 96.77 111.876 0 111.86 111.225 0 111.201
0.267 0.023 0.29 0.239 0.026 0.266 96.859 0.099 96.936 112.72 0 112.696 112.656 0 112.631
0.257 0.026 0.283 0.244 0.017 0.262 96.672 0.158 96.848 112.334 0.03 112.384 112.331 0.026 112.367
0.254 0.031 0.285 0.246 0.018 0.264 97.009 0.095 97.082 112.392 0.001 112.367 112.375 0 112.35
0.268 0.016 0.283 0.25 0.013 0.264 96.539 0.124 96.641 112.729 0.005 112.709 112.715 0 112.691
0.254 0.026 0.28 0.236 0.022 0.258 96.733 0.118 96.83 112.66 0.046 112.682 112.091 0.054 112.127
0.355 0.033 0.391 0.327 0.028 0.356 130.997 0.25 131.618 151.087 0.133 151.601 150.292 0.115 150.801
0.26 0.017 0.277 0.24 0.018 0.257 97.229 0.148 97.356 112.806 0.044 112.826 112.885 0.036 112.895
0.259 0.028 0.286 0.246 0.019 0.264 97.107 0.118 97.205 112.641 0 112.616 112.62 0 112.594
0.265 0.019 0.284 0.246 0.02 0.265 97.131 0.118 97.229 112.519 0.068 112.562 112.626 0.042 112.643
0.264 0.023 0.286 0.257 0.011 0.269 97.783 0.122 97.884 113.3 0.003 113.277 113.267 0 113.243
0.268 0.018 0.285 0.247 0.018 0.265 97.133 0.101 97.214 113.169 0.056 113.199 112.823 0.049 112.848
0.255 0.029 0.283 0.25 0.015 0.265 96.396 0.106 96.48 112.011 0 111.986 111.98 0 111.955
0.262 0.022 0.285 0.249 0.016 0.264 97.19 0.099 97.268 112.745 0.003 112.722 112.764 0 112.738
0.255 0.029 0.284 0.243 0.02 0.264 97.32 0.11 97.408 112.785 0.005 112.765 112.761 0 112.734
0.274 0.016 0.29 0.249 0.022 0.271 98.663 0.126 98.767 119.274 0.045 119.294 118.102 0.047 118.13
0.262 0.023 0.285 0.251 0.016 0.265 97.119 0.094 97.194 113.04 0.003 113.019 112.991 0.002 112.969
0.262 0.021 0.282 0.241 0.022 0.263 96.923 0.113 97.016 112.27 0 112.245 112.245 0 112.22
0.267 0.02 0.287 0.258 0.00900000000000001 0.266 97.117 0.163 97.258 112.932 0.001 112.907 112.864 0.001 112.839
0.259 0.025 0.285 0.251 0.016 0.266 96.951 0.139 97.069 112.688 0.001 112.664 112.738 0 112.711
0.264 0.02 0.284 0.25 0.015 0.265 97.891 0.149 98.018 113.438 0.001 113.413 113.37 0 113.344
0.25 0.035 0.285 0.243 0.019 0.262 96.646 0.117 96.743 112.753 0.00600000000000001 112.736 111.743 0 111.724
0.262 0.022 0.284 0.245 0.018 0.262 96.857 0.118 96.954 112.369 0.058 112.402 112.364 0.047 112.386
0.267 0.022 0.29 0.246 0.018 0.264 96.705 0.115 96.799 112.49 0.002 112.468 112.442 0 112.417
0.263 0.022 0.284 0.239 0.022 0.262 96.647 0.093 96.72 112.423 0.002 112.403 112.48 0.004 112.462
0.253 0.031 0.284 0.238 0.026 0.263 96.649 0.138 96.769 112.236 0 112.212 112.206 0 112.185
0.256 0.028 0.284 0.249 0.014 0.263 97.09 0.092 97.162 112.438 0.001 112.416 112.499 0 112.475
0.266 0.021 0.287 0.245 0.021 0.266 97.64 0.17 97.793 111.388 0 111.362 111.515 0 111.508
0.264 0.019 0.283 0.249 0.019 0.268 96.397 0.105 96.488 112.563 0 112.543 111.96 0 111.954
0.256 0.021 0.276 0.248 0.014 0.262 96.46 0.117 96.555 112.227 0.017 112.22 111.62 0.031 111.636
0.263 0.023 0.286 0.247 0.018 0.265 96.635 0.137 96.751 112.344 0 112.32 112.343 0 112.319
0.261 0.024 0.285 0.24 0.023 0.263 97.016 0.179 97.174 112.597 0.064 112.636 112.62 0.061 112.657
0.261 0.021 0.282 0.245 0.018 0.263 96.708 0.116 96.803 112.182 0 112.158 112.159 0 112.135
0.268 0.025 0.293 0.257 0.014 0.272 98.207 0.113 98.299 118.925 0.001 118.901 118.937 0 118.911
0.259 0.024 0.283 0.245 0.017 0.262 97.001 0.082 97.061 111.854 0 111.835 111.404 0 111.384
0.263 0.02 0.283 0.243 0.02 0.262 96.712 0.117 96.81 112.283 0.076 112.335 112.268 0.052 112.295
0.267 0.018 0.284 0.246 0.018 0.265 96.528 0.098 96.606 112.426 0.004 112.407 112.546 0.001 112.524
0.25 0.029 0.279 0.238 0.018 0.256 96.245 0.09 96.311 112.093 0.00800000000000001 112.075 111.581 0 111.56
0.257 0.023 0.28 0.238 0.022 0.26 96.652 0.103 96.734 111.56 0.003 111.546 111.122 0 111.096
0.261 0.027 0.288 0.247 0.022 0.269 96.902 0.138 97.019 112.238 0 112.214 112.492 0 112.468
0.263 0.021 0.284 0.254 0.012 0.266 97.577 0.106 97.662 112.977 0.005 112.957 112.081 0.021 112.084
0.255 0.029 0.284 0.243 0.022 0.265 97.461 0.11 97.551 112.637 0.001 112.613 112.694 0.012 112.682
0.26 0.023 0.283 0.23 0.028 0.258 97.376 0.112 97.466 112.607 0.004 112.584 112.581 0.000999999999999945 112.556
0.261 0.023 0.284 0.251 0.016 0.267 97.361 0.104 97.443 112.571 0 112.543 112.917 0.023 112.912
0.259 0.029 0.287 0.244 0.023 0.267 97.072 0.113 97.165 112.843 0.025 112.844 111.594 0.028 111.604
0.265 0.018 0.283 0.252 0.011 0.263 96.715 0.132 96.827 112.558 0 112.533 112.569 0 112.544
0.254 0.03 0.285 0.244 0.02 0.264 97.719 0.117 97.815 113.563 0.00800000000000001 113.552 112.752 0.00900000000000001 112.737
0.262 0.021 0.283 0.246 0.02 0.266 96.856 0.12 96.958 111.46 0 111.441 111.284 0 111.269
0.26 0.017 0.277 0.236 0.019 0.255 96.761 0.1 96.841 112.56 0.073 112.608 112.544 0.061 112.581
0.265 0.019 0.284 0.244 0.019 0.263 96.807 0.109 96.895 112.461 0.003 112.44 112.521 0.019 112.516
0.363 0.032 0.394 0.333 0.028 0.363 131.922 0.186 132.267 152.261 0.01 152.462 150.871 0.00700000000000001 151.078
0.26 0.024 0.284 0.252 0.014 0.265 97.473 0.085 97.538 112.88 0 112.856 112.221 0 112.202
0.263 0.02 0.283 0.241 0.021 0.262 96.931 0.163 97.073 111.635 0.118 111.737 111.18 0.116 111.273
0.257 0.023 0.279 0.239 0.018 0.256 96.555 0.109 96.644 112.412 0.048 112.437 112.397 0.036 112.413
0.258 0.021 0.279 0.244 0.016 0.26 96.79 0.114 96.884 112.414 0.046 112.438 112.399 0.039 112.415
0.255 0.027 0.282 0.246 0.016 0.261 96.254 0.087 96.322 112.051 0.002 112.029 112.031 0 112.009
0.261 0.018 0.28 0.238 0.024 0.261 96.644 0.075 96.7 112.497 0.004 112.477 112.559 0 112.534
0.264 0.023 0.287 0.254 0.012 0.266 97.322 0.102 97.4 113.056 0 113.027 112.243 0 112.225
0.258 0.03 0.288 0.245 0.023 0.268 97.916 0.112 98.008 113.401 0.043 113.421 113.409 0.048 113.433
0.261 0.022 0.283 0.248 0.014 0.262 96.619 0.101 96.696 112.418 0.017 112.406 112.411 0.023 112.406
0.253 0.031 0.283 0.247 0.016 0.263 95.908 0.113 96.009 111.161 0.001 111.137 110.862 0.004 110.868
0.264 0.022 0.285 0.246 0.018 0.264 96.201 0.159 96.348 111.176 0.125 111.276 110.903 0.126 111.03
0.26 0.024 0.284 0.246 0.017 0.262 96.552 0.124 96.663 112.095 0.069 112.14 111.5 0.046 111.536
0.26 0.024 0.284 0.25 0.014 0.263 96.669 0.115 96.763 112.312 0.068 112.354 112.324 0.053 112.351
0.264 0.019 0.283 0.237 0.024 0.261 95.574 0.1 95.657 111.124 0.005 111.106 110.697 0.005 110.694
0.256 0.028 0.283 0.242 0.021 0.264 96.959 0.083 97.021 112.834 0 112.809 112.851 0 112.827
0.255 0.024 0.279 0.242 0.016 0.257 95.45 0.165 95.603 111.315 0.226 111.526 110.698 0.182 110.878
0.261 0.023 0.283 0.241 0.023 0.265 97.242 0.096 97.318 112.781 0.002 112.758 112.745 0 112.721
0.268 0.018 0.285 0.258 0.00800000000000001 0.266 97.009 0.135 97.124 112.555 0.003 112.534 112.545 0 112.521
0.259 0.025 0.285 0.252 0.011 0.262 96.442 0.093 96.515 111.681 0.00199999999999995 111.668 111.019 0 110.993
0.261 0.024 0.285 0.249 0.016 0.264 97.07 0.112 97.163 112.541 0.001 112.518 112.673 0 112.647
0.264 0.021 0.285 0.25 0.017 0.267 96.65 0.119 96.748 112.563 0 112.538 112.538 0 112.514
0.258 0.028 0.286 0.249 0.015 0.265 96.59 0.141 96.711 112.199 0 112.175 112.147 0 112.123
0.255 0.027 0.283 0.24 0.024 0.263 96.572 0.121 96.674 112.25 0 112.225 112.501 0.000999999999999945 112.478
0.267 0.022 0.29 0.245 0.022 0.267 95.626 0.095 95.709 111.243 0.004 111.222 110.904 0.001 110.904
0.266 0.019 0.284 0.246 0.018 0.263 94.982 0.097 95.068 111.028 0 111.013 110.434 0 110.43
0.252 0.026 0.277 0.244 0.014 0.258 96.833 0.09 96.901 112.441 0 112.414 112.456 0 112.431
0.26 0.023 0.283 0.237 0.022 0.259 96.566 0.106 96.652 111.494 0.003 111.48 110.944 0 110.919
0.27 0.02 0.291 0.246 0.022 0.268 96.861 0.142 96.981 112.918 0.005 112.898 111.66 0 111.644
0.257 0.027 0.284 0.243 0.018 0.261 97.216 0.108 97.301 112.698 0.001 112.674 112.636 0 112.612
0.262 0.021 0.283 0.246 0.016 0.262 96.78 0.103 96.862 112.43 0.005 112.409 112.435 0 112.411
