0.257 0.024 0.281 0.242 0.016 0.258 99.249 0.136 99.359 114.464 0.001 114.443 113.59 0 113.564
0.255 0.027 0.283 0.245 0.015 0.26 98.687 0.132 98.797 114.318 0.002 114.294 114.238 0 114.212
0.262 0.024 0.285 0.247 0.018 0.265 99.461 0.115 99.56 113.969 0 113.947 113.986 0.001 113.974
0.265 0.021 0.285 0.251 0.013 0.264 99.537 0.123 99.64 113.991 0.003 113.974 113.875 0.00599999999999995 113.861
0.258 0.022 0.28 0.246 0.017 0.263 99.422 0.104 99.505 114.972 0.003 114.949 115.037 0.001 115.012
0.265 0.021 0.286 0.243 0.021 0.264 99.049 0.129 99.156 113.379 0.001 113.363 113.075 0 113.059
0.253 0.026 0.279 0.239 0.018 0.257 98.183 0.097 98.269 113.478 0 113.453 113.043 0 113.044
0.261 0.023 0.284 0.244 0.017 0.26 98.163 0.116 98.265 113.624 0.002 113.601 113.165 0 113.161
0.252 0.029 0.281 0.244 0.017 0.261 98.141 0.124 98.251 113.242 0 113.218 112.824 0 112.83
0.256 0.029 0.285 0.25 0.012 0.263 99.144 0.139 99.261 115.242 0 115.219 115.247 0 115.221
0.265 0.02 0.283 0.24 0.02 0.261 99.462 0.192 99.633 115.018 0.065 115.057 114.978 0.063 115.017
0.262 0.023 0.285 0.248 0.014 0.261 99.674 0.145 99.798 115.325 0.046 115.347 115.303 0.057 115.334
0.263 0.024 0.287 0.243 0.021 0.264 99.03 0.152 99.161 114.647 0.001 114.623 114.573 0 114.549
0.269 0.02 0.29 0.256 0.013 0.269 99.546 0.144 99.668 115.117 0 115.094 115.061 0 115.035
0.265 0.018 0.284 0.249 0.014 0.261 99.031 0.093 99.105 114.601 0.055 114.63 114.587 0.07 114.633
0.267 0.018 0.285 0.241 0.022 0.263 99.326 0.194 99.499 115.024 0.000999999999999945 115 114.996 0 114.969
0.264 0.022 0.286 0.245 0.018 0.263 99.106 0.142 99.227 115.335 0.049 115.36 115.41 0.039 115.424
0.259 0.025 0.284 0.238 0.024 0.262 99.028 0.137 99.141 114.733 0.102 114.806 114.497 0.019 114.494
0.262 0.025 0.286 0.245 0.019 0.264 99.522 0.097 99.599 115.514 0.001 115.489 115.426 0 115.4
0.256 0.022 0.279 0.243 0.013 0.256 99 0.139 99.118 114.623 0.001 114.599 114.527 0.002 114.507
0.261 0.023 0.283 0.242 0.019 0.262 99.121 0.111 99.21 114.863 0.004 114.843 114.885 0 114.862
0.264 0.019 0.283 0.236 0.02 0.256 99.428 0.154 99.56 115.761 0.00700000000000001 115.744 114.958 0.03 114.97
0.258 0.025 0.283 0.24 0.019 0.259 99.095 0.104 99.177 114.806 0.004 114.784 113.891 0 113.873
0.253 0.03 0.283 0.251 0.011 0.263 99.938 0.104 100.019 115.586 0.002 115.561 115.682 0.002 115.656
0.256 0.023 0.278 0.245 0.016 0.261 98.18 0.105 98.272 113.534 0 113.509 113.091 0 113.093
0.259 0.023 0.282 0.244 0.02 0.264 99.744 0.134 99.855 115.112 0.001 115.087 115.115 0 115.089
0.258 0.027 0.286 0.25 0.012 0.262 100.36 0.096 100.433 116.032 0.027 116.032 115.978 0.022 115.974
0.256 0.024 0.28 0.245 0.017 0.262 99.782 0.147 99.907 115.284 0.062 115.321 115.388 0.055 115.418
0.265 0.023 0.287 0.251 0.015 0.266 99.723 0.152 99.853 115.007 0.052 115.041 114.072 0.042 114.091
0.259 0.026 0.285 0.244 0.02 0.262 99.118 0.14 99.238 114.648 0 114.63 113.507 0 113.483
0.266 0.021 0.287 0.251 0.017 0.267 100.384 0.104 100.466 115.784 0 115.764 114.579 0 114.553
0.253 0.033 0.286 0.248 0.017 0.265 99.66 0.125 99.761 115.171 0.00199999999999995 115.149 115.233 0 115.207
0.267 0.019 0.286 0.249 0.014 0.263 97.662 0.123 97.771 113.718 0 113.7 112.983 0.001 112.984
0.261 0.024 0.285 0.237 0.026 0.262 99.258 0.115 99.353 114.787 0.002 114.764 114.733 0 114.707
0.26 0.024 0.285 0.248 0.015 0.262 98.238 0.144 98.37 113.614 0.001 113.59 113.226 0.01 113.236
0.26 0.024 0.284 0.253 0.012 0.265 99.721 0.102 99.801 115.243 0 115.219 115.192 0 115.166
0.264 0.024 0.287 0.251 0.016 0.267 99.89 0.137 100.005 115.473 0 115.449 115.479 0 115.453
0.263 0.027 0.291 0.25 0.016 0.266 100.069 0.121 100.168 115.264 0.001 115.24 114.926 0 114.907
0.263 0.02 0.284 0.247 0.011 0.257 99.15 0.102 99.23 114.735 0.001 114.709 114.683 0.001 114.658
0.261 0.024 0.285 0.243 0.02 0.263 99.236 0.099 99.313 114.697 0 114.67 114.648 0 114.623
0.261 0.022 0.283 0.24 0.023 0.264 99.813 0.117 99.908 115.333 0.001 115.31 114.765 0 114.745
0.255 0.03 0.285 0.247 0.016 0.263 99.906 0.253 100.138 115.266 0.139 115.38 115.232 0.37 115.578
0.258 0.026 0.285 0.247 0.015 0.262 99.367 0.112 99.456 114.532 0.001 114.517 113.596 0 113.572
0.252 0.027 0.278 0.241 0.016 0.257 99.64 0.141 99.757 114.761 0.084 114.819 114.265 0.059 114.301
0.255 0.031 0.286 0.252 0.012 0.264 99.101 0.144 99.225 114.679 0 114.655 114.607 0.002 114.586
0.255 0.028 0.283 0.241 0.02 0.261 99.186 0.121 99.287 114.8 0 114.776 114.738 0 114.715
0.255 0.032 0.287 0.251 0.016 0.267 99.279 0.157 99.413 114.888 0.012 114.876 114.854 0.004 114.834
0.254 0.031 0.285 0.246 0.016 0.262 99.108 0.115 99.202 114.785 0.001 114.762 114.884 0 114.861
0.259 0.025 0.283 0.241 0.02 0.261 99.112 0.103 99.195 114.841 0.004 114.823 114.77 0 114.748
0.264 0.022 0.285 0.247 0.017 0.264 99.019 0.129 99.127 114.186 0.06 114.227 113.841 0.00900000000000001 113.829
0.262 0.023 0.283 0.243 0.017 0.261 99.126 0.096 99.202 114.736 0.003 114.715 114.701 0 114.678
0.253 0.025 0.278 0.24 0.02 0.26 99.27 0.159 99.406 114.764 0.002 114.739 114.739 0 114.714
0.267 0.017 0.284 0.247 0.015 0.261 99.96 0.129 100.066 114.627 0.027 114.635 114.106 0.028 114.106
0.253 0.027 0.281 0.244 0.013 0.256 98.951 0.175 99.105 114.81 0.05 114.84 113.583 0.074 113.633
0.26 0.025 0.285 0.244 0.019 0.263 99.896 0.089 99.963 114.181 0 114.163 113.909 0 113.893
0.262 0.025 0.286 0.247 0.018 0.265 99.406 0.176 99.559 114.903 0 114.886 114.3 0 114.275
0.257 0.026 0.284 0.244 0.019 0.263 99.325 0.139 99.441 115.205 0.07 115.25 114.285 0.088 114.355
0.263 0.02 0.283 0.246 0.017 0.263 99.807 0.09 99.874 114.999 0.003 114.985 114.638 0 114.626
0.263 0.021 0.284 0.252 0.012 0.264 100.348 0.108 100.434 115.749 0 115.724 116.011 0 115.985
0.248 0.029 0.278 0.239 0.016 0.255 99.083 0.128 99.188 114.855 0.004 114.834 114.764 0 114.741
0.252 0.032 0.284 0.245 0.018 0.261 99.435 0.139 99.562 114.032 0.004 114.012 113.719 0.021 113.734
0.258 0.027 0.285 0.244 0.017 0.261 99.425 0.165 99.567 114.94 0.004 114.927 114.032 0.001 114.007
0.25 0.029 0.279 0.238 0.021 0.259 99.179 0.117 99.275 114.688 0.001 114.664 114.63 0 114.606
0.259 0.021 0.28 0.244 0.013 0.257 99.054 0.141 99.174 114.815 0 114.79 114.85 0 114.826
0.266 0.019 0.286 0.24 0.024 0.264 99.292 0.108 99.377 114.638 0 114.616 113.648 0 113.623
0.268 0.016 0.284 0.255 0.011 0.267 99.051 0.177 99.204 114.883 0 114.856 114.851 0.005 114.83
0.266 0.019 0.285 0.248 0.015 0.263 99.888 0.135 100.001 115.042 0.003 115.02 114.999 0.001 114.975
0.251 0.033 0.285 0.254 0.00899999999999998 0.262 99.275 0.115 99.369 114.881 0.003 114.859 114.836 0 114.811
0.264 0.021 0.284 0.245 0.017 0.262 99.222 0.109 99.309 114.977 0 114.953 115.001 0 114.976
0.261 0.02 0.281 0.247 0.014 0.261 99.08 0.155 99.213 115.003 0.002 114.98 114.994 0 114.97
0.259 0.023 0.282 0.243 0.019 0.262 98.935 0.117 99.032 114.713 0.001 114.689 113.737 0 113.722
0.261 0.024 0.284 0.24 0.017 0.257 98.921 0.125 99.024 114.887 0 114.86 115.132 0 115.108
0.26 0.025 0.284 0.243 0.018 0.261 99.618 0.091 99.688 115.284 0 115.259 115.283 0 115.257
0.266 0.023 0.289 0.247 0.019 0.266 99.227 0.127 99.336 114.783 0 114.758 114.697 0.001 114.674
0.259 0.026 0.285 0.25 0.014 0.263 99.334 0.095 99.407 114.875 0.001 114.852 114.744 0 114.72
0.257 0.025 0.282 0.248 0.014 0.263 99.656 0.097 99.731 115.052 0.003 115.031 115.026 0.001 115.002
0.268 0.019 0.287 0.246 0.019 0.265 99.052 0.145 99.175 114.704 0.00999999999999995 114.689 113.774 0.002 113.758
0.258 0.023 0.28 0.242 0.014 0.256 99.807 0.079 99.865 115.054 0 115.03 114.993 0 114.968
0.262 0.026 0.288 0.245 0.02 0.265 99.015 0.179 99.173 114.549 0 114.524 114.647 0 114.623
0.261 0.027 0.287 0.239 0.026 0.265 99.363 0.103 99.444 114.934 0.003 114.912 115.013 0.00900000000000001 114.996
0.267 0.019 0.286 0.248 0.015 0.263 99.179 0.106 99.263 114.957 0.003 114.934 115.014 0.029 115.019
0.269 0.017 0.288 0.241 0.018 0.258 99.608 0.101 99.689 113.987 0 113.969 113.514 0 113.494
0.267 0.017 0.284 0.249 0.014 0.262 99.224 0.148 99.352 114.8 0.003 114.783 113.463 0.001 113.441
0.252 0.029 0.281 0.25 0.012 0.262 97.966 0.152 98.105 113.984 0.077 114.036 113.551 0.059 113.618
0.267 0.02 0.286 0.247 0.018 0.265 99.502 0.146 99.627 115.192 0 115.166 115.266 0 115.24
0.269 0.019 0.287 0.243 0.021 0.265 99.65 0.123 99.752 115.447 0 115.428 114.452 0 114.428
0.261 0.021 0.282 0.244 0.019 0.264 99.891 0.122 99.99 115.62 0.002 115.596 115.599 0 115.573
0.257 0.027 0.284 0.246 0.018 0.263 99.512 0.129 99.619 115.162 0.00199999999999995 115.138 115.13 0.003 115.107
0.263 0.023 0.285 0.248 0.013 0.261 99.227 0.117 99.327 113.538 0 113.514 113.436 0 113.422
0.259 0.029 0.288 0.253 0.012 0.265 99.708 0.121 99.808 115.541 0.002 115.52 115.216 0.00399999999999995 115.204
0.259 0.025 0.284 0.244 0.022 0.266 99.682 0.12 99.779 114.772 0.036 114.787 114.051 0.038 114.064
0.265 0.02 0.285 0.249 0.016 0.265 99.715 0.091 99.783 115.515 0 115.489 115.497 0.002 115.477
0.261 0.019 0.28 0.24 0.017 0.257 99.515 0.115 99.606 114.383 0.002 114.364 113.702 0 113.676
0.254 0.03 0.284 0.24 0.019 0.259 99.25 0.24 99.469 114.785 0.101 114.86 114.821 0.186 114.983
0.257 0.023 0.28 0.246 0.017 0.262 99.384 0.117 99.48 114.365 0.004 114.352 113.702 0 113.677
0.269 0.019 0.288 0.255 0.011 0.266 99.156 0.116 99.25 114.697 0 114.672 114.747 0 114.722
0.261 0.025 0.286 0.248 0.017 0.265 99.626 0.194 99.813 115.159 0.028 115.162 115.058 0.01 115.043
0.264 0.021 0.286 0.248 0.017 0.263 99.959 0.118 100.057 115.378 0.001 115.354 115.339 0 115.314
0.259 0.024 0.283 0.241 0.015 0.256 99.139 0.133 99.249 114.83 0.015 114.819 114.741 0.017 114.733
0.257 0.03 0.288 0.249 0.016 0.264 99.453 0.158 99.589 115.192 0.005 115.171 115.109 0.001 115.084
0.25 0.028 0.278 0.239 0.017 0.256 99.742 0.191 99.912 115.081 0.033 115.089 114.017 0.051 114.048
0.268 0.02 0.288 0.252 0.013 0.264 99.621 0.131 99.732 115.343 0.069 115.388 115.359 0.056 115.389
0.269 0.019 0.288 0.245 0.022 0.267 99.932 0.168 100.075 115.326 0.051 115.349 114.345 0.062 114.389
0.257 0.028 0.286 0.249 0.016 0.264 100.016 0.135 100.126 115.357 0.002 115.33 115.281 0 115.252
0.25 0.03 0.28 0.239 0.019 0.258 98.874 0.12 98.969 114.679 0.004 114.654 114.92 0.003 114.896
0.256 0.03 0.285 0.247 0.016 0.263 100.03 0.098 100.106 115.596 0.00700000000000001 115.579 115.697 0 115.671
0.26 0.022 0.281 0.236 0.021 0.257 99.753 0.11 99.843 114.91 0.003 114.889 114.847 0 114.824
0.265 0.019 0.284 0.251 0.016 0.267 99.054 0.104 99.143 113.706 0.002 113.683 113.656 0.019 113.664
0.253 0.029 0.282 0.24 0.022 0.262 98.994 0.142 99.116 114.687 0.003 114.666 114.599 0.002 114.578
0.263 0.022 0.285 0.245 0.018 0.263 99.702 0.181 99.862 114.924 0.005 114.906 114.842 0.002 114.82
0.261 0.028 0.288 0.248 0.02 0.268 99.341 0.088 99.41 115.049 0.001 115.026 115.077 0 115.054
0.254 0.03 0.309 0.246 0.015 0.261 99.1 0.137 99.215 113.975 0.076 114.033 113.597 0.045 113.623
0.26 0.027 0.287 0.248 0.015 0.264 99.208 0.124 99.312 113.641 0.001 113.614 113.461 0 113.448
0.262 0.023 0.285 0.247 0.016 0.264 99.64 0.131 99.75 114.91 0 114.885 114.83 0.003 114.817
0.251 0.031 0.283 0.245 0.016 0.261 99.014 0.166 99.157 115.051 0.07 115.096 115.172 0.055 115.201
0.256 0.025 0.28 0.241 0.016 0.257 99.336 0.127 99.441 114.954 0.104 115.035 114.889 0.106 114.969
0.265 0.013 0.279 0.24 0.017 0.256 98.819 0.13 98.928 113.979 0.001 113.961 114.269 0 114.249
0.262 0.022 0.284 0.243 0.019 0.262 99.095 0.145 99.219 114.701 0.003 114.68 114.564 0 114.541
0.257 0.026 0.283 0.244 0.017 0.261 99.001 0.112 99.089 114.623 0.03 114.634 114.191 0.035 114.2
0.25 0.029 0.279 0.238 0.018 0.255 98.675 0.204 98.857 114.323 0 114.298 113.299 0 113.282
0.272 0.014 0.286 0.251 0.015 0.266 99.706 0.103 99.787 114.385 0 114.366 114.285 0 114.267
0.261 0.025 0.285 0.247 0.016 0.264 99.618 0.143 99.74 114.6 0 114.581 113.964 0 113.939
0.255 0.026 0.281 0.241 0.022 0.263 99.101 0.15 99.228 114.739 0.037 114.751 114.86 0.002 114.838
0.254 0.026 0.28 0.248 0.015 0.263 99.129 0.137 99.243 114.325 0.000999999999999945 114.309 113.614 0 113.587
0.268 0.013 0.28 0.245 0.016 0.261 99.241 0.13 99.351 114.748 0.001 114.723 114.676 0.002 114.653
0.261 0.025 0.285 0.247 0.015 0.261 98.3 0.155 98.446 113.483 0.001 113.459 113.103 0.001 113.097
0.265 0.021 0.286 0.245 0.019 0.264 99.425 0.173 99.576 115.047 0.054 115.077 115.026 0.057 115.058
0.256 0.024 0.281 0.245 0.015 0.259 99.997 0.11 100.086 115.705 0 115.682 115.861 0 115.836
0.259 0.03 0.289 0.247 0.02 0.266 100.211 0.132 100.321 117.839 0.054 117.868 118.089 0.02 118.083
0.26 0.023 0.283 0.251 0.011 0.261 99.217 0.128 99.325 114.846 0.001 114.823 114.861 0 114.838
0.265 0.021 0.285 0.25 0.014 0.264 100.273 0.115 100.364 114.924 0.002 114.905 114.376 0.002 114.351
0.267 0.019 0.286 0.243 0.021 0.263 99.364 0.128 99.471 114.787 0 114.762 114.704 0 114.68
0.259 0.026 0.284 0.237 0.024 0.261 99.93 0.106 100.013 115.674 0.001 115.649 115.599 0 115.572
0.264 0.018 0.283 0.248 0.014 0.262 99.315 0.194 99.487 114.445 0.001 114.427 113.545 0.004 113.525
0.258 0.021 0.278 0.239 0.018 0.257 99.069 0.148 99.197 114.702 0 114.678 114.603 0 114.579
0.254 0.025 0.279 0.241 0.016 0.257 99.302 0.137 99.417 114.645 0.052 114.673 113.51 0.016 113.509
0.259 0.025 0.284 0.242 0.022 0.263 100.287 0.168 100.433 115.87 0 115.845 114.563 0 114.547
0.254 0.024 0.279 0.24 0.017 0.256 100.149 0.153 100.28 115.5 0.001 115.486 114.317 0 114.29
0.265 0.019 0.285 0.243 0.019 0.261 99.171 0.133 99.283 115.035 0.002 115.014 114.995 0 114.969
0.262 0.024 0.285 0.247 0.016 0.263 99.234 0.124 99.337 114.791 0.057 114.828 113.597 0.044 113.618
0.263 0.022 0.286 0.252 0.014 0.265 99.636 0.096 99.71 114.344 0.001 114.328 114.158 0 114.143
0.262 0.021 0.284 0.244 0.018 0.261 99.246 0.098 99.333 114.491 0 114.465 114.195 0.004 114.198
0.255 0.032 0.288 0.243 0.024 0.266 99.246 0.147 99.372 115.145 0 115.121 115.506 0 115.481
0.259 0.024 0.283 0.246 0.015 0.261 99.005 0.136 99.126 113.894 0.00600000000000001 113.875 113.551 0 113.545
0.261 0.022 0.283 0.246 0.015 0.261 99.082 0.11 99.17 114.716 0 114.69 114.757 0 114.732
0.264 0.022 0.286 0.246 0.018 0.264 100.738 0.123 100.838 115.765 0 115.746 114.256 0 114.229
0.263 0.022 0.285 0.25 0.014 0.263 99.767 0.087 99.833 115.225 0.00299999999999995 115.209 114.002 0.011 113.99
0.256 0.027 0.283 0.241 0.02 0.261 98.977 0.143 99.098 114.685 0.041 114.701 114.241 0.055 114.28
0.265 0.02 0.285 0.251 0.012 0.263 99.256 0.144 99.377 114.824 0 114.799 114.772 0 114.748
0.269 0.023 0.292 0.247 0.02 0.267 99.759 0.167 99.904 114.954 0.077 115.007 114.97 0.189 115.138
0.271 0.017 0.288 0.246 0.018 0.264 99.691 0.117 99.788 114.321 0 114.301 113.859 0.001 113.836
0.26 0.018 0.278 0.242 0.016 0.257 98.641 0.18 98.806 113.787 0.031 113.791 113.579 0.019 113.586
0.252 0.028 0.279 0.234 0.022 0.256 99.114 0.121 99.214 114.711 0.001 114.687 114.644 0 114.621
0.247 0.032 0.279 0.241 0.017 0.257 99.321 0.111 99.409 114.788 0.001 114.763 114.768 0.004 114.746
0.253 0.03 0.283 0.236 0.024 0.26 98.945 0.197 99.12 114.848 0.076 114.899 114.835 0.049 114.859
0.254 0.027 0.282 0.245 0.018 0.262 99.863 0.125 99.966 115.268 0.001 115.245 114.071 0.004 114.056
0.261 0.025 0.286 0.248 0.016 0.264 99.122 0.123 99.227 113.586 0 113.559 113.315 0 113.304
0.262 0.022 0.284 0.245 0.018 0.263 99.586 0.09 99.654 115.095 0 115.07 115.041 0 115.016
0.255 0.026 0.281 0.243 0.02 0.263 99.022 0.16 99.199 115.067 0.155 115.249 114.064 0.074 114.177
0.263 0.022 0.285 0.245 0.019 0.263 99.459 0.154 99.59 114.954 0.019 114.948 115.075 0.046 115.094
0.261 0.027 0.288 0.246 0.018 0.264 99.947 0.138 100.064 114.865 0.00800000000000001 114.855 114.003 0.021 113.999
0.254 0.031 0.285 0.248 0.015 0.264 100.597 0.178 100.753 115.952 0.095 116.023 115.894 0.015 115.883
0.257 0.029 0.286 0.248 0.016 0.264 99.698 0.107 99.783 115.228 0.004 115.208 115.466 0.00700000000000001 115.448
0.259 0.027 0.285 0.241 0.023 0.264 99.678 0.109 99.766 114.837 0 114.813 115.33 0 115.304
0.259 0.024 0.283 0.24 0.022 0.262 99.051 0.129 99.159 114.822 0 114.799 114.786 0 114.763
0.256 0.023 0.28 0.24 0.018 0.257 99.889 0.156 100.023 115.574 0.001 115.548 115.194 0 115.174
0.266 0.02 0.285 0.246 0.016 0.261 99.216 0.152 99.349 114.827 0.112 114.916 114.843 0.041 114.861
0.263 0.024 0.287 0.251 0.016 0.266 100.057 0.16 100.196 115.518 0.03 115.524 115.149 0.016 115.147
0.253 0.026 0.279 0.236 0.021 0.256 99.166 0.122 99.266 114.635 0.07 114.678 114.584 0.056 114.614
0.265 0.025 0.289 0.245 0.021 0.266 99.956 0.118 100.052 116.93 0 116.905 116.909 0 116.882
0.254 0.029 0.283 0.246 0.019 0.265 99.904 0.067 99.948 114.194 0.084 114.259 113.801 0.183 113.965
0.265 0.02 0.285 0.243 0.019 0.262 99.862 0.099 99.938 114.396 0 114.377 114.071 0 114.052
0.251 0.033 0.284 0.25 0.014 0.264 99.608 0.147 99.733 115.232 0.094 115.3 115.141 0.133 115.248
0.259 0.026 0.285 0.242 0.021 0.263 99.581 0.122 99.681 115.108 0.002 115.084 115.033 0.023 115.03
0.258 0.029 0.287 0.245 0.019 0.264 99.717 0.138 99.833 115.387 0.057 115.42 114.288 0.066 114.338
0.252 0.027 0.279 0.243 0.014 0.256 99.297 0.21 99.486 115.022 0.098 115.096 115.076 0.034 115.084
0.249 0.035 0.285 0.244 0.018 0.261 99.42 0.11 99.508 114.319 0.003 114.304 113.778 0.017 113.774
0.254 0.026 0.28 0.243 0.02 0.263 98.983 0.134 99.096 115.088 0 115.064 115.154 0 115.13
0.247 0.031 0.278 0.236 0.02 0.256 98.692 0.17 98.84 114.282 0.055 114.319 113.188 0.037 113.2
0.263 0.028 0.29 0.248 0.018 0.266 99.334 0.108 99.436 114.246 0.003 114.223 113.903 0.017 113.911
0.26 0.028 0.287 0.24 0.024 0.265 99.791 0.138 99.907 113.897 0.003 113.881 113.97 0.001 113.953
0.258 0.03 0.288 0.246 0.019 0.264 99.325 0.107 99.412 114.91 0.011 114.895 114.922 0 114.896
0.257 0.023 0.28 0.239 0.016 0.255 98.883 0.108 98.968 113.992 0.001 113.976 113.36 0.001 113.336
0.258 0.027 0.285 0.247 0.018 0.265 99.138 0.194 99.311 114.779 0.086 114.839 114.846 0.098 114.919
0.261 0.022 0.283 0.248 0.011 0.258 99.454 0.146 99.574 116.202 0 116.175 116.103 0 116.073
0.254 0.029 0.283 0.244 0.018 0.262 99.152 0.144 99.28 113.464 0.00600000000000001 113.444 113.221 0 113.215
0.26 0.028 0.288 0.246 0.019 0.265 99.474 0.136 99.588 113.902 0 113.887 113.515 0 113.501
0.247 0.032 0.278 0.243 0.018 0.262 99.209 0.114 99.301 115.001 0.002 114.977 114.99 0 114.965
0.259 0.025 0.285 0.251 0.014 0.264 99.383 0.128 99.49 115.145 0.001 115.12 114.884 0 114.868
0.263 0.023 0.286 0.244 0.019 0.262 99.469 0.156 99.605 115.1 0 115.077 115.22 0 115.194
0.266 0.018 0.284 0.239 0.023 0.262 100.35 0.118 100.445 115.829 0 115.803 115.749 0 115.724
0.258 0.025 0.284 0.243 0.02 0.262 99.448 0.131 99.56 115.001 0.00700000000000001 114.984 114.946 0.01 114.93
0.259 0.024 0.283 0.249 0.01 0.26 99.066 0.116 99.16 114.968 0 114.943 114.88 0 114.856
0.26 0.023 0.284 0.247 0.015 0.261 99.076 0.165 99.219 114.628 0.063 114.668 114.618 0.075 114.668
0.255 0.028 0.282 0.242 0.018 0.261 98.97 0.182 99.133 114.636 0.035 114.65 114.678 0.037 114.694
0.267 0.018 0.286 0.253 0.011 0.263 99.483 0.143 99.606 115.073 0.037 115.086 113.979 0.039 114
0.258 0.025 0.284 0.238 0.019 0.256 99.283 0.143 99.404 114.907 0 114.881 113.897 0 113.882
0.259 0.028 0.287 0.247 0.019 0.266 99.586 0.123 99.688 114.021 0.004 114.006 114.211 0 114.197
0.257 0.028 0.285 0.242 0.02 0.262 99.531 0.12 99.63 115.312 0 115.288 115.326 0 115.3
0.262 0.023 0.285 0.245 0.019 0.263 99.417 0.118 99.513 114.259 0 114.244 113.951 0 113.938
0.264 0.022 0.286 0.251 0.014 0.265 99.496 0.149 99.624 114.624 0 114.6 114.533 0 114.509
0.264 0.022 0.285 0.241 0.022 0.263 99.459 0.196 99.635 114.953 0 114.927 114.888 0 114.864
0.263 0.021 0.284 0.243 0.018 0.261 99.255 0.14 99.374 114.508 0.065 114.556 113.315 0.075 113.365
0.262 0.027 0.288 0.249 0.018 0.267 99.559 0.101 99.644 114.706 0.001 114.68 114.295 0 114.289
0.251 0.028 0.279 0.238 0.017 0.255 99.507 0.124 99.609 115.47 0.00199999999999995 115.446 115.369 0 115.342
0.259 0.027 0.286 0.25 0.018 0.267 100.211 0.09 100.279 117.915 0 117.89 117.984 0 117.958
0.256 0.028 0.284 0.24 0.026 0.265 100.018 0.081 100.077 115.165 0.004 115.145 114.613 0.001 114.596
0.248 0.03 0.278 0.238 0.018 0.256 99.291 0.193 99.461 114.713 0.002 114.695 113.964 0 113.938
0.256 0.028 0.283 0.248 0.012 0.26 99.063 0.169 99.208 115.307 0.059 115.338 114.174 0.1 114.252
0.266 0.02 0.286 0.245 0.019 0.264 99.876 0.113 99.968 115.577 0 115.553 114.802 0 114.784
0.259 0.027 0.286 0.25 0.013 0.263 99.284 0.158 99.419 114.912 0.001 114.888 114.871 0 114.844
0.26 0.018 0.279 0.244 0.013 0.256 99.476 0.106 99.561 114.696 0.005 114.675 114.255 0.003 114.243
0.265 0.021 0.286 0.24 0.024 0.264 100.374 0.137 100.488 115.876 0.002 115.853 115.737 0 115.711
0.254 0.023 0.278 0.242 0.013 0.255 99.13 0.128 99.236 115.086 0.041 115.101 115.008 0.032 115.015
0.264 0.022 0.285 0.255 0.00900000000000001 0.264 99.637 0.119 99.735 115.32 0 115.293 114.689 0 114.67
0.263 0.024 0.287 0.246 0.018 0.264 99.546 0.122 99.647 114.797 0 114.781 117.336 0.002 117.312
0.259 0.025 0.283 0.245 0.016 0.261 99.046 0.121 99.147 114.124 0.019 114.127 113.332 0.017 113.326
0.254 0.025 0.281 0.231 0.026 0.256 99.175 0.141 99.296 115.42 0.001 115.397 115.484 0.012 115.471
0.261 0.021 0.283 0.245 0.02 0.263 98.353 0.135 98.472 114.121 0.001 114.098 113.652 0.001 113.645
0.26 0.028 0.288 0.241 0.022 0.263 99.722 0.125 99.824 115.211 0.026 115.211 115.139 0.031 115.143
0.262 0.022 0.284 0.252 0.014 0.266 99.159 0.153 99.293 113.785 0.00700000000000001 113.777 113.533 0.005 113.523
0.249 0.031 0.28 0.236 0.022 0.258 98.158 0.11 98.254 114.027 0 114.006 113.559 0.001 113.565
0.264 0.021 0.286 0.245 0.019 0.263 99.56 0.245 99.78 115.234 0.154 115.36 114.989 0.141 115.106
0.257 0.028 0.284 0.238 0.024 0.262 99.631 0.174 99.779 115.248 0 115.22 115.832 0 115.807
0.261 0.02 0.281 0.242 0.021 0.262 99.964 0.149 100.092 115.358 0.034 115.367 115.187 0.049 115.211
0.265 0.019 0.285 0.249 0.014 0.262 99.621 0.104 99.704 115.352 0.001 115.328 115.222 0 115.196
0.258 0.022 0.28 0.234 0.024 0.257 99.228 0.135 99.342 115.024 0 114.999 115.067 0 115.042
0.256 0.03 0.285 0.247 0.016 0.263 98.593 0.121 98.697 113.626 0.001 113.599 113.286 0 113.286
0.26 0.025 0.284 0.247 0.016 0.263 99.528 0.14 99.647 114.996 0.034 115.004 114.549 0.033 114.556
0.265 0.022 0.288 0.246 0.018 0.265 99.097 0.238 99.312 114.614 0.067 114.654 114.564 0.089 114.628
0.265 0.022 0.288 0.25 0.013 0.263 100.303 0.124 100.405 115.549 0 115.523 116.115 0.002 116.091
0.256 0.024 0.279 0.241 0.015 0.256 98.672 0.18 98.831 114.289 0.1 114.362 113.337 0.151 113.472
0.266 0.024 0.29 0.251 0.016 0.267 98.771 0.168 98.926 113.45 0.005 113.43 113.398 0.023 113.405
0.262 0.024 0.286 0.247 0.017 0.263 99.622 0.155 99.756 114.759 0 114.742 114.075 0 114.05
0.254 0.029 0.282 0.248 0.017 0.266 99.149 0.136 99.262 114.756 0 114.731 114.806 0 114.782
0.255 0.025 0.28 0.241 0.016 0.257 99.808 0.142 99.927 115.312 0.001 115.295 113.989 0 113.964
0.263 0.019 0.283 0.244 0.016 0.26 97.937 0.165 98.087 113.478 0.002 113.456 113.032 0 113.029
0.265 0.02 0.285 0.24 0.022 0.262 98.282 0.091 98.36 113.612 0.003 113.59 113.141 0.001 113.142
0.263 0.024 0.285 0.247 0.015 0.262 99.058 0.114 99.152 114.749 0.018 114.744 114.709 0.035 114.719
0.26 0.024 0.284 0.243 0.02 0.263 99.175 0.165 99.319 115.446 0.005 115.425 115.408 0 115.383
0.259 0.026 0.285 0.245 0.017 0.263 99.211 0.134 99.32 113.888 0 113.865 113.566 0 113.552
0.259 0.024 0.283 0.244 0.018 0.261 99.074 0.088 99.14 114.699 0.001 114.675 114.712 0 114.687
0.247 0.033 0.28 0.23 0.027 0.257 99.158 0.161 99.298 113.664 0.016 113.662 113.472 0.064 113.524
0.258 0.023 0.28 0.236 0.024 0.261 99.146 0.159 99.285 114.782 0.038 114.796 113.995 0.033 114.013
0.26 0.025 0.284 0.246 0.017 0.263 99.182 0.147 99.306 114.001 0.015 113.995 113.551 0.019 113.548
0.271 0.019 0.29 0.249 0.018 0.267 100.008 0.117 100.104 115.036 0 115.017 114.123 0 114.098
0.271 0.013 0.283 0.245 0.013 0.259 99.355 0.132 99.465 114.854 0.042 114.88 113.726 0.046 113.747
0.254 0.031 0.286 0.25 0.014 0.263 99.918 0.092 99.988 114.426 0 114.408 114.087 0 114.064
0.259 0.027 0.286 0.246 0.017 0.263 99.128 0.1 99.209 114.737 0 114.711 114.703 0 114.679
0.252 0.028 0.278 0.241 0.015 0.256 99.306 0.141 99.427 115.126 0 115.101 115.06 0 115.036
0.264 0.022 0.286 0.248 0.016 0.264 99.506 0.135 99.618 114.821 0.002 114.805 114.043 0.017 114.035
0.252 0.028 0.281 0.237 0.02 0.257 99.225 0.138 99.342 114.971 0.004 114.952 114.843 0 114.822
0.262 0.022 0.284 0.246 0.017 0.262 99.28 0.112 99.368 114.65 0.00399999999999995 114.631 113.429 0.03 113.432
0.263 0.023 0.286 0.247 0.016 0.262 99.482 0.098 99.559 115.099 0.056 115.13 115.025 0.113 115.113
0.261 0.02 0.281 0.247 0.012 0.259 99.047 0.118 99.146 114.721 0.004 114.699 114.66 0.001 114.637
0.26 0.019 0.279 0.232 0.023 0.255 99.393 0.129 99.509 114.048 0.042 114.066 113.761 0.074 113.827
0.261 0.027 0.288 0.243 0.023 0.266 100.693 0.091 100.762 116.254 0.005 116.235 116.057 0 116.037
0.258 0.026 0.283 0.238 0.023 0.261 98.952 0.105 99.036 114.45 0.005 114.431 114.388 0.003 114.367
0.255 0.029 0.285 0.243 0.02 0.261 99.693 0.166 99.836 115.173 0.001 115.149 114.911 0 114.884
0.261 0.023 0.284 0.244 0.017 0.261 99.088 0.125 99.198 114.811 0 114.792 114.757 0 114.739
0.261 0.022 0.283 0.244 0.012 0.257 99.199 0.106 99.282 114.799 0.00700000000000001 114.782 114.777 0.012 114.765
0.266 0.02 0.286 0.251 0.011 0.262 99.363 0.126 99.466 116.168 0 116.141 116.117 0.002 116.092
0.258 0.028 0.285 0.246 0.016 0.262 99.3 0.138 99.417 114.751 0 114.725 114.735 0 114.71
0.267 0.019 0.286 0.254 0.012 0.266 99.795 0.107 99.879 115.023 0.003 115.001 114.988 0 114.961
0.255 0.029 0.286 0.246 0.016 0.261 99.904 0.119 100 115.079 0.085 115.138 115.283 0.082 115.34
0.255 0.029 0.283 0.24 0.019 0.26 99.562 0.137 99.677 115.075 0.001 115.052 114.261 0 114.243
0.26 0.026 0.287 0.247 0.016 0.262 99.285 0.123 99.387 115.086 0.001 115.064 115.147 0.00499999999999995 115.127
0.259 0.031 0.29 0.257 0.013 0.269 100.323 0.111 100.413 118.609 0.004 118.585 117.724 0.019 117.725
0.255 0.022 0.277 0.23 0.03 0.261 99.03 0.219 99.229 114.686 0.08 114.743 114.617 0.106 114.701
0.255 0.026 0.281 0.237 0.022 0.259 99.303 0.113 99.395 114.928 0 114.904 114.889 0 114.864
0.258 0.021 0.279 0.242 0.014 0.256 99.19 0.117 99.285 115.136 0.001 115.113 115.021 0 114.995
0.263 0.027 0.289 0.25 0.015 0.265 99.719 0.111 99.81 115.975 0.002 115.952 115.805 0.002 115.781
0.258 0.024 0.283 0.244 0.019 0.263 98.747 0.13 98.86 114.629 0.021 114.622 114.238 0.022 114.253
0.269 0.019 0.289 0.25 0.015 0.265 99.814 0.1 99.891 115.668 0 115.64 115.567 0 115.54
0.261 0.019 0.279 0.248 0.014 0.262 99.139 0.145 99.263 115.003 0 114.977 113.697 0.001 113.681
0.26 0.024 0.283 0.245 0.018 0.262 99.516 0.155 99.65 115.026 0 115.003 114.98 0 114.955
0.259 0.02 0.279 0.24 0.016 0.256 99.159 0.116 99.251 114.471 0 114.443 115.269 0 115.24
0.254 0.028 0.282 0.245 0.018 0.263 100.101 0.103 100.183 115.616 0.004 115.595 115.719 0.002 115.696
0.262 0.02 0.281 0.245 0.017 0.263 99.803 0.069 99.85 115.165 0.002 115.143 115.139 0.002 115.116
0.264 0.02 0.284 0.25 0.014 0.264 99.737 0.153 99.868 115.171 0.033 115.18 115.083 0.041 115.098
0.261 0.019 0.278 0.245 0.015 0.26 98.993 0.165 99.138 114.506 0.004 114.485 114.402 0.001 114.378
0.263 0.022 0.285 0.251 0.011 0.262 97.982 0.117 98.083 113.585 0 113.559 113.017 0 113.011
0.26 0.025 0.285 0.25 0.012 0.262 99.344 0.157 99.478 115.016 0.106 115.097 114.618 0.039 114.631
0.263 0.026 0.29 0.246 0.022 0.266 99.471 0.17 99.619 114.997 0.046 115.017 114.927 0.086 114.987
0.267 0.017 0.284 0.25 0.015 0.264 99.514 0.133 99.626 114.029 0.026 114.035 113.727 0.019 113.722
0.255 0.025 0.279 0.238 0.019 0.257 98.718 0.126 98.822 114.271 0 114.244 113.803 0 113.787
0.262 0.025 0.285 0.24 0.023 0.263 99.808 0.112 99.899 113.894 0.001 113.877 114.082 0 114.064
0.264 0.02 0.284 0.25 0.013 0.262 99.398 0.143 99.52 114.974 0.033 114.981 114.982 0.059 115.016
0.261 0.023 0.284 0.245 0.017 0.262 99.549 0.148 99.674 114.903 0.038 114.919 113.809 0.029 113.812
0.255 0.031 0.286 0.245 0.018 0.264 99.754 0.153 99.884 115.215 0.002 115.193 114.73 0 114.703
0.257 0.027 0.283 0.248 0.015 0.263 99.834 0.139 99.952 115.431 0 115.406 115.388 0 115.362
0.261 0.022 0.285 0.247 0.015 0.261 99.084 0.134 99.195 115.008 0.002 114.982 115.029 0 115.002
0.267 0.021 0.288 0.252 0.013 0.265 98.695 0.179 98.861 116.032 0.001 116.007 115.603 0 115.599
0.258 0.021 0.279 0.244 0.012 0.256 98.687 0.197 98.86 114.73 0.00199999999999995 114.704 114.927 0.02 114.918
0.26 0.025 0.285 0.252 0.01 0.262 99.359 0.139 99.475 114.827 0.049 114.849 114.779 0.041 114.795
0.256 0.026 0.283 0.246 0.015 0.26 99.351 0.131 99.465 114.739 0.046 114.759 114.367 0.04 114.4
0.262 0.024 0.285 0.246 0.016 0.263 99.299 0.167 99.44 113.815 0.004 113.798 113.492 0.002 113.485
0.262 0.023 0.285 0.244 0.019 0.263 99.195 0.101 99.275 115.646 0 115.622 115.503 0 115.478
0.269 0.019 0.288 0.248 0.017 0.265 99.097 0.128 99.203 114.962 0.04 114.977 114.953 0.066 114.994
0.259 0.026 0.285 0.244 0.018 0.262 99.061 0.088 99.129 114.926 0 114.9 114.906 0 114.883
0.264 0.023 0.286 0.244 0.021 0.265 99.368 0.17 99.517 114.853 0.00700000000000001 114.835 114.769 0.001 114.745
0.265 0.018 0.283 0.244 0.017 0.262 99.053 0.144 99.175 115.081 0.034 115.089 115.013 0.022 115.01
0.259 0.028 0.286 0.248 0.016 0.264 99.947 0.081 100.007 115.508 0.044 115.529 115.19 0 115.164
0.26 0.027 0.287 0.254 0.011 0.264 98.967 0.141 99.089 114.596 0 114.575 114.958 0 114.936
0.251 0.027 0.278 0.239 0.02 0.259 99.571 0.117 99.665 114.918 0.058 114.95 114.901 0.002 114.876
0.258 0.021 0.28 0.239 0.021 0.26 99.133 0.165 99.276 114.694 0 114.667 114.676 0 114.651
0.249 0.034 0.282 0.241 0.02 0.261 99.41 0.125 99.513 114.96 0.00900000000000001 114.944 114.058 0 114.041
0.282 0.025 0.308 0.263 0.023 0.285 102.472 0.136 102.589 117.585 0.03 117.592 116.316 0.00900000000000001 116.307
0.26 0.025 0.284 0.243 0.02 0.263 99.855 0.158 99.992 114.387 0.002 114.372 113.893 0 113.867
0.256 0.031 0.287 0.248 0.015 0.263 99.624 0.159 99.761 113.975 0.02 113.99 113.859 0.018 113.86
0.252 0.026 0.278 0.241 0.015 0.256 99.188 0.135 99.298 114.507 0.00499999999999995 114.489 113.505 0.001 113.478
0.262 0.021 0.284 0.244 0.017 0.261 98.993 0.115 99.088 114.949 0.005 114.929 113.785 0 113.77
0.26 0.024 0.284 0.247 0.014 0.261 99.238 0.118 99.334 115.004 0.004 114.985 115.065 0.011 115.05
0.249 0.031 0.28 0.239 0.02 0.259 99.089 0.105 99.172 114.585 0.032 114.591 113.942 0.029 113.954
0.262 0.023 0.286 0.247 0.017 0.264 99.13 0.141 99.25 114.8 0.021 114.796 114.851 0.024 114.852
0.259 0.026 0.285 0.249 0.015 0.264 99.272 0.162 99.412 114.935 0.064 114.974 114.39 0.066 114.44
0.257 0.029 0.285 0.247 0.016 0.262 99.13 0.115 99.225 114.831 0.002 114.81 114.709 0 114.69
0.257 0.022 0.279 0.234 0.021 0.255 100.144 0.177 100.299 115.686 0 115.662 115.61 0 115.585
0.258 0.029 0.287 0.249 0.015 0.264 99.653 0.256 99.888 115.133 0.09 115.199 115.026 0.221 115.221
0.255 0.03 0.285 0.245 0.018 0.263 99.1 0.117 99.196 114.692 0 114.667 114.63 0 114.606
0.265 0.02 0.285 0.248 0.014 0.262 99.432 0.106 99.515 115.026 0.002 115.002 115.012 0 114.985
0.269 0.017 0.286 0.255 0.00900000000000001 0.263 99.301 0.177 99.458 114.993 0.002 114.97 114.894 0.001 114.872
0.259 0.028 0.288 0.247 0.019 0.265 100.638 0.168 100.781 115.517 0.031 115.521 115.949 0.03 115.949
0.255 0.027 0.281 0.24 0.016 0.257 99.193 0.122 99.293 115.022 0 114.997 114.932 0 114.907
0.262 0.024 0.286 0.246 0.021 0.265 99.53 0.136 99.643 114.832 0.039 114.846 114.808 0.03 114.812
0.258 0.026 0.285 0.249 0.013 0.261 99.003 0.125 99.107 114.85 0 114.824 114.85 0.002 114.827
0.26 0.024 0.285 0.239 0.02 0.258 99.14 0.129 99.247 115.23 0.00800000000000001 115.213 115.223 0.022 115.217
0.254 0.026 0.281 0.246 0.014 0.26 99.697 0.124 99.798 115.055 0.075 115.11 114.433 0.052 114.459
0.259 0.026 0.285 0.247 0.016 0.263 99.78 0.104 99.861 115.084 0.004 115.065 115.148 0.023 115.144
0.25 0.029 0.279 0.238 0.021 0.259 99.45 0.329 99.758 114.955 0.0419999999999999 114.973 114.906 0.047 114.928
0.258 0.027 0.285 0.248 0.014 0.262 98.926 0.108 99.021 113.506 0.001 113.481 113.687 0.004 113.686
0.256 0.022 0.278 0.243 0.017 0.26 99.353 0.12 99.453 114.927 0 114.904 114.893 0 114.87
0.258 0.027 0.285 0.243 0.019 0.262 97.867 0.112 97.963 113.481 0.001 113.456 112.927 0 112.926
0.26 0.021 0.281 0.242 0.016 0.258 99.663 0.11 99.751 115.416 0.077 115.475 114.19 0.059 114.224
0.262 0.024 0.287 0.247 0.018 0.264 100.343 0.107 100.428 116.046 0.002 116.029 115.076 0 115.05
0.264 0.023 0.287 0.252 0.012 0.264 100.251 0.124 100.353 116.139 0.001 116.115 116.092 0.00600000000000001 116.072
0.259 0.021 0.28 0.252 0.011 0.263 99.714 0.106 99.797 115.03 0.003 115.007 114.95 0 114.923
0.257 0.03 0.286 0.248 0.016 0.264 100.266 0.105 100.349 115.841 0 115.813 115.711 0 115.685
0.254 0.028 0.283 0.237 0.024 0.261 99.193 0.153 99.323 114.6 0.005 114.58 114.546 0 114.521
0.263 0.02 0.283 0.245 0.016 0.26 98.967 0.119 99.066 114.63 0.001 114.607 114.556 0.004 114.536
0.255 0.03 0.285 0.243 0.021 0.262 99.255 0.152 99.386 114.659 0.067 114.702 114.694 0.068 114.737
0.257 0.027 0.284 0.253 0.01 0.263 99.904 0.265 100.147 115.416 0.001 115.393 113.865 0 113.849
0.267 0.02 0.287 0.243 0.02 0.263 99.874 0.157 100.009 115.414 0.001 115.391 115.299 0 115.273
0.258 0.029 0.286 0.241 0.023 0.265 100.001 0.107 100.084 115.401 0.00600000000000001 115.379 114.919 0.001 114.9
0.257 0.03 0.288 0.247 0.019 0.265 99.866 0.134 99.977 115.221 0 115.196 115.271 0 115.244
0.262 0.024 0.286 0.243 0.021 0.264 99.773 0.182 99.935 114.57 0 114.553 114.006 0 113.98
0.249 0.031 0.28 0.247 0.015 0.262 98.928 0.114 99.028 113.721 0.00800000000000001 113.703 113.24 0.01 113.242
0.262 0.024 0.286 0.241 0.022 0.263 99.606 0.097 99.681 115.115 0.002 115.092 114.347 0 114.326
0.263 0.023 0.286 0.245 0.017 0.262 98.999 0.137 99.115 115.197 0.002 115.172 115.16 0 115.133
0.259 0.026 0.285 0.247 0.019 0.265 99.723 0.164 99.865 114.973 0.003 114.95 113.937 0.00800000000000001 113.924
0.259 0.025 0.283 0.247 0.015 0.261 99.786 0.098 99.863 116.09 0.01 116.074 116.118 0.03 116.123
0.257 0.023 0.279 0.242 0.018 0.261 99.48 0.163 99.622 115.184 0.087 115.247 115.162 0.037 115.175
0.266 0.018 0.283 0.243 0.019 0.262 99.337 0.103 99.419 114.848 0.001 114.824 114.769 0.024 114.771
0.262 0.02 0.283 0.247 0.014 0.261 99.131 0.126 99.235 114.844 0.005 114.823 114.751 0.001 114.727
0.262 0.022 0.284 0.252 0.00999999999999998 0.262 99.376 0.216 99.569 115.212 0.002 115.188 115.324 0 115.296
0.267 0.02 0.287 0.249 0.016 0.265 98.333 0.132 98.451 114.406 0.004 114.386 113.762 0.003 113.761
0.253 0.033 0.285 0.25 0.013 0.263 99.036 0.148 99.162 114.562 0 114.536 114.689 0 114.666
0.258 0.028 0.285 0.237 0.02 0.257 98.538 0.154 98.678 113.569 0.046 113.586 113.276 0.064 113.333
0.263 0.02 0.283 0.245 0.016 0.261 99.071 0.134 99.184 114.809 0.028 114.812 114.739 0.065 114.779
0.261 0.02 0.281 0.246 0.018 0.264 99.803 0.095 99.876 115.788 0.002 115.766 115.745 0.001 115.721
0.258 0.029 0.287 0.25 0.015 0.265 99.739 0.133 99.85 115.094 0 115.071 115.052 0 115.027
0.26 0.023 0.283 0.247 0.014 0.261 99.163 0.138 99.279 114.927 0 114.902 114.946 0.001 114.923
0.255 0.025 0.28 0.243 0.015 0.259 98.536 0.218 98.729 114.873 0 114.843 115.248 0 115.219
0.26 0.027 0.287 0.243 0.022 0.265 99.896 0.109 99.979 114.941 0.002 114.915 114.889 0 114.859
0.254 0.032 0.285 0.248 0.015 0.263 99.606 0.246 99.829 116.898 0.075 116.947 116.848 0.079 116.899
0.266 0.019 0.284 0.246 0.017 0.262 99.47 0.119 99.567 114.843 0 114.819 114.845 0 114.82
0.26 0.024 0.283 0.241 0.016 0.258 98.996 0.218 99.193 114.915 0 114.89 114.894 0 114.871
0.256 0.03 0.289 0.247 0.017 0.264 99.172 0.149 99.298 114.867 0.06 114.902 114.873 0.014 114.863
0.26 0.025 0.285 0.24 0.022 0.261 99.423 0.133 99.534 113.674 0.057 113.709 113.835 0.00800000000000001 113.828
0.259 0.026 0.284 0.245 0.016 0.261 99.207 0.173 99.358 114.871 0.026 114.872 114.38 0.024 114.388
0.267 0.025 0.292 0.251 0.019 0.27 100.929 0.099 101.004 121.651 0 121.631 120.587 0.001 120.562
0.269 0.016 0.285 0.242 0.02 0.262 99.362 0.116 99.457 114.12 0 114.102 113.798 0 113.775
0.264 0.023 0.287 0.249 0.016 0.264 99.535 0.342 99.857 115.327 0 115.304 114.324 0 114.307
0.261 0.025 0.287 0.247 0.017 0.264 99.717 0.144 99.838 113.59 0.08 113.653 113.742 0.053 113.781
0.259 0.024 0.283 0.243 0.018 0.261 99.182 0.131 99.288 114.803 0.002 114.776 113.882 0 113.862
0.26 0.026 0.285 0.248 0.014 0.262 97.703 0.189 97.88 113.522 0.033 113.537 112.91 0.044 112.959
0.257 0.025 0.282 0.243 0.017 0.259 99.293 0.11 99.382 115.069 0.029 115.074 114.648 0.038 114.667
0.257 0.025 0.282 0.245 0.014 0.26 100.236 0.141 100.355 117.53 0 117.512 116.722 0 116.697
0.262 0.024 0.286 0.247 0.016 0.263 99.206 0.123 99.307 115.031 0 115.006 114.611 0 114.592
0.257 0.028 0.285 0.239 0.022 0.261 98.819 0.153 98.95 114.478 0.017 114.47 114.408 0.018 114.402
0.253 0.028 0.28 0.243 0.016 0.259 99.322 0.094 99.394 114.83 0 114.806 114.734 0.002 114.711
0.264 0.024 0.288 0.243 0.019 0.262 99.279 0.129 99.387 114.827 0.001 114.802 114.419 0.001 114.405
0.257 0.029 0.284 0.239 0.023 0.263 99.67 0.108 99.756 114.84 0.011 114.827 114.11 0.003 114.097
0.257 0.029 0.286 0.247 0.018 0.265 99.02 0.126 99.132 114.704 0.003 114.682 114.183 0.001 114.18
0.266 0.017 0.284 0.241 0.02 0.261 99.172 0.154 99.305 114.596 0.001 114.572 114.63 0.004 114.612
0.263 0.017 0.28 0.242 0.015 0.257 99.608 0.153 99.74 115.047 0.035 115.058 114.996 0.039 115.01
0.268 0.02 0.288 0.248 0.017 0.264 100.042 0.133 100.155 115.323 0.015 115.313 115.28 0.013 115.268
0.256 0.028 0.284 0.246 0.016 0.262 98.851 0.121 98.951 114.557 0.017 114.549 114.506 0.027 114.509
0.257 0.028 0.285 0.246 0.019 0.264 99.476 0.164 99.618 115.078 0.003 115.056 113.7 0.002 113.684
0.261 0.022 0.283 0.245 0.019 0.264 98.725 0.135 98.845 113.696 0 113.67 113.141 0 113.131
0.251 0.033 0.284 0.241 0.02 0.262 99.086 0.11 99.179 114.753 0.003 114.738 114.714 0 114.696
0.261 0.027 0.288 0.244 0.02 0.264 99.764 0.162 99.9 115.147 0.059 115.186 114.594 0.055 114.62
0.255 0.027 0.282 0.245 0.017 0.262 99.018 0.157 99.152 114.675 0.079 114.728 114.453 0.076 114.511
0.262 0.023 0.285 0.244 0.019 0.263 99.25 0.168 99.396 115.011 0.069 115.055 114.942 0.016 114.932
0.255 0.023 0.278 0.238 0.019 0.256 99.361 0.101 99.441 114.93 0.001 114.905 114.932 0 114.905
0.263 0.022 0.286 0.248 0.017 0.264 100.668 0.116 100.762 115.808 0 115.789 114.662 0 114.635
0.266 0.022 0.288 0.243 0.023 0.266 100.245 0.129 100.352 115.298 0.001 115.274 115.295 0 115.27
0.267 0.022 0.289 0.242 0.022 0.264 99.24 0.176 99.396 115.298 0.072 115.346 115.274 0.054 115.303
0.256 0.025 0.282 0.246 0.014 0.259 98.16 0.164 98.309 114.148 0.02 114.142 113.642 0.025 113.671
0.266 0.02 0.286 0.251 0.013 0.264 99.302 0.142 99.424 114.906 0.001 114.884 114.84 0 114.816
0.254 0.028 0.282 0.242 0.021 0.263 99.393 0.106 99.478 115.063 0 115.037 114.361 0 114.343
0.263 0.021 0.285 0.247 0.018 0.265 99.983 0.134 100.092 115.692 0 115.666 115.676 0 115.649
0.259 0.028 0.286 0.243 0.02 0.263 99.576 0.16 99.714 115.348 0.047 115.37 115.324 0.05 115.348
0.249 0.028 0.278 0.242 0.015 0.256 97.527 0.157 97.671 114.084 0.005 114.068 113.453 0.00800000000000001 113.454
0.271 0.017 0.288 0.251 0.014 0.265 99.98 0.173 100.131 114.28 0.093 114.354 113.94 0.094 114.01
0.257 0.022 0.279 0.236 0.021 0.258 99.083 0.149 99.209 114.545 0.002 114.522 114.523 0 114.499
0.264 0.021 0.286 0.244 0.018 0.262 99.18 0.125 99.282 114.843 0.094 114.912 114.793 0.132 114.9
0.258 0.027 0.284 0.25 0.015 0.266 100.176 0.118 100.271 115.637 0.024 115.634 114.63 0.00800000000000001 114.616
0.261 0.027 0.288 0.248 0.017 0.266 100.279 0.121 100.378 115.365 0 115.338 115.278 0 115.252
0.261 0.025 0.286 0.244 0.019 0.264 99.92 0.12 100.019 113.852 0 113.833 113.942 0 113.923
0.265 0.018 0.282 0.249 0.013 0.263 99.768 0.098 99.845 115.297 0 115.272 115.399 0 115.373
0.264 0.022 0.285 0.246 0.017 0.263 99.659 0.156 99.794 115.388 0 115.362 115.311 0 115.285
0.267 0.019 0.286 0.248 0.018 0.264 99.693 0.133 99.805 114.957 0.166 115.098 114.254 0.163 114.397
0.249 0.036 0.285 0.246 0.018 0.263 99.254 0.141 99.373 114.884 0 114.858 114.881 0 114.856
0.263 0.019 0.282 0.237 0.019 0.256 98.942 0.109 99.029 114.654 0 114.633 113.306 0 113.281
0.264 0.021 0.285 0.242 0.02 0.262 99.428 0.107 99.513 114.854 0 114.83 114.054 0 114.038
0.254 0.026 0.28 0.242 0.017 0.259 98.994 0.16 99.134 114.611 0.00700000000000001 114.592 113.585 0.013 113.581
0.263 0.022 0.285 0.246 0.017 0.263 99.317 0.156 99.454 114.781 0.001 114.758 114.695 0.002 114.673
0.25 0.027 0.277 0.239 0.021 0.261 99.116 0.15 99.243 115.074 0.001 115.051 114.786 0 114.768
0.255 0.027 0.281 0.239 0.018 0.257 98.248 0.106 98.339 113.69 0.013 113.676 113.191 0.029 113.215
0.269 0.014 0.283 0.246 0.016 0.262 99.241 0.198 99.417 115.04 0.00700000000000001 115.022 114.997 0 114.97
0.263 0.022 0.285 0.245 0.016 0.261 98.551 0.194 98.732 113.392 0.078 113.444 113.095 0.109 113.195
0.267 0.024 0.29 0.245 0.02 0.266 100.007 0.142 100.125 114.439 0.005 114.426 114.17 0.00700000000000001 114.15
0.257 0.027 0.284 0.239 0.023 0.261 98.278 0.1 98.367 113.279 0 113.253 112.761 0.022 112.784
0.263 0.022 0.285 0.244 0.017 0.261 98.722 0.131 98.838 113.758 0.003 113.736 113.313 0.00700000000000001 113.306
0.26 0.018 0.278 0.24 0.015 0.256 98.806 0.095 98.888 113.444 0 113.419 113.169 0 113.156
0.264 0.019 0.283 0.238 0.027 0.264 99.907 0.133 100.019 115.613 0.002 115.591 114.973 0.001 114.955
0.257 0.028 0.286 0.249 0.015 0.264 99.715 0.09 99.783 115.028 0 115.004 114.94 0.003 114.918
0.255 0.022 0.277 0.24 0.016 0.257 99.705 0.141 99.824 115.26 0 115.239 113.924 0 113.899
0.264 0.021 0.285 0.245 0.019 0.264 99.168 0.132 99.277 115.031 0.031 115.035 115.051 0.034 115.059
0.269 0.018 0.287 0.247 0.017 0.265 99.835 0.109 99.919 114.139 0.034 114.153 114.279 0.012 114.271
0.254 0.025 0.28 0.239 0.019 0.257 98.764 0.114 98.853 114.631 0.001 114.604 114.563 0.002 114.537
0.263 0.022 0.284 0.24 0.021 0.261 99.442 0.108 99.529 114.944 0.001 114.919 114.608 0 114.592
0.262 0.022 0.284 0.251 0.013 0.262 99.114 0.184 99.278 114.75 0.152 114.878 114.731 0.23 114.937
0.261 0.022 0.283 0.245 0.017 0.263 99.925 0.158 100.061 116.896 0.002 116.873 116.977 0 116.952
0.261 0.021 0.28 0.242 0.016 0.259 99.301 0.166 99.446 115.426 0.064 115.465 115.019 0.081 115.081
0.266 0.025 0.291 0.243 0.025 0.268 99.787 0.163 99.927 117.136 0 117.117 116.193 0 116.168
0.257 0.028 0.285 0.248 0.012 0.26 99.381 0.104 99.463 115.105 0.057 115.138 115.152 0.061 115.187
0.258 0.029 0.286 0.251 0.013 0.264 100.139 0.129 100.246 114.202 0 114.183 113.915 0 113.892
0.264 0.022 0.286 0.245 0.018 0.263 99.652 0.132 99.765 115.42 0.001 115.396 114.622 0 114.603
0.262 0.022 0.284 0.248 0.015 0.263 99.88 0.155 100.013 113.726 0.054 113.763 113.917 0.077 113.973
0.251 0.032 0.284 0.245 0.018 0.263 99.118 0.14 99.236 114.59 0 114.567 114.521 0 114.496
0.258 0.022 0.279 0.239 0.017 0.257 99.342 0.131 99.448 114.903 0 114.874 113.934 0 113.911
0.259 0.025 0.284 0.248 0.015 0.263 99.303 0.12 99.409 114.765 0.005 114.744 114.66 0.004 114.643
0.267 0.013 0.28 0.242 0.017 0.258 99.326 0.194 99.498 115.069 0.004 115.05 114.991 0 114.964
0.265 0.02 0.284 0.238 0.021 0.259 99.397 0.18 99.556 114.22 0 114.202 113.365 0 113.34
0.267 0.018 0.284 0.246 0.016 0.262 99.296 0.176 99.45 114.549 0.001 114.524 113.713 0 113.698
0.269 0.015 0.284 0.246 0.016 0.262 99.031 0.122 99.131 114.766 0 114.74 114.756 0 114.73
0.262 0.022 0.284 0.251 0.014 0.264 99.306 0.193 99.479 115.166 0.002 115.144 115.149 0 115.125
0.259 0.023 0.281 0.237 0.019 0.257 99.162 0.14 99.281 114.86 0 114.834 114.799 0 114.775
0.256 0.029 0.285 0.242 0.021 0.263 99.043 0.179 99.2 114.722 0 114.697 114.75 0.001 114.729
0.258 0.027 0.283 0.234 0.023 0.258 99.18 0.152 99.31 114.889 0.003 114.869 114.824 0 114.799
0.261 0.025 0.285 0.239 0.025 0.264 99.895 0.14 100.013 115.213 0 115.188 115.262 0.003 115.239
0.257 0.023 0.28 0.245 0.014 0.259 98.991 0.093 99.061 114.151 0.004 114.135 113.265 0 113.239
0.256 0.027 0.283 0.244 0.018 0.262 99.175 0.148 99.301 114.511 0.089 114.574 114.497 0.016 114.487
0.251 0.028 0.28 0.239 0.018 0.256 99.91 0.152 100.041 115.234 0.056 115.275 114.244 0.046 114.265
0.266 0.021 0.287 0.249 0.016 0.265 100.372 0.122 100.472 115.916 0 115.892 115.806 0 115.787
0.243 0.036 0.28 0.242 0.017 0.259 99.322 0.148 99.448 114.504 0.04 114.519 114.472 0.001 114.448
0.257 0.028 0.285 0.238 0.024 0.262 99.37 0.159 99.509 114.975 0.063 115.021 113.396 0.105 113.48
0.26 0.025 0.285 0.247 0.014 0.261 99.114 0.135 99.233 115.059 0.034 115.075 115.044 0.035 115.061
0.256 0.03 0.287 0.246 0.018 0.264 99.325 0.118 99.418 114.091 0.001 114.069 113.988 0.014 113.974
0.259 0.025 0.284 0.247 0.015 0.262 99.076 0.139 99.191 114.78 0 114.755 114.676 0.001 114.65
0.262 0.024 0.286 0.248 0.017 0.265 99.009 0.173 99.161 115.014 0.00900000000000001 114.997 114.966 0 114.941
0.249 0.03 0.28 0.243 0.02 0.263 99.642 0.095 99.715 114.827 0 114.801 114.833 0 114.807
0.259 0.027 0.284 0.244 0.019 0.264 99.702 0.16 99.839 114.74 0.05 114.771 113.78 0.076 113.83
0.257 0.024 0.281 0.234 0.022 0.256 99.368 0.116 99.463 115.009 0.049 115.033 113.997 0.027 114.006
0.264 0.022 0.286 0.243 0.021 0.264 99.962 0.108 100.048 115.159 0.00600000000000001 115.141 115.26 0 115.235
0.266 0.021 0.287 0.25 0.015 0.265 98.487 0.133 98.606 113.709 0 113.682 113.19 0 113.189
0.257 0.027 0.284 0.247 0.015 0.262 97.99 0.092 98.067 113.846 0.001 113.821 113.251 0 113.242
0.265 0.022 0.288 0.249 0.014 0.263 98.782 0.15 98.918 113.595 0.051 113.623 113.27 0.039 113.304
0.262 0.025 0.286 0.251 0.013 0.264 99.858 0.097 99.934 114.593 0.001 114.576 114.451 0 114.424
0.26 0.023 0.284 0.249 0.013 0.261 99.078 0.225 99.282 114.738 0 114.711 114.864 0 114.841
0.262 0.021 0.282 0.244 0.02 0.263 100.162 0.158 100.297 115.32 0.051 115.346 114.623 0.066 114.669
0.257 0.028 0.285 0.242 0.021 0.263 99.551 0.195 99.722 115.227 0.001 115.202 115.264 0 115.237
0.256 0.029 0.285 0.243 0.02 0.263 99.802 0.138 99.919 115.079 0.023 115.077 115.029 0.011 115.014
0.263 0.02 0.282 0.242 0.021 0.264 99.834 0.138 99.949 115.233 0 115.208 114.119 0 114.098
0.257 0.029 0.286 0.245 0.02 0.265 99.869 0.189 100.035 115.28 0 115.254 115.293 0 115.266
0.253 0.03 0.284 0.245 0.016 0.26 99.825 0.159 99.963 115.516 0.065 115.557 115.515 0.065 115.553
0.264 0.02 0.283 0.243 0.02 0.264 99.913 0.097 99.986 115.196 0.001 115.171 114.133 0.003 114.115
0.271 0.017 0.287 0.253 0.012 0.266 100.242 0.121 100.34 115.582 0.004 115.559 115.577 0 115.552
0.256 0.031 0.287 0.246 0.019 0.265 99.882 0.169 100.03 113.619 0.001 113.603 113.707 0.005 113.693
0.255 0.029 0.284 0.247 0.018 0.265 99.728 0.116 99.822 115.571 0 115.547 115.626 0 115.6
0.259 0.025 0.285 0.245 0.018 0.263 99.688 0.103 99.768 115.107 0.003 115.085 114.996 0 114.971
0.259 0.027 0.285 0.247 0.016 0.263 99.584 0.112 99.673 115.163 0.052 115.19 113.95 0.04 113.971
0.263 0.023 0.286 0.244 0.019 0.262 99.078 0.154 99.209 114.835 0.04 114.849 114.97 0.049 114.993
0.267 0.019 0.286 0.241 0.023 0.264 100.024 0.159 100.161 115.48 0 115.455 115.496 0.003 115.474
0.254 0.035 0.29 0.244 0.023 0.266 98.301 0.141 98.43 113.825 0.043 113.843 113.164 0.046 113.207
0.26 0.023 0.283 0.246 0.015 0.261 99.251 0.123 99.353 113.995 0.003 113.978 113.665 0 113.651
0.252 0.032 0.283 0.244 0.016 0.261 99.3 0.124 99.404 114.572 0.061 114.609 114.515 0.08 114.572
0.264 0.023 0.287 0.246 0.02 0.265 98.286 0.187 98.462 113.67 0.005 113.65 113.192 0.036 113.23
0.261 0.025 0.286 0.247 0.017 0.264 99.636 0.146 99.764 115.335 0 115.31 115.372 0 115.346
0.271 0.016 0.287 0.249 0.016 0.264 99.332 0.135 99.446 114.954 0.011 114.94 114.922 0.00700000000000001 114.904
0.261 0.022 0.283 0.239 0.019 0.258 98.55 0.182 98.716 114.264 0.046 114.287 113.743 0.031 113.773
0.261 0.021 0.283 0.245 0.016 0.261 99.136 0.11 99.224 114.903 0.015 114.893 114.894 0 114.869
0.261 0.02 0.282 0.245 0.016 0.261 99.675 0.17 99.823 115.279 0.078 115.333 115.264 0.089 115.328
0.262 0.023 0.285 0.248 0.016 0.263 99.297 0.108 99.384 115.155 0.055 115.187 115.171 0.04 115.187
0.256 0.028 0.285 0.246 0.015 0.261 99.001 0.162 99.14 114.819 0.082 114.875 114.905 0.039 114.919
0.258 0.026 0.284 0.244 0.018 0.262 99.7 0.153 99.83 115.333 0.094 115.4 115.343 0.046 115.361
0.262 0.023 0.284 0.249 0.013 0.262 99.453 0.181 99.611 114.807 0.001 114.782 114.648 0.001 114.628
0.262 0.024 0.287 0.251 0.013 0.264 99.949 0.111 100.034 113.979 0.039 113.998 114.125 0.049 114.151
0.262 0.017 0.279 0.236 0.021 0.257 98.938 0.118 99.031 114.647 0.003 114.621 114.612 0.023 114.607
0.25 0.034 0.284 0.25 0.013 0.261 99.29 0.181 99.451 114.987 0.112 115.074 114.956 0.1 115.03
0.26 0.025 0.285 0.248 0.014 0.262 99.494 0.104 99.578 115.171 0.019 115.167 115.149 0.041 115.165
0.256 0.03 0.287 0.25 0.014 0.264 99.445 0.164 99.587 114.786 0.067 114.83 114.793 0.028 114.796
0.26 0.02 0.28 0.241 0.018 0.258 100.023 0.185 100.187 115.779 0 115.754 115.092 0 115.074
0.265 0.024 0.29 0.251 0.013 0.264 99.527 0.13 99.635 114.821 0 114.803 114.124 0 114.098
0.261 0.024 0.285 0.251 0.014 0.265 99.485 0.097 99.561 115.121 0 115.097 115.192 0 115.165
0.269 0.018 0.286 0.242 0.023 0.266 100.052 0.096 100.127 115.582 0 115.558 115.026 0.014 115.023
0.255 0.03 0.285 0.242 0.021 0.263 99.528 0.173 99.68 113.801 0 113.781 113.994 0 113.975
0.259 0.026 0.285 0.25 0.013 0.262 99.079 0.263 99.328 114.253 0.024 114.253 113.75 0.047 113.792
0.268 0.02 0.288 0.254 0.011 0.264 99.713 0.107 99.795 115.601 0.001 115.575 114.58 0 114.558
0.258 0.023 0.281 0.24 0.018 0.258 99.35 0.167 99.512 114.694 0 114.669 114.636 0 114.612
0.263 0.021 0.284 0.251 0.011 0.262 100.011 0.159 100.148 115.796 0.003 115.776 115.59 0.058 115.634
0.271 0.017 0.288 0.248 0.016 0.264 99.205 0.182 99.365 114.74 0.071 114.792 113.942 0.049 113.967
0.26 0.028 0.287 0.246 0.019 0.266 99.362 0.122 99.461 114.298 0.052 114.333 113.356 0.084 113.415
0.253 0.033 0.286 0.248 0.015 0.263 99.485 0.107 99.57 114.131 0.001 114.116 113.896 0 113.872
0.259 0.024 0.282 0.242 0.018 0.261 98.611 0.078 98.675 113.41 0 113.387 113.109 0 113.101
0.262 0.022 0.284 0.246 0.018 0.263 99.212 0.177 99.367 115.16 0.017 115.153 114.772 0.001 114.755
0.263 0.026 0.288 0.246 0.019 0.266 99.821 0.143 99.943 115.407 0 115.381 115.346 0.001 115.322
0.26 0.025 0.283 0.242 0.02 0.263 99.205 0.145 99.329 114.696 0.005 114.677 114.663 0.025 114.664
0.251 0.028 0.279 0.246 0.01 0.256 98.894 0.075 98.946 114.878 0 114.851 114.82 0 114.794
0.271 0.019 0.29 0.247 0.02 0.267 99.939 0.108 100.026 115.378 0.001 115.355 115.359 0.00299999999999995 115.338
0.265 0.023 0.288 0.248 0.018 0.265 100.286 0.14 100.403 116.133 0.002 116.11 116.255 0 116.228
0.258 0.024 0.282 0.242 0.017 0.258 99.886 0.134 100 115.416 0.002 115.394 115.458 0 115.432
0.261 0.024 0.286 0.243 0.021 0.263 99.656 0.112 99.748 115.229 0.001 115.205 115.122 0 115.097
0.264 0.025 0.289 0.249 0.017 0.265 98.975 0.163 99.117 114.611 0.063 114.649 114.601 0.064 114.641
0.259 0.026 0.286 0.248 0.015 0.263 100.179 0.102 100.265 114.585 0.001 114.561 114.529 0 114.514
0.256 0.029 0.285 0.248 0.016 0.264 99.532 0.152 99.66 114.888 0 114.872 113.491 0 113.466
0.261 0.022 0.283 0.246 0.016 0.262 99.417 0.158 99.559 115.268 0.043 115.294 115.216 0.057 115.254
0.26 0.024 0.283 0.238 0.017 0.255 99.093 0.149 99.221 114.688 0.049 114.712 114.608 0.062 114.646
0.269 0.017 0.287 0.243 0.021 0.263 99.867 0.141 99.983 114.592 0.002 114.575 114.711 0 114.681
0.259 0.027 0.286 0.245 0.02 0.265 99.638 0.105 99.72 114.906 0 114.881 114.821 0 114.794
0.262 0.021 0.283 0.249 0.013 0.262 99.573 0.116 99.666 114.96 0.057 114.998 113.875 0.025 113.873
0.263 0.022 0.285 0.241 0.022 0.263 99.62 0.131 99.729 115.342 0.024 115.342 115.298 0.047 115.319
0.263 0.026 0.289 0.243 0.024 0.267 99.852 0.128 99.958 114.938 0.001 114.915 114.852 0 114.827
0.259 0.028 0.288 0.248 0.018 0.265 98.362 0.156 98.505 113.597 0.004 113.574 113.089 0 113.088
0.26 0.023 0.283 0.247 0.014 0.261 99.164 0.129 99.273 114.797 0 114.773 114.806 0 114.783
0.256 0.027 0.283 0.247 0.014 0.261 99.387 0.183 99.547 114.857 0.035 114.866 114.843 0.032 114.848
0.265 0.021 0.286 0.244 0.02 0.264 100.191 0.14 100.308 115.561 0 115.537 115.685 0 115.659
0.264 0.019 0.284 0.245 0.016 0.26 99.146 0.216 99.34 114.754 0.076 114.805 114.725 0.106 114.806
0.258 0.025 0.283 0.252 0.011 0.264 99.786 0.112 99.874 115.634 0 115.608 115.659 0 115.632
0.26 0.028 0.287 0.252 0.017 0.268 99.782 0.109 99.869 115.263 0 115.236 115.151 0 115.125
0.255 0.029 0.284 0.251 0.014 0.264 100.949 0.117 101.043 117.064 0.003 117.041 116.127 0.021 116.129
0.259 0.026 0.286 0.247 0.019 0.266 99.506 0.155 99.638 115.102 0.028 115.105 115.104 0.001 115.078
0.264 0.023 0.287 0.248 0.016 0.264 99.551 0.157 99.687 114.058 0.049 114.088 113.774 0.054 113.804
0.256 0.021 0.277 0.241 0.014 0.255 99.013 0.112 99.104 113.598 0 113.577 113.379 0 113.362
0.262 0.025 0.288 0.246 0.02 0.266 99.953 0.152 100.081 115.21 0.002 115.186 114.217 0.01 114.206
0.267 0.021 0.288 0.253 0.014 0.267 100.406 0.104 100.488 114.207 0.001 114.191 114.562 0 114.541
0.264 0.029 0.293 0.252 0.018 0.271 99.966 0.127 100.069 115.503 0.011 115.489 115.468 0.018 115.46
0.253 0.03 0.283 0.251 0.012 0.263 99.767 0.14 99.885 115.125 0.051 115.152 114.091 0.063 114.137
0.266 0.022 0.288 0.257 0.011 0.267 99.724 0.127 99.83 115.117 0.002 115.093 115.027 0.001 115.003
0.262 0.023 0.286 0.253 0.00999999999999998 0.262 99.48 0.175 99.633 114.857 0 114.839 113.642 0 113.616
0.256 0.029 0.284 0.245 0.016 0.262 99.178 0.23 99.386 114.797 0.029 114.799 114.775 0.017 114.766
0.256 0.028 0.285 0.243 0.02 0.262 99.263 0.133 99.374 114.905 0.062 114.942 114.89 0.047 114.914
0.25 0.03 0.281 0.248 0.012 0.259 99.103 0.161 99.242 113.77 0 113.754 113.459 0 113.442
0.261 0.018 0.279 0.24 0.017 0.256 99.809 0.161 99.947 115.33 0.081 115.387 115.252 0.003 115.228
0.263 0.022 0.284 0.242 0.02 0.263 98.089 0.139 98.215 113.655 0.04 113.669 113.167 0.027 113.198
0.257 0.026 0.284 0.237 0.02 0.257 99.581 0.105 99.664 115.511 0 115.484 114.774 0 114.757
0.258 0.026 0.284 0.242 0.02 0.261 99.994 0.134 100.106 115.559 0 115.533 115.54 0 115.511
0.255 0.027 0.283 0.244 0.02 0.262 99.363 0.157 99.5 115.086 0 115.06 115.064 0.001 115.039
0.272 0.013 0.284 0.254 0.00900000000000001 0.263 99.98 0.146 100.104 115.678 0 115.654 115.606 0 115.581
0.264 0.022 0.285 0.246 0.018 0.264 98.947 0.171 99.102 114.2 0.001 114.174 113.701 0 113.7
0.258 0.025 0.283 0.243 0.018 0.261 98.883 0.128 98.997 113.351 0 113.327 113.057 0 113.049
0.262 0.022 0.285 0.246 0.016 0.262 99.925 0.121 100.023 117.833 0.001 117.81 117.834 0.001 117.808
0.259 0.023 0.282 0.241 0.019 0.26 99.173 0.198 99.35 114.958 0.065 114.998 114.968 0.0610000000000001 115.005
0.265 0.02 0.286 0.25 0.014 0.263 99.671 0.145 99.794 115.225 0.004 115.204 115.079 0 115.053
0.249 0.034 0.283 0.245 0.019 0.264 99.68 0.13 99.788 115.145 0.001 115.121 115.076 0 115.05
0.261 0.026 0.287 0.245 0.021 0.266 99.792 0.118 99.888 115.226 0.001 115.203 115.23 0 115.204
0.27 0.024 0.294 0.25 0.021 0.271 99.187 0.167 99.335 113.107 0.057 113.14 113.435 0.174 113.593
0.263 0.023 0.285 0.24 0.018 0.257 99.318 0.098 99.394 114.931 0.064 114.968 115.069 0.07 115.114
0.258 0.027 0.285 0.247 0.015 0.261 99.17 0.234 99.383 114.776 0 114.75 114.762 0 114.738
0.258 0.021 0.279 0.246 0.011 0.257 99.109 0.14 99.228 114.871 0.00600000000000001 114.853 114.785 0.001 114.762
0.26 0.026 0.286 0.246 0.017 0.263 99.16 0.097 99.236 114.755 0 114.731 114.743 0.00700000000000001 114.726
0.259 0.021 0.28 0.239 0.019 0.257 99.823 0.189 99.991 115.622 0.019 115.616 114.985 0.019 114.984
0.264 0.022 0.285 0.24 0.023 0.264 99.394 0.175 99.547 114.615 0.079 114.675 113.83 0.049 113.856
0.26 0.026 0.286 0.239 0.026 0.265 99.579 0.091 99.649 115.539 0.001 115.518 115.038 0.001 115.02
0.255 0.03 0.286 0.249 0.013 0.262 99.755 0.113 99.845 113.419 0 113.399 113.527 0 113.512
0.253 0.028 0.281 0.245 0.017 0.261 99.083 0.139 99.201 114.768 0.059 114.804 114.78 0.046 114.803
0.259 0.024 0.283 0.244 0.022 0.265 100.146 0.114 100.235 115.365 0.016 115.353 114.365 0.027 114.369
0.264 0.024 0.287 0.252 0.011 0.264 99.335 0.111 99.425 114.801 0.001 114.776 114.179 0.002 114.166
0.253 0.026 0.279 0.244 0.014 0.258 99.225 0.102 99.305 115.222 0.001 115.199 115.248 0 115.222
0.256 0.023 0.279 0.231 0.026 0.257 98.929 0.113 99.021 115.171 0.002 115.149 115.18 0.005 115.162
0.267 0.02 0.288 0.25 0.012 0.262 99.034 0.143 99.154 114.511 0 114.495 113.534 0 113.51
0.259 0.024 0.283 0.241 0.022 0.263 98.975 0.135 99.089 114.503 0.001 114.478 114.073 0.002 114.057
0.26 0.026 0.285 0.243 0.019 0.263 99.269 0.15 99.395 114.983 0.013 114.97 114.945 0 114.919
0.255 0.029 0.284 0.236 0.026 0.261 99.04 0.128 99.149 113.41 0.001 113.394 113.177 0 113.159
0.263 0.023 0.287 0.246 0.02 0.266 99.588 0.125 99.697 114.071 0.0580000000000001 114.103 113.977 0.066 114.032
0.262 0.027 0.288 0.251 0.014 0.265 99.994 0.157 100.129 115.492 0.032 115.503 114.3 0.042 114.317
0.256 0.024 0.28 0.236 0.021 0.257 99.673 0.163 99.813 115.176 0.002 115.155 115.113 0 115.088
0.262 0.025 0.287 0.245 0.018 0.264 99.74 0.169 99.887 115.193 0.005 115.173 115.07 0.024 115.069
0.257 0.027 0.284 0.247 0.016 0.262 99.144 0.092 99.216 114.806 0 114.781 114.73 0 114.705
0.267 0.014 0.28 0.242 0.017 0.26 98.98 0.274 99.28 113.302 0.063 113.403 113.059 0.076 113.163
0.26 0.024 0.284 0.251 0.011 0.262 99.979 0.103 100.065 115.187 0.002 115.176 114.685 0 114.672
0.263 0.022 0.285 0.24 0.024 0.265 99.218 0.187 99.384 114.725 0.061 114.76 114.108 0.043 114.135
0.266 0.018 0.283 0.251 0.00999999999999998 0.261 99.043 0.135 99.157 114.82 0 114.793 114.942 0 114.917
0.264 0.02 0.284 0.246 0.017 0.262 99.165 0.095 99.238 114.821 0.002 114.796 114.774 0 114.748
0.262 0.017 0.279 0.242 0.014 0.256 99.533 0.092 99.605 115.006 0.002 114.983 115.002 0.003 114.98
0.264 0.025 0.288 0.25 0.016 0.267 99.715 0.131 99.827 115.153 0.011 115.14 115.154 0.025 115.152
0.26 0.028 0.288 0.241 0.024 0.265 98.213 0.115 98.311 113.607 0 113.58 113.126 0.00699999999999995 113.136
0.261 0.018 0.278 0.241 0.015 0.256 99.337 0.179 99.496 115.372 0.054 115.403 115.363 0.079 115.418
0.257 0.021 0.279 0.243 0.014 0.257 99.063 0.184 99.222 114.106 0.001 114.086 113.785 0 113.767
0.255 0.023 0.278 0.242 0.014 0.256 99.123 0.127 99.228 114.748 0.063 114.786 114.695 0.079 114.749
0.258 0.026 0.285 0.241 0.022 0.262 99.012 0.207 99.198 114.471 0 114.446 114.511 0 114.487
0.268 0.016 0.284 0.25 0.015 0.265 99.531 0.103 99.611 115.928 0.045 115.946 114.863 0.043 114.89
0.254 0.03 0.284 0.248 0.015 0.262 99.418 0.187 99.583 114.937 0.034 114.945 114.971 0.043 114.988
0.265 0.019 0.284 0.249 0.014 0.262 99.485 0.156 99.62 114.476 0 114.457 113.922 0 113.898
0.254 0.031 0.285 0.248 0.015 0.263 99.538 0.08 99.596 114.952 0 114.927 114.918 0 114.892
0.263 0.019 0.282 0.244 0.019 0.263 99.469 0.151 99.597 115.159 0.00599999999999995 115.138 115.104 0.025 115.103
0.259 0.03 0.289 0.242 0.024 0.266 99.738 0.189 99.904 115.269 0.005 115.248 115.178 0 115.151
0.26 0.021 0.281 0.248 0.016 0.264 98.879 0.153 99.011 114.581 0.082 114.637 114.565 0 114.541
0.256 0.028 0.284 0.24 0.024 0.264 100.097 0.171 100.243 115.909 0.01 115.892 114.882 0.002 114.865
0.268 0.019 0.288 0.248 0.017 0.263 99.898 0.141 100.018 115.252 0.069 115.295 115.347 0.054 115.375
0.272 0.02 0.293 0.253 0.019 0.271 100.725 0.13 100.834 115.963 0.004 115.942 116.007 0 115.982
0.263 0.024 0.287 0.249 0.018 0.267 100.173 0.147 100.316 115.204 0 115.181 115.093 0 115.068
0.258 0.026 0.284 0.242 0.021 0.264 99.547 0.108 99.632 115.115 0 115.092 115.103 0 115.077
0.263 0.023 0.286 0.249 0.014 0.263 99.654 0.201 99.832 114.772 0.079 114.833 113.772 0.132 113.878
0.26 0.027 0.286 0.247 0.016 0.264 100.012 0.124 100.113 115.543 0.001 115.518 115.546 0.001 115.521
0.251 0.029 0.28 0.252 0.011 0.263 98.954 0.098 99.03 114.594 0 114.568 114.62 0 114.594
0.263 0.023 0.287 0.244 0.02 0.264 100.033 0.134 100.141 115.784 0.00700000000000001 115.762 115.051 0.02 115.05
0.258 0.024 0.282 0.232 0.027 0.257 99.404 0.179 99.561 114.936 0 114.91 114.926 0 114.899
0.262 0.026 0.287 0.249 0.016 0.265 99.198 0.104 99.282 114.732 0.00700000000000001 114.713 114.689 0.003 114.668
0.262 0.023 0.286 0.245 0.019 0.264 99.63 0.179 99.787 115.341 0.027 115.345 114.947 0.021 114.943
0.261 0.018 0.278 0.243 0.02 0.263 98.803 0.086 98.876 113.503 0.001 113.479 113.163 0 113.159
0.256 0.028 0.285 0.237 0.025 0.262 99.296 0.148 99.421 114.896 0.004 114.875 115.028 0.001 115.003
0.262 0.023 0.284 0.24 0.022 0.263 99.275 0.129 99.382 114.945 0 114.921 115.028 0 115.002
0.261 0.029 0.29 0.234 0.025 0.259 98.97 0.134 99.087 113.693 0 113.666 113.334 0 113.323
0.267 0.016 0.283 0.24 0.021 0.261 99.249 0.147 99.375 113.8 0.05 113.833 113.536 0.034 113.552
0.249 0.029 0.278 0.241 0.015 0.256 99.496 0.118 99.592 115.277 0.003 115.254 115.207 0.002 115.182
0.259 0.025 0.285 0.245 0.019 0.263 99.536 0.101 99.617 115.355 0.001 115.332 115.523 0 115.5
0.265 0.014 0.28 0.241 0.017 0.257 99.454 0.1 99.533 115.26 0.002 115.238 115.247 0 115.223
0.258 0.026 0.286 0.24 0.018 0.257 99.255 0.164 99.398 114.915 0.06 114.95 114.803 0.107 114.885
0.265 0.018 0.284 0.243 0.019 0.26 98.964 0.138 99.081 114.696 0.044 114.712 114.828 0.058 114.86
0.262 0.016 0.278 0.245 0.016 0.261 99.037 0.11 99.124 114.372 0 114.352 113.386 0 113.36
0.253 0.026 0.28 0.241 0.017 0.257 99.132 0.115 99.226 114.872 0 114.848 114.876 0 114.851
0.267 0.021 0.287 0.242 0.022 0.265 100.398 0.184 100.56 115.937 0.025 115.937 115.531 0.027 115.54
0.265 0.022 0.286 0.241 0.022 0.262 99.627 0.096 99.702 115.074 0.002 115.057 113.944 0 113.917
0.264 0.022 0.285 0.247 0.017 0.265 100.346 0.18 100.504 116.063 0 116.037 115.812 0 115.786
0.262 0.023 0.285 0.245 0.019 0.264 99.783 0.152 99.913 115.334 0 115.309 115.269 0 115.243
0.259 0.026 0.286 0.249 0.016 0.264 99.643 0.144 99.765 115.115 0.044 115.136 115.115 0.048 115.136
0.254 0.026 0.278 0.241 0.016 0.257 99.497 0.146 99.619 115.073 0.049 115.093 114.152 0.034 114.165
0.261 0.023 0.284 0.245 0.016 0.262 98.97 0.171 99.119 114.987 0.001 114.962 114.57 0.001 114.555
0.259 0.025 0.285 0.242 0.02 0.261 99.14 0.161 99.282 114.896 0.102 114.972 114.883 0.0700000000000001 114.93
0.261 0.027 0.288 0.243 0.021 0.264 99.643 0.141 99.763 115.484 0.098 115.559 114.767 0 114.749
0.264 0.024 0.288 0.248 0.02 0.267 99.858 0.146 99.983 114.589 0.043 114.615 114.007 0.039 114.021
0.26 0.025 0.285 0.243 0.019 0.262 99.17 0.26 99.409 114.704 0.152 114.832 114.775 0.323 115.074
0.257 0.028 0.284 0.242 0.02 0.263 99.084 0.092 99.15 114.837 0.003 114.812 113.879 0 113.855
0.254 0.027 0.28 0.243 0.018 0.261 97.917 0.104 98.009 113.668 0 113.646 112.933 0.001 112.933
0.254 0.026 0.28 0.234 0.025 0.259 99.42 0.174 99.573 115.091 0 115.066 114.588 0 114.568
0.262 0.021 0.283 0.245 0.016 0.261 99.247 0.151 99.377 115.06 0.053 115.089 114.997 0.075 115.047
0.257 0.029 0.286 0.245 0.016 0.261 98.946 0.123 99.046 114.633 0 114.609 113.773 0 113.755
0.257 0.028 0.285 0.248 0.017 0.264 99.732 0.104 99.814 113.926 0.075 113.981 114.182 0.069 114.237
0.263 0.024 0.286 0.243 0.02 0.263 99.42 0.134 99.532 114.967 0.051 114.998 113.567 0.08 113.622
0.253 0.032 0.284 0.241 0.02 0.261 99.302 0.098 99.378 114.798 0 114.771 114.732 0 114.706
0.254 0.031 0.285 0.243 0.019 0.261 99.178 0.19 99.353 114.742 0.043 114.766 114.694 0.027 114.704
0.259 0.024 0.283 0.241 0.021 0.261 99.018 0.111 99.113 114.554 0.001 114.536 114.523 0 114.505
0.257 0.026 0.282 0.244 0.013 0.258 99.19 0.117 99.286 114.984 0.05 115.009 114.959 0.034 114.969
0.259 0.028 0.286 0.247 0.016 0.263 99.226 0.145 99.35 114.168 0 114.152 113.271 0 113.246
0.254 0.025 0.279 0.237 0.02 0.257 99.925 0.127 100.03 115.042 0.001 115.029 114.009 0 113.984
0.259 0.028 0.286 0.248 0.016 0.265 99.686 0.1 99.764 115.219 0 115.195 115.142 0 115.123
0.265 0.02 0.285 0.243 0.02 0.263 99.264 0.111 99.353 115.034 0.001 115.011 115.051 0.001 115.027
0.264 0.02 0.284 0.244 0.019 0.262 100.134 0.172 100.283 115.58 0 115.554 115.54 0 115.515
0.256 0.029 0.285 0.243 0.02 0.263 98.989 0.097 99.072 113.746 0 113.719 113.424 0.015 113.426
0.25 0.031 0.281 0.242 0.019 0.261 99.06 0.143 99.183 114.799 0.03 114.806 114.734 0.02 114.73
0.251 0.03 0.28 0.248 0.015 0.264 99.434 0.16 99.572 114.969 0.001 114.947 113.709 0 113.688
0.253 0.032 0.285 0.244 0.019 0.262 99.326 0.259 99.565 115.488 0 115.464 115.399 0 115.379
0.258 0.028 0.286 0.245 0.02 0.265 99.723 0.138 99.839 114.347 0.02 114.351 114.025 0.032 114.032
0.254 0.03 0.283 0.243 0.018 0.261 98.363 0.157 98.507 113.464 0.017 113.455 113.149 0.015 113.152
0.254 0.032 0.284 0.241 0.021 0.262 99.332 0.196 99.506 113.975 0.047 114.005 113.615 0.035 113.633
0.259 0.024 0.283 0.247 0.016 0.262 99.108 0.101 99.186 114.803 0.002 114.778 114.781 0 114.756
0.262 0.023 0.285 0.241 0.022 0.263 99.052 0.114 99.143 114.565 0 114.54 114.491 0 114.468
0.266 0.018 0.284 0.251 0.012 0.263 99.325 0.112 99.414 114.576 0.001 114.552 114.486 0 114.462
0.259 0.028 0.287 0.243 0.022 0.265 99.817 0.165 99.956 115.252 0.052 115.284 114.703 0.023 114.702
0.265 0.02 0.284 0.252 0.012 0.264 100.606 0.128 100.711 116.691 0 116.673 115.387 0 115.362
0.256 0.027 0.283 0.246 0.016 0.263 99.577 0.133 99.687 115.042 0.014 115.029 114.956 0.023 114.953
0.256 0.026 0.281 0.246 0.016 0.262 99.667 0.126 99.769 115.121 0 115.096 114.44 0 114.421
0.26 0.026 0.286 0.246 0.017 0.264 99.63 0.137 99.743 115.039 0.08 115.093 114.961 0.134 115.068
0.259 0.019 0.278 0.243 0.013 0.257 99.391 0.18 99.549 114.892 0.003 114.87 114.816 0 114.79
0.263 0.019 0.282 0.241 0.022 0.263 99.756 0.118 99.851 115.317 0 115.293 115.255 0 115.23
0.256 0.03 0.285 0.244 0.02 0.264 100.4 0.173 100.551 115.783 0 115.759 115.703 0 115.676
0.265 0.024 0.289 0.247 0.018 0.265 99.337 0.154 99.469 113.85 0.064 113.895 113.765 0.059 113.801
0.259 0.027 0.285 0.245 0.018 0.263 99.042 0.123 99.142 114.574 0 114.548 114.545 0 114.52
0.267 0.018 0.285 0.251 0.014 0.265 99.934 0.111 100.022 115.386 0 115.365 114.381 0 114.354
0.263 0.022 0.286 0.245 0.019 0.263 99.779 0.123 99.879 115.222 0.05 115.248 115.241 0.046 115.261
0.265 0.012 0.278 0.239 0.017 0.255 99.23 0.141 99.35 115.02 0 114.995 114.904 0 114.879
0.262 0.019 0.281 0.232 0.025 0.257 99.358 0.139 99.482 114.296 0.001 114.27 113.846 0 113.848
0.258 0.027 0.285 0.253 0.00999999999999998 0.263 99.609 0.131 99.718 114.959 0.054 114.988 114.926 0.033 114.934
0.264 0.023 0.287 0.248 0.017 0.264 99.921 0.122 100.018 115.516 0.047 115.535 114.089 0.003 114.069
0.261 0.024 0.284 0.238 0.025 0.264 100.168 0.106 100.252 115.382 0.027 115.385 114.972 0.033 114.98
0.255 0.024 0.279 0.239 0.016 0.255 97.896 0.11 97.993 113.644 0.027 113.645 112.992 0.019 113.019
0.262 0.022 0.285 0.245 0.017 0.262 99.154 0.11 99.241 114.941 0.002 114.918 114.956 0 114.93
0.26 0.022 0.283 0.245 0.017 0.26 98.96 0.186 99.126 114.569 0 114.544 114.448 0 114.423
0.265 0.019 0.284 0.244 0.017 0.262 98.05 0.158 98.191 113.875 0.057 113.904 113.181 0.079 113.264
0.262 0.021 0.283 0.248 0.013 0.261 99.21 0.11 99.299 113.686 0 113.671 113.417 0 113.397
0.263 0.02 0.282 0.242 0.017 0.26 97.67 0.136 97.79 114.314 0 114.289 113.66 0 113.652
0.26 0.024 0.284 0.248 0.015 0.262 99.583 0.128 99.688 114.857 0.001 114.832 114.353 0 114.332
0.261 0.019 0.28 0.244 0.015 0.258 99.301 0.16 99.439 114.894 0.036 114.906 114.83 0.00800000000000001 114.813
0.258 0.027 0.285 0.249 0.017 0.266 99.551 0.137 99.665 114.384 0 114.364 113.726 0.001 113.701
0.263 0.02 0.283 0.246 0.016 0.262 99.089 0.134 99.202 114.832 0 114.807 114.841 0 114.817
0.256 0.024 0.28 0.245 0.013 0.258 100.099 0.152 100.23 116.068 0.056 116.098 115.752 0.059 115.791
0.271 0.018 0.29 0.251 0.016 0.267 99.668 0.111 99.756 115.251 0 115.23 114.057 0 114.033
0.258 0.029 0.287 0.25 0.015 0.264 98.48 0.119 98.588 113.984 0.003 113.966 113.482 0 113.477
0.26 0.026 0.285 0.241 0.023 0.264 99.626 0.119 99.725 114.914 0.00800000000000001 114.897 114.931 0.004 114.91
0.261 0.026 0.287 0.247 0.016 0.263 99.402 0.18 99.561 115.152 0.086 115.214 114.954 0.002 114.937
0.257 0.022 0.28 0.242 0.015 0.257 99.002 0.133 99.109 114.392 0.00600000000000001 114.37 113.559 0.012 113.549
0.259 0.025 0.283 0.244 0.017 0.262 99.176 0.145 99.3 114.851 0 114.826 114.85 0 114.826
0.262 0.028 0.289 0.245 0.021 0.266 99.403 0.102 99.484 114.967 0.001 114.943 114.97 0 114.945
0.254 0.026 0.28 0.244 0.014 0.257 99.292 0.117 99.388 114.893 0 114.87 114.787 0 114.764
0.264 0.025 0.289 0.247 0.02 0.267 99.862 0.188 100.03 115.785 0.005 115.767 115.024 0.02 115.026
0.266 0.02 0.286 0.241 0.021 0.262 99.665 0.107 99.751 113.69 0 113.669 113.882 0 113.859
0.252 0.028 0.28 0.24 0.019 0.259 99.248 0.133 99.36 114.818 0 114.793 114.76 0 114.737
0.261 0.022 0.284 0.243 0.019 0.261 99.033 0.078 99.086 114.546 0 114.517 113.71 0 113.689
0.265 0.022 0.287 0.251 0.013 0.264 98.037 0.136 98.16 113.686 0 113.669 113.043 0.001 113.041
0.258 0.026 0.283 0.239 0.023 0.262 99.229 0.201 99.409 114.942 0 114.917 115.042 0.002 115.019
0.263 0.025 0.288 0.252 0.013 0.266 99.608 0.108 99.693 115.28 0.003 115.258 113.938 0.023 113.942
0.265 0.021 0.286 0.25 0.017 0.267 100.772 0.108 100.857 116.232 0.002 116.209 116.119 0.001 116.094
0.264 0.022 0.287 0.247 0.017 0.263 99.872 0.094 99.945 115.32 0.005 115.301 115.322 0 115.295
0.26 0.025 0.285 0.252 0.011 0.263 99.313 0.125 99.416 114.543 0.044 114.57 113.801 0.037 113.814
0.258 0.026 0.285 0.244 0.018 0.261 99.025 0.141 99.148 114.608 0.005 114.588 113.671 0 113.654
0.258 0.025 0.283 0.251 0.015 0.266 98.926 0.133 99.054 114.703 0 114.677 114.716 0.022 114.714
0.257 0.027 0.284 0.241 0.02 0.261 99.239 0.123 99.346 114.462 0.032 114.476 114.382 0.028 114.391
0.262 0.024 0.286 0.244 0.018 0.262 99.149 0.186 99.314 114.659 0 114.634 114.632 0 114.609
0.258 0.027 0.284 0.247 0.016 0.263 99.263 0.13 99.372 114.807 0.001 114.781 114.748 0 114.722
0.268 0.02 0.288 0.251 0.015 0.265 99.65 0.185 99.813 113.777 0.002 113.761 113.821 0 113.803
0.261 0.023 0.285 0.245 0.018 0.262 100.124 0.133 100.235 114.954 0.003 114.937 113.7 0 113.674
0.269 0.015 0.284 0.239 0.019 0.258 98.677 0.127 98.791 113.483 0.002 113.461 113.229 0.003 113.224
0.264 0.021 0.285 0.245 0.017 0.263 99.13 0.078 99.186 114.771 0.001 114.747 114.795 0 114.77
0.249 0.031 0.281 0.246 0.013 0.258 100.727 0.104 100.808 115.829 0 115.806 115.694 0.001 115.668
0.264 0.022 0.287 0.244 0.021 0.264 100.096 0.131 100.205 115.817 0.042 115.835 115.651 0.048 115.673
0.254 0.026 0.28 0.236 0.021 0.257 99.406 0.094 99.479 114.844 0 114.82 114.79 0 114.764
0.253 0.033 0.285 0.238 0.026 0.263 99.539 0.164 99.681 115.63 0 115.606 115.469 0 115.442
0.264 0.021 0.286 0.248 0.014 0.262 99.367 0.109 99.453 115.015 0.035 115.023 115.029 0.042 115.046
0.258 0.026 0.285 0.252 0.011 0.262 99.115 0.167 99.269 113.795 0 113.767 113.562 0 113.551
0.259 0.026 0.286 0.247 0.016 0.263 99.545 0.137 99.659 115.154 0.089 115.22 115.242 0.067 115.283
0.254 0.032 0.285 0.245 0.017 0.262 99.451 0.108 99.538 114.822 0.001 114.8 114.819 0.001 114.798
0.262 0.028 0.29 0.249 0.02 0.268 100.104 0.153 100.235 117.143 0.075 117.2 116.894 0.09 116.958
0.255 0.027 0.282 0.243 0.018 0.261 99.077 0.1 99.156 114.66 0.002 114.637 114.564 0 114.538
0.256 0.025 0.279 0.241 0.015 0.256 99.057 0.148 99.185 113.885 0.001 113.865 113.646 0.012 113.647
0.264 0.017 0.281 0.245 0.013 0.258 99.375 0.102 99.456 114.666 0.048 114.686 114.112 0.0610000000000001 114.154
0.255 0.033 0.288 0.245 0.019 0.264 99.283 0.171 99.433 114.782 0.001 114.757 114.763 0 114.739
0.263 0.02 0.283 0.243 0.018 0.26 99.161 0.136 99.276 115.012 0.071 115.057 114.976 0.075 115.026
0.261 0.027 0.288 0.252 0.014 0.266 99.211 0.154 99.34 114.156 0.03 114.167 113.742 0 113.725
0.258 0.026 0.284 0.245 0.018 0.263 99.441 0.139 99.57 114.896 0.001 114.892 113.632 0 113.622
0.26 0.028 0.288 0.246 0.021 0.267 99.457 0.112 99.546 115.029 0.00499999999999995 115.008 114.937 0.005 114.916
0.258 0.026 0.284 0.246 0.016 0.263 99.525 0.141 99.643 114.989 0.046 115.01 114.913 0.032 114.918
0.255 0.03 0.284 0.25 0.015 0.265 99.998 0.113 100.088 115.225 0.06 115.258 115.212 0.071 115.256
0.257 0.024 0.281 0.246 0.014 0.26 99.054 0.133 99.165 114.828 0.005 114.807 114.789 0.023 114.788
0.252 0.029 0.281 0.246 0.016 0.262 99.685 0.109 99.772 115.2 0.002 115.178 113.84 0.001 113.825
0.264 0.023 0.287 0.251 0.015 0.266 99.593 0.141 99.712 115.032 0.002 115.01 115.02 0 114.995
0.266 0.018 0.284 0.237 0.025 0.262 99.505 0.077 99.559 114.272 0.001 114.253 113.952 0 113.927
0.252 0.027 0.28 0.238 0.019 0.257 99.042 0.123 99.143 114.801 0.033 114.806 114.917 0.019 114.911
0.259 0.027 0.286 0.246 0.018 0.265 100.706 0.128 100.81 115.987 0 115.965 114.678 0 114.651
0.273 0.015 0.288 0.249 0.017 0.266 100.014 0.1 100.092 115.646 0 115.62 115.604 0 115.578
0.26 0.02 0.28 0.237 0.021 0.257 99.43 0.109 99.517 115.402 0.059 115.438 114.922 0.046 114.95
0.254 0.03 0.284 0.239 0.022 0.261 99.402 0.13 99.51 115.268 0.002 115.245 114.541 0 114.524
0.264 0.022 0.286 0.248 0.016 0.263 99.415 0.106 99.497 115.222 0 115.194 114.159 0 114.137
0.259 0.029 0.287 0.251 0.014 0.264 100.437 0.114 100.531 115.92 0.03 115.924 115.095 0.038 115.115
0.254 0.03 0.284 0.244 0.015 0.259 98.208 0.125 98.322 113.727 0 113.702 113.161 0 113.165
0.262 0.019 0.282 0.24 0.017 0.257 99.703 0.14 99.82 115.248 0.033 115.256 115.278 0.032 115.284
0.264 0.022 0.286 0.242 0.022 0.264 99.066 0.12 99.164 114.518 0.001 114.494 114.519 0 114.494
0.257 0.028 0.284 0.239 0.022 0.261 97.883 0.131 97.999 113.22 0.003 113.195 112.764 0 112.76
0.251 0.028 0.279 0.239 0.017 0.257 99.364 0.145 99.487 114.866 0.047 114.897 114.429 0.083 114.494
0.258 0.029 0.286 0.247 0.017 0.264 98.011 0.138 98.134 114.229 0.002 114.205 113.514 0.003 113.51
0.251 0.028 0.279 0.239 0.017 0.257 99.328 0.153 99.458 114.938 0.045 114.957 114.914 0.038 114.925
0.267 0.018 0.286 0.25 0.014 0.262 100.326 0.154 100.457 115.414 0.005 115.393 115.347 0 115.32
0.257 0.023 0.28 0.239 0.017 0.257 99.325 0.127 99.43 115.093 0.056 115.125 115.014 0.09 115.078
0.257 0.027 0.284 0.245 0.017 0.262 99.493 0.133 99.603 114.322 0 114.302 113.528 0.001 113.504
0.263 0.024 0.287 0.248 0.017 0.265 98.437 0.098 98.523 113.937 0 113.913 113.232 0 113.23
0.249 0.032 0.281 0.231 0.028 0.259 100.062 0.114 100.153 117.422 0 117.397 117.035 0 117.013
0.257 0.029 0.286 0.243 0.02 0.263 99.393 0.121 99.491 115.343 0 115.322 114.319 0.015 114.308
0.267 0.017 0.283 0.249 0.012 0.262 99.143 0.134 99.264 113.522 0 113.497 113.317 0 113.306
0.261 0.028 0.289 0.247 0.021 0.268 99.315 0.155 99.45 115.024 0 115 115.092 0 115.067
0.26 0.022 0.283 0.242 0.02 0.261 99.052 0.13 99.161 114.819 0.036 114.83 114.789 0.039 114.804
0.261 0.024 0.284 0.244 0.018 0.262 99.366 0.101 99.445 114.885 0 114.861 114.898 0 114.873
0.26 0.021 0.28 0.24 0.018 0.259 99.024 0.165 99.163 114.882 0.00900000000000001 114.862 114.085 0.004 114.067
0.258 0.025 0.284 0.25 0.012 0.262 99.668 0.146 99.792 115.156 0 115.136 113.959 0 113.939
0.258 0.025 0.283 0.245 0.016 0.261 99.154 0.179 99.311 114.992 0.102 115.068 114.965 0.002 114.942
0.248 0.032 0.28 0.242 0.014 0.256 99.038 0.104 99.122 114.75 0.001 114.725 114.778 0.018 114.773
0.264 0.025 0.289 0.254 0.012 0.266 99.611 0.132 99.721 114.99 0 114.968 114.304 0 114.286
0.267 0.017 0.285 0.246 0.017 0.263 99.679 0.139 99.795 114.272 0.003 114.257 114.244 0.00199999999999995 114.227
0.265 0.019 0.284 0.247 0.015 0.263 99.28 0.165 99.423 115.135 0.057 115.169 115.135 0.043 115.154
0.258 0.023 0.28 0.237 0.021 0.259 99.416 0.134 99.524 115.058 0.001 115.031 114.077 0 114.054
0.251 0.028 0.279 0.238 0.02 0.258 99.18 0.237 99.395 114.838 0.091 114.904 115.03 0.0529999999999999 115.057
0.261 0.025 0.286 0.252 0.012 0.264 99.797 0.146 99.921 115.807 0.001 115.783 114.307 0 114.288
0.255 0.03 0.284 0.244 0.019 0.263 99.815 0.127 99.921 115.452 0.001 115.427 115.221 0.001 115.202
0.26 0.025 0.285 0.245 0.02 0.264 99.731 0.106 99.816 115.436 0.015 115.426 115.261 0.005 115.24
0.259 0.027 0.287 0.243 0.021 0.264 99.287 0.119 99.387 114.577 0 114.558 113.384 0 113.361
0.265 0.021 0.287 0.248 0.016 0.264 100.447 0.163 100.586 114.719 0.001 114.704 114.716 0 114.695
0.253 0.032 0.284 0.24 0.023 0.264 99.592 0.158 99.727 114.93 0.002 114.912 113.613 0 113.588
0.26 0.023 0.283 0.244 0.016 0.26 97.945 0.169 98.101 113.311 0.078 113.364 112.897 0.0660000000000001 112.964
0.258 0.023 0.281 0.248 0.01 0.259 99.75 0.081 99.815 114.837 0.001 114.82 114.886 0 114.868
0.255 0.023 0.278 0.236 0.02 0.256 99.033 0.153 99.17 114.658 0.127 114.767 114.622 0.249 114.853
0.258 0.027 0.285 0.236 0.025 0.262 99.399 0.177 99.555 114.925 0.004 114.905 114.941 0.001 114.917
0.263 0.023 0.287 0.244 0.021 0.265 99.547 0.131 99.656 114.698 0.022 114.703 113.833 0.022 113.83
0.258 0.028 0.285 0.237 0.025 0.263 99.853 0.119 99.951 115.172 0 115.149 115.162 0 115.136
0.254 0.027 0.281 0.239 0.019 0.258 99.022 0.161 99.161 114.297 0.057 114.338 113.473 0.038 113.486
0.264 0.019 0.283 0.245 0.015 0.26 100.177 0.183 100.348 115.536 0.064 115.576 115.581 0 115.555
0.256 0.03 0.286 0.25 0.014 0.263 99.681 0.183 99.842 115.459 0.106 115.542 115.328 0.132 115.435
0.259 0.024 0.283 0.246 0.017 0.262 99.01 0.147 99.137 114.914 0 114.888 114.837 0 114.813
0.263 0.02 0.283 0.239 0.02 0.26 99.089 0.207 99.272 114.6 0.025 114.6 114.517 0.014 114.506
0.262 0.022 0.283 0.245 0.016 0.261 99.135 0.152 99.265 115.047 0.005 115.025 114.994 0.031 115
0.26 0.025 0.285 0.251 0.014 0.265 99.01 0.108 99.103 113.712 0.052 113.743 113.472 0.066 113.535
0.256 0.024 0.28 0.241 0.018 0.258 99.646 0.147 99.772 115.168 0.004 115.147 115.185 0.001 115.161
0.268 0.026 0.293 0.241 0.019 0.261 99.462 0.14 99.58 114.947 0.005 114.929 114.88 0.001 114.856
0.266 0.021 0.287 0.245 0.02 0.265 99.612 0.07 99.66 114.445 0.001 114.427 113.952 0 113.928
0.257 0.027 0.284 0.248 0.014 0.262 99.37 0.179 99.527 115.412 0.058 115.445 115.427 0.049 115.449
0.254 0.026 0.281 0.246 0.012 0.258 99.156 0.144 99.278 114.216 0.051 114.25 113.886 0.057 113.923
0.263 0.021 0.284 0.249 0.015 0.263 99.386 0.137 99.5 114.916 0.035 114.927 114.853 0.035 114.861
0.258 0.028 0.286 0.25 0.014 0.264 99.178 0.143 99.3 114.753 0 114.728 114.705 0 114.68
0.26 0.024 0.284 0.243 0.015 0.258 100.05 0.182 100.21 115.01 0.001 114.992 114.358 0 114.333
0.269 0.015 0.285 0.248 0.016 0.263 99.192 0.106 99.274 114.548 0.001 114.528 113.992 0.00800000000000001 113.981
0.255 0.029 0.284 0.243 0.021 0.264 99.887 0.091 99.955 115.43 0 115.411 114.175 0 114.151
0.263 0.022 0.285 0.246 0.017 0.263 99.834 0.089 99.9 115.294 0.001 115.269 115.233 0.001 115.207
0.255 0.029 0.284 0.244 0.022 0.265 99.955 0.156 100.087 115.271 0.027 115.273 115.276 0.039 115.288
0.254 0.032 0.287 0.248 0.016 0.264 99.683 0.14 99.799 115.156 0 115.131 115.114 0 115.086
0.252 0.028 0.28 0.244 0.016 0.258 98.038 0.101 98.126 113.484 0.002 113.46 113.014 0 113.008
0.256 0.027 0.282 0.245 0.018 0.264 99.669 0.113 99.76 115.692 0.001 115.669 115.666 0 115.639
0.262 0.027 0.289 0.251 0.014 0.265 99.788 0.151 99.917 115.197 0.064 115.237 115.186 0.069 115.229
0.257 0.027 0.284 0.243 0.018 0.261 99.821 0.134 99.933 114.529 0.092 114.603 114.169 0.103 114.246
0.261 0.02 0.281 0.24 0.018 0.257 99.987 0.171 100.136 115.483 0.016 115.472 115.401 0.005 115.387
0.259 0.027 0.286 0.247 0.018 0.265 100.041 0.125 100.142 115.351 0.003 115.333 114.155 0 114.129
0.258 0.028 0.286 0.244 0.02 0.264 99.951 0.119 100.048 115.322 0.071 115.368 115.302 0.065 115.345
0.255 0.022 0.277 0.237 0.018 0.254 99.249 0.142 99.371 115.25 0.071 115.296 115.221 0.019 115.216
0.263 0.023 0.286 0.254 0.011 0.265 99.318 0.119 99.415 114.779 0 114.754 114.031 0 114.015
0.265 0.024 0.289 0.242 0.024 0.267 99.783 0.12 99.878 115.246 0.00600000000000001 115.223 113.875 0.003 113.856
0.263 0.021 0.284 0.249 0.014 0.263 99.858 0.1 99.937 114.905 0 114.881 114.655 0 114.629
0.253 0.027 0.281 0.246 0.00900000000000001 0.255 98.15 0.144 98.28 113.417 0.004 113.395 113.02 0 113.023
0.258 0.025 0.283 0.25 0.011 0.261 98.902 0.116 98.996 114.636 0.00599999999999995 114.616 114.589 0.032 114.596
0.263 0.021 0.285 0.249 0.015 0.263 98.965 0.14 99.084 114.723 0.065 114.763 114.697 0.053 114.725
0.26 0.021 0.281 0.238 0.02 0.258 99.146 0.091 99.221 114.388 0 114.359 113.977 0 113.979
0.264 0.019 0.283 0.249 0.014 0.264 99.214 0.109 99.303 114.174 0 114.156 113.769 0.001 113.752
0.262 0.022 0.284 0.244 0.021 0.264 99.246 0.157 99.389 114.77 0.043 114.787 114.258 0.066 114.319
0.258 0.028 0.286 0.247 0.016 0.263 99.259 0.127 99.364 114.796 0 114.768 114.755 0 114.73
0.255 0.024 0.28 0.243 0.014 0.256 98.955 0.134 99.066 114.556 0.002 114.532 114.589 0 114.563
0.258 0.028 0.286 0.249 0.015 0.264 99.103 0.182 99.263 115.382 0.001 115.359 115.331 0 115.305
0.257 0.029 0.285 0.244 0.016 0.26 99.932 0.191 100.101 115.294 0.001 115.275 114.332 0 114.307
0.26 0.024 0.284 0.246 0.015 0.261 99.297 0.262 99.537 114.941 0.085 115.003 114.979 0.077 115.03
0.248 0.032 0.28 0.24 0.019 0.259 99.786 0.125 99.889 115.781 0.005 115.761 115.101 0.003 115.085
0.265 0.021 0.286 0.245 0.019 0.264 99.43 0.14 99.549 114.996 0.085 115.055 113.95 0.097 114.028
0.263 0.021 0.284 0.249 0.013 0.262 99.079 0.108 99.174 113.565 0 113.539 113.337 0 113.333
0.267 0.019 0.286 0.248 0.018 0.265 100.161 0.12 100.26 115.512 0.005 115.492 115.442 0.001 115.418
0.265 0.021 0.285 0.244 0.02 0.265 99.227 0.104 99.309 115.145 0 115.122 115.084 0 115.064
0.254 0.029 0.282 0.23 0.026 0.256 99.271 0.091 99.342 114.893 0 114.868 114.819 0 114.794
0.262 0.024 0.287 0.246 0.017 0.263 100.207 0.173 100.357 115.57 0.054 115.599 114.134 0.044 114.16
0.267 0.018 0.285 0.245 0.019 0.263 99.589 0.162 99.729 115.526 0 115.501 115.621 0 115.595
0.265 0.021 0.286 0.247 0.016 0.262 99.494 0.112 99.585 115.217 0.053 115.245 115.234 0.033 115.242
0.258 0.025 0.283 0.242 0.018 0.26 99.516 0.116 99.607 115.319 0.032 115.323 114.439 0.043 114.46
0.255 0.023 0.278 0.239 0.017 0.256 99.153 0.13 99.263 114.873 0 114.848 114.885 0 114.86
0.262 0.022 0.284 0.248 0.014 0.262 99.172 0.132 99.282 115.137 0 115.112 115.017 0 115
0.257 0.024 0.281 0.24 0.022 0.261 99.259 0.11 99.349 114.644 0 114.62 114.549 0 114.526
0.258 0.028 0.286 0.249 0.016 0.265 99.872 0.299 100.151 115.065 0.097 115.138 114.394 0.347 114.723
0.269 0.019 0.288 0.245 0.019 0.264 99.607 0.112 99.696 113.616 0.001 113.6 113.669 0.001 113.655
0.26 0.028 0.288 0.246 0.019 0.265 99.024 0.128 99.131 114.816 0.011 114.803 114.791 0 114.767
0.266 0.023 0.289 0.253 0.015 0.268 99.546 0.11 99.634 116.893 0.00700000000000001 116.885 115.769 0 115.744
0.265 0.023 0.287 0.248 0.017 0.265 99.673 0.106 99.757 114.091 0.003 114.074 113.924 0 113.903
0.252 0.033 0.285 0.243 0.02 0.263 99.755 0.102 99.834 115.072 0.001 115.054 113.689 0 113.664
0.26 0.02 0.28 0.241 0.017 0.258 99.834 0.144 99.956 115.205 0.051 115.229 115.141 0.053 115.167
0.262 0.021 0.283 0.241 0.02 0.261 99.242 0.28 99.507 113.984 0.0790000000000001 114.053 113.38 0.122 113.487
0.254 0.024 0.278 0.243 0.017 0.26 98.976 0.11 99.071 114.52 0.002 114.503 113.383 0 113.372
0.264 0.021 0.284 0.241 0.02 0.261 99.029 0.182 99.191 114.491 0.0600000000000001 114.526 113.52 0.044 113.558
0.261 0.023 0.284 0.249 0.013 0.262 99.355 0.11 99.443 114.237 0 114.219 113.644 0 113.62
0.26 0.024 0.283 0.246 0.016 0.263 99.122 0.158 99.26 114.847 0 114.822 114.835 0.01 114.822
0.263 0.025 0.289 0.25 0.017 0.266 99.218 0.151 99.348 114.625 0.003 114.602 114.556 0 114.532
0.258 0.021 0.278 0.242 0.014 0.256 99.802 0.151 99.932 115.386 0.074 115.435 114.046 0.083 114.114
0.263 0.023 0.286 0.245 0.019 0.264 99.725 0.146 99.85 115.479 0.001 115.455 115.289 0 115.264
0.255 0.03 0.285 0.241 0.021 0.262 99.546 0.117 99.64 115.61 0 115.587 115.532 0 115.507
0.254 0.027 0.281 0.24 0.017 0.257 99.919 0.119 100.016 115.666 0.037 115.677 115.746 0.002 115.721
0.257 0.028 0.285 0.244 0.017 0.261 99.875 0.121 99.973 115.871 0.002 115.847 115.764 0 115.738
0.26 0.025 0.285 0.241 0.021 0.262 99.149 0.107 99.24 113.648 0.002 113.624 113.408 0.002 113.401
0.259 0.025 0.285 0.239 0.024 0.262 99.867 0.099 99.944 115.483 0.001 115.46 114.764 0 114.746
0.264 0.021 0.286 0.249 0.013 0.262 99.837 0.116 99.932 115.194 0.01 115.179 115.083 0.001 115.06
0.262 0.024 0.286 0.247 0.017 0.264 99.841 0.197 100.016 114.187 0.003 114.17 113.942 0.001 113.919
0.257 0.028 0.285 0.243 0.02 0.263 100.222 0.138 100.337 115.743 0.026 115.744 115.835 0.033 115.841
0.265 0.02 0.285 0.245 0.014 0.259 99.87 0.104 99.953 114.678 0.001 114.662 114.385 0 114.362
0.265 0.018 0.283 0.246 0.016 0.262 99.274 0.145 99.395 115.154 0 115.129 115.182 0 115.155
0.254 0.034 0.288 0.248 0.017 0.265 99.389 0.119 99.485 114.781 0 114.757 114.698 0 114.673
0.266 0.022 0.288 0.244 0.02 0.265 99.439 0.139 99.556 115.101 0.021 115.096 115.026 0.016 115.017
0.262 0.023 0.284 0.247 0.016 0.263 99.117 0.142 99.234 114.393 0.00600000000000001 114.379 113.737 0.003 113.717
0.256 0.027 0.283 0.246 0.016 0.263 99.643 0.081 99.7 115.1 0.001 115.086 113.907 0 113.88
0.259 0.026 0.285 0.248 0.015 0.263 99.822 0.123 99.922 115.211 0.001 115.186 115.239 0 115.212
0.253 0.029 0.283 0.246 0.019 0.265 99.624 0.261 99.862 115.056 0.122 115.152 114.64 0.0920000000000001 114.713
0.259 0.027 0.286 0.24 0.023 0.263 99.751 0.204 99.932 115.203 0 115.177 115.322 0 115.294
0.25 0.028 0.278 0.242 0.015 0.257 97.708 0.18 97.874 113.329 0.092 113.396 112.862 0.081 112.938
0.252 0.03 0.281 0.246 0.016 0.262 99.805 0.147 99.931 115.1 0 115.075 115.121 0 115.096
0.265 0.022 0.286 0.246 0.019 0.265 99.773 0.164 99.916 115.252 0 115.226 115.21 0 115.185
0.258 0.026 0.285 0.247 0.017 0.264 99.448 0.115 99.54 113.994 0.003 113.978 113.851 0 113.827
0.256 0.03 0.286 0.246 0.017 0.262 99.384 0.184 99.546 115.105 0.013 115.093 115.096 0.041 115.11
0.264 0.022 0.286 0.253 0.013 0.265 99.975 0.176 100.127 115.323 0.013 115.316 114.091 0.028 114.093
0.266 0.024 0.289 0.253 0.015 0.268 100.179 0.133 100.289 115.416 0.00599999999999995 115.397 115.303 0.033 115.31
0.246 0.031 0.277 0.236 0.018 0.254 99.159 0.106 99.252 115.178 0 115.153 115.059 0 115.034
0.258 0.022 0.28 0.242 0.019 0.261 99.128 0.212 99.34 114.508 0 114.483 114.545 0 114.523
0.251 0.028 0.279 0.242 0.015 0.257 99.26 0.173 99.412 114.714 0.081 114.768 113.708 0.141 113.833
0.265 0.023 0.288 0.251 0.015 0.266 99.677 0.163 99.815 115.325 0.002 115.299 114.037 0.001 114.018
0.266 0.021 0.287 0.251 0.015 0.265 99.614 0.121 99.714 114.954 0.005 114.934 114.573 0 114.548
0.256 0.022 0.278 0.246 0.015 0.262 98.148 0.217 98.35 113.797 0.118 113.891 113.208 0.383 113.593
0.265 0.022 0.288 0.249 0.014 0.262 99.34 0.159 99.478 114.884 0 114.859 115.167 0 115.14
0.262 0.023 0.286 0.251 0.013 0.264 98.981 0.157 99.116 114.881 0.001 114.857 114.88 0 114.854
0.257 0.028 0.285 0.238 0.024 0.262 98.311 0.141 98.436 113.414 0 113.385 113.097 0 113.098
0.26 0.025 0.285 0.25 0.014 0.264 99.237 0.102 99.319 113.904 0.003 113.89 113.589 0.004 113.578
0.273 0.016 0.288 0.251 0.015 0.267 98.154 0.144 98.284 114.004 0.05 114.028 113.374 0.001 113.367
0.261 0.023 0.284 0.243 0.018 0.261 99.39 0.147 99.513 115.076 0 115.051 115.07 0 115.042
0.265 0.021 0.285 0.242 0.017 0.259 99.371 0.092 99.44 114.898 0.00199999999999995 114.874 114.088 0 114.069
0.263 0.017 0.28 0.24 0.016 0.256 99.173 0.154 99.305 114.669 0.051 114.695 114.587 0.024 114.587
0.264 0.022 0.286 0.254 0.011 0.265 99.607 0.178 99.762 114.49 0 114.47 113.655 0 113.629
0.258 0.025 0.283 0.245 0.016 0.261 99.175 0.113 99.267 114.816 0.003 114.795 114.84 0.017 114.833
0.26 0.03 0.291 0.251 0.016 0.266 99.46 0.139 99.577 115.319 0 115.295 114.911 0.002 114.893
0.264 0.025 0.288 0.243 0.022 0.265 100.138 0.177 100.292 116.166 0 116.145 115.192 0 115.167
0.26 0.025 0.285 0.248 0.016 0.263 99.142 0.135 99.261 113.657 0.001 113.634 113.456 0 113.442
0.262 0.021 0.283 0.243 0.019 0.26 99.625 0.172 99.776 115.245 0.056 115.279 115.164 0.051 115.19
0.258 0.028 0.286 0.245 0.018 0.263 99.37 0.164 99.513 115.1 0 115.077 115.231 0 115.206
0.26 0.022 0.282 0.237 0.018 0.256 99.118 0.144 99.24 114.611 0.00199999999999995 114.589 114.559 0 114.534
0.256 0.022 0.278 0.239 0.018 0.256 98.761 0.187 98.924 114.38 0.057 114.409 113.576 0.066 113.62
0.258 0.025 0.282 0.246 0.015 0.261 99.097 0.128 99.205 114.873 0.002 114.85 114.827 0 114.804
0.254 0.024 0.278 0.243 0.013 0.255 99.088 0.159 99.225 114.706 0.026 114.708 114.655 0.028 114.658
0.262 0.025 0.286 0.248 0.016 0.264 99.07 0.164 99.215 115.369 0.039 115.383 115.314 0.035 115.325
0.265 0.023 0.289 0.248 0.018 0.266 100.623 0.136 100.738 117.048 0.085 117.109 116.163 0.061 116.207
0.264 0.022 0.287 0.252 0.014 0.265 99.741 0.138 99.858 113.969 0.001 113.951 113.873 0 113.857
0.272 0.015 0.287 0.248 0.018 0.265 99.233 0.147 99.36 115.162 0.081 115.22 115.134 0.052 115.161
0.266 0.02 0.287 0.247 0.017 0.263 99.389 0.107 99.474 115.315 0 115.289 113.914 0 113.895
0.265 0.02 0.285 0.245 0.019 0.264 100.056 0.142 100.176 115.295 0.001 115.271 115.346 0.000999999999999945 115.321
0.263 0.025 0.287 0.251 0.016 0.267 100.088 0.121 100.188 117.131 0 117.105 117.035 0 117.01
0.263 0.02 0.283 0.244 0.016 0.26 99.184 0.175 99.337 114.651 0 114.626 114.619 0 114.594
0.26 0.022 0.282 0.25 0.013 0.262 99.381 0.175 99.535 114.719 0 114.703 113.592 0 113.567
0.257 0.028 0.285 0.241 0.022 0.263 99.768 0.113 99.86 114.015 0.001 113.997 113.961 0.00700000000000001 113.951
0.258 0.027 0.285 0.245 0.019 0.263 99.496 0.181 99.655 114.736 0.026 114.743 113.57 0.018 113.561
0.251 0.029 0.28 0.236 0.02 0.257 98.964 0.133 99.074 114.484 0.079 114.537 114.627 0.002 114.602
0.26 0.023 0.284 0.247 0.016 0.263 99.516 0.092 99.592 115.201 0.005 115.188 115.177 0.00900000000000001 115.168
0.264 0.02 0.284 0.244 0.018 0.261 99.515 0.119 99.618 114.844 0.002 114.829 114.907 0 114.889
0.263 0.023 0.286 0.245 0.02 0.263 99.798 0.162 99.94 115.753 0.003 115.732 115.698 0.001 115.674
0.262 0.024 0.287 0.245 0.022 0.265 99.147 0.189 99.316 114.124 0 114.105 113.461 0.001 113.438
0.259 0.027 0.285 0.241 0.023 0.264 99.216 0.113 99.309 114.899 0 114.875 114.828 0 114.805
0.255 0.033 0.288 0.242 0.023 0.265 99.263 0.168 99.409 114.778 0.079 114.831 114.722 0.053 114.75
0.265 0.018 0.284 0.243 0.016 0.259 100.138 0.139 100.255 115.7 0.000999999999999945 115.677 115.771 0 115.745
0.274 0.016 0.288 0.246 0.019 0.266 100.012 0.1 100.09 115.406 0.002 115.384 115.298 0.001 115.274
0.245 0.033 0.278 0.241 0.016 0.257 99.04 0.14 99.159 114.748 0.00800000000000001 114.73 114.673 0.003 114.653
0.255 0.028 0.283 0.245 0.011 0.255 98.954 0.119 99.052 114.14 0.001 114.122 113.427 0 113.402
0.264 0.02 0.285 0.25 0.012 0.262 97.626 0.163 97.773 113.504 0.003 113.482 112.929 0.001 112.919
0.256 0.025 0.281 0.242 0.017 0.259 99.137 0.158 99.278 113.5 0.054 113.529 113.279 0.065 113.333
0.268 0.018 0.286 0.245 0.018 0.263 99.826 0.186 99.991 115.114 0.031 115.121 115.103 0.029 115.108
0.261 0.03 0.29 0.248 0.018 0.266 99.461 0.141 99.581 115.51 0.001 115.488 115.441 0 115.416
0.267 0.018 0.285 0.246 0.017 0.263 99.57 0.11 99.658 114.094 0.001 114.076 113.722 0 113.698
0.26 0.023 0.284 0.243 0.019 0.262 97.536 0.153 97.673 113.52 0 113.5 112.915 0 112.905
0.257 0.024 0.282 0.248 0.014 0.262 99.249 0.152 99.379 114.094 0 114.076 113.776 0 113.763
0.267 0.018 0.284 0.246 0.016 0.262 99.353 0.129 99.459 115.258 0.005 115.237 115.103 0.025 115.107
0.263 0.021 0.284 0.244 0.018 0.261 99.033 0.119 99.131 114.731 0.027 114.733 114.665 0.024 114.665
0.263 0.014 0.276 0.243 0.013 0.256 99.404 0.114 99.496 114.481 0 114.456 114.401 0 114.378
0.27 0.019 0.289 0.242 0.025 0.266 99.631 0.138 99.744 117.212 0 117.192 116.791 0 116.773
0.257 0.024 0.281 0.254 0.00900000000000001 0.262 100.041 0.122 100.141 115.331 0 115.315 114.15 0.001 114.124
0.258 0.028 0.286 0.249 0.016 0.265 99.593 0.176 99.746 115.056 0.053 115.083 115.08 0.062 115.115
0.255 0.027 0.282 0.247 0.016 0.262 99.886 0.201 100.064 115.282 0 115.256 115.213 0 115.186
0.261 0.024 0.285 0.247 0.015 0.262 99.67 0.111 99.758 115.29 0.001 115.265 115.213 0 115.186
0.262 0.021 0.283 0.246 0.016 0.262 98.352 0.1 98.436 113.725 0 113.701 113.303 0 113.302
0.26 0.024 0.284 0.244 0.017 0.262 98.601 0.184 98.771 113.897 0.005 113.877 113.307 0.00900000000000001 113.307
0.265 0.021 0.286 0.245 0.02 0.265 99.776 0.114 99.868 115.144 0.004 115.125 114.033 0 114.016
0.259 0.029 0.288 0.25 0.014 0.264 100.708 0.091 100.777 116.13 0 116.105 116.193 0 116.168
0.266 0.021 0.287 0.246 0.018 0.264 99.783 0.151 99.912 114.263 0.011 114.255 114.272 0.001 114.247
0.26 0.022 0.281 0.241 0.018 0.258 99.232 0.149 99.36 114.748 0 114.721 114.686 0 114.66
0.264 0.023 0.286 0.247 0.018 0.266 100.836 0.134 100.946 115.869 0.061 115.908 114.693 0.035 114.702
0.264 0.024 0.288 0.251 0.015 0.265 99.872 0.085 99.936 115.358 0 115.332 115.288 0.001 115.263
0.25 0.03 0.279 0.242 0.014 0.256 99.423 0.109 99.511 115.709 0.001 115.686 115.598 0.001 115.574
0.262 0.023 0.285 0.247 0.016 0.263 99.105 0.187 99.272 114.773 0.11 114.858 114.755 0.0630000000000001 114.795
0.264 0.021 0.285 0.247 0.016 0.263 99.945 0.124 100.045 115.95 0.072 115.993 115.378 0.049 115.407
0.254 0.024 0.279 0.241 0.015 0.256 98.163 0.19 98.339 113.541 0 113.515 113.083 0 113.077
0.257 0.028 0.285 0.241 0.021 0.262 99.381 0.089 99.449 115.119 0.001 115.094 114.196 0.002 114.182
0.258 0.028 0.285 0.244 0.019 0.264 99.609 0.158 99.744 115.109 0.003 115.089 114.663 0 114.643
0.257 0.027 0.284 0.243 0.016 0.259 98.683 0.235 98.906 113.997 0.123 114.094 113.477 0.087 113.566
0.264 0.023 0.286 0.246 0.017 0.263 99.939 0.121 100.038 115.109 0 115.084 115.103 0 115.078
0.254 0.028 0.282 0.241 0.019 0.261 98.962 0.118 99.059 114.515 0 114.488 114.634 0 114.61
0.256 0.023 0.279 0.246 0.013 0.258 99.384 0.228 99.587 114.779 0.054 114.805 114.678 0.073 114.723
0.265 0.018 0.284 0.244 0.017 0.261 99.062 0.102 99.142 113.786 0.002 113.774 113.387 0 113.371
0.266 0.02 0.286 0.246 0.018 0.263 98.349 0.12 98.453 114.156 0.048 114.179 113.596 0.078 113.669
0.256 0.029 0.285 0.249 0.013 0.262 98.148 0.137 98.272 113.507 0 113.484 112.972 0 112.97
0.253 0.024 0.277 0.236 0.024 0.259 99.141 0.104 99.223 114.985 0.042 114.999 114.963 0.069 115.007
0.26 0.025 0.285 0.241 0.022 0.262 99.288 0.117 99.385 114.908 0.00900000000000001 114.893 114.861 0.001 114.835
0.253 0.027 0.279 0.245 0.011 0.256 99.118 0.237 99.332 114.164 0.025 114.17 113.473 0.039 113.486
0.253 0.032 0.285 0.241 0.022 0.263 99.32 0.152 99.449 114.827 0.003 114.806 114.803 0.002 114.781
0.256 0.024 0.28 0.24 0.018 0.258 99.536 0.143 99.657 115.554 0 115.529 115.002 0 114.982
0.262 0.024 0.286 0.248 0.015 0.263 99.296 0.152 99.425 115.089 0 115.068 114.046 0 114.022
0.257 0.023 0.28 0.248 0.015 0.262 98.875 0.114 98.975 113.606 0.001 113.583 113.41 0 113.392
0.263 0.022 0.285 0.25 0.014 0.265 99.028 0.142 99.149 114.837 0.026 114.838 114.25 0.025 114.258
0.258 0.025 0.283 0.24 0.021 0.261 99.762 0.179 99.92 116.922 0.022 116.919 116.801 0.011 116.795
0.259 0.023 0.283 0.24 0.017 0.257 100.116 0.113 100.204 118.093 0.001 118.065 115.18 0 115.158
0.262 0.024 0.287 0.247 0.015 0.261 99.293 0.158 99.43 114.727 0.001 114.704 114.725 0 114.701
0.266 0.016 0.282 0.239 0.021 0.26 99.153 0.125 99.256 114.754 0.016 114.744 114.693 0.026 114.696
0.267 0.018 0.285 0.239 0.024 0.263 99.379 0.132 99.49 115.174 0.074 115.224 115.143 0.019 115.138
0.265 0.022 0.288 0.247 0.019 0.265 100.069 0.159 100.207 115.077 0 115.055 114.523 0 114.505
0.266 0.02 0.286 0.244 0.018 0.263 99.473 0.133 99.584 113.761 0 113.742 113.622 0 113.607
0.265 0.02 0.286 0.247 0.018 0.263 98.711 0.099 98.797 113.716 0 113.692 113.371 0 113.365
0.261 0.026 0.287 0.25 0.016 0.266 99.644 0.109 99.731 115.237 0 115.212 114.789 0 114.77
0.267 0.018 0.285 0.25 0.014 0.264 99.981 0.171 100.13 115.4 0.061 115.436 115.506 0.028 115.508
0.257 0.028 0.285 0.244 0.018 0.263 99.605 0.086 99.669 115.309 0 115.285 115.329 0 115.302
0.263 0.023 0.287 0.247 0.016 0.262 99.461 0.086 99.525 115.005 0 114.985 113.47 0 113.446
0.261 0.023 0.283 0.245 0.015 0.26 99.284 0.103 99.366 114.564 0.029 114.574 113.841 0.033 113.85
0.267 0.016 0.283 0.245 0.016 0.262 99.201 0.135 99.313 114.654 0.002 114.637 113.661 0.001 113.641
0.262 0.022 0.284 0.24 0.016 0.256 99.252 0.124 99.354 114.947 0 114.922 114.905 0 114.879
0.257 0.022 0.278 0.244 0.014 0.259 98.679 0.134 98.798 113.495 0 113.473 113.215 0 113.203
0.258 0.027 0.284 0.241 0.019 0.26 99.197 0.16 99.335 114.775 0.043 114.79 114.877 0.051 114.903
0.256 0.03 0.284 0.245 0.012 0.257 99.102 0.096 99.183 114.733 0 114.715 114.676 0 114.658
0.255 0.026 0.28 0.239 0.019 0.258 99.064 0.124 99.172 114.736 0.001 114.718 114.668 0 114.65
0.26 0.02 0.28 0.241 0.017 0.258 99.384 0.122 99.486 114.879 0 114.854 114.846 0 114.821
0.269 0.018 0.286 0.248 0.016 0.264 99.641 0.121 99.74 114.722 0.043 114.74 114.683 0.036 114.695
