0.029 0 0.028 0.034 0 0.035 11.032 0.009 11.038 11.433 0 11.429 11.618 0 11.617
0.025 0.003 0.028 0.035 0 0.034 10.844 0.008 10.85 11.536 0 11.534 11.467 0 11.464
0.029 0 0.028 0.033 0.001 0.034 10.959 0.009 10.966 11.732 0 11.728 11.772 0 11.77
0.027 0.001 0.029 0.034 0 0.034 10.841 0.005 10.843 11.644 0 11.642 11.47 0 11.467
0.026 0.001 0.027 0.03 0 0.03 10.754 0.006 10.757 11.453 0 11.452 11.295 0 11.299
0.026 0.003 0.029 0.034 0 0.034 10.726 0.012 10.734 11.516 0 11.515 11.55 0 11.547
0.032 0 0.032 0.034 0.002 0.036 13.206 0.003 13.208 14.114 0 14.109 14.127 0 14.124
0.027 0.001 0.028 0.03 0 0.031 10.642 0.015 10.653 11.329 0.001 11.328 11.366 0 11.364
0.024 0.003 0.027 0.029 0 0.03 10.612 0.01 10.619 11.292 0 11.289 11.218 0 11.217
0.025 0.001 0.027 0.03 0 0.03 10.729 0.006 10.731 11.787 0.002 11.786 11.727 0 11.725
0.026 0.00199999999999999 0.028 0.035 0 0.035 10.799 0.009 10.805 11.564 0 11.562 11.22 0 11.219
0.027 0 0.027 0.03 0 0.03 10.401 0.012 10.409 11.077 0 11.075 11.525 0 11.524
0.028 0.001 0.029 0.034 0 0.034 10.974 0.008 10.979 12.035 0 12.032 11.687 0 11.685
0.025 0.00199999999999999 0.026 0.03 0 0.031 10.745 0.009 10.751 11.541 0 11.539 11.544 0 11.542
0.026 0.002 0.028 0.035 0 0.036 11.47 0.007 11.474 12.254 0 12.251 12.085 0 12.083
0.026 0.001 0.027 0.033 0.002 0.034 10.865 0.009 10.872 11.578 0 11.576 11.509 0 11.507
0.04 0 0.041 0.047 0 0.047 15.013 0.012 15.042 15.969 0.001 15.988 15.994 0 16.014
0.026 0.001 0.027 0.03 0 0.03 10.851 0.007 10.855 11.653 0 11.651 11.583 0 11.58
0.025 0.003 0.029 0.034 0 0.034 10.667 0.005 10.668 11.718 0 11.716 11.287 0 11.286
0.026 0.001 0.027 0.03 0 0.03 10.934 0.007 10.939 11.667 0 11.665 11.881 0 11.878
0.027 0.001 0.028 0.034 0 0.035 10.616 0.008 10.622 11.728 0 11.724 11.276 0 11.274
0.028 0.001 0.029 0.034 0 0.034 11.064 0.013 11.073 11.893 0 11.89 11.576 0 11.574
0.022 0.00600000000000001 0.029 0.034 0 0.034 10.863 0.006 10.865 11.565 0 11.566 11.349 0 11.355
0.029 0 0.028 0.034 0 0.034 10.986 0.008 10.991 11.711 0 11.708 11.614 0 11.612
0.027 0.002 0.029 0.035 0 0.034 10.721 0.01 10.729 11.397 0.001 11.396 11.406 0 11.404
0.027 0.001 0.029 0.034 0 0.034 10.843 0.014 10.854 11.582 0.001 11.581 11.482 0 11.479
0.026 0.002 0.029 0.034 0 0.034 10.712 0.006 10.715 11.496 0.001 11.494 11.488 0 11.486
0.026 0.002 0.029 0.034 0 0.033 10.896 0.009 10.903 11.577 0 11.574 11.459 0 11.457
0.027 0 0.027 0.031 0 0.031 10.796 0.00899999999999999 10.802 11.585 0 11.582 11.502 0 11.5
0.027 0.001 0.028 0.035 0 0.034 10.467 0.01 10.473 10.836 0 10.834 10.77 0 10.767
0.025 0.002 0.028 0.03 0 0.03 11.116 0.01 11.13 11.679 0.00700000000000001 11.692 11.992 0.03 12.022
0.024 0.004 0.028 0.033 0.001 0.034 10.745 0.009 10.751 11.493 0 11.49 11.423 0 11.422
0.026 0.001 0.028 0.035 0 0.034 10.908 0.013 10.918 11.654 0.001 11.653 11.602 0 11.6
0.027 0.001 0.029 0.034 0 0.033 11.461 0.011 11.469 12.2 0.003 12.2 12.071 0 12.068
0.039 0.002 0.04 0.047 0 0.047 15.496 0.009 15.523 16.591 0.003 16.613 16.454 0 16.474
0.027 0.001 0.028 0.034 0 0.034 10.897 0.01 10.904 11.662 0 11.66 11.605 0 11.603
0.029 0 0.028 0.034 0 0.034 11.497 0.008 11.502 12.223 0.003 12.224 12.032 0 12.03
0.027 0 0.027 0.03 0 0.03 10.588 0.008 10.593 11.322 0.001 11.321 11.552 0 11.549
0.028 0.000999999999999994 0.029 0.034 0 0.034 10.753 0.012 10.761 11.544 0 11.543 11.405 0 11.401
0.027 0.00199999999999999 0.028 0.033 0 0.034 10.677 0.008 10.681 11.656 0 11.655 11.563 0 11.56
0.025 0.004 0.028 0.034 0 0.035 10.939 0.013 10.948 11.463 0.003 11.464 11.591 0 11.589
0.025 0.002 0.026 0.029 0.00199999999999999 0.031 10.524 0.008 10.529 11.388 0 11.386 11.383 0 11.381
0.025 0.003 0.029 0.034 0.001 0.035 10.736 0.009 10.742 11.546 0 11.545 11.452 0 11.449
0.024 0.002 0.027 0.03 0.000999999999999994 0.03 10.849 0.01 10.857 11.653 0 11.65 11.587 0 11.585
0.025 0.002 0.027 0.03 0 0.03 10.984 0.008 10.988 11.794 0 11.792 11.693 0 11.691
0.027 0 0.027 0.03 0 0.03 10.726 0.011 10.739 11.564 0.002 11.568 11.454 0.005 11.462
0.027 0.001 0.028 0.035 0 0.034 11.329 0.01 11.337 11.919 0.002 11.917 11.9 0 11.898
0.028 0 0.028 0.034 0 0.034 10.708 0.007 10.712 11.438 0.001 11.438 11.39 0 11.387
0.027 0.001 0.028 0.033 0.001 0.034 10.906 0.008 10.911 11.485 0.002 11.485 11.448 0 11.445
0.026 0.001 0.027 0.031 0 0.031 10.561 0.012 10.57 11.358 0 11.356 11.31 0 11.308
0.025 0.003 0.029 0.035 0 0.034 10.324 0.013 10.334 10.878 0.001 10.877 10.777 0 10.774
0.026 0.001 0.027 0.035 0 0.035 11.003 0.008 11.007 11.538 0 11.536 11.7 0 11.697
0.029 0 0.029 0.035 0 0.036 10.682 0.00600000000000001 10.685 11.471 0 11.469 11.417 0 11.414
0.027 0.001 0.028 0.032 0 0.032 10.893 0.01 10.9 11.593 0 11.591 11.544 0 11.541
0.028 0 0.028 0.033 0.001 0.034 11.072 0.012 11.081 11.759 0 11.757 11.697 0 11.694
0.036 0.004 0.041 0.048 0 0.047 14.991 0.011 15.019 15.933 0 15.952 15.896 0 15.915
0.026 0.002 0.029 0.034 0 0.034 11.086 0.009 11.092 11.897 0 11.894 11.88 0 11.877
0.026 0.002 0.028 0.034 0 0.034 11.08 0.012 11.09 11.815 0 11.812 11.755 0 11.752
0.025 0.002 0.027 0.03 0 0.03 10.135 0.00600000000000001 10.138 10.854 0.000999999999999994 10.853 11.183 0 11.18
0.027 0.000999999999999994 0.029 0.034 0 0.034 10.728 0.011 10.735 11.526 0 11.523 11.358 0 11.357
0.027 0 0.027 0.032 0 0.031 10.911 0.011 10.92 11.672 0.002 11.672 11.76 0 11.757
0.024 0.003 0.027 0.031 0 0.03 10.827 0.009 10.833 11.483 0.00199999999999999 11.483 11.774 0 11.771
0.026 0.002 0.027 0.03 0 0.03 10.908 0.018 10.924 11.675 0.00199999999999999 11.675 11.589 0 11.585
0.028 0.000999999999999994 0.029 0.034 0 0.034 11.1 0.00800000000000001 11.105 11.842 0.000999999999999994 11.841 11.673 0 11.67
0.026 0.00199999999999999 0.029 0.034 0 0.034 10.785 0.01 10.792 11.626 0.001 11.624 11.547 0 11.545
0.027 0.001 0.028 0.034 0 0.034 10.878 0.007 10.882 11.651 0.001 11.651 11.565 0 11.562
0.029 0 0.029 0.034 0 0.034 10.93 0.006 10.933 11.731 0 11.73 11.71 0 11.709
0.025 0.00199999999999999 0.027 0.03 0 0.03 10.808 0.009 10.814 11.551 0.001 11.55 11.588 0 11.586
0.027 0.001 0.029 0.034 0 0.034 11.11 0.007 11.114 11.837 0 11.834 11.761 0 11.76
0.025 0.00199999999999999 0.027 0.03 0 0.03 10.842 0.014 10.853 11.615 0.000999999999999994 11.612 11.551 0 11.55
0.023 0.005 0.028 0.034 0 0.034 10.512 0.004 10.513 10.953 0 10.951 10.857 0 10.855
0.026 0.002 0.028 0.035 0 0.034 10.65 0.012 10.66 11.717 0 11.714 11.276 0 11.273
0.026 0.001 0.026 0.031 0 0.031 10.715 0.008 10.721 11.487 0 11.485 11.472 0 11.469
0.027 0.001 0.028 0.034 0 0.034 11.401 0.008 11.406 12.154 0 12.15 11.903 0 11.908
0.027 0.001 0.028 0.033 0.001 0.035 10.935 0.008 10.939 11.693 0.001 11.693 11.643 0 11.64
0.039 0.001 0.04 0.047 0 0.047 14.847 0.009 14.873 15.814 0 15.834 15.798 0 15.816
0.026 0.003 0.029 0.032 0.001 0.033 10.904 0.008 10.91 11.656 0 11.654 11.593 0 11.591
0.027 0.001 0.028 0.034 0 0.034 11.401 0.009 11.407 12.196 0 12.193 12.06 0 12.058
0.025 0.002 0.027 0.03 0 0.029 10.208 0.005 10.211 10.915 0.003 10.916 11.066 0 11.063
0.026 0.002 0.028 0.034 0 0.034 10.902 0.015 10.914 11.386 0 11.383 11.451 0 11.449
0.028 0.001 0.029 0.034 0 0.034 10.946 0.008 10.952 11.685 0 11.681 11.634 0 11.631
0.026 0.002 0.029 0.033 0.001 0.034 11.048 0.01 11.055 11.769 0 11.766 11.623 0 11.62
0.025 0.003 0.028 0.034 0 0.034 10.692 0.008 10.697 11.387 0.001 11.386 11.312 0 11.315
0.026 0.001 0.027 0.03 0 0.03 10.875 0.009 10.881 11.7 0 11.698 11.516 0 11.514
0.027 0.001 0.028 0.034 0 0.034 10.693 0.011 10.702 11.451 0.001 11.449 11.359 0 11.357
0.028 0.000999999999999994 0.029 0.034 0 0.034 10.881 0.008 10.886 11.563 0 11.562 11.493 0 11.49
0.029 0 0.029 0.034 0 0.034 10.943 0.007 10.946 11.71 0 11.707 11.619 0 11.618
0.028 0 0.028 0.034 0 0.034 10.779 0.005 10.782 11.541 0 11.538 11.48 0 11.478
0.028 0 0.027 0.029 0.001 0.031 10.565 0.01 10.577 11.137 0 11.14 10.999 0 11.003
0.026 0.00199999999999999 0.028 0.033 0.001 0.034 10.387 0.01 10.394 10.909 0 10.907 10.843 0 10.84
0.025 0.004 0.028 0.034 0.001 0.035 10.804 0.012 10.813 11.559 0 11.557 11.334 0 11.332
0.025 0.003 0.029 0.033 0.001 0.034 10.854 0.007 10.857 11.761 0 11.758 11.691 0 11.689
0.023 0.003 0.026 0.03 0.000999999999999994 0.031 10.693 0.00700000000000001 10.697 11.469 0.001 11.468 11.435 0 11.432
0.027 0.001 0.028 0.035 0 0.034 11.273 0.00799999999999999 11.279 11.968 0 11.966 11.926 0 11.922
0.027 0.001 0.028 0.033 0.001 0.034 10.976 0.01 10.983 11.706 0 11.704 11.662 0 11.659
0.036 0.00399999999999999 0.04 0.047 0 0.047 15.097 0.00900000000000001 15.123 15.948 0 15.967 15.919 0 15.938
0.024 0.002 0.026 0.03 0.001 0.031 10.191 0.011 10.199 10.91 0.00199999999999999 10.91 10.825 0 10.822
0.026 0.00199999999999999 0.028 0.033 0.002 0.035 10.71 0.007 10.714 11.352 0.001 11.351 11.239 0 11.236
0.027 0.001 0.029 0.033 0.000999999999999994 0.034 10.811 0.009 10.816 11.61 0 11.608 11.457 0 11.455
0.026 0.00199999999999999 0.028 0.034 0 0.033 10.748 0.012 10.759 11.347 0 11.345 11.204 0 11.201
0.024 0.003 0.026 0.032 0 0.032 10.873 0.013 10.884 11.653 0 11.65 11.588 0 11.585
0.025 0.002 0.027 0.029 0.000999999999999994 0.029 10.696 0.00600000000000001 10.699 11.801 0.002 11.802 11.757 0 11.755
0.027 0.001 0.028 0.033 0.000999999999999994 0.034 11.005 0.003 11.005 11.768 0.001 11.767 11.348 0 11.346
0.023 0.004 0.027 0.03 0 0.03 10.574 0.012 10.583 11.312 0 11.31 11.24 0 11.238
0.029 0 0.029 0.034 0 0.034 11.126 0.01 11.133 12.153 0 12.15 12.028 0 12.026
0.029 0 0.029 0.034 0 0.034 10.796 0.011 10.804 11.568 0 11.566 11.497 0 11.494
0.025 0.003 0.028 0.034 0 0.034 11.232 0.011 11.24 12.016 0 12.013 11.999 0 11.997
0.027 0.00199999999999999 0.029 0.034 0 0.034 11.154 0.012 11.163 12.053 0 12.051 11.875 0 11.873
0.024 0.004 0.028 0.033 0.001 0.034 10.806 0.008 10.811 11.504 0 11.502 11.513 0 11.511
0.027 0.001 0.028 0.034 0 0.034 11.837 0.013 11.847 12.592 0 12.589 12.548 0 12.546
0.025 0.003 0.028 0.034 0 0.034 10.752 0.012 10.761 11.467 0.001 11.465 11.339 0 11.337
0.027 0.001 0.028 0.033 0 0.034 10.511 0.007 10.515 11.575 0 11.572 11.206 0 11.203
0.028 0.001 0.028 0.033 0.001 0.034 10.866 0.005 10.869 11.633 0.002 11.633 11.473 0 11.47
0.026 0.00199999999999999 0.028 0.034 0 0.034 10.985 0.00600000000000001 10.989 11.741 0.000999999999999994 11.739 11.688 0 11.685
0.026 0.002 0.028 0.034 0 0.034 12.011 0.007 12.014 12.814 0 12.811 12.534 0 12.532
0.037 0.003 0.04 0.048 0 0.047 14.833 0.015 14.866 15.814 0.002 15.834 15.785 0 15.804
0.027 0 0.027 0.031 0 0.031 10.035 0.01 10.042 10.815 0 10.813 10.719 0 10.716
0.023 0.005 0.028 0.034 0 0.034 10.96 0.01 10.967 11.597 0 11.595 11.643 0 11.64
0.027 0.001 0.028 0.034 0 0.034 10.696 0.014 10.707 11.432 0.001 11.431 11.424 0 11.422
0.028 0.001 0.029 0.033 0 0.033 10.501 0.011 10.51 11.139 0 11.138 11.089 0 11.087
0.026 0.003 0.029 0.033 0 0.034 11.82 0.014 11.83 12.542 0 12.539 12.652 0 12.65
0.026 0.002 0.029 0.034 0 0.033 10.689 0.00899999999999999 10.696 11.606 0.001 11.604 11.24 0 11.238
0.027 0.001 0.028 0.03 0 0.03 11.254 0.006 11.257 11.617 0 11.615 11.825 0 11.822
0.025 0.003 0.027 0.03 0 0.03 11.821 0.007 11.825 12.665 0 12.663 12.441 0.001 12.44
0.029 0 0.028 0.034 0 0.034 10.896 0.007 10.901 11.599 0.001 11.598 11.549 0 11.546
0.026 0.003 0.028 0.034 0 0.034 10.993 0.005 10.995 11.707 0 11.705 11.719 0 11.716
0.026 0.003 0.029 0.034 0 0.034 11.252 0.009 11.258 12.091 0.001 12.089 11.92 0 11.918
0.028 0.001 0.029 0.034 0 0.034 10.889 0.008 10.895 11.622 0.001 11.621 11.632 0 11.63
0.026 0 0.027 0.03 0.001 0.031 10.54 0.006 10.542 11.252 0 11.25 11.197 0 11.195
0.024 0.002 0.027 0.029 0.001 0.029 10.241 0.007 10.245 11.694 0.001 11.694 11.593 0.001 11.59
0.026 0.002 0.028 0.034 0 0.035 11.096 0.00199999999999999 11.094 11.868 0.001 11.867 10.996 0.001 10.996
0.026 0.000999999999999994 0.028 0.03 0 0.029 10.64 0.009 10.648 11.349 0 11.346 11.323 0 11.32
0.024 0.003 0.027 0.031 0 0.031 10.364 0.006 10.367 11.017 0 11.016 10.935 0 10.93
0.026 0.001 0.027 0.034 0 0.034 11.481 0.013 11.491 11.873 0 11.87 11.998 0 11.995
0.024 0.003 0.027 0.029 0.001 0.03 10.698 0.005 10.7 11.52 0 11.518 11.448 0 11.446
0.028 0 0.028 0.035 0 0.035 11.04 0.004 11.04 11.821 0 11.819 11.792 0 11.79
0.029 0 0.028 0.033 0 0.034 11.106 0.005 11.107 11.875 0.001 11.874 11.795 0 11.792
0.026 0.002 0.028 0.034 0 0.035 10.766 0.007 10.77 11.414 0 11.411 11.434 0 11.433
0.039 0.001 0.04 0.047 0 0.047 15.235 0.00899999999999999 15.261 16.165 0 16.183 16.106 0 16.127
0.026 0.001 0.027 0.03 0 0.029 10.298 0.008 10.304 11.002 0 11.005 10.691 0 10.691
0.028 0.001 0.028 0.033 0 0.034 11.384 0.009 11.39 12.12 0 12.118 12.059 0 12.056
0.028 0 0.028 0.034 0 0.034 11.005 0.012 11.015 11.698 0.000999999999999994 11.696 11.672 0 11.669
0.025 0.003 0.027 0.029 0.001 0.03 10.275 0.005 10.278 11.095 0 11.093 11.427 0 11.425
0.028 0.001 0.028 0.033 0.001 0.034 10.885 0.006 10.888 11.536 0.001 11.536 11.502 0 11.5
0.027 0.001 0.028 0.034 0 0.034 10.894 0.01 10.901 11.26 0 11.258 11.57 0 11.568
0.025 0.003 0.027 0.03 0 0.03 11.226 0.011 11.234 11.917 0 11.914 12.224 0 12.222
0.026 0 0.027 0.031 0 0.03 11.335 0.008 11.34 11.79 0.003 11.791 12.169 0 12.167
0.026 0.003 0.029 0.034 0 0.034 10.834 0.005 10.836 11.523 0 11.521 11.546 0 11.543
0.026 0.002 0.029 0.034 0 0.034 10.903 0.01 10.91 11.635 0.002 11.634 11.604 0 11.602
0.027 0.00199999999999999 0.029 0.034 0 0.034 10.899 0.01 10.906 11.572 0.001 11.571 11.625 0 11.623
0.026 0.001 0.027 0.03 0 0.03 10.718 0.011 10.726 11.525 0 11.522 11.433 0 11.431
0.025 0.003 0.029 0.033 0.001 0.034 10.906 0.007 10.909 11.746 0.001 11.745 11.628 0 11.626
0.027 0 0.027 0.031 0 0.031 10.766 0.011 10.774 11.367 0 11.365 11.341 0 11.339
0.026 0.001 0.028 0.034 0.001 0.034 10.875 0.009 10.883 11.585 0.000999999999999994 11.582 11.54 0 11.538
0.025 0.002 0.028 0.035 0 0.034 10.729 0.004 10.73 11.49 0 11.488 11.428 0 11.427
0.026 0.000999999999999994 0.027 0.03 0 0.029 10.281 0.00800000000000001 10.287 11.034 0 11.032 11.019 0 11.015
0.025 0.002 0.027 0.031 0 0.031 10.78 0.004 10.782 11.594 0.001 11.592 11.516 0 11.513
0.026 0.002 0.028 0.034 0 0.034 11.104 0.008 11.108 11.646 0 11.644 11.54 0 11.537
0.029 0 0.029 0.034 0 0.034 10.559 0.011 10.567 11.705 0 11.702 11.305 0 11.303
0.026 0.002 0.029 0.033 0.001 0.034 10.829 0.014 10.84 11.563 0.001 11.562 11.406 0 11.403
0.027 0.001 0.028 0.034 0 0.034 10.868 0.01 10.875 11.629 0 11.626 11.57 0 11.568
0.025 0.003 0.028 0.034 0 0.034 11.145 0.007 11.149 11.822 0 11.819 11.719 0 11.717
0.025 0.00199999999999999 0.027 0.03 0 0.03 10.747 0.00700000000000001 10.751 11.588 0.000999999999999994 11.587 11.44 0 11.438
0.024 0.004 0.028 0.034 0 0.034 10.756 0.015 10.768 11.482 0.002 11.481 11.434 0 11.432
0.038 0.002 0.04 0.048 0 0.048 14.753 0.01 14.781 15.693 0 15.711 15.665 0 15.684
0.026 0.003 0.028 0.034 0 0.034 10.185 0.011 10.194 10.849 0 10.846 10.778 0 10.775
0.028 0.001 0.029 0.036 0 0.036 10.838 0.009 10.844 11.598 0.002 11.598 11.354 0 11.352
0.028 0.001 0.029 0.034 0 0.034 11.128 0.01 11.134 11.843 0.001 11.841 11.812 0 11.81
0.027 0 0.027 0.029 0.001 0.03 10.56 0.005 10.562 11.432 0.001 11.432 11.36 0 11.357
0.028 0.000999999999999994 0.029 0.034 0 0.034 11.092 0.012 11.101 11.58 0.001 11.579 11.547 0 11.544
0.024 0.004 0.029 0.034 0 0.034 11.057 0.012 11.065 11.449 0 11.447 11.552 0 11.549
0.026 0.002 0.028 0.034 0 0.033 10.756 0.005 10.758 11.453 0 11.451 11.205 0 11.204
0.028 0.001 0.029 0.034 0 0.034 10.831 0.01 10.838 11.542 0 11.54 11.488 0 11.486
0.028 0.001 0.028 0.034 0 0.034 11.003 0.009 11.008 11.603 0.001 11.603 11.63 0 11.628
0.029 0 0.028 0.034 0 0.034 10.797 0.01 10.804 11.435 0.001 11.434 11.46 0 11.459
0.027 0.001 0.028 0.034 0 0.034 10.871 0.007 10.875 11.632 0 11.629 11.502 0 11.5
0.028 0.001 0.029 0.034 0 0.034 10.874 0.005 10.878 11.733 0.003 11.732 11.733 0 11.731
0.026 0.00199999999999999 0.029 0.035 0 0.034 11.115 0.01 11.122 11.852 0 11.85 11.773 0 11.771
0.026 0.002 0.028 0.034 0 0.034 10.886 0.007 10.89 11.509 0 11.507 11.494 0 11.492
0.026 0.003 0.028 0.032 0.001 0.034 11.14 0.009 11.145 11.851 0.000999999999999994 11.849 11.787 0 11.786
0.027 0.002 0.029 0.034 0 0.034 10.991 0.01 10.997 11.74 0 11.738 11.696 0 11.694
0.023 0.003 0.027 0.03 0 0.029 10.354 0.016 10.367 11.098 0 11.096 11.26 0 11.258
0.028 0 0.027 0.03 0 0.031 10.973 0.004 10.973 11.767 0.002 11.767 11.701 0 11.698
0.027 0.001 0.028 0.032 0.00199999999999999 0.034 10.625 0.008 10.631 11.554 0 11.55 11.375 0 11.373
0.025 0.004 0.029 0.033 0 0.033 10.987 0.009 10.993 11.735 0.001 11.734 11.628 0 11.625
0.027 0.001 0.029 0.034 0 0.034 11.006 0.006 11.008 11.462 0 11.459 11.519 0 11.516
0.027 0.000999999999999994 0.028 0.032 0 0.032 11.047 0.007 11.051 11.774 0 11.772 11.72 0 11.716
0.023 0.004 0.028 0.034 0 0.034 10.944 0.007 10.947 11.651 0 11.649 11.593 0 11.591
0.029 0 0.028 0.034 0 0.034 10.837 0.006 10.84 11.472 0 11.47 11.482 0 11.479
0.027 0.002 0.029 0.034 0 0.034 11.158 0.006 11.16 11.942 0 11.939 11.822 0 11.82
0.037 0.004 0.04 0.047 0 0.047 15.192 0.014 15.224 16.06 0 16.078 16.061 0 16.081
0.024 0.004 0.028 0.034 0 0.035 10.128 0.008 10.133 10.664 0.001 10.663 10.594 0 10.591
0.027 0 0.027 0.03 0.001 0.03 10.683 0.011 10.691 11.489 0.003 11.491 11.42 0 11.417
0.026 0.003 0.029 0.034 0 0.034 10.877 0.012 10.887 11.729 0 11.726 11.647 0 11.646
0.026 0.002 0.029 0.034 0 0.034 10.787 0.014 10.799 11.557 0 11.554 11.389 0 11.387
0.026 0.001 0.027 0.03 0 0.03 10.806 0.012 10.816 11.823 0.001 11.821 11.668 0 11.666
0.025 0.002 0.027 0.03 0 0.03 10.689 0.008 10.695 11.334 0 11.331 11.604 0 11.602
0.025 0.002 0.027 0.031 0 0.03 11.047 0.00899999999999999 11.054 11.492 0.002 11.491 11.701 0 11.698
0.026 0.001 0.027 0.03 0 0.03 10.747 0.011 10.755 11.514 0.001 11.513 11.462 0.001 11.461
0.026 0.003 0.028 0.034 0 0.034 10.943 0.008 10.948 11.765 0.001 11.764 11.658 0 11.656
0.026 0.000999999999999994 0.027 0.029 0.001 0.03 10.628 0.008 10.634 11.501 0.001 11.499 11.405 0 11.403
0.031 0.001 0.032 0.033 0.003 0.036 13.299 0.00700000000000001 13.303 14.138 0 14.135 13.986 0 13.983
0.025 0.002 0.027 0.03 0 0.03 10.858 0.00799999999999999 10.863 11.429 0.001 11.427 11.385 0 11.384
0.028 0.000999999999999994 0.028 0.034 0 0.034 10.908 0.009 10.915 11.591 0.001 11.588 11.548 0 11.547
0.027 0 0.027 0.03 0 0.03 10.593 0.011 10.601 11.5 0.002 11.5 11.392 0 11.39
0.027 0.002 0.029 0.034 0 0.034 10.967 0.009 10.972 11.709 0 11.706 11.672 0 11.67
0.026 0.001 0.027 0.03 0 0.03 10.088 0.007 10.092 10.763 0 10.761 11.256 0 11.253
0.026 0.002 0.029 0.033 0.001 0.034 11.506 0.012 11.514 12.24 0 12.238 12.088 0 12.085
0.028 0.001 0.029 0.034 0 0.033 10.697 0.008 10.702 11.479 0.004 11.481 11.286 0.001 11.284
0.026 0.002 0.028 0.03 0 0.03 11.884 0.034 11.917 12.399 0.003 12.405 12.603 0.005 12.608
0.029 0 0.029 0.036 0 0.035 11.291 0.006 11.295 12.071 0 12.068 11.868 0 11.866
0.028 0.000999999999999994 0.029 0.035 0 0.034 10.766 0.012 10.775 11.895 0.002 11.894 11.443 0 11.441
0.025 0.003 0.028 0.037 0 0.036 12.038 0.005 12.041 12.884 0.001 12.882 12.458 0 12.455
0.027 0.001 0.028 0.034 0 0.034 10.872 0.011 10.879 11.664 0 11.661 11.585 0 11.584
0.026 0.001 0.027 0.03 0 0.03 11.288 0.006 11.291 11.99 0 11.987 11.926 0 11.924
0.024 0.003 0.027 0.033 0 0.033 10.879 0.014 10.89 11.618 0.001 11.616 11.584 0 11.583
0.036 0.005 0.04 0.047 0 0.047 14.888 0.011 14.916 15.782 0.000999999999999987 15.802 15.762 0 15.781
0.026 0.00199999999999999 0.028 0.035 0 0.034 10.637 0.008 10.642 10.911 0 10.909 10.782 0 10.779
0.024 0.003 0.027 0.03 0 0.03 10.583 0.009 10.589 11.428 0 11.426 11.402 0 11.4
0.025 0.004 0.028 0.034 0 0.035 10.951 0.007 10.955 11.698 0 11.695 11.611 0 11.608
0.028 0.000999999999999994 0.029 0.034 0 0.034 10.923 0.007 10.927 11.653 0 11.651 11.447 0 11.444
0.027 0.001 0.029 0.034 0 0.034 11.085 0.011 11.092 11.832 0 11.829 11.74 0 11.739
0.026 0.002 0.028 0.033 0.001 0.034 10.803 0.009 10.809 11.572 0 11.569 11.493 0 11.49
0.023 0.004 0.027 0.03 0 0.03 11.161 0.008 11.166 11.881 0 11.879 11.918 0 11.915
0.025 0.004 0.029 0.033 0 0.034 11.212 0.01 11.219 11.588 0 11.584 11.728 0 11.727
0.026 0.002 0.029 0.034 0 0.033 10.787 0.011 10.795 11.437 0 11.435 11.284 0 11.282
0.028 0 0.028 0.033 0.001 0.034 10.868 0.008 10.873 11.656 0.001 11.655 11.491 0 11.489
0.028 0 0.028 0.034 0 0.034 10.704 0.013 10.714 11.456 0.002 11.455 11.452 0 11.45
0.025 0.003 0.028 0.034 0 0.034 10.979 0.00600000000000001 10.982 11.646 0 11.644 11.574 0 11.572
0.025 0.00199999999999999 0.027 0.03 0 0.03 10.895 0.01 10.902 11.697 0.002 11.696 11.603 0 11.601
0.027 0.000999999999999994 0.028 0.034 0 0.035 10.909 0.01 10.916 11.637 0 11.635 11.567 0 11.564
0.024 0.003 0.027 0.03 0 0.03 10.636 0.004 10.637 11.455 0 11.452 11.362 0 11.36
0.027 0.00199999999999999 0.028 0.033 0 0.034 10.973 0.008 10.976 11.843 0 11.842 11.684 0 11.68
0.026 0.00199999999999999 0.029 0.034 0 0.034 11.084 0.00700000000000001 11.088 11.759 0 11.757 11.676 0 11.673
0.025 0.003 0.028 0.034 0 0.034 10.796 0.008 10.802 11.719 0.000999999999999994 11.717 11.4 0 11.398
0.027 0.001 0.028 0.035 0 0.035 11.001 0.01 11.008 11.766 0.000999999999999994 11.764 11.717 0 11.715
0.024 0.004 0.028 0.033 0.001 0.033 11.139 0.003 11.139 11.711 0.000999999999999994 11.709 11.689 0 11.688
0.028 0.001 0.029 0.034 0 0.034 11.275 0.008 11.28 11.923 0 11.921 11.966 0 11.963
0.026 0.003 0.029 0.033 0.001 0.034 11.058 0.01 11.066 11.747 0.002 11.746 11.718 0 11.715
0.029 0 0.029 0.034 0 0.034 11.048 0.008 11.053 11.821 0.001 11.821 11.798 0 11.795
0.037 0.001 0.038 0.043 0 0.043 14.615 0.015 14.646 15.673 0.001 15.693 15.581 0 15.599
0.024 0.004 0.028 0.034 0.001 0.035 10.241 0.008 10.246 10.889 0 10.887 10.818 0 10.815
0.027 0.002 0.028 0.034 0 0.034 10.959 0.01 10.967 11.7 0 11.697 11.634 0 11.632
0.026 0.002 0.028 0.034 0 0.034 10.647 0.009 10.653 11.425 0.001 11.424 11.269 0 11.267
0.024 0.00199999999999999 0.027 0.029 0.001 0.029 10.597 0.009 10.603 11.672 0 11.67 11.613 0 11.61
0.027 0.001 0.028 0.034 0 0.034 11.046 0.011 11.054 11.766 0 11.763 11.365 0 11.363
0.024 0.003 0.026 0.03 0 0.03 10.162 0.007 10.167 10.861 0 10.859 11.227 0 11.223
0.027 0.001 0.029 0.034 0 0.034 10.577 0.006 10.579 11.504 0 11.503 11.446 0 11.442
0.024 0.003 0.027 0.03 0 0.03 11.978 0.014 11.99 12.443 0 12.439 12.588 0 12.586
0.028 0.001 0.029 0.034 0 0.034 11.06 0.012 11.069 11.795 0 11.793 11.673 0 11.67
0.025 0.001 0.026 0.03 0 0.03 10.824 0.008 10.828 11.595 0 11.593 11.505 0 11.504
0.029 0 0.029 0.034 0 0.034 10.918 0.004 10.919 11.626 0 11.624 11.601 0 11.599
0.027 0.002 0.028 0.033 0 0.034 11.262 0.01 11.269 11.78 0.001 11.779 11.769 0 11.767
0.027 0.001 0.028 0.035 0 0.034 10.82 0.004 10.821 11.594 0 11.592 11.489 0 11.489
0.027 0.002 0.029 0.033 0.001 0.034 10.816 0.012 10.825 11.494 0 11.491 11.388 0 11.386
0.026 0.001 0.027 0.031 0 0.03 11.382 0.008 11.388 11.789 0 11.785 12.135 0 12.132
0.025 0.00199999999999999 0.027 0.03 0.001 0.031 10.914 0.011 10.922 11.567 0.001 11.566 11.832 0 11.829
0.028 0 0.029 0.034 0 0.034 10.838 0.004 10.845 11.283 0 11.283 11.272 0 11.275
0.028 0 0.028 0.033 0.000999999999999994 0.034 10.869 0.00700000000000001 10.873 11.618 0 11.616 11.549 0.001 11.548
0.026 0.003 0.028 0.033 0.001 0.035 10.977 0.004 10.978 11.694 0.001 11.693 11.647 0 11.643
0.026 0.002 0.028 0.034 0 0.034 11.036 0.011 11.044 11.83 0 11.827 11.755 0 11.753
0.027 0.002 0.029 0.034 0 0.034 11.106 0.004 11.107 11.771 0 11.77 11.785 0 11.782
0.027 0.00199999999999999 0.029 0.035 0 0.034 10.865 0.01 10.873 11.517 0 11.515 11.576 0 11.574
0.027 0.00199999999999999 0.028 0.031 0 0.031 11.158 0.00800000000000001 11.164 11.966 0 11.965 11.887 0 11.885
0.037 0.003 0.041 0.046 0.001 0.047 14.879 0.015 14.911 15.857 0 15.876 15.82 0.001 15.839
0.025 0.003 0.028 0.035 0 0.034 10.399 0.007 10.404 10.707 0.001 10.706 10.633 0 10.629
0.027 0.002 0.029 0.034 0 0.034 10.938 0.012 10.947 11.703 0 11.701 11.645 0 11.642
0.028 0.001 0.028 0.034 0 0.035 10.915 0.005 10.917 11.632 0.002 11.631 11.604 0 11.602
0.028 0.000999999999999994 0.028 0.034 0 0.035 11.253 0.002 11.251 11.9 0.002 11.901 11.776 0 11.772
0.026 0.001 0.027 0.03 0 0.03 10.181 0.005 10.183 10.962 0 10.96 10.904 0 10.9
0.028 0.001 0.029 0.035 0 0.034 10.833 0.013 10.844 12.016 0 12.013 11.576 0 11.574
0.026 0.001 0.027 0.03 0 0.03 10.876 0.00899999999999999 10.883 11.375 0 11.372 11.704 0 11.702
0.026 0.00199999999999999 0.028 0.034 0 0.034 10.86 0.011 10.868 11.296 0.001 11.3 10.976 0 10.978
0.026 0.003 0.029 0.034 0 0.034 10.913 0.008 10.919 11.542 0.002 11.542 11.566 0 11.563
0.027 0.001 0.028 0.035 0 0.034 10.615 0.007 10.619 11.234 0.001 11.234 11.263 0 11.26
0.029 0 0.029 0.034 0 0.034 10.89 0.007 10.895 11.624 0 11.621 11.598 0 11.596
0.026 0.001 0.026 0.029 0.001 0.03 10.853 0.011 10.862 11.606 0 11.602 11.507 0 11.506
0.027 0.002 0.029 0.034 0 0.034 10.954 0.009 10.96 11.681 0.001 11.679 11.661 0 11.659
0.027 0 0.027 0.03 0 0.031 10.622 0.009 10.628 11.554 0.000999999999999994 11.551 11.514 0 11.512
0.026 0.001 0.028 0.032 0 0.032 10.86 0.008 10.865 11.358 0 11.355 11.64 0 11.638
0.028 0.001 0.028 0.032 0.002 0.034 11.081 0.007 11.085 11.672 0.002 11.672 11.738 0 11.735
0.027 0.002 0.028 0.035 0 0.034 10.815 0.01 10.823 11.531 0 11.529 11.528 0 11.526
0.027 0.002 0.029 0.034 0 0.034 11.44 0.011 11.448 12.271 0 12.268 12.201 0 12.198
0.029 0 0.028 0.034 0 0.034 11.432 0.007 11.437 12.226 0.001 12.223 12.221 0 12.219
0.025 0.003 0.029 0.035 0 0.034 10.812 0.013 10.822 11.51 0 11.507 11.543 0.000999999999999994 11.541
0.027 0.001 0.029 0.034 0 0.034 10.764 0.009 10.77 11.347 0.002 11.346 11.43 0 11.428
0.026 0.003 0.028 0.033 0 0.034 11.019 0.009 11.024 11.745 0 11.744 11.689 0 11.686
0.039 0.002 0.041 0.047 0 0.047 14.989 0.005 15.012 15.811 0.001 15.835 15.423 0 15.455
0.025 0.002 0.028 0.031 0 0.03 10.546 0.008 10.551 11.28 0 11.278 11.239 0 11.237
0.026 0.002 0.029 0.034 0 0.034 11.037 0.01 11.044 11.729 0 11.725 11.696 0 11.695
0.025 0.002 0.027 0.031 0 0.03 10.215 0.011 10.224 10.907 0.002 10.908 10.792 0 10.787
0.025 0.001 0.027 0.03 0 0.03 10.273 0.006 10.276 10.972 0 10.971 10.93 0 10.926
0.027 0.001 0.027 0.03 0.001 0.031 10.745 0.007 10.749 11.278 0.002 11.277 11.585 0 11.584
0.027 0.001 0.029 0.034 0 0.034 11.071 0.009 11.077 11.808 0 11.806 11.531 0 11.528
0.027 0.000999999999999994 0.028 0.035 0 0.035 10.88 0.00800000000000001 10.885 11.831 0 11.829 11.773 0 11.77
0.026 0.002 0.029 0.035 0 0.035 11.039 0.005 11.041 11.68 0 11.677 11.675 0 11.674
0.027 0 0.026 0.031 0 0.032 10.546 0.006 10.549 11.349 0 11.347 11.29 0 11.288
0.029 0 0.028 0.033 0.001 0.034 10.753 0.011 10.762 11.473 0.000999999999999994 11.471 11.497 0 11.495
0.026 0.003 0.028 0.035 0 0.035 10.988 0.007 10.993 11.699 0 11.696 11.633 0.001 11.632
0.029 0 0.028 0.033 0 0.034 10.796 0.011 10.803 11.485 0.001 11.485 11.509 0 11.506
0.028 0 0.028 0.034 0 0.034 10.884 0.01 10.891 11.311 0 11.308 11.423 0 11.421
0.025 0.003 0.028 0.034 0 0.034 10.546 0.006 10.549 11.606 0.001 11.603 11.228 0 11.226
0.027 0.002 0.029 0.034 0 0.034 11.105 0.012 11.114 11.838 0 11.837 11.663 0 11.66
0.026 0.002 0.028 0.03 0 0.03 10.904 0.011 10.912 11.695 0 11.693 11.631 0 11.628
0.027 0.001 0.028 0.033 0 0.033 10.967 0.009 10.972 11.705 0.001 11.704 11.653 0 11.651
0.028 0 0.028 0.035 0 0.035 11.016 0.005 11.017 11.752 0 11.75 11.665 0 11.663
0.03 0 0.029 0.034 0 0.034 11.209 0.011 11.217 12 0 11.997 11.891 0 11.889
0.026 0.002 0.029 0.035 0 0.034 10.65 0.008 10.655 11.329 0 11.327 11.361 0 11.359
0.026 0.002 0.028 0.033 0.001 0.034 10.9 0.004 10.901 11.658 0 11.655 11.57 0 11.568
0.036 0.003 0.039 0.043 0 0.043 15.354 0.013 15.384 16.43 0 16.449 16.449 0 16.468
0.026 0.001 0.027 0.03 0 0.03 10.2 0.011 10.207 10.918 0 10.917 10.877 0 10.875
0.026 0.002 0.028 0.034 0 0.034 10.823 0.006 10.826 11.58 0.001 11.579 11.281 0 11.279
0.028 0 0.028 0.031 0 0.031 10.792 0.005 10.795 11.599 0.004 11.6 11.497 0 11.495
0.025 0.002 0.026 0.031 0 0.031 10.721 0.006 10.724 11.454 0 11.453 11.434 0 11.431
0.027 0.002 0.028 0.034 0 0.034 10.676 0.016 10.69 11.428 0 11.425 11.383 0 11.381
0.028 0 0.028 0.034 0 0.034 10.75 0.005 10.752 11.528 0.001 11.528 11.399 0 11.396
0.026 0.003 0.029 0.034 0 0.034 10.872 0.01 10.879 11.486 0 11.484 11.526 0 11.524
0.026 0.001 0.027 0.03 0 0.03 10.853 0.004 10.862 11.603 0.009 11.627 11.769 0.008 11.788
0.028 0.001 0.028 0.034 0 0.034 10.786 0.009 10.792 11.687 0 11.685 11.357 0 11.353
0.024 0.002 0.027 0.028 0.001 0.03 10.173 0.01 10.18 10.853 0.004 10.856 10.676 0 10.681
0.026 0.001 0.027 0.032 0 0.032 10.707 0.006 10.711 11.494 0.001 11.492 11.453 0 11.451
0.027 0.001 0.028 0.034 0 0.034 10.807 0.014 10.818 11.609 0.001 11.608 11.5 0 11.496
0.026 0.002 0.028 0.035 0 0.035 10.827 0.012 10.836 11.536 0.003 11.538 11.48 0 11.478
0.026 0.00199999999999999 0.028 0.034 0 0.034 10.981 0.006 10.984 11.699 0 11.697 11.606 0 11.603
0.026 0.001 0.027 0.03 0 0.03 10.768 0.007 10.772 11.524 0 11.521 11.4 0.000999999999999994 11.399
0.025 0.00199999999999999 0.028 0.032 0 0.031 10.637 0.011 10.645 11.44 0.001 11.44 11.302 0 11.3
0.027 0.001 0.028 0.033 0.001 0.034 10.966 0.009 10.972 11.72 0 11.717 11.655 0 11.653
0.023 0.004 0.026 0.03 0 0.03 10.647 0.01 10.654 11.733 0.001 11.731 11.669 0 11.668
0.026 0.002 0.028 0.034 0.002 0.034 10.967 0.00799999999999999 10.974 11.697 0 11.694 11.293 0 11.291
0.029 0 0.029 0.034 0 0.034 11.071 0.00899999999999999 11.077 11.701 0 11.699 11.707 0 11.706
0.024 0.005 0.028 0.034 0 0.034 10.879 0.008 10.885 11.62 0.001 11.618 11.496 0 11.493
0.029 0 0.029 0.034 0 0.034 10.719 0.007 10.723 11.434 0 11.432 11.299 0 11.297
0.04 0 0.041 0.064 0.001 0.064 17.482 0.016 17.519 18.257 0.001 18.28 17.644 0 17.666
0.026 0.002 0.028 0.033 0.001 0.034 10.761 0.011 10.769 11.494 0 11.491 11.473 0.001 11.472
0.027 0 0.027 0.03 0 0.03 10.978 0.015 10.99 11.75 0 11.749 11.697 0 11.694
0.026 0.00199999999999999 0.028 0.033 0.001 0.034 11.371 0.011 11.379 11.831 0.001 11.831 10.958 0 10.955
0.026 0.002 0.029 0.033 0.001 0.034 10.703 0.01 10.71 11.356 0 11.354 11.431 0 11.429
0.028 0.001 0.028 0.033 0 0.033 10.791 0.014 10.804 11.574 0.001 11.572 11.52 0 11.517
0.023 0.005 0.028 0.033 0.000999999999999994 0.034 10.884 0.00700000000000001 10.888 11.638 0.001 11.636 11.544 0 11.542
0.027 0.001 0.028 0.034 0 0.033 11.121 0.008 11.125 11.882 0 11.88 11.766 0 11.763
0.028 0.000999999999999994 0.029 0.034 0 0.034 10.803 0.00700000000000001 10.808 11.546 0 11.544 11.589 0.001 11.588
0.027 0.002 0.029 0.033 0 0.034 10.77 0.011 10.778 11.705 0 11.703 11.273 0.002 11.284
0.024 0.004 0.029 0.035 0 0.034 10.842 0.01 10.85 11.613 0 11.61 11.581 0 11.579
0.026 0.002 0.028 0.03 0 0.029 11.377 0.011 11.392 12.101 0.001 12.105 12.131 0.005 12.141
0.026 0.003 0.028 0.033 0.001 0.034 11.016 0.008 11.021 11.725 0 11.722 11.647 0 11.646
0.026 0 0.027 0.03 0 0.03 10.638 0.008 10.642 11.681 0 11.679 11.618 0 11.616
0.027 0.001 0.028 0.034 0 0.035 10.883 0.007 10.886 11.598 0 11.597 11.215 0 11.213
0.028 0 0.029 0.034 0.001 0.035 10.614 0.013 10.624 11.333 0 11.331 11.299 0 11.297
0.027 0.001 0.028 0.034 0 0.034 10.727 0.006 10.73 11.441 0 11.439 11.381 0 11.379
0.028 0 0.029 0.034 0 0.034 10.698 0.008 10.703 11.655 0.001 11.653 11.512 0 11.51
0.025 0.001 0.026 0.03 0.001 0.031 10.662 0.004 10.663 11.321 0.00199999999999999 11.326 11.019 0 11.021
0.026 0.003 0.028 0.034 0 0.034 11.118 0.005 11.121 11.795 0 11.791 11.808 0 11.807
0.038 0.002 0.04 0.047 0 0.047 14.952 0.013 14.982 15.871 0.001 15.891 15.703 0 15.722
0.028 0 0.029 0.034 0 0.034 10.728 0.012 10.737 11.447 0.001 11.446 11.368 0.002 11.366
0.026 0.002 0.027 0.03 0 0.031 11.548 0.01 11.554 12.289 0.001 12.288 12.234 0 12.231
0.025 0.003 0.028 0.035 0 0.034 11.022 0.005 11.024 11.829 0 11.827 11.748 0 11.745
0.027 0.00199999999999999 0.029 0.036 0.001 0.037 10.803 0.00600000000000001 10.806 11.501 0 11.503 11.224 0 11.229
0.024 0.004 0.029 0.034 0 0.033 11.431 0.01 11.438 12.211 0 12.208 11.975 0 11.973
0.025 0.003 0.029 0.033 0.001 0.034 11.125 0.01 11.132 11.847 0 11.845 11.699 0 11.696
0.026 0.002 0.028 0.035 0 0.034 10.582 0.009 10.589 11.35 0.002 11.349 11.305 0 11.303
0.028 0.001 0.029 0.034 0 0.034 11.901 0.01 11.907 12.742 0 12.74 12.597 0 12.594
0.027 0.001 0.027 0.035 0 0.036 10.852 0.009 10.858 11.586 0.001 11.585 11.524 0 11.521
0.024 0.004 0.028 0.033 0.001 0.034 10.92 0.00700000000000001 10.925 11.67 0 11.666 11.563 0 11.562
0.024 0.004 0.028 0.034 0 0.034 11.07 0.008 11.074 11.8 0.001 11.8 11.734 0 11.731
0.027 0 0.027 0.03 0 0.03 10.748 0.00600000000000001 10.751 11.387 0 11.385 11.61 0 11.608
0.025 0.001 0.027 0.03 0.000999999999999997 0.03 10.514 0.009 10.52 11.628 0.001 11.627 11.566 0 11.564
0.026 0.002 0.028 0.034 0 0.035 11.518 0.006 11.52 12.236 0 12.234 11.663 0 11.661
0.025 0.002 0.027 0.03 0 0.03 10.724 0.01 10.731 11.564 0 11.561 11.461 0 11.46
0.028 0.000999999999999994 0.028 0.035 0 0.034 11.227 0.01 11.238 12.081 0.005 12.089 12.016 0 12.013
0.027 0.00199999999999999 0.029 0.034 0 0.034 11.09 0.014 11.101 11.832 0.00199999999999999 11.832 11.753 0 11.751
0.024 0.002 0.026 0.03 0 0.031 10.862 0.005 10.863 11.355 0.001 11.355 11.651 0 11.647
0.024 0.002 0.027 0.03 0.001 0.03 10.492 0.007 10.496 11.273 0.002 11.273 11.203 0 11.201
0.025 0.002 0.026 0.029 0.001 0.031 10.739 0.007 10.742 11.552 0.001 11.55 11.402 0 11.399
0.034 0.00600000000000001 0.04 0.047 0 0.048 14.723 0.012 14.751 15.655 0.00399999999999999 15.677 15.672 0 15.691
0.029 0 0.029 0.034 0 0.034 10.67 0.011 10.678 11.416 0 11.413 11.359 0 11.357
0.027 0.002 0.028 0.034 0 0.035 10.896 0.009 10.902 11.619 0.001 11.617 11.579 0 11.576
0.025 0.004 0.028 0.034 0 0.033 10.949 0.01 10.957 11.762 0 11.76 11.572 0 11.569
0.026 0.002 0.029 0.034 0 0.033 11.071 0.013 11.086 11.778 0.007 11.786 11.718 0.004 11.726
0.026 0.00199999999999999 0.029 0.034 0 0.034 11.522 0.00600000000000001 11.525 12.25 0.001 12.248 12.142 0 12.139
0.027 0.001 0.028 0.034 0 0.034 11.093 0.009 11.099 11.813 0 11.811 11.75 0 11.748
0.027 0 0.028 0.031 0.001 0.031 10.671 0.011 10.679 11.466 0 11.464 11.467 0 11.464
0.027 0.001 0.028 0.034 0 0.034 11.009 0.008 11.014 11.81 0 11.807 11.545 0 11.543
0.027 0.00199999999999999 0.029 0.033 0.001 0.034 11.033 0.008 11.038 11.64 0 11.638 11.698 0.001 11.698
0.027 0.002 0.028 0.035 0 0.035 11.022 0.009 11.028 11.773 0 11.771 11.737 0 11.735
0.028 0 0.028 0.034 0 0.034 10.924 0.005 10.925 11.649 0.003 11.65 11.594 0 11.592
0.027 0.001 0.028 0.034 0 0.034 10.987 0.01 10.994 11.702 0 11.699 11.654 0 11.652
0.036 0.00299999999999999 0.039 0.042 0 0.042 15.082 0.014 15.114 16.081 0.000999999999999987 16.101 15.982 0 16.001
0.037 0.003 0.04 0.045 0.001 0.047 14.772 0.016 14.806 15.771 0.001 15.789 15.656 0 15.675
0.028 0.001 0.029 0.039 0 0.039 11.668 0.012 11.676 12.207 0 12.205 11.505 0 11.503
0.026 0.00199999999999999 0.029 0.035 0 0.034 10.936 0.009 10.943 11.625 0 11.622 11.634 0 11.632
0.025 0.002 0.026 0.03 0 0.03 10.916 0.012 10.924 11.754 0 11.751 11.689 0 11.688
0.027 0.001 0.028 0.034 0.001 0.035 10.67 0.015 10.682 11.502 0 11.5 11.412 0 11.41
0.025 0.003 0.029 0.034 0 0.034 10.845 0.009 10.85 11.587 0 11.586 11.527 0 11.524
0.027 0.001 0.029 0.034 0 0.033 11.09 0.004 11.091 11.938 0.002 11.938 12.035 0 12.033
0.024 0.003 0.027 0.03 0 0.03 10.925 0.007 10.929 11.546 0 11.543 11.462 0 11.46
0.028 0.000999999999999994 0.029 0.033 0.001 0.035 11.107 0.009 11.113 11.804 0 11.8 11.688 0 11.687
0.024 0.004 0.028 0.033 0 0.034 10.632 0.004 10.632 11.581 0.001 11.58 11.348 0 11.346
0.027 0.001 0.028 0.034 0 0.034 10.687 0.009 10.694 11.354 0.001 11.352 11.374 0 11.372
0.025 0.002 0.027 0.03 0 0.03 10.709 0.004 10.71 11.529 0 11.526 11.457 0 11.455
0.027 0 0.027 0.03 0 0.03 10.16 0.01 10.166 10.707 0 10.706 10.644 0 10.641
0.027 0 0.027 0.035 0 0.035 10.829 0.007 10.833 11.555 0.002 11.554 11.497 0 11.495
0.028 0.001 0.028 0.034 0 0.034 11.389 0.005 11.39 12.16 0 12.159 11.888 0 11.884
0.027 0.001 0.028 0.034 0 0.034 10.816 0.007 10.82 11.543 0.001 11.542 11.383 0 11.38
0.029 0 0.029 0.033 0.000999999999999994 0.034 10.886 0.008 10.891 11.598 0.001 11.597 11.595 0 11.592
0.023 0.003 0.027 0.031 0 0.031 10.761 0.009 10.767 11.414 0 11.412 11.298 0 11.296
0.026 0.001 0.028 0.033 0 0.032 11.024 0.016 11.038 11.769 0 11.766 11.704 0 11.701
0.026 0.003 0.029 0.034 0 0.034 11.096 0.008 11.102 11.813 0.001 11.811 11.722 0 11.719
0.025 0.003 0.028 0.029 0.001 0.031 11.02 0.012 11.028 11.783 0.001 11.781 11.67 0 11.668
0.038 0.001 0.039 0.041 0.003 0.044 14.665 0.02 14.702 15.427 0.00299999999999999 15.448 15.368 0 15.386
0.04 0 0.04 0.046 0 0.046 14.951 0.01 14.979 15.915 0 15.934 15.832 0 15.851
0.026 0.002 0.028 0.034 0 0.034 11.031 0.006 11.034 11.752 0 11.749 11.692 0 11.691
0.027 0 0.027 0.031 0 0.031 10.645 0.008 10.65 11.415 0 11.413 11.314 0 11.312
0.027 0.00199999999999999 0.028 0.034 0 0.034 11.133 0.005 11.135 11.9 0 11.897 11.87 0 11.869
0.023 0.003 0.026 0.03 0 0.03 10.811 0.00800000000000001 10.816 11.374 0.000999999999999994 11.373 11.674 0 11.671
0.027 0.002 0.028 0.034 0 0.034 10.83 0.011 10.838 11.661 0 11.659 11.579 0 11.576
0.027 0.001 0.028 0.034 0 0.034 10.64 0.004 10.642 11.371 0.002 11.37 11.42 0 11.418
0.025 0.001 0.027 0.03 0 0.03 10.633 0.007 10.637 11.372 0.001 11.37 11.545 0 11.543
0.027 0 0.026 0.029 0.001 0.03 10.746 0.007 10.751 11.597 0 11.595 11.461 0 11.459
0.027 0.00199999999999999 0.029 0.034 0 0.034 10.939 0.013 10.949 11.643 0 11.641 11.516 0 11.513
0.024 0.003 0.028 0.03 0 0.029 10.422 0.01 10.429 11.118 0 11.116 11.103 0 11.1
0.028 0 0.028 0.035 0 0.035 10.663 0.011 10.671 11.353 0.001 11.352 11.373 0 11.371
0.028 0.001 0.028 0.032 0.001 0.034 10.694 0.007 10.698 11.345 0 11.343 11.414 0 11.412
0.027 0.001 0.028 0.035 0 0.035 10.728 0.005 10.73 11.432 0 11.429 11.389 0.001 11.388
0.025 0.003 0.028 0.033 0.000999999999999994 0.034 11.215 0.009 11.22 12.036 0 12.034 11.876 0 11.874
0.028 0.001 0.028 0.032 0.001 0.034 10.75 0.007 10.754 11.402 0.001 11.4 11.476 0 11.475
0.027 0.001 0.028 0.034 0 0.034 10.824 0.00899999999999999 10.83 11.478 0.001 11.476 11.329 0 11.327
0.027 0.001 0.029 0.034 0 0.034 10.765 0.01 10.772 11.431 0.000999999999999994 11.429 11.446 0 11.445
0.028 0 0.028 0.035 0.000999999999999994 0.035 10.889 0.011 10.898 11.644 0.001 11.642 11.583 0 11.581
0.025 0.003 0.028 0.034 0 0.035 10.805 0.007 10.808 11.593 0 11.59 11.499 0 11.497
0.025 0.003 0.028 0.034 0.001 0.035 10.944 0.007 10.948 11.699 0 11.697 11.634 0 11.631
0.026 0.002 0.029 0.034 0 0.033 10.663 0.006 10.667 11.436 0.001 11.435 11.266 0 11.264
0.028 0.000999999999999994 0.029 0.034 0 0.034 10.876 0.00600000000000001 10.88 11.612 0 11.609 11.548 0 11.546
0.026 0.002 0.028 0.033 0.001 0.034 11.028 0.008 11.033 11.822 0 11.82 11.732 0 11.729
0.026 0.00199999999999999 0.027 0.03 0 0.03 10.767 0.009 10.774 11.611 0.002 11.61 11.478 0 11.476
0.026 0.001 0.027 0.03 0 0.03 10.991 0.008 10.997 11.598 0.002 11.597 11.526 0 11.522
0.027 0.000999999999999994 0.029 0.034 0 0.033 10.705 0.007 10.709 11.46 0.002 11.46 11.51 0 11.507
0.025 0.001 0.026 0.03 0.001 0.031 10.968 0.006 10.972 11.385 0 11.381 11.651 0 11.65
0.027 0.001 0.028 0.034 0 0.034 10.76 0.009 10.766 11.472 0 11.471 11.433 0 11.43
0.038 0.003 0.041 0.046 0 0.046 14.967 0.013 14.999 15.898 0.001 15.917 15.833 0 15.852
0.027 0.001 0.028 0.035 0 0.035 10.902 0.008 10.906 11.685 0 11.683 11.633 0 11.631
0.028 0 0.028 0.034 0 0.034 11.065 0.00899999999999999 11.072 11.825 0 11.821 11.712 0 11.71
0.027 0.002 0.028 0.034 0 0.035 11.137 0.012 11.145 11.711 0 11.715 11.406 0 11.41
0.026 0.002 0.028 0.034 0 0.034 10.638 0.01 10.645 11.498 0 11.494 11.238 0 11.237
0.029 0 0.029 0.034 0 0.034 11.272 0.012 11.281 11.943 0.002 11.943 11.939 0 11.936
0.026 0.001 0.028 0.036 0 0.036 10.889 0.01 10.895 11.51 0.001 11.509 11.409 0 11.406
0.025 0.003 0.028 0.034 0 0.034 10.993 0.007 10.997 11.764 0.002 11.763 11.643 0 11.641
0.025 0.003 0.028 0.033 0.001 0.034 10.944 0.015 10.956 11.603 0 11.608 11.341 0 11.343
0.027 0.001 0.028 0.034 0 0.035 10.759 0.013 10.769 11.415 0.001 11.413 11.384 0 11.382
0.028 0.001 0.028 0.033 0.001 0.035 10.656 0.012 10.666 11.429 0 11.426 11.43 0 11.428
0.028 0.001 0.028 0.034 0 0.034 11.087 0.006 11.09 12.103 0 12.101 12.122 0 12.118
0.027 0.002 0.028 0.034 0 0.034 11.748 0.01 11.755 12.608 0 12.605 12.607 0 12.604
0.026 0.001 0.027 0.031 0 0.03 10.593 0.009 10.6 11.32 0 11.317 11.307 0 11.305
0.028 0 0.028 0.031 0 0.031 11.201 0.007 11.205 11.809 0.001 11.807 11.725 0 11.723
0.026 0.00199999999999999 0.029 0.034 0 0.033 10.672 0.012 10.681 11.707 0 11.705 11.549 0 11.548
0.027 0 0.027 0.03 0 0.03 10.662 0.016 10.675 11.463 0 11.461 11.385 0 11.382
0.024 0.003 0.027 0.029 0.001 0.03 10.263 0.014 10.274 11.034 0.001 11.033 10.954 0 10.95
0.026 0.002 0.028 0.034 0 0.034 11.116 0.011 11.124 11.454 0 11.452 11.662 0 11.66
0.027 0.001 0.028 0.037 0 0.037 11.318 0.009 11.324 12.052 0 12.049 11.986 0 11.984
0.026 0.00199999999999999 0.028 0.034 0.001 0.034 10.951 0.007 10.956 11.719 0 11.715 11.644 0 11.643
0.024 0.00199999999999999 0.026 0.03 0.001 0.031 10.782 0.012 10.791 11.577 0 11.574 11.553 0 11.552
0.029 0 0.029 0.034 0 0.034 10.738 0.006 10.741 11.396 0 11.394 11.345 0.001 11.343
0.025 0.002 0.027 0.03 0 0.03 10.896 0.01 10.903 11.75 0.002 11.75 11.643 0 11.64
0.025 0.003 0.028 0.032 0.001 0.033 11.054 0.012 11.063 11.833 0 11.83 11.768 0 11.766
0.026 0.002 0.028 0.033 0.001 0.034 11.124 0.008 11.129 11.828 0 11.824 11.786 0 11.785
0.028 0.001 0.029 0.034 0 0.034 11.212 0.005 11.215 11.928 0.002 11.927 11.847 0 11.845
0.036 0.00199999999999999 0.038 0.043 0.001 0.044 14.951 0.015 14.984 16.14 0.001 16.159 16.138 0 16.158
0.027 0.001 0.029 0.034 0 0.034 10.855 0.007 10.859 11.628 0.001 11.627 11.579 0 11.576
0.029 0 0.029 0.033 0 0.033 11.748 0.004 11.748 12.876 0 12.874 12.464 0 12.461
0.027 0.000999999999999997 0.028 0.03 0 0.03 11.73 0.009 11.735 12.519 0.000999999999999994 12.518 12.934 0 12.931
0.025 0.003 0.028 0.035 0 0.034 11.085 0.01 11.093 11.893 0.001 11.892 11.796 0 11.794
0.023 0.004 0.027 0.03 0 0.031 10.983 0.011 10.991 11.694 0.000999999999999994 11.692 11.64 0 11.639
0.025 0.002 0.027 0.029 0.001 0.03 11.216 0.00799999999999999 11.22 11.836 0.001 11.835 12.112 0 12.11
0.025 0.003 0.029 0.034 0 0.034 10.788 0.006 10.79 11.424 0 11.421 11.453 0 11.452
0.028 0.001 0.029 0.034 0 0.034 11.061 0.007 11.065 11.857 0.001 11.855 11.768 0 11.766
0.024 0.003 0.027 0.032 0 0.032 10.964 0.014 10.975 11.596 0 11.593 11.558 0 11.556
0.023 0.004 0.026 0.03 0 0.031 10.755 0.014 10.766 11.384 0 11.38 11.674 0 11.673
0.027 0.001 0.029 0.034 0 0.034 11.222 0.014 11.232 11.975 0 11.973 11.966 0.001 11.964
0.027 0.002 0.029 0.033 0 0.034 10.893 0.005 10.894 11.642 0.001 11.641 11.56 0 11.558
0.027 0.001 0.028 0.037 0 0.037 11.013 0.011 11.021 11.964 0.001 11.963 11.862 0 11.859
0.027 0.001 0.028 0.034 0 0.035 10.957 0.009 10.962 11.923 0.001 11.921 11.828 0 11.827
0.027 0.001 0.027 0.032 0 0.033 10.665 0.01 10.672 11.863 0 11.861 11.628 0 11.625
0.026 0.00199999999999999 0.027 0.033 0.001 0.035 10.601 0.009 10.607 11.279 0 11.277 11.276 0 11.274
0.029 0 0.029 0.034 0 0.034 11.061 0.007 11.065 11.777 0 11.773 11.719 0 11.718
0.027 0.002 0.028 0.033 0.001 0.035 11.269 0.012 11.278 11.997 0 11.994 11.974 0 11.972
0.028 0.000999999999999994 0.028 0.032 0.001 0.034 10.775 0.011 10.782 11.518 0 11.516 11.455 0 11.453
0.027 0.001 0.028 0.034 0 0.034 10.756 0.005 10.758 11.56 0 11.557 11.288 0 11.286
0.027 0.002 0.028 0.034 0 0.034 10.746 0.009 10.752 11.421 0 11.419 11.468 0 11.467
0.027 0.001 0.028 0.036 0.001 0.037 10.826 0.012 10.834 11.64 0 11.637 11.57 0 11.568
0.029 0 0.029 0.037 0 0.037 10.944 0.008 10.948 11.503 0 11.502 11.363 0 11.361
0.027 0.002 0.028 0.034 0.000999999999999994 0.035 10.675 0.00800000000000001 10.681 11.538 0 11.535 11.259 0 11.257
0.027 0.001 0.028 0.034 0.000999999999999994 0.034 10.967 0.009 10.973 11.753 0 11.751 11.7 0 11.699
0.025 0.001 0.027 0.031 0 0.03 10.99 0.006 10.993 11.738 0.002 11.738 11.672 0 11.671
0.027 0.001 0.028 0.034 0 0.034 10.651 0.012 10.659 11.59 0.001 11.59 11.475 0 11.472
0.023 0.004 0.027 0.03 0 0.03 11.025 0.01 11.031 11.745 0.001 11.744 11.701 0 11.698
0.025 0.00199999999999999 0.026 0.029 0.002 0.032 10.701 0.007 10.704 11.308 0.002 11.307 11.267 0 11.265
0.029 0 0.028 0.034 0 0.034 10.495 0.013 10.505 11.322 0 11.321 11.359 0 11.356
0.026 0.00199999999999999 0.028 0.034 0 0.04 10.307 0.007 10.315 11.252 0.001 11.256 10.756 0 10.753
0.027 0.001 0.028 0.034 0 0.034 10.791 0.01 10.798 11.486 0.000999999999999994 11.485 11.515 0.004 11.519
0.028 0.003 0.277 0.033 0 0.033 11.479 0.008 11.483 12.051 0 12.049 11.985 0 11.982
0.026 0.003 0.029 0.034 0 0.035 11.282 0.007 11.286 11.989 0.001 11.987 11.9 0 11.898
0.038 0.004 0.043 0.053 0 0.052 15.071 0.012 15.101 16.122 0.003 16.143 16.035 0 16.054
0.037 0.003 0.04 0.046 0 0.046 15.472 0.01 15.5 16.488 0 16.507 16.515 0 16.535
0.027 0 0.026 0.031 0 0.031 11.124 0.005 11.127 11.615 0 11.612 11.914 0 11.912
0.024 0.004 0.029 0.033 0.001 0.034 10.865 0.014 10.876 11.693 0.001 11.691 11.627 0 11.624
0.026 0.002 0.029 0.037 0 0.037 11.155 0.008 11.16 11.679 0 11.676 11.622 0 11.62
0.026 0.002 0.029 0.036 0 0.037 11.243 0.005 11.245 11.738 0 11.735 11.65 0 11.648
0.026 0.002 0.028 0.031 0 0.031 10.79 0.012 10.799 11.045 0 11.043 10.889 0 10.887
0.026 0.001 0.026 0.029 0.001 0.03 10.137 0.01 10.15 10.842 0.003 10.85 10.801 0.012 10.814
0.026 0.00199999999999999 0.028 0.034 0 0.034 10.769 0.01 10.776 11.54 0 11.538 11.431 0 11.429
0.026 0.00199999999999999 0.029 0.035 0 0.035 11.465 0.00600000000000001 11.468 12.269 0 12.265 12.193 0 12.191
0.026 0.00199999999999999 0.028 0.034 0 0.034 11.438 0.007 11.441 12.2 0 12.198 12.1 0 12.097
0.027 0.001 0.027 0.033 0.001 0.034 10.655 0.008 10.66 11.35 0 11.348 11.298 0 11.296
0.024 0.002 0.027 0.031 0 0.03 10.828 0.006 10.831 11.554 0.001 11.553 11.426 0 11.425
0.026 0.001 0.027 0.03 0.001 0.031 10.752 0.012 10.762 11.123 0 11.12 11.425 0 11.424
0.039 0.001 0.04 0.046 0.001 0.047 15.137 0.00899999999999999 15.165 16.262 0 16.28 16.082 0 16.101
0.029 0 0.028 0.033 0.001 0.034 11.223 0.009 11.229 11.952 0 11.95 11.899 0 11.897
0.027 0.000999999999999994 0.028 0.034 0.001 0.035 10.768 0.012 10.777 11.734 0.001 11.733 11.383 0 11.38
0.028 0.001 0.029 0.034 0 0.034 10.994 0.015 11.006 11.737 0 11.735 11.683 0 11.681
0.027 0.00199999999999999 0.029 0.034 0 0.035 10.855 0.009 10.861 11.606 0 11.602 11.539 0 11.537
0.027 0.001 0.029 0.034 0 0.033 10.635 0.012 10.645 11.642 0 11.639 11.53 0 11.528
0.027 0.001 0.029 0.034 0 0.034 10.912 0.017 10.926 11.563 0.00199999999999999 11.563 11.587 0 11.584
0.026 0.003 0.029 0.033 0 0.033 11.74 0.009 11.746 12.66 0 12.657 12.541 0 12.538
0.027 0.001 0.028 0.033 0.002 0.034 10.512 0.008 10.519 11.283 0 11.28 11.353 0 11.35
0.028 0 0.028 0.034 0 0.035 10.445 0.014 10.456 11.451 0 11.448 11.33 0 11.328
0.026 0.002 0.029 0.034 0.001 0.034 10.76 0.005 10.762 11.589 0 11.587 11.479 0 11.476
0.035 0.00399999999999999 0.038 0.042 0.002 0.045 14.804 0.00900000000000001 14.83 15.742 0.00199999999999999 15.762 15.662 0 15.681
0.035 0.003 0.038 0.041 0.00199999999999999 0.043 14.772 0.00800000000000001 14.797 15.783 0.003 15.805 15.708 0 15.727
0.027 0.002 0.029 0.033 0 0.033 10.947 0.007 10.952 11.385 0 11.382 11.631 0 11.629
0.028 0 0.028 0.034 0 0.035 10.858 0.011 10.866 11.659 0 11.657 11.602 0 11.6
0.027 0 0.027 0.03 0 0.03 10.219 0.008 10.224 11.68 0 11.678 11.622 0 11.62
0.026 0.001 0.028 0.035 0 0.034 10.776 0.008 10.781 11.381 0 11.38 10.706 0 10.703
0.028 0 0.028 0.031 0.001 0.032 10.933 0.009 10.939 11.743 0 11.74 11.685 0 11.683
0.025 0.003 0.028 0.035 0 0.035 10.956 0.011 10.964 11.694 0.001 11.693 11.613 0 11.611
0.026 0.001 0.026 0.03 0 0.03 10.107 0.011 10.117 10.791 0 10.789 10.849 0 10.845
0.028 0.001 0.029 0.035 0 0.035 11.243 0.013 11.253 11.931 0.003 11.932 11.857 0 11.854
0.026 0.001 0.027 0.031 0 0.031 10.659 0.013 10.669 11.46 0 11.458 11.388 0 11.386
0.027 0.001 0.028 0.033 0 0.033 11.415 0.006 11.418 12.242 0 12.239 12.223 0 12.221
0.028 0.001 0.028 0.033 0 0.034 11.48 0.005 11.482 12.16 0.003 12.16 12.117 0 12.115
0.028 0.001 0.029 0.034 0 0.034 11.087 0.00799999999999999 11.092 11.852 0.001 11.851 11.76 0 11.757
0.035 0.005 0.04 0.048 0 0.048 15.014 0.012 15.044 16.093 0.001 16.112 15.96 0.001 15.981
0.028 0.001 0.029 0.035 0 0.035 11.264 0.005 11.266 11.878 0 11.875 11.825 0 11.823
0.026 0.001 0.027 0.029 0 0.03 10.113 0.007 10.116 10.84 0.001 10.839 10.748 0 10.745
0.026 0.003 0.028 0.034 0 0.034 10.459 0.01 10.467 11.128 0 11.125 11.001 0 10.999
0.027 0.001 0.029 0.033 0.001 0.034 10.95 0.011 10.958 11.698 0 11.696 11.629 0 11.626
0.026 0.003 0.029 0.034 0 0.034 11.021 0.012 11.031 11.823 0.002 11.822 11.753 0 11.751
0.029 0.001 0.03 0.039 0 0.04 11.959 0.006 11.96 12.714 0 12.713 12.66 0 12.656
0.023 0.004 0.027 0.031 0 0.03 10.539 0.008 10.544 11.023 0 11.022 10.902 0 10.899
0.027 0 0.027 0.03 0 0.03 11.848 0.006 11.851 12.596 0 12.592 12.681 0 12.679
0.027 0.002 0.029 0.034 0 0.034 10.913 0.011 10.921 11.644 0 11.64 11.538 0 11.537
0.026 0.003 0.029 0.034 0 0.034 11.244 0.008 11.249 11.977 0 11.976 11.934 0 11.931
0.039 0.001 0.04 0.046 0 0.046 14.618 0.012 14.648 15.626 0.001 15.645 15.579 0 15.597
0.039 0.002 0.04 0.047 0 0.047 15.195 0.018 15.231 16.24 0.002 16.262 16.208 0 16.227
0.025 0.003 0.029 0.034 0 0.034 10.871 0.011 10.88 11.648 0 11.645 11.394 0 11.393
0.026 0.003 0.029 0.033 0.001 0.034 10.969 0.013 10.979 11.692 0.001 11.691 11.606 0 11.604
0.024 0.004 0.028 0.033 0.001 0.035 10.948 0.01 10.955 11.712 0 11.709 11.674 0 11.672
0.025 0.003 0.028 0.035 0 0.034 11.139 0.005 11.142 11.827 0 11.825 11.61 0 11.607
0.028 0.000999999999999994 0.029 0.033 0 0.034 12.044 0.007 12.048 12.353 0 12.357 11.946 0 11.951
0.027 0.001 0.029 0.034 0 0.034 11.085 0.00799999999999999 11.089 11.833 0.001 11.833 11.767 0 11.763
0.025 0.003 0.028 0.033 0.001 0.034 11.02 0.01 11.027 11.741 0 11.739 11.66 0 11.658
0.028 0 0.028 0.034 0 0.034 10.706 0.004 10.707 11.376 0 11.374 11.383 0 11.381
0.026 0.00199999999999999 0.029 0.035 0 0.034 10.951 0.006 10.955 11.743 0 11.74 11.67 0 11.668
0.026 0.00199999999999999 0.028 0.034 0 0.034 11.022 0.01 11.03 11.846 0 11.844 11.751 0 11.747
0.026 0.001 0.027 0.03 0.001 0.031 10.631 0.007 10.636 11.166 0.002 11.165 11.214 0 11.213
0.027 0 0.027 0.03 0 0.03 11.147 0.009 11.153 11.804 0 11.801 11.811 0.000999999999999994 11.81
0.028 0.001 0.029 0.032 0.00199999999999999 0.034 10.942 0.009 10.948 11.682 0.001 11.681 11.606 0 11.604
0.025 0.003 0.028 0.034 0 0.034 10.855 0.008 10.86 11.605 0.002 11.606 11.566 0 11.562
0.029 0 0.028 0.034 0 0.035 11.091 0.009 11.097 11.804 0 11.802 11.741 0 11.739
0.029 0 0.029 0.034 0 0.034 11.344 0.014 11.355 12.166 0 12.165 12.166 0 12.163
0.027 0 0.027 0.03 0 0.03 10.62 0.01 10.628 11.363 0 11.36 11.229 0 11.226
0.025 0.003 0.028 0.034 0 0.034 10.896 0.009 10.903 11.52 0.002 11.518 11.565 0 11.564
0.026 0.001 0.027 0.029 0.000999999999999994 0.03 10.898 0.009 10.904 11.599 0 11.596 11.528 0 11.525
0.028 0.000999999999999994 0.028 0.033 0.001 0.034 11.401 0.01 11.407 12.061 0.002 12.062 12.039 0 12.036
0.028 0 0.028 0.034 0 0.034 10.779 0.00899999999999999 10.786 11.521 0.001 11.519 10.918 0 10.916
0.028 0.001 0.029 0.034 0 0.034 10.9 0.007 10.904 11.827 0.001 11.825 11.457 0 11.455
0.027 0.001 0.027 0.03 0 0.03 11.02 0.006 11.025 11.652 0 11.65 11.961 0 11.959
0.028 0.001 0.028 0.034 0 0.035 11.156 0.006 11.158 11.892 0.001 11.892 11.839 0 11.836
0.027 0.000999999999999994 0.028 0.035 0 0.035 10.883 0.00800000000000001 10.888 11.63 0.000999999999999994 11.629 11.468 0 11.469
0.027 0.001 0.028 0.034 0 0.034 11.155 0.01 11.162 11.924 0.002 11.925 11.822 0 11.818
0.024 0.003 0.027 0.03 0 0.03 10.611 0.047 10.659 11.461 0.00599999999999999 11.47 11.397 0.004 11.4
0.027 0.001 0.029 0.033 0.001 0.034 10.677 0.007 10.681 11.31 0.002 11.31 11.229 0 11.227
0.027 0.001 0.028 0.036 0 0.036 11.598 0.007 11.602 12.257 0.003 12.258 12.131 0 12.129
0.026 0.002 0.028 0.033 0.001 0.034 11.039 0.008 11.043 11.778 0.001 11.777 11.721 0 11.719
0.026 0.003 0.029 0.034 0 0.034 11.37 0.007 11.374 12.069 0 12.066 12.028 0 12.026
0.027 0 0.027 0.029 0.001 0.03 10.129 0.008 10.134 10.901 0 10.899 10.87 0 10.867
0.026 0.002 0.028 0.034 0 0.034 11.087 0.009 11.093 11.744 0 11.741 11.57 0 11.568
0.029 0 0.029 0.034 0 0.034 10.668 0.004 10.669 11.634 0.002 11.634 11.307 0 11.304
0.027 0.002 0.028 0.034 0 0.034 10.859 0.009 10.865 11.253 0 11.252 11.348 0 11.346
0.026 0.002 0.028 0.035 0 0.035 10.903 0.007 10.907 11.884 0.001 11.883 11.436 0 11.433
0.029 0 0.028 0.032 0 0.032 12.096 0.015 12.108 12.853 0 12.85 12.648 0 12.645
0.026 0.002 0.028 0.034 0 0.034 11.048 0.009 11.054 11.791 0 11.788 11.71 0 11.708
0.028 0.001 0.029 0.034 0 0.034 10.828 0.012 10.844 11.319 0 11.322 11.109 0 11.113
0.028 0 0.028 0.035 0 0.035 10.751 0.009 10.757 11.507 0.001 11.506 11.422 0 11.421
0.026 0.00199999999999999 0.028 0.033 0.001 0.035 10.898 0.008 10.902 11.661 0 11.659 11.571 0 11.569
0.027 0.001 0.029 0.034 0 0.034 10.965 0.00799999999999999 10.97 11.723 0.001 11.721 11.628 0 11.626
0.024 0.003 0.027 0.03 0.001 0.031 10.215 0.011 10.223 10.899 0 10.897 10.817 0 10.815
0.022 0.004 0.026 0.03 0 0.03 10.228 0.01 10.235 10.881 0 10.879 10.778 0 10.775
0.025 0.002 0.027 0.03 0 0.03 10.882 0.011 10.89 11.429 0 11.428 11.718 0 11.716
0.026 0.002 0.029 0.034 0 0.034 10.951 0.012 10.96 11.69 0 11.687 11.602 0 11.6
0.029 0 0.029 0.034 0 0.034 10.903 0.01 10.91 11.677 0 11.675 11.623 0 11.621
0.028 0 0.028 0.034 0 0.034 10.912 0.011 10.921 11.506 0 11.503 11.393 0 11.392
0.029 0 0.028 0.034 0.001 0.035 11.078 0.01 11.086 11.816 0 11.813 11.743 0 11.741
0.027 0.001 0.028 0.034 0 0.034 10.883 0.008 10.888 11.668 0 11.666 11.613 0 11.611
0.026 0.00199999999999999 0.029 0.034 0 0.034 11.188 0.011 11.2 12.074 0.004 12.086 12.021 0.027 12.052
0.025 0.001 0.026 0.031 0 0.031 10.729 0.012 10.74 11.553 0 11.549 11.535 0 11.533
0.027 0.00199999999999999 0.028 0.034 0 0.034 10.86 0.018 10.876 11.561 0.003 11.561 11.546 0 11.543
0.025 0.003 0.028 0.034 0 0.034 10.788 0.007 10.793 11.571 0 11.568 11.497 0 11.494
0.025 0.003 0.029 0.034 0 0.034 10.781 0.009 10.787 11.448 0 11.446 11.384 0 11.382
0.025 0.00199999999999999 0.026 0.03 0 0.03 10.184 0.01 10.191 10.909 0 10.907 10.856 0 10.853
0.029 0.001 0.029 0.038 0 0.039 11.69 0.01 11.696 12.454 0 12.452 12.506 0 12.504
0.026 0.002 0.028 0.034 0.001 0.035 10.742 0.004 10.743 11.467 0 11.465 11.431 0 11.429
0.028 0.000999999999999994 0.029 0.034 0 0.034 11.057 0.009 11.064 11.837 0 11.834 11.798 0 11.795
0.027 0.001 0.028 0.034 0 0.034 10.986 0.00899999999999999 10.991 11.734 0 11.732 11.661 0 11.658
0.028 0.001 0.029 0.032 0.001 0.034 10.763 0.006 10.765 11.42 0 11.418 11.472 0 11.469
0.025 0.002 0.027 0.03 0 0.03 10.023 0.012 10.04 10.537 0 10.539 10.401 0 10.403
0.028 0 0.028 0.034 0 0.034 10.737 0.00600000000000001 10.74 11.43 0 11.429 11.256 0 11.255
0.026 0.001 0.027 0.03 0 0.03 10.264 0.011 10.272 10.97 0.002 10.97 10.873 0 10.87
0.027 0.002 0.028 0.034 0 0.034 10.854 0.006 10.857 11.619 0 11.617 11.53 0 11.527
0.027 0 0.027 0.03 0 0.031 11.011 0.008 11.016 11.441 0 11.438 11.695 0 11.693
0.025 0.004 0.029 0.036 0.001 0.037 11.644 0.008 11.649 12.482 0.001 12.481 12.553 0 12.551
0.028 0.001 0.029 0.034 0 0.034 11.012 0.008 11.017 11.708 0 11.705 11.767 0 11.765
0.026 0.001 0.027 0.029 0.001 0.03 10.551 0.01 10.558 11.349 0.001 11.348 11.331 0 11.329
0.027 0.002 0.029 0.034 0 0.034 11.135 0.01 11.142 11.954 0 11.951 11.819 0 11.817
0.027 0.001 0.028 0.034 0 0.034 10.899 0.007 10.903 11.588 0 11.586 11.528 0 11.526
0.027 0 0.026 0.029 0.001 0.031 10.048 0.009 10.06 10.609 0 10.613 10.417 0 10.42
0.028 0.001 0.028 0.032 0.001 0.034 10.777 0.011 10.784 11.526 0.002 11.526 11.35 0 11.348
0.026 0.001 0.027 0.03 0 0.03 10.201 0.012 10.21 10.909 0.001 10.909 10.839 0.001 10.836
0.028 0.001 0.029 0.033 0.000999999999999994 0.034 11.076 0.014 11.088 11.885 0 11.882 11.77 0 11.768
0.029 0 0.029 0.034 0 0.034 11.44 0.01 11.446 12.204 0.001 12.203 12.031 0 12.027
0.026 0.003 0.028 0.034 0 0.034 10.915 0.00600000000000001 10.918 11.643 0.001 11.642 11.605 0 11.603
0.025 0.002 0.027 0.03 0 0.029 10.161 0.013 10.171 10.793 0 10.792 10.605 0 10.608
0.024 0.003 0.027 0.03 0 0.03 10.727 0.011 10.735 11.478 0 11.476 11.387 0 11.384
0.026 0.00199999999999999 0.028 0.034 0 0.034 10.764 0.01 10.771 11.487 0 11.485 11.263 0 11.261
0.028 0 0.028 0.033 0.002 0.034 10.805 0.005 10.808 11.407 0.001 11.405 11.364 0 11.361
0.028 0.001 0.029 0.034 0 0.034 11.237 0.009 11.242 11.86 0 11.86 11.643 0 11.648
0.027 0.000999999999999994 0.028 0.034 0 0.034 11.458 0.01 11.465 12.233 0.001 12.231 12.136 0 12.134
0.028 0.001 0.029 0.032 0.001 0.034 10.677 0.009 10.683 11.357 0.000999999999999994 11.355 11.334 0 11.331
0.027 0.001 0.029 0.034 0 0.034 10.793 0.009 10.798 11.416 0 11.415 11.424 0 11.421
0.028 0 0.027 0.03 0 0.03 10.215 0.006 10.219 10.931 0 10.927 11.017 0 11.014
0.027 0 0.027 0.029 0.001 0.03 10.904 0.006 10.908 11.422 0 11.42 11.733 0 11.731
0.028 0.001 0.029 0.034 0 0.034 11.103 0.011 11.111 11.803 0 11.8 11.747 0 11.745
0.027 0.00199999999999999 0.028 0.034 0 0.035 10.797 0.008 10.802 11.429 0.001 11.428 11.389 0 11.387
0.027 0.00199999999999999 0.029 0.034 0 0.034 11.143 0.007 11.147 11.913 0 11.911 11.827 0 11.825
0.026 0.002 0.028 0.034 0 0.034 11.218 0.007 11.223 11.934 0 11.931 11.861 0 11.858
0.027 0.001 0.029 0.034 0 0.034 10.226 0.011 10.233 10.847 0 10.845 10.777 0 10.774
0.024 0.004 0.028 0.034 0 0.035 11.151 0.006 11.153 11.879 0 11.88 11.634 0 11.634
0.029 0 0.029 0.033 0.001 0.034 10.81 0.007 10.814 12.071 0.001 12.069 11.616 0 11.615
0.028 0.001 0.029 0.034 0 0.034 11.048 0.006 11.051 11.84 0 11.838 11.778 0 11.775
0.023 0.004 0.028 0.035 0 0.034 11 0.011 11.009 11.709 0 11.707 11.667 0 11.664
0.024 0.003 0.028 0.032 0 0.031 10.858 0.006 10.861 11.495 0.001 11.495 11.488 0 11.486
0.025 0.003 0.028 0.033 0.000999999999999994 0.034 10.842 0.012 10.852 11.602 0.001 11.6 11.527 0 11.525
0.026 0.001 0.028 0.03 0 0.029 10.243 0.01 10.251 10.958 0.001 10.956 10.856 0 10.854
0.023 0.004 0.027 0.031 0 0.031 10.933 0.015 10.953 11.334 0 11.339 11.651 0 11.657
0.026 0.002 0.029 0.034 0 0.034 10.992 0.011 10.999 11.759 0 11.757 11.871 0 11.869
0.026 0.002 0.029 0.034 0 0.034 10.947 0.01 10.954 11.683 0.001 11.681 11.635 0 11.632
0.027 0.00199999999999999 0.028 0.034 0 0.034 10.939 0.01 10.947 11.654 0 11.651 11.58 0 11.578
0.026 0.001 0.027 0.03 0 0.03 10.386 0.01 10.394 11.083 0 11.08 11.011 0 11.008
0.028 0.001 0.028 0.034 0 0.035 11.017 0.004 11.018 11.74 0 11.736 11.692 0 11.689
0.029 0 0.029 0.033 0.001 0.034 11.122 0.006 11.125 11.502 0 11.501 11.624 0 11.621
0.027 0.001 0.028 0.034 0.001 0.035 10.779 0.01 10.79 11.566 0.00199999999999999 11.569 11.516 0.003 11.521
0.027 0.002 0.029 0.033 0 0.034 10.691 0.006 10.693 11.461 0 11.459 11.369 0 11.367
0.028 0.000999999999999994 0.029 0.034 0 0.034 10.902 0.009 10.909 11.691 0.001 11.69 11.584 0 11.581
0.027 0.002 0.029 0.034 0 0.034 10.793 0.009 10.799 11.511 0.00199999999999999 11.511 11.452 0 11.452
0.026 0.003 0.029 0.034 0 0.034 11.486 0.00600000000000001 11.488 12.22 0 12.218 12.088 0 12.085
0.027 0.001 0.028 0.034 0 0.034 10.984 0.01 10.991 11.719 0 11.716 11.658 0 11.656
0.025 0.003 0.028 0.034 0.001 0.034 10.835 0.007 10.84 11.593 0 11.59 11.453 0 11.451
0.027 0.002 0.029 0.033 0 0.034 11.941 0.008 11.944 12.728 0 12.726 12.586 0.002 12.585
0.025 0.00199999999999999 0.027 0.03 0 0.03 10.186 0.006 10.189 10.931 0 10.928 10.851 0 10.848
0.026 0 0.027 0.031 0 0.03 10.739 0.01 10.746 11.473 0.001 11.473 11.553 0 11.551
0.027 0.001 0.027 0.033 0 0.033 10.779 0.01 10.788 11.652 0 11.649 11.69 0 11.687
0.028 0.001 0.028 0.034 0 0.034 10.56 0.007 10.564 11.628 0.001 11.627 11.212 0 11.21
0.027 0 0.027 0.03 0 0.03 11.872 0.012 11.88 12.535 0 12.533 12.816 0 12.813
0.026 0.000999999999999994 0.028 0.03 0 0.029 11.702 0.009 11.709 12.894 0 12.894 12.766 0 12.765
0.026 0.002 0.028 0.035 0.001 0.037 10.876 0.006 10.879 11.625 0.001 11.623 11.44 0 11.437
0.027 0 0.027 0.03 0 0.029 10.175 0.009 10.182 10.928 0 10.926 10.839 0 10.835
0.027 0.000999999999999994 0.028 0.034 0 0.034 11.122 0.007 11.126 11.9 0 11.897 11.785 0 11.783
0.026 0.003 0.029 0.034 0 0.034 11.457 0.007 11.462 12.083 0.001 12.08 11.915 0 11.913
0.027 0.001 0.028 0.034 0.000999999999999994 0.035 10.843 0.011 10.851 11.651 0.001 11.65 11.586 0 11.583
0.03 0 0.03 0.04 0.000999999999999994 0.039 10.742 0.00600000000000001 10.747 11.524 0.000999999999999994 11.522 11.444 0 11.441
0.023 0.003 0.026 0.031 0 0.031 10.769 0.007 10.774 11.123 0.001 11.122 11.43 0 11.427
0.026 0.001 0.026 0.03 0 0.031 10.693 0.006 10.696 11.519 0.002 11.519 11.488 0 11.486
0.027 0.000999999999999994 0.028 0.033 0.001 0.034 10.983 0.006 10.987 11.798 0 11.794 11.721 0 11.719
0.025 0.001 0.027 0.031 0 0.03 10.691 0.01 10.698 11.645 0 11.644 11.589 0.001 11.587
0.026 0.001 0.026 0.03 0 0.03 10.809 0.007 10.815 11.523 0.001 11.52 11.478 0 11.476
0.027 0.001 0.028 0.034 0 0.034 10.986 0.009 10.992 11.766 0 11.764 11.722 0 11.719
0.026 0.001 0.027 0.034 0 0.034 10.904 0.009 10.91 11.615 0 11.612 11.556 0 11.554
0.028 0.001 0.028 0.034 0 0.034 10.936 0.008 10.941 11.594 0 11.592 11.544 0 11.541
0.027 0 0.027 0.03 0 0.03 10.709 0.005 10.711 11.51 0.001 11.51 11.512 0 11.509
0.026 0.001 0.027 0.029 0 0.03 10.172 0.013 10.182 10.896 0.001 10.894 10.853 0 10.85
0.029 0 0.029 0.034 0 0.034 11.103 0.009 11.109 12.078 0.001 12.077 11.944 0 11.942
0.028 0.001 0.028 0.033 0.001 0.035 10.873 0.007 10.876 11.689 0 11.688 11.62 0 11.617
0.025 0.003 0.028 0.033 0.000999999999999994 0.034 10.852 0.011 10.86 11.614 0 11.612 11.545 0 11.543
0.025 0.002 0.027 0.03 0 0.03 10.301 0.012 10.311 11.038 0.001 11.036 10.977 0 10.974
0.029 0 0.028 0.034 0 0.035 10.801 0.008 10.806 11.531 0.001 11.53 11.486 0 11.483
0.025 0.002 0.027 0.032 0 0.032 10.749 0.011 10.757 11.416 0 11.414 11.642 0 11.64
0.027 0.002 0.028 0.033 0 0.034 10.866 0.007 10.869 11.769 0.001 11.769 11.471 0 11.468
0.028 0 0.028 0.033 0.001 0.034 10.919 0.007 10.923 11.694 0.002 11.694 11.626 0 11.624
0.027 0.00199999999999999 0.028 0.034 0 0.035 10.964 0.007 10.968 11.751 0 11.747 11.565 0 11.564
0.025 0.004 0.029 0.034 0 0.034 11.317 0.009 11.323 12.188 0 12.185 12.118 0.001 12.118
0.026 0.002 0.029 0.034 0 0.034 10.649 0.008 10.655 11.296 0 11.294 11.342 0 11.34
0.029 0 0.029 0.034 0 0.035 11.262 0.011 11.269 12.038 0 12.036 11.923 0 11.921
0.028 0.001 0.028 0.034 0 0.035 11.114 0.004 11.114 11.833 0 11.831 11.836 0 11.833
0.027 0.001 0.028 0.034 0 0.034 10.981 0.008 10.986 11.765 0.001 11.763 11.731 0 11.729
0.026 0.002 0.028 0.034 0 0.034 10.986 0.008 10.991 11.874 0 11.871 11.773 0 11.771
0.028 0 0.028 0.034 0 0.034 10.72 0.01 10.727 11.371 0.001 11.369 11.294 0 11.292
0.027 0.002 0.028 0.034 0 0.034 10.762 0.006 10.766 11.542 0 11.538 11.402 0 11.4
0.024 0.003 0.027 0.03 0 0.03 10.13 0.012 10.14 10.815 0.001 10.814 10.74 0 10.736
0.027 0.002 0.029 0.034 0 0.033 10.996 0.007 11.001 11.395 0 11.393 11.609 0.00199999999999999 11.609
0.026 0.002 0.028 0.034 0 0.034 10.879 0.007 10.884 11.684 0 11.68 11.628 0 11.626
0.026 0.001 0.027 0.029 0.001 0.03 10.631 0.011 10.639 11.535 0 11.533 11.51 0 11.508
0.028 0.001 0.029 0.034 0 0.034 10.756 0.007 10.759 11.507 0 11.506 11.553 0 11.55
0.025 0.003 0.028 0.034 0 0.034 10.842 0.01 10.849 11.641 0.001 11.64 11.564 0 11.562
0.027 0.002 0.028 0.034 0 0.034 11.093 0.011 11.102 11.843 0.001 11.842 11.734 0 11.73
0.023 0.004 0.027 0.03 0 0.03 10.242 0.01 10.248 10.977 0 10.976 10.903 0 10.899
0.025 0.003 0.028 0.034 0 0.034 10.855 0.008 10.86 11.453 0.001 11.451 11.436 0 11.434
0.029 0 0.028 0.034 0 0.034 10.922 0.008 10.927 11.323 0 11.321 11.534 0 11.532
0.028 0.001 0.028 0.035 0 0.036 10.984 0.009 10.99 11.794 0.002 11.793 11.74 0 11.737
0.026 0.002 0.029 0.034 0 0.034 10.924 0.008 10.929 11.648 0 11.645 11.612 0 11.61
0.027 0.002 0.028 0.034 0 0.034 11.022 0.011 11.031 11.744 0 11.741 11.697 0 11.695
0.026 0.002 0.029 0.033 0.001 0.034 11.09 0.019 11.106 11.766 0 11.764 11.706 0 11.703
0.028 0 0.027 0.03 0 0.031 10.756 0.011 10.764 11.629 0 11.626 11.569 0 11.567
0.025 0.003 0.028 0.035 0 0.035 10.637 0.013 10.647 11.532 0.002 11.532 11.379 0 11.377
0.026 0.002 0.028 0.034 0 0.034 10.653 0.011 10.661 11.386 0.001 11.385 11.286 0 11.283
0.028 0.002 0.028 0.033 0 0.034 10.844 0.004 10.846 11.503 0.001 11.501 11.285 0 11.287
0.024 0.003 0.027 0.03 0 0.03 10.107 0.007 10.111 10.839 0 10.837 10.781 0 10.778
0.026 0.00199999999999999 0.028 0.034 0 0.034 11.131 0.008 11.145 11.643 0 11.649 11.594 0 11.6
0.029 0 0.029 0.034 0 0.034 11.086 0.005 11.089 11.826 0 11.823 11.8 0 11.798
0.025 0.004 0.028 0.033 0 0.034 10.937 0.003 10.936 11.638 0 11.636 11.563 0 11.56
0.028 0 0.028 0.034 0 0.034 11.044 0.012 11.053 11.753 0 11.751 11.645 0 11.642
0.026 0.000999999999999994 0.027 0.029 0.001 0.031 10.258 0.006 10.26 10.89 0 10.889 10.815 0 10.811
0.025 0.003 0.028 0.034 0 0.034 10.887 0.005 10.89 11.644 0 11.642 11.569 0 11.566
0.024 0.005 0.029 0.033 0.001 0.034 10.709 0.007 10.712 11.26 0 11.259 11.197 0 11.194
0.026 0.004 0.03 0.036 0.001 0.037 11.025 0.007 11.029 11.872 0.001 11.87 11.797 0.001 11.796
0.028 0.001 0.029 0.034 0 0.034 11.425 0.006 11.428 12.189 0.001 12.187 12.029 0 12.027
0.024 0.004 0.028 0.034 0 0.034 11.039 0.009 11.044 11.775 0 11.773 11.724 0 11.721
0.028 0 0.029 0.034 0 0.034 10.893 0.008 10.897 11.674 0 11.672 11.503 0 11.501
0.029 0 0.028 0.034 0 0.034 11.309 0.015 11.321 11.984 0 11.981 11.947 0 11.945
0.027 0.001 0.028 0.034 0 0.034 11.251 0.009 11.257 12.065 0 12.063 11.925 0 11.922
0.027 0 0.026 0.03 0 0.03 10.757 0.01 10.764 11.549 0 11.545 11.459 0 11.457
0.026 0.001 0.027 0.028 0.001 0.03 10.551 0.007 10.555 11.168 0 11.165 11.067 0 11.065
0.025 0.003 0.028 0.034 0 0.034 10.981 0.008 10.987 11.539 0 11.536 11.446 0 11.445
0.028 0 0.028 0.034 0 0.034 10.862 0.008 10.867 11.661 0.001 11.659 11.612 0 11.61
0.028 0 0.028 0.035 0 0.034 10.782 0.006 10.786 11.57 0 11.567 11.522 0.001 11.521
0.028 0 0.028 0.034 0 0.034 11.149 0.008 11.153 11.897 0 11.895 11.79 0 11.788
0.025 0.004 0.029 0.034 0 0.034 11.327 0.009 11.334 12.033 0 12.031 12.026 0 12.022
0.027 0 0.028 0.03 0 0.029 10.357 0.009 10.364 11.157 0 11.155 11.037 0 11.033
0.027 0.001 0.029 0.035 0 0.034 11.082 0.009 11.088 11.78 0 11.778 11.718 0 11.715
0.025 0.002 0.027 0.029 0.000999999999999994 0.03 10.701 0.005 10.703 11.612 0 11.609 11.641 0 11.639
0.028 0.001 0.029 0.036 0 0.036 11.332 0.00700000000000001 11.337 11.953 0.00199999999999999 11.951 11.974 0 11.972
0.029 0 0.029 0.034 0 0.034 10.932 0.011 10.94 11.694 0 11.692 11.638 0 11.635
0.026 0.001 0.027 0.03 0 0.03 10.972 0.014 10.983 11.372 0 11.37 11.67 0 11.668
0.027 0.001 0.029 0.034 0 0.034 10.943 0.01 10.95 11.705 0 11.702 11.664 0 11.662
0.022 0.006 0.029 0.035 0 0.034 11.523 0.013 11.533 12.254 0 12.251 12.066 0 12.064
0.026 0.003 0.028 0.034 0 0.034 10.829 0.007 10.833 11.564 0 11.562 11.492 0 11.491
0.026 0.000999999999999994 0.026 0.03 0 0.03 10.793 0.00600000000000001 10.797 11.589 0 11.586 11.571 0 11.569
0.026 0.001 0.027 0.035 0 0.035 10.702 0.013 10.712 11.428 0 11.425 11.219 0 11.218
0.029 0 0.029 0.034 0 0.034 10.744 0.013 10.755 11.503 0 11.501 11.403 0 11.402
0.029 0 0.029 0.033 0.001 0.033 10.849 0.007 10.855 11.551 0 11.548 11.405 0 11.403
0.025 0.001 0.027 0.03 0 0.029 10.129 0.018 10.145 10.923 0 10.92 10.857 0 10.855
0.025 0.002 0.027 0.03 0 0.03 11.238 0.03 11.271 11.858 0.001 11.862 12.226 0.004 12.232
0.028 0 0.029 0.034 0 0.034 11.117 0.009 11.123 11.838 0.001 11.835 11.739 0 11.738
0.029 0 0.029 0.033 0.001 0.034 10.892 0.005 10.893 11.53 0 11.529 11.469 0 11.467
0.028 0.001 0.028 0.036 0 0.037 11.164 0.008 11.169 11.932 0 11.93 11.86 0 11.857
0.027 0.000999999999999994 0.028 0.033 0.001 0.034 10.972 0.009 10.976 11.745 0 11.743 11.694 0.001 11.694
0.026 0.002 0.028 0.034 0 0.034 10.822 0.011 10.83 11.572 0 11.571 11.446 0 11.442
0.024 0.003 0.026 0.03 0 0.031 10.155 0.007 10.159 10.904 0 10.902 10.811 0 10.808
0.024 0.003 0.027 0.029 0.002 0.031 10.984 0.007 10.988 11.808 0 11.805 11.721 0 11.72
0.027 0 0.028 0.031 0 0.03 11.124 0.008 11.13 11.554 0 11.552 11.798 0 11.796
0.029 0 0.03 0.036 0 0.036 11.407 0.008 11.411 12.084 0 12.082 12.009 0 12.008
0.025 0.003 0.029 0.034 0 0.033 11.119 0.015 11.13 11.906 0 11.905 11.872 0 11.868
0.028 0 0.028 0.034 0 0.034 10.846 0.008 10.851 11.336 0 11.334 11.328 0 11.326
0.025 0.003 0.028 0.034 0 0.034 10.996 0.01 11.003 11.73 0 11.728 11.663 0 11.661
0.026 0.002 0.029 0.034 0 0.034 11.162 0.00899999999999999 11.171 11.905 0.004 11.913 11.849 0.004 11.859
0.027 0.000999999999999994 0.028 0.034 0 0.034 10.978 0.01 10.985 11.724 0 11.721 11.664 0 11.662
0.026 0.002 0.028 0.034 0 0.034 10.99 0.008 10.994 11.774 0 11.773 11.705 0 11.702
0.027 0.00199999999999999 0.029 0.034 0 0.034 10.874 0.00700000000000001 10.882 11.446 0.001 11.456 11.175 0 11.175
0.026 0.002 0.027 0.034 0 0.033 10.773 0.009 10.779 11.583 0 11.58 11.441 0 11.44
0.027 0.002 0.028 0.034 0 0.034 11.111 0.008 11.117 11.921 0 11.917 11.827 0 11.826
0.024 0.003 0.027 0.031 0 0.03 10.839 0.008 10.845 11.659 0.001 11.657 11.645 0 11.643
0.024 0.003 0.027 0.03 0 0.03 10.067 0.012 10.076 10.752 0 10.75 10.726 0 10.723
0.027 0 0.027 0.03 0 0.03 10.877 0.008 10.883 11.37 0 11.368 11.689 0 11.687
0.025 0.004 0.029 0.034 0 0.034 10.915 0.008 10.92 11.689 0 11.686 11.63 0 11.628
0.027 0.00199999999999999 0.028 0.033 0 0.034 11.722 0.009 11.727 12.588 0 12.585 12.541 0.001 12.54
0.028 0 0.028 0.034 0 0.034 11.415 0.013 11.426 12.199 0.001 12.197 12.05 0 12.049
0.026 0.001 0.027 0.028 0.001 0.03 10.19 0.009 10.196 10.896 0 10.894 10.818 0 10.814
0.025 0.003 0.028 0.034 0 0.034 10.906 0.013 10.916 11.652 0 11.649 11.576 0 11.574
0.024 0.004 0.029 0.034 0 0.033 10.851 0.005 10.854 11.897 0 11.894 11.576 0 11.574
0.027 0.000999999999999994 0.029 0.033 0.001 0.034 10.601 0.01 10.609 11.184 0.002 11.184 11.128 0 11.126
0.025 0.003 0.028 0.031 0 0.03 10.841 0.012 10.85 11.719 0 11.718 11.672 0 11.669
0.026 0.004 0.029 0.035 0.001 0.035 10.989 0.013 11 11.852 0.001 11.85 11.705 0 11.703
0.027 0.001 0.029 0.035 0 0.034 11.167 0.009 11.174 11.9 0 11.899 11.894 0 11.893
0.028 0.001 0.029 0.034 0 0.034 11.001 0.005 11.003 11.691 0 11.691 11.449 0 11.454
0.027 0.00199999999999999 0.029 0.035 0 0.036 12.062 0.009 12.066 12.86 0 12.858 12.523 0 12.52
0.026 0.00199999999999999 0.028 0.034 0 0.034 10.89 0.01 10.897 11.656 0 11.654 11.583 0.001 11.581
0.027 0.001 0.027 0.03 0 0.03 10.862 0.007 10.866 11.657 0.001 11.656 11.6 0 11.598
0.029 0 0.028 0.032 0.002 0.034 11.006 0.00899999999999999 11.012 11.621 0 11.619 11.58 0 11.578
0.026 0.002 0.029 0.033 0.001 0.034 10.82 0.012 10.829 11.579 0 11.576 11.512 0 11.511
0.025 0.003 0.029 0.034 0 0.034 11.012 0.008 11.016 11.806 0 11.804 11.639 0 11.636
0.026 0.000999999999999994 0.027 0.03 0 0.03 10.178 0.007 10.183 10.849 0 10.846 10.761 0 10.758
0.024 0.004 0.028 0.034 0 0.034 11.254 0.006 11.257 11.989 0 11.987 11.895 0 11.892
0.029 0 0.03 0.034 0 0.034 11.889 0.008 11.893 12.479 0 12.476 12.533 0 12.531
0.025 0.003 0.028 0.034 0 0.034 11.299 0.011 11.308 11.73 0 11.727 11.928 0 11.926
0.028 0.001 0.029 0.034 0 0.034 11.222 0.012 11.231 11.961 0.001 11.96 11.87 0 11.867
0.024 0.003 0.028 0.034 0 0.034 10.879 0.01 10.886 11.703 0 11.701 11.618 0 11.615
0.024 0.003 0.026 0.03 0 0.03 10.849 0.008 10.854 11.647 0.002 11.647 11.565 0 11.564
0.025 0.001 0.027 0.03 0 0.03 10.219 0.009 10.225 10.91 0 10.907 10.856 0 10.853
0.027 0.002 0.028 0.033 0 0.034 11.379 0.00899999999999999 11.385 12.16 0 12.156 12.234 0 12.233
0.027 0.001 0.028 0.033 0.001 0.034 10.607 0.008 10.611 11.508 0 11.506 11.472 0 11.47
0.028 0.000999999999999994 0.029 0.033 0 0.033 11.14 0.00800000000000001 11.145 12.162 0.00199999999999999 12.162 11.716 0 11.713
0.027 0 0.026 0.03 0 0.031 10.573 0.00899999999999999 10.58 11.213 0.001 11.212 11.209 0 11.205
0.026 0.003 0.028 0.033 0.001 0.034 10.832 0.005 10.834 11.602 0 11.6 11.562 0 11.559
0.025 0.004 0.029 0.037 0 0.036 11.384 0.008 11.39 12.107 0.002 12.106 11.888 0 11.885
0.025 0.003 0.028 0.035 0 0.035 10.924 0.008 10.929 11.668 0 11.666 11.603 0 11.601
0.027 0.001 0.028 0.034 0 0.034 10.944 0.009 10.95 11.652 0.001 11.65 11.599 0 11.598
0.027 0.001 0.028 0.034 0 0.035 11.093 0.007 11.097 11.837 0 11.833 11.744 0 11.742
0.027 0.000999999999999994 0.028 0.033 0.001 0.034 10.764 0.013 10.774 11.519 0 11.517 11.437 0 11.435
0.027 0 0.026 0.029 0.001 0.031 10.757 0.005 10.759 11.473 0.001 11.471 11.465 0 11.463
0.027 0 0.027 0.03 0 0.03 11.342 0.012 11.351 12.102 0 12.099 11.999 0 11.997
0.026 0.002 0.028 0.034 0 0.034 10.736 0.01 10.744 11.463 0 11.46 11.313 0 11.311
0.026 0.000999999999999994 0.027 0.03 0 0.029 10.021 0.012 10.03 10.732 0 10.73 10.683 0 10.68
0.026 0.002 0.029 0.035 0 0.034 10.948 0.005 10.952 11.624 0 11.625 11.351 0 11.354
0.028 0.001 0.028 0.034 0 0.035 10.967 0.01 10.974 11.731 0 11.729 11.679 0 11.676
0.027 0.00199999999999999 0.029 0.034 0 0.034 10.787 0.01 10.794 11.988 0 11.986 11.519 0.001 11.518
0.027 0.002 0.028 0.034 0 0.035 10.835 0.01 10.841 11.574 0 11.572 11.531 0 11.529
0.028 0 0.028 0.035 0 0.034 11.171 0.014 11.184 11.908 0 11.907 11.818 0 11.817
0.027 0.001 0.028 0.034 0 0.035 11.256 0.009 11.261 11.853 0 11.85 11.763 0 11.762
0.025 0.00199999999999999 0.027 0.029 0.001 0.03 10.937 0.008 10.942 11.795 0 11.792 11.77 0 11.768
0.027 0 0.027 0.03 0 0.03 10.175 0.009 10.181 10.837 0.001 10.836 10.782 0 10.779
0.026 0.00199999999999999 0.028 0.034 0 0.034 10.938 0.008 10.943 11.654 0 11.651 11.592 0 11.589
0.026 0.001 0.027 0.033 0 0.032 11.001 0.005 11.004 11.641 0 11.637 11.788 0 11.787
0.028 0.00199999999999999 0.048 0.034 0 0.035 11.219 0.008 11.223 11.575 0 11.573 11.571 0 11.57
0.027 0.001 0.028 0.034 0 0.034 10.589 0.008 10.6 11.24 0 11.241 10.891 0 10.893
0.025 0.003 0.029 0.034 0 0.034 10.852 0.016 10.865 11.602 0.000999999999999994 11.6 11.437 0 11.441
0.027 0.000999999999999994 0.029 0.034 0 0.034 11.043 0.013 11.052 11.811 0.002 11.811 11.742 0 11.74
0.025 0.001 0.027 0.03 0 0.03 10.246 0.004 10.247 11.05 0 11.048 11.665 0 11.663
0.027 0.000999999999999994 0.029 0.033 0.001 0.034 10.904 0.005 10.906 11.693 0.001 11.691 11.623 0 11.621
0.026 0.002 0.029 0.034 0 0.033 10.909 0.01 10.916 11.642 0 11.639 11.588 0 11.586
0.026 0.00199999999999999 0.029 0.034 0 0.034 10.805 0.00700000000000001 10.809 11.477 0 11.475 11.424 0 11.421
0.025 0.001 0.026 0.03 0 0.03 10.767 0.00899999999999999 10.773 11.476 0 11.474 11.451 0.001 11.449
0.027 0.001 0.029 0.034 0 0.034 10.785 0.01 10.792 11.418 0 11.42 11.19 0 11.192
0.028 0.001 0.028 0.032 0.001 0.034 10.697 0.007 10.7 11.452 0 11.45 11.416 0 11.414
0.025 0.00199999999999999 0.027 0.03 0 0.03 10.254 0.011 10.262 10.978 0 10.976 10.908 0 10.905
0.027 0.001 0.028 0.034 0 0.034 10.765 0.009 10.771 11.793 0 11.791 11.585 0 11.583
0.027 0.002 0.028 0.034 0 0.034 10.627 0.007 10.633 11.761 0 11.758 11.368 0 11.365
0.027 0.001 0.028 0.034 0 0.034 10.656 0.008 10.661 11.412 0 11.41 11.232 0 11.23
0.028 0.001 0.029 0.033 0 0.033 11.065 0.011 11.073 11.835 0.001 11.833 11.76 0 11.758
0.028 0.001 0.028 0.034 0 0.034 11.463 0.007 11.468 12.306 0 12.304 12.192 0 12.189
0.028 0 0.028 0.034 0 0.034 10.806 0.00799999999999999 10.812 11.554 0 11.551 11.481 0 11.479
0.025 0.00199999999999999 0.027 0.03 0 0.03 10.221 0.006 10.224 10.968 0.002 10.968 10.921 0 10.917
0.027 0.001 0.029 0.034 0 0.034 10.897 0.009 10.902 11.604 0 11.602 11.564 0 11.561
0.027 0.001 0.029 0.034 0 0.033 10.887 0.015 10.9 11.903 0 11.9 11.506 0 11.504
0.025 0.002 0.027 0.03 0 0.03 10.858 0.01 10.865 11.397 0 11.395 11.684 0 11.682
0.027 0.001 0.028 0.034 0 0.034 11.048 0.00899999999999999 11.054 11.454 0 11.453 11.675 0 11.672
0.025 0.001 0.027 0.029 0.001 0.03 11.211 0.007 11.214 12.054 0.002 12.055 12.016 0 12.014
0.027 0.002 0.028 0.033 0 0.034 11.189 0.007 11.193 11.951 0 11.949 11.858 0 11.855
0.024 0.004 0.028 0.033 0.001 0.034 11.004 0.004 11.005 11.776 0 11.773 11.698 0 11.696
0.026 0.002 0.029 0.034 0 0.033 11.061 0.008 11.066 11.745 0 11.743 11.673 0 11.67
0.024 0.003 0.027 0.03 0 0.03 10.617 0.009 10.623 11.402 0 11.399 11.344 0 11.342
0.026 0.002 0.028 0.033 0 0.034 10.845 0.01 10.851 11.654 0.001 11.653 11.477 0 11.475
0.026 0 0.027 0.031 0 0.03 10.777 0.009 10.783 11.548 0.000999999999999994 11.548 11.445 0 11.442
0.026 0.003 0.029 0.034 0 0.034 10.886 0.006 10.889 11.666 0 11.665 11.481 0 11.478
0.025 0.001 0.027 0.03 0.000999999999999994 0.031 10.114 0.012 10.123 10.694 0 10.693 10.594 0 10.591
0.028 0.003 0.032 0.038 0 0.037 13.373 0.005 13.376 14.403 0.001 14.4 13.859 0 13.862
0.028 0 0.028 0.033 0.001 0.034 10.843 0.009 10.85 11.651 0 11.649 11.582 0.000999999999999994 11.58
0.028 0.001 0.029 0.035 0 0.035 10.651 0.014 10.662 11.728 0 11.726 11.415 0 11.413
0.028 0 0.028 0.034 0 0.034 10.837 0.011 10.845 10.958 0 10.955 10.743 0 10.74
0.026 0.002 0.029 0.034 0 0.034 10.89 0.011 10.898 11.667 0.001 11.666 11.462 0 11.46
0.023 0.005 0.028 0.03 0 0.031 10.829 0.008 10.833 11.554 0.00199999999999999 11.554 11.622 0 11.62
0.027 0.001 0.028 0.034 0 0.034 10.889 0.009 10.895 11.65 0 11.647 11.574 0 11.572
0.026 0.002 0.028 0.034 0 0.034 11.119 0.007 11.123 11.915 0 11.912 11.769 0 11.767
0.027 0.001 0.028 0.033 0 0.034 10.716 0.006 10.718 11.45 0.001 11.45 11.399 0 11.396
0.026 0.000999999999999994 0.027 0.028 0.001 0.03 10.593 0.008 10.597 11.253 0.001 11.252 11.218 0 11.215
0.028 0.000999999999999994 0.029 0.034 0 0.034 11.206 0.008 11.211 11.99 0 11.987 11.911 0 11.908
0.028 0.001 0.028 0.034 0 0.034 10.74 0.006 10.743 11.855 0 11.853 11.385 0 11.383
0.027 0.00199999999999999 0.028 0.034 0 0.034 10.916 0.007 10.92 11.445 0 11.443 11.359 0 11.357
0.026 0.002 0.029 0.034 0 0.034 11.148 0.005 11.149 11.744 0.000999999999999994 11.744 11.651 0 11.648
0.029 0 0.028 0.034 0 0.034 10.869 0.012 10.878 11.594 0 11.592 11.563 0 11.562
0.024 0.004 0.028 0.033 0.001 0.034 11.018 0.008 11.023 11.766 0 11.763 11.696 0 11.694
0.028 0 0.028 0.034 0 0.034 10.912 0.007 10.916 11.679 0 11.677 11.638 0 11.636
0.028 0.000999999999999997 0.029 0.033 0.001 0.034 10.962 0.01 10.968 11.725 0 11.723 11.64 0 11.637
0.026 0.002 0.028 0.034 0 0.034 10.831 0.012 10.84 11.722 0 11.72 11.549 0 11.547
0.029 0.001 0.03 0.035 0 0.035 11.727 0.007 11.731 12.638 0 12.635 12.626 0 12.623
0.024 0.004 0.028 0.034 0 0.034 10.752 0.007 10.756 11.39 0.002 11.389 11.384 0 11.383
0.025 0.001 0.027 0.029 0.001 0.03 10.263 0.013 10.273 10.981 0 10.979 10.933 0 10.929
0.028 0.001 0.029 0.031 0 0.031 11.665 0.014 11.678 12.605 0.003 12.611 12.872 0.008 12.881
0.027 0.001 0.028 0.033 0.001 0.034 11.02 0.009 11.027 11.431 0 11.429 11.62 0 11.617
0.027 0.001 0.028 0.034 0 0.034 11.237 0.006 11.24 11.912 0 11.908 11.875 0 11.874
0.027 0.001 0.028 0.034 0 0.034 11.08 0.009 11.086 11.782 0.001 11.781 11.743 0 11.74
0.026 0.001 0.027 0.029 0.001 0.03 10.703 0.008 10.709 11.515 0 11.513 11.489 0 11.486
0.026 0.001 0.027 0.03 0 0.03 10.974 0.008 10.979 11.825 0 11.823 11.762 0 11.759
0.027 0.001 0.029 0.034 0 0.034 10.98 0.011 10.987 11.731 0 11.728 11.654 0 11.652
0.025 0.003 0.028 0.034 0 0.034 10.947 0.014 10.958 11.727 0 11.724 11.655 0 11.652
0.026 0.002 0.028 0.034 0 0.034 11.899 0.011 11.906 12.703 0 12.701 12.593 0 12.59
0.026 0.000999999999999994 0.027 0.029 0 0.029 10.296 0.00600000000000001 10.299 10.972 0 10.97 10.919 0 10.917
0.028 0 0.029 0.035 0 0.034 10.842 0.004 10.843 11.611 0.001 11.61 11.572 0 11.57
0.026 0.002 0.029 0.034 0 0.034 11.044 0.01 11.05 11.403 0.001 11.402 11.592 0 11.59
0.027 0.001 0.029 0.034 0 0.035 11.493 0.012 11.501 12.274 0 12.271 12.211 0 12.209
0.026 0.001 0.027 0.031 0 0.03 10.69 0.011 10.7 11.446 0.001 11.444 11.404 0 11.401
0.027 0.002 0.029 0.034 0 0.034 11.167 0.011 11.174 11.942 0 11.941 11.878 0 11.875
0.028 0.001 0.029 0.034 0 0.034 11.642 0.006 11.645 12.276 0.001 12.275 12.155 0 12.152
0.026 0.00199999999999999 0.028 0.034 0 0.034 11.085 0.008 11.089 11.786 0 11.785 11.746 0 11.744
0.026 0.003 0.029 0.034 0 0.034 11.287 0.00799999999999999 11.292 12.051 0.001 12.05 12.075 0 12.073
0.028 0 0.028 0.034 0 0.034 10.878 0.008 10.883 11.608 0.001 11.607 11.487 0 11.484
0.028 0.001 0.028 0.034 0 0.034 11.006 0.005 11.008 11.713 0 11.71 11.706 0 11.703
0.028 0 0.028 0.034 0 0.035 10.903 0.013 10.912 11.636 0 11.634 11.572 0 11.569
0.026 0.001 0.027 0.03 0 0.03 10.255 0.007 10.26 10.929 0.004 10.93 10.843 0 10.84
0.027 0.001 0.028 0.034 0 0.034 11.132 0.007 11.136 11.557 0 11.555 11.532 0 11.53
0.026 0.001 0.028 0.031 0 0.03 10.521 0.007 10.526 11.797 0 11.794 11.738 0 11.737
0.028 0 0.028 0.034 0 0.034 10.955 0.012 10.965 11.588 0 11.586 11.476 0 11.473
0.027 0.001 0.028 0.033 0.001 0.034 10.708 0.009 10.714 11.5 0 11.499 11.448 0 11.445
0.026 0.002 0.028 0.032 0 0.033 11.102 0.00899999999999999 11.107 11.814 0 11.812 11.757 0 11.755
0.027 0.001 0.028 0.034 0 0.034 12.138 0.01 12.145 13.024 0 13.021 12.667 0 12.663
0.029 0 0.028 0.033 0.001 0.034 11.269 0.01 11.276 12.019 0.002 12.019 11.966 0 11.963
0.027 0 0.026 0.03 0 0.03 10.133 0.011 10.142 10.817 0.000999999999999994 10.815 10.802 0 10.799
0.026 0.002 0.029 0.035 0 0.034 10.958 0.006 10.961 11.732 0.001 11.731 11.625 0 11.625
0.029 0 0.029 0.033 0.001 0.033 10.999 0.009 11.005 11.445 0 11.443 11.513 0 11.511
0.027 0.002 0.273 0.031 0 0.031 10.688 0.01 10.699 11.741 0.003 11.744 11.673 0.003 11.677
0.026 0.002 0.028 0.034 0 0.035 11.092 0.004 11.092 11.898 0 11.896 11.536 0 11.535
0.029 0 0.029 0.034 0 0.034 10.937 0.011 10.945 11.721 0 11.719 11.678 0 11.675
0.029 0 0.029 0.034 0.001 0.035 10.912 0.007 10.916 11.643 0.001 11.642 11.572 0 11.569
0.028 0 0.029 0.034 0 0.034 11.073 0.006 11.076 11.771 0.002 11.77 11.72 0 11.718
0.027 0.001 0.027 0.033 0.001 0.035 10.756 0.011 10.764 11.49 0.001 11.487 11.429 0 11.427
0.027 0.001 0.028 0.034 0 0.034 10.908 0.005 10.91 11.649 0 11.647 11.578 0 11.576
0.026 0.001 0.027 0.029 0.001 0.03 10.722 0.003 10.723 11.552 0 11.549 11.532 0 11.53
0.028 0.001 0.029 0.034 0 0.034 10.916 0.009 10.921 11.672 0.002 11.672 11.598 0 11.595
0.028 0 0.028 0.034 0 0.034 10.756 0.006 10.759 11.412 0.001 11.412 11.327 0 11.324
0.027 0.001 0.029 0.034 0 0.034 10.72 0.007 10.724 11.827 0.002 11.828 11.456 0 11.453
0.025 0.003 0.029 0.034 0 0.034 10.73 0.01 10.737 11.518 0 11.516 11.437 0 11.435
0.028 0.000999999999999994 0.029 0.034 0 0.034 11.113 0.01 11.12 11.826 0 11.822 11.632 0 11.631
0.023 0.004 0.027 0.029 0.000999999999999994 0.031 10.844 0.01 10.85 11.043 0 11.041 10.817 0 10.816
0.026 0.003 0.029 0.036 0 0.035 11.55 0.01 11.558 12.142 0.002 12.144 12.091 0 12.089
0.027 0.002 0.029 0.034 0 0.034 11.186 0.011 11.194 12.001 0.001 11.999 11.908 0 11.905
0.026 0.002 0.028 0.033 0.001 0.034 10.887 0.009 10.893 11.663 0.002 11.663 11.561 0 11.559
0.027 0.002 0.028 0.034 0 0.035 10.992 0.009 10.997 11.687 0 11.685 11.63 0 11.628
0.029 0 0.029 0.031 0.001 0.032 10.856 0.008 10.862 11.616 0 11.612 11.537 0 11.535
0.028 0.001 0.028 0.034 0 0.034 11.277 0.007 11.281 12.042 0.001 12.042 11.773 0 11.769
0.028 0.001 0.029 0.034 0 0.034 10.863 0.014 10.874 11.603 0.001 11.602 11.543 0 11.54
0.029 0 0.028 0.034 0 0.034 10.954 0.009 10.961 11.722 0 11.718 11.669 0 11.667
0.026 0.00199999999999999 0.028 0.034 0.001 0.034 11.108 0.014 11.119 11.818 0 11.816 11.71 0 11.708
0.026 0.003 0.028 0.034 0 0.035 11.556 0.006 11.559 12.302 0 12.3 12.209 0 12.206
0.027 0.001 0.029 0.034 0 0.034 11.164 0.008 11.169 11.952 0 11.949 11.856 0 11.853
0.026 0.00199999999999999 0.028 0.034 0 0.034 10.947 0.006 10.95 11.726 0 11.724 11.682 0 11.679
0.027 0.001 0.028 0.034 0 0.034 10.783 0.007 10.787 11.584 0 11.581 11.568 0 11.566
0.025 0.004 0.029 0.034 0 0.035 10.947 0.009 10.953 11.619 0 11.617 11.697 0 11.694
0.024 0.003 0.027 0.03 0 0.03 10.783 0.014 10.794 11.568 0 11.566 11.638 0 11.635
0.027 0.00199999999999999 0.028 0.033 0 0.033 10.543 0.009 10.549 11.701 0 11.699 11.278 0 11.276
0.023 0.004 0.027 0.03 0 0.031 11.218 0.004 11.218 11.98 0.001 11.979 11.894 0 11.891
0.027 0.001 0.029 0.034 0 0.034 10.851 0.007 10.854 11.588 0.001 11.588 11.383 0 11.38
0.026 0.002 0.029 0.034 0 0.034 10.847 0.002 10.846 11.62 0 11.618 11.438 0 11.436
0.027 0.002 0.028 0.034 0 0.034 10.828 0.008 10.834 11.596 0 11.593 11.54 0 11.538
0.027 0.001 0.027 0.034 0 0.035 10.843 0.006 10.845 11.567 0 11.564 11.511 0 11.509
0.026 0.002 0.028 0.034 0 0.033 10.672 0.009 10.679 11.419 0.001 11.418 11.322 0.001 11.32
0.024 0.00199999999999999 0.027 0.029 0.002 0.03 10.965 0.009 10.97 11.706 0.001 11.705 11.67 0 11.668
0.026 0.003 0.029 0.034 0 0.034 11.129 0.01 11.136 11.888 0 11.885 11.793 0 11.79
0.026 0.001 0.027 0.029 0.001 0.03 10.471 0.009 10.477 11.4 0 11.398 11.377 0.002 11.376
0.026 0.00199999999999999 0.028 0.034 0 0.034 10.915 0.00800000000000001 10.92 11.686 0 11.684 11.573 0 11.572
0.028 0 0.028 0.032 0 0.032 11.077 0.012 11.086 11.765 0 11.763 11.727 0 11.725
0.027 0.001 0.029 0.034 0 0.034 12.18 0.007 12.184 12.908 0 12.904 12.648 0 12.646
0.026 0 0.027 0.035 0 0.035 11.139 0.008 11.143 11.83 0.001 11.828 11.772 0 11.77
0.027 0.001 0.028 0.034 0 0.034 12.057 0.006 12.06 12.773 0 12.771 12.474 0 12.471
0.026 0.002 0.028 0.035 0 0.035 11.046 0.011 11.053 11.732 0.004 11.734 11.698 0 11.696
0.027 0.001 0.029 0.033 0.001 0.034 10.906 0.011 10.914 11.544 0.000999999999999994 11.542 11.586 0 11.585
0.025 0.003 0.028 0.032 0.002 0.034 10.756 0.005 10.758 11.523 0.001 11.522 11.348 0 11.345
0.025 0.003 0.028 0.034 0 0.034 10.849 0.011 10.857 11.781 0.001 11.779 11.617 0 11.616
0.027 0.001 0.028 0.035 0 0.034 10.547 0.01 10.556 11.679 0 11.677 11.278 0.001 11.277
0.027 0.002 0.029 0.034 0 0.034 10.901 0.013 10.911 11.697 0 11.695 11.647 0 11.645
0.026 0.002 0.028 0.034 0.001 0.034 10.774 0.01 10.781 11.493 0 11.492 11.434 0 11.432
0.024 0.003 0.027 0.03 0.000999999999999994 0.031 10.753 0.00600000000000001 10.756 11.587 0 11.585 11.511 0 11.509
0.026 0.003 0.029 0.034 0 0.034 10.966 0.009 10.971 11.651 0 11.648 11.64 0 11.638
0.026 0.00199999999999999 0.028 0.034 0 0.035 11.105 0.009 11.111 11.791 0 11.789 11.759 0 11.756
0.028 0.000999999999999994 0.028 0.034 0 0.034 11.113 0.009 11.119 11.816 0.002 11.815 11.74 0 11.738
0.025 0.004 0.029 0.036 0 0.036 10.765 0.008 10.77 11.449 0.001 11.448 11.423 0 11.421
0.029 0 0.029 0.033 0.001 0.034 11.288 0.006 11.29 11.995 0 11.993 11.904 0 11.902
0.024 0.003 0.026 0.03 0 0.03 11.05 0.009 11.057 11.76 0 11.757 11.71 0 11.708
0.025 0.001 0.027 0.03 0.001 0.03 10.669 0.01 10.676 11.289 0.001 11.288 11.572 0 11.57
0.025 0.003 0.029 0.034 0 0.034 11.015 0.012 11.024 11.763 0 11.76 11.707 0 11.705
0.025 0.003 0.028 0.032 0.00199999999999999 0.034 12.095 0.00600000000000001 12.098 12.662 0 12.659 12.393 0 12.391
0.027 0.002 0.029 0.033 0.001 0.034 11.027 0.008 11.032 11.79 0.00199999999999999 11.79 11.729 0 11.727
0.028 0.001 0.028 0.034 0 0.035 11.222 0.008 11.226 11.921 0.001 11.919 11.825 0 11.824
0.026 0.001 0.028 0.034 0.001 0.034 10.86 0.01 10.867 11.622 0 11.621 11.557 0 11.553
0.028 0.000999999999999994 0.028 0.033 0.001 0.035 10.851 0.008 10.856 11.668 0.002 11.667 11.677 0 11.675
0.029 0 0.029 0.034 0 0.034 11.734 0.011 11.742 12.641 0 12.639 12.655 0 12.652
0.027 0.001 0.028 0.033 0.000999999999999994 0.034 10.789 0.013 10.799 11.458 0 11.456 11.362 0 11.36
0.028 0 0.028 0.033 0.001 0.034 10.988 0.01 10.996 11.402 0.000999999999999994 11.4 11.7 0 11.699
0.027 0.002 0.029 0.034 0 0.034 10.764 0.007 10.768 11.488 0 11.486 11.466 0 11.463
0.026 0.00199999999999999 0.029 0.034 0 0.034 10.823 0.008 10.828 11.438 0 11.435 11.366 0 11.364
0.026 0.003 0.028 0.034 0 0.034 10.826 0.006 10.83 11.544 0 11.542 11.329 0 11.328
0.026 0.002 0.028 0.031 0 0.031 11.075 0.008 11.081 11.766 0 11.762 11.81 0 11.808
0.025 0.003 0.028 0.033 0.000999999999999997 0.035 11.062 0.00600000000000001 11.064 11.82 0.000999999999999994 11.818 11.747 0 11.745
0.028 0.001 0.028 0.034 0 0.034 11.125 0.013 11.135 11.825 0 11.823 11.763 0 11.76
0.028 0 0.028 0.033 0.001 0.034 10.658 0.014 10.668 11.373 0.001 11.372 11.325 0 11.324
0.028 0.001 0.029 0.034 0 0.034 11.1 0.009 11.105 11.8 0.001 11.799 11.714 0 11.712
0.027 0.001 0.028 0.034 0 0.034 10.957 0.007 10.962 11.672 0 11.67 11.618 0 11.614
0.023 0.004 0.027 0.03 0.001 0.031 10.861 0.007 10.865 11.398 0 11.396 11.595 0 11.592
0.028 0 0.028 0.031 0.001 0.032 10.893 0.008 10.898 11.644 0.001 11.643 11.577 0 11.574
0.028 0 0.028 0.034 0 0.034 11.144 0.007 11.148 11.895 0 11.892 11.797 0 11.795
0.024 0.004 0.028 0.034 0 0.034 11.018 0.008 11.023 11.754 0 11.752 11.692 0 11.691
0.025 0.003 0.028 0.034 0 0.034 11.142 0.008 11.147 11.799 0 11.796 11.729 0 11.726
0.026 0.002 0.028 0.034 0 0.035 11.133 0.01 11.14 11.926 0 11.923 11.885 0 11.882
0.024 0.003 0.028 0.035 0 0.035 10.993 0.006 10.995 11.754 0 11.752 11.697 0 11.694
0.025 0.003 0.027 0.034 0 0.035 10.865 0.012 10.874 11.642 0.001 11.639 11.572 0 11.571
