0.027 0.000999999999999997 0.029 0.035 0 0.034 11.029 0.008 11.034 11.696 0 11.694 11.655 0 11.653
0.027 0.002 0.029 0.034 0 0.034 11.064 0.01 11.072 11.896 0 11.892 11.769 0 11.768
0.024 0.003 0.027 0.034 0 0.033 11.178 0.008 11.184 11.922 0 11.918 11.883 0 11.881
0.029 0 0.028 0.034 0 0.034 11.045 0.00600000000000001 11.048 11.708 0 11.711 11.384 0 11.386
0.027 0.002 0.029 0.034 0 0.034 10.979 0.004 10.98 11.787 0.001 11.786 11.701 0 11.699
0.023 0.005 0.029 0.035 0 0.034 11.133 0.012 11.142 11.79 0.001 11.788 11.673 0 11.672
0.03 0.001 0.031 0.033 0 0.033 12.514 0.006 12.518 13.232 0 13.228 13.143 0 13.14
0.026 0.002 0.028 0.034 0 0.034 10.9 0.007 10.904 11.642 0.001 11.641 11.784 0 11.782
0.028 0 0.027 0.03 0 0.031 11.678 0.008 11.682 12.298 0.000999999999999994 12.297 12.257 0 12.255
0.027 0.002 0.029 0.034 0 0.034 11.068 0.007 11.072 11.938 0.004 11.939 11.795 0 11.793
0.025 0.002 0.027 0.03 0 0.03 10.787 0.01 10.794 11.587 0 11.585 11.533 0 11.531
0.029 0 0.029 0.034 0 0.034 11.381 0.008 11.385 12.134 0 12.132 12.079 0 12.076
0.026 0.002 0.028 0.035 0 0.035 11.505 0.013 11.516 12.172 0 12.168 12.071 0 12.069
0.028 0 0.027 0.03 0 0.03 10.949 0.012 10.958 11.736 0.001 11.734 11.614 0 11.612
0.03 0 0.03 0.04 0 0.039 11.405 0.008 11.41 12.281 0.001 12.28 12.012 0 12.009
0.024 0.003 0.027 0.029 0.001 0.03 10.243 0.00799999999999999 10.249 11.791 0.001 11.79 11.725 0 11.722
0.027 0.001 0.029 0.034 0 0.033 11.121 0.005 11.123 11.743 0.001 11.742 10.964 0 10.961
0.026 0.001 0.027 0.029 0 0.03 10.437 0.011 10.445 11.163 0.001 11.161 11.612 0 11.61
0.027 0 0.027 0.03 0 0.029 10.917 0.008 10.922 11.675 0 11.674 11.634 0 11.63
0.028 0.001 0.03 0.032 0.001 0.033 11.184 0.013 11.194 11.983 0.002 11.982 11.95 0 11.948
0.028 0.001 0.029 0.034 0 0.034 10.98 0.015 10.991 11.821 0.001 11.82 11.68 0 11.678
0.027 0.002 0.029 0.034 0 0.034 11.216 0.011 11.223 11.979 0 11.976 11.838 0 11.837
0.029 0 0.029 0.034 0 0.034 11.086 0.01 11.091 11.797 0 11.794 11.732 0 11.731
0.026 0.00199999999999999 0.029 0.03 0 0.03 11.111 0.01 11.122 11.959 0.005 11.967 11.787 0.006 11.794
0.028 0.001 0.028 0.034 0 0.034 10.882 0.008 10.886 11.603 0.001 11.601 11.685 0 11.682
0.028 0 0.029 0.035 0 0.034 10.705 0.008 10.711 11.058 0 11.056 10.968 0 10.965
0.029 0 0.029 0.038 0 0.038 10.924 0.008 10.929 11.675 0.001 11.674 11.665 0 11.661
0.029 0 0.028 0.033 0 0.034 11.073 0.01 11.079 11.913 0.001 11.913 11.817 0 11.815
0.027 0.001 0.03 0.033 0.001 0.034 11.001 0.01 11.011 11.615 0 11.617 11.32 0 11.322
0.026 0.002 0.029 0.035 0 0.034 11.114 0.005 11.116 11.829 0 11.828 11.7 0 11.698
0.027 0.002 0.029 0.034 0 0.034 11.363 0.01 11.369 12.027 0 12.025 12.04 0 12.037
0.023 0.003 0.026 0.03 0 0.03 10.936 0.013 10.946 11.69 0.001 11.689 11.627 0 11.625
0.025 0.003 0.029 0.034 0 0.034 10.942 0.009 10.948 11.769 0 11.767 11.622 0 11.619
0.027 0.001 0.029 0.035 0 0.034 11.679 0.015 11.691 12.454 0 12.452 12.46 0 12.456
0.027 0.001 0.028 0.033 0.001 0.034 11.63 0.007 11.634 12.339 0.001 12.338 12.339 0 12.336
0.025 0.003 0.029 0.034 0 0.033 10.88 0.008 10.886 11.608 0 11.605 11.553 0 11.552
0.027 0.002 0.029 0.034 0 0.033 11.706 0.009 11.713 12.247 0 12.243 12.168 0 12.166
0.025 0.00199999999999999 0.026 0.029 0 0.03 10.826 0.004 10.826 12.445 0 12.443 12.423 0 12.421
0.024 0.004 0.028 0.034 0 0.034 11.095 0.009 11.101 11.741 0 11.738 11.12 0 11.118
0.025 0.002 0.027 0.03 0 0.029 10.278 0.007 10.283 10.882 0 10.881 11.347 0 11.343
0.028 0.001 0.029 0.034 0 0.034 10.83 0.00899999999999999 10.837 11.572 0 11.569 11.51 0 11.507
0.027 0.001 0.029 0.034 0 0.034 10.708 0.011 10.716 11.457 0 11.455 11.424 0 11.422
0.028 0 0.028 0.035 0 0.035 10.867 0.013 10.877 11.777 0.001 11.776 11.585 0 11.582
0.026 0.001 0.027 0.03 0 0.03 10.919 0.012 10.929 11.651 0.001 11.65 11.623 0 11.62
0.026 0.002 0.029 0.034 0 0.033 11.155 0.012 11.164 11.9 0.001 11.898 11.871 0 11.869
0.029 0 0.028 0.034 0 0.034 11.005 0.00799999999999999 11.01 11.628 0.002 11.627 11.524 0 11.521
0.028 0.001 0.029 0.033 0 0.033 11.569 0.008 11.573 12.26 0.001 12.259 12.233 0 12.23
0.028 0.001 0.029 0.034 0 0.034 10.829 0.00600000000000001 10.832 11.08 0.00199999999999999 11.08 10.968 0 10.966
0.028 0.001 0.028 0.034 0 0.034 11.097 0.013 11.107 11.87 0.001 11.869 11.828 0 11.825
0.027 0.000999999999999994 0.029 0.034 0 0.034 10.813 0.023 10.842 11.653 0.00800000000000001 11.665 11.467 0.081 11.549
0.029 0.001 0.03 0.035 0 0.035 11.07 0.006 11.073 11.733 0 11.731 11.728 0 11.726
0.028 0.001 0.029 0.034 0 0.034 11.043 0.008 11.049 11.782 0 11.779 11.711 0 11.709
0.026 0.003 0.029 0.035 0 0.034 10.956 0.005 10.959 11.692 0.001 11.69 11.671 0 11.669
0.027 0.002 0.028 0.034 0 0.034 10.922 0.005 10.926 11.639 0.001 11.636 11.485 0 11.487
0.029 0 0.029 0.034 0 0.034 11.097 0.005 11.098 11.652 0 11.651 11.622 0 11.619
0.027 0.000999999999999994 0.028 0.033 0.001 0.035 11.185 0.01 11.192 11.967 0 11.965 11.907 0 11.904
0.026 0.002 0.029 0.034 0 0.034 11.209 0.009 11.214 11.918 0.000999999999999994 11.916 11.886 0 11.884
0.028 0.001 0.029 0.034 0 0.034 11.135 0.008 11.141 11.89 0.001 11.888 11.846 0 11.843
0.025 0.004 0.029 0.034 0 0.034 11.136 0.011 11.144 11.754 0 11.751 11.706 0 11.705
0.028 0.001 0.03 0.034 0 0.034 11.095 0.008 11.1 11.914 0.001 11.912 11.864 0 11.862
0.026 0.002 0.028 0.033 0.000999999999999994 0.034 11.367 0.008 11.372 12.119 0.001 12.117 11.987 0 11.985
0.027 0 0.027 0.029 0 0.029 10.278 0.008 10.282 11.171 0 11.169 11.85 0 11.848
0.023 0.004 0.027 0.03 0 0.03 10.967 0.024 11 11.709 0.00799999999999999 11.718 11.521 0.004 11.527
0.023 0.00600000000000001 0.029 0.033 0 0.034 11.213 0.013 11.222 11.949 0 11.947 11.874 0 11.87
0.026 0.002 0.028 0.034 0 0.034 11.146 0.013 11.156 11.874 0 11.872 11.772 0 11.769
0.026 0.001 0.027 0.03 0 0.031 11.07 0.007 11.073 11.702 0.001 11.701 11.608 0 11.605
0.028 0.001 0.029 0.031 0 0.031 11.051 0.01 11.058 11.757 0 11.755 11.746 0 11.743
0.025 0.002 0.027 0.029 0.001 0.031 11.038 0.008 11.042 11.836 0 11.833 11.763 0 11.76
0.028 0.00199999999999999 0.03 0.036 0 0.037 11.254 0.011 11.261 11.923 0 11.921 11.99 0 11.986
0.029 0.002 0.03 0.033 0 0.034 11.098 0.005 11.099 11.868 0.001 11.867 11.874 0 11.872
0.029 0 0.028 0.034 0.001 0.035 11.178 0.008 11.183 11.224 0.001 11.224 11.04 0 11.037
0.028 0.001 0.029 0.034 0 0.034 10.897 0.009 10.903 11.471 0.001 11.47 11.447 0 11.445
0.026 0.00199999999999999 0.028 0.033 0.001 0.034 10.977 0.011 10.984 11.649 0 11.648 11.685 0 11.681
0.026 0.002 0.028 0.03 0 0.03 11.634 0.00899999999999999 11.64 12.387 0 12.384 12.325 0 12.323
0.027 0.00199999999999999 0.029 0.035 0 0.034 10.998 0.012 11.007 11.879 0.003 11.88 11.708 0 11.705
0.026 0.002 0.029 0.035 0 0.034 10.921 0.008 10.927 11.651 0 11.648 11.609 0 11.606
0.023 0.003 0.027 0.03 0 0.03 10.927 0.011 10.934 11.637 0 11.635 11.677 0 11.675
0.029 0 0.029 0.034 0 0.033 11.542 0.013 11.551 12.33 0 12.328 12.241 0 12.238
0.026 0.002 0.028 0.035 0 0.035 11.206 0.007 11.21 11.948 0.000999999999999994 11.946 11.891 0 11.889
0.029 0 0.029 0.034 0 0.034 10.898 0.007 10.902 11.661 0 11.659 11.625 0 11.622
0.028 0 0.029 0.033 0.001 0.034 10.941 0.015 10.952 11.589 0 11.586 11.682 0 11.681
0.027 0.000999999999999994 0.028 0.033 0.001 0.034 11.122 0.005 11.124 11.822 0.001 11.821 11.865 0 11.862
0.026 0.002 0.028 0.033 0.001 0.034 11.047 0.011 11.055 11.761 0.000999999999999994 11.76 11.706 0 11.703
0.028 0.001 0.029 0.034 0 0.034 11.275 0.011 11.283 12.001 0.00199999999999999 12.001 11.872 0 11.868
0.027 0 0.027 0.03 0 0.03 10.205 0.015 10.216 10.894 0.002 10.894 11.108 0 11.105
0.028 0.001 0.029 0.037 0 0.037 11.271 0.004 11.272 11.827 0 11.824 11.851 0 11.849
0.027 0.00199999999999999 0.029 0.034 0 0.033 11.011 0.007 11.015 11.746 0 11.744 11.728 0 11.726
0.027 0.002 0.028 0.031 0 0.031 10.804 0.005 10.806 11.61 0 11.609 11.534 0 11.532
0.026 0.003 0.029 0.034 0.000999999999999994 0.034 11.026 0.005 11.029 11.734 0.001 11.732 11.759 0 11.756
0.026 0 0.027 0.031 0 0.03 11.023 0.008 11.028 11.742 0 11.741 11.673 0 11.67
0.029 0.001 0.028 0.034 0 0.034 10.775 0.006 10.778 11.393 0 11.392 11.352 0 11.349
0.025 0.004 0.029 0.033 0 0.034 11.07 0.005 11.071 11.905 0 11.904 11.799 0 11.796
0.029 0 0.028 0.034 0 0.034 10.957 0.008 10.962 11.841 0 11.839 11.606 0 11.604
0.027 0.002 0.028 0.034 0 0.034 10.731 0.008 10.736 11.197 0 11.196 11.129 0 11.126
0.028 0.001 0.029 0.034 0 0.034 10.944 0.013 10.955 11.782 0 11.779 11.736 0 11.734
0.028 0.001 0.028 0.034 0 0.034 11.135 0.009 11.141 11.867 0.002 11.867 11.785 0 11.783
0.027 0.002 0.029 0.034 0 0.034 11.085 0.008 11.09 11.927 0 11.923 11.701 0 11.7
0.028 0.001 0.029 0.032 0.002 0.034 11.063 0.009 11.069 11.745 0 11.743 11.665 0 11.663
0.026 0.001 0.027 0.03 0 0.03 10.945 0.012 10.954 11.653 0 11.651 11.602 0 11.6
0.027 0.001 0.028 0.033 0.001 0.034 10.847 0.011 10.856 11.496 0 11.493 11.317 0 11.316
0.026 0 0.027 0.03 0 0.03 10.988 0.00799999999999999 10.993 11.707 0 11.704 11.725 0 11.722
0.028 0 0.029 0.034 0 0.033 11.102 0.009 11.108 11.818 0 11.817 11.786 0 11.783
0.026 0.003 0.03 0.035 0 0.035 11.224 0.008 11.229 11.978 0 11.976 11.912 0 11.909
0.027 0.00199999999999999 0.028 0.034 0 0.034 11.738 0.008 11.742 12.481 0 12.479 12.328 0 12.325
0.027 0.002 0.029 0.034 0 0.034 11.425 0.00799999999999999 11.43 12.131 0 12.128 12.146 0 12.144
0.029 0 0.029 0.034 0 0.034 11.153 0.011 11.161 11.879 0 11.878 11.823 0 11.82
0.025 0.003 0.028 0.034 0 0.034 11.617 0.012 11.627 12.344 0 12.341 12.193 0 12.19
0.026 0.001 0.027 0.03 0 0.03 10.707 0.009 10.714 11.464 0 11.46 12.095 0 12.094
0.026 0.003 0.028 0.034 0 0.034 11.048 0.015 11.066 11.78 0.004 11.787 11.841 0 11.843
0.027 0.003 0.03 0.034 0 0.034 11.99 0.008 11.996 12.686 0 12.682 12.599 0 12.596
0.027 0.001 0.029 0.034 0 0.035 10.879 0.008 10.884 11.712 0 11.708 11.609 0 11.607
0.027 0.002 0.029 0.034 0 0.034 10.992 0.008 10.997 11.645 0 11.644 11.672 0 11.669
0.028 0.001 0.029 0.037 0 0.037 11.141 0.006 11.144 11.998 0 11.995 11.958 0 11.957
0.026 0.001 0.026 0.03 0 0.03 10.948 0.009 10.955 11.753 0 11.75 11.659 0 11.656
0.027 0.002 0.028 0.029 0 0.029 12.172 0.007 12.176 12.838 0 12.836 12.87 0 12.866
0.027 0.00199999999999999 0.029 0.034 0 0.034 10.976 0.012 10.985 11.923 0 11.921 11.68 0 11.677
0.028 0.001 0.028 0.033 0.001 0.034 10.903 0.01 10.91 10.86 0 10.865 10.645 0 10.647
0.028 0.001 0.028 0.034 0 0.034 11.069 0.003 11.07 12.024 0.000999999999999994 12.022 11.803 0 11.802
0.028 0.001 0.029 0.033 0.000999999999999997 0.034 10.899 0.01 10.906 11.659 0.002 11.659 11.678 0 11.676
0.027 0.001 0.027 0.03 0 0.03 11.308 0.007 11.312 12.066 0 12.065 11.991 0 11.988
0.029 0.002 0.031 0.033 0 0.032 12.092 0.006 12.095 12.956 0 12.954 12.995 0 12.991
0.024 0.003 0.026 0.03 0 0.03 10.868 0.01 10.875 11.71 0.001 11.709 11.665 0 11.662
0.027 0.000999999999999994 0.028 0.034 0 0.034 11.032 0.011 11.04 11.7 0.001 11.698 11.789 0 11.787
0.029 0.002 0.03 0.033 0 0.033 12.137 0.00600000000000001 12.139 12.953 0 12.95 12.774 0 12.773
0.027 0.00199999999999999 0.029 0.033 0.001 0.034 11.144 0.01 11.152 11.846 0.001 11.845 11.741 0 11.738
0.027 0.002 0.029 0.033 0 0.033 11.363 0.011 11.37 12.088 0 12.086 12.08 0 12.078
0.024 0.004 0.029 0.034 0 0.034 11.626 0.008 11.63 12.388 0.002 12.388 12.26 0 12.257
0.027 0.002 0.029 0.034 0 0.034 10.982 0.008 10.986 11.76 0.001 11.76 11.739 0 11.737
0.026 0.00199999999999999 0.028 0.034 0 0.035 10.982 0.009 10.987 11.764 0.003 11.765 11.713 0 11.711
0.027 0.001 0.028 0.032 0.00199999999999999 0.034 11.111 0.006 11.112 11.83 0 11.828 11.764 0 11.762
0.027 0 0.027 0.03 0 0.03 10.41 0.004 10.411 11.23 0.003 11.231 11.945 0 11.943
0.027 0.002 0.028 0.033 0 0.034 11.658 0.008 11.661 12.472 0.001 12.472 12.305 0 12.302
0.027 0.002 0.029 0.033 0.000999999999999994 0.034 10.99 0.00600000000000001 10.992 11.61 0.004 11.613 11.494 0 11.49
0.029 0 0.029 0.034 0 0.034 11.5 0.008 11.506 12.177 0 12.174 12.148 0 12.145
0.028 0.001 0.029 0.034 0 0.034 10.896 0.008 10.901 11.768 0 11.766 11.684 0 11.681
0.027 0.002 0.029 0.034 0 0.034 11.11 0.009 11.116 11.801 0.001 11.8 11.727 0 11.725
0.027 0.00199999999999999 0.029 0.034 0 0.034 11.02 0.009 11.026 11.814 0.002 11.813 11.745 0 11.743
0.028 0.001 0.029 0.034 0 0.033 11.047 0.009 11.053 11.7 0.001 11.7 11.672 0 11.669
0.028 0.001 0.029 0.034 0 0.034 11.167 0.012 11.175 12.166 0 12.163 11.889 0 11.888
0.039 0.002 0.04 0.046 0 0.046 15.671 0.016 15.707 16.673 0.00399999999999999 16.696 16.587 0 16.607
0.026 0.002 0.029 0.034 0 0.034 11.484 0.009 11.49 11.379 0 11.376 11.176 0 11.174
0.028 0.000999999999999994 0.029 0.033 0.001 0.033 11.132 0.012 11.141 11.826 0.002 11.826 11.564 0 11.561
0.026 0.003 0.029 0.033 0.001 0.034 11.225 0.009 11.232 11.811 0 11.808 11.744 0 11.743
0.027 0.001 0.027 0.03 0 0.03 11.219 0.008 11.224 11.863 0 11.862 11.891 0 11.887
0.028 0.001 0.028 0.034 0 0.034 10.935 0.008 10.94 11.671 0 11.668 11.598 0 11.596
0.027 0.00199999999999999 0.029 0.034 0 0.034 11.542 0.014 11.553 12.24 0 12.238 12.431 0 12.427
0.028 0.001 0.029 0.034 0 0.034 11.599 0.01 11.606 12.274 0 12.271 12.224 0 12.221
0.029 0 0.028 0.034 0 0.034 11.086 0.006 11.09 11.685 0.001 11.684 11.614 0 11.612
0.028 0.001 0.029 0.034 0 0.035 11.333 0.008 11.337 12.065 0 12.062 12.044 0 12.042
0.028 0.001 0.028 0.033 0 0.034 11.228 0.012 11.236 11.971 0.001 11.971 11.926 0 11.923
0.026 0.002 0.029 0.035 0 0.034 10.965 0.006 10.969 11.634 0 11.631 11.652 0 11.65
0.025 0.003 0.029 0.034 0 0.034 11.24 0.005 11.242 11.992 0.00199999999999999 11.991 11.939 0 11.937
0.026 0.002 0.028 0.035 0 0.035 11.178 0.01 11.184 11.887 0 11.885 11.821 0 11.818
0.027 0 0.027 0.03 0 0.029 10.327 0.008 10.333 11.023 0 11.022 11.45 0 11.446
0.028 0.001 0.029 0.034 0.001 0.035 10.698 0.007 10.702 11.284 0 11.282 11.273 0 11.27
0.025 0.002 0.027 0.029 0.001 0.03 11.016 0.009 11.022 11.848 0.001 11.846 11.774 0 11.772
0.028 0.000999999999999994 0.029 0.033 0.001 0.035 10.923 0.009 10.929 11.764 0.001 11.763 11.655 0 11.652
0.025 0.003 0.027 0.03 0 0.03 11.18 0.008 11.185 11.988 0 11.985 11.919 0 11.917
0.027 0 0.026 0.03 0 0.031 10.822 0.01 10.828 11.645 0.001 11.643 11.562 0 11.56
0.027 0.00199999999999999 0.029 0.034 0 0.034 11.138 0.013 11.149 11.78 0 11.776 11.861 0 11.86
0.029 0 0.029 0.034 0 0.034 10.91 0.008 10.915 11.691 0 11.689 11.687 0 11.684
0.037 0.004 0.042 0.048 0 0.048 15.432 0.012 15.463 16.465 0 16.484 16.38 0 16.4
0.029 0 0.029 0.034 0 0.034 10.803 0.011 10.81 11.06 0 11.059 10.959 0 10.956
0.027 0.002 0.028 0.034 0 0.034 10.882 0.008 10.887 11.664 0 11.662 11.505 0 11.503
0.026 0.00199999999999999 0.028 0.034 0 0.034 11.013 0.002 11.011 11.541 0.002 11.541 11.514 0 11.512
0.028 0 0.029 0.034 0 0.034 11.082 0.005 11.084 11.659 0.001 11.657 11.601 0 11.599
0.028 0.000999999999999994 0.029 0.034 0 0.034 10.964 0.00600000000000001 10.968 11.889 0.001 11.887 11.647 0 11.644
0.028 0.002 0.029 0.034 0 0.034 11.307 0.007 11.311 12.137 0 12.136 11.992 0 11.989
0.028 0.000999999999999997 0.029 0.033 0.001 0.034 10.895 0.008 10.9 11.648 0 11.645 11.58 0 11.578
0.029 0 0.029 0.034 0 0.034 11.074 0.013 11.084 11.902 0 11.899 12.007 0 12.005
0.023 0.004 0.026 0.03 0 0.03 10.888 0.00600000000000001 10.891 11.517 0.001 11.516 11.509 0 11.507
0.028 0.001 0.028 0.034 0 0.034 10.872 0.01 10.879 11.727 0 11.726 11.562 0 11.559
0.025 0.003 0.029 0.035 0 0.034 11.043 0.008 11.048 11.812 0.001 11.811 11.763 0 11.761
0.028 0.000999999999999997 0.028 0.034 0 0.034 11.222 0.008 11.228 11.952 0 11.95 11.866 0 11.863
0.026 0.002 0.028 0.034 0 0.035 11.109 0.01 11.116 11.863 0 11.86 11.799 0 11.796
0.026 0.003 0.028 0.033 0 0.034 11.204 0.01 11.211 11.94 0 11.936 11.84 0 11.839
0.027 0.001 0.027 0.029 0 0.03 10.424 0.01 10.43 11.134 0 11.132 11.509 0 11.508
0.024 0.004 0.028 0.034 0 0.034 11.089 0.009 11.095 11.748 0 11.745 11.626 0 11.625
0.029 0 0.029 0.035 0 0.034 11.061 0.016 11.074 11.787 0.001 11.787 11.791 0 11.787
0.027 0.002 0.029 0.035 0 0.034 11.145 0.007 11.149 11.792 0 11.79 11.714 0 11.712
0.024 0.005 0.029 0.033 0 0.034 11.101 0.012 11.11 11.808 0 11.805 11.727 0.001 11.724
0.027 0 0.027 0.03 0 0.03 11.278 0.018 11.294 12.1 0 12.097 11.904 0 11.901
0.025 0.002 0.027 0.032 0 0.032 11.31 0.007 11.314 11.898 0 11.895 11.823 0 11.821
0.025 0.002 0.027 0.031 0 0.03 10.93 0.01 10.938 11.599 0 11.596 11.553 0 11.551
0.038 0.003 0.042 0.05 0 0.049 15.389 0.00600000000000001 15.413 16.245 0 16.265 16.141 0 16.161
0.028 0.001 0.029 0.033 0.001 0.034 10.707 0.008 10.712 11.068 0 11.066 10.954 0 10.952
0.028 0.001 0.029 0.034 0 0.034 11.219 0.008 11.224 11.86 0 11.857 11.909 0 11.908
0.027 0.001 0.029 0.035 0 0.034 11.048 0.005 11.05 11.659 0 11.656 11.631 0 11.629
0.027 0.001 0.028 0.035 0 0.034 11.142 0.011 11.15 11.894 0 11.891 11.788 0 11.787
0.027 0.002 0.029 0.034 0 0.034 11.19 0.005 11.193 11.997 0 11.998 11.595 0 11.597
0.025 0.004 0.029 0.038 0 0.038 11.273 0.011 11.281 12.099 0.002 12.098 11.965 0 11.963
0.024 0.002 0.027 0.03 0 0.03 10.91 0.006 10.912 11.626 0.002 11.626 11.576 0 11.574
0.026 0.003 0.029 0.033 0.001 0.034 10.887 0.009 10.893 11.701 0.001 11.7 11.535 0 11.532
0.029 0 0.052 0.035 0 0.034 10.819 0.014 10.832 11.638 0.001 11.636 11.506 0 11.503
0.026 0.002 0.028 0.034 0 0.034 10.997 0.007 11.001 11.7 0 11.697 11.721 0 11.719
0.027 0 0.027 0.031 0.001 0.031 11.289 0.008 11.295 11.942 0 11.939 11.872 0 11.871
0.027 0.002 0.029 0.035 0 0.034 10.918 0.008 10.924 11.675 0 11.673 11.492 0.000999999999999994 11.49
0.025 0.002 0.029 0.033 0 0.032 11.31 0.011 11.318 12.038 0 12.035 11.935 0 11.932
0.027 0.001 0.028 0.035 0 0.035 11.107 0.012 11.116 11.85 0 11.848 11.779 0 11.776
0.026 0.002 0.027 0.029 0 0.03 10.418 0.005 10.419 11.119 0 11.117 11.177 0 11.176
0.027 0.001 0.029 0.035 0 0.034 10.949 0.009 10.957 11.728 0 11.725 11.642 0 11.641
0.031 0.001 0.032 0.031 0.004 0.034 13.614 0.006 13.618 14.417 0 14.413 14.349 0.001 14.347
0.027 0.001 0.028 0.035 0 0.035 10.926 0.008 10.931 11.651 0.002 11.65 11.565 0 11.564
0.024 0.004 0.029 0.033 0 0.034 11.199 0.00800000000000001 11.204 11.917 0.000999999999999994 11.915 11.823 0 11.821
0.029 0 0.028 0.034 0 0.035 11.13 0.003 11.13 11.699 0 11.696 11.592 0.001 11.592
0.026 0.001 0.026 0.031 0 0.031 10.947 0.012 10.957 11.694 0 11.691 11.611 0 11.608
0.029 0 0.028 0.034 0 0.034 11.113 0.006 11.117 11.857 0 11.854 11.817 0 11.814
0.028 0 0.029 0.034 0 0.033 11.635 0.012 11.644 12.419 0.001 12.417 12.277 0 12.276
0.027 0 0.026 0.03 0 0.03 10.895 0.01 10.902 11.614 0 11.612 11.544 0 11.543
0.043 0.001 0.044 0.044 0 0.045 16.901 0.012 16.933 17.945 0.001 17.967 17.902 0 17.924
0.028 0 0.027 0.03 0 0.031 10.7 0.007 10.704 11.266 0 11.263 11.172 0 11.171
0.026 0.00199999999999999 0.029 0.036 0 0.035 11.278 0.008 11.283 12.062 0 12.061 11.981 0 11.978
0.028 0 0.028 0.034 0 0.034 12.136 0.006 12.139 12.854 0 12.851 12.493 0 12.49
0.027 0.002 0.029 0.038 0 0.038 10.944 0.009 10.952 11.748 0 11.744 11.694 0 11.692
0.028 0.002 0.03 0.037 0 0.037 11.595 0.007 11.599 12.389 0.001 12.387 12.25 0 12.247
0.028 0 0.029 0.034 0 0.034 10.921 0.003 10.921 11.686 0 11.683 11.642 0 11.64
0.027 0.000999999999999994 0.029 0.034 0 0.034 10.9 0.01 10.907 11.554 0 11.552 11.58 0 11.578
0.026 0.002 0.028 0.034 0 0.035 11.039 0.009 11.044 11.783 0.001 11.781 11.623 0 11.621
0.026 0.001 0.028 0.029 0.001 0.03 10.836 0.012 10.845 11.604 0.003 11.605 11.481 0 11.479
0.027 0.001 0.028 0.034 0 0.034 10.929 0.004 10.93 11.481 0 11.478 10.933 0 10.931
0.026 0.003 0.028 0.033 0.001 0.034 11.097 0.012 11.107 11.918 0.002 11.917 11.742 0 11.74
0.028 0.001 0.029 0.034 0 0.033 11.138 0.00899999999999999 11.145 11.752 0 11.75 11.684 0 11.681
0.025 0.003 0.028 0.034 0 0.034 11.12 0.008 11.125 11.852 0 11.849 11.791 0 11.79
0.026 0.003 0.029 0.028 0 0.029 11.228 0.014 11.239 12.032 0 12.029 12.538 0 12.535
0.028 0.001 0.029 0.034 0 0.034 11.476 0.012 11.484 12.221 0.001 12.221 12.169 0 12.167
0.025 0.003 0.028 0.034 0 0.034 10.843 0.012 10.851 11.55 0 11.549 11.556 0 11.552
0.027 0.002 0.029 0.034 0 0.034 11.039 0.008 11.044 11.819 0.001 11.817 11.705 0 11.703
0.029 0 0.028 0.034 0 0.034 10.857 0.01 10.864 11.613 0.001 11.612 11.428 0 11.426
0.029 0 0.029 0.034 0 0.034 11.246 0.011 11.254 11.894 0 11.892 11.178 0 11.175
0.027 0.001 0.027 0.029 0 0.03 10.416 0.009 10.422 11.07 0 11.067 11.038 0 11.035
0.027 0.001 0.029 0.035 0 0.033 10.961 0.014 10.973 11.714 0 11.711 11.683 0 11.682
0.029 0 0.029 0.033 0.001 0.034 10.869 0.009 10.875 11.623 0 11.621 11.52 0 11.518
0.026 0.004 0.029 0.033 0 0.034 11.356 0.007 11.36 12.224 0 12.222 12.011 0 12.008
0.028 0.001 0.03 0.036 0 0.035 11.392 0.008 11.398 12.179 0 12.177 12.085 0.001 12.083
0.029 0 0.028 0.034 0 0.035 11.144 0.009 11.149 11.875 0.001 11.875 11.823 0 11.82
0.028 0.001 0.029 0.034 0 0.034 10.829 0.007 10.833 11.088 0 11.086 11.022 0 11.02
0.029 0 0.03 0.035 0 0.034 11.208 0.012 11.217 11.986 0 11.983 11.926 0 11.925
0.026 0.003 0.029 0.034 0 0.034 11.486 0.00799999999999999 11.49 12.279 0 12.277 12.227 0 12.224
0.025 0.00199999999999999 0.027 0.03 0 0.03 11.404 0.01 11.41 12.03 0.002 12.031 11.958 0 11.955
0.027 0 0.027 0.031 0 0.03 11.032 0.008 11.038 11.823 0 11.82 11.772 0 11.77
0.026 0.000999999999999994 0.027 0.03 0 0.03 10.85 0.011 10.859 11.669 0 11.667 11.527 0 11.525
0.027 0.002 0.029 0.034 0 0.034 11.026 0.01 11.033 11.938 0.005 11.94 11.692 0 11.69
0.025 0.004 0.029 0.034 0 0.034 11.031 0.01 11.038 11.783 0.001 11.782 11.63 0 11.627
0.026 0.001 0.027 0.03 0 0.03 10.782 0.015 10.794 11.628 0.002 11.628 11.519 0 11.517
0.025 0.002 0.027 0.03 0 0.03 11.026 0.011 11.034 11.647 0 11.646 11.391 0 11.396
0.029 0.001 0.029 0.033 0 0.034 11.125 0.012 11.133 11.759 0 11.757 11.834 0 11.832
0.026 0.001 0.027 0.03 0 0.029 10.347 0.00899999999999999 10.353 10.899 0.001 10.899 10.864 0 10.86
0.027 0.001 0.028 0.034 0 0.034 10.438 0.009 10.445 10.954 0 10.952 10.857 0 10.853
0.027 0.004 0.031 0.033 0 0.032 12.363 0.011 12.371 13.166 0 13.164 13.13 0 13.127
0.028 0.001 0.029 0.034 0 0.034 11.311 0.004 11.313 12.084 0.001 12.082 12.059 0 12.056
0.026 0.003 0.029 0.034 0 0.034 10.885 0.008 10.89 11.619 0 11.617 11.554 0 11.551
0.026 0.003 0.029 0.034 0 0.034 11.107 0.013 11.117 11.844 0.001 11.841 11.963 0 11.962
0.027 0 0.027 0.03 0 0.03 11.43 0.009 11.435 12.154 0 12.151 12.05 0 12.046
0.027 0.002 0.029 0.034 0 0.035 11.142 0.006 11.144 11.884 0.001 11.882 11.809 0 11.808
0.025 0.002 0.027 0.031 0 0.03 10.791 0.009 10.798 11.382 0.00199999999999999 11.381 11.321 0 11.318
0.028 0.002 0.029 0.031 0 0.032 11.572 0.006 11.574 12.295 0.002 12.295 12.29 0 12.288
0.028 0.001 0.03 0.034 0 0.033 11.151 0.011 11.16 11.86 0.00199999999999999 11.86 11.726 0 11.723
0.029 0 0.029 0.034 0 0.034 11.492 0.011 11.5 12.286 0 12.283 12.132 0 12.129
0.026 0.002 0.028 0.037 0 0.037 11.125 0.011 11.133 11.844 0 11.841 11.778 0 11.776
0.025 0.003 0.029 0.035 0 0.034 10.833 0.008 10.838 11.73 0.001 11.728 11.677 0 11.675
0.027 0.002 0.029 0.033 0 0.034 11.04 0.009 11.045 11.701 0 11.7 11.661 0 11.658
0.026 0.000999999999999994 0.027 0.03 0 0.029 10.525 0.007 10.529 11.219 0.001 11.218 11.426 0 11.423
0.028 0.001 0.03 0.033 0.001 0.033 11.174 0.008 11.18 11.971 0.001 11.969 11.906 0 11.904
0.026 0.003 0.029 0.034 0 0.034 11.483 0.00600000000000001 11.487 12.333 0 12.331 12.217 0 12.214
0.027 0.002 0.029 0.034 0 0.034 10.945 0.009 10.951 11.814 0.000999999999999994 11.813 11.664 0 11.662
0.027 0.002 0.028 0.034 0 0.035 10.885 0.009 10.89 11.662 0.001 11.66 11.674 0 11.672
0.025 0.002 0.027 0.03 0 0.03 10.952 0.006 10.955 11.706 0.001 11.705 11.649 0 11.646
0.026 0.003 0.029 0.034 0 0.034 10.93 0.012 10.939 11.638 0.001 11.637 11.67 0 11.668
0.026 0.002 0.029 0.034 0 0.033 11.178 0.008 11.184 11.924 0 11.92 11.85 0 11.848
0.027 0.000999999999999994 0.028 0.034 0 0.034 11.079 0.007 11.084 11.836 0.001 11.833 11.982 0 11.98
0.027 0.002 0.028 0.034 0 0.034 11.084 0.008 11.09 11.934 0 11.932 11.86 0.001 11.858
0.026 0.003 0.029 0.033 0 0.033 11.013 0.007 11.017 11.945 0 11.942 11.693 0 11.691
0.026 0.003 0.029 0.035 0 0.035 11.091 0.015 11.103 11.884 0 11.881 11.817 0 11.815
0.027 0.002 0.028 0.034 0 0.034 11.245 0.013 11.256 11.974 0.002 11.972 11.89 0 11.889
0.027 0.001 0.028 0.035 0 0.034 10.369 0.011 10.378 10.914 0.003 10.914 10.841 0 10.839
0.028 0.002 0.029 0.036 0 0.036 11.36 0.007 11.365 12.156 0.001 12.154 12.05 0 12.05
0.024 0.003 0.027 0.03 0 0.03 10.962 0.008 10.967 11.637 0 11.635 11.586 0 11.584
0.026 0.001 0.027 0.032 0 0.031 11.256 0.012 11.265 11.963 0.005 11.966 11.856 0 11.853
0.028 0 0.029 0.035 0 0.034 10.813 0.011 10.821 11.524 0 11.521 11.502 0 11.499
0.029 0 0.029 0.034 0 0.034 11.054 0.008 11.059 11.261 0.001 11.26 11.03 0 11.028
0.028 0.001 0.029 0.034 0 0.034 11.273 0.009 11.277 12.012 0.003 12.014 11.987 0 11.984
0.026 0 0.027 0.031 0 0.03 10.866 0.008 10.872 11.663 0.001 11.662 11.564 0 11.562
0.027 0.002 0.029 0.034 0 0.033 11.503 0.009 11.509 12.323 0 12.32 12.345 0 12.343
0.029 0 0.029 0.033 0.000999999999999994 0.033 11.608 0.011 11.616 12.289 0.002 12.289 12.251 0 12.248
0.026 0.003 0.029 0.033 0 0.032 11.111 0.01 11.119 11.856 0 11.853 11.811 0 11.809
0.027 0.002 0.029 0.034 0 0.034 11.098 0.013 11.108 11.857 0.001 11.856 11.809 0 11.806
0.027 0.002 0.03 0.034 0 0.034 11.227 0.00899999999999999 11.233 12.022 0.001 12.02 11.966 0 11.964
0.028 0.001 0.029 0.034 0 0.034 11.192 0.00899999999999999 11.198 11.966 0.001 11.965 11.9 0 11.897
0.025 0.002 0.027 0.03 0 0.03 10.728 0.012 10.737 11.475 0 11.473 11.405 0 11.403
0.027 0.000999999999999994 0.029 0.033 0.001 0.034 10.794 0.01 10.801 11.467 0 11.464 11.354 0 11.352
0.025 0.002 0.027 0.029 0.000999999999999994 0.03 10.114 0.012 10.124 10.74 0 10.738 10.687 0 10.684
0.028 0.001 0.029 0.034 0 0.034 11.314 0.004 11.315 11.976 0.001 11.975 11.882 0 11.88
0.025 0.000999999999999994 0.026 0.032 0 0.032 10.939 0.01 10.946 11.655 0 11.653 11.646 0 11.642
0.027 0.002 0.029 0.034 0 0.034 11.216 0.011 11.224 12.028 0.002 12.028 12.292 0 12.289
0.025 0.002 0.027 0.03 0 0.03 11.353 0.008 11.358 11.962 0 11.96 11.95 0 11.947
0.023 0.004 0.027 0.03 0 0.03 10.555 0.003 10.555 11.179 0 11.177 11.11 0 11.108
0.027 0.001 0.028 0.034 0 0.034 10.814 0.011 10.822 11.606 0 11.605 11.584 0.001 11.581
0.025 0.002 0.027 0.029 0.001 0.03 10.916 0.005 10.918 11.799 0 11.797 11.706 0 11.704
0.027 0.001 0.028 0.029 0 0.03 10.581 0.008 10.587 11.377 0 11.373 11.476 0 11.474
0.026 0.002 0.028 0.033 0.002 0.035 11.015 0.012 11.024 11.627 0.001 11.626 11.766 0 11.763
0.022 0.005 0.028 0.031 0 0.031 10.29 0.008 10.296 10.964 0.000999999999999994 10.962 10.899 0 10.896
0.024 0.003 0.027 0.031 0 0.03 10.87 0.01 10.877 11.727 0 11.726 11.702 0 11.699
0.026 0.003 0.029 0.034 0 0.033 11.35 0.006 11.354 12.004 0 12.001 11.931 0 11.929
0.026 0.001 0.027 0.03 0 0.03 10.375 0.007 10.379 11.113 0 11.112 11.055 0 11.052
0.026 0.003 0.028 0.034 0 0.034 10.88 0.011 10.888 11.5 0 11.498 11.504 0 11.503
0.029 0 0.029 0.034 0 0.034 10.778 0.01 10.784 11.092 0.001 11.092 11.01 0 11.008
0.028 0 0.027 0.029 0 0.03 10.791 0.011 10.806 11.492 0 11.489 11.4 0 11.397
0.027 0 0.027 0.031 0 0.031 10.944 0.006 10.947 11.616 0.001 11.615 11.569 0 11.567
0.029 0 0.029 0.034 0 0.034 10.986 0.007 10.99 11.579 0.001 11.578 11.509 0 11.506
0.028 0.000999999999999994 0.029 0.032 0.001 0.033 11.403 0.007 11.408 12.276 0 12.274 12.246 0 12.242
0.026 0.002 0.028 0.034 0 0.034 10.889 0.013 10.899 11.641 0.003 11.641 11.486 0 11.483
0.026 0.00199999999999999 0.027 0.029 0 0.03 10.36 0.003 10.361 11.064 0.001 11.063 10.985 0 10.981
0.023 0.005 0.029 0.034 0.001 0.034 10.888 0.01 10.896 11.676 0 11.674 11.63 0 11.626
0.027 0.001 0.028 0.034 0 0.034 10.344 0.008 10.35 11.042 0 11.041 10.965 0 10.961
0.025 0.004 0.029 0.035 0 0.034 10.895 0.007 10.901 11.795 0 11.791 11.583 0 11.581
0.023 0.005 0.028 0.032 0.002 0.034 11.152 0.008 11.157 11.874 0 11.872 11.82 0 11.817
0.027 0.001 0.029 0.034 0 0.034 11.185 0.008 11.189 11.973 0.001 11.972 11.893 0 11.89
0.027 0.001 0.028 0.029 0 0.029 10.532 0.009 10.538 11.212 0.001 11.211 11.351 0 11.348
0.027 0.00199999999999999 0.029 0.034 0 0.034 11.024 0.012 11.033 11.773 0.001 11.77 11.679 0 11.678
0.027 0 0.026 0.029 0 0.03 10.923 0.008 10.928 11.384 0 11.388 11.18 0 11.184
0.027 0.001 0.028 0.034 0 0.033 11.028 0.012 11.037 11.608 0 11.611 11.397 0 11.402
0.026 0.003 0.029 0.034 0 0.034 11.036 0.009 11.042 11.822 0 11.82 11.707 0 11.705
0.026 0.00199999999999999 0.029 0.034 0 0.034 10.78 0.005 10.782 11.532 0.003 11.533 11.462 0 11.46
0.027 0.000999999999999997 0.028 0.034 0.001 0.034 11.023 0.01 11.031 11.757 0 11.755 11.627 0 11.625
0.028 0.001 0.029 0.034 0 0.034 11.021 0.008 11.025 11.789 0 11.788 11.829 0 11.825
0.027 0.00199999999999999 0.028 0.034 0 0.035 10.664 0.006 10.668 10.976 0.001 10.974 10.855 0 10.852
0.027 0.001 0.028 0.034 0.00199999999999999 0.036 11.083 0.008 11.087 11.834 0 11.831 11.774 0 11.772
0.025 0.003 0.028 0.033 0.001 0.034 11.21 0.01 11.218 11.943 0.002 11.941 11.855 0 11.854
0.024 0.003 0.027 0.028 0.001 0.03 10.28 0.004 10.28 11.037 0.002 11.037 10.937 0 10.934
0.027 0.002 0.029 0.033 0 0.034 11.407 0.008 11.411 12.056 0.001 12.054 11.909 0 11.907
0.028 0 0.029 0.034 0 0.034 10.536 0.013 10.546 11.134 0.001 11.133 11.032 0 11.029
0.026 0.001 0.026 0.03 0 0.03 10.311 0.011 10.319 11.084 0.001 11.083 10.964 0 10.961
0.025 0.002 0.026 0.029 0.000999999999999997 0.03 10.376 0.009 10.382 11.112 0.001 11.111 11.013 0 11.01
0.026 0.003 0.029 0.034 0 0.034 11.003 0.009 11.009 11.805 0 11.803 11.734 0 11.731
0.027 0.002 0.029 0.033 0.001 0.034 10.905 0.008 10.91 11.666 0.001 11.665 11.557 0 11.555
0.027 0.00199999999999999 0.029 0.034 0 0.034 11.012 0.011 11.02 11.66 0 11.658 11.609 0 11.607
0.026 0.001 0.027 0.03 0 0.03 10.965 0.008 10.97 11.708 0 11.705 11.62 0 11.618
0.026 0.000999999999999994 0.027 0.03 0 0.031 11.003 0.01 11.01 11.668 0.001 11.666 11.616 0 11.614
0.028 0.001 0.029 0.033 0.000999999999999994 0.034 10.73 0.014 10.742 11.553 0 11.55 11.576 0 11.575
0.026 0.003 0.053 0.034 0 0.034 11.348 0.009 11.354 12.025 0 12.023 11.954 0 11.951
0.025 0.00199999999999999 0.027 0.03 0 0.029 10.805 0.012 10.815 11.945 0.001 11.944 11.887 0 11.883
0.028 0 0.028 0.033 0.001 0.034 11.232 0.005 11.234 11.973 0 11.971 11.556 0 11.553
0.026 0.001 0.027 0.027 0.003 0.03 10.337 0.013 10.349 11.068 0 11.064 10.97 0 10.967
0.027 0 0.027 0.03 0 0.03 10.872 0.011 10.881 11.539 0.001 11.537 11.526 0 11.524
0.024 0.003 0.027 0.03 0 0.03 10.961 0.011 10.969 11.591 0.003 11.592 11.532 0.001 11.53
0.026 0.003 0.028 0.034 0 0.035 11.024 0.008 11.028 11.734 0 11.732 11.669 0 11.667
0.026 0.003 0.028 0.034 0 0.035 10.861 0.00899999999999999 10.866 11.461 0.001 11.46 11.409 0 11.406
0.026 0.001 0.026 0.03 0 0.031 10.728 0.01 10.735 11.567 0 11.564 11.48 0 11.478
0.025 0.000999999999999994 0.027 0.03 0 0.03 10.249 0.004 10.249 10.989 0.001 10.988 10.946 0 10.943
0.026 0.000999999999999997 0.027 0.03 0 0.03 10.312 0.008 10.317 10.957 0.001 10.955 10.889 0 10.887
0.025 0.002 0.027 0.03 0 0.03 10.296 0.011 10.304 10.966 0 10.965 10.944 0 10.942
0.029 0 0.029 0.034 0 0.034 11.144 0.011 11.154 11.766 0.001 11.764 11.772 0 11.77
0.029 0 0.029 0.034 0 0.033 11.09 0.008 11.096 11.917 0 11.913 11.925 0 11.923
0.024 0.003 0.029 0.03 0.001 0.03 10.905 0.009 10.911 11.594 0.001 11.593 11.487 0 11.484
0.027 0.001 0.027 0.03 0 0.03 10.761 0.006 10.765 11.448 0.001 11.447 11.606 0 11.603
0.028 0.001 0.029 0.034 0 0.034 10.906 0.007 10.91 11.556 0.001 11.554 11.677 0 11.675
0.027 0.001 0.028 0.034 0 0.034 10.803 0.011 10.811 11.606 0 11.603 11.532 0 11.529
0.025 0.002 0.026 0.03 0 0.029 11.349 0.008 11.354 12.09 0 12.091 11.754 0 11.756
0.029 0 0.029 0.037 0.001 0.037 11.351 0.008 11.355 12.137 0 12.135 11.95 0 11.955
0.026 0.003 0.029 0.034 0 0.034 11 0.008 11.004 11.773 0.002 11.774 11.727 0 11.723
0.029 0.001 0.03 0.029 0 0.029 12.074 0.006 12.076 12.794 0 12.791 12.74 0 12.737
0.026 0.000999999999999994 0.027 0.03 0 0.03 10.665 0.007 10.668 11.79 0 11.789 11.748 0 11.746
0.028 0 0.028 0.033 0.001 0.034 11.095 0.007 11.1 11.826 0.001 11.824 11.395 0 11.393
0.026 0.001 0.027 0.03 0 0.029 10.315 0.011 10.324 10.968 0 10.967 11.292 0 11.288
0.026 0.001 0.027 0.03 0 0.03 10.341 0.011 10.349 11.049 0.001 11.048 10.972 0 10.969
0.025 0.002 0.027 0.03 0 0.031 10.844 0.011 10.852 11.649 0 11.647 11.61 0 11.608
0.029 0 0.03 0.037 0 0.035 11.76 0.013 11.771 12.459 0 12.458 12.448 0 12.444
0.025 0.003 0.028 0.034 0 0.034 10.862 0.00600000000000001 10.866 11.733 0 11.73 11.566 0 11.564
0.027 0.002 0.028 0.033 0 0.034 11.1 0.012 11.108 11.409 0 11.407 11.181 0 11.181
0.029 0 0.029 0.033 0 0.034 11.246 0.005 11.247 11.996 0 11.995 11.818 0 11.821
0.028 0.000999999999999994 0.029 0.034 0 0.034 11.096 0.01 11.103 11.872 0 11.87 11.805 0 11.803
0.029 0 0.029 0.034 0 0.034 10.708 0.01 10.715 11.532 0 11.529 11.582 0 11.579
0.028 0.001 0.029 0.034 0 0.034 10.493 0.00600000000000001 10.497 11.04 0.001 11.039 10.933 0 10.93
0.026 0.003 0.029 0.034 0 0.034 10.865 0.012 10.874 11.577 0 11.575 11.508 0 11.506
0.028 0.002 0.03 0.034 0 0.034 10.944 0.013 10.954 11.657 0.001 11.656 11.606 0 11.603
0.026 0.001 0.027 0.031 0.001 0.032 10.944 0.009 10.95 11.723 0 11.721 11.666 0 11.663
0.024 0.003 0.027 0.03 0 0.03 11.122 0.016 11.135 11.866 0 11.863 11.703 0 11.701
0.028 0 0.027 0.029 0 0.029 10.494 0.007 10.498 11.114 0 11.112 11.027 0 11.026
0.026 0.000999999999999994 0.027 0.03 0 0.03 10.898 0.011 10.906 11.605 0 11.605 11.527 0 11.524
0.028 0.001 0.029 0.034 0 0.035 11.041 0.01 11.047 11.685 0.001 11.684 11.618 0 11.617
0.029 0 0.029 0.034 0 0.034 10.899 0.007 10.903 11.564 0.000999999999999994 11.562 11.506 0 11.504
0.026 0.002 0.028 0.033 0 0.033 11.372 0.017 11.385 12.142 0 12.14 12.048 0 12.047
0.025 0.004 0.029 0.035 0 0.035 11.357 0.009 11.363 12.084 0 12.082 12.004 0 12.001
0.028 0.000999999999999994 0.028 0.034 0 0.034 11.221 0.012 11.23 11.939 0 11.937 11.907 0 11.905
0.026 0.002 0.028 0.034 0 0.034 11.022 0.014 11.033 11.779 0 11.777 11.717 0 11.715
0.027 0.001 0.027 0.033 0.001 0.035 10.982 0.01 10.988 11.732 0.00199999999999999 11.732 11.657 0 11.655
0.029 0 0.029 0.034 0 0.034 11.213 0.011 11.22 11.914 0 11.911 11.888 0 11.886
0.028 0.001 0.029 0.033 0.000999999999999994 0.034 11.107 0.00800000000000001 11.113 11.827 0 11.825 11.78 0 11.777
0.029 0 0.029 0.034 0.001 0.034 11.323 0.01 11.33 12.033 0 12.031 11.933 0 11.931
0.027 0.002 0.028 0.034 0 0.034 10.981 0.008 10.987 11.778 0.001 11.776 11.746 0 11.743
0.027 0.001 0.029 0.035 0 0.034 10.571 0.01 10.579 11.118 0 11.115 11.112 0 11.111
0.026 0.001 0.027 0.03 0 0.03 10.262 0.013 10.272 10.977 0 10.975 10.895 0 10.892
0.029 0 0.029 0.036 0 0.037 11.144 0.009 11.15 11.914 0.001 11.913 11.847 0 11.844
0.028 0.000999999999999994 0.029 0.034 0 0.034 11.548 0.011 11.555 12.286 0 12.284 12.412 0 12.41
0.026 0.001 0.027 0.029 0 0.03 10.328 0.009 10.333 11.072 0.002 11.073 11.003 0 11
0.028 0 0.027 0.03 0 0.03 11.183 0.01 11.19 11.881 0 11.879 11.816 0 11.814
0.026 0.002 0.028 0.033 0.001 0.034 10.876 0.011 10.886 11.311 0.003 11.319 11.149 0 11.151
0.024 0.003 0.027 0.03 0 0.03 10.868 0.004 10.869 11.605 0 11.603 11.573 0 11.57
0.026 0.001 0.026 0.03 0 0.03 10.865 0.00899999999999999 10.872 11.671 0 11.667 11.534 0 11.531
0.025 0.004 0.028 0.035 0 0.035 10.962 0.006 10.965 11.687 0 11.686 11.523 0 11.521
0.026 0.000999999999999994 0.027 0.03 0 0.03 10.807 0.009 10.815 11.555 0.001 11.553 11.569 0 11.566
0.027 0.001 0.028 0.035 0 0.034 11.297 0.011 11.305 12.034 0 12.031 11.782 0 11.78
0.028 0 0.028 0.031 0.000999999999999994 0.03 11.006 0.013 11.018 11.807 0 11.803 11.797 0 11.796
0.027 0.001 0.027 0.029 0 0.03 10.474 0.008 10.48 11.231 0 11.227 11.343 0 11.342
0.026 0.001 0.028 0.036 0.000999999999999994 0.036 11.038 0.00800000000000001 11.044 11.715 0 11.712 11.696 0.000999999999999994 11.695
0.028 0.001 0.028 0.034 0 0.034 11.162 0.009 11.169 11.912 0 11.909 11.813 0 11.811
0.027 0.000999999999999994 0.029 0.031 0 0.03 10.604 0.012 10.613 11.265 0 11.263 11.252 0 11.251
0.025 0.00199999999999999 0.027 0.029 0.001 0.03 10.445 0.009 10.451 11.125 0.001 11.123 11.311 0 11.31
0.027 0 0.027 0.033 0 0.033 11.105 0.011 11.113 11.671 0.001 11.669 11.671 0 11.669
0.026 0.001 0.027 0.03 0 0.029 11.116 0.008 11.121 11.819 0 11.817 11.772 0 11.77
0.026 0.003 0.028 0.034 0 0.034 11.235 0.01 11.242 11.901 0.000999999999999994 11.9 11.948 0 11.946
0.026 0.002 0.029 0.036 0 0.035 11.012 0.011 11.02 11.774 0.001 11.773 11.736 0 11.733
0.029 0 0.028 0.034 0 0.034 11.433 0.01 11.44 12.196 0 12.194 12.089 0 12.087
0.026 0.002 0.029 0.034 0 0.034 11.114 0.008 11.118 11.808 0 11.806 11.769 0 11.766
0.027 0.001 0.028 0.034 0 0.034 11.104 0.002 11.103 11.788 0.001 11.787 11.663 0 11.66
0.028 0 0.029 0.034 0 0.033 10.855 0.008 10.86 11.532 0 11.53 11.483 0 11.481
0.026 0.003 0.029 0.037 0 0.037 10.887 0.006 10.89 11.783 0 11.781 11.437 0 11.435
0.025 0.003 0.028 0.037 0 0.037 10.476 0.01 10.483 11.083 0 11.081 11.03 0 11.029
0.026 0.001 0.027 0.031 0 0.03 11.367 0.008 11.372 11.934 0.001 11.934 11.9 0 11.898
0.028 0.001 0.029 0.033 0 0.033 11.097 0.008 11.107 11.802 0 11.806 11.525 0 11.523
0.028 0.001 0.029 0.034 0 0.034 10.424 0.007 10.428 10.953 0 10.951 10.847 0 10.844
0.028 0.001 0.029 0.034 0 0.034 10.804 0.01 10.811 11.546 0.001 11.544 11.533 0 11.53
0.028 0.001 0.029 0.034 0 0.034 10.771 0.012 10.78 11.501 0 11.499 11.373 0 11.37
0.027 0 0.027 0.031 0 0.031 11.146 0.01 11.153 11.9 0 11.897 11.88 0 11.878
0.028 0 0.028 0.033 0.001 0.034 11.004 0.007 11.007 11.679 0.002 11.679 11.653 0 11.65
0.026 0.00199999999999999 0.028 0.034 0 0.034 10.893 0.01 10.9 11.611 0 11.609 11.49 0 11.488
0.027 0.001 0.028 0.034 0 0.034 10.962 0.016 10.975 11.68 0 11.677 11.555 0 11.553
0.025 0.003 0.028 0.034 0 0.034 10.935 0.01 10.941 11.601 0 11.599 11.518 0 11.515
0.025 0.002 0.027 0.03 0 0.03 10.664 0.00199999999999999 10.662 11.415 0 11.413 11.407 0 11.406
0.027 0 0.027 0.029 0 0.03 10.329 0.007 10.333 11.019 0 11.017 11.081 0 11.077
0.028 0.001 0.029 0.035 0 0.035 10.924 0.011 10.932 11.581 0 11.58 11.512 0 11.508
0.027 0.00199999999999999 0.028 0.033 0.001 0.034 11.04 0.01 11.047 11.876 0 11.874 11.735 0 11.733
0.025 0.00199999999999999 0.027 0.029 0 0.029 10.554 0.009 10.561 11.252 0 11.25 11.159 0 11.156
0.026 0.004 0.03 0.033 0 0.033 11.295 0.012 11.304 12.048 0 12.045 11.972 0 11.97
0.028 0.001 0.029 0.033 0 0.034 11.117 0.01 11.123 11.909 0 11.907 11.851 0 11.848
0.026 0.002 0.028 0.034 0 0.034 11.016 0.01 11.022 11.801 0 11.798 11.737 0 11.736
0.025 0.002 0.026 0.03 0 0.031 10.832 0.011 10.84 11.688 0.001 11.687 11.637 0 11.634
0.029 0 0.029 0.033 0.001 0.034 11.1 0.012 11.11 11.848 0 11.846 11.798 0 11.794
0.028 0.001 0.028 0.034 0 0.034 11.114 0.008 11.119 11.789 0.003 11.79 11.754 0 11.751
0.028 0 0.027 0.03 0 0.031 10.954 0.009 10.96 11.698 0 11.696 11.682 0 11.678
0.027 0.00199999999999999 0.028 0.032 0.002 0.034 11.019 0.012 11.028 11.708 0.000999999999999994 11.707 11.645 0 11.644
0.028 0.000999999999999994 0.029 0.034 0 0.034 11.233 0.011 11.241 11.998 0 11.995 11.933 0 11.931
0.027 0.001 0.028 0.035 0 0.035 10.97 0.01 10.977 11.69 0 11.687 11.582 0.002 11.582
0.027 0.001 0.029 0.034 0 0.034 10.896 0.011 10.904 11.463 0 11.461 11.373 0 11.37
0.028 0.001 0.03 0.035 0.001 0.036 11.19 0.012 11.198 12.019 0 12.017 11.95 0 11.949
0.028 0.001 0.029 0.034 0 0.034 11.099 0.006 11.102 11.872 0.001 11.87 11.788 0 11.786
0.025 0.00199999999999999 0.027 0.03 0 0.03 10.967 0.005 10.969 11.547 0 11.545 11.506 0 11.505
0.024 0.004 0.028 0.034 0 0.034 10.775 0.013 10.786 11.568 0.001 11.567 11.478 0 11.475
0.025 0.003 0.028 0.034 0 0.034 10.731 0.011 10.74 11.435 0 11.433 11.435 0 11.433
0.028 0.001 0.029 0.034 0 0.033 11.412 0.007 11.417 12.216 0.002 12.215 12.205 0 12.202
0.028 0.002 0.031 0.033 0 0.032 12.017 0.014 12.027 12.725 0 12.723 12.713 0 12.709
0.027 0.000999999999999994 0.028 0.034 0 0.034 10.872 0.008 10.878 11.451 0 11.448 11.524 0 11.521
0.027 0.001 0.029 0.034 0 0.033 11.071 0.008 11.076 11.748 0 11.746 11.574 0 11.571
0.029 0 0.029 0.034 0 0.034 11.055 0.008 11.06 11.764 0 11.762 11.704 0 11.7
0.027 0.002 0.029 0.034 0 0.034 10.902 0.011 10.91 11.582 0 11.58 11.628 0 11.626
0.029 0 0.029 0.034 0 0.035 11.099 0.008 11.102 11.837 0 11.836 11.785 0 11.783
0.027 0.001 0.029 0.034 0 0.034 11.293 0.011 11.301 12.015 0.000999999999999994 12.014 11.961 0 11.958
0.024 0.003 0.027 0.03 0 0.03 10.452 0.01 10.459 11.092 0 11.089 11.043 0 11.042
0.025 0.00199999999999999 0.027 0.03 0 0.03 10.423 0.00600000000000001 10.428 11.153 0 11.151 11.107 0 11.105
0.027 0.00199999999999999 0.028 0.034 0 0.034 11.017 0.01 11.024 11.792 0 11.79 11.737 0 11.734
0.029 0 0.029 0.034 0 0.033 11.08 0.015 11.093 11.821 0.001 11.82 11.713 0 11.71
0.025 0.004 0.029 0.034 0 0.034 11.404 0.007 11.408 12.197 0 12.195 12.141 0 12.139
0.026 0.003 0.029 0.034 0 0.034 11.289 0.011 11.297 12.061 0.001 12.059 11.999 0 11.997
0.029 0 0.029 0.034 0 0.033 10.845 0.012 10.858 11.357 0 11.367 11.179 0 11.179
0.025 0.003 0.029 0.034 0 0.033 11.118 0.011 11.127 11.707 0 11.704 11.724 0 11.722
0.026 0.002 0.029 0.034 0 0.034 11.106 0.006 11.109 11.774 0.002 11.774 11.749 0.001 11.746
0.026 0.002 0.028 0.029 0 0.029 10.994 0.005 10.995 11.829 0 11.827 11.773 0 11.771
0.029 0.001 0.029 0.029 0 0.03 12.004 0.00700000000000001 12.007 12.696 0.000999999999999994 12.695 12.698 0 12.695
0.028 0 0.028 0.031 0 0.031 11.167 0.01 11.174 11.85 0.001 11.848 11.768 0 11.766
0.027 0.002 0.029 0.034 0 0.034 11.328 0.011 11.337 12.127 0 12.124 12.071 0 12.069
0.026 0.003 0.028 0.034 0 0.035 11.003 0.008 11.008 11.499 0.011 11.507 10.963 0 10.961
0.029 0 0.029 0.036 0 0.036 11.465 0.011 11.472 12.3 0 12.298 12.218 0 12.215
0.026 0.000999999999999994 0.027 0.031 0 0.031 10.997 0.01 11.004 11.738 0 11.736 11.673 0 11.67
0.025 0.002 0.027 0.033 0 0.032 11.258 0.01 11.266 12.076 0 12.073 12.002 0 12
0.027 0.001 0.029 0.032 0.003 0.034 10.917 0.011 10.926 11.536 0.002 11.536 11.507 0 11.504
0.025 0.003 0.028 0.034 0 0.034 10.954 0.005 10.955 11.659 0 11.657 11.61 0 11.607
0.029 0 0.029 0.034 0 0.033 11.317 0.011 11.326 12.127 0 12.123 12.054 0 12.057
0.029 0 0.029 0.033 0.001 0.033 10.888 0.012 10.898 11.466 0.000999999999999994 11.464 11.355 0 11.353
0.026 0.002 0.029 0.035 0 0.034 11.035 0.008 11.041 11.784 0.001 11.782 11.675 0 11.672
0.028 0 0.029 0.035 0 0.034 10.91 0.008 10.916 11.609 0 11.607 11.603 0 11.601
0.026 0.003 0.029 0.034 0 0.034 11.366 0.013 11.376 12.152 0 12.149 11.972 0 11.971
0.025 0.003 0.028 0.033 0.001 0.034 10.871 0.013 10.881 11.704 0 11.702 11.654 0 11.651
0.027 0 0.027 0.029 0 0.03 10.453 0.01 10.46 11.129 0 11.126 11.322 0 11.32
0.028 0 0.028 0.031 0 0.03 10.73 0.005 10.733 11.405 0 11.402 11.382 0 11.38
0.027 0.001 0.029 0.035 0 0.034 10.983 0.007 10.987 11.718 0.001 11.718 11.56 0 11.557
0.028 0.001 0.029 0.033 0.00199999999999999 0.034 11.105 0.003 11.106 11.72 0 11.718 11.686 0 11.684
0.029 0 0.029 0.034 0 0.034 11.138 0.008 11.142 11.834 0 11.832 11.761 0 11.76
0.027 0.002 0.028 0.034 0 0.034 10.943 0.013 10.954 11.722 0 11.719 11.626 0 11.624
0.029 0 0.029 0.034 0 0.034 10.976 0.00800000000000001 10.982 11.802 0 11.799 11.524 0 11.522
0.026 0.002 0.029 0.035 0 0.034 10.822 0.007 10.827 11.627 0.003 11.627 11.549 0 11.547
0.029 0 0.028 0.034 0 0.034 10.974 0.011 10.982 11.78 0 11.778 11.695 0 11.692
0.025 0.003 0.029 0.034 0 0.034 10.851 0.009 10.857 11.706 0 11.703 11.612 0 11.611
0.028 0.001 0.028 0.034 0 0.035 10.492 0.005 10.493 10.972 0 10.971 10.868 0 10.864
0.025 0.00199999999999999 0.028 0.03 0 0.029 10.685 0.004 10.685 11.46 0.001 11.46 11.332 0 11.33
0.027 0.002 0.03 0.036 0 0.035 11.109 0.015 11.122 11.925 0.001 11.923 11.882 0 11.88
0.027 0 0.027 0.029 0.001 0.03 10.269 0.011 10.278 10.938 0.002 10.939 10.914 0 10.911
0.026 0 0.026 0.031 0 0.031 11.093 0.009 11.099 11.723 0 11.721 11.674 0 11.671
0.027 0.001 0.029 0.034 0 0.034 10.897 0.013 10.907 11.666 0 11.664 11.66 0 11.657
0.027 0 0.027 0.03 0 0.03 11.218 0.01 11.225 11.988 0.002 11.988 11.891 0 11.889
0.027 0.001 0.028 0.034 0 0.034 11.148 0.011 11.156 11.674 0 11.671 11.635 0 11.633
0.025 0.00199999999999999 0.027 0.03 0 0.03 11.057 0.008 11.061 11.877 0 11.874 11.73 0 11.728
0.027 0.002 0.029 0.034 0 0.034 11.561 0.009 11.567 12.14 0.001 12.139 12.301 0 12.299
0.026 0.003 0.029 0.035 0 0.035 11.489 0.009 11.495 12.206 0.002 12.206 12.111 0 12.108
0.028 0 0.029 0.034 0 0.034 10.954 0.00700000000000001 10.957 11.618 0.000999999999999994 11.617 11.558 0 11.556
0.029 0 0.028 0.034 0 0.034 10.935 0.011 10.944 11.714 0 11.711 11.663 0 11.661
0.026 0.002 0.028 0.035 0 0.035 11.173 0.011 11.181 11.89 0.001 11.888 11.816 0 11.813
0.026 0 0.027 0.03 0 0.03 10.38 0.01 10.387 11.098 0 11.095 11.015 0 11.013
0.026 0.002 0.028 0.034 0 0.034 11.02 0.012 11.029 11.75 0 11.747 11.677 0 11.675
0.025 0.003 0.028 0.035 0 0.034 10.898 0.013 10.908 11.663 0.002 11.663 11.669 0 11.667
0.025 0.003 0.029 0.034 0 0.034 11.667 0.00600000000000001 11.669 12.419 0 12.417 12.383 0 12.38
0.027 0.002 0.028 0.034 0 0.034 11.58 0.00899999999999999 11.587 12.344 0 12.34 12.296 0 12.295
0.024 0.004 0.029 0.034 0 0.034 10.811 0.011 10.819 11.544 0 11.54 11.48 0 11.478
0.026 0.003 0.029 0.031 0 0.031 10.86 0.017 10.874 11.733 0.000999999999999994 11.732 11.743 0 11.74
0.026 0.001 0.027 0.03 0 0.03 10.924 0.007 10.928 11.696 0 11.694 11.542 0 11.54
0.024 0.003 0.027 0.03 0 0.03 11.097 0.00700000000000001 11.101 11.991 0 11.989 11.908 0 11.905
0.029 0 0.029 0.034 0 0.034 11.259 0.016 11.271 11.956 0 11.954 11.878 0 11.875
0.027 0.001 0.028 0.034 0 0.034 10.925 0.011 10.933 11.649 0.001 11.648 11.601 0 11.599
0.026 0.001 0.027 0.03 0 0.03 10.796 0.011 10.804 11.461 0.001 11.46 11.424 0 11.42
0.025 0.001 0.027 0.03 0.001 0.031 10.25 0.012 10.259 10.819 0 10.817 10.761 0 10.757
0.027 0.002 0.029 0.037 0 0.036 11.26 0.005 11.262 12.005 0.003 12.006 11.931 0 11.93
0.025 0.00199999999999999 0.027 0.03 0 0.03 10.506 0.005 10.507 12.013 0.00199999999999999 12.014 11.967 0 11.963
0.025 0.005 0.03 0.033 0 0.034 12.243 0.008 12.247 12.95 0 12.947 11.92 0 11.918
0.025 0.002 0.027 0.03 0.000999999999999994 0.03 10.136 0.004 10.138 10.766 0.001 10.765 10.761 0 10.758
0.024 0.004 0.028 0.035 0 0.035 10.85 0.009 10.856 11.618 0.001 11.616 11.725 0 11.723
0.029 0 0.028 0.034 0 0.034 10.865 0.014 10.876 11.48 0.002 11.48 11.402 0 11.399
0.029 0 0.029 0.034 0 0.034 11.085 0.01 11.092 11.873 0 11.87 11.749 0 11.748
0.027 0.002 0.029 0.034 0 0.034 10.957 0.004 10.958 11.684 0.001 11.683 11.613 0 11.611
0.027 0.002 0.029 0.034 0 0.034 10.928 0.013 10.937 11.79 0 11.788 11.687 0 11.684
0.023 0.004 0.027 0.03 0 0.031 10.831 0.012 10.839 11.641 0.001 11.64 11.604 0 11.602
0.026 0.003 0.028 0.034 0 0.034 10.946 0.008 10.951 11.686 0 11.685 11.606 0 11.605
0.026 0.001 0.026 0.03 0 0.031 10.934 0.01 10.941 11.708 0 11.706 11.628 0 11.625
0.028 0 0.028 0.036 0 0.036 11.166 0.011 11.174 11.961 0 11.958 11.895 0 11.893
0.028 0 0.028 0.034 0 0.035 11.06 0.009 11.065 11.791 0.001 11.79 11.747 0 11.745
0.028 0 0.028 0.033 0.001 0.034 10.964 0.006 10.968 11.707 0 11.704 11.648 0 11.647
0.026 0.000999999999999994 0.027 0.03 0 0.03 11.055 0.00800000000000001 11.06 11.999 0 11.996 11.916 0 11.913
0.028 0.000999999999999994 0.029 0.034 0 0.034 10.913 0.01 10.921 11.603 0 11.6 11.618 0 11.616
0.028 0.001 0.029 0.034 0 0.034 11.577 0.006 11.58 12.289 0.001 12.287 12.147 0 12.145
0.024 0.003 0.027 0.03 0 0.03 11.499 0.011 11.507 12.247 0 12.244 12.146 0 12.143
0.029 0 0.029 0.033 0 0.033 11.233 0.013 11.243 12.061 0 12.059 11.957 0 11.954
0.029 0 0.029 0.031 0 0.032 11.022 0.012 11.03 11.803 0 11.8 11.777 0 11.775
0.026 0.001 0.027 0.03 0 0.03 10.481 0.012 10.491 11.114 0.001 11.112 11.016 0 11.014
0.027 0.001 0.029 0.035 0 0.034 11.152 0.011 11.161 11.893 0 11.891 11.85 0 11.848
0.029 0 0.029 0.034 0 0.034 11.229 0.008 11.234 12.058 0 12.056 12.021 0 12.017
0.028 0.001 0.028 0.033 0.001 0.035 10.801 0.011 10.808 11.608 0 11.606 11.608 0 11.605
0.027 0.003 0.029 0.034 0 0.034 11.124 0.004 11.125 11.918 0.002 11.917 11.84 0 11.839
0.03 0.000999999999999994 0.03 0.032 0 0.032 12.07 0.009 12.076 12.834 0 12.831 12.798 0 12.795
0.027 0.001 0.029 0.034 0 0.033 11.132 0.005 11.134 11.837 0 11.834 11.83 0 11.827
0.03 0.001 0.031 0.032 0 0.032 12.056 0.015 12.069 12.771 0 12.767 12.625 0 12.623
0.027 0 0.027 0.03 0 0.03 10.904 0.01 10.911 11.691 0 11.689 11.676 0 11.674
0.025 0.005 0.029 0.033 0 0.034 11.664 0.005 11.667 12.44 0 12.437 12.282 0 12.279
0.026 0.000999999999999997 0.027 0.03 0 0.03 10.724 0.012 10.734 11.865 0 11.861 11.793 0 11.791
0.027 0.002 0.029 0.033 0 0.033 11.37 0.011 11.378 12.123 0 12.12 11.647 0 11.645
0.025 0.002 0.027 0.029 0 0.03 10.407 0.008 10.412 11.175 0.001 11.173 11.126 0 11.124
0.028 0.001 0.028 0.034 0 0.034 10.981 0.003 10.981 11.626 0 11.623 11.66 0 11.658
0.028 0 0.028 0.035 0 0.034 11.157 0.009 11.164 11.901 0 11.898 11.869 0 11.867
0.028 0.001 0.029 0.033 0 0.034 11.348 0.01 11.355 12.139 0 12.137 12.032 0 12.028
0.029 0 0.029 0.03 0 0.029 11.996 0.011 12.004 12.895 0 12.892 12.766 0 12.764
0.027 0.001 0.029 0.034 0 0.034 11.03 0.007 11.034 11.727 0 11.723 11.804 0 11.802
0.025 0.003 0.028 0.034 0 0.035 10.914 0.01 10.921 11.525 0 11.522 11.478 0 11.477
0.027 0.003 0.03 0.035 0 0.035 10.912 0.00700000000000001 10.915 11.573 0.001 11.572 11.59 0 11.588
0.025 0.001 0.027 0.03 0 0.03 10.899 0.005 10.9 11.708 0 11.705 11.63 0 11.629
0.025 0.002 0.027 0.03 0 0.031 11.009 0.009 11.015 11.731 0 11.728 11.674 0 11.672
0.027 0.001 0.027 0.03 0.000999999999999994 0.031 10.859 0.013 10.869 11.574 0 11.572 11.51 0.002 11.51
0.028 0 0.028 0.031 0 0.031 11.244 0.00799999999999999 11.248 11.78 0 11.779 11.782 0 11.78
0.027 0.00199999999999999 0.029 0.036 0 0.036 11.363 0.01 11.371 12.152 0 12.149 12.088 0.001 12.087
0.025 0.002 0.027 0.031 0 0.03 10.944 0.012 10.954 11.684 0 11.681 11.658 0 11.656
0.029 0 0.029 0.034 0 0.034 11.057 0.011 11.064 11.689 0.000999999999999994 11.688 11.721 0 11.717
0.028 0.001 0.029 0.034 0 0.034 11.48 0.007 11.484 12.162 0.002 12.161 11.965 0 11.963
0.023 0.004 0.027 0.03 0 0.03 11.448 0.008 11.452 12.278 0 12.276 12.136 0 12.135
0.029 0 0.029 0.034 0 0.034 11.177 0.00899999999999999 11.184 11.909 0.001 11.908 11.8 0 11.797
0.028 0.001 0.029 0.034 0 0.034 11.419 0.00899999999999999 11.425 12.006 0 12.003 11.937 0 11.935
0.028 0.001 0.03 0.033 0.001 0.034 11.669 0.00799999999999999 11.674 12.249 0 12.245 12.343 0 12.341
0.028 0.001 0.028 0.033 0.001 0.034 10.984 0.011 10.992 11.7 0.002 11.699 11.612 0 11.611
0.028 0.001 0.03 0.034 0 0.033 11.172 0.006 11.175 11.905 0 11.902 11.858 0 11.857
0.028 0.001 0.029 0.034 0 0.034 11.259 0.007 11.264 12.105 0 12.101 11.953 0 11.951
0.026 0.001 0.026 0.028 0.001 0.03 10.467 0.007 10.472 11.813 0 11.809 11.75 0 11.748
0.024 0.004 0.028 0.034 0 0.035 10.959 0.00700000000000001 10.963 11.798 0 11.795 11.038 0 11.035
0.029 0.001 0.03 0.034 0 0.034 11.195 0.006 11.198 11.819 0.001 11.818 11.783 0 11.78
0.025 0.003 0.029 0.035 0 0.034 11.004 0.012 11.013 11.751 0 11.749 11.654 0 11.651
0.026 0 0.027 0.031 0 0.03 10.877 0.01 10.884 11.691 0 11.689 11.595 0 11.593
0.023 0.006 0.028 0.032 0 0.033 11.665 0.011 11.673 12.376 0.00199999999999999 12.374 12.28 0 12.278
0.029 0 0.028 0.034 0 0.034 11.249 0.011 11.257 12.046 0.001 12.045 11.999 0 11.996
0.027 0 0.027 0.03 0 0.029 11.455 0.004 11.457 12.212 0 12.209 12.147 0 12.144
0.03 0 0.03 0.035 0 0.034 10.835 0.007 10.84 11.64 0 11.636 11.667 0 11.665
0.025 0.001 0.027 0.03 0 0.03 11.187 0.013 11.196 12.046 0 12.044 11.974 0 11.972
0.027 0.002 0.029 0.037 0 0.036 11.126 0.013 11.136 11.894 0 11.892 11.839 0 11.837
0.028 0 0.028 0.033 0 0.034 10.699 0.006 10.701 11.537 0.00199999999999999 11.538 11.42 0 11.417
0.028 0.001 0.029 0.034 0 0.034 11.091 0.013 11.101 11.785 0 11.783 11.758 0 11.755
0.027 0.002 0.029 0.029 0.001 0.029 12.058 0.011 12.066 12.839 0 12.837 12.898 0 12.895
0.026 0.001 0.026 0.03 0 0.03 10.981 0.008 10.987 11.745 0 11.741 11.56 0 11.559
0.026 0 0.027 0.03 0.000999999999999994 0.03 10.842 0.00800000000000001 10.848 11.745 0 11.742 11.737 0 11.736
0.026 0.002 0.028 0.034 0 0.034 10.771 0.008 10.775 11.414 0.004 11.417 11.428 0 11.426
0.029 0 0.028 0.033 0.001 0.034 10.911 0.005 10.913 11.651 0 11.649 11.518 0 11.516
0.028 0 0.027 0.03 0 0.03 11.259 0.01 11.265 11.925 0 11.923 11.857 0 11.855
0.026 0.001 0.027 0.03 0 0.03 10.925 0.008 10.93 11.643 0 11.641 11.569 0 11.566
0.026 0.003 0.03 0.036 0 0.036 11.277 0.007 11.281 12.014 0 12.01 11.938 0 11.936
0.024 0.004 0.029 0.034 0.001 0.034 11.153 0.012 11.162 11.964 0.001 11.964 11.916 0 11.912
0.027 0.001 0.028 0.033 0.000999999999999994 0.034 11.046 0.00700000000000001 11.05 11.824 0 11.821 11.768 0 11.766
0.027 0.002 0.029 0.035 0 0.035 11.075 0.011 11.082 11.827 0 11.826 11.776 0 11.773
0.027 0.000999999999999994 0.029 0.035 0 0.034 11.123 0.011 11.131 11.829 0.001 11.828 11.778 0 11.775
0.024 0.004 0.028 0.035 0 0.035 10.874 0.00600000000000001 10.877 11.586 0 11.584 11.426 0 11.424
0.026 0.002 0.028 0.035 0 0.035 11.074 0.009 11.08 11.988 0.000999999999999994 11.987 11.943 0 11.94
0.025 0.004 0.029 0.034 0 0.034 11.561 0.008 11.565 12.444 0 12.443 12.23 0 12.226
0.023 0.005 0.029 0.033 0.001 0.034 10.463 0.013 10.473 11.11 0.001 11.109 11.022 0 11.02
0.028 0.001 0.029 0.034 0 0.034 10.889 0.01 10.895 11.722 0 11.719 11.646 0.001 11.646
0.027 0.001 0.029 0.035 0 0.034 10.845 0.01 10.852 11.643 0.001 11.643 11.526 0 11.523
0.029 0 0.03 0.036 0 0.036 11.185 0.007 11.189 11.947 0 11.945 11.875 0 11.874
0.023 0.004 0.027 0.03 0 0.03 10.912 0.009 10.919 11.702 0.004 11.702 11.629 0 11.627
0.025 0.003 0.027 0.029 0 0.03 10.616 0.007 10.619 11.278 0 11.277 11.224 0 11.221
0.028 0.001 0.028 0.033 0 0.034 10.842 0.01 10.848 11.589 0 11.586 11.607 0 11.604
0.026 0.001 0.027 0.03 0 0.031 10.999 0.011 11.006 11.834 0 11.833 11.843 0 11.841
0.028 0 0.028 0.034 0 0.034 10.988 0.014 10.999 11.672 0.001 11.67 11.472 0 11.474
0.025 0.00199999999999999 0.027 0.03 0 0.031 10.915 0.008 10.919 11.696 0 11.694 11.65 0 11.648
0.026 0.002 0.029 0.034 0 0.034 10.895 0.015 10.907 11.49 0.004 11.491 11.364 0 11.361
0.026 0.003 0.029 0.034 0 0.034 10.98 0.01 10.987 11.739 0 11.735 11.683 0 11.681
0.028 0.002 0.03 0.036 0 0.036 11.49 0.011 11.497 12.243 0.001 12.242 12.172 0 12.168
0.027 0 0.027 0.03 0 0.03 10.924 0.009 10.93 11.661 0 11.659 11.571 0 11.569
0.027 0 0.028 0.029 0 0.029 10.341 0.006 10.345 11.096 0 11.094 11.03 0 11.026
0.023 0.004 0.027 0.03 0 0.03 11.005 0.012 11.014 11.794 0 11.792 11.721 0 11.718
0.027 0.001 0.029 0.034 0 0.033 11.008 0.012 11.022 11.689 0.003 11.692 11.782 0 11.782
0.027 0.002 0.029 0.034 0 0.034 10.934 0.005 10.936 11.603 0.001 11.602 11.648 0 11.646
0.029 0.001 0.03 0.034 0 0.034 11.321 0.009 11.326 12.161 0 12.159 12.053 0 12.05
0.026 0.003 0.028 0.034 0 0.035 11.017 0.013 11.026 11.677 0.004 11.679 11.636 0 11.634
0.028 0.002 0.029 0.036 0 0.036 11.209 0.007 11.213 12.022 0 12.02 11.988 0 11.986
0.025 0.000999999999999994 0.026 0.03 0 0.03 10.28 0.007 10.284 10.959 0.001 10.958 10.922 0 10.919
0.027 0.002 0.029 0.036 0 0.036 11.271 0.012 11.279 12.074 0.001 12.072 12.076 0 12.074
0.027 0 0.027 0.03 0 0.03 11.282 0.008 11.286 11.969 0.002 11.969 11.953 0 11.95
0.029 0 0.029 0.034 0 0.034 11.518 0.005 11.519 12.229 0 12.227 12.211 0 12.207
0.026 0.000999999999999994 0.027 0.029 0 0.03 10.281 0.01 10.288 11.028 0 11.027 11.503 0 11.501
0.029 0.001 0.03 0.04 0 0.04 11.031 0.006 11.034 11.68 0 11.677 11.754 0.001 11.752
0.027 0.002 0.029 0.034 0 0.033 10.786 0.011 10.795 11.544 0.001 11.543 11.452 0 11.45
0.024 0.004 0.029 0.035 0 0.034 10.923 0.00700000000000001 10.928 11.565 0.000999999999999994 11.563 11.62 0 11.618
0.025 0.003 0.028 0.034 0 0.034 10.884 0.011 10.892 11.802 0.000999999999999994 11.801 11.634 0 11.631
0.028 0.001 0.029 0.034 0 0.034 11.216 0.013 11.226 11.89 0.001 11.889 11.956 0 11.953
0.026 0.002 0.028 0.034 0 0.035 11.395 0.005 11.396 12.071 0 12.069 11.968 0 11.965
0.028 0 0.028 0.038 0 0.038 11.072 0.012 11.081 11.829 0 11.827 11.742 0 11.739
0.028 0.000999999999999994 0.029 0.034 0 0.034 11.095 0.011 11.103 11.818 0 11.815 11.756 0 11.755
0.026 0.002 0.029 0.034 0 0.034 10.907 0.008 10.911 11.161 0 11.159 11.075 0 11.073
0.025 0.003 0.029 0.034 0 0.034 11.027 0.00700000000000001 11.031 11.841 0 11.838 11.654 0 11.652
0.027 0.001 0.029 0.038 0 0.038 11.041 0.006 11.044 11.612 0 11.609 11.515 0 11.513
0.026 0.001 0.027 0.029 0 0.029 10.313 0.006 10.315 10.99 0 10.989 10.912 0 10.909
0.028 0.000999999999999994 0.028 0.035 0 0.036 11.32 0.016 11.332 12.127 0.001 12.126 12.005 0 12.003
0.028 0.000999999999999994 0.028 0.034 0 0.034 11.293 0.00600000000000001 11.296 11.932 0 11.931 11.872 0 11.868
0.028 0.001 0.029 0.034 0 0.033 11.231 0.011 11.24 12.006 0 12.003 11.936 0 11.935
0.028 0.000999999999999994 0.029 0.034 0 0.034 11.164 0.003 11.165 11.998 0 11.994 11.937 0 11.935
0.029 0 0.029 0.033 0.001 0.034 11.096 0.01 11.103 11.766 0 11.764 11.74 0 11.737
0.025 0.00199999999999999 0.027 0.03 0 0.029 10.415 0.012 10.425 11.094 0.001 11.092 11.029 0 11.027
0.027 0 0.027 0.029 0.000999999999999994 0.031 10.938 0.00600000000000001 10.94 11.731 0.001 11.729 11.582 0 11.58
0.027 0.001 0.028 0.034 0 0.035 11.019 0.011 11.027 11.771 0.002 11.77 11.645 0 11.643
0.029 0 0.029 0.038 0 0.038 10.921 0.008 10.926 11.628 0 11.626 11.547 0 11.545
0.025 0.003 0.028 0.034 0 0.035 11.066 0.006 11.068 11.707 0 11.704 11.775 0 11.773
0.027 0.001 0.028 0.034 0 0.034 10.832 0.011 10.84 11.653 0 11.651 11.573 0 11.57
0.025 0.001 0.027 0.03 0 0.03 11.217 0.01 11.223 12.054 0.001 12.053 12 0 11.997
0.028 0 0.029 0.035 0 0.034 11.102 0.008 11.107 11.886 0 11.885 11.713 0 11.71
0.026 0.001 0.027 0.029 0 0.03 10.367 0.011 10.375 11.063 0 11.061 10.97 0 10.967
0.025 0.003 0.028 0.036 0 0.036 11.356 0.006 11.359 12.161 0 12.158 12.061 0 12.059
0.027 0.000999999999999994 0.028 0.034 0 0.035 11.13 0.012 11.139 11.98 0 11.977 11.943 0 11.941
0.023 0.004 0.027 0.029 0.001 0.03 10.306 0.01 10.315 11.006 0.001 11.004 10.925 0 10.921
0.025 0.003 0.028 0.032 0.001 0.033 10.98 0.002 10.979 11.731 0.001 11.729 11.688 0 11.686
0.028 0.001 0.029 0.034 0 0.034 11.028 0.013 11.038 11.754 0 11.752 11.702 0 11.699
0.027 0.001 0.027 0.029 0 0.029 10.522 0.006 10.526 11.244 0.002 11.243 11.159 0 11.157
0.026 0.002 0.028 0.035 0 0.034 10.778 0.009 10.785 11.286 0 11.284 11.273 0 11.272
0.029 0 0.028 0.034 0 0.034 11.486 0.008 11.492 12.138 0.001 12.136 12.223 0 12.22
0.025 0.004 0.03 0.035 0.001 0.036 11.283 0.012 11.291 12.025 0.002 12.026 11.983 0 11.981
0.026 0.000999999999999994 0.026 0.03 0 0.03 10.942 0.00800000000000001 10.947 11.738 0 11.736 11.701 0 11.698
0.025 0.004 0.029 0.027 0.001 0.028 11.228 0.007 11.232 11.986 0 11.984 12.79 0 12.788
0.026 0.002 0.028 0.034 0 0.034 10.872 0.01 10.879 11.453 0.000999999999999994 11.451 11.501 0 11.498
0.024 0.005 0.029 0.034 0 0.034 10.911 0.014 10.922 11.763 0 11.76 11.84 0 11.838
0.026 0.003 0.028 0.034 0 0.035 11.011 0.009 11.017 11.684 0.00199999999999999 11.683 11.63 0 11.628
0.029 0 0.028 0.032 0.001 0.034 10.818 0.006 10.821 11.62 0 11.618 11.744 0 11.742
0.031 0 0.031 0.032 0 0.032 12.074 0.007 12.078 12.754 0 12.752 12.752 0 12.748
0.028 0.002 0.031 0.033 0 0.032 11.97 0.012 11.979 12.784 0 12.782 12.749 0 12.745
0.028 0 0.027 0.03 0 0.03 10.933 0.005 10.935 11.536 0.001 11.536 11.785 0 11.782
0.027 0 0.028 0.031 0 0.031 10.95 0.006 10.953 11.832 0 11.83 11.728 0 11.726
0.026 0.001 0.027 0.031 0 0.031 10.555 0.008 10.561 11.241 0.001 11.239 11.14 0 11.139
0.028 0.001 0.028 0.038 0 0.037 11.739 0.01 11.747 12.423 0 12.421 12.313 0 12.31
0.028 0.001 0.029 0.037 0 0.037 11.12 0.006 11.123 11.848 0.002 11.848 11.819 0 11.816
0.029 0 0.028 0.033 0.001 0.034 10.945 0.01 10.952 10.869 0.000999999999999994 10.868 10.788 0 10.786
0.028 0.001 0.029 0.035 0 0.034 10.953 0.008 10.959 11.706 0 11.704 11.482 0 11.478
0.028 0 0.029 0.034 0 0.033 10.912 0.01 10.919 11.712 0 11.711 11.622 0 11.62
0.025 0.002 0.027 0.029 0 0.03 10.483 0.01 10.489 11.907 0.001 11.907 11.849 0 11.846
0.027 0.001 0.029 0.034 0 0.034 11.068 0.006 11.07 11.901 0 11.897 11.095 0 11.093
0.024 0.003 0.027 0.03 0 0.029 10.226 0.011 10.235 10.916 0.001 10.914 10.885 0 10.882
0.029 0 0.029 0.036 0 0.036 11.267 0.011 11.276 12.025 0 12.022 11.941 0 11.939
0.029 0 0.029 0.035 0 0.035 11.088 0.016 11.102 11.724 0 11.722 11.558 0 11.556
0.027 0 0.028 0.031 0 0.03 10.865 0.013 10.876 11.524 0 11.522 11.489 0 11.487
0.029 0 0.028 0.033 0.001 0.034 11.019 0.007 11.024 11.805 0 11.802 11.744 0 11.743
0.026 0.001 0.027 0.03 0 0.03 10.33 0.014 10.341 11.075 0.002 11.075 11.003 0 11
0.026 0.001 0.027 0.03 0 0.03 11.407 0.006 11.409 12.228 0.001 12.227 12.102 0 12.099
0.025 0.00199999999999999 0.027 0.031 0 0.03 10.836 0.009 10.843 11.741 0 11.739 11.69 0 11.688
0.028 0.001 0.028 0.034 0 0.035 10.962 0.011 10.97 11.727 0.00199999999999999 11.726 11.519 0 11.517
0.025 0.002 0.027 0.03 0 0.03 11.118 0.01 11.126 11.798 0 11.795 11.757 0 11.754
0.028 0.000999999999999994 0.029 0.034 0 0.034 10.907 0.009 10.913 11.615 0 11.612 11.473 0 11.472
0.026 0.002 0.029 0.034 0 0.034 10.959 0.009 10.965 11.73 0 11.728 11.656 0 11.654
0.025 0.00199999999999999 0.027 0.03 0.001 0.03 11.086 0.009 11.093 11.895 0 11.892 11.78 0 11.777
0.027 0 0.027 0.03 0 0.03 10.224 0.01 10.23 10.858 0 10.856 10.798 0 10.794
0.028 0.001 0.029 0.034 0 0.034 11.027 0.007 11.031 11.758 0 11.755 11.642 0 11.64
0.026 0.003 0.029 0.033 0 0.034 11.137 0.012 11.146 11.981 0 11.978 11.891 0 11.888
0.026 0.00199999999999999 0.027 0.029 0 0.03 10.235 0.011 10.243 10.929 0.001 10.928 10.883 0 10.88
0.028 0 0.028 0.029 0 0.029 10.493 0.01 10.5 11.22 0 11.218 11.159 0 11.156
0.025 0.002 0.027 0.03 0 0.031 10.977 0.01 10.983 11.827 0 11.825 11.816 0 11.813
0.029 0 0.029 0.034 0 0.034 11.122 0.009 11.128 11.896 0 11.894 11.904 0 11.902
0.024 0.004 0.028 0.034 0 0.034 11.349 0.007 11.353 12.147 0.001 12.144 11.992 0 11.991
0.027 0.001 0.028 0.037 0 0.037 10.924 0.007 10.929 11.717 0 11.713 11.7 0 11.699
0.027 0 0.027 0.03 0 0.03 10.243 0.008 10.249 11.051 0 11.047 11.049 0 11.047
0.026 0.003 0.029 0.036 0 0.036 11.246 0.011 11.254 11.972 0 11.97 11.896 0 11.894
0.026 0.002 0.029 0.033 0.001 0.034 11.028 0.005 11.03 11.94 0 11.938 11.691 0 11.688
0.026 0.003 0.029 0.034 0 0.034 10.966 0.008 10.971 11.742 0 11.74 11.478 0 11.475
0.026 0.001 0.027 0.03 0 0.03 10.364 0.008 10.37 11.058 0 11.056 11.028 0 11.025
0.024 0.004 0.029 0.034 0 0.034 10.827 0.009 10.832 11.599 0.001 11.599 11.551 0 11.548
0.027 0 0.027 0.03 0 0.03 10.285 0.008 10.291 11.02 0.004 11.022 11.468 0 11.468
0.027 0.002 0.029 0.033 0 0.034 10.985 0.011 10.992 11.798 0.002 11.797 11.799 0 11.797
0.026 0.003 0.028 0.034 0 0.035 11.084 0.009 11.089 11.928 0.003 11.929 11.743 0 11.741
0.027 0.001 0.029 0.034 0 0.034 10.972 0.008 10.977 11.696 0.002 11.696 11.53 0 11.529
0.026 0.003 0.028 0.034 0 0.034 10.904 0.003 10.904 11.653 0.001 11.653 11.62 0 11.617
0.028 0.001 0.029 0.034 0 0.034 10.941 0.006 10.944 11.715 0 11.713 11.596 0 11.593
0.029 0 0.028 0.031 0.002 0.034 10.316 0.005 10.318 11.042 0 11.041 10.957 0 10.952
0.027 0.00199999999999999 0.029 0.034 0 0.034 10.994 0.009 11 11.628 0 11.626 11.5 0 11.498
0.025 0.004 0.029 0.034 0 0.034 11.104 0.009 11.11 11.838 0 11.835 11.711 0 11.71
0.026 0.00199999999999999 0.029 0.036 0 0.036 10.93 0.01 10.937 11.738 0 11.736 11.675 0 11.673
0.027 0.001 0.028 0.03 0 0.03 10.307 0.012 10.316 10.862 0.002 10.862 10.804 0 10.801
0.027 0.001 0.029 0.034 0 0.034 10.597 0.01 10.604 10.643 0 10.646 10.409 0 10.41
0.026 0.003 0.029 0.034 0 0.034 11.002 0.007 11.006 11.635 0 11.633 11.422 0 11.42
0.027 0.002 0.029 0.034 0 0.034 10.983 0.004 10.984 11.764 0.001 11.762 11.655 0 11.653
0.027 0 0.027 0.029 0 0.03 10.704 0.008 10.709 12.223 0.001 12.222 12.098 0 12.095
0.028 0.001 0.028 0.033 0 0.034 11.251 0.008 11.256 12.057 0 12.054 11.275 0 11.273
0.027 0 0.027 0.03 0 0.03 10.303 0.01 10.31 11.043 0.001 11.043 11.284 0 11.281
0.028 0.001 0.029 0.033 0 0.033 11.037 0.007 11.042 11.853 0 11.85 11.76 0 11.758
0.027 0.001 0.027 0.03 0 0.03 10.394 0.007 10.399 11.123 0 11.121 11.045 0 11.042
0.026 0.002 0.028 0.034 0 0.034 10.956 0.007 10.959 11.754 0 11.752 11.642 0 11.64
0.025 0.001 0.027 0.03 0 0.03 10.167 0.015 10.179 10.995 0 10.992 10.9 0 10.898
0.028 0 0.029 0.034 0 0.034 10.915 0.008 10.92 11.702 0 11.699 11.619 0.001 11.618
0.027 0.00199999999999999 0.029 0.034 0 0.034 11.54 0.00600000000000001 11.543 12.279 0.00199999999999999 12.278 11.973 0 11.973
0.028 0.001 0.029 0.035 0 0.034 11.167 0.013 11.177 11.95 0 11.948 11.795 0 11.793
0.027 0 0.027 0.029 0.000999999999999994 0.03 10.866 0.014 10.877 11.751 0 11.748 11.717 0 11.715
0.027 0.002 0.029 0.034 0 0.033 11.629 0.01 11.637 12.218 0 12.215 12.211 0 12.208
0.026 0.001 0.027 0.029 0.001 0.03 11.337 0.01 11.344 12.384 0 12.382 12.101 0 12.098
0.028 0.000999999999999994 0.028 0.034 0 0.035 10.536 0.009 10.541 11 0 10.999 10.943 0 10.939
0.025 0.00199999999999999 0.028 0.03 0 0.03 11.445 0.011 11.452 12.152 0 12.149 12.093 0 12.092
0.027 0.002 0.028 0.034 0 0.033 11.011 0.007 11.015 11.8 0.00199999999999999 11.799 11.67 0 11.668
0.025 0.003 0.028 0.034 0 0.034 11.002 0.00899999999999999 11.008 11.787 0 11.785 11.701 0 11.699
0.027 0 0.027 0.028 0.001 0.03 10.219 0.011 10.229 10.965 0 10.963 11.277 0 11.273
0.025 0.00199999999999999 0.027 0.03 0 0.029 10.603 0.008 10.61 11.281 0 11.277 11.386 0.001 11.385
0.026 0.00199999999999999 0.029 0.034 0 0.033 11.471 0.012 11.481 11.991 0.002 11.991 12.134 0 12.13
0.028 0.001 0.029 0.034 0 0.034 11.168 0.003 11.168 11.925 0 11.922 11.869 0 11.867
0.027 0.001 0.028 0.033 0 0.034 11.155 0.005 11.157 11.735 0 11.733 11.704 0 11.702
0.029 0 0.028 0.034 0 0.035 11.386 0.009 11.39 12.112 0.001 12.112 12.034 0 12.031
0.024 0.003 0.028 0.029 0 0.029 10.42 0.006 10.424 11.116 0 11.113 11.659 0 11.657
0.025 0.004 0.029 0.034 0 0.034 10.957 0.007 10.961 11.684 0 11.681 11.66 0 11.658
0.026 0.002 0.029 0.034 0 0.034 11.229 0.01 11.235 12.003 0 12 11.941 0 11.938
0.028 0 0.028 0.034 0 0.035 10.451 0.01 10.458 11.09 0 11.089 11 0 10.997
0.027 0.002 0.029 0.034 0 0.034 11.546 0.008 11.551 12.198 0.002 12.197 11.943 0 11.941
0.026 0.003 0.028 0.034 0 0.034 10.803 0.00600000000000001 10.807 11.463 0 11.461 11.516 0 11.513
0.028 0.001 0.029 0.034 0 0.034 10.943 0.011 10.951 11.702 0 11.7 11.752 0 11.749
0.026 0.00199999999999999 0.029 0.034 0.001 0.034 10.982 0.01 10.99 11.909 0 11.905 11.653 0 11.651
0.021 0.006 0.028 0.031 0 0.03 10.952 0.009 10.958 11.712 0.001 11.711 11.633 0 11.631
0.024 0.003 0.027 0.029 0.001 0.03 10.873 0.011 10.881 11.72 0 11.718 11.702 0 11.699
0.026 0.00199999999999999 0.029 0.035 0 0.035 10.988 0.014 10.999 11.181 0.000999999999999994 11.18 11.043 0 11.04
0.029 0.001 0.029 0.033 0 0.034 11.473 0.011 11.481 12.122 0.001 12.12 12.198 0 12.196
0.029 0 0.029 0.037 0 0.037 11.137 0.01 11.144 11.89 0 11.887 11.8 0 11.798
0.023 0.005 0.028 0.034 0 0.034 10.889 0.011 10.897 11.654 0 11.652 11.485 0 11.481
0.026 0.002 0.027 0.03 0 0.03 11.063 0.012 11.072 11.884 0 11.882 12.02 0 12.017
0.024 0.003 0.027 0.03 0 0.03 10.51 0.007 10.514 11.09 0.001 11.089 11.041 0 11.039
0.025 0.004 0.029 0.034 0 0.034 11.059 0.006 11.062 11.724 0 11.721 11.786 0 11.783
0.028 0.001 0.029 0.034 0 0.034 11.036 0.009 11.041 11.7 0.004 11.703 11.566 0 11.563
0.027 0.002 0.028 0.034 0 0.034 11.07 0.005 11.072 11.809 0 11.808 11.491 0 11.494
0.025 0.003 0.028 0.034 0 0.034 11.25 0.007 11.254 11.987 0 11.985 11.944 0 11.941
0.025 0.003 0.028 0.029 0 0.029 10.545 0.005 10.547 11.227 0 11.225 11.152 0 11.15
0.026 0.002 0.028 0.034 0 0.034 11.308 0.009 11.314 12.087 0.001 12.085 12.001 0 11.999
0.028 0 0.028 0.034 0 0.034 10.837 0.014 10.847 11.468 0.001 11.466 11.382 0 11.38
0.026 0.003 0.028 0.033 0 0.034 10.886 0.012 10.895 11.432 0 11.429 11.416 0 11.414
0.026 0.002 0.028 0.034 0 0.034 11.256 0.005 11.258 12.017 0 12.015 11.945 0 11.943
0.025 0.003 0.029 0.032 0 0.032 10.955 0.00799999999999999 10.96 11.774 0 11.771 11.768 0 11.767
0.029 0.000999999999999994 0.029 0.033 0 0.034 11.09 0.00600000000000001 11.093 12.064 0.002 12.064 11.284 0 11.282
0.027 0.00199999999999999 0.029 0.033 0 0.033 11.125 0.011 11.133 11.776 0.001 11.775 11.711 0.001 11.71
0.026 0 0.027 0.029 0.000999999999999994 0.03 10.905 0.00800000000000001 10.91 11.744 0 11.741 11.696 0 11.694
0.027 0 0.028 0.029 0.000999999999999994 0.03 10.436 0.018 10.452 11.099 0.001 11.098 11.037 0 11.035
0.026 0.002 0.029 0.033 0.001 0.033 11.113 0.014 11.125 11.856 0 11.853 11.825 0 11.823
0.024 0.002 0.026 0.03 0 0.03 10.291 0.005 10.293 10.979 0.002 10.979 10.931 0 10.928
0.027 0.002 0.028 0.033 0.001 0.034 11.05 0.007 11.054 11.664 0 11.662 11.549 0 11.546
0.026 0.001 0.027 0.03 0 0.03 10.841 0.007 10.846 11.621 0.001 11.619 11.591 0 11.588
0.031 0 0.031 0.032 0 0.033 12.048 0.01 12.054 12.878 0.001 12.876 12.703 0 12.701
0.028 0.001 0.029 0.033 0 0.033 11.235 0.01 11.242 12.367 0 12.364 11.928 0 11.926
0.027 0.000999999999999994 0.028 0.03 0 0.03 10.415 0.00800000000000001 10.421 11.119 0.003 11.119 11.031 0 11.028
0.024 0.003 0.027 0.029 0.001 0.031 10.759 0.011 10.766 11.559 0.001 11.558 11.434 0 11.431
0.027 0.002 0.029 0.034 0 0.034 11.261 0.007 11.265 11.935 0.000999999999999994 11.934 12.088 0 12.085
0.027 0.001 0.029 0.034 0 0.034 10.845 0.007 10.848 11.439 0.001 11.438 11.474 0 11.471
0.027 0.001 0.027 0.029 0 0.03 10.485 0.006 10.487 11.195 0 11.194 11.137 0 11.135
0.028 0 0.028 0.034 0 0.034 10.965 0.014 10.976 11.725 0.002 11.725 11.674 0 11.672
0.029 0.001 0.03 0.034 0 0.034 11.313 0.00899999999999999 11.32 11.913 0.001 11.91 11.848 0 11.846
0.027 0 0.027 0.03 0 0.03 10.373 0.013 10.383 11.057 0 11.055 11.023 0 11.019
0.029 0.001 0.03 0.03 0 0.03 11.957 0.01 11.964 12.848 0 12.845 12.842 0 12.838
0.029 0 0.028 0.033 0.001 0.035 10.872 0.01 10.878 11.46 0 11.458 11.419 0 11.417
0.027 0.002 0.029 0.034 0 0.034 11.077 0.008 11.082 11.689 0.003 11.69 11.788 0 11.786
0.027 0.00199999999999999 0.029 0.034 0 0.034 11.134 0.005 11.136 11.913 0.00199999999999999 11.913 11.783 0 11.78
0.024 0.002 0.027 0.03 0 0.03 10.231 0.008 10.237 10.866 0 10.864 10.796 0 10.793
0.025 0.00199999999999999 0.028 0.03 0 0.03 11.205 0.008 11.209 12.013 0 12.011 11.949 0 11.945
0.028 0.001 0.028 0.034 0 0.034 10.771 0.007 10.775 11.556 0.002 11.556 11.549 0 11.547
0.027 0 0.027 0.03 0 0.029 10.647 0.007 10.651 11.309 0 11.31 10.977 0 10.98
0.025 0.004 0.028 0.029 0 0.029 12.027 0.014 12.039 12.805 0 12.801 12.694 0 12.692
0.027 0.002 0.029 0.034 0 0.034 11.121 0.006 11.124 11.901 0 11.898 11.9 0 11.899
0.027 0.002 0.029 0.033 0 0.034 11.004 0.01 11.011 11.985 0.001 11.984 11.776 0 11.774
0.024 0.004 0.028 0.034 0 0.035 10.863 0.009 10.868 11.522 0.00199999999999999 11.521 11.49 0 11.488
0.028 0.001 0.029 0.034 0 0.034 11.1 0.006 11.103 11.848 0 11.847 11.626 0 11.623
0.024 0.004 0.029 0.035 0 0.034 11.017 0.009 11.023 11.769 0.001 11.769 11.631 0 11.628
0.027 0 0.028 0.029 0 0.029 10.7 0.012 10.709 11.462 0 11.46 11.488 0 11.486
0.027 0.001 0.029 0.034 0 0.034 10.971 0.008 10.976 11.745 0 11.743 11.642 0 11.638
0.028 0.001 0.029 0.034 0 0.034 11.503 0.01 11.51 12.238 0.002 12.238 12.143 0 12.14
0.025 0.003 0.029 0.034 0 0.034 10.843 0.00799999999999999 10.846 11.494 0.002 11.495 11.514 0 11.511
0.026 0.00199999999999999 0.029 0.035 0 0.034 11.062 0.009 11.069 11.676 0 11.673 11.713 0 11.711
0.028 0.001 0.029 0.034 0 0.034 11.146 0.011 11.154 11.932 0 11.93 11.911 0 11.909
0.029 0.001 0.03 0.034 0.000999999999999994 0.035 10.926 0.00800000000000001 10.931 11.598 0 11.596 11.553 0 11.551
0.027 0 0.027 0.029 0 0.03 10.288 0.006 10.29 11.013 0.001 11.013 10.935 0 10.931
0.026 0.002 0.029 0.033 0.001 0.034 10.84 0.012 10.848 11.387 0 11.385 11.398 0 11.396
0.028 0.001 0.029 0.034 0 0.034 10.948 0.011 10.956 11.678 0 11.676 11.728 0 11.726
0.026 0.003 0.028 0.034 0 0.034 10.919 0.013 10.93 11.666 0 11.664 11.586 0 11.584
0.028 0.00199999999999999 0.03 0.033 0 0.033 11.696 0.009 11.701 11.979 0 11.977 12.105 0 12.103
0.027 0 0.027 0.031 0 0.03 10.803 0.015 10.815 11.628 0 11.626 11.503 0 11.501
0.026 0.002 0.028 0.034 0 0.034 10.837 0.01 10.845 11.514 0.000999999999999994 11.512 11.581 0 11.578
0.026 0.002 0.029 0.034 0 0.034 10.971 0.009 10.976 11.737 0 11.735 11.718 0 11.716
0.027 0 0.027 0.03 0 0.03 10.34 0.007 10.345 11.046 0 11.043 10.998 0 10.994
0.028 0.001 0.029 0.035 0 0.034 11.071 0.00799999999999999 11.076 11.551 0.001 11.55 11.588 0 11.586
0.026 0.001 0.027 0.03 0 0.03 10.226 0.009 10.232 10.987 0 10.985 10.899 0 10.897
0.029 0 0.028 0.033 0 0.034 11.261 0.00899999999999999 11.267 12.016 0 12.014 11.748 0 11.746
0.027 0.00199999999999999 0.029 0.033 0 0.034 11.182 0.009 11.187 11.881 0.001 11.88 11.893 0 11.891
0.027 0.002 0.029 0.034 0 0.034 11.193 0.01 11.2 11.897 0.002 11.897 11.975 0 11.973
0.027 0.00199999999999999 0.028 0.034 0 0.035 11.183 0.00600000000000001 11.186 11.959 0 11.956 11.865 0 11.863
0.025 0.003 0.028 0.033 0.001 0.034 11.032 0.008 11.037 11.69 0.001 11.689 11.615 0 11.613
0.024 0.004 0.029 0.034 0 0.034 11.081 0.008 11.085 11.887 0 11.885 11.789 0 11.788
0.029 0 0.029 0.034 0 0.034 10.959 0.008 10.964 12.099 0 12.096 11.694 0 11.693
0.027 0.001 0.028 0.033 0.001 0.034 10.83 0.014 10.841 11.565 0 11.563 11.468 0 11.465
0.027 0 0.027 0.031 0 0.03 10.969 0.011 10.978 11.782 0 11.78 11.663 0 11.66
0.026 0.002 0.029 0.035 0 0.034 11.105 0.009 11.111 11.891 0.001 11.89 11.811 0.001 11.81
0.025 0.002 0.026 0.03 0 0.03 10.387 0.011 10.396 11.057 0 11.055 11.028 0 11.024
0.023 0.005 0.029 0.035 0 0.034 10.962 0.009 10.969 11.69 0.001 11.688 11.674 0 11.672
0.026 0.003 0.029 0.034 0 0.034 10.907 0.012 10.916 11.506 0.001 11.504 11.38 0 11.378
0.026 0.001 0.027 0.03 0 0.03 10.329 0.011 10.337 10.986 0.001 10.986 10.94 0 10.937
0.029 0 0.028 0.034 0 0.034 10.951 0.011 10.959 11.754 0 11.753 11.648 0 11.646
0.025 0.003 0.028 0.034 0 0.034 10.972 0.005 10.974 11.771 0 11.769 11.739 0 11.737
0.022 0.005 0.027 0.029 0.001 0.031 10.93 0.009 10.936 11.691 0 11.689 11.673 0 11.671
0.027 0.001 0.027 0.03 0 0.03 10.967 0.007 10.972 11.904 0.001 11.901 11.849 0 11.847
0.027 0.003 0.03 0.034 0 0.034 11.277 0.015 11.29 11.946 0 11.944 11.692 0 11.689
0.027 0.001 0.028 0.034 0 0.034 11.016 0.006 11.018 11.564 0 11.562 11.578 0 11.575
0.026 0.002 0.028 0.034 0.001 0.035 10.756 0.007 10.76 11.298 0.001 11.297 11.311 0 11.309
0.024 0.003 0.027 0.03 0 0.03 11.024 0.015 11.036 11.766 0.001 11.765 11.7 0 11.698
0.027 0 0.027 0.03 0 0.03 10.752 0.007 10.756 11.484 0 11.481 11.418 0 11.416
0.027 0.000999999999999994 0.028 0.037 0 0.037 11.185 0.015 11.197 11.929 0.003 11.93 11.894 0 11.891
0.028 0.001 0.029 0.035 0 0.036 11.242 0.006 11.244 11.966 0 11.964 11.928 0 11.925
0.026 0.002 0.029 0.034 0 0.034 10.985 0.006 10.987 11.643 0 11.64 11.667 0 11.665
0.027 0.002 0.029 0.034 0 0.034 11.269 0.00799999999999999 11.273 11.999 0.003 12 11.828 0 11.825
0.028 0.001 0.029 0.034 0 0.035 11.005 0.00799999999999999 11.009 11.795 0 11.794 11.712 0 11.71
0.029 0 0.029 0.034 0 0.034 10.979 0.011 10.988 11.567 0 11.572 11.32 0 11.323
0.024 0.005 0.029 0.033 0 0.034 11.545 0.00600000000000001 11.548 12.259 0 12.256 12.068 0 12.066
0.025 0.00199999999999999 0.027 0.03 0 0.029 10.485 0.012 10.495 11.078 0 11.076 11.005 0 11.001
0.026 0.002 0.028 0.031 0 0.031 10.906 0.00799999999999999 10.911 11.66 0.001 11.659 11.69 0 11.687
0.028 0 0.029 0.034 0 0.034 11.114 0.007 11.117 11.806 0.000999999999999994 11.805 11.801 0 11.799
0.027 0.002 0.029 0.034 0 0.034 10.833 0.01 10.84 11.564 0.001 11.563 11.574 0 11.572
0.028 0.001 0.029 0.034 0 0.034 11.114 0.011 11.123 11.74 0 11.737 11.767 0 11.766
0.029 0 0.028 0.033 0.001 0.035 10.922 0.01 10.929 11.51 0.001 11.508 11.415 0 11.413
0.027 0 0.027 0.03 0 0.03 11.012 0.007 11.016 11.855 0 11.852 11.767 0 11.765
0.026 0.001 0.027 0.031 0 0.03 10.841 0.012 10.858 11.639 0.002 11.642 11.587 0.002 11.591
0.028 0.002 0.03 0.029 0.004 0.033 12.567 0.009 12.573 13.325 0.003 13.325 13.301 0 13.299
0.025 0.001 0.027 0.03 0 0.03 10.936 0.012 10.944 11.695 0.001 11.695 11.524 0 11.522
0.038 0.003 0.041 0.048 0 0.048 15.375 0.014 15.408 16.501 0.001 16.521 16.28 0 16.3
0.024 0.002 0.026 0.03 0 0.03 10.282 0.007 10.286 10.863 0.004 10.865 10.834 0 10.831
0.025 0.003 0.028 0.034 0 0.034 10.94 0.006 10.943 11.618 0 11.619 11.327 0 11.329
0.027 0 0.027 0.029 0.001 0.03 11.027 0.009 11.033 11.418 0 11.417 11.64 0 11.636
0.028 0.001 0.029 0.033 0.001 0.034 10.947 0.009 10.953 11.66 0 11.658 11.63 0 11.628
0.027 0.002 0.029 0.034 0 0.034 11.214 0.009 11.22 12.033 0.001 12.032 11.745 0 11.743
0.027 0.000999999999999997 0.028 0.034 0 0.034 10.971 0.017 10.984 11.631 0 11.634 11.269 0 11.271
0.027 0.002 0.029 0.033 0.001 0.034 11.568 0.006 11.571 12.212 0 12.21 12.181 0 12.178
0.026 0.003 0.028 0.031 0 0.031 11.173 0.002 11.173 11.896 0 11.892 11.932 0 11.93
0.027 0 0.027 0.03 0 0.03 10.923 0.01 10.93 11.71 0 11.708 11.707 0 11.704
0.024 0.003 0.027 0.03 0 0.03 10.303 0.008 10.308 11.002 0 11 10.936 0 10.932
0.028 0.000999999999999994 0.029 0.033 0 0.033 11.248 0.011 11.256 12.015 0 12.013 11.85 0 11.848
0.026 0.002 0.028 0.034 0.001 0.036 10.845 0.007 10.848 11.454 0.002 11.455 11.366 0 11.363
0.028 0.001 0.029 0.034 0 0.034 11.016 0.01 11.023 11.824 0.001 11.823 11.645 0 11.643
0.029 0 0.029 0.034 0 0.034 10.911 0.007 10.915 11.584 0.000999999999999994 11.583 11.634 0 11.632
0.027 0.002 0.029 0.034 0 0.034 10.985 0.008 10.989 11.611 0 11.609 11.615 0 11.613
0.026 0.001 0.027 0.03 0 0.03 11.115 0.00899999999999999 11.121 11.855 0 11.853 11.792 0 11.79
0.028 0.002 0.03 0.034 0 0.034 11.867 0.01 11.874 12.602 0 12.599 12.578 0 12.577
0.026 0.001 0.027 0.029 0.001 0.03 10.311 0.013 10.321 10.982 0 10.981 10.911 0 10.907
0.027 0.001 0.029 0.035 0 0.034 10.968 0.009 10.975 11.714 0 11.71 11.701 0 11.699
0.043 0.002 0.045 0.046 0 0.047 16.864 0.012 16.895 18.357 0 18.379 18.151 0 18.174
0.026 0.001 0.026 0.03 0 0.03 10.448 0.007 10.453 11.111 0 11.109 11.007 0 11.004
0.027 0.002 0.029 0.033 0 0.034 11.223 0.014 11.233 11.924 0 11.921 11.846 0 11.843
0.027 0.002 0.029 0.034 0 0.034 11.231 0.009 11.237 11.778 0 11.776 11.697 0 11.695
0.028 0 0.029 0.035 0 0.034 10.996 0.009 11.003 11.732 0.001 11.731 11.624 0 11.621
0.024 0.005 0.029 0.034 0 0.034 11.238 0.006 11.241 12.013 0 12.012 12.023 0 12.019
0.027 0.002 0.028 0.034 0 0.034 10.889 0.011 10.897 11.589 0 11.587 11.486 0 11.483
0.027 0.002 0.029 0.033 0.000999999999999994 0.034 10.987 0.008 10.992 11.723 0 11.72 11.649 0 11.647
0.027 0.001 0.029 0.029 0 0.028 11.85 0.007 11.854 12.856 0 12.854 12.813 0 12.81
0.025 0.002 0.027 0.03 0 0.03 10.418 0.009 10.424 11.199 0.001 11.198 11.138 0 11.137
0.027 0.001 0.029 0.035 0 0.034 10.937 0.01 10.945 11.754 0.001 11.752 11.635 0 11.633
0.025 0.003 0.028 0.034 0 0.034 10.999 0.002 10.998 11.679 0 11.677 11.687 0 11.683
0.028 0.001 0.029 0.034 0 0.034 11.687 0.009 11.693 12.044 0.001 12.043 12.267 0 12.264
0.026 0.001 0.027 0.03 0 0.03 11.035 0.00700000000000001 11.039 11.819 0 11.817 11.738 0 11.735
0.025 0.003 0.029 0.034 0 0.034 11.177 0.005 11.179 11.891 0 11.889 11.944 0 11.942
0.026 0.001 0.027 0.03 0 0.03 10.927 0.007 10.932 12.363 0.002 12.363 12.294 0 12.29
0.025 0.003 0.028 0.03 0 0.03 11.103 0.008 11.108 11.612 0.002 11.612 11.983 0 11.981
0.027 0 0.028 0.03 0 0.03 10.873 0.01 10.88 11.95 0.000999999999999994 11.947 12.467 0 12.465
0.026 0.001 0.027 0.031 0 0.031 11.013 0.014 11.024 11.824 0 11.821 11.681 0 11.678
0.026 0.001 0.027 0.03 0 0.03 11.224 0.004 11.225 11.973 0.00199999999999999 11.972 11.85 0.001 11.849
0.026 0.001 0.027 0.03 0 0.03 10.889 0.005 10.89 11.726 0 11.724 11.666 0 11.664
0.026 0.001 0.027 0.029 0.001 0.03 10.351 0.011 10.36 11.08 0.001 11.079 11.004 0 11.001
0.027 0 0.027 0.03 0 0.03 10.889 0.011 10.897 11.599 0 11.596 11.453 0 11.451
0.039 0.002 0.041 0.047 0 0.047 15.534 0.01 15.563 16.414 0.002 16.435 16.562 0 16.583
0.025 0.001 0.026 0.031 0 0.031 10.491 0.013 10.501 11.17 0 11.168 11.117 0 11.115
0.025 0.003 0.029 0.035 0 0.034 10.877 0.011 10.885 11.596 0 11.594 11.556 0 11.553
0.026 0.003 0.029 0.034 0 0.034 11.081 0.009 11.088 11.855 0.001 11.853 11.685 0 11.682
0.03 0.001 0.03 0.032 0 0.033 12.191 0.007 12.194 12.385 0 12.382 11.911 0.001 11.91
0.027 0.002 0.029 0.034 0 0.034 11.457 0.012 11.466 12.248 0 12.245 12.281 0 12.28
0.027 0.001 0.029 0.034 0 0.034 10.976 0.009 10.982 11.739 0 11.737 11.577 0 11.574
0.027 0.002 0.029 0.033 0.001 0.034 11.065 0.011 11.073 11.696 0.003 11.696 11.679 0 11.677
0.025 0.00199999999999999 0.027 0.03 0 0.031 10.396 0.009 10.401 11.071 0.001 11.071 10.981 0 10.978
0.027 0.001 0.028 0.035 0 0.034 10.855 0.00799999999999999 10.861 11.464 0.001 11.462 11.509 0 11.507
0.026 0.003 0.028 0.033 0.001 0.034 10.805 0.009 10.812 11.514 0 11.511 11.424 0 11.422
0.027 0.00199999999999999 0.028 0.033 0 0.033 11.186 0.009 11.192 11.543 0 11.542 11.856 0 11.853
0.027 0.003 0.029 0.034 0 0.035 11.081 0.01 11.088 11.777 0.003 11.777 11.757 0 11.755
0.028 0 0.027 0.03 0 0.03 10.968 0.004 10.97 11.821 0 11.819 11.766 0 11.762
0.026 0.002 0.028 0.034 0 0.034 10.725 0.011 10.733 11.541 0 11.539 11.424 0 11.422
0.027 0 0.027 0.028 0.00199999999999999 0.03 10.398 0.009 10.405 11.164 0 11.162 11.094 0 11.092
0.026 0.002 0.028 0.034 0 0.034 11.035 0.011 11.043 11.765 0.002 11.765 11.635 0 11.632
0.041 0 0.041 0.047 0 0.048 15.614 0.00900000000000001 15.641 16.585 0.001 16.607 16.605 0 16.625
0.028 0.001 0.028 0.033 0 0.034 11.035 0.012 11.044 11.476 0 11.474 11.601 0 11.598
0.027 0 0.027 0.03 0 0.03 10.532 0.009 10.538 11.277 0.001 11.276 11.209 0 11.207
0.027 0.001 0.028 0.033 0 0.034 10.885 0.009 10.891 11.581 0 11.579 11.6 0 11.597
0.027 0.00199999999999999 0.029 0.033 0 0.033 11.188 0.005 11.19 12.012 0 12.011 11.952 0 11.949
0.026 0.003 0.029 0.033 0.001 0.034 10.992 0.008 10.998 11.715 0 11.713 11.606 0 11.603
0.027 0.00199999999999999 0.029 0.033 0.001 0.034 11.479 0.00700000000000001 11.483 12.224 0 12.222 12.032 0 12.029
0.025 0.002 0.027 0.03 0 0.03 10.586 0.011 10.593 11.323 0 11.322 11.225 0 11.222
0.028 0.001 0.029 0.033 0 0.034 11.163 0.011 11.171 11.866 0 11.862 11.743 0 11.742
0.024 0.004 0.029 0.034 0 0.034 10.898 0.01 10.904 11.658 0 11.655 11.589 0 11.588
0.026 0.002 0.028 0.035 0 0.035 10.976 0.014 10.987 11.706 0 11.704 11.54 0 11.538
0.024 0.005 0.029 0.034 0 0.034 11.299 0.01 11.306 12.511 0 12.508 12.075 0 12.072
0.027 0.001 0.028 0.035 0 0.034 10.925 0.01 10.933 11.695 0 11.692 11.646 0.00199999999999999 11.646
0.026 0.001 0.027 0.028 0.002 0.031 10.857 0.008 10.861 11.729 0 11.727 11.586 0 11.583
0.028 0.001 0.029 0.033 0.001 0.034 10.976 0.006 10.979 11.632 0 11.63 11.693 0 11.69
0.026 0.00199999999999999 0.028 0.034 0 0.034 11.397 0.01 11.404 11.975 0 11.972 11.864 0 11.862
0.027 0 0.027 0.03 0 0.03 10.368 0.026 10.397 11.03 0.005 11.035 10.941 0 10.942
0.028 0.001 0.029 0.035 0 0.035 11.01 0.009 11.016 11.754 0 11.752 11.611 0.000999999999999994 11.609
0.039 0.003 0.041 0.049 0 0.049 15.486 0.00799999999999999 15.513 16.4 0.001 16.421 16.413 0 16.433
0.026 0.004 0.03 0.033 0 0.033 10.942 0.007 10.947 11.827 0 11.824 11.774 0 11.771
0.025 0.003 0.028 0.031 0 0.031 11.194 0.00800000000000001 11.199 11.673 0 11.67 11.978 0 11.976
0.026 0.001 0.028 0.03 0 0.03 10.821 0.026 10.846 11.7 0.001 11.705 11.518 0.005 11.524
0.029 0 0.029 0.033 0.001 0.034 11.424 0.005 11.426 12.214 0 12.212 12.113 0 12.11
0.025 0.00199999999999999 0.027 0.03 0 0.031 10.912 0.007 10.916 11.711 0 11.708 11.64 0 11.638
0.028 0.001 0.029 0.035 0 0.034 11.023 0.00899999999999999 11.03 11.663 0 11.661 11.647 0 11.643
0.026 0.001 0.027 0.03 0 0.031 10.885 0.012 10.893 11.686 0 11.685 11.668 0 11.665
0.024 0.003 0.027 0.03 0 0.03 10.265 0.015 10.278 10.982 0.002 10.982 10.876 0 10.873
0.028 0.001 0.029 0.034 0 0.034 10.788 0.008 10.793 11.53 0.001 11.528 11.572 0 11.57
0.027 0.000999999999999994 0.028 0.034 0 0.034 11.021 0.003 11.022 11.746 0 11.743 11.632 0 11.629
0.027 0.002 0.029 0.033 0 0.034 11.057 0.012 11.066 11.846 0.002 11.846 11.746 0 11.743
0.025 0.004 0.029 0.033 0.000999999999999994 0.034 10.687 0.007 10.693 11.803 0.002 11.802 11.374 0 11.372
0.026 0.004 0.029 0.034 0 0.034 10.851 0.008 10.857 11.917 0 11.914 11.764 0 11.762
0.026 0.003 0.028 0.034 0 0.034 11.188 0.015 11.2 11.665 0 11.663 11.851 0 11.848
0.029 0.002 0.032 0.032 0 0.032 12.134 0.01 12.141 12.848 0 12.845 12.82 0 12.817
0.028 0.001 0.03 0.034 0 0.033 11.059 0.009 11.065 11.746 0.001 11.745 11.592 0 11.591
0.028 0.00199999999999999 0.03 0.033 0 0.033 12.065 0.008 12.07 12.75 0 12.747 12.787 0 12.785
0.025 0.00199999999999999 0.027 0.029 0 0.029 10.379 0.014 10.39 11.097 0 11.095 11.054 0 11.051
0.028 0.001 0.029 0.034 0 0.033 11.041 0.009 11.048 11.856 0 11.852 11.694 0 11.692
0.028 0.001 0.029 0.033 0.001 0.034 10.956 0.012 10.964 11.63 0 11.629 11.639 0 11.636
0.026 0.00199999999999999 0.029 0.033 0.001 0.034 11.139 0.005 11.14 11.965 0 11.963 11.895 0 11.894
0.036 0.005 0.042 0.049 0 0.049 15.4 0.013 15.431 16.29 0.001 16.31 16.35 0 16.37
0.026 0.002 0.029 0.035 0 0.034 11.154 0.009 11.161 11.913 0 11.91 11.186 0 11.185
0.026 0.000999999999999994 0.027 0.03 0 0.03 10.935 0.01 10.943 11.749 0 11.747 11.687 0 11.684
0.024 0.004 0.029 0.034 0 0.034 11.097 0.009 11.103 11.717 0.000999999999999994 11.715 11.667 0 11.666
0.026 0.001 0.027 0.03 0 0.03 11.032 0.011 11.041 11.831 0.001 11.828 11.784 0 11.783
0.028 0.000999999999999994 0.029 0.033 0 0.033 11.026 0.01 11.033 11.656 0 11.654 11.778 0 11.775
0.026 0.001 0.027 0.029 0 0.029 10.48 0.01 10.488 11.152 0 11.149 11.083 0 11.081
0.027 0.00199999999999999 0.029 0.034 0 0.034 10.97 0.004 10.971 11.696 0 11.693 11.535 0 11.533
0.027 0.002 0.029 0.033 0.001 0.034 11.055 0.009 11.061 11.714 0.00199999999999999 11.714 11.64 0 11.639
0.028 0.001 0.028 0.034 0 0.034 10.949 0.009 10.955 11.728 0 11.726 11.706 0 11.703
0.026 0.002 0.028 0.035 0 0.035 10.958 0.004 10.959 11.294 0.004 11.296 11.56 0 11.558
0.024 0.003 0.027 0.03 0 0.03 10.538 0.004 10.539 11.931 0.000999999999999994 11.93 11.843 0 11.84
0.031 0 0.03 0.032 0 0.033 12.139 0.00899999999999999 12.145 12.631 0 12.628 12.73 0 12.729
0.027 0.002 0.029 0.033 0 0.033 11.155 0.005 11.157 11.912 0.002 11.91 11.741 0 11.74
0.026 0.00199999999999999 0.027 0.029 0 0.03 10.563 0.00700000000000001 10.566 11.23 0 11.228 11.149 0 11.147
0.027 0.002 0.028 0.034 0 0.034 10.88 0.005 10.883 11.628 0 11.624 11.572 0 11.57
0.029 0.000999999999999994 0.03 0.038 0 0.038 10.973 0.009 10.979 11.568 0 11.565 11.577 0 11.575
0.03 0.001 0.031 0.032 0 0.032 12.012 0.008 12.017 12.747 0 12.751 12.419 0 12.421
0.036 0.004 0.042 0.047 0 0.047 15.506 0.00899999999999999 15.532 16.452 0 16.473 16.39 0 16.41
0.028 0.001 0.028 0.033 0.001 0.034 10.873 0.011 10.881 11.774 0 11.773 11.528 0 11.524
0.026 0.001 0.026 0.029 0.001 0.031 10.814 0.009 10.82 11.608 0 11.605 11.457 0 11.455
0.024 0.003 0.027 0.03 0 0.03 11 0.008 11.004 11.827 0 11.825 11.765 0 11.763
0.026 0.002 0.029 0.035 0 0.034 10.921 0.012 10.931 11.688 0 11.684 11.569 0 11.567
0.028 0.000999999999999994 0.029 0.034 0 0.033 11.262 0.014 11.273 11.887 0 11.886 11.749 0 11.746
0.026 0.002 0.027 0.029 0 0.03 10.443 0.008 10.448 11.175 0.001 11.174 11.092 0 11.09
0.026 0.003 0.029 0.033 0 0.034 11.115 0.009 11.12 11.841 0 11.838 11.665 0 11.664
0.027 0.002 0.029 0.033 0.001 0.034 10.898 0.007 10.902 11.634 0.004 11.635 11.595 0 11.593
0.029 0 0.029 0.034 0 0.034 11.054 0.007 11.059 11.793 0 11.791 11.774 0 11.771
0.024 0.005 0.028 0.033 0.001 0.035 11.22 0.013 11.23 11.678 0 11.676 11.862 0 11.86
0.026 0.00199999999999999 0.028 0.033 0.001 0.034 10.925 0.009 10.931 11.669 0 11.666 11.67 0 11.668
0.026 0.002 0.028 0.03 0 0.03 11.081 0.009 11.087 11.536 0.001 11.534 11.846 0 11.844
0.026 0.004 0.029 0.034 0 0.034 11.282 0.01 11.289 12.023 0.001 12.02 11.933 0 11.932
0.027 0.001 0.029 0.035 0 0.035 11.104 0.00700000000000001 11.108 11.825 0.00199999999999999 11.825 11.651 0 11.649
0.027 0.00199999999999999 0.028 0.034 0 0.034 11.146 0.007 11.151 11.878 0 11.875 11.773 0 11.772
0.024 0.003 0.027 0.029 0 0.03 10.503 0.008 10.508 11.2 0 11.198 11.169 0 11.167
0.029 0 0.028 0.034 0 0.034 10.971 0.002 10.97 11.695 0 11.693 11.685 0 11.683
0.026 0.001 0.027 0.029 0.001 0.03 10.655 0.012 10.664 11.409 0.001 11.407 11.246 0 11.245
