0.024 0.001 0.026 0.031 0.001 0.03 9.921 0.008 9.928 10.661 0.001 10.659 10.561 0 10.559
0.027 0.001 0.029 0.036 0 0.035 10.7 0.00899999999999999 10.706 11.41 0 11.408 11.357 0 11.355
0.023 0.005 0.028 0.034 0.001 0.035 10.657 0.012 10.666 11.363 0.003 11.364 11.339 0 11.337
0.026 0 0.026 0.03 0.000999999999999994 0.03 9.98 0.009 9.987 10.705 0 10.704 10.639 0 10.635
0.025 0.003 0.028 0.035 0 0.035 10.671 0.004 10.674 11.41 0.001 11.41 11.342 0 11.341
0.026 0.001 0.027 0.035 0 0.035 10.595 0.008 10.6 11.384 0 11.382 11.277 0 11.275
0.039 0.001 0.04 0.048 0 0.048 14.519 0.013 14.558 15.562 0.004 15.586 15.459 0 15.479
0.025 0.001 0.027 0.03 0.000999999999999994 0.031 10.043 0.016 10.055 10.753 0 10.753 10.689 0 10.686
0.023 0.003 0.027 0.029 0.002 0.031 9.925 0.007 9.929 10.598 0 10.597 10.561 0 10.558
0.024 0.003 0.026 0.029 0.001 0.031 9.973 0.009 9.978 10.673 0.002 10.674 10.572 0 10.568
0.026 0.000999999999999997 0.027 0.03 0.001 0.031 9.89 0.005 9.892 10.606 0 10.604 10.568 0 10.565
0.026 0.000999999999999994 0.026 0.03 0 0.031 9.961 0.005 9.964 10.608 0.001 10.607 10.581 0 10.578
0.026 0.001 0.027 0.03 0 0.03 9.996 0.005 9.999 10.71 0.001 10.709 10.664 0 10.66
0.024 0.00199999999999999 0.027 0.031 0 0.03 9.946 0.00700000000000001 9.95 10.617 0 10.616 10.55 0 10.547
0.026 0.001 0.026 0.029 0.001 0.031 9.988 0.005 9.991 10.687 0.001 10.685 10.626 0 10.623
0.025 0.002 0.027 0.03 0 0.03 9.944 0.00899999999999999 9.95 10.642 0 10.641 10.569 0 10.566
0.026 0.001 0.027 0.03 0.001 0.031 9.939 0.006 9.941 10.631 0.001 10.632 10.597 0 10.594
0.026 0.002 0.028 0.031 0.002 0.033 10.622 0.008 10.627 11.326 0.000999999999999994 11.325 11.3 0 11.298
0.026 0.002 0.028 0.034 0 0.034 10.7 0.008 10.705 11.428 0.000999999999999994 11.427 11.33 0 11.328
0.025 0.002 0.026 0.03 0 0.031 9.894 0.006 9.897 10.633 0 10.631 10.557 0 10.555
0.025 0.001 0.027 0.03 0.001 0.03 9.945 0.00799999999999999 9.951 11.47 0 11.468 11.415 0 11.412
0.025 0.004 0.029 0.033 0.001 0.034 10.659 0.009 10.665 11.429 0.000999999999999994 11.428 10.718 0 10.717
0.029 0 0.029 0.034 0 0.035 10.572 0.005 10.574 11.303 0 11.3 11.277 0 11.275
0.029 0 0.028 0.034 0 0.034 10.703 0.01 10.711 11.477 0 11.474 11.395 0 11.393
0.025 0.001 0.027 0.031 0 0.03 10.45 0.014 10.466 11.485 0.003 11.488 11.397 0 11.395
0.025 0.003 0.027 0.034 0 0.034 10.625 0.007 10.629 11.347 0.001 11.346 10.992 0 10.99
0.028 0 0.028 0.033 0.00199999999999999 0.035 10.607 0.01 10.613 11.373 0 11.372 11.28 0 11.278
0.026 0.002 0.028 0.034 0 0.034 10.586 0.009 10.593 11.359 0.000999999999999994 11.358 11.274 0 11.272
0.028 0.001 0.029 0.035 0 0.035 10.612 0.005 10.614 11.422 0 11.42 11.352 0 11.349
0.026 0.001 0.028 0.034 0.001 0.035 10.572 0.012 10.581 11.363 0 11.36 11.298 0 11.296
0.023 0.003 0.026 0.03 0 0.03 9.921 0.005 9.924 10.649 0.001 10.649 10.587 0 10.584
0.026 0 0.027 0.031 0 0.03 9.887 0.01 9.895 10.627 0 10.625 10.576 0 10.573
0.025 0.001 0.026 0.031 0 0.03 9.872 0.013 9.882 10.6 0.003 10.601 10.524 0 10.521
0.026 0.001 0.027 0.029 0.000999999999999994 0.03 9.874 0.011 9.883 10.607 0.001 10.605 10.535 0 10.532
0.025 0.002 0.027 0.031 0 0.031 9.913 0.007 9.919 10.6 0 10.598 10.572 0 10.569
0.026 0.001 0.027 0.03 0 0.03 10.023 0.004 10.024 10.707 0 10.705 10.669 0 10.666
0.024 0.002 0.027 0.03 0.001 0.03 9.99 0.006 9.994 10.645 0 10.644 10.606 0 10.603
0.027 0 0.026 0.03 0 0.03 9.928 0.015 9.942 10.628 0.000999999999999994 10.627 10.596 0 10.593
0.025 0.001 0.026 0.031 0 0.031 9.908 0.011 9.917 10.593 0.00199999999999999 10.593 10.557 0 10.554
0.025 0.001 0.027 0.03 0.001 0.03 9.899 0.009 9.907 10.624 0 10.622 10.557 0 10.554
0.027 0 0.026 0.03 0 0.031 9.863 0.007 9.866 10.59 0.001 10.589 10.506 0 10.504
0.027 0.001 0.028 0.033 0 0.033 10.634 0.009 10.64 11.35 0.003 11.352 11.29 0 11.287
0.027 0.002 0.029 0.033 0.001 0.034 10.685 0.009 10.691 11.419 0 11.417 11.367 0 11.364
0.027 0 0.026 0.03 0 0.03 9.924 0.008 9.93 10.628 0 10.627 10.573 0 10.569
0.027 0.001 0.028 0.035 0.000999999999999994 0.036 10.657 0.007 10.663 11.39 0 11.389 11.329 0 11.328
0.027 0.001 0.028 0.033 0.000999999999999994 0.034 10.621 0.013 10.63 11.353 0.001 11.353 11.27 0 11.268
0.028 0 0.027 0.033 0.001 0.034 10.383 0.01 10.391 11.169 0.000999999999999994 11.167 11.073 0 11.072
0.024 0.002 0.027 0.031 0 0.03 10.019 0.00600000000000001 10.022 10.695 0 10.693 10.619 0 10.616
0.026 0.001 0.028 0.031 0.00199999999999999 0.033 10.549 0.00700000000000001 10.552 11.145 0 11.144 11.062 0 11.059
0.025 0.003 0.028 0.034 0.001 0.035 10.675 0.013 10.685 11.485 0 11.482 11.354 0 11.351
0.026 0 0.027 0.031 0 0.03 9.924 0.008 9.93 10.618 0.004 10.621 10.569 0 10.565
0.025 0.002 0.026 0.029 0.000999999999999994 0.031 9.919 0.00600000000000001 9.923 10.608 0.000999999999999994 10.606 10.865 0 10.862
0.026 0.000999999999999994 0.027 0.03 0 0.03 9.938 0.008 9.943 10.613 0.001 10.611 10.88 0 10.877
0.024 0.00199999999999999 0.027 0.031 0 0.03 9.929 0.004 9.932 10.626 0.001 10.624 10.889 0 10.888
0.026 0.000999999999999994 0.026 0.03 0 0.03 9.931 0.008 9.936 10.651 0.001 10.65 10.576 0 10.575
0.027 0 0.027 0.03 0 0.03 9.913 0.013 9.924 10.629 0 10.626 11.246 0 11.244
0.025 0.002 0.026 0.03 0 0.03 9.892 0.008 9.898 10.587 0.001 10.587 10.566 0 10.562
0.023 0.004 0.027 0.03 0 0.03 9.899 0.015 9.912 10.625 0.004 10.627 11.192 0 11.189
0.026 0 0.026 0.03 0.001 0.031 9.949 0.007 9.953 10.641 0.002 10.641 10.58 0 10.577
0.025 0.002 0.027 0.029 0.001 0.031 9.93 0.01 9.936 10.683 0 10.681 11.261 0 11.258
0.029 0 0.028 0.034 0 0.035 10.618 0.009 10.624 11.369 0 11.366 11.28 0 11.278
0.039 0 0.04 0.048 0.001 0.049 14.476 0.013 14.515 15.492 0.00199999999999999 15.523 15.443 0 15.47
0.026 0.002 0.028 0.035 0 0.035 10.686 0.007 10.69 11.456 0 11.454 11.36 0 11.358
0.024 0.002 0.026 0.029 0.001 0.03 9.889 0.013 9.899 10.613 0.001 10.612 10.546 0 10.544
0.024 0.00199999999999999 0.026 0.029 0.001 0.031 9.873 0.011 9.88 10.595 0.002 10.595 10.51 0 10.508
0.026 0 0.026 0.029 0.002 0.031 10.033 0.007 10.038 10.738 0 10.736 10.636 0 10.634
0.025 0.003 0.028 0.034 0 0.034 10.109 0.009 10.116 10.655 0 10.653 10.523 0 10.521
0.027 0.001 0.028 0.033 0.001 0.034 10.214 0.01 10.221 10.703 0.003 10.704 10.595 0 10.592
0.029 0 0.028 0.033 0.001 0.034 10.166 0.013 10.176 10.615 0.001 10.614 10.53 0 10.527
0.025 0.000999999999999994 0.026 0.03 0.001 0.031 9.886 0.012 9.895 10.644 0.001 10.643 10.523 0 10.52
0.027 0.000999999999999994 0.028 0.033 0.001 0.035 10.538 0.012 10.546 10.694 0 10.692 10.572 0 10.569
0.026 0.001 0.027 0.03 0 0.031 9.943 0.003 9.943 10.679 0 10.677 10.602 0 10.599
0.027 0.001 0.028 0.033 0.000999999999999994 0.034 10.488 0.005 10.49 10.665 0.005 10.669 10.549 0 10.546
0.024 0.003 0.027 0.03 0.000999999999999994 0.032 9.927 0.012 9.935 10.653 0 10.651 10.583 0 10.581
0.028 0 0.028 0.033 0.001 0.034 10.483 0.011 10.491 10.656 0.000999999999999994 10.655 10.583 0 10.581
0.027 0.001 0.028 0.033 0.002 0.035 10.803 0.008 10.808 11.504 0.003 11.505 11.472 0 11.469
0.027 0.002 0.028 0.034 0.000999999999999994 0.034 10.715 0.00600000000000001 10.72 11.445 0.003 11.446 11.386 0.001 11.384
0.028 0 0.028 0.034 0 0.035 10.667 0.012 10.676 11.406 0.000999999999999994 11.406 11.323 0 11.32
0.028 0.001 0.029 0.034 0 0.034 10.665 0.007 10.669 11.377 0.001 11.376 11.319 0 11.317
0.026 0 0.026 0.029 0.001 0.03 9.877 0.00799999999999999 9.882 10.483 0.001 10.486 10.289 0 10.29
0.023 0.004 0.027 0.028 0.00199999999999999 0.03 9.882 0.01 9.889 10.596 0 10.594 10.491 0 10.489
0.026 0.00199999999999999 0.029 0.035 0 0.035 10.645 0.007 10.648 11.374 0 11.373 11.305 0 11.302
0.023 0.005 0.028 0.035 0 0.034 10.586 0.008 10.592 11.327 0.001 11.325 11.287 0 11.286
0.023 0.003 0.026 0.031 0 0.031 9.926 0.01 9.933 10.661 0.001 10.66 10.568 0.001 10.566
0.027 0.000999999999999994 0.028 0.033 0 0.033 10.659 0.012 10.669 11.364 0.001 11.365 11.334 0 11.333
0.025 0.003 0.028 0.034 0 0.035 10.655 0.005 10.656 11.367 0 11.365 11.331 0 11.329
0.025 0.001 0.026 0.03 0 0.03 9.93 0.006 9.933 10.592 0.001 10.592 10.538 0 10.534
0.026 0.00199999999999999 0.028 0.032 0.001 0.033 10.669 0.009 10.674 11.365 0.001 11.365 11.317 0.001 11.315
0.028 0 0.028 0.032 0.002 0.035 10.639 0.009 10.644 11.333 0 11.332 11.271 0 11.268
0.024 0.003 0.026 0.03 0 0.03 9.873 0.01 9.88 10.625 0.000999999999999994 10.626 10.554 0 10.55
0.026 0.001 0.026 0.03 0 0.031 9.944 0.006 9.947 10.663 0 10.662 10.816 0 10.813
0.026 0.001 0.028 0.03 0.001 0.03 9.987 0.016 10.001 10.691 0.002 10.692 11.277 0 11.274
0.022 0.004 0.026 0.03 0 0.03 9.904 0.008 9.91 10.617 0 10.615 10.546 0 10.543
0.027 0 0.027 0.031 0 0.03 9.971 0.012 9.98 10.675 0 10.673 11.254 0 11.251
0.024 0.003 0.027 0.029 0.001 0.03 9.931 0.007 9.936 10.623 0 10.622 10.565 0 10.562
0.026 0.000999999999999994 0.027 0.029 0.001 0.03 9.892 0.009 9.898 10.611 0.001 10.61 11.181 0 11.178
0.023 0.003 0.026 0.03 0 0.03 9.86 0.007 9.865 10.571 0.001 10.569 10.523 0 10.521
0.026 0 0.026 0.03 0 0.03 9.884 0.011 9.892 10.495 0.00199999999999999 10.496 11.047 0 11.044
0.025 0.001 0.026 0.029 0.001 0.03 9.91 0.01 9.916 10.623 0 10.622 10.538 0 10.535
0.026 0 0.026 0.03 0.001 0.031 9.89 0.012 9.899 10.602 0 10.6 11.169 0 11.166
0.026 0.001 0.027 0.029 0.001 0.03 10.064 0.007 10.068 10.73 0 10.728 10.63 0 10.627
0.026 0.002 0.028 0.034 0.001 0.035 10.599 0.004 10.6 11.372 0.001 11.371 11.284 0 11.281
0.027 0.000999999999999994 0.029 0.035 0 0.034 10.655 0.01 10.663 11.405 0.002 11.405 11.336 0 11.333
0.024 0.002 0.027 0.03 0.001 0.03 10.346 0.006 10.351 11.389 0.001 11.387 11.335 0 11.333
0.026 0.002 0.028 0.034 0 0.035 10.613 0.008 10.617 11.335 0.001 11.334 10.932 0 10.93
0.024 0.003 0.027 0.031 0.002 0.033 10.365 0.005 10.367 11.112 0 11.11 11.028 0 11.025
0.025 0.001 0.026 0.03 0 0.031 9.885 0.005 9.887 10.608 0.002 10.607 10.522 0 10.519
0.027 0.001 0.027 0.031 0.002 0.034 10.647 0.007 10.651 11.383 0 11.381 11.275 0 11.273
0.024 0.004 0.028 0.035 0 0.034 10.616 0.006 10.62 11.368 0 11.365 11.269 0 11.267
0.036 0.005 0.041 0.048 0.001 0.049 14.457 0.013 14.488 15.48 0.001 15.5 15.398 0 15.417
0.026 0.003 0.028 0.034 0 0.034 10.475 0.007 10.48 10.602 0.001 10.601 10.519 0 10.517
0.027 0.001 0.028 0.034 0 0.034 10.174 0.007 10.179 10.667 0 10.665 10.582 0 10.58
0.028 0 0.028 0.035 0 0.035 10.544 0.005 10.546 10.638 0.003 10.639 10.563 0 10.56
0.024 0.002 0.026 0.031 0 0.031 9.971 0.005 9.974 10.688 0 10.686 10.573 0 10.57
0.027 0.001 0.028 0.033 0.001 0.035 10.461 0.01 10.467 10.624 0 10.622 10.5 0 10.498
0.026 0.001 0.026 0.031 0 0.032 9.911 0.005 9.913 10.641 0.001 10.64 10.511 0 10.509
0.027 0.002 0.029 0.033 0.001 0.034 10.417 0.012 10.426 10.599 0.001 10.598 10.494 0 10.492
0.024 0.002 0.027 0.03 0.002 0.031 9.93 0.007 9.935 10.619 0 10.618 10.555 0 10.553
0.024 0.00199999999999999 0.026 0.03 0 0.031 9.922 0.004 9.923 10.64 0.001 10.639 10.502 0 10.499
0.027 0.000999999999999994 0.028 0.034 0 0.034 10.428 0.012 10.437 10.581 0.001 10.58 10.495 0 10.493
0.025 0.001 0.027 0.031 0 0.03 9.908 0.012 9.918 10.618 0 10.615 10.557 0 10.555
0.027 0.00199999999999999 0.028 0.035 0 0.035 10.642 0.005 10.645 11.377 0.002 11.377 11.305 0 11.303
0.026 0.002 0.028 0.035 0 0.034 10.605 0.006 10.608 11.358 0 11.357 11.296 0 11.293
0.026 0 0.026 0.03 0 0.03 9.881 0.007 9.885 10.669 0.002 10.669 10.604 0 10.601
0.024 0.004 0.028 0.035 0 0.035 10.646 0.007 10.651 11.357 0.001 11.357 11.309 0 11.309
0.028 0 0.028 0.035 0 0.034 10.656 0.014 10.668 11.375 0.001 11.372 11.325 0 11.324
0.025 0.001 0.026 0.029 0.001 0.03 10.294 0.007 10.299 11.382 0.000999999999999994 11.38 11.326 0 11.324
0.026 0.002 0.028 0.035 0 0.035 10.665 0.008 10.67 11.4 0 11.398 11.01 0 11.008
0.025 0.003 0.028 0.034 0 0.034 10.658 0.006 10.662 11.395 0 11.391 11.321 0 11.32
0.028 0.001 0.028 0.033 0.001 0.035 10.583 0.009 10.588 11.36 0.001 11.359 11.288 0 11.287
0.026 0 0.026 0.03 0.001 0.031 9.927 0.01 9.941 10.639 0.001 10.647 10.61 0 10.614
0.022 0.004 0.027 0.031 0 0.03 9.912 0.011 9.922 10.621 0 10.619 10.55 0 10.547
0.027 0 0.026 0.029 0.000999999999999994 0.03 9.949 0.007 9.955 10.668 0 10.665 10.591 0 10.589
0.026 0.001 0.027 0.03 0 0.03 9.92 0.007 9.924 10.645 0 10.643 10.623 0 10.619
0.026 0.000999999999999994 0.027 0.03 0 0.03 9.902 0.01 9.91 10.607 0.002 10.608 10.535 0 10.532
0.024 0.002 0.027 0.031 0 0.03 9.883 0.005 9.887 10.575 0.002 10.574 10.544 0 10.542
0.024 0.00199999999999999 0.026 0.029 0.001 0.03 9.887 0.017 9.918 10.586 0.00700000000000001 10.604 10.498 0 10.496
0.027 0 0.026 0.03 0 0.03 9.921 0.003 9.921 10.637 0.001 10.636 10.554 0 10.551
0.023 0.004 0.026 0.03 0 0.031 9.888 0.013 9.916 10.608 0.011 10.639 10.538 0.035 10.582
0.026 0.001 0.027 0.028 0.002 0.03 9.958 0.01 9.966 10.712 0.001 10.71 10.64 0 10.637
0.025 0.001 0.026 0.029 0.001 0.03 9.952 0.009 9.958 11.386 0.001 11.385 11.326 0 11.323
0.026 0.002 0.028 0.034 0.000999999999999994 0.034 10.733 0.004 10.734 11.44 0.001 11.44 10.693 0 10.692
0.027 0.001 0.028 0.035 0 0.035 10.614 0.01 10.622 11.383 0.001 11.381 11.313 0 11.311
0.025 0.003 0.028 0.034 0.001 0.034 10.605 0.005 10.609 11.331 0 11.329 11.252 0 11.249
0.025 0.002 0.027 0.03 0 0.031 10.304 0.00799999999999999 10.309 11.374 0 11.371 11.312 0 11.31
0.029 0 0.028 0.034 0 0.034 10.615 0.004 10.616 11.396 0.002 11.396 10.977 0 10.976
0.027 0 0.027 0.032 0.001 0.033 10.344 0.01 10.353 11.104 0.001 11.103 11.025 0 11.021
0.026 0.001 0.027 0.03 0 0.03 9.877 0.005 9.879 10.612 0 10.61 10.557 0 10.553
0.026 0.00199999999999999 0.028 0.037 0 0.036 10.626 0.00600000000000001 10.629 11.429 0.000999999999999994 11.428 11.338 0 11.335
0.026 0.002 0.028 0.035 0 0.034 10.562 0.008 10.568 11.312 0 11.31 11.27 0 11.268
0.022 0.004 0.027 0.03 0.001 0.03 9.938 0.009 9.946 10.654 0 10.651 10.613 0 10.611
0.026 0 0.027 0.031 0 0.03 9.942 0.013 9.954 10.626 0.002 10.626 10.878 0 10.876
0.024 0.00199999999999999 0.026 0.031 0 0.031 9.858 0.009 9.865 10.392 0 10.39 10.381 0 10.378
0.025 0.001 0.027 0.029 0.001 0.03 9.87 0.008 9.875 10.569 0.002 10.569 10.806 0 10.803
0.026 0 0.027 0.03 0.001 0.03 9.965 0.00600000000000001 9.969 10.678 0.00199999999999999 10.678 10.566 0 10.563
0.024 0.003 0.027 0.03 0 0.03 9.893 0.009 9.899 10.582 0.003 10.584 10.851 0 10.846
0.026 0.001 0.026 0.027 0.003 0.031 9.937 0.007 9.941 10.627 0.002 10.628 10.549 0 10.545
0.025 0.00199999999999999 0.027 0.03 0 0.03 9.85 0.011 9.859 10.547 0.001 10.546 10.808 0 10.806
0.023 0.004 0.026 0.029 0.001 0.03 9.932 0.012 9.942 10.567 0 10.565 10.525 0 10.522
0.025 0.002 0.027 0.028 0.002 0.03 9.837 0.011 9.846 10.584 0.001 10.582 10.75 0 10.748
0.027 0 0.026 0.029 0.001 0.031 9.895 0.005 9.898 10.615 0.001 10.614 10.516 0 10.513
0.028 0 0.028 0.034 0.001 0.035 10.653 0.006 10.656 11.36 0.002 11.359 11.339 0.001 11.338
0.024 0.004 0.028 0.034 0.001 0.035 10.652 0.013 10.663 11.354 0.001 11.351 11.306 0 11.305
0.025 0.00199999999999999 0.027 0.03 0.001 0.031 10.05 0.014 10.06 10.75 0.00199999999999999 10.751 10.661 0 10.658
0.024 0.004 0.028 0.037 0 0.037 10.68 0.011 10.69 11.424 0.001 11.424 11.363 0 11.361
0.025 0.003 0.028 0.034 0.001 0.035 10.594 0.008 10.6 11.318 0 11.316 11.244 0 11.242
0.026 0 0.026 0.016 0 0.016 9.892 0.008 9.896 10.475 0.003 10.476 10.388 0 10.386
0.037 0.004 0.04 0.047 0.001 0.049 14.539 0.00699999999999999 14.594 18.107 0.001 18.195 18.801 0 18.863
0.025 0.001 0.026 0.028 0.00199999999999999 0.031 9.953 0.00700000000000001 9.964 10.68 0 10.685 10.58 0.001 10.585
0.025 0.003 0.028 0.033 0.000999999999999994 0.034 10.209 0.011 10.218 10.63 0 10.628 10.573 0 10.57
0.025 0.001 0.026 0.031 0 0.031 10.065 0.00899999999999999 10.071 10.732 0.001 10.731 10.655 0 10.652
0.029 0 0.028 0.034 0 0.035 10.132 0.007 10.136 10.612 0 10.61 10.545 0 10.542
0.026 0.001 0.026 0.03 0 0.031 9.93 0.01 9.938 10.631 0 10.629 10.512 0 10.51
0.025 0.003 0.028 0.034 0.001 0.034 10.157 0.01 10.165 10.653 0.000999999999999994 10.651 10.549 0 10.547
0.025 0.001 0.027 0.031 0 0.031 9.957 0.005 9.959 10.686 0.00199999999999999 10.687 10.569 0 10.566
0.028 0 0.029 0.034 0 0.034 10.101 0.015 10.114 10.596 0.005 10.598 10.528 0 10.526
0.024 0.00199999999999999 0.026 0.03 0.001 0.031 9.972 0.01 9.979 10.682 0 10.681 10.605 0 10.602
0.028 0.001 0.028 0.034 0 0.035 10.129 0.01 10.135 10.568 0.001 10.567 10.503 0 10.5
0.025 0.002 0.027 0.036 0.000999999999999994 0.037 10.624 0.005 10.626 11.354 0.001 11.353 11.272 0 11.27
0.026 0.002 0.028 0.033 0.001 0.034 10.672 0.009 10.678 11.38 0.000999999999999994 11.379 11.323 0 11.321
0.023 0.003 0.026 0.03 0 0.031 9.857 0.007 9.86 10.548 0 10.546 10.501 0 10.498
0.027 0.001 0.028 0.035 0 0.034 10.659 0.008 10.665 11.387 0 11.385 11.373 0 11.371
0.026 0.002 0.028 0.034 0 0.034 10.613 0.007 10.618 11.377 0 11.375 11.336 0.001 11.333
0.025 0.001 0.026 0.03 0.001 0.031 9.888 0.007 9.892 10.65 0.00199999999999999 10.651 10.55 0 10.547
0.028 0.001 0.029 0.034 0 0.034 10.639 0.008 10.644 11.389 0.001 11.387 11.319 0 11.318
0.028 0 0.028 0.034 0 0.034 10.605 0.007 10.609 11.325 0 11.323 11.254 0 11.252
0.025 0.00199999999999999 0.027 0.032 0.001 0.033 10.352 0.011 10.36 11.1 0 11.098 11.052 0 11.049
0.026 0 0.027 0.031 0 0.03 9.949 0.005 9.952 10.606 0 10.604 10.537 0 10.534
0.026 0.002 0.029 0.034 0.001 0.035 10.626 0.012 10.634 11.342 0 11.34 11.305 0 11.302
0.028 0.001 0.029 0.034 0 0.034 10.655 0.01 10.662 11.399 0.000999999999999994 11.398 11.349 0 11.347
0.025 0.000999999999999994 0.026 0.03 0 0.03 9.781 0.008 9.789 10.287 0.002 10.293 10.124 0 10.127
0.023 0.003 0.026 0.03 0 0.03 9.858 0.011 9.867 10.634 0.001 10.633 10.371 0 10.376
0.026 0.001 0.026 0.029 0.001 0.03 9.93 0.006 9.933 10.625 0 10.624 10.569 0 10.565
0.023 0.004 0.027 0.03 0 0.03 9.886 0.012 9.895 10.656 0 10.654 10.568 0 10.566
0.024 0.00199999999999999 0.027 0.029 0.001 0.03 9.902 0.009 9.908 10.568 0.001 10.567 10.507 0 10.505
0.025 0.00199999999999999 0.027 0.028 0.002 0.03 9.942 0.012 9.952 10.651 0.003 10.652 10.603 0 10.601
0.027 0 0.027 0.03 0 0.03 10.357 0.01 10.365 11.434 0.001 11.433 11.359 0 11.356
0.026 0.002 0.027 0.034 0.001 0.035 10.621 0.008 10.627 11.362 0.001 11.36 10.993 0 10.992
0.027 0.002 0.029 0.034 0 0.034 10.66 0.009 10.666 11.359 0.001 11.358 11.329 0 11.328
0.027 0.00199999999999999 0.029 0.033 0.001 0.034 10.645 0.007 10.649 11.439 0.001 11.438 11.36 0 11.358
0.024 0.003 0.027 0.029 0.002 0.03 9.956 0.004 9.958 10.675 0.001 10.674 10.607 0 10.603
0.028 0 0.028 0.035 0 0.034 10.605 0.01 10.612 11.374 0 11.373 11.334 0 11.332
0.028 0 0.028 0.033 0.001 0.034 10.642 0.007 10.646 11.355 0.002 11.356 11.304 0 11.301
0.025 0.001 0.027 0.03 0.001 0.031 9.893 0.006 9.897 10.594 0.001 10.593 10.54 0 10.538
0.025 0.002 0.027 0.032 0.001 0.032 10.603 0.005 10.608 11.41 0.002 11.41 11.33 0 11.329
0.023 0.005 0.028 0.034 0.001 0.035 10.612 0.00600000000000001 10.615 11.383 0 11.381 11.309 0 11.307
0.025 0.002 0.027 0.031 0 0.0309999999999999 9.947 0.008 9.953 10.654 0 10.651 10.542 0 10.539
0.025 0.001 0.026 0.031 0 0.031 9.949 0.007 9.953 10.611 0 10.609 10.817 0 10.815
0.027 0.001 0.028 0.035 0 0.035 10.614 0.011 10.623 11.379 0.003 11.379 11.33 0 11.328
0.027 0.001 0.028 0.034 0 0.035 10.63 0.014 10.64 11.349 0.000999999999999994 11.349 11.298 0 11.296
0.026 0 0.027 0.031 0 0.03 9.845 0.011 9.867 10.312 0.002 10.323 10.202 0.001 10.213
0.025 0.000999999999999994 0.026 0.029 0.001 0.03 9.921 0.002 9.92 10.616 0.001 10.617 10.703 0 10.708
0.025 0.002 0.027 0.03 0 0.03 10.07 0.006 10.072 10.737 0 10.737 10.645 0 10.642
0.027 0.001 0.028 0.031 0 0.031 9.898 0.008 9.908 10.618 0.001 10.625 10.832 0 10.836
0.023 0.003 0.026 0.03 0.001 0.031 9.95 0.005 9.953 10.625 0 10.623 10.582 0 10.579
0.026 0.000999999999999994 0.026 0.03 0 0.031 9.938 0.015 9.951 10.655 0.00199999999999999 10.657 10.837 0 10.834
0.028 0.003 0.298 0.032 0 0.033 10.145 0.00800000000000001 10.149 10.902 0.001 10.902 10.585 0 10.582
0.029 0.002 0.295 0.035 0 0.034 10.839 0.00700000000000001 10.844 11.589 0.00299999999999999 11.589 10.767 0 10.766
0.025 0.004 0.0509999999999999 0.035 0 0.035 10.771 0.013 10.781 11.526 0 11.524 10.685 0 10.683
0.025 0.003 0.0549999999999999 0.031 0.001 0.031 9.976 0.00699999999999999 9.98 10.827 0.001 10.826 10.496 0 10.494
0.028 0 0.027 0.034 0 0.034 10.068 0.01 10.075 10.617 0 10.615 10.523 0 10.521
0.026 0.001 0.027 0.03 0.001 0.031 10.374 0.00600000000000001 10.378 11.429 0.000999999999999994 11.427 11.38 0 11.378
0.025 0.003 0.028 0.035 0 0.034 10.587 0.004 10.589 11.374 0.001 11.372 10.987 0 10.985
0.025 0.000999999999999994 0.026 0.03 0.001 0.031 9.982 0.011 9.991 10.484 0.001 10.489 10.34 0 10.348
0.028 0.001 0.029 0.035 0 0.035 10.642 0.005 10.644 11.447 0.004 11.449 11.305 0 11.309
0.027 0.000999999999999994 0.028 0.033 0.002 0.034 10.653 0.008 10.659 11.416 0 11.413 11.362 0 11.361
0.024 0.003 0.027 0.032 0.001 0.034 10.403 0.00600000000000001 10.406 11.135 0.00199999999999999 11.136 11.038 0 11.035
0.024 0.002 0.026 0.03 0 0.03 9.923 0.00799999999999999 9.929 10.684 0 10.681 10.608 0 10.605
0.028 0 0.028 0.034 0.001 0.035 10.589 0.00600000000000001 10.593 11.369 0 11.366 11.303 0 11.301
0.027 0.001 0.028 0.035 0 0.034 10.58 0.016 10.593 11.363 0.001 11.362 11.267 0 11.264
0.026 0.001 0.026 0.03 0 0.031 9.994 0.008 9.999 10.477 0 10.481 10.259 0 10.266
0.025 0.003 0.028 0.033 0.001 0.035 10.083 0.011 10.091 10.611 0 10.61 10.54 0 10.539
0.026 0.001 0.026 0.031 0 0.031 9.936 0.01 9.943 10.657 0.001 10.656 10.595 0 10.592
0.028 0.001 0.028 0.034 0 0.035 10.108 0.012 10.117 10.609 0.001 10.608 10.522 0 10.518
0.026 0.000999999999999994 0.026 0.03 0.001 0.031 9.94 0.008 9.947 10.688 0.002 10.688 10.609 0 10.606
0.028 0.001 0.028 0.033 0.001 0.034 10.097 0.015 10.111 10.655 0.002 10.656 10.576 0 10.572
0.024 0.002 0.026 0.029 0.001 0.03 9.861 0.006 9.865 10.465 0.001 10.464 10.403 0 10.4
0.027 0 0.027 0.031 0 0.03 10.541 0.012 10.552 11.611 0 11.61 11.545 0 11.543
0.026 0.00199999999999999 0.028 0.034 0 0.034 10.613 0.01 10.62 11.347 0.001 11.346 10.99 0 10.988
0.024 0.003 0.026 0.029 0.001 0.031 9.885 0.006 9.888 10.576 0.001 10.575 10.506 0 10.503
0.025 0.001 0.026 0.029 0.001 0.031 9.951 0.009 9.958 10.618 0 10.615 10.551 0 10.548
0.023 0.004 0.028 0.033 0.000999999999999994 0.033 10.65 0.013 10.662 11.445 0.001 11.442 11.382 0 11.381
0.026 0.00199999999999999 0.028 0.035 0.001 0.035 10.674 0.003 10.675 11.411 0 11.409 11.375 0 11.372
0.026 0 0.027 0.031 0 0.03 9.92 0.00799999999999999 9.925 10.654 0.001 10.654 10.613 0 10.609
0.029 0 0.029 0.033 0 0.033 10.642 0.00899999999999999 10.649 11.405 0.001 11.405 11.375 0 11.375
0.027 0.001 0.028 0.035 0 0.035 10.709 0.008 10.714 11.428 0.002 11.427 11.39 0 11.389
0.024 0.00199999999999999 0.027 0.031 0.001 0.031 9.885 0.005 9.888 10.574 0 10.579 10.283 0 10.285
0.028 0 0.028 0.033 0.002 0.034 10.624 0.008 10.63 11.361 0 11.359 11.319 0 11.317
0.026 0.00199999999999999 0.028 0.035 0 0.035 10.579 0.00600000000000001 10.582 11.321 0.00199999999999999 11.321 11.265 0 11.263
0.023 0.003 0.027 0.03 0 0.03 9.898 0.008 9.902 10.842 0 10.84 11.307 0 11.304
0.024 0.002 0.026 0.03 0.000999999999999994 0.031 9.909 0.004 9.912 10.612 0 10.609 11.184 0.001 11.182
0.026 0.001 0.027 0.029 0.001 0.03 9.906 0.006 9.91 10.61 0.001 10.609 11.2 0 11.198
0.024 0.00199999999999999 0.026 0.03 0 0.031 9.928 0.011 9.936 10.551 0 10.548 11.055 0 11.052
0.023 0.003 0.027 0.031 0 0.03 9.869 0.013 9.879 10.646 0.001 10.645 11.199 0 11.196
0.024 0.00199999999999999 0.027 0.03 0.001 0.03 9.859 0.008 9.865 10.61 0 10.609 11.175 0 11.172
0.024 0.002 0.026 0.031 0 0.031 9.963 0.007 9.967 10.703 0 10.701 11.288 0 11.285
0.025 0.002 0.027 0.03 0 0.03 9.968 0.008 9.974 10.725 0 10.723 10.777 0 10.774
0.025 0.000999999999999994 0.027 0.029 0.002 0.03 10.085 0.011 10.094 11.045 0 11.043 11.537 0 11.535
0.026 0 0.028 0.031 0.001 0.032 10.037 0.006 10.04 10.728 0.002 10.728 11.452 0 11.449
0.026 0 0.026 0.031 0 0.031 9.919 0.01 9.927 10.621 0.000999999999999994 10.62 10.657 0 10.654
0.029 0 0.029 0.034 0 0.034 10.637 0.014 10.648 10.895 0 10.893 10.584 0 10.582
0.024 0.002 0.026 0.031 0 0.031 10.286 0.008 10.291 11.379 0 11.377 11.287 0.001 11.286
0.025 0.003 0.028 0.032 0.00199999999999999 0.034 10.632 0.015 10.644 11.387 0 11.385 10.994 0 10.991
0.027 0 0.027 0.032 0.001 0.034 10.39 0.011 10.397 11.12 0.000999999999999994 11.12 11.089 0 11.087
0.025 0.001 0.027 0.03 0.001 0.03 9.891 0.009 9.897 10.593 0.000999999999999994 10.592 10.499 0 10.497
0.026 0.002 0.028 0.032 0.000999999999999994 0.033 10.678 0.009 10.685 11.418 0 11.415 11.348 0 11.346
0.028 0 0.028 0.035 0 0.035 10.593 0.005 10.594 11.339 0.001 11.338 11.306 0 11.304
0.04 0.001 0.04 0.048 0 0.049 14.68 0.01 14.712 15.626 0.001 15.647 15.561 0 15.584
0.025 0.001 0.027 0.03 0.001 0.03 9.989 0.007 9.994 10.669 0.003 10.669 10.589 0 10.587
0.026 0.001 0.027 0.029 0.001 0.03 9.942 0.008 9.946 10.705 0.001 10.705 10.678 0 10.674
0.027 0.001 0.029 0.034 0 0.034 10.531 0.01 10.539 10.679 0 10.676 10.592 0 10.589
0.027 0.001 0.028 0.033 0.001 0.035 10.525 0.01 10.533 10.666 0 10.663 10.565 0 10.564
0.024 0.003 0.027 0.034 0 0.034 10.495 0.006 10.498 10.626 0.001 10.625 10.531 0 10.527
0.028 0 0.028 0.034 0 0.034 10.474 0.011 10.482 10.628 0.000999999999999994 10.626 10.565 0 10.563
0.026 0.001 0.027 0.033 0.001 0.034 10.509 0.017 10.522 10.637 0.001 10.636 10.544 0 10.542
0.028 0.001 0.028 0.033 0.001 0.034 10.472 0.012 10.482 10.621 0 10.619 10.561 0 10.557
0.023 0.003 0.027 0.029 0.001 0.03 10.428 0.008 10.432 11.481 0.001 11.481 11.396 0 11.393
0.024 0.003 0.028 0.035 0 0.035 10.626 0.01 10.634 11.349 0.001 11.347 10.974 0 10.972
0.025 0.003 0.029 0.034 0.001 0.034 10.667 0.007 10.671 11.385 0.001 11.385 11.305 0 11.302
0.026 0.003 0.028 0.033 0.001 0.035 10.743 0.007 10.747 11.41 0.001 11.41 11.352 0 11.349
0.023 0.003 0.027 0.03 0.001 0.03 9.892 0.011 9.901 10.614 0.002 10.614 10.555 0 10.552
0.028 0.001 0.029 0.033 0.001 0.034 10.614 0.00799999999999999 10.618 11.381 0.001 11.38 11.332 0 11.33
0.026 0.002 0.028 0.033 0.001 0.035 10.659 0.009 10.664 11.385 0 11.384 11.322 0 11.319
0.024 0.002 0.026 0.031 0 0.03 9.962 0.008 9.968 10.644 0 10.643 10.61 0 10.607
0.028 0 0.028 0.032 0.001 0.033 10.668 0.008 10.674 11.441 0.001 11.441 11.347 0 11.346
0.026 0.002 0.028 0.034 0.001 0.034 10.635 0.013 10.646 11.377 0.001 11.376 11.289 0 11.286
0.026 0.000999999999999997 0.026 0.029 0.002 0.032 9.964 0.006 9.968 10.635 0.001 10.633 10.593 0 10.59
0.026 0.001 0.027 0.029 0.001 0.03 9.914 0.007 9.918 10.635 0.002 10.635 10.59 0 10.587
0.025 0.001 0.026 0.031 0 0.03 9.938 0.013 9.949 10.621 0.001 10.62 10.566 0 10.563
0.026 0 0.027 0.031 0 0.03 9.902 0.008 9.908 10.592 0.000999999999999994 10.591 10.577 0 10.575
0.027 0 0.027 0.028 0.002 0.03 9.959 0.004 9.961 10.622 0.002 10.622 10.568 0 10.565
0.024 0.003 0.027 0.032 0 0.031 9.956 0.009 9.964 10.662 0.000999999999999994 10.659 10.6 0 10.597
0.026 0.001 0.027 0.029 0.000999999999999994 0.03 9.963 0.005 9.965 10.659 0.001 10.658 10.618 0 10.615
0.024 0.002 0.026 0.03 0 0.03 9.95 0.006 9.954 10.63 0.001 10.63 10.584 0 10.581
0.025 0.002 0.027 0.03 0.001 0.031 9.922 0.003 9.921 10.638 0.000999999999999994 10.638 10.581 0 10.578
0.026 0.001 0.027 0.032 0 0.033 10.251 0.008 10.256 10.984 0.002 10.985 10.939 0 10.936
0.026 0.003 0.028 0.035 0.001 0.035 10.831 0.012 10.841 11.728 0.003 11.73 11.059 0 11.057
0.027 0.001 0.027 0.029 0.001 0.031 9.932 0.007 9.936 10.685 0 10.683 10.745 0 10.742
0.023 0.004 0.027 0.03 0.001 0.031 10.939 0.03 11.002 11.836 0.018 11.892 11.401 0.07 11.497
0.023 0.003 0.026 0.029 0.001 0.03 9.906 0.003 9.906 10.638 0 10.637 10.536 0 10.533
0.026 0.002 0.028 0.035 0.001 0.035 10.602 0.009 10.609 11.378 0.002 11.378 11.314 0 11.312
0.026 0.002 0.028 0.034 0 0.034 10.611 0.012 10.62 11.336 0 11.334 11.289 0 11.287
0.025 0.00199999999999999 0.027 0.03 0 0.031 9.862 0.009 9.868 10.611 0.002 10.611 10.543 0 10.54
0.028 0.000999999999999994 0.028 0.034 0.001 0.035 10.677 0.009 10.684 11.398 0.001 11.397 11.369 0 11.366
0.028 0 0.028 0.034 0.001 0.035 10.627 0.005 10.63 11.347 0 11.344 11.317 0 11.316
0.024 0.003 0.027 0.032 0.001 0.033 10.377 0.008 10.383 11.133 0 11.13 11.035 0 11.033
0.023 0.003 0.026 0.03 0.000999999999999994 0.031 9.889 0.008 9.895 10.576 0.001 10.575 10.513 0 10.51
0.027 0.001 0.028 0.032 0.001 0.033 10.584 0.013 10.594 11.281 0.000999999999999994 11.28 11.241 0 11.238
0.027 0.001 0.028 0.035 0 0.035 10.579 0.009 10.586 11.301 0 11.298 11.234 0 11.233
0.037 0.003 0.039 0.046 0.002 0.049 14.564 0.014 14.597 15.604 0.001 15.627 15.517 0 15.543
0.026 0.000999999999999994 0.026 0.028 0.002 0.031 9.931 0.007 9.934 10.633 0 10.632 10.575 0 10.571
0.024 0.003 0.027 0.03 0 0.03 9.842 0.012 9.851 10.58 0.002 10.579 11.157 0 11.155
0.025 0.002 0.026 0.03 0 0.031 10.002 0.008 10.007 10.744 0.000999999999999994 10.744 10.662 0 10.658
0.023 0.004 0.027 0.029 0.001 0.03 9.871 0.005 9.874 10.629 0.004 10.63 11.168 0 11.165
0.026 0.001 0.026 0.029 0.001 0.03 9.926 0.007 9.931 10.602 0 10.599 10.543 0 10.541
0.027 0.001 0.029 0.032 0.002 0.033 10.587 0.008 10.594 11.385 0 11.383 11.317 0 11.316
0.023 0.004 0.028 0.033 0.002 0.034 10.586 0.01 10.595 11.358 0 11.356 11.301 0 11.3
0.026 0.001 0.027 0.03 0 0.03 9.874 0.008 9.88 10.633 0.001 10.632 10.533 0 10.53
0.025 0.003 0.028 0.034 0.001 0.035 10.616 0.01 10.624 11.364 0 11.361 11.338 0 11.336
0.027 0.000999999999999994 0.028 0.033 0.001 0.034 10.648 0.007 10.652 11.376 0 11.374 11.299 0 11.297
0.025 0.001 0.026 0.031 0 0.03 9.904 0.01 9.912 10.641 0 10.639 10.582 0 10.58
0.026 0.002 0.028 0.035 0 0.035 10.665 0.01 10.672 11.382 0 11.38 11.341 0 11.339
0.025 0.003 0.028 0.035 0 0.035 10.603 0.01 10.61 11.33 0.001 11.329 11.262 0 11.26
0.026 0.001 0.026 0.029 0.001 0.031 10.024 0.009 10.029 10.758 0.001 10.758 10.707 0 10.704
0.029 0 0.029 0.034 0 0.034 10.612 0.012 10.622 11.341 0.003 11.344 11.306 0 11.305
0.026 0.002 0.028 0.034 0 0.035 10.679 0.009 10.685 11.356 0.00199999999999999 11.355 11.339 0 11.338
0.024 0.00199999999999999 0.026 0.03 0 0.03 10.321 0.009 10.328 11.421 0.001 11.419 11.331 0 11.329
0.027 0.001 0.027 0.034 0 0.035 10.616 0.005 10.617 11.38 0.000999999999999994 11.38 10.997 0 10.995
0.026 0.003 0.029 0.033 0.001 0.034 10.637 0.007 10.641 11.411 0 11.408 11.334 0 11.332
0.027 0.001 0.028 0.034 0 0.035 10.605 0.012 10.613 11.335 0 11.333 11.29 0 11.287
0.026 0.002 0.034 0.032 0 0.031 10.659 0.00800000000000001 10.673 11.478 0.001 11.484 11.329 0 11.334
0.026 0.003 0.035 0.032 0 0.032 10.115 0.012 10.124 10.88 0 10.878 10.816 0 10.814
0.026 0 0.027 0.03 0.001 0.031 10.058 0.008 10.064 10.776 0 10.774 10.701 0 10.699
0.028 0 0.029 0.033 0.000999999999999997 0.034 10.49 0.005 10.492 10.641 0 10.638 10.54 0 10.538
0.025 0.002 0.026 0.03 0 0.031 9.939 0.01 9.953 10.643 0.001 10.649 10.553 0.001 10.557
0.029 0 0.029 0.034 0 0.034 10.487 0.013 10.497 10.638 0 10.636 10.542 0 10.539
0.025 0.003 0.029 0.031 0 0.031 10.085 0.008 10.091 10.692 0 10.69 10.744 0 10.741
0.028 0.002 0.03 0.037 0.002 0.04 10.31 0.013 10.32 10.786 0 10.784 11.408 0 11.405
0.028 0.001 0.029 0.035 0.001 0.036 10.774 0.007 10.778 10.814 0.001 10.814 10.978 0 10.976
0.025 0.00199999999999999 0.027 0.029 0.002 0.031 10.091 0.007 10.097 10.642 0.002 10.642 10.554 0 10.55
0.024 0.00199999999999999 0.026 0.031 0 0.03 10.293 0.005 10.297 11.239 0.00199999999999999 11.244 11.024 0 11.026
0.026 0.00199999999999999 0.028 0.033 0.001 0.035 10.618 0.009 10.624 11.334 0.001 11.333 10.936 0 10.941
0.025 0.002 0.028 0.035 0.001 0.035 10.643 0.008 10.649 11.408 0.003 11.409 11.371 0 11.368
0.027 0.001 0.028 0.034 0.000999999999999994 0.034 10.579 0.009 10.586 11.299 0.001 11.298 11.264 0 11.262
0.024 0.004 0.028 0.033 0.001 0.034 10.672 0.006 10.675 11.389 0.001 11.388 11.369 0 11.366
0.027 0.000999999999999994 0.028 0.035 0 0.035 10.627 0.012 10.636 11.384 0 11.382 11.346 0 11.344
0.026 0 0.027 0.033 0.000999999999999994 0.034 10.386 0.011 10.394 11.133 0.001 11.133 11.093 0 11.089
0.026 0 0.027 0.031 0 0.03 9.895 0.008 9.9 10.63 0 10.628 10.573 0 10.571
0.027 0.001 0.028 0.032 0.000999999999999994 0.032 10.638 0.00700000000000001 10.642 11.346 0.001 11.346 11.313 0 11.31
0.027 0.001 0.028 0.034 0 0.035 10.667 0.01 10.673 11.395 0 11.392 11.341 0 11.339
0.024 0.003 0.027 0.03 0.000999999999999994 0.03 9.871 0.009 9.877 10.589 0.002 10.59 10.659 0 10.656
0.025 0.002 0.027 0.029 0.001 0.03 9.943 0.006 9.946 10.633 0 10.631 10.693 0 10.696
0.027 0 0.027 0.015 0.000999999999999994 0.016 10.001 0.011 10.009 10.6 0 10.597 10.764 0 10.762
0.023 0.003 0.027 0.03 0.001 0.03 9.922 0.005 9.925 10.637 0 10.636 10.786 0 10.783
0.028 0 0.028 0.037 0 0.037 10.662 0.003 10.663 11.357 0 11.354 11.325 0 11.323
0.025 0.002 0.027 0.034 0.001 0.035 10.621 0.007 10.625 11.347 0.002 11.348 11.32 0 11.317
0.023 0.005 0.028 0.035 0 0.034 10.627 0.005 10.629 11.328 0.002 11.329 11.268 0 11.267
0.027 0.001 0.028 0.037 0.001 0.037 10.642 0.008 10.647 11.381 0 11.38 11.296 0 11.293
0.026 0.00199999999999999 0.028 0.033 0.001 0.034 10.587 0.007 10.592 11.328 0 11.326 11.248 0 11.245
0.027 0.000999999999999994 0.029 0.035 0 0.034 10.657 0.003 10.658 11.407 0 11.406 11.357 0 11.355
0.024 0.003 0.026 0.029 0.001 0.03 9.966 0.00899999999999999 9.972 10.647 0 10.645 10.557 0 10.554
0.028 0 0.028 0.037 0.001 0.038 10.689 0.005 10.691 11.433 0 11.431 11.376 0 11.374
0.027 0.001 0.028 0.035 0 0.035 10.607 0.009 10.613 11.371 0.001 11.37 11.311 0 11.309
0.026 0.001 0.026 0.03 0.001 0.03 9.956 0.005 9.96 10.63 0.001 10.628 10.563 0 10.56
0.027 0.002 0.029 0.034 0 0.034 10.646 0.007 10.651 11.411 0 11.411 11.316 0 11.315
0.027 0.001 0.028 0.034 0 0.034 10.617 0.01 10.624 11.396 0 11.394 11.318 0 11.316
0.026 0.001 0.026 0.03 0 0.03 9.924 0.006 9.928 10.631 0.001 10.629 10.514 0 10.511
0.038 0.002 0.04 0.048 0.001 0.049 17.216 0.00699999999999999 17.246 16.751 0.001 16.815 15.598 0 15.62
0.026 0.002 0.028 0.032 0.001 0.033 10.736 0.008 10.742 11.41 0.000999999999999994 11.409 11.434 0 11.432
0.024 0.003 0.027 0.029 0.001 0.03 10.051 0.011 10.059 10.777 0.002 10.777 10.706 0 10.704
0.027 0.001 0.028 0.034 0.001 0.034 10.048 0.009 10.061 10.396 0.002 10.4 10.195 0 10.196
0.028 0 0.029 0.035 0 0.034 10.017 0.005 10.02 10.64 0 10.638 10.54 0 10.538
0.025 0.003 0.027 0.034 0 0.035 10.166 0.009 10.172 10.657 0.002 10.658 10.609 0 10.607
0.027 0.001 0.028 0.034 0.001 0.034 10.081 0.007 10.085 10.654 0 10.653 10.548 0 10.544
0.024 0.002 0.028 0.033 0 0.033 10.096 0.007 10.1 10.933 0 10.93 10.857 0 10.856
0.026 0.003 0.028 0.035 0 0.036 10.884 0.01 10.89 11.623 0 11.62 11.313 0 11.31
0.026 0 0.026 0.03 0 0.031 10.513 0.04 10.584 11.82 0.041 11.899 11.949 0.012 11.994
0.025 0.002 0.027 0.029 0.001 0.03 9.964 0.01 9.971 10.678 0 10.676 10.62 0 10.618
0.026 0 0.027 0.029 0.001 0.03 9.966 0.009 9.973 11.423 0.000999999999999994 11.422 11.375 0 11.372
0.027 0.001 0.028 0.035 0 0.034 10.618 0.009 10.625 11.372 0.00199999999999999 11.372 10.551 0 10.549
0.025 0.002 0.026 0.03 0 0.031 9.884 0.008 9.889 10.656 0 10.654 10.596 0 10.593
0.027 0 0.026 0.029 0.001 0.031 10.343 0.008 10.347 11.361 0 11.359 11.31 0 11.309
0.027 0.001 0.027 0.035 0 0.035 10.556 0.015 10.568 11.346 0.001 11.345 10.979 0 10.976
0.026 0.000999999999999994 0.027 0.032 0.001 0.034 10.31 0.008 10.316 11.091 0.001 11.09 11.012 0 11.007
0.024 0.002 0.026 0.03 0 0.03 9.867 0.006 9.871 10.586 0.001 10.585 10.509 0 10.505
0.025 0.003 0.028 0.035 0 0.035 10.642 0.009 10.648 11.418 0 11.415 11.331 0 11.329
0.027 0.001 0.028 0.033 0.00199999999999999 0.035 10.59 0.002 10.589 11.304 0 11.302 11.245 0 11.243
0.023 0.005 0.029 0.034 0 0.033 10.651 0.00700000000000001 10.656 11.407 0 11.405 11.323 0 11.321
0.027 0.001 0.028 0.033 0.001 0.035 10.665 0.005 10.667 11.444 0 11.441 11.387 0 11.385
0.024 0.00199999999999999 0.027 0.031 0 0.03 9.922 0.00800000000000001 9.928 10.598 0.00199999999999999 10.599 11.026 0 11.022
0.025 0.00199999999999999 0.026 0.03 0 0.03 9.892 0.011 9.9 10.64 0.001 10.64 10.581 0.001 10.578
0.026 0.001 0.026 0.029 0.001 0.03 9.887 0.008 9.892 10.604 0 10.602 10.552 0 10.549
0.022 0.004 0.026 0.03 0.000999999999999994 0.031 9.96 0.00700000000000001 9.964 10.675 0.001 10.675 10.634 0 10.631
0.025 0.00199999999999999 0.027 0.029 0.001 0.03 9.916 0.008 9.922 10.59 0 10.588 10.547 0 10.543
0.026 0.001 0.026 0.03 0 0.031 10.344 0.006 10.348 11.416 0.001 11.414 11.336 0 11.334
0.025 0.003 0.028 0.032 0.003 0.034 10.685 0.013 10.696 11.432 0 11.43 10.993 0 10.991
0.025 0.002 0.027 0.03 0 0.03 10.316 0.009 10.323 11.376 0.008 11.388 11.25 0.031 11.283
0.027 0.001 0.028 0.035 0 0.034 10.62 0.007 10.625 11.338 0.001 11.337 10.941 0 10.939
0.025 0.002 0.027 0.032 0 0.032 10.602 0.009 10.608 11.328 0 11.326 11.277 0 11.274
0.024 0.003 0.028 0.036 0 0.035 10.605 0.008 10.61 11.158 0 11.157 11.113 0 11.111
0.025 0.001 0.027 0.029 0.001 0.03 9.876 0.015 9.888 10.636 0.002 10.636 10.527 0 10.524
0.028 0.001 0.029 0.033 0.001 0.034 10.725 0.005 10.726 11.421 0.001 11.42 11.397 0 11.395
0.028 0 0.028 0.035 0 0.034 10.637 0.011 10.646 11.365 0.001 11.363 11.318 0 11.317
0.024 0.002 0.026 0.029 0.000999999999999994 0.03 9.899 0.00800000000000001 9.905 10.636 0 10.634 10.539 0 10.537
0.028 0 0.028 0.034 0.000999999999999994 0.034 10.603 0.009 10.611 11.174 0 11.174 11.095 0 11.093
0.027 0.001 0.028 0.034 0 0.035 10.693 0.01 10.699 11.382 0.001 11.381 11.284 0 11.283
0.026 0.00199999999999999 0.029 0.033 0.001 0.034 10.287 0.004 10.288 10.636 0.001 10.635 10.51 0 10.508
0.026 0.000999999999999994 0.027 0.029 0.002 0.03 9.96 0.012 9.969 10.67 0 10.669 11.07 0 11.066
0.028 0 0.028 0.018 0 0.018 10.651 0.006 10.654 11.236 0.001 11.235 11.168 0 11.165
0.028 0 0.028 0.033 0.001 0.034 10.581 0.008 10.587 11.33 0.001 11.329 11.262 0 11.26
0.026 0.001 0.027 0.031 0 0.03 10.716 0.005 10.719 11.52 0 11.519 11.416 0 11.413
0.027 0 0.027 0.03 0 0.03 10.027 0.011 10.035 10.782 0 10.781 10.731 0 10.727
0.026 0 0.026 0.031 0 0.031 9.958 0.008 9.963 10.675 0.001 10.674 10.693 0 10.69
0.025 0.002 0.027 0.031 0 0.03 9.894 0.011 9.909 10.579 0.002 10.584 10.6 0 10.605
0.023 0.004 0.027 0.03 0 0.031 9.957 0.011 9.964 10.662 0.003 10.664 10.723 0 10.72
0.024 0.002 0.027 0.031 0 0.03 9.919 0.015 9.931 10.599 0.001 10.598 10.651 0 10.648
0.027 0 0.026 0.029 0.000999999999999994 0.031 10.058 0.002 10.057 11.105 0 11.103 11.478 0 11.476
0.024 0.002 0.027 0.031 0 0.03 9.968 0.00899999999999999 9.975 10.752 0 10.751 10.778 0 10.774
0.026 0.003 0.028 0.033 0.001 0.035 10.563 0.009 10.568 10.706 0 10.704 11.125 0 11.122
0.026 0.001 0.026 0.029 0.001 0.03 10.143 0.007 10.148 10.649 0.001 10.647 10.649 0 10.647
0.025 0.001 0.027 0.03 0 0.03 10.021 0.007 10.026 11.474 0 11.472 11.395 0 11.391
0.026 0.002 0.027 0.034 0 0.034 10.59 0.007 10.594 11.337 0 11.334 10.661 0 10.659
0.026 0.001 0.027 0.03 0 0.03 9.878 0.012 9.887 10.588 0.001 10.587 11.107 0 11.104
0.026 0.002 0.028 0.034 0 0.034 10.341 0.009 10.348 10.674 0 10.671 10.529 0 10.527
0.025 0.001 0.027 0.029 0.002 0.03 10.333 0.01 10.34 11.448 0 11.446 11.377 0 11.375
0.028 0 0.028 0.034 0 0.034 10.564 0.008 10.569 11.316 0.000999999999999994 11.315 10.907 0 10.905
0.025 0.002 0.027 0.034 0 0.033 10.398 0.007 10.404 11.073 0 11.07 11.008 0 11.005
0.024 0.002 0.027 0.03 0.001 0.03 9.913 0.011 9.923 10.648 0 10.645 10.556 0 10.553
0.027 0.002 0.028 0.034 0 0.035 10.629 0.009 10.635 11.369 0 11.367 11.318 0 11.314
0.027 0.002 0.028 0.033 0.001 0.034 10.653 0.005 10.655 11.403 0 11.401 11.322 0 11.32
0.026 0.002 0.028 0.033 0.000999999999999994 0.034 10.028 0.009 10.034 10.657 0.001 10.656 10.548 0 10.545
0.025 0.003 0.029 0.034 0.001 0.034 10.003 0.009 10.01 10.657 0.001 10.655 10.582 0 10.579
0.027 0.001 0.028 0.034 0 0.034 9.961 0.008 9.967 10.608 0 10.606 10.501 0 10.498
0.026 0.00199999999999999 0.029 0.033 0.001 0.034 9.857 0.005 9.859 10.584 0.003 10.585 10.451 0 10.448
0.027 0.000999999999999994 0.029 0.037 0 0.036 10.736 0.01 10.744 11.457 0.002 11.457 11.405 0 11.403
0.026 0.003 0.029 0.035 0.000999999999999994 0.036 10.657 0.012 10.666 11.323 0.001 11.322 11.285 0 11.283
0.025 0.002 0.027 0.029 0.002 0.03 9.947 0.007 9.953 10.629 0 10.627 10.533 0 10.53
0.026 0.003 0.028 0.033 0.001 0.034 10.594 0.003 10.595 11.317 0.002 11.316 11.268 0 11.267
0.027 0.001 0.028 0.032 0.002 0.034 10.637 0.011 10.644 11.361 0.001 11.361 11.301 0 11.299
0.026 0 0.026 0.028 0.003 0.03 9.897 0.011 9.906 10.575 0.001 10.574 10.521 0 10.518
0.024 0.003 0.026 0.029 0.000999999999999994 0.031 9.874 0.011 9.883 10.634 0 10.633 10.57 0 10.567
0.025 0.002 0.027 0.037 0.001 0.038 10.68 0.007 10.684 11.416 0.003 11.417 11.367 0 11.365
0.026 0.001 0.028 0.035 0 0.034 10.601 0.006 10.605 11.386 0 11.384 11.322 0 11.319
0.025 0.001 0.026 0.031 0 0.031 9.906 0.01 9.914 10.734 0.001 10.733 10.661 0 10.658
0.027 0.001 0.028 0.037 0 0.037 10.577 0.006 10.582 11.163 0 11.163 11.11 0 11.11
0.027 0.001 0.028 0.034 0 0.034 10.633 0.00700000000000001 10.639 11.413 0.000999999999999994 11.41 11.315 0 11.313
0.027 0.001 0.029 0.034 0.001 0.034 10.466 0.015 10.479 10.635 0.002 10.635 10.579 0 10.575
0.027 0.001 0.028 0.033 0 0.033 10.688 0.013 10.699 11.453 0 11.451 11.385 0 11.381
0.026 0.002 0.028 0.033 0.001 0.035 10.611 0.006 10.613 11.362 0.003 11.363 11.305 0 11.303
0.025 0.00199999999999999 0.027 0.029 0.001 0.03 9.911 0.01 9.919 10.634 0 10.632 10.793 0 10.79
0.026 0.002 0.028 0.032 0 0.032 10.027 0.011 10.035 10.798 0.001 10.797 10.754 0 10.752
0.027 0.002 0.029 0.035 0 0.035 10.636 0.01 10.668 11.605 0.011 11.644 11.527 0.026 11.583
0.025 0.002 0.026 0.03 0 0.03 9.893 0.014 9.904 10.599 0 10.597 10.535 0 10.532
0.027 0 0.027 0.029 0.001 0.03 9.93 0.011 9.938 10.701 0 10.699 10.589 0 10.586
0.025 0.001 0.026 0.028 0.003 0.031 9.943 0.009 9.95 10.613 0 10.611 10.56 0 10.558
0.026 0.001 0.026 0.029 0.000999999999999994 0.031 9.884 0.00600000000000001 9.887 10.684 0 10.683 10.623 0 10.621
0.026 0.001 0.027 0.03 0 0.031 10.123 0.011 10.131 10.935 0.003 10.936 10.607 0 10.605
0.028 0.001 0.029 0.036 0 0.036 10.967 0.006 10.97 11.587 0.001 11.586 10.782 0 10.78
0.025 0.00199999999999999 0.026 0.029 0.002 0.031 10.873 0.029 10.978 11.752 0.012 11.8 11.301 0 11.299
0.027 0 0.027 0.03 0 0.03 9.98 0.007 9.984 10.707 0.001 10.707 10.766 0 10.763
0.027 0.001 0.028 0.014 0.003 0.017 10.134 0.011 10.143 10.418 0.001 10.417 10.379 0.001 10.377
0.027 0 0.027 0.031 0 0.031 10.277 0.001 10.275 11.382 0.002 11.382 11.287 0 11.286
0.024 0.004 0.028 0.032 0.002 0.035 10.651 0.01 10.658 11.42 0.001 11.419 11.005 0 11.002
0.025 0.002 0.027 0.033 0.001 0.033 10.452 0.005 10.455 11.143 0.003 11.144 11.088 0 11.086
0.026 0 0.026 0.03 0 0.03 9.88 0.011 9.887 10.588 0 10.586 10.506 0 10.503
0.028 0.001 0.029 0.034 0 0.034 10.669 0.005 10.671 11.377 0 11.375 11.355 0 11.352
0.026 0.00199999999999999 0.028 0.035 0 0.034 10.64 0.009 10.646 11.373 0 11.371 11.315 0 11.313
0.037 0.003 0.039 0.048 0.001 0.049 16.074 0.012 16.166 18.602 0.002 18.631 18.142 0.001 18.208
0.026 0.002 0.028 0.035 0 0.034 10.608 0.005 10.61 11.369 0 11.367 11.277 0 11.275
0.027 0.001 0.028 0.035 0 0.034 10.586 0.008 10.593 11.365 0.001 11.362 11.274 0 11.273
0.024 0.003 0.026 0.031 0 0.031 10.014 0.011 10.023 10.718 0.003 10.719 10.822 0 10.818
0.027 0 0.026 0.029 0.001 0.03 9.908 0.01 9.915 10.606 0.001 10.605 10.685 0 10.683
0.026 0.001 0.027 0.03 0 0.03 9.966 0.01 9.972 10.668 0 10.667 10.758 0 10.755
0.027 0 0.027 0.029 0.001 0.03 9.887 0.013 9.898 10.61 0 10.608 10.648 0 10.644
0.024 0.003 0.049 0.037 0 0.036 10.619 0.009 10.625 11.376 0.000999999999999994 11.376 11.291 0 11.288
0.024 0.003 0.048 0.037 0 0.037 10.641 0.01 10.648 11.348 0.001 11.347 11.283 0 11.281
0.026 0.00199999999999999 0.028 0.033 0.001 0.033 10.618 0.008 10.623 11.357 0.001 11.357 11.285 0 11.283
0.029 0 0.028 0.034 0 0.035 10.593 0.00799999999999999 10.598 11.347 0.001 11.346 11.294 0 11.292
0.027 0.001 0.028 0.032 0.002 0.034 10.614 0.004 10.616 11.302 0 11.299 11.252 0 11.25
0.027 0.001 0.028 0.033 0.001 0.034 10.558 0.009 10.565 11.32 0.004 11.321 11.258 0 11.257
0.024 0.00199999999999999 0.026 0.031 0 0.03 9.89 0.012 9.9 10.588 0 10.586 10.512 0 10.51
0.026 0.001 0.028 0.037 0.001 0.037 10.6 0.008 10.607 11.371 0 11.368 11.289 0 11.287
0.026 0.002 0.028 0.034 0 0.034 10.675 0.017 10.689 11.423 0.001 11.423 11.33 0 11.327
0.026 0 0.026 0.03 0 0.03 9.898 0.011 9.907 10.65 0 10.649 10.558 0 10.554
0.026 0.001 0.028 0.035 0 0.034 10.691 0.011 10.699 11.379 0 11.377 11.328 0 11.327
0.023 0.005 0.028 0.032 0.001 0.033 10.634 0.01 10.643 11.385 0 11.384 11.348 0 11.346
0.027 0.001 0.028 0.035 0.001 0.035 10.655 0.009 10.662 11.436 0.000999999999999994 11.434 11.353 0 11.352
0.027 0.001 0.028 0.034 0.00199999999999999 0.036 10.612 0.011 10.62 11.332 0 11.33 11.258 0 11.255
0.023 0.003 0.026 0.03 0.001 0.031 10.42 0.01 10.427 11.525 0 11.522 11.449 0 11.448
0.026 0.001 0.028 0.035 0 0.035 10.604 0.006 10.607 11.346 0.003 11.347 10.957 0 10.955
0.025 0.003 0.028 0.033 0.000999999999999994 0.033 10.788 0.013 10.805 11.401 0 11.408 11.398 0.001 11.404
0.024 0.00199999999999999 0.028 0.03 0.001 0.031 10.021 0.012 10.03 10.767 0 10.767 10.645 0 10.641
0.024 0.003 0.027 0.033 0.001 0.035 10.034 0.009 10.039 10.651 0.001 10.65 10.531 0 10.528
0.026 0.00199999999999999 0.028 0.034 0 0.034 9.994 0.011 10.002 10.596 0 10.593 10.511 0 10.508
0.027 0.001 0.028 0.034 0 0.034 10.065 0.01 10.072 10.658 0.002 10.659 10.564 0 10.561
0.026 0.002 0.028 0.034 0.001 0.034 9.967 0.011 9.976 10.673 0.002 10.673 10.593 0 10.589
0.023 0.003 0.026 0.028 0.002 0.03 9.943 0.01 9.95 10.817 0 10.816 10.803 0 10.8
0.026 0.001 0.027 0.031 0 0.03 10.087 0.009 10.093 11.455 0 11.453 11.551 0 11.55
0.029 0.000999999999999997 0.029 0.038 0.001 0.039 10.334 0.006 10.339 10.87 0.001 10.869 11.375 0 11.372
0.026 0.001 0.027 0.028 0.002 0.031 10.112 0.009 10.119 10.693 0 10.691 10.696 0 10.693
0.028 0 0.028 0.032 0.000999999999999994 0.033 10.677 0.015 10.689 11.399 0.000999999999999994 11.397 11.381 0 11.378
0.026 0.002 0.028 0.034 0 0.034 10.636 0.008 10.642 11.396 0 11.393 11.31 0 11.307
0.027 0.001 0.029 0.034 0.001 0.034 10.571 0.011 10.58 11.325 0.001 11.324 11.254 0 11.252
0.026 0.00199999999999999 0.028 0.034 0.001 0.035 10.614 0.013 10.624 11.32 0.00199999999999999 11.319 11.269 0 11.267
0.026 0 0.027 0.034 0 0.033 10.38 0.012 10.389 11.097 0 11.095 11.014 0 11.012
0.024 0.002 0.026 0.03 0 0.03 9.874 0.009 9.88 10.593 0 10.591 10.555 0 10.552
0.027 0.001 0.028 0.035 0.001 0.035 10.628 0.01 10.636 11.394 0 11.392 11.309 0 11.307
0.027 0.001 0.028 0.033 0.001 0.035 10.63 0.00700000000000001 10.634 11.361 0.00199999999999999 11.361 11.316 0 11.314
0.036 0.003 0.04 0.046 0.002 0.048 14.502 0.014 14.547 20.246 0.004 20.291 20.315 0 20.353
0.026 0.001 0.027 0.028 0.003 0.031 9.87 0.009 9.876 10.648 0 10.646 10.533 0 10.531
0.024 0.002 0.027 0.03 0 0.03 9.932 0.011 9.94 10.669 0 10.667 10.797 0 10.793
0.024 0.002 0.027 0.03 0 0.03 9.874 0.005 9.877 10.636 0.003 10.636 10.771 0 10.767
0.025 0.001 0.026 0.029 0.001 0.03 9.883 0.015 9.896 10.642 0.002 10.642 10.792 0 10.789
0.025 0.001 0.026 0.029 0.001 0.03 9.809 0.011 9.817 10.439 0.00199999999999999 10.439 10.54 0 10.537
0.028 0 0.028 0.032 0 0.032 10.582 0.009 10.588 11.348 0.001 11.347 11.324 0 11.322
0.027 0.00199999999999999 0.028 0.033 0.001 0.034 10.613 0.012 10.622 11.36 0.001 11.359 11.284 0 11.283
0.027 0.001 0.028 0.032 0.002 0.034 10.569 0.011 10.578 11.161 0 11.158 11.127 0 11.126
0.027 0.001 0.028 0.034 0 0.034 10.622 0.01 10.63 11.33 0 11.328 11.241 0 11.239
0.027 0.001 0.028 0.033 0 0.034 10.645 0.006 10.648 11.386 0.001 11.385 11.328 0 11.326
0.028 0 0.028 0.034 0 0.034 10.66 0.008 10.664 11.397 0 11.395 11.323 0 11.321
0.026 0.000999999999999994 0.027 0.029 0.001 0.03 9.928 0.01 9.936 10.656 0.001 10.655 10.531 0 10.528
0.026 0.002 0.028 0.036 0 0.036 10.627 0.01 10.634 11.45 0 11.448 11.368 0 11.366
0.027 0.001 0.028 0.034 0 0.035 10.628 0.007 10.632 11.385 0.001 11.383 11.311 0 11.309
0.027 0 0.026 0.03 0 0.031 9.97 0.012 9.979 10.675 0.001 10.674 10.586 0 10.582
0.027 0.001 0.028 0.036 0 0.036 10.742 0.011 10.751 11.469 0.001 11.469 11.421 0 11.421
0.027 0.000999999999999994 0.028 0.034 0.001 0.035 10.723 0.014 10.734 11.453 0.000999999999999994 11.452 11.375 0 11.373
0.024 0.003 0.027 0.033 0.001 0.035 10.602 0.006 10.605 11.362 0.001 11.36 11.309 0 11.306
0.027 0.001 0.028 0.033 0.001 0.034 10.634 0.012 10.643 11.35 0 11.349 11.306 0 11.303
0.025 0.001 0.026 0.031 0 0.031 9.832 0.007 9.836 10.587 0 10.585 10.502 0 10.501
0.024 0.002 0.026 0.031 0 0.032 9.965 0.008 9.969 10.645 0.00199999999999999 10.647 10.595 0 10.591
0.026 0.002 0.028 0.017 0.001 0.018 10.706 0.011 10.715 11.281 0.001 11.279 11.242 0 11.242
0.025 0.001 0.027 0.031 0 0.031 10.032 0.011 10.041 10.802 0 10.8 10.69 0 10.687
0.026 0.002 0.028 0.034 0 0.034 10.11 0.004 10.113 10.645 0.002 10.645 10.536 0 10.534
0.028 0.001 0.029 0.032 0.002 0.034 10.062 0.01 10.069 10.625 0.00199999999999999 10.624 10.562 0 10.56
0.026 0.002 0.028 0.033 0.001 0.034 10.15 0.007 10.155 10.64 0.001 10.639 10.58 0 10.578
0.029 0 0.029 0.033 0.001 0.034 10.069 0.00899999999999999 10.076 10.624 0.001 10.623 10.542 0 10.539
0.026 0.001 0.027 0.031 0 0.032 10.218 0.006 10.22 10.655 0.001 10.654 10.607 0 10.604
0.027 0.002 0.029 0.034 0.00199999999999999 0.036 11.074 0.011 11.083 10.803 0 10.801 10.84 0 10.838
0.027 0.001 0.027 0.031 0.001 0.032 10.901 0.007 10.905 11.917 0 11.915 10.816 0 10.814
0.025 0.001 0.027 0.03 0 0.03 9.944 0.01 9.95 10.706 0.001 10.706 10.636 0 10.632
0.025 0.001 0.026 0.03 0 0.03 9.894 0.012 9.902 10.629 0.002 10.629 10.541 0 10.54
0.026 0.002 0.028 0.035 0 0.035 10.581 0.009 10.587 11.325 0 11.323 11.283 0 11.281
0.027 0.00199999999999999 0.028 0.033 0.002 0.035 10.604 0.008 10.609 11.354 0.002 11.354 11.275 0 11.273
0.027 0 0.027 0.029 0.001 0.031 10.339 0.012 10.348 11.377 0.001 11.376 11.326 0 11.323
0.028 0 0.028 0.034 0 0.035 10.583 0.008 10.588 11.377 0.001 11.376 10.96 0 10.957
0.026 0.001 0.027 0.033 0 0.034 10.368 0.012 10.376 11.048 0 11.046 11.009 0 11.006
0.025 0.001 0.026 0.031 0 0.03 9.977 0.00899999999999999 9.984 10.708 0.002 10.709 10.659 0 10.656
0.027 0.001 0.028 0.034 0 0.034 10.578 0.009 10.584 11.329 0.001 11.327 11.273 0 11.27
0.027 0.001 0.028 0.033 0.002 0.034 10.639 0.007 10.643 11.389 0.001 11.389 11.334 0 11.331
0.038 0.002 0.04 0.048 0.000999999999999987 0.049 14.647 0.013 14.687 18.639 0.001 18.669 18.48 0 18.501
0.025 0.000999999999999994 0.027 0.031 0 0.03 9.938 0.00800000000000001 9.945 10.67 0.000999999999999994 10.669 10.567 0 10.563
0.026 0.001 0.027 0.031 0 0.03 9.864 0.006 9.869 10.6 0.001 10.597 10.532 0 10.53
0.024 0.003 0.026 0.03 0 0.031 9.925 0.01 9.932 10.655 0 10.653 10.587 0 10.583
0.025 0.002 0.027 0.03 0 0.031 9.915 0.008 9.919 10.592 0.002 10.593 10.495 0 10.491
0.025 0.004 0.029 0.033 0.001 0.035 10.593 0.011 10.601 11.336 0 11.335 11.307 0 11.304
0.027 0.001 0.028 0.034 0 0.034 10.587 0.005 10.59 11.324 0.002 11.323 11.259 0 11.257
0.025 0.002 0.026 0.029 0.001 0.031 10.297 0.013 10.307 11.331 0.001 11.329 11.271 0 11.27
0.028 0.001 0.029 0.034 0.001 0.035 10.616 0.006 10.619 11.312 0.001 11.311 10.913 0 10.91
0.027 0.001 0.028 0.035 0.001 0.037 10.611 0.008 10.615 11.314 0 11.312 11.258 0 11.257
0.025 0.003 0.028 0.036 0 0.036 10.663 0.007 10.667 11.37 0 11.368 11.319 0 11.317
0.027 0 0.026 0.03 0 0.03 9.921 0.006 9.925 10.591 0.001 10.59 10.539 0 10.537
0.027 0.000999999999999994 0.029 0.034 0.001 0.034 10.633 0.011 10.642 11.406 0 11.403 11.347 0 11.346
0.027 0.001 0.028 0.017 0 0.018 10.624 0.006 10.627 11.165 0.001 11.163 11.108 0 11.107
0.025 0.002 0.027 0.029 0.001 0.03 9.975 0.013 9.985 10.689 0.002 10.689 10.614 0 10.611
0.029 0 0.029 0.035 0 0.035 10.732 0.006 10.736 11.445 0.001 11.445 11.43 0 11.429
0.025 0.003 0.028 0.033 0.002 0.035 10.607 0.012 10.616 11.385 0 11.383 11.359 0 11.356
0.026 0 0.027 0.031 0 0.03 10.037 0.00600000000000001 10.041 11.436 0 11.434 11.363 0 11.361
0.027 0.001 0.027 0.034 0 0.035 10.524 0.009 10.53 11.313 0.00199999999999999 11.312 10.59 0 10.586
0.028 0.001 0.029 0.034 0 0.034 10.67 0.005 10.671 11.429 0.001 11.428 11.377 0 11.375
0.027 0.001 0.028 0.033 0.002 0.034 10.591 0.007 10.595 11.312 0 11.31 11.248 0.001 11.248
0.024 0.002 0.026 0.031 0 0.031 10.304 0.009 10.317 11.388 0.003 11.397 11.355 0.000999999999999994 11.362
0.025 0.003 0.028 0.034 0 0.034 10.581 0.012 10.59 11.34 0.003 11.34 10.941 0 10.941
0.027 0.00199999999999999 0.03 0.035 0 0.033 10.613 0.012 10.623 11.397 0 11.395 11.315 0 11.313
0.026 0.002 0.028 0.034 0 0.034 10.633 0.01 10.641 11.396 0.002 11.397 11.319 0 11.316
0.024 0.00199999999999999 0.026 0.03 0 0.03 9.944 0.009 9.95 10.643 0 10.641 10.6 0 10.597
0.026 0.001 0.027 0.03 0 0.03 9.973 0.007 9.978 10.685 0 10.683 11.145 0 11.142
0.026 0.001 0.027 0.03 0 0.03 9.951 0.006 9.955 10.593 0 10.592 10.564 0 10.561
0.023 0.003 0.027 0.031 0 0.03 9.903 0.01 9.911 10.607 0 10.606 11.095 0 11.091
0.025 0.001 0.026 0.03 0.001 0.03 10.043 0.01 10.05 10.869 0 10.868 10.786 0.001 10.784
0.025 0.00199999999999999 0.026 0.03 0 0.031 10.333 0.011 10.341 11.46 0.001 11.459 11.423 0 11.421
0.025 0.002 0.026 0.03 0 0.031 10.088 0.009 10.095 11.442 0 11.439 11.389 0 11.387
0.026 0.001 0.028 0.035 0 0.035 10.686 0.006 10.689 11.526 0 11.524 10.828 0 10.827
0.027 0.001 0.028 0.033 0 0.033 10.593 0.006 10.597 11.334 0.001 11.332 11.254 0 11.252
0.029 0 0.029 0.034 0 0.034 10.624 0.011 10.632 11.414 0.002 11.414 11.295 0 11.293
0.026 0.001 0.027 0.031 0 0.031 10.41 0.01 10.418 11.463 0.002 11.462 11.395 0 11.392
0.027 0.001 0.028 0.034 0 0.034 10.619 0.007 10.624 11.333 0.002 11.332 10.965 0 10.963
0.025 0.002 0.027 0.034 0 0.033 10.374 0.004 10.377 11.108 0 11.106 10.99 0 10.986
0.023 0.003 0.026 0.029 0.002 0.03 9.895 0.01 9.904 10.553 0.001 10.552 10.482 0 10.478
0.027 0.002 0.028 0.035 0 0.035 10.632 0.005 10.635 11.329 0 11.326 11.275 0 11.273
0.026 0.00199999999999999 0.028 0.034 0 0.034 10.621 0.008 10.627 11.344 0 11.34 11.248 0 11.247
0.023 0.004 0.026 0.03 0 0.03 9.941 0.01 9.948 10.65 0.001 10.649 10.556 0 10.554
0.026 0.002 0.028 0.033 0.001 0.035 10.375 0.012 10.383 10.627 0.004 10.629 10.576 0 10.573
0.027 0.001 0.027 0.031 0 0.031 10.178 0.009 10.185 10.881 0.002 10.881 10.802 0 10.799
0.025 0.003 0.028 0.034 0 0.034 10.371 0.015 10.384 10.638 0 10.636 10.535 0 10.532
0.028 0.001 0.029 0.035 0.001 0.036 10.886 0.009 10.893 11.403 0.00199999999999999 11.403 10.724 0 10.722
0.024 0.00199999999999999 0.027 0.03 0.001 0.03 10.026 0.011 10.036 10.929 0 10.927 10.608 0 10.605
0.024 0.003 0.028 0.034 0.001 0.034 10.63 0.01 10.637 11.366 0.003 11.367 11.307 0 11.306
0.027 0.001 0.028 0.033 0.001 0.035 10.637 0.012 10.645 11.344 0 11.342 11.304 0 11.302
0.025 0.001 0.027 0.03 0.001 0.03 9.92 0.012 9.929 10.599 0 10.597 10.517 0 10.515
0.024 0.003 0.027 0.029 0 0.031 9.892 0.01 9.899 10.609 0 10.608 10.494 0 10.491
0.024 0.002 0.026 0.03 0 0.03 9.907 0.006 9.911 10.639 0 10.636 10.555 0 10.553
0.027 0.002 0.029 0.033 0.001 0.034 10.621 0.007 10.625 11.373 0.001 11.372 11.287 0 11.285
0.026 0.002 0.028 0.033 0.001 0.035 10.596 0.014 10.606 11.353 0 11.352 11.309 0 11.307
0.025 0.002 0.026 0.03 0 0.031 9.923 0.006 9.926 10.647 0.002 10.647 10.544 0 10.541
0.024 0.003 0.028 0.037 0.000999999999999994 0.038 10.676 0.00600000000000001 10.68 11.41 0 11.41 11.333 0 11.331
0.026 0.001 0.028 0.035 0 0.035 10.616 0.011 10.624 11.356 0.000999999999999994 11.355 11.305 0.001 11.303
0.024 0.002 0.026 0.03 0 0.03 9.863 0.005 9.865 10.581 0 10.58 10.49 0 10.487
0.04 0 0.04 0.048 0 0.049 14.722 0.014 14.756 18.618 0 18.674 18.605 0 18.627
0.024 0.002 0.026 0.029 0.001 0.03 9.911 0.005 9.914 10.657 0.002 10.657 10.573 0 10.571
0.024 0.002 0.026 0.03 0.000999999999999994 0.03 9.935 0.009 9.942 10.699 0 10.696 10.587 0 10.585
0.025 0.002 0.027 0.029 0.001 0.03 9.928 0.01 9.936 10.615 0 10.611 10.568 0 10.565
0.024 0.002 0.026 0.029 0.001 0.031 9.762 0.005 9.769 10.352 0 10.354 10.309 0 10.311
0.024 0.00199999999999999 0.026 0.031 0 0.031 9.878 0.011 9.886 10.589 0.001 10.588 10.706 0 10.703
0.023 0.004 0.027 0.031 0 0.031 10.391 0.005 10.394 10.823 0 10.822 10.795 0 10.791
0.024 0.003 0.027 0.031 0 0.031 10.947 0.013 10.957 10.816 0.001 10.815 10.843 0 10.842
0.026 0 0.026 0.03 0.001 0.03 9.931 0.007 9.935 10.616 0.002 10.616 10.545 0 10.543
0.026 0.000999999999999994 0.027 0.032 0.001 0.033 10.61 0.003 10.61 11.405 0.002 11.405 11.341 0 11.339
0.027 0.001 0.027 0.034 0 0.035 10.608 0.008 10.613 11.337 0 11.335 11.259 0 11.256
0.025 0.004 0.029 0.033 0 0.033 10.585 0.01 10.593 11.341 0 11.339 11.278 0 11.276
0.027 0.001 0.028 0.035 0 0.034 10.588 0.01 10.595 11.351 0 11.35 11.284 0 11.282
0.025 0.001 0.026 0.029 0.001 0.03 9.93 0.01 9.938 11.375 0.001 11.373 11.316 0 11.314
0.027 0.001 0.028 0.035 0 0.035 10.655 0.008 10.661 11.391 0 11.388 10.659 0 10.658
0.028 0.001 0.029 0.035 0 0.034 10.627 0.007 10.631 11.374 0 11.372 11.291 0 11.289
0.029 0 0.028 0.034 0 0.035 10.607 0.012 10.615 11.31 0 11.309 11.29 0 11.287
0.026 0.001 0.026 0.029 0.001 0.031 10.325 0.012 10.333 11.379 0 11.377 11.316 0 11.315
0.027 0.001 0.029 0.035 0 0.034 10.609 0.009 10.615 11.298 0.001 11.298 10.941 0 10.938
0.026 0.001 0.027 0.03 0.003 0.033 10.33 0.011 10.338 11.123 0 11.121 11.046 0 11.043
0.024 0.002 0.027 0.03 0.001 0.03 9.976 0.01 9.983 10.674 0 10.673 10.625 0 10.621
0.028 0 0.028 0.035 0 0.035 10.597 0.00899999999999999 10.603 11.368 0 11.366 11.27 0 11.267
0.026 0.00199999999999999 0.028 0.033 0.002 0.034 10.514 0.009 10.521 11.096 0.002 11.096 11.036 0 11.033
0.024 0.00199999999999999 0.026 0.03 0 0.031 10.376 0.007 10.381 11.367 0.001 11.366 11.335 0 11.333
0.025 0.001 0.027 0.031 0 0.03 9.925 0.009 9.933 10.826 0 10.824 11.343 0 11.339
0.028 0 0.028 0.016 0.001 0.017 10.598 0.008 10.604 11.202 0.001 11.201 10.825 0 10.823
0.027 0 0.026 0.029 0.001 0.031 10.002 0.007 10.006 10.696 0.002 10.696 10.641 0 10.638
0.026 0 0.026 0.028 0.00199999999999999 0.03 9.891 0.008 9.896 10.617 0 10.615 10.793 0 10.79
0.026 0.002 0.028 0.034 0 0.034 9.85 0.009 9.863 10.297 0.00199999999999999 10.302 10.122 0.001 10.125
0.028 0.001 0.029 0.034 0 0.034 10.242 0.011 10.25 10.878 0.002 10.878 10.708 0 10.706
0.027 0 0.027 0.032 0 0.031 9.795 0.011 9.81 10.355 0.001 10.361 10.376 0 10.379
0.024 0.002 0.026 0.031 0 0.031 9.994 0.01 10.002 10.682 0 10.68 10.591 0 10.588
0.026 0 0.049 0.031 0 0.03 9.988 0.005 9.991 10.696 0.001 10.695 10.58 0 10.578
0.025 0.001 0.026 0.028 0.002 0.03 9.944 0.009 9.95 10.626 0.001 10.625 10.518 0 10.515
0.028 0 0.027 0.035 0.002 0.037 10.582 0.008 10.588 11.366 0.001 11.365 11.288 0 11.285
0.026 0.00199999999999999 0.028 0.035 0 0.034 10.604 0.012 10.614 11.364 0.002 11.364 11.328 0 11.326
0.026 0 0.027 0.031 0 0.031 9.938 0.008 9.942 10.679 0 10.678 10.555 0 10.553
0.027 0.002 0.029 0.034 0 0.034 10.639 0.01 10.648 11.403 0.00199999999999999 11.404 11.375 0 11.374
0.028 0 0.028 0.035 0.001 0.034 10.728 0.01 10.737 11.436 0 11.432 11.413 0 11.41
0.025 0.001 0.026 0.031 0 0.031 9.893 0.011 9.902 11.334 0.001 11.332 11.269 0 11.265
0.028 0 0.028 0.033 0.001 0.035 10.658 0.014 10.669 11.337 0.001 11.336 10.593 0 10.591
0.025 0.003 0.028 0.036 0.002 0.038 10.759 0.011 10.766 11.485 0.001 11.484 11.407 0.001 11.407
0.025 0.003 0.028 0.034 0 0.034 10.576 0.012 10.585 11.274 0 11.272 11.23 0 11.228
0.027 0.002 0.028 0.034 0 0.034 10.648 0.012 10.658 10.959 0 10.958 10.681 0 10.678
0.025 0.001 0.026 0.031 0 0.031 9.973 0.011 9.982 10.659 0.00199999999999999 10.659 10.59 0 10.588
0.028 0.001 0.029 0.034 0 0.034 10.079 0.007 10.083 10.65 0 10.648 10.567 0 10.564
0.024 0.002 0.027 0.031 0 0.031 10.001 0.01 10.008 10.682 0.001 10.682 10.602 0 10.6
0.025 0.001 0.027 0.03 0 0.03 9.934 0.005 9.936 10.625 0.002 10.624 10.524 0 10.521
0.027 0.000999999999999994 0.028 0.032 0.001 0.033 10.697 0.005 10.7 11.396 0 11.394 11.358 0 11.356
0.027 0.000999999999999994 0.028 0.033 0.001 0.034 10.661 0.01 10.668 11.343 0.001 11.342 11.294 0.001 11.293
0.025 0.004 0.028 0.034 0 0.035 10.762 0.009 10.767 11.425 0 11.423 11.391 0 11.389
0.027 0.001 0.028 0.035 0 0.035 10.757 0.013 10.768 11.534 0.001 11.534 11.441 0 11.439
0.025 0.002 0.027 0.035 0 0.035 9.925 0.008 9.938 10.343 0.003 10.349 10.114 0 10.119
0.025 0.001 0.027 0.031 0 0.031 10.361 0.005 10.364 11.384 0 11.38 11.365 0 11.364
0.027 0.001 0.028 0.035 0 0.034 10.618 0.007 10.624 11.322 0 11.318 10.95 0 10.949
0.026 0.001 0.027 0.034 0 0.033 10.393 0.008 10.398 11.094 0.001 11.094 11.036 0 11.032
0.026 0 0.026 0.029 0.001 0.031 9.919 0.009 9.924 10.622 0 10.621 10.585 0 10.582
0.028 0 0.027 0.037 0 0.038 10.632 0.006 10.635 11.353 0 11.351 11.311 0 11.308
0.027 0.001 0.028 0.035 0 0.035 10.643 0.01 10.65 11.404 0.001 11.402 11.332 0 11.329
0.036 0.003 0.04 0.048 0.001 0.048 18.291 0.013 18.336 19.228 0.001 19.27 18.685 0 18.711
0.026 0 0.026 0.03 0.001 0.03 9.901 0.012 9.912 10.577 0.003 10.578 10.517 0.001 10.515
0.027 0.001 0.028 0.034 0 0.034 10.622 0.005 10.625 11.402 0 11.401 11.317 0 11.314
0.027 0.001 0.028 0.033 0.001 0.034 10.632 0.01 10.64 11.382 0.001 11.381 11.309 0 11.307
0.025 0.001 0.027 0.031 0 0.03 9.91 0.009 9.917 10.605 0 10.603 11.186 0 11.183
0.024 0.00199999999999999 0.026 0.029 0.002 0.031 10.028 0.009 10.034 10.748 0.001 10.747 11.023 0 11.02
0.027 0 0.026 0.03 0 0.03 9.87 0.012 9.881 10.645 0 10.642 10.889 0 10.886
0.025 0.00199999999999999 0.026 0.03 0 0.031 9.902 0.008 9.907 10.617 0 10.616 10.569 0 10.566
0.027 0 0.027 0.03 0.001 0.03 9.965 0.008 9.972 10.682 0.001 10.679 10.633 0 10.632
0.027 0.001 0.028 0.035 0 0.035 10.635 0.008 10.64 11.347 0.001 11.346 11.319 0 11.317
0.025 0.002 0.028 0.035 0 0.034 10.625 0.008 10.631 11.35 0 11.348 11.305 0 11.302
0.026 0.000999999999999994 0.027 0.03 0 0.03 9.95 0.007 9.954 10.685 0 10.684 11.124 0 11.12
0.03 0 0.052 0.036 0.001 0.0369999999999999 10.671 0.01 10.679 11.245 0.00199999999999999 11.245 11.201 0 11.199
0.028 0.00199999999999999 0.052 0.035 0.002 0.0369999999999999 10.682 0.00900000000000001 10.688 11.389 0.001 11.388 11.334 0 11.332
0.022 0.004 0.026 0.031 0 0.03 9.879 0.004 9.881 10.611 0 10.609 10.51 0 10.508
0.025 0.004 0.029 0.034 0 0.034 10.625 0.008 10.631 11.362 0.001 11.361 11.314 0 11.312
0.028 0 0.028 0.033 0.001 0.034 10.594 0.013 10.603 11.335 0 11.333 11.276 0 11.275
0.024 0.003 0.027 0.028 0.002 0.031 9.962 0.011 9.97 10.638 0.00199999999999999 10.637 10.576 0 10.573
0.027 0.000999999999999994 0.029 0.036 0 0.036 10.737 0.012 10.748 11.464 0.001 11.463 11.401 0 11.401
0.025 0.003 0.028 0.034 0.001 0.034 10.625 0.007 10.63 11.354 0 11.352 11.285 0 11.281
0.025 0.001 0.026 0.031 0 0.03 9.859 0.007 9.865 10.615 0 10.612 10.973 0 10.971
0.025 0.001 0.026 0.031 0 0.03 9.9 0.009 9.907 10.593 0 10.592 10.745 0 10.742
0.027 0.000999999999999994 0.028 0.036 0.001 0.037 10.731 0.01 10.738 11.41 0.001 11.409 11.376 0 11.373
0.027 0.001 0.028 0.034 0.001 0.035 10.589 0.01 10.596 11.35 0.002 11.35 11.302 0 11.3
0.028 0 0.028 0.034 0 0.034 10.547 0.013 10.557 10.716 0 10.714 10.593 0 10.591
0.026 0.00199999999999999 0.027 0.034 0 0.035 10.181 0.00600000000000001 10.183 10.617 0.000999999999999994 10.616 10.566 0 10.563
0.027 0.002 0.029 0.034 0 0.034 10.249 0.015 10.261 10.701 0 10.699 10.659 0 10.656
0.023 0.004 0.026 0.03 0 0.03 9.966 0.008 9.972 10.657 0 10.657 10.582 0 10.578
0.023 0.003 0.026 0.029 0.001 0.031 9.867 0.009 9.873 10.627 0 10.626 10.758 0 10.754
0.028 0.001 0.029 0.033 0.001 0.034 10.48 0.011 10.489 10.78 0 10.778 10.656 0 10.653
0.028 0 0.028 0.033 0 0.034 10.649 0.01 10.655 11.408 0 11.406 11.318 0 11.317
0.027 0.001 0.028 0.033 0.002 0.035 10.691 0.006 10.693 11.398 0.001 11.397 11.329 0 11.326
0.027 0.001 0.029 0.036 0.000999999999999994 0.037 10.704 0.01 10.711 11.452 0.001 11.451 11.388 0 11.386
0.026 0.002 0.029 0.036 0.001 0.037 10.658 0.01 10.667 11.466 0.001 11.463 11.388 0.001 11.387
0.025 0.002 0.028 0.035 0 0.035 10.083 0.00899999999999999 10.089 10.768 0.002 10.768 10.654 0 10.651
0.027 0 0.027 0.03 0.001 0.03 10.356 0.008 10.362 11.43 0.001 11.428 11.376 0 11.374
0.028 0 0.028 0.034 0 0.034 10.604 0.01 10.611 11.372 0 11.369 10.996 0 10.994
0.025 0.002 0.026 0.032 0.001 0.034 10.399 0.006 10.402 11.106 0.001 11.104 11.07 0 11.069
0.026 0 0.026 0.031 0 0.031 9.995 0.009 10.001 10.784 0.001 10.784 10.651 0.001 10.649
0.027 0.000999999999999997 0.028 0.034 0.001 0.036 10.688 0.013 10.697 11.412 0.001 11.41 11.331 0 11.329
0.025 0.003 0.028 0.034 0.001 0.034 10.595 0.008 10.601 11.311 0 11.308 11.235 0 11.234
0.024 0.003 0.028 0.034 0.001 0.034 10.352 0.005 10.354 10.571 0 10.575 10.342 0 10.343
0.024 0.004 0.029 0.035 0 0.035 10.607 0.009 10.613 11.334 0.001 11.333 11.186 0 11.189
0.028 0 0.028 0.034 0.001 0.035 10.602 0.008 10.607 11.371 0.003 11.372 11.323 0 11.321
0.024 0.002 0.026 0.029 0.001 0.03 9.896 0.008 9.902 10.674 0.001 10.673 10.594 0 10.591
0.023 0.003 0.026 0.029 0.002 0.031 9.884 0.009 9.89 10.608 0.001 10.607 10.502 0 10.499
0.027 0 0.027 0.03 0 0.03 9.92 0.011 9.928 10.6 0.001 10.599 10.537 0 10.534
0.024 0.002 0.027 0.028 0.003 0.03 9.865 0.014 9.877 10.461 0.003 10.463 10.38 0 10.376
0.027 0.002 0.028 0.034 0 0.034 10.056 0.011 10.064 10.612 0 10.61 10.535 0 10.533
0.026 0.00199999999999999 0.028 0.037 0 0.037 10.686 0.009 10.692 11.392 0.001 11.391 11.335 0 11.333
0.027 0.001 0.028 0.034 0 0.034 10.649 0.013 10.659 11.422 0 11.42 11.343 0 11.34
0.027 0.001 0.028 0.034 0 0.035 10.653 0.01 10.661 11.358 0.001 11.358 11.298 0 11.295
0.027 0.001 0.027 0.037 0 0.037 10.682 0.008 10.687 11.36 0 11.358 11.322 0 11.32
0.024 0.00199999999999999 0.027 0.029 0.001 0.03 9.861 0.014 9.871 10.623 0 10.622 10.565 0 10.562
0.025 0.001 0.026 0.029 0.002 0.03 9.898 0.012 9.909 10.629 0 10.626 10.553 0 10.55
0.029 0 0.029 0.035 0 0.034 10.635 0.009 10.641 11.353 0.001 11.352 11.305 0 11.303
0.026 0.00199999999999999 0.028 0.033 0.001 0.034 10.64 0.00600000000000001 10.643 11.357 0 11.355 11.318 0 11.316
0.025 0.002 0.027 0.03 0 0.03 9.909 0.008 9.914 10.603 0.000999999999999994 10.604 10.55 0 10.547
0.029 0 0.029 0.033 0.001 0.035 10.717 0.005 10.72 11.454 0.001 11.454 11.427 0 11.426
0.026 0.00199999999999999 0.028 0.033 0.001 0.034 10.63 0.009 10.636 11.399 0 11.397 11.331 0 11.329
0.024 0.002 0.026 0.03 0 0.03 9.91 0.006 9.914 10.431 0 10.436 10.229 0 10.23
0.028 0.001 0.028 0.033 0 0.034 10.763 0.007 10.767 11.436 0.001 11.435 11.377 0 11.375
0.027 0.000999999999999994 0.028 0.032 0.002 0.035 10.594 0.012 10.604 11.35 0.001 11.349 11.251 0 11.248
0.025 0.002 0.027 0.03 0 0.03 9.913 0.009 9.919 10.872 0 10.87 11.335 0 11.332
0.026 0.001 0.028 0.033 0 0.033 10.648 0.006 10.651 11.345 0.001 11.344 11.287 0 11.285
0.024 0.003 0.028 0.036 0 0.035 10.652 0.011 10.661 11.387 0 11.385 11.297 0 11.296
0.025 0.00199999999999999 0.027 0.029 0.001 0.03 9.976 0.012 9.986 10.847 0 10.845 11.395 0 11.391
0.027 0 0.027 0.029 0.000999999999999994 0.03 9.9 0.009 9.906 10.627 0 10.625 11.166 0 11.163
0.026 0.001 0.027 0.03 0 0.03 9.895 0.007 9.899 10.652 0 10.65 11.245 0 11.242
0.022 0.004 0.026 0.029 0.001 0.03 9.942 0.01 9.95 10.68 0.002 10.681 10.623 0 10.62
0.025 0.001 0.026 0.029 0.000999999999999994 0.031 9.887 0.009 9.893 10.614 0.001 10.614 11.287 0 11.283
0.029 0 0.028 0.033 0.001 0.035 10.758 0.006 10.761 11.516 0 11.512 11.393 0 11.392
0.025 0.00199999999999999 0.028 0.033 0.001 0.034 10.556 0.012 10.565 11.188 0.001 11.187 11.136 0 11.134
0.024 0.003 0.027 0.03 0 0.03 9.873 0.014 9.884 10.741 0 10.739 11.277 0 11.274
0.027 0.001 0.028 0.032 0.003 0.034 10.566 0.009 10.573 10.826 0.001 10.825 10.563 0 10.56
0.026 0.001 0.027 0.03 0 0.031 10.337 0.013 10.347 11.397 0 11.394 11.299 0.001 11.298
0.027 0.001 0.029 0.034 0.001 0.034 10.664 0.00600000000000001 10.667 11.464 0 11.462 11.028 0 11.026
0.026 0.001 0.027 0.031 0.001 0.032 10.33 0.006 10.333 11.061 0 11.059 10.983 0 10.98
0.024 0.00199999999999999 0.026 0.029 0.001 0.03 9.95 0.008 9.956 10.681 0 10.679 10.589 0 10.586
0.026 0.002 0.029 0.032 0.00199999999999999 0.034 10.683 0.01 10.69 11.391 0.002 11.391 11.373 0 11.37
0.026 0.00199999999999999 0.029 0.033 0.001 0.034 10.569 0.01 10.575 11.364 0 11.363 11.282 0 11.28
0.037 0.002 0.04 0.049 0 0.049 14.53 0.00900000000000001 14.559 15.6 0.001 15.624 15.486 0 15.507
0.024 0.002 0.026 0.031 0 0.03 9.94 0.01 9.948 10.607 0 10.605 10.519 0 10.516
0.025 0 0.027 0.031 0.000999999999999994 0.03 9.855 0.004 9.857 10.436 0 10.434 10.38 0 10.377
0.026 0.002 0.028 0.033 0.001 0.034 10.652 0.008 10.657 10.785 0 10.785 10.589 0 10.587
0.027 0.001 0.028 0.034 0 0.034 10.48 0.009 10.485 10.639 0.00199999999999999 10.64 10.528 0 10.524
0.028 0 0.028 0.032 0.00199999999999999 0.034 10.523 0.012 10.532 10.645 0 10.643 10.569 0 10.566
0.026 0 0.026 0.031 0 0.031 9.955 0.009 9.962 10.617 0.003 10.618 10.527 0 10.524
0.027 0.001 0.029 0.033 0.001 0.034 10.417 0.009 10.423 10.411 0.003 10.412 10.369 0 10.365
0.026 0.00199999999999999 0.028 0.034 0 0.035 10.629 0.008 10.634 10.768 0.001 10.766 10.539 0 10.536
0.025 0.001 0.027 0.029 0.001 0.03 10.362 0.01 10.369 11.374 0.001 11.372 11.344 0 11.342
0.026 0.002 0.028 0.033 0.001 0.034 10.529 0.011 10.538 11.356 0.002 11.355 10.948 0 10.947
0.024 0.005 0.03 0.033 0.00199999999999999 0.034 10.654 0.009 10.66 11.476 0 11.474 11.409 0 11.408
0.027 0.002 0.028 0.033 0.000999999999999994 0.034 10.676 0.007 10.681 11.407 0.002 11.407 11.352 0 11.35
0.025 0.001 0.027 0.031 0 0.03 9.902 0.006 9.905 10.675 0 10.674 10.545 0 10.541
0.027 0.001 0.029 0.032 0.001 0.032 10.567 0.009 10.573 11.375 0.001 11.374 11.321 0 11.32
0.025 0.003 0.028 0.034 0 0.034 10.617 0.003 10.617 11.341 0.001 11.34 11.298 0 11.296
0.024 0.003 0.026 0.03 0 0.031 9.833 0.017 9.855 10.643 0.012 10.663 10.518 0.025 10.545
0.027 0.002 0.028 0.032 0.002 0.034 10.614 0.015 10.628 11.409 0.001 11.408 11.312 0 11.313
0.027 0.000999999999999994 0.028 0.035 0 0.034 10.662 0.00800000000000001 10.667 11.447 0 11.446 11.348 0 11.344
0.023 0.003 0.026 0.03 0.001 0.031 9.925 0.00700000000000001 9.93 10.62 0 10.618 10.554 0 10.551
0.027 0 0.026 0.03 0 0.03 9.859 0.00199999999999999 9.859 10.587 0.001 10.586 10.522 0 10.52
0.025 0.001 0.026 0.03 0 0.03 9.921 0.013 9.931 10.654 0.002 10.655 10.621 0 10.618
0.022 0.005 0.026 0.03 0 0.031 9.891 0.009 9.897 10.577 0 10.576 10.531 0 10.529
0.024 0.002 0.026 0.03 0 0.03 9.928 0.008 9.933 10.639 0 10.637 10.814 0 10.811
0.027 0 0.027 0.03 0.000999999999999994 0.03 9.963 0.009 9.97 10.614 0.001 10.614 10.791 0 10.788
0.025 0.001 0.027 0.03 0 0.03 9.926 0.014 9.938 10.643 0.001 10.642 10.828 0 10.825
0.026 0 0.026 0.03 0.000999999999999997 0.031 9.971 0.008 9.976 10.769 0 10.767 10.98 0 10.977
0.026 0.001 0.027 0.03 0.000999999999999994 0.03 9.931 0.012 9.942 10.673 0 10.671 10.787 0 10.784
0.027 0.001 0.028 0.034 0.001 0.035 10.651 0.008 10.656 11.359 0.002 11.359 11.246 0 11.244
0.028 0.001 0.029 0.034 0 0.034 10.515 0.01 10.53 11.064 0.001 11.067 10.902 0 10.906
0.027 0.001 0.029 0.034 0.003 0.036 10.525 0.013 10.54 11.311 0.015 11.331 11.321 0.014 11.339
0.026 0.002 0.028 0.035 0.001 0.036 10.632 0.011 10.64 11.356 0.003 11.357 11.341 0 11.339
0.028 0 0.033 0.03 0.001 0.031 9.85 0.00899999999999999 9.856 10.609 0 10.607 10.725 0 10.722
0.024 0.00199999999999999 0.027 0.03 0.001 0.03 9.982 0.005 9.985 10.718 0.001 10.716 10.687 0 10.685
0.025 0.002 0.026 0.03 0 0.031 9.862 0.009 9.867 10.625 0 10.623 10.937 0 10.935
0.023 0.003 0.026 0.03 0 0.03 9.892 0.008 9.898 10.618 0 10.616 10.947 0 10.945
0.026 0.00199999999999999 0.028 0.036 0.001 0.037 10.671 0.009 10.677 11.38 0.002 11.38 11.324 0 11.322
0.028 0 0.028 0.037 0 0.037 10.609 0.008 10.615 11.295 0.001 11.294 11.287 0 11.284
0.028 0 0.028 0.033 0 0.033 10.617 0.009 10.624 11.366 0.002 11.365 11.294 0 11.292
0.026 0.000999999999999994 0.028 0.016 0.002 0.017 10.597 0.007 10.602 11.119 0.002 11.118 11.083 0 11.081
0.026 0.001 0.026 0.032 0.001 0.034 10.336 0.017 10.35 11.143 0.00199999999999999 11.143 11.031 0 11.028
0.026 0 0.027 0.03 0 0.03 9.885 0.00799999999999999 9.89 10.59 0 10.588 10.532 0 10.529
0.027 0 0.027 0.03 0 0.03 9.919 0.01 9.926 10.603 0.001 10.602 10.609 0 10.606
0.024 0.003 0.027 0.031 0 0.03 9.888 0.009 9.895 10.672 0 10.67 10.911 0 10.909
0.026 0.002 0.028 0.032 0.002 0.035 10.124 0.012 10.132 10.637 0 10.635 10.571 0 10.569
0.027 0.000999999999999994 0.028 0.034 0 0.034 10.064 0.00800000000000001 10.068 10.549 0.00199999999999999 10.55 10.478 0 10.475
0.025 0.002 0.028 0.033 0.001 0.034 10.127 0.008 10.132 10.572 0 10.571 10.527 0 10.523
0.025 0.003 0.028 0.034 0 0.034 10.126 0.008 10.131 10.569 0 10.567 10.5 0 10.496
0.025 0.003 0.028 0.033 0.001 0.034 10.109 0.007 10.114 10.648 0.002 10.647 10.595 0 10.593
0.027 0.001 0.028 0.032 0.002 0.034 10.173 0.009 10.179 10.7 0.003 10.701 10.585 0 10.583
0.024 0.002 0.026 0.031 0 0.031 10.352 0.006 10.356 11.403 0 11.402 11.352 0 11.349
0.028 0 0.027 0.034 0 0.035 10.598 0.011 10.606 11.348 0 11.345 10.929 0 10.927
0.024 0.002 0.026 0.03 0.001 0.031 9.942 0.011 9.95 10.671 0 10.67 10.582 0 10.579
0.026 0.001 0.027 0.029 0.001 0.03 9.984 0.011 9.992 10.709 0.001 10.708 10.58 0 10.577
0.028 0.001 0.028 0.033 0.001 0.034 10.673 0.012 10.682 11.391 0.003 11.393 11.382 0 11.38
0.026 0.00199999999999999 0.028 0.035 0 0.035 10.628 0.006 10.632 11.4 0.003 11.399 11.33 0 11.329
0.022 0.004 0.026 0.03 0.001 0.031 9.921 0.012 9.93 10.615 0 10.613 10.528 0 10.525
0.028 0 0.029 0.033 0.002 0.034 10.691 0.012 10.701 11.439 0 11.439 11.4 0 11.399
0.028 0 0.028 0.033 0.000999999999999994 0.034 10.665 0.009 10.671 11.374 0 11.372 11.354 0 11.351
0.024 0.002 0.026 0.031 0 0.031 9.963 0.007 9.967 10.637 0.002 10.637 10.529 0 10.526
0.027 0.000999999999999994 0.028 0.033 0.002 0.034 10.228 0.007 10.232 10.602 0.003 10.604 10.515 0 10.512
0.024 0.003 0.027 0.017 0 0.018 10.219 0.008 10.224 10.521 0 10.52 10.394 0 10.391
0.028 0 0.027 0.033 0 0.033 9.876 0.011 9.884 10.623 0.000999999999999994 10.622 10.522 0 10.519
0.027 0.001 0.028 0.034 0 0.034 10.101 0.011 10.11 10.456 0.002 10.457 10.374 0 10.371
0.026 0.001 0.026 0.029 0.001 0.031 9.975 0.007 9.979 10.648 0.001 10.647 10.572 0 10.57
0.025 0.00199999999999999 0.027 0.03 0.001 0.031 10.022 0.007 10.027 10.744 0.001 10.742 10.703 0 10.7
0.026 0 0.026 0.031 0 0.031 9.949 0.00600000000000001 9.952 10.613 0 10.611 10.533 0 10.53
0.026 0.000999999999999994 0.027 0.031 0 0.031 9.94 0.026 9.979 10.618 0.023 10.645 10.536 0.003 10.543
0.027 0 0.026 0.029 0.001 0.031 9.946 0.008 9.95 10.645 0 10.643 10.555 0 10.552
0.026 0.002 0.028 0.037 0.001 0.037 10.725 0.012 10.736 11.46 0 11.458 11.38 0 11.376
0.026 0.003 0.028 0.033 0.001 0.034 10.605 0.014 10.617 11.395 0 11.392 11.287 0 11.286
0.027 0.001 0.027 0.036 0.001 0.038 10.64 0.008 10.646 11.327 0 11.324 11.306 0 11.302
0.028 0 0.028 0.034 0.000999999999999994 0.034 10.636 0.01 10.643 11.329 0.002 11.329 11.262 0 11.261
0.028 0.001 0.029 0.034 0 0.035 10.645 0.01 10.651 11.404 0 11.403 11.298 0 11.295
0.025 0.003 0.028 0.034 0 0.035 10.65 0.009 10.656 11.392 0 11.389 11.337 0 11.335
0.026 0.001 0.026 0.03 0 0.031 9.972 0.005 9.974 10.73 0 10.729 11.1 0 11.096
0.026 0.001 0.027 0.031 0 0.031 10.319 0.008 10.324 11.392 0 11.39 11.357 0 11.355
0.026 0.002 0.028 0.017 0 0.017 10.581 0.009 10.587 11.166 0.001 11.164 10.789 0 10.787
0.025 0.002 0.026 0.033 0.000999999999999994 0.034 10.355 0.009 10.363 11.105 0.001 11.104 11.035 0 11.031
0.024 0.002 0.027 0.03 0 0.03 9.981 0.009 9.987 10.69 0 10.688 10.618 0 10.615
0.026 0 0.027 0.03 0.001 0.03 9.885 0.011 9.894 10.614 0 10.613 10.508 0 10.504
0.037 0.002 0.041 0.049 0 0.048 14.492 0.017 14.528 16.848 0 16.869 18.748 0 18.774
0.026 0 0.027 0.033 0.001 0.033 9.922 0.007 9.928 10.591 0.001 10.589 10.526 0 10.524
0.026 0.001 0.026 0.029 0.001 0.03 9.862 0.01 9.869 10.669 0 10.667 10.621 0 10.618
0.023 0.003 0.026 0.029 0.002 0.03 9.892 0.009 9.899 10.617 0 10.615 10.604 0 10.601
0.024 0.003 0.026 0.03 0 0.031 9.966 0.00600000000000001 9.969 10.664 0.002 10.664 10.61 0 10.607
0.025 0.000999999999999994 0.027 0.029 0.001 0.03 9.849 0.007 9.854 10.604 0.001 10.603 10.548 0 10.545
0.026 0 0.027 0.031 0 0.03 9.877 0.00600000000000001 9.881 10.573 0 10.571 10.531 0 10.528
0.024 0.002 0.027 0.03 0 0.03 9.944 0.015 9.955 10.673 0.001 10.672 10.613 0 10.61
0.026 0.002 0.029 0.034 0 0.033 10.685 0.008 10.69 11.43 0.000999999999999994 11.43 11.364 0 11.361
0.028 0 0.028 0.033 0.001 0.034 10.582 0.012 10.591 11.294 0 11.292 11.236 0 11.234
0.026 0.001 0.027 0.033 0 0.033 10.63 0.006 10.634 11.375 0.001 11.375 11.293 0 11.291
0.026 0.00199999999999999 0.028 0.034 0 0.034 10.613 0.01 10.621 11.345 0.001 11.344 11.269 0 11.267
0.025 0.001 0.026 0.031 0 0.031 9.897 0.009 9.903 10.641 0 10.639 10.551 0 10.549
0.027 0.001 0.028 0.035 0 0.034 10.621 0.004 10.623 11.398 0 11.396 11.331 0 11.329
0.025 0.003 0.028 0.034 0 0.034 10.639 0.01 10.647 11.357 0.000999999999999994 11.355 11.296 0 11.294
0.027 0 0.027 0.029 0.002 0.03 9.874 0.015 9.89 10.565 0.002 10.568 10.493 0.00899999999999999 10.505
0.028 0.001 0.028 0.035 0 0.036 10.664 0.015 10.677 11.414 0.004 11.417 11.389 0 11.388
0.024 0.004 0.028 0.033 0.001 0.034 10.625 0.01 10.632 11.353 0.001 11.353 11.294 0 11.292
0.028 0 0.028 0.033 0.001 0.035 10.625 0.007 10.628 11.375 0.001 11.374 11.302 0 11.3
0.026 0.00199999999999999 0.027 0.033 0.001 0.035 10.539 0.00700000000000001 10.543 11.333 0.000999999999999994 11.331 11.253 0 11.252
0.025 0.000999999999999994 0.026 0.031 0 0.031 9.901 0.007 9.905 10.624 0 10.622 10.521 0 10.518
0.028 0 0.028 0.033 0.00199999999999999 0.034 10.333 0.008 10.339 10.605 0 10.603 10.54 0 10.538
0.026 0.001 0.027 0.03 0 0.03 9.874 0.009 9.881 10.629 0 10.627 10.527 0 10.524
0.023 0.003 0.026 0.03 0.001 0.031 9.922 0.008 9.928 10.613 0.002 10.613 10.781 0 10.777
0.025 0.002 0.027 0.029 0.00199999999999999 0.03 10.074 0.009 10.08 10.761 0.001 10.76 11.03 0.001 11.028
0.027 0 0.026 0.03 0.001 0.031 9.921 0.008 9.932 10.666 0.00199999999999999 10.673 10.813 0 10.816
0.025 0.002 0.027 0.029 0.000999999999999994 0.03 9.908 0.009 9.915 10.601 0.001 10.6 10.798 0 10.795
0.026 0 0.027 0.029 0.00199999999999999 0.03 9.885 0.008 9.89 10.608 0.001 10.607 10.567 0 10.565
0.028 0.00199999999999999 0.031 0.032 0.001 0.034 10.813 0.008 10.817 11.559 0.001 11.559 11.486 0 11.483
0.03 0 0.029 0.033 0.000999999999999994 0.034 10.64 0.003 10.641 11.373 0 11.371 11.304 0 11.301
0.027 0 0.028 0.038 0 0.038 10.688 0.011 10.696 11.398 0 11.396 11.336 0 11.334
0.025 0.003 0.028 0.034 0.001 0.034 10.574 0.01 10.582 11.338 0.001 11.336 11.268 0 11.267
0.023 0.003 0.026 0.015 0.001 0.016 9.944 0.01 9.95 11.143 0.003 11.147 10.897 0 10.899
0.026 0.00199999999999999 0.028 0.035 0 0.035 10.613 0.01 10.621 11.329 0 11.326 10.473 0 10.476
0.027 0 0.027 0.028 0.00199999999999999 0.03 9.908 0.004 9.91 10.609 0.001 10.609 10.614 0 10.61
0.027 0 0.026 0.031 0 0.03 10.442 0.016 10.457 11.481 0.001 11.479 11.429 0 11.426
0.028 0.000999999999999994 0.028 0.033 0.001 0.034 10.702 0.01 10.709 11.438 0.001 11.437 11.033 0 11.031
0.026 0.001 0.027 0.033 0.001 0.033 10.394 0.004 10.397 11.148 0.001 11.146 11.053 0 11.051
0.025 0.001 0.027 0.029 0.001 0.03 9.947 0.007 9.952 10.652 0.001 10.65 10.565 0 10.563
0.027 0.001 0.028 0.038 0 0.037 10.618 0.013 10.629 11.391 0 11.389 11.337 0 11.334
0.027 0.001 0.028 0.035 0 0.035 10.614 0.007 10.618 11.364 0.001 11.362 11.312 0 11.31
0.036 0.00299999999999999 0.039 0.047 0.002 0.049 14.534 0.015 14.586 15.48 0.002 15.525 15.414 0 15.455
0.026 0.001 0.027 0.03 0 0.03 9.885 0.01 9.893 10.646 0.001 10.645 10.554 0 10.551
0.025 0.003 0.028 0.034 0 0.034 10.102 0.01 10.109 10.636 0.002 10.637 10.533 0 10.53
0.028 0 0.027 0.033 0.001 0.035 10.159 0.009 10.165 10.634 0.001 10.633 10.565 0 10.562
0.025 0.002 0.028 0.033 0.001 0.034 10.134 0.012 10.144 10.65 0 10.648 10.587 0.000999999999999994 10.585
0.027 0.001 0.028 0.034 0 0.034 10.086 0.008 10.091 10.51 0 10.509 10.424 0 10.421
0.025 0.002 0.027 0.03 0 0.03 9.954 0.014 9.966 10.678 0 10.676 10.607 0 10.605
0.026 0 0.026 0.032 0 0.032 10.554 0.009 10.561 11.312 0 11.31 11.259 0 11.257
0.026 0.00199999999999999 0.028 0.032 0.002 0.034 10.615 0.013 10.632 11.41 0.006 11.422 11.318 0.003 11.327
0.025 0.003 0.027 0.034 0 0.034 10.667 0.005 10.669 11.377 0 11.375 11.339 0 11.338
0.027 0.002 0.029 0.032 0.002 0.034 10.655 0.015 10.681 11.385 0.015 11.409 11.287 0.01 11.308
0.024 0.002 0.026 0.029 0.001 0.031 9.893 0.009 9.899 10.675 0.001 10.674 10.615 0 10.613
0.026 0.002 0.028 0.034 0 0.034 10.555 0.007 10.561 11.298 0 11.295 11.28 0 11.277
0.028 0.001 0.028 0.033 0.001 0.035 10.638 0.007 10.642 11.352 0.001 11.35 11.312 0 11.311
0.025 0.002 0.027 0.031 0 0.031 9.991 0.009 9.997 10.745 0.004 10.747 10.697 0 10.694
0.026 0.002 0.029 0.035 0 0.034 10.747 0.009 10.755 11.531 0 11.529 11.499 0 11.499
0.029 0 0.028 0.032 0.002 0.035 10.672 0.008 10.676 11.385 0 11.383 11.343 0 11.341
0.022 0.004 0.026 0.03 0 0.03 9.967 0.006 9.971 11.42 0.003 11.42 11.329 0 11.327
0.027 0.001 0.028 0.034 0 0.034 10.576 0.012 10.585 11.325 0.001 11.323 10.614 0 10.611
0.026 0.003 0.029 0.034 0 0.033 10.6 0.011 10.608 11.352 0 11.35 11.288 0 11.287
0.027 0.001 0.028 0.034 0.001 0.034 10.595 0.004 10.598 11.345 0 11.342 11.266 0 11.263
0.026 0 0.027 0.03 0.001 0.03 9.941 0.007 9.947 10.706 0 10.704 10.798 0 10.794
0.024 0.00199999999999999 0.026 0.03 0 0.031 9.971 0.008 9.976 10.745 0 10.742 11.301 0 11.297
0.025 0.002 0.026 0.029 0.001 0.031 9.966 0.005 9.968 10.727 0.001 10.726 11.27 0 11.266
0.023 0.004 0.026 0.029 0.001 0.031 9.9 0.007 9.905 10.619 0.002 10.618 11.154 0 11.152
0.025 0.001 0.027 0.029 0.001 0.03 9.898 0.008 9.904 10.642 0 10.64 11.183 0 11.18
0.026 0 0.027 0.029 0.001 0.03 9.964 0.011 9.972 10.618 0.001 10.617 10.74 0 10.737
0.026 0.002 0.029 0.035 0 0.035 10.693 0.014 10.704 11.436 0 11.434 11.393 0 11.391
0.024 0.004 0.028 0.034 0.001 0.034 10.635 0.011 10.643 11.362 0.002 11.363 11.319 0 11.317
0.025 0.002 0.027 0.037 0 0.037 10.597 0.008 10.611 11.343 0.001 11.351 11.284 0 11.292
0.027 0 0.028 0.037 0 0.037 10.686 0.005 10.689 11.431 0 11.428 11.334 0 11.331
0.026 0.001 0.027 0.03 0 0.03 9.947 0.007 9.952 11.308 0.002 11.308 11.283 0 11.28
0.027 0.000999999999999994 0.028 0.034 0.001 0.035 10.581 0.008 10.586 11.341 0.001 11.34 10.603 0 10.6
0.029 0 0.029 0.035 0 0.034 10.679 0.007 10.683 11.452 0.00199999999999999 11.452 11.412 0 11.41
0.027 0.002 0.028 0.035 0 0.035 10.709 0.012 10.718 11.487 0 11.485 11.385 0 11.384
0.024 0.003 0.027 0.03 0 0.031 10.324 0.009 10.33 11.346 0.002 11.345 11.293 0 11.291
0.026 0.002 0.028 0.033 0.001 0.034 10.649 0.011 10.657 11.395 0 11.392 10.996 0 10.995
0.026 0 0.026 0.034 0 0.034 10.378 0.007 10.382 11.098 0 11.096 11.03 0 11.027
0.025 0.000999999999999994 0.026 0.03 0 0.031 9.922 0.009 9.927 10.62 0.001 10.619 10.52 0 10.517
0.026 0.001 0.028 0.038 0 0.037 10.672 0.008 10.678 11.439 0.001 11.438 11.35 0 11.348
0.028 0 0.028 0.034 0 0.034 10.726 0.00600000000000001 10.729 11.433 0 11.43 11.376 0 11.375
0.028 0 0.029 0.037 0 0.037 10.067 0.011 10.075 10.704 0 10.703 10.58 0 10.577
0.026 0.000999999999999994 0.028 0.034 0.001 0.034 10.546 0.008 10.552 10.657 0.002 10.656 10.553 0 10.551
0.025 0.003 0.028 0.034 0 0.035 10.446 0.00799999999999999 10.45 10.576 0.001 10.576 10.512 0 10.509
0.028 0 0.028 0.034 0 0.035 10.453 0.011 10.46 10.633 0.002 10.633 10.553 0 10.551
0.024 0.004 0.028 0.034 0 0.034 10.411 0.009 10.418 10.561 0.001 10.56 10.48 0 10.477
0.027 0.001 0.028 0.034 0.00199999999999999 0.036 10.08 0.013 10.091 10.767 0 10.765 10.696 0 10.693
0.029 0 0.029 0.032 0.002 0.034 10.652 0.009 10.658 11.374 0 11.372 11.301 0 11.299
0.024 0.004 0.028 0.034 0 0.034 10.563 0.013 10.573 11.321 0.001 11.32 11.228 0 11.226
0.025 0.003 0.028 0.033 0 0.034 10.632 0.008 10.637 11.367 0.001 11.367 11.335 0 11.333
0.027 0.001 0.028 0.032 0.002 0.034 10.588 0.01 10.595 11.333 0 11.331 11.27 0 11.268
0.024 0.002 0.026 0.03 0.001 0.031 9.953 0.007 9.957 10.692 0 10.69 10.599 0 10.596
0.029 0 0.028 0.035 0 0.035 10.63 0.009 10.636 11.354 0.001 11.353 11.309 0 11.307
0.026 0.00199999999999999 0.028 0.034 0 0.034 10.61 0.008 10.616 11.381 0.001 11.379 11.282 0 11.279
0.025 0.002 0.027 0.03 0 0.03 9.908 0.012 9.916 10.697 0 10.696 10.621 0 10.618
0.027 0 0.028 0.038 0 0.037 10.633 0.008 10.639 11.367 0 11.367 11.296 0 11.295
0.027 0.001 0.028 0.032 0.002 0.034 10.65 0.008 10.655 11.372 0 11.369 11.313 0 11.312
0.024 0.00199999999999999 0.026 0.029 0.001 0.031 9.841 0.005 9.844 10.629 0 10.626 10.54 0 10.538
0.038 0.002 0.04 0.048 0.001 0.048 14.548 0.00899999999999999 14.575 15.579 0.001 15.601 15.479 0.004 15.502
0.026 0.000999999999999994 0.028 0.03 0.001 0.03 9.933 0.012 9.942 10.712 0 10.71 10.622 0 10.62
0.026 0 0.026 0.03 0 0.03 9.925 0.007 9.93 10.629 0 10.627 10.803 0 10.801
0.025 0.00199999999999999 0.027 0.029 0.001 0.03 9.878 0.014 9.889 10.649 0.002 10.649 10.861 0 10.858
0.025 0.00199999999999999 0.026 0.03 0 0.031 9.897 0.00700000000000001 9.907 10.66 0.00199999999999999 10.667 10.601 0 10.604
0.023 0.003 0.027 0.031 0 0.03 9.945 0.011 9.953 10.637 0 10.635 10.603 0.000999999999999994 10.601
0.025 0.002 0.027 0.03 0 0.031 9.882 0.006 9.885 10.665 0.001 10.664 10.548 0 10.545
0.026 0.002 0.028 0.034 0 0.033 10.637 0.009 10.644 11.329 0.002 11.329 11.27 0 11.267
0.025 0.003 0.028 0.035 0 0.034 10.635 0.014 10.646 11.361 0 11.36 11.302 0 11.301
0.028 0 0.028 0.032 0.000999999999999994 0.033 10.645 0.005 10.647 11.36 0.00199999999999999 11.36 11.323 0 11.321
0.025 0.003 0.028 0.033 0.001 0.034 10.617 0.004 10.618 11.348 0.003 11.348 11.295 0 11.294
0.026 0.002 0.028 0.035 0 0.035 10.703 0.007 10.708 11.429 0.002 11.429 11.386 0 11.384
0.028 0.001 0.028 0.034 0 0.035 10.596 0.014 10.607 11.316 0.002 11.316 11.258 0 11.255
0.023 0.003 0.026 0.031 0 0.031 9.953 0.012 9.963 11.376 0.001 11.374 11.31 0 11.309
0.025 0.003 0.028 0.034 0.001 0.035 10.649 0.009 10.655 11.432 0.000999999999999994 11.431 10.703 0 10.701
0.028 0 0.028 0.031 0.002 0.033 10.644 0.004 10.646 11.409 0.001 11.406 11.326 0 11.325
0.025 0.003 0.028 0.035 0 0.034 10.645 0.01 10.653 11.414 0 11.412 11.356 0 11.353
0.025 0.002 0.026 0.029 0.002 0.031 10.285 0.011 10.294 11.404 0.001 11.403 11.148 0 11.149
0.027 0.001 0.028 0.034 0.001 0.035 10.678 0.008 10.683 11.435 0.001 11.434 10.92 0 10.922
0.024 0.003 0.027 0.034 0 0.034 10.392 0.009 10.398 11.115 0.003 11.116 11.053 0 11.052
0.025 0.001 0.027 0.029 0.001 0.03 9.911 0.004 9.912 10.606 0 10.603 10.521 0 10.518
0.026 0.002 0.028 0.035 0.000999999999999994 0.036 10.529 0.011 10.537 11.341 0.001 11.34 11.289 0 11.285
0.027 0.001 0.028 0.035 0 0.034 10.63 0.007 10.635 11.372 0 11.369 11.276 0 11.274
0.025 0.002 0.026 0.031 0 0.031 9.873 0.013 9.883 10.584 0 10.583 10.539 0 10.536
0.026 0.001 0.028 0.033 0.001 0.034 10.124 0.011 10.132 10.585 0 10.583 10.536 0 10.533
0.025 0.003 0.028 0.034 0.001 0.034 10.109 0.01 10.116 10.6 0 10.598 10.516 0 10.514
0.023 0.003 0.026 0.03 0 0.031 9.884 0.006 9.887 10.607 0 10.605 10.532 0 10.53
0.025 0.002 0.027 0.03 0 0.03 9.845 0.008 9.85 10.588 0.001 10.587 10.543 0 10.54
0.024 0.00199999999999999 0.027 0.031 0 0.03 9.909 0.009 9.916 10.555 0 10.553 10.537 0 10.534
0.028 0.001 0.029 0.031 0.002 0.032 10.597 0.012 10.615 11.357 0.003 11.365 11.277 0.001 11.284
0.023 0.005 0.028 0.034 0.001 0.034 10.643 0.01 10.65 11.367 0 11.366 11.268 0 11.266
0.024 0.003 0.028 0.032 0.002 0.033 10.598 0.01 10.605 11.379 0.001 11.378 11.308 0 11.306
0.028 0 0.028 0.034 0 0.035 10.601 0.007 10.605 11.303 0.002 11.303 11.239 0 11.236
0.027 0 0.026 0.029 0.001 0.03 9.915 0.008 9.921 10.622 0.001 10.622 10.51 0 10.506
0.029 0 0.029 0.034 0.001 0.034 10.749 0.005 10.752 11.532 0.001 11.531 11.478 0 11.477
0.027 0.001 0.028 0.035 0 0.034 10.644 0.003 10.646 11.351 0.001 11.349 11.319 0 11.317
0.025 0.001 0.026 0.031 0 0.031 9.939 0.004 9.94 10.639 0.000999999999999997 10.639 10.531 0 10.527
0.028 0 0.028 0.034 0.001 0.035 10.737 0.008 10.743 11.478 0.001 11.479 11.425 0 11.424
0.027 0.001 0.028 0.032 0.002 0.035 10.602 0.006 10.604 11.416 0.001 11.415 11.378 0 11.376
0.026 0 0.026 0.03 0 0.03 9.962 0.01 9.969 11.4 0 11.398 11.326 0 11.324
0.027 0.001 0.028 0.033 0.001 0.034 10.57 0.01 10.577 11.276 0.002 11.276 10.564 0 10.561
0.029 0 0.029 0.034 0 0.034 10.704 0.009 10.71 11.402 0.000999999999999994 11.401 11.388 0 11.386
0.024 0.004 0.028 0.034 0.001 0.035 10.658 0.005 10.661 11.358 0 11.356 11.34 0 11.337
0.027 0 0.027 0.029 0.001 0.031 9.943 0.008 9.948 10.61 0.002 10.611 10.571 0 10.567
0.024 0.002 0.026 0.03 0.001 0.031 9.947 0.006 9.95 10.629 0.001 10.629 10.572 0 10.568
0.026 0.001 0.027 0.029 0.001 0.03 9.957 0.008 9.962 10.612 0 10.61 10.555 0 10.552
0.024 0.003 0.027 0.03 0.001 0.03 9.981 0.007 9.986 10.67 0.001 10.669 10.573 0 10.571
0.027 0 0.027 0.03 0 0.03 9.909 0.006 9.912 10.586 0.002 10.586 10.522 0 10.519
0.025 0.00199999999999999 0.027 0.031 0 0.031 10.001 0.011 10.009 10.556 0 10.554 10.47 0 10.468
0.027 0.001 0.028 0.033 0 0.033 10.737 0.01 10.744 11.434 0.00199999999999999 11.434 11.399 0 11.397
0.026 0.000999999999999997 0.028 0.034 0.001 0.034 10.635 0.014 10.646 11.356 0 11.354 11.298 0 11.298
0.028 0 0.028 0.033 0 0.033 10.672 0.009 10.678 11.371 0.001 11.37 11.334 0 11.332
0.026 0.00199999999999999 0.028 0.034 0 0.034 10.606 0.008 10.612 11.31 0 11.308 11.247 0 11.245
0.027 0 0.027 0.028 0.002 0.031 10.358 0.006 10.361 11.444 0 11.442 11.393 0 11.391
0.028 0 0.028 0.032 0.00199999999999999 0.034 10.631 0.015 10.644 11.354 0 11.352 10.984 0 10.981
0.024 0.003 0.027 0.033 0 0.033 10.368 0.009 10.374 11.091 0 11.089 11.041 0 11.038
0.025 0.001 0.026 0.03 0 0.03 9.962 0.009 9.968 10.691 0 10.69 10.627 0 10.623
0.025 0.002 0.027 0.016 0.000999999999999994 0.016 10.567 0.01 10.575 11.19 0 11.189 11.124 0 11.121
0.025 0.003 0.028 0.036 0 0.037 10.627 0.011 10.635 11.324 0 11.322 11.23 0 11.228
0.039 0.001 0.04 0.048 0 0.048 14.993 0.015 15.051 20.272 0.00499999999999999 20.311 19.581 0 19.606
0.024 0.002 0.026 0.029 0.002 0.03 9.895 0.007 9.901 10.632 0.001 10.631 10.554 0 10.551
0.024 0.003 0.027 0.029 0.001 0.03 9.924 0.008 9.929 10.628 0.001 10.627 10.626 0 10.624
0.025 0.001 0.026 0.028 0.00199999999999999 0.03 10.009 0.003 10.009 10.689 0.001 10.688 10.642 0 10.639
0.027 0 0.027 0.029 0.001 0.03 9.859 0.007 9.863 10.579 0.001 10.578 10.523 0 10.52
0.025 0.00199999999999999 0.026 0.028 0.002 0.031 9.907 0.007 9.91 10.617 0 10.616 10.57 0 10.568
0.027 0 0.026 0.028 0.002 0.03 9.88 0.01 9.888 10.623 0.001 10.622 10.521 0 10.519
0.023 0.004 0.027 0.03 0 0.03 9.91 0.007 9.914 10.574 0.002 10.575 10.562 0 10.559
0.025 0.003 0.028 0.032 0.001 0.034 10.641 0.008 10.645 11.337 0.001 11.336 11.286 0 11.284
0.025 0.002 0.028 0.035 0 0.034 10.615 0.006 10.618 11.341 0 11.339 11.272 0 11.27
0.028 0 0.028 0.035 0 0.035 10.593 0.006 10.597 11.321 0 11.319 11.233 0 11.232
0.025 0.002 0.028 0.035 0 0.035 10.592 0.01 10.6 11.413 0 11.411 11.301 0 11.299
0.026 0.002 0.028 0.037 0 0.037 10.631 0.008 10.637 11.371 0 11.368 11.287 0 11.285
0.026 0.00199999999999999 0.028 0.035 0.001 0.034 10.715 0.01 10.724 11.452 0 11.45 11.399 0.001 11.397
