0.049 0.001 0.051 0.02 0.004 0.024 12.743 0.004 12.743 13.269 0.006 13.273 13.224 0 13.222
0.05 0 0.05 0.022 0.002 0.024 12.632 0.009 12.637 13.222 0 13.22 13.113 0 13.11
0.049 0.001 0.049 0.019 0.006 0.025 12.79 0.004 12.791 13.769 0.00600000000000001 13.773 13.694 0 13.69
0.05 0.001 0.05 0.019 0.005 0.025 12.8 0.007 12.804 13.737 0.001 13.736 13.694 0 13.69
0.046 0 0.045 0.021 0.003 0.024 11.869 0.005 11.871 13.294 0.005 13.297 13.79 0 13.787
0.044 0.002 0.046 0.021 0.004 0.024 12.459 0.004 12.46 13.811 0.006 13.815 13.699 0 13.695
0.05 0 0.05 0.017 0.007 0.024 12.739 0.004 12.738 13.681 0.009 13.689 13.417 0 13.414
0.05 0 0.051 0.021 0.004 0.024 12.758 0.005 12.76 13.703 0.003 13.704 13.634 0 13.631
0.049 0.00199999999999999 0.05 0.018 0.00600000000000001 0.024 12.756 0.004 12.757 13.696 0.007 13.7 13.639 0 13.636
0.043 0.002 0.045 0.019 0.005 0.024 11.821 0.004 11.822 13.176 0.008 13.181 13.156 0 13.152
0.051 0.001 0.053 0.02 0.005 0.024 12.829 0.006 12.833 13.783 0.006 13.786 13.74 0 13.738
0.047 0.002 0.049 0.02 0.005 0.025 12.787 0.012 12.797 13.798 0 13.796 13.734 0 13.731
0.044 0.000999999999999994 0.046 0.023 0.002 0.025 11.979 0.009 11.985 13.414 0.001 13.412 13.866 0.002 13.865
0.05 0.001 0.051 0.019 0.005 0.025 12.772 0.005 12.773 13.796 0.006 13.8 13.767 0.001 13.763
0.052 0 0.052 0.022 0.003 0.025 12.819 0.003 12.819 13.813 0.006 13.817 13.737 0.001 13.736
0.049 0.002 0.05 0.02 0.004 0.025 12.903 0.003 12.903 13.846 0.00600000000000001 13.849 13.752 0 13.749
0.052 0 0.052 0.017 0.007 0.024 12.846 0.006 12.849 13.779 0.005 13.781 13.694 0 13.692
0.048 0.002 0.05 0.019 0.005 0.025 12.831 0.00199999999999999 12.829 13.746 0.002 13.746 13.707 0 13.705
0.049 0.001 0.05 0.022 0.003 0.025 12.779 0.005 12.791 13.719 0.007 13.733 13.662 0 13.669
0.048 0.002 0.05 0.019 0.005 0.024 12.607 0.001 12.605 13.181 0.003 13.181 13.082 0 13.079
0.044 0.002 0.046 0.023 0.001 0.024 12.128 0.003 12.128 13.851 0.004 13.853 13.804 0 13.8
0.051 0 0.051 0.018 0.006 0.024 12.753 0.00600000000000001 12.757 13.732 0.007 13.735 13.277 0 13.274
0.042 0.003 0.046 0.021 0.003 0.024 11.863 0.005 11.865 13.525 0.009 13.531 13.718 0 13.716
0.044 0.00199999999999999 0.047 0.017 0.00700000000000001 0.024 11.845 0.008 11.848 13.198 0.006 13.202 13.696 0.001 13.694
0.049 0.001 0.051 0.021 0.004 0.024 12.818 0.006 12.822 13.282 0.00600000000000001 13.284 13.187 0 13.184
0.045 0.001 0.046 0.016 0.008 0.024 12.364 0.015 12.375 13.696 0.001 13.696 13.735 0 13.732
0.054 0 0.054 0.019 0.005 0.024 12.777 0.007 12.781 13.735 0.005 13.737 13.482 0 13.479
0.045 0 0.046 0.02 0.004 0.023 11.815 0.003 11.815 13.18 0.003 13.18 13.352 0 13.349
0.049 0.000999999999999994 0.05 0.019 0.00600000000000001 0.025 12.604 0.012 12.613 13.281 0 13.278 13.177 0 13.175
0.044 0.002 0.045 0.022 0.00199999999999999 0.024 11.892 0.002 11.892 13.224 0.005 13.225 13.19 0 13.188
0.049 0.002 0.05 0.02 0.004 0.024 12.783 0.008 12.789 13.367 0 13.364 13.232 0.001 13.23
0.049 0.002 0.051 0.02 0.005 0.024 12.845 0.011 12.854 13.811 0.00199999999999999 13.809 13.764 0 13.761
0.049 0.001 0.05 0.02 0.005 0.025 12.881 0.006 12.884 13.85 0.006 13.853 13.799 0 13.796
0.048 0.003 0.05 0.017 0.007 0.025 12.913 0.018 12.928 13.917 0.001 13.915 13.836 0 13.833
0.05 0.001 0.051 0.022 0.003 0.024 12.812 0.003 12.812 13.733 0.005 13.735 13.687 0 13.684
0.051 0.001 0.052 0.022 0.003 0.025 12.866 0.005 12.869 13.818 0 13.815 13.805 0 13.802
0.049 0.001 0.05 0.021 0.004 0.025 12.768 0.007 12.774 13.769 0.008 13.773 13.693 0.001 13.692
0.044 0.001 0.045 0.021 0.004 0.025 12.141 0.009 12.146 13.858 0 13.856 13.76 0 13.757
0.049 0.001 0.05 0.015 0.009 0.025 12.785 0.004 12.786 13.729 0.005 13.73 13.298 0 13.295
0.046 0 0.046 0.02 0.004 0.024 11.822 0.003 11.822 13.487 0.005 13.488 13.69 0 13.688
0.049 0.001 0.05 0.023 0.001 0.024 12.748 0.002 12.748 13.479 0.002 13.478 13.118 0 13.115
0.045 0 0.045 0.016 0.007 0.024 11.845 0.006 11.847 13.21 0.007 13.214 13.194 0 13.19
0.045 0.001 0.045 0.017 0.007 0.024 11.936 0.001 11.935 13.304 0.004 13.305 13.729 0 13.725
0.043 0.002 0.045 0.022 0.00199999999999999 0.024 11.941 0.002 11.941 13.276 0.002 13.275 13.593 0 13.588
0.049 0 0.05 0.021 0.004 0.025 12.813 0.007 12.816 13.75 0.005 13.752 13.688 0 13.685
0.053 0 0.053 0.021 0.003 0.024 12.734 0.00800000000000001 12.74 13.741 0.00899999999999999 13.747 13.716 0 13.713
0.054 0.001 0.093 0.024 0.001 0.024 12.747 0.01 12.757 13.735 0.018 13.753 13.705 0.00599999999999999 13.709
0.055 0.00199999999999999 0.092 0.019 0.005 0.025 12.807 0.004 12.807 13.741 0.00599999999999999 13.745 13.732 0 13.729
0.055 0.002 0.092 0.02 0.00399999999999999 0.025 12.814 0.00700000000000001 12.817 13.714 0.003 13.714 13.698 0 13.696
0.054 0.003 0.092 0.019 0.00499999999999999 0.025 12.784 0.00600000000000001 12.788 13.733 0.003 13.733 13.685 0 13.682
0.045 0 0.045 0.019 0.005 0.024 11.862 0.00600000000000001 11.865 13.216 0.003 13.217 13.173 0 13.17
0.049 0.001 0.051 0.019 0.006 0.024 12.881 0.005 12.884 13.83 0.00800000000000001 13.834 13.763 0.001 13.761
0.047 0.003 0.049 0.018 0.007 0.025 12.823 0.004 12.824 13.72 0.00799999999999999 13.726 13.671 0 13.668
0.048 0.002 0.05 0.019 0.006 0.025 12.777 0.008 12.783 13.76 0 13.757 13.699 0.002 13.698
0.05 0.002 0.051 0.02 0.005 0.024 12.811 0.004 12.813 13.732 0.008 13.737 13.689 0 13.687
0.048 0.000999999999999997 0.048 0.017 0.007 0.025 12.821 0.004 12.823 13.767 0.005 13.769 13.723 0 13.719
0.05 0 0.05 0.02 0.005 0.024 12.872 0.006 12.876 13.795 0.005 13.797 13.774 0 13.772
0.049 0.001 0.05 0.024 0 0.024 12.833 0.006 12.836 13.551 0 13.549 13.182 0 13.179
0.042 0.006 0.059 0.021 0.003 0.024 11.959 0.003 11.959 13.298 0.00600000000000001 13.301 13.669 0.001 13.668
0.047 0.003 0.05 0.02 0.003 0.024 12.439 0.01 12.445 13.215 0.004 13.216 13.104 0 13.102
0.045 0.001 0.045 0.019 0.005 0.025 11.88 0.01 11.897 13.227 0.007 13.236 13.213 0 13.209
0.048 0.001 0.05 0.019 0.005 0.024 12.598 0.008 12.602 13.195 0.006 13.199 13.464 0 13.462
0.045 0.004 0.048 0.02 0.004 0.024 12.802 0.002 12.803 13.747 0.006 13.748 13.66 0 13.657
0.05 0 0.051 0.018 0.007 0.024 12.697 0.01 12.704 13.793 0.001 13.792 13.683 0 13.681
0.05 0 0.05 0.018 0.006 0.024 12.497 0.003 12.497 13.268 0.006 13.271 13.219 0 13.216
0.045 0.003 2.191 0.018 0.00699999999999999 0.024 12.682 0.002 12.681 13.806 0.00799999999999999 13.813 13.753 0 13.749
0.049 0.001 0.05 0.022 0.002 0.025 12.755 0.003 12.757 13.815 0 13.81 13.652 0 13.65
0.049 0.002 0.051 0.02 0.004 0.024 12.797 0.003 12.798 13.706 0.00600000000000001 13.709 13.685 0 13.683
0.052 0 0.052 0.021 0.004 0.025 12.826 0.006 12.83 13.768 0.009 13.772 13.727 0 13.725
0.047 0.002 0.058 0.022 0.003 0.024 11.877 0.002 11.877 13.221 0.00699999999999999 13.225 13.161 0 13.159
0.046 0 0.046 0.02 0.004 0.024 11.912 0.004 11.914 13.252 0.004 13.253 13.533 0 13.53
0.044 0.00199999999999999 0.046 0.02 0.004 0.024 12.352 0.003 12.352 13.779 0.007 13.784 13.709 0 13.707
0.049 0.001 0.051 0.02 0.005 0.024 12.844 0.005 12.847 13.78 0.00600000000000001 13.783 13.496 0.000999999999999994 13.496
0.048 0.001 0.049 0.021 0.004 0.025 12.842 0.003 12.843 13.796 0.005 13.797 13.736 0 13.733
0.043 0.002 0.046 0.019 0.005 0.024 11.846 0.006 11.848 13.208 0.004 13.21 13.134 0 13.131
0.049 0.002 0.052 0.019 0.006 0.024 12.815 0.00600000000000001 12.819 13.717 0.005 13.719 13.691 0 13.688
0.05 0.001 0.051 0.021 0.004 0.025 12.809 0.003 12.809 13.752 0.005 13.754 13.685 0 13.682
0.048 0.002 0.05 0.021 0.004 0.025 12.781 0.004 12.783 13.723 0.009 13.729 13.659 0 13.656
0.05 0.001 0.05 0.018 0.006 0.024 12.731 0.008 12.736 13.716 0.005 13.719 13.664 0 13.661
0.044 0.001 0.045 0.017 0.00700000000000001 0.024 11.887 0.006 11.89 13.252 0.00199999999999999 13.251 13.168 0 13.164
0.047 0.001 0.049 0.013 0.012 0.025 12.776 0.004 12.779 13.775 0.006 13.779 13.736 0 13.735
0.049 0.001 0.05 0.022 0.00199999999999999 0.024 12.829 0.00800000000000001 12.834 13.757 0.007 13.76 13.727 0 13.725
0.044 0.000999999999999994 0.045 0.018 0.00600000000000001 0.024 12.037 0.00199999999999999 12.035 13.754 0.00600000000000001 13.758 13.635 0.001 13.634
0.049 0.001 0.05 0.015 0.00899999999999999 0.025 12.756 0.004 12.756 13.724 0.005 13.727 13.285 0 13.282
0.051 0 0.051 0.019 0.005 0.024 12.937 0.00199999999999999 12.936 13.896 0.004 13.897 13.826 0 13.823
0.048 0.002 0.05 0.019 0.006 0.025 12.816 0.004 12.817 13.754 0.008 13.76 13.674 0 13.671
0.045 0 0.045 0.018 0.006 0.024 12.036 0.009 12.04 13.497 0.004 13.498 13.676 0 13.674
0.049 0.003 0.052 0.022 0.003 0.024 12.814 0.00600000000000001 12.817 13.778 0.006 13.782 13.676 0.001 13.674
0.048 0.002 0.051 0.02 0.004 0.024 12.807 0.004 12.809 13.721 0.006 13.725 13.655 0 13.652
0.051 0.001 0.052 0.019 0.005 0.024 12.876 0.006 12.879 13.924 0.002 13.924 13.804 0 13.801
0.051 0.001 0.052 0.024 0.000999999999999994 0.024 12.813 0.004 12.816 13.745 0.006 13.748 13.725 0 13.723
0.044 0.001 0.045 0.021 0.004 0.024 12.164 0.003 12.163 13.896 0.002 13.896 13.801 0 13.799
0.049 0.002 0.05 0.022 0.00199999999999999 0.024 12.735 0.004 12.737 13.725 0.007 13.729 13.278 0 13.275
0.044 0.001 0.045 0.022 0.002 0.024 12.42 0.005 12.422 13.722 0.005 13.726 13.67 0 13.667
0.049 0.001 0.051 0.021 0.004 0.024 12.924 0.004 12.926 13.879 0.004 13.878 13.759 0.001 13.758
0.053 0 0.053 0.018 0.006 0.024 12.79 0.00600000000000001 12.803 13.727 0.005 13.739 13.661 0 13.668
0.052 0 0.053 0.018 0.007 0.024 12.82 0.005 12.822 13.758 0.005 13.761 13.693 0.003 13.693
0.046 0.003 0.049 0.02 0.005 0.024 12.775 0.003 12.777 13.739 0.01 13.746 13.673 0 13.671
0.049 0.001 0.05 0.023 0.00199999999999999 0.025 12.81 0.004 12.812 13.762 0.007 13.766 13.696 0 13.693
0.041 0.004 0.045 0.02 0.004 0.024 12.055 0.005 12.056 13.79 0.004 13.792 13.746 0 13.743
0.048 0.00199999999999999 0.051 0.023 0.002 0.024 12.774 0.016 12.788 13.852 0 13.848 13.372 0 13.37
0.049 0.001 0.05 0.022 0.003 0.025 12.785 0.00600000000000001 12.79 13.784 0.007 13.788 13.771 0 13.767
0.053 0 0.053 0.02 0.005 0.024 12.858 0 12.857 13.778 0.00600000000000001 13.781 13.745 0 13.742
0.045 0 0.046 0.022 0.003 0.024 12.208 0.004 12.208 13.898 0.006 13.903 13.847 0 13.844
0.048 0.001 0.05 0.018 0.007 0.024 12.788 0.004 12.79 13.748 0.005 13.749 13.675 0 13.673
0.049 0.000999999999999994 0.051 0.022 0.003 0.024 12.802 0.008 12.808 13.746 0.002 13.746 13.691 0 13.687
0.051 0 0.05 0.022 0.003 0.025 12.805 0.006 12.808 13.768 0.004 13.769 13.74 0 13.737
0.052 0 0.052 0.021 0.003 0.024 12.812 0.007 12.817 13.757 0.004 13.758 13.658 0 13.655
0.044 0 0.045 0.019 0.005 0.023 11.773 0.000999999999999994 11.771 12.936 0.005 12.938 12.91 0 12.907
0.045 0.000999999999999994 0.046 0.021 0.003 0.024 11.928 0.007 11.931 13.41 0.006 13.414 13.221 0 13.218
0.042 0.003 0.045 0.021 0.004 0.025 11.907 0.00600000000000001 11.91 13.26 0.006 13.264 13.201 0 13.198
0.042 0.003 0.045 0.015 0.009 0.024 11.861 0.004 11.862 13.185 0.007 13.189 13.174 0 13.171
0.049 0.002 0.051 0.019 0.006 0.025 12.79 0.006 12.792 13.761 0.005 13.763 13.71 0 13.707
0.05 0 0.049 0.022 0.002 0.024 12.717 0.005 12.719 13.479 0.004 13.481 13.423 0 13.42
0.049 0.003 0.051 0.021 0.004 0.025 12.844 0.003 12.845 13.841 0.004 13.842 13.739 0 13.736
0.048 0.002 0.05 0.019 0.005 0.024 12.844 0.004 12.845 13.78 0.004 13.78 13.724 0.003 13.725
0.047 0.003 0.051 0.02 0.005 0.025 12.892 0.00700000000000001 12.896 13.796 0.004 13.797 13.751 0 13.749
0.049 0.002 0.05 0.022 0.003 0.025 12.859 0.005 12.863 13.79 0.008 13.795 13.724 0.001 13.724
0.046 0 0.046 0.02 0.004 0.024 11.905 0.003 11.905 13.239 0.006 13.242 13.181 0 13.178
0.045 0.001 0.045 0.019 0.005 0.025 11.984 0.013 11.994 13.45 0.001 13.448 13.052 0 13.049
0.045 0 0.046 0.019 0.005 0.024 12.201 0.007 12.205 13.89 0.003 13.89 13.818 0 13.815
0.047 0 0.047 0.02 0.004 0.024 11.924 0.009 11.93 13.275 0 13.272 13.73 0 13.727
0.049 0.001 0.049 0.022 0.002 0.025 12.767 0.006 12.771 13.776 0.004 13.777 13.333 0 13.328
0.052 0 0.052 0.021 0.004 0.025 12.095 0.009 12.1 13.218 0 13.215 13.144 0.001 13.142
0.044 0.001 0.045 0.019 0.005 0.024 11.873 0.007 11.876 13.177 0.004 13.178 13.179 0 13.176
0.044 0.000999999999999994 0.045 0.017 0.007 0.025 11.898 0.011 11.906 13.248 0.004 13.249 13.526 0 13.523
0.051 0.002 0.053 0.017 0.007 0.024 12.808 0.006 12.812 13.718 0.004 13.719 13.639 0 13.636
0.051 0.001 0.052 0.019 0.005 0.025 12.8 0.003 12.8 13.72 0.002 13.72 13.664 0 13.66
0.044 0.002 0.046 0.021 0.003 0.024 11.953 0.009 11.959 13.268 0.00199999999999999 13.267 13.186 0 13.183
0.05 0.002 0.066 0.022 0.003 0.024 12.136 0.00600000000000001 12.138 13.288 0.00699999999999999 13.294 13.279 0.001 13.276
0.045 0 0.046 0.02 0.004 0.024 12.029 0.011 12.036 13.35 0 13.347 13.288 0 13.285
0.044 0.002 0.046 0.02 0.004 0.024 11.88 0.004 11.88 13.215 0.006 13.22 13.167 0 13.164
0.045 0 0.045 0.018 0.006 0.024 11.953 0.00700000000000001 11.957 13.745 0.006 13.748 13.649 0 13.648
0.049 0.001 0.05 0.02 0.005 0.025 12.821 0.004 12.822 13.78 0.001 13.777 13.314 0.001 13.313
0.046 0.003 0.049 0.02 0.005 0.025 12.839 0.004 12.839 13.755 0.003 13.756 13.705 0 13.702
0.052 0 0.051 0.02 0.004 0.025 12.822 0.004 12.822 13.763 0.005 13.766 13.704 0 13.701
0.05 0 0.05 0.022 0.003 0.025 12.788 0.014 12.799 13.768 0 13.766 13.662 0 13.658
0.05 0 0.05 0.019 0.005 0.024 12.763 0.008 12.768 13.733 0.004 13.734 13.646 0 13.644
0.046 0.000999999999999994 0.046 0.019 0.005 0.025 12.135 0.012 12.143 13.399 0 13.397 13.296 0 13.293
0.046 0.001 0.047 0.02 0.004 0.024 11.839 0.003 11.839 13.495 0.006 13.498 13.147 0 13.144
0.05 0.001 0.05 0.022 0.002 0.024 12.799 0.004 12.8 13.249 0.00600000000000001 13.252 13.18 0 13.179
0.045 0.001 0.045 0.02 0.004 0.023 12.392 0.01 12.399 13.76 0 13.757 13.722 0 13.72
0.048 0.00199999999999999 0.05 0.021 0.003 0.024 12.799 0.002 12.8 13.759 0.006 13.762 13.476 0 13.472
0.05 0.001 0.051 0.019 0.005 0.025 12.794 0.006 12.798 13.722 0.00600000000000001 13.724 13.643 0 13.639
0.049 0.003 0.052 0.023 0.002 0.025 12.764 0.004 12.765 13.752 0.006 13.754 13.7 0 13.698
0.044 0.001 0.045 0.02 0.004 0.024 11.858 0.007 11.861 13.484 0 13.481 13.764 0 13.762
0.051 0 0.05 0.021 0.004 0.025 12.768 0.012 12.779 13.795 0.00600000000000001 13.796 13.704 0.001 13.703
0.05 0.002 0.052 0.02 0.005 0.025 12.791 0.011 12.801 13.81 0.001 13.807 13.713 0 13.71
0.046 0 0.046 0.02 0.004 0.024 11.807 0.003 11.807 13.133 0.006 13.136 12.961 0 12.967
0.05 0 0.049 0.022 0.002 0.025 12.407 0.00199999999999999 12.404 13.238 0.00700000000000001 13.242 13.164 0 13.162
0.044 0.001 0.046 0.019 0.005 0.024 11.868 0.006 11.87 13.07 0.01 13.078 13.152 0 13.149
0.045 0 0.046 0.02 0.005 0.024 12.047 0.012 12.055 13.241 0 13.239 13.337 0 13.335
0.051 0.001 0.051 0.021 0.003 0.025 12.794 0.012 12.802 13.837 0 13.834 13.798 0 13.794
0.049 0.001 0.05 0.023 0.001 0.024 12.749 0.005 12.751 13.689 0.013 13.699 13.618 0 13.614
0.047 0.004 0.051 0.021 0.004 0.026 12.928 0.003 12.929 13.914 0.005 13.914 13.837 0 13.834
0.052 0.001 0.054 0.022 0.003 0.024 12.837 0.00800000000000001 12.842 13.854 0 13.852 13.735 0.000999999999999994 13.733
0.049 0.002 0.0509999999999999 0.022 0.003 0.025 12.805 0.006 12.809 13.75 0.005 13.752 13.724 0 13.721
0.052 0 0.0519999999999999 0.023 0.002 0.025 12.804 0.005 12.808 13.739 0.006 13.741 13.689 0 13.687
0.044 0.001 0.046 0.022 0.003 0.024 12.061 0.006 12.065 13.783 0.005 13.785 13.706 0 13.704
0.05 0.001 0.05 0.018 0.006 0.024 12.754 0.005 12.757 13.759 0.003 13.76 13.26 0 13.256
0.05 0 0.05 0.018 0.006 0.025 12.755 0.004 12.756 13.792 0.005 13.794 13.739 0 13.737
0.05 0 0.05 0.021 0.003 0.024 12.772 0.004 12.773 13.726 0.004 13.727 13.663 0.001 13.661
0.048 0.002 0.05 0.02 0.004 0.024 12.834 0.004 12.834 13.555 0.005 13.557 13.224 0 13.222
0.045 0.000999999999999994 0.046 0.022 0.002 0.024 11.924 0.009 11.941 13.003 0.002 13.008 12.828 0 12.831
0.05 0 0.05 0.017 0.008 0.025 12.858 0.007 12.863 13.777 0.001 13.776 13.621 0 13.623
0.051 0.002 0.054 0.019 0.005 0.024 12.752 0.005 12.754 13.681 0.005 13.684 13.633 0.001 13.632
0.045 0.001 0.046 0.018 0.006 0.024 11.85 0.005 11.851 13.245 0.005 13.247 13.215 0.000999999999999994 13.213
0.044 0.001 0.045 0.02 0.004 0.025 12.016 0.018 12.031 13.237 0 13.233 13.223 0 13.22
0.048 0.001 0.061 0.021 0.004 0.025 12.666 0.00499999999999999 12.668 13.892 0.00600000000000001 13.896 13.862 0 13.858
0.048 0.00199999999999999 0.05 0.021 0.003 0.024 12.814 0.004 12.815 13.77 0.006 13.773 13.526 0 13.523
0.05 0 0.05 0.021 0.004 0.025 12.106 0.007 12.11 13.296 0.005 13.298 13.194 0 13.192
0.049 0.001 0.05 0.021 0.003 0.024 12.115 0.007 12.12 13.249 0.008 13.254 13.237 0 13.234
0.043 0.00199999999999999 0.045 0.021 0.003 0.025 11.861 0.005 11.862 13.204 0.005 13.206 13.134 0.002 13.133
0.044 0.002 0.045 0.02 0.004 0.025 12.011 0.01 12.018 13.265 0.002 13.265 13.177 0 13.173
0.042 0.004 0.045 0.021 0.003 0.024 11.919 0.00600000000000001 11.922 13.262 0.00199999999999999 13.262 13.195 0 13.191
0.048 0.002 0.05 0.023 0.002 0.025 12.721 0.006 12.723 13.746 0.005 13.749 13.714 0.000999999999999994 13.712
0.051 0.000999999999999994 0.052 0.016 0.00800000000000001 0.024 12.828 0.005 12.83 13.757 0.003 13.757 13.737 0 13.734
0.043 0.002 0.045 0.021 0.003 0.024 11.981 0.012 11.99 13.246 0.002 13.245 13.131 0 13.129
0.048 0.002 0.05 0.019 0.006 0.024 12.78 0.006 12.784 13.813 0.006 13.816 13.745 0 13.741
0.05 0 0.05 0.022 0.003 0.024 12.758 0.006 12.761 13.715 0.003 13.715 13.646 0.001 13.644
0.046 0.003 0.049 0.021 0.004 0.025 12.755 0.007 12.758 13.751 0.007 13.756 13.716 0.001 13.714
0.05 0 0.05 0.017 0.008 0.024 12.807 0.006 12.811 13.749 0.004 13.75 13.661 0 13.658
0.044 0.001 0.046 0.016 0.008 0.024 11.864 0.006 11.866 13.234 0.005 13.236 13.604 0.001 13.602
0.046 0 0.046 0.019 0.005 0.024 12.229 0.001 12.227 13.273 0.002 13.272 13.194 0 13.19
0.052 0.001 0.053 0.019 0.005 0.024 12.793 0.005 12.795 13.734 0.005 13.737 13.648 0 13.644
0.05 0.001 0.05 0.019 0.005 0.024 12.794 0.00600000000000001 12.798 13.749 0.005 13.751 13.653 0 13.65
0.046 0.002 0.811 0.017 0.00700000000000001 0.024 11.886 0.00299999999999999 11.886 13.596 0.00700000000000001 13.601 13.738 0 13.735
0.047 0.002 0.05 0.019 0.005 0.024 12.762 0.008 12.768 13.581 0.00900000000000001 13.587 13.205 0 13.202
0.054 0.002 1.266 0.02 0.005 0.0250000000000001 12.868 0.00599999999999999 12.872 13.821 0.005 13.823 13.74 0 13.738
0.053 0.004 1.267 0.018 0.00700000000000001 0.0250000000000001 12.767 0.00599999999999999 12.771 13.77 0.00700000000000001 13.774 13.747 0 13.744
0.045 0 0.046 0.015 0.009 0.024 11.855 0.00600000000000001 11.856 13.207 0.01 13.214 13.138 0.001 13.136
0.044 0.001 0.046 0.022 0.002 0.024 11.866 0.004 11.866 13.166 0.00600000000000001 13.174 12.957 0 12.957
0.045 0 0.045 0.018 0.006 0.025 11.824 0.002 11.823 13.18 0.008 13.185 13.134 0 13.131
0.044 0.001 0.046 0.021 0.003 0.024 11.829 0.005 11.831 13.198 0.004 13.2 13.163 0 13.159
0.053 0.004 1.07 0.02 0.004 0.024 12.718 0.003 12.718 13.679 0.008 13.685 13.676 0 13.672
0.053 0.002 0.919 0.019 0.005 0.0239999999999998 12.791 0.004 12.792 13.744 0.003 13.744 13.684 0 13.682
0.053 0.002 0.068 0.017 0.00699999999999999 0.024 12.765 0.01 12.772 13.798 0.001 13.795 13.692 0 13.69
0.053 0.00299999999999999 0.068 0.022 0.002 0.024 12.803 0.004 12.805 13.726 0.005 13.728 13.679 0 13.676
0.051 0 0.05 0.019 0.005 0.025 12.864 0.006 12.868 13.792 0.001 13.789 13.76 0 13.757
0.047 0.004 0.051 0.019 0.005 0.024 12.831 0.006 12.834 13.786 0.004 13.787 13.763 0 13.76
0.051 0 0.051 0.023 0.002 0.025 12.634 0.01 12.64 13.188 0.001 13.187 13.104 0 13.101
0.046 0 0.046 0.023 0.001 0.024 12.544 0.004 12.546 13.857 0.006 13.86 13.809 0 13.806
0.048 0.002 0.051 0.019 0.005 0.024 12.773 0.011 12.781 13.796 0.002 13.795 13.544 0 13.54
0.049 0.003 0.051 0.021 0.003 0.024 12.854 0.002 12.854 13.833 0.007 13.837 13.77 0 13.767
0.048 0.001 0.05 0.023 0.002 0.024 12.705 0.004 12.706 13.746 0.007 13.751 13.701 0 13.699
0.046 0 0.045 0.02 0.004 0.024 11.856 0.004 11.857 13.206 0.008 13.211 13.222 0 13.219
0.043 0.002 0.045 0.023 0.001 0.024 12.528 0.001 12.526 13.813 0.005 13.817 13.743 0.001 13.74
0.048 0.003 0.051 0.021 0.003 0.024 12.798 0.004 12.8 13.762 0.00199999999999999 13.761 13.506 0 13.503
0.051 0.00199999999999999 0.052 0.021 0.002 0.024 12.741 0.008 12.745 13.754 0 13.752 13.694 0 13.69
0.05 0.001 0.052 0.023 0.001 0.024 12.827 0.004 12.827 13.764 0.006 13.768 13.677 0.001 13.676
0.043 0.002 0.045 0.019 0.005 0.024 12.419 0.005 12.421 13.791 0.004 13.793 13.74 0 13.738
0.048 0.001 0.049 0.023 0.001 0.025 12.812 0.005 12.815 13.757 0.007 13.761 13.519 0 13.517
0.049 0.001 0.05 0.02 0.005 0.025 12.83 0.005 12.832 13.764 0.006 13.768 13.717 0 13.715
0.051 0 0.051 0.021 0.003 0.024 12.832 0.004 12.833 13.832 0.007 13.837 13.736 0.001 13.735
0.044 0.002 0.046 0.019 0.005 0.024 11.891 0.014 11.918 13.215 0.011 13.241 13.555 0.002 13.56
0.051 0 0.051 0.022 0.003 0.024 12.843 0.007 12.847 13.83 0.004 13.831 13.731 0 13.728
0.05 0 0.05 0.023 0.00199999999999999 0.025 12.788 0.003 12.788 13.737 0.005 13.739 13.676 0 13.672
0.046 0 0.045 0.018 0.00600000000000001 0.025 11.987 0.006 11.99 13.378 0.008 13.383 13.714 0 13.712
0.051 0 0.051 0.018 0.006 0.024 12.892 0.006 12.897 13.826 0.003 13.824 13.779 0 13.776
0.052 0 0.052 0.016 0.009 0.025 12.802 0.004 12.804 13.724 0.003 13.723 13.659 0.001 13.656
0.044 0.001 0.045 0.021 0.003 0.025 11.969 0.005 11.97 13.278 0.007 13.282 13.194 0 13.191
0.045 0.001 0.046 0.024 0 0.024 11.936 0.005 11.937 13.32 0.005 13.322 13.223 0.001 13.221
0.045 0.001 0.046 0.019 0.005 0.024 12.493 0.003 12.493 13.751 0.006 13.753 13.716 0 13.713
0.05 0 0.05 0.019 0.005 0.024 12.728 0.003 12.729 13.733 0.007 13.738 13.496 0.001 13.493
0.051 0.001 0.053 0.022 0.003 0.024 12.917 0.004 12.919 13.894 0.00600000000000001 13.896 13.845 0 13.842
0.047 0.003 0.05 0.018 0.007 0.025 12.671 0.014 12.681 13.737 0.002 13.737 13.629 0 13.626
0.051 0 0.051 0.021 0.004 0.025 12.833 0.011 12.841 13.814 0.001 13.812 13.749 0 13.746
0.05 0 0.05 0.021 0.004 0.025 12.783 0.008 12.788 13.724 0.004 13.725 13.684 0.000999999999999994 13.682
0.049 0.002 0.051 0.021 0.003 0.025 12.769 0.004 12.769 13.76 0.005 13.763 13.673 0 13.669
0.047 0.003 0.05 0.023 0.002 0.025 12.752 0.00600000000000001 12.756 13.712 0.006 13.716 13.622 0 13.618
0.05 0 0.05 0.022 0.003 0.025 12.57 0.007 12.573 13.281 0 13.278 13.183 0 13.18
0.046 0.003 0.05 0.021 0.004 0.024 12.565 0.01 12.572 13.238 0 13.235 13.119 0 13.116
0.052 0.00199999999999999 0.053 0.023 0.001 0.025 12.806 0.01 12.814 13.787 0 13.784 13.749 0 13.744
0.05 0 0.051 0.021 0.003 0.024 12.775 0.005 12.776 13.722 0.00800000000000001 13.727 13.622 0 13.619
0.044 0.00199999999999999 0.047 0.022 0.003 0.024 12.482 0.003 12.483 13.757 0.005 13.76 13.672 0 13.669
0.049 0.002 0.052 0.02 0.004 0.024 12.731 0.012 12.739 13.743 0 13.741 13.466 0 13.464
0.048 0.002 0.05 0.022 0.003 0.025 12.764 0.00800000000000001 12.77 13.853 0 13.849 13.704 0.000999999999999994 13.702
0.047 0.003 0.051 0.021 0.004 0.024 12.799 0.001 12.797 13.748 0.005 13.75 13.715 0 13.712
0.051 0.001 0.052 0.022 0.002 0.024 12.825 0.005 12.827 13.787 0.00800000000000001 13.793 13.752 0.001 13.75
0.05 0.001 0.051 0.021 0.004 0.025 12.781 0.005 12.784 13.751 0.005 13.753 13.656 0 13.654
0.044 0.001 0.046 0.02 0.005 0.024 11.817 0.004 11.818 13.236 0.005 13.237 13.298 0 13.296
0.047 0.003 0.05 0.02 0.004 0.024 12.785 0.005 12.788 13.755 0.004 13.756 13.72 0 13.716
0.051 0.003 0.053 0.022 0.003 0.025 12.962 0.007 12.966 13.932 0.003 13.932 13.876 0 13.873
0.045 0.001 0.046 0.02 0.004 0.024 11.85 0.007 11.852 13.228 0.006 13.231 13.178 0.001 13.178
0.045 0.001 0.045 0.018 0.006 0.024 12.41 0.009 12.417 13.736 0 13.733 13.68 0 13.676
0.049 0.001 0.05 0.018 0.006 0.024 12.795 0.004 12.797 13.748 0.004 13.749 13.47 0 13.467
0.051 0.002 0.053 0.019 0.005 0.025 12.73 0.011 12.736 13.741 0 13.739 13.711 0 13.708
0.053 0 0.052 0.023 0.001 0.024 12.728 0.002 12.727 13.726 0.006 13.73 13.682 0.002 13.681
0.045 0 0.045 0.02 0.004 0.024 12.492 0.006 12.494 13.778 0.004 13.781 13.715 0 13.712
0.048 0.002 0.05 0.021 0.004 0.025 12.801 0.01 12.808 13.845 0.001 13.844 13.598 0 13.595
0.045 0 0.045 0.019 0.005 0.024 11.878 0.005 11.88 13.203 0.005 13.206 13.128 0 13.126
0.045 0 0.045 0.016 0.008 0.025 11.804 0.009 11.817 12.941 0.001 12.946 12.796 0 12.796
0.044 0.001 0.045 0.019 0.006 0.025 11.966 0.004 11.967 13.274 0.003 13.275 13.23 0 13.227
0.045 0 0.045 0.019 0.005 0.024 11.856 0.006 11.858 13.217 0.007 13.222 13.17 0.001 13.168
0.048 0.00199999999999999 0.05 0.019 0.005 0.025 12.82 0.003 12.819 13.781 0.007 13.786 13.719 0 13.716
0.047 0.003 0.05 0.024 0 0.024 12.835 0.006 12.838 13.811 0.011 13.819 13.705 0.001 13.703
0.053 0 0.054 0.018 0.00600000000000001 0.024 12.809 0.001 12.808 13.781 0.004 13.781 13.701 0 13.697
0.046 0.003 0.049 0.02 0.005 0.025 12.895 0.005 12.897 13.808 0.005 13.81 13.804 0.002 13.803
0.046 0.001 0.046 0.021 0.003 0.025 12.497 0.005 12.499 13.787 0.007 13.792 13.698 0.001 13.696
0.047 0.003 0.05 0.02 0.004 0.024 12.791 0.016 12.804 13.692 0.000999999999999987 13.69 13.421 0 13.418
0.05 0 0.05 0.02 0.004 0.024 12.136 0.004 12.137 13.309 0.007 13.313 13.248 0.002 13.246
0.042 0.004 0.045 0.02 0.004 0.024 11.921 0.007 11.925 13.265 0.003 13.265 13.234 0 13.231
0.044 0.002 0.046 0.016 0.008 0.024 11.951 0.005 11.953 13.323 0.004 13.324 13.251 0.001 13.25
0.044 0.001 0.045 0.018 0.00600000000000001 0.024 11.84 0.005 11.842 13.153 0.004 13.155 13.139 0 13.135
0.046 0 0.047 0.022 0.002 0.024 12.471 0.005 12.472 13.787 0.004 13.789 13.721 0.001 13.719
0.049 0.00199999999999999 0.05 0.016 0.008 0.024 12.781 0.003 12.783 13.745 0.002 13.744 13.493 0 13.49
0.046 0 0.046 0.021 0.003 0.024 12.593 0.006 12.596 13.868 0.004 13.87 13.802 0 13.798
0.049 0.001 0.05 0.022 0.003 0.024 12.728 0.004 12.729 13.686 0.008 13.692 13.465 0 13.462
0.05 0.003 0.053 0.022 0.002 0.024 12.801 0.007 12.806 13.814 0.003 13.814 13.755 0 13.752
0.049 0.002 0.051 0.019 0.005 0.025 12.769 0.004 12.77 13.708 0.006 13.712 13.68 0 13.677
0.043 0.002 0.046 0.022 0.002 0.024 11.806 0.006 11.81 13.229 0.007 13.233 13.22 0.002 13.22
0.051 0.001 0.053 0.02 0.004 0.024 12.702 0.007 12.705 13.752 0.000999999999999994 13.751 13.733 0 13.732
0.051 0 0.051 0.019 0.00600000000000001 0.024 12.825 0.004 12.828 13.784 0.008 13.789 13.739 0 13.737
0.043 0.001 0.045 0.019 0.006 0.025 12.05 0.004 12.05 13.409 0.004 13.41 13.608 0 13.604
0.05 0.000999999999999994 0.051 0.016 0.009 0.025 12.819 0.00900000000000001 12.825 13.879 0 13.876 13.765 0 13.762
0.051 0.002 0.052 0.022 0.00199999999999999 0.025 12.786 0.007 12.79 13.735 0.003 13.734 13.701 0 13.699
0.045 0.000999999999999994 0.045 0.022 0.002 0.024 11.876 0.00600000000000001 11.88 13.201 0.004 13.201 13.462 0 13.459
0.051 0.001 0.052 0.021 0.004 0.025 12.815 0.007 12.82 13.792 0.004 13.793 13.736 0.001 13.733
0.048 0.004 0.052 0.021 0.003 0.025 12.806 0.01 12.813 13.834 0 13.831 13.755 0 13.751
0.044 0.002 0.046 0.022 0.00199999999999999 0.024 11.819 0.00700000000000001 11.823 13.181 0.007 13.186 13.144 0 13.141
0.045 0.002 0.047 0.017 0.007 0.023 11.864 0.003 11.864 13.171 0.005 13.174 13.159 0 13.156
0.043 0.002 0.046 0.022 0.003 0.024 11.94 0.00800000000000001 11.946 13.276 0.007 13.28 13.251 0 13.248
0.044 0.001 0.046 0.021 0.003 0.024 12.486 0.01 12.493 13.774 0 13.771 13.722 0 13.719
0.047 0.004 0.05 0.017 0.007 0.024 12.791 0.004 12.793 13.77 0.005 13.772 13.486 0 13.483
0.049 0.002 0.05 0.02 0.004 0.025 12.878 0.009 12.885 13.822 0.005 13.823 13.759 0 13.756
0.051 0 0.051 0.019 0.005 0.025 12.819 0.005 12.821 13.755 0.008 13.76 13.722 0.001 13.719
0.045 0.001 0.046 0.022 0.002 0.024 12.483 0.004 12.483 13.781 0.003 13.781 13.7 0 13.698
0.05 0 0.05 0.021 0.004 0.024 12.772 0.003 12.772 13.688 0.005 13.69 13.422 0 13.42
0.048 0.002 0.05 0.022 0.003 0.024 12.802 0.004 12.804 13.792 0.006 13.795 13.731 0.001 13.729
0.048 0.003 0.05 0.016 0.008 0.024 12.774 0.001 12.773 13.768 0.006 13.771 13.705 0 13.702
0.05 0 0.049 0.024 0.001 0.025 12.352 0.004 12.353 13.223 0.006 13.226 13.124 0.001 13.123
0.048 0.001 0.049 0.017 0.008 0.025 12.332 0.005 12.333 13.268 0.005 13.272 13.138 0 13.136
0.046 0.002 0.058 0.019 0.006 0.025 11.904 0.004 11.905 13.383 0.008 13.387 13.37 0.001 13.368
0.045 0.000999999999999994 0.046 0.021 0.004 0.024 12.469 0.009 12.475 13.804 0.001 13.803 13.723 0.001 13.721
0.053 0 0.053 0.019 0.005 0.025 12.763 0.004 12.764 13.705 0.004 13.706 13.428 0 13.425
0.048 0.003 0.051 0.019 0.005 0.024 12.824 0.004 12.825 13.769 0.005 13.771 13.686 0 13.684
0.047 0.003 0.05 0.017 0.007 0.024 12.893 0.005 12.896 13.838 0.005 13.84 13.76 0 13.757
0.049 0.000999999999999994 0.05 0.022 0.003 0.025 12.761 0.007 12.766 13.772 0.002 13.771 13.731 0 13.728
0.044 0.001 0.046 0.018 0.006 0.024 11.855 0.005 11.856 13.225 0.003 13.226 13.508 0 13.504
0.049 0.000999999999999994 0.05 0.02 0.004 0.025 12.846 0.003 12.847 13.861 0.005 13.863 13.792 0.001 13.789
0.046 0 0.046 0.02 0.003 0.023 11.889 0.005 11.891 13.24 0.006 13.243 13.335 0 13.332
0.051 0.00199999999999999 0.052 0.018 0.00600000000000001 0.025 12.842 0.006 12.845 13.777 0.004 13.778 13.726 0 13.728
0.049 0.002 0.051 0.018 0.006 0.024 12.776 0.005 12.778 13.702 0.008 13.707 13.667 0.000999999999999994 13.665
0.046 0 0.046 0.021 0.004 0.025 11.894 0.002 11.893 13.194 0.004 13.195 13.153 0 13.15
0.046 0.000999999999999997 0.047 0.021 0.003 0.023 11.767 0.008 11.773 13.586 0.004 13.587 13.687 0 13.684
0.049 0.002 0.05 0.023 0.001 0.025 12.755 0.004 12.756 13.652 0.003 13.651 13.171 0 13.17
0.052 0.001 0.053 0.019 0.005 0.024 12.849 0.003 12.85 13.795 0.006 13.798 13.721 0 13.719
0.05 0.001 0.051 0.019 0.007 0.025 13.014 0.000999999999999994 13.013 13.949 0.005 13.951 13.866 0 13.863
0.045 0.001 0.046 0.022 0.002 0.023 11.89 0.004 11.892 13.2 0.005 13.202 13.182 0 13.178
0.049 0.002 0.051 0.024 0.001 0.025 12.135 0.004 12.135 13.282 0.00199999999999999 13.28 13.2 0 13.198
0.046 0.003 0.05 0.021 0.004 0.024 12.761 0.008 12.768 13.716 0.00600000000000001 13.718 13.654 0.002 13.654
0.049 0.003 0.053 0.019 0.006 0.024 12.78 0.012 12.791 13.836 0 13.833 13.733 0 13.73
0.043 0.002 0.045 0.02 0.004 0.025 11.951 0.013 11.96 13.336 0 13.332 13.217 0 13.214
0.044 0.001 0.046 0.018 0.006 0.024 11.848 0.00600000000000001 11.849 13.192 0.005 13.195 13.291 0 13.287
0.044 0.002 0.045 0.017 0.007 0.024 11.879 0.004 11.881 13.233 0.003 13.233 13.508 0 13.504
0.044 0.00199999999999999 0.045 0.016 0.008 0.024 12.06 0.011 12.068 13.279 0 13.276 13.734 0.001 13.731
0.044 0.002 0.047 0.018 0.007 0.024 11.964 0.011 11.972 13.311 0 13.309 13.277 0 13.274
0.046 0.005 0.0590000000000001 0.02 0.004 0.024 11.944 0.00799999999999999 11.949 13.49 0.00600000000000001 13.493 13.171 0 13.169
0.043 0.006 0.0580000000000001 0.021 0.003 0.025 11.858 0.002 11.857 13.646 0.00799999999999999 13.65 13.709 0 13.707
0.049 0.001 0.05 0.02 0.004 0.024 12.389 0.003 12.389 13.2 0.005 13.203 13.15 0 13.147
0.049 0.001 0.05 0.024 0 0.024 12.246 0.014 12.256 13.232 0.001 13.236 13.031 0 13.03
0.044 0.002 0.046 0.02 0.004 0.025 11.863 0.003 11.862 13.38 0.004 13.382 13.278 0 13.275
0.042 0.003 0.046 0.023 0.00199999999999999 0.024 12.505 0.008 12.511 13.862 0 13.859 13.77 0 13.767
0.048 0.002 0.05 0.021 0.003 0.025 12.825 0.005 12.827 13.783 0.007 13.787 13.531 0 13.528
0.051 0 0.051 0.022 0.003 0.024 12.785 0.003 12.787 13.745 0.008 13.75 13.669 0.001 13.667
0.051 0.001 0.051 0.02 0.004 0.025 12.842 0.006 12.844 13.765 0.004 13.766 13.739 0 13.737
0.043 0.002 0.046 0.019 0.005 0.024 12.461 0.003 12.46 13.749 0.005 13.752 13.692 0 13.688
0.049 0.001 0.05 0.022 0.002 0.024 12.694 0.009 12.699 13.773 0 13.771 13.48 0 13.477
0.048 0.003 0.051 0.02 0.004 0.024 12.77 0.00600000000000001 12.773 13.768 0.005 13.771 13.695 0.003 13.695
0.052 0.001 0.053 0.023 0.002 0.024 12.754 0.001 12.753 13.782 0.006 13.785 13.74 0.002 13.738
0.047 0.00199999999999999 0.05 0.019 0.00600000000000001 0.025 12.835 0.003 12.836 13.807 0.00600000000000001 13.809 13.777 0 13.775
0.049 0.001 0.05 0.022 0.002 0.025 12.815 0.006 12.818 13.75 0.001 13.748 13.685 0 13.682
0.043 0.003 0.046 0.022 0.002 0.024 11.841 0.005 11.843 13.152 0.00600000000000001 13.157 13.273 0 13.271
0.05 0.000999999999999994 0.051 0.02 0.005 0.024 12.158 0.007 12.162 13.298 0.008 13.303 13.476 0 13.473
0.046 0.003 0.05 0.022 0.003 0.024 12.665 0.01 12.672 13.382 0 13.381 13.491 0 13.489
0.05 0.001 0.051 0.02 0.004 0.024 12.669 0.009 12.675 13.279 0 13.277 13.329 0 13.325
0.044 0.002 0.045 0.02 0.004 0.025 11.888 0.004 11.888 13.222 0.006 13.226 13.161 0 13.158
0.046 0 0.046 0.017 0.007 0.024 12.038 0.009 12.044 13.376 0.001 13.374 13.334 0 13.331
0.046 0 0.046 0.024 0 0.024 11.99 0.00199999999999999 11.99 13.301 0.005 13.302 13.47 0 13.468
0.048 0 0.0590000000000002 0.023 0.000999999999999994 0.024 12.061 0.008 12.065 13.324 0.004 13.325 13.314 0 13.312
0.047 0.003 0.05 0.02 0.004 0.024 12.034 0.004 12.04 12.956 0.003 12.958 12.806 0 12.813
0.045 0.001 0.045 0.022 0.002 0.024 12.539 0.002 12.538 13.788 0.005 13.791 13.748 0 13.745
0.048 0.002 0.05 0.017 0.008 0.025 12.775 0.011 12.783 13.798 0 13.795 13.505 0 13.502
0.047 0.003 0.051 0.016 0.00800000000000001 0.024 12.773 0.01 12.78 13.758 0.001 13.756 13.681 0 13.678
0.05 0.001 0.051 0.024 0.001 0.024 12.751 0.002 12.75 13.753 0 13.751 13.676 0 13.673
0.05 0.001 0.051 0.021 0.003 0.024 12.832 0.005 12.836 13.738 0.006 13.74 13.714 0 13.711
0.05 0 0.05 0.023 0.002 0.025 12.849 0.004 12.851 13.846 0.003 13.846 13.768 0 13.764
0.049 0.001 0.05 0.02 0.005 0.025 12.807 0.002 12.806 13.757 0.005 13.759 13.702 0.001 13.7
0.05 0.000999999999999994 0.05 0.018 0.00600000000000001 0.025 12.905 0.006 12.908 13.841 0.004 13.842 13.817 0 13.813
0.045 0.001 0.046 0.02 0.004 0.024 11.947 0.005 11.949 13.325 0.004 13.326 13.265 0 13.262
0.048 0.002 0.05 0.022 0.002 0.024 12.837 0.007 12.843 13.851 0.003 13.851 13.824 0 13.821
0.051 0.001 0.052 0.018 0.006 0.024 12.74 0.01 12.747 13.493 0.002 13.494 13.424 0 13.421
0.049 0.001 0.049 0.021 0.003 0.025 12.078 0.003 12.077 13.229 0.003 13.23 13.188 0 13.184
0.048 0.003 0.05 0.014 0.01 0.025 12.142 0.004 12.141 13.195 0.004 13.197 13.163 0 13.159
0.047 0.002 0.05 0.019 0.006 0.025 12.301 0.01 12.308 13.276 0.003 13.276 13.176 0 13.173
0.046 0.004 0.05 0.023 0.002 0.026 12.325 0.005 12.326 13.389 0.004 13.389 13.33 0 13.328
0.045 0.000999999999999994 0.046 0.019 0.005 0.024 11.928 0.006 11.931 13.54 0.003 13.539 13.226 0.00199999999999999 13.226
0.045 0.001 0.046 0.019 0.006 0.024 12.084 0.006 12.087 13.818 0.005 13.821 13.694 0 13.692
0.049 0.001 0.05 0.019 0.004 0.024 12.624 0.012 12.631 13.488 0 13.487 13.073 0 13.07
0.05 0.001 0.051 0.022 0.002 0.025 12.183 0.003 12.183 13.215 0.001 13.213 13.166 0 13.164
0.045 0 0.045 0.02 0.005 0.025 12.038 0.00700000000000001 12.042 13.322 0 13.319 13.401 0 13.398
0.048 0.002 0.05 0.021 0.003 0.024 12.824 0.004 12.825 13.749 0.00600000000000001 13.752 13.737 0 13.734
0.05 0.003 0.053 0.018 0.006 0.024 12.765 0.014 12.778 13.734 0.001 13.731 13.656 0 13.653
0.044 0.004 0.058 0.023 0.002 0.025 12.082 0.003 12.081 13.79 0.005 13.793 13.66 0 13.657
0.05 0.000999999999999994 0.051 0.021 0.003 0.024 12.847 0.009 12.853 13.897 0.005 13.899 13.401 0 13.398
0.05 0.001 0.05 0.019 0.005 0.025 12.873 0.003 12.873 13.853 0.004 13.853 13.773 0 13.771
0.049 0.002 0.051 0.02 0.004 0.024 12.724 0.016 12.736 13.776 0 13.774 13.717 0 13.714
0.046 0.002 0.058 0.021 0.003 0.024 12.417 0.008 12.422 13.771 0.001 13.769 13.733 0 13.731
0.048 0.002 0.05 0.021 0.003 0.025 12.725 0.008 12.729 13.824 0.000999999999999994 13.823 13.49 0.001 13.488
0.043 0.002 0.046 0.019 0.006 0.024 11.938 0.002 11.936 13.397 0.009 13.404 13.751 0 13.747
0.05 0.002 0.052 0.018 0.007 0.025 12.727 0.012 12.736 13.826 0.003 13.827 13.663 0 13.661
0.05 0.001 0.051 0.02 0.004 0.024 12.739 0.014 12.75 13.8 0 13.797 13.712 0 13.71
0.045 0.001 0.046 0.019 0.005 0.024 12.139 0.005 12.141 13.295 0 13.292 13.217 0 13.213
0.045 0.001 0.046 0.019 0.006 0.024 11.923 0.009 11.93 13.31 0.009 13.314 13.238 0.001 13.236
0.044 0.001 0.045 0.022 0.003 0.024 12.087 0.012 12.097 13.342 0.002 13.342 13.204 0 13.2
0.046 0 0.046 0.02 0.004 0.024 12.06 0.015 12.071 13.299 0 13.295 13.17 0 13.168
0.045 0.000999999999999994 0.046 0.015 0.009 0.024 12.542 0.005 12.545 13.847 0.007 13.851 13.801 0 13.799
0.047 0.003 0.05 0.02 0.005 0.024 12.869 0.004 12.87 13.825 0.00199999999999999 13.824 13.541 0 13.538
0.053 0 0.052 0.018 0.00600000000000001 0.025 12.786 0.003 12.787 13.753 0.00600000000000001 13.756 13.658 0 13.655
0.05 0.001 0.051 0.022 0.002 0.024 12.76 0.013 12.77 13.726 0.002 13.725 13.637 0 13.634
0.048 0.003 0.051 0.022 0.002 0.024 12.158 0.003 12.157 13.272 0.006 13.275 13.438 0 13.435
0.05 0 0.05 0.017 0.008 0.024 12.83 0.005 12.833 13.849 0.004 13.849 13.714 0.002 13.713
0.053 0 0.054 0.018 0.006 0.024 12.843 0.016 12.857 13.847 0 13.842 13.777 0 13.775
0.051 0 0.051 0.02 0.005 0.025 12.852 0.004 12.853 13.822 0.004 13.823 13.721 0 13.718
0.049 0.002 0.051 0.022 0.002 0.024 12.778 0.006 12.781 13.713 0.008 13.718 13.65 0 13.647
0.045 0.002 0.046 0.023 0.001 0.024 11.876 0.002 11.875 13.215 0.003 13.216 13.738 0.000999999999999994 13.736
0.05 0.001 0.05 0.016 0.00799999999999999 0.024 12.041 0.004 12.041 13.287 0.00600000000000001 13.29 13.166 0.001 13.164
0.052 0.001 0.053 0.021 0.003 0.024 12.682 0.005 12.684 13.72 0.002 13.719 13.289 0 13.286
0.051 0 0.051 0.021 0.004 0.025 12.843 0 12.842 13.799 0.005 13.799 13.725 0.001 13.724
0.05 0.001 0.051 0.017 0.007 0.024 12.832 0.003 12.832 13.815 0.004 13.816 13.361 0 13.358
0.052 0.002 0.053 0.022 0.002 0.024 12.863 0.006 12.867 13.837 0.001 13.835 13.732 0.002 13.731
0.047 0.003 0.049 0.019 0.005 0.025 12.773 0.005 12.775 13.715 0.008 13.72 13.684 0.001 13.683
0.044 0.00199999999999999 0.046 0.022 0.002 0.024 11.879 0.004 11.879 13.213 0.008 13.218 13.32 0.001 13.318
0.044 0.002 0.046 0.02 0.004 0.024 11.816 0.004 11.816 13.232 0.004 13.233 13.364 0 13.361
0.044 0.002 0.046 0.022 0.002 0.024 11.917 0.004 11.917 13.19 0.003 13.192 13.317 0 13.313
0.046 0 0.045 0.018 0.006 0.024 11.891 0.005 11.895 13.221 0.004 13.224 13.333 0 13.332
0.048 0.003 0.051 0.021 0.004 0.025 12.935 0.003 12.935 13.909 0.005 13.911 13.842 0 13.838
0.05 0 0.051 0.022 0.003 0.025 12.88 0.004 12.88 13.764 0.00799999999999999 13.771 13.721 0 13.717
0.05 0.005 0.068 0.02 0.004 0.024 12.843 0.00499999999999999 12.846 13.858 0.01 13.864 13.812 0.001 13.811
0.053 0.002 0.068 0.021 0.004 0.024 12.749 0.01 12.758 13.769 0 13.766 13.662 0.001 13.66
0.05 0.00199999999999999 0.052 0.02 0.004 0.024 12.113 0.005 12.114 13.202 0.002 13.201 13.161 0 13.159
0.043 0.00199999999999999 0.045 0.02 0.004 0.024 12.018 0.005 12.02 13.809 0.008 13.815 13.665 0.001 13.663
0.046 0 0.046 0.02 0.004 0.024 11.875 0.003 11.875 13.196 0.004 13.197 13.177 0 13.175
0.051 0 0.05 0.02 0.004 0.024 12.784 0.005 12.787 13.77 0.009 13.775 13.28 0 13.278
0.045 0.001 0.045 0.018 0.006 0.024 12.528 0.003 12.528 13.777 0.005 13.779 13.724 0 13.722
0.05 0 0.05 0.019 0.005 0.024 12.733 0.013 12.742 13.784 0.002 13.784 13.503 0 13.5
0.052 0 0.051 0.021 0.003 0.025 12.829 0.007 12.832 13.75 0.011 13.758 13.659 0 13.656
0.05 0.001 0.05 0.021 0.003 0.025 12.778 0.003 12.779 13.738 0.002 13.737 13.695 0 13.692
0.044 0.001 0.046 0.02 0.005 0.024 11.87 0.004 11.871 13.485 0.004 13.487 13.797 0 13.794
0.049 0.001 0.05 0.021 0.004 0.024 12.729 0.004 12.73 13.177 0.007 13.183 13.157 0 13.154
0.05 0.001 0.051 0.021 0.003 0.025 12.785 0.008 12.791 13.767 0.003 13.767 13.707 0 13.703
0.048 0.002 0.05 0.02 0.004 0.024 12.796 0.00600000000000001 12.8 13.781 0 13.778 13.707 0 13.704
0.05 0.001 0.05 0.019 0.005 0.025 12.093 0.035 12.145 13.196 0.017 13.229 13.149 0.01 13.174
0.048 0.002 0.05 0.022 0.002 0.025 12.104 0.005 12.105 13.295 0.006 13.297 13.201 0 13.198
0.05 0 0.05 0.02 0.005 0.024 12.24 0.007 12.245 13.402 0.006 13.405 13.331 0 13.329
0.05 0 0.05 0.02 0.005 0.025 12.064 0.004 12.064 13.215 0.005 13.216 13.136 0 13.134
0.043 0.00199999999999999 0.045 0.02 0.004 0.024 11.827 0.007 11.832 13.19 0.006 13.192 13.114 0 13.112
0.046 0 0.046 0.018 0.005 0.024 12.507 0.005 12.508 13.834 0.005 13.838 13.743 0.001 13.74
0.05 0 0.051 0.019 0.007 0.025 13.013 0.005 13.016 14.022 0.005 14.023 13.708 0 13.706
0.047 0 0.046 0.021 0.004 0.024 12.177 0.005 12.178 13.404 0.008 13.41 13.194 0 13.192
0.044 0.002 0.046 0.02 0.003 0.024 11.828 0.005 11.828 13.197 0.002 13.196 13.201 0.001 13.199
0.05 0.000999999999999994 0.051 0.022 0.003 0.024 12.8 0.006 12.803 13.761 0.00600000000000001 13.764 13.715 0 13.712
0.051 0.003 0.053 0.017 0.007 0.024 12.685 0.014 12.696 13.771 0.001 13.77 13.707 0 13.704
0.043 0.002 0.045 0.019 0.005 0.024 11.874 0.00600000000000001 11.876 13.23 0.003 13.23 13.177 0 13.175
0.046 0.003 0.049 0.022 0.003 0.025 12.79 0.005 12.792 13.458 0.007 13.462 13.177 0 13.175
0.043 0.002 0.045 0.021 0.003 0.024 11.842 0.006 11.845 13.197 0.004 13.198 13.161 0 13.158
0.044 0.001 0.046 0.022 0.002 0.024 11.89 0.01 11.895 13.237 0.002 13.237 13.14 0 13.137
0.045 0 0.045 0.02 0.004 0.024 12.478 0.005 12.479 13.801 0.009 13.808 13.728 0.00199999999999999 13.727
0.048 0.001 0.05 0.021 0.003 0.024 12.732 0.002 12.732 13.752 0.01 13.759 13.486 0 13.482
0.044 0.002 0.045 0.019 0.005 0.025 11.871 0.008 11.876 13.231 0.00700000000000001 13.235 13.206 0.001 13.204
0.05 0.003 0.054 0.021 0.004 0.024 12.876 0.003 12.878 13.838 0.007 13.841 13.781 0 13.78
0.05 0.001 0.051 0.019 0.005 0.024 12.816 0.006 12.82 13.747 0.005 13.751 13.724 0 13.721
0.044 0.001 0.045 0.022 0.002 0.025 11.864 0.016 11.876 13.263 0.001 13.26 13.164 0 13.161
0.044 0.00199999999999999 0.046 0.022 0.002 0.024 11.87 0.007 11.875 13.213 0.007 13.216 13.208 0 13.206
0.043 0.002 0.046 0.018 0.006 0.024 11.849 0.006 11.851 13.233 0.005 13.235 13.214 0 13.212
0.045 0.001 0.046 0.021 0.004 0.024 12.011 0.011 12.02 13.315 0.001 13.312 13.23 0 13.227
0.045 0.003 0.059 0.022 0.00199999999999999 0.024 11.885 0.005 11.887 13.235 0.004 13.236 13.189 0.002 13.188
0.05 0.002 0.051 0.019 0.006 0.025 12.868 0.002 12.868 13.832 0.008 13.837 13.792 0.002 13.792
0.049 0.003 0.052 0.02 0.004 0.024 12.77 0.005 12.773 13.721 0.009 13.727 13.662 0.003 13.662
0.043 0.00199999999999999 0.045 0.019 0.005 0.024 11.916 0.007 11.92 13.264 0.008 13.27 13.249 0 13.246
0.045 0.001 0.046 0.019 0.005 0.024 11.935 0.003 11.934 13.319 0.003 13.319 13.228 0.001 13.226
0.046 0.001 0.046 0.021 0.003 0.024 11.904 0.005 11.905 13.244 0.005 13.248 13.758 0 13.754
0.045 0.004 0.05 0.02 0.004 0.024 12.839 0.004 12.841 13.809 0.00600000000000001 13.811 13.735 0 13.732
0.051 0 0.05 0.02 0.004 0.025 12.792 0.006 12.795 13.754 0.002 13.752 13.663 0 13.661
0.05 0 0.051 0.022 0.003 0.024 12.857 0.00600000000000001 12.861 13.897 0.007 13.9 13.861 0 13.858
0.05 0.001 0.052 0.019 0.00600000000000001 0.024 12.87 0.00199999999999999 12.87 13.816 0.004 13.817 13.766 0 13.763
0.047 0.002 0.05 0.019 0.006 0.025 12.775 0.012 12.783 13.831 0.001 13.83 13.761 0 13.758
0.051 0.001 0.053 0.023 0.002 0.024 12.802 0.003 12.803 13.777 0.003 13.777 13.741 0 13.738
0.051 0 0.051 0.021 0.004 0.025 12.813 0.005 12.816 13.757 0.00600000000000001 13.759 13.713 0 13.711
0.049 0.000999999999999994 0.051 0.022 0.003 0.024 12.823 0.004 12.825 13.762 0.003 13.761 13.689 0 13.686
0.05 0.003 0.053 0.019 0.005 0.024 12.699 0.007 12.703 13.444 0.006 13.447 13.354 0 13.353
0.049 0.001 0.05 0.023 0.00199999999999999 0.025 12.807 0.009 12.814 13.877 0 13.873 13.73 0 13.728
0.047 0 0.047 0.017 0.007 0.024 11.973 0.013 11.983 13.271 0 13.268 13.349 0 13.345
0.045 0.001 0.046 0.016 0.008 0.024 11.882 0.005 11.883 13.203 0.003 13.203 13.347 0 13.343
0.045 0 0.046 0.022 0.003 0.024 11.904 0.007 11.908 13.26 0.009 13.266 13.426 0 13.423
0.045 0.001 0.046 0.019 0.005 0.024 11.898 0.003 11.898 13.271 0.007 13.275 13.412 0 13.409
0.045 0.001 0.046 0.02 0.004 0.024 11.881 0.005 11.882 13.205 0 13.203 13.135 0 13.132
0.046 0 0.046 0.02 0.004 0.024 12.13 0.008 12.135 13.76 0.001 13.758 13.709 0 13.707
0.049 0.001 0.05 0.018 0.005 0.024 12.649 0.01 12.655 13.449 0 13.447 12.972 0 12.97
0.05 0 0.05 0.021 0.004 0.025 12.745 0.008 12.749 13.609 0.007 13.614 13.167 0 13.165
0.044 0.001 0.045 0.018 0.006 0.024 11.917 0.002 11.916 13.22 0.001 13.218 13.359 0.001 13.357
0.044 0.001 0.046 0.02 0.004 0.024 11.907 0.004 11.907 13.218 0.00800000000000001 13.222 13.162 0 13.159
0.044 0.001 0.045 0.02 0.003 0.024 11.888 0.004 11.888 13.052 0.008 13.057 13.013 0 13.01
0.045 0 0.045 0.018 0.006 0.024 11.84 0.005 11.842 13.236 0.01 13.243 13.366 0 13.362
0.048 0.002 0.051 0.019 0.005 0.024 12.668 0.008 12.672 13.212 0 13.209 13.364 0 13.362
0.052 0.001 0.053 0.02 0.004 0.025 12.837 0.003 12.837 13.798 0.007 13.801 13.738 0 13.735
0.045 0 0.045 0.023 0.002 0.024 11.901 0.008 11.906 13.249 0.001 13.248 13.579 0 13.575
0.051 0 0.05 0.02 0.004 0.024 12.815 0.005 12.817 13.769 0.009 13.776 13.716 0 13.712
0.05 0 0.05 0.02 0.004 0.024 12.785 0.005 12.788 13.752 0.00199999999999999 13.751 13.654 0.001 13.652
0.049 0.002 0.052 0.021 0.004 0.024 12.741 0.008 12.747 13.772 0 13.77 13.687 0 13.684
0.05 0.003 0.052 0.019 0.006 0.025 12.783 0.006 12.788 13.73 0.00600000000000001 13.732 13.674 0 13.671
0.051 0 0.052 0.017 0.008 0.024 12.787 0.00600000000000001 12.792 13.714 0.003 13.713 13.651 0 13.65
0.047 0.003 0.05 0.02 0.004 0.024 12.174 0.004 12.174 13.186 0.00600000000000001 13.189 13.17 0 13.167
0.05 0 0.05 0.019 0.005 0.024 12.122 0.006 12.124 13.192 0.005 13.194 13.132 0 13.129
0.048 0.002 0.05 0.021 0.003 0.024 12.212 0.004 12.214 13.222 0.003 13.221 13.193 0 13.191
0.048 0.004 0.052 0.021 0.003 0.024 12.358 0.008 12.363 13.307 0 13.304 13.18 0 13.177
0.044 0.001 0.045 0.019 0.005 0.024 11.915 0.003 11.915 13.216 0.007 13.219 13.179 0 13.177
0.043 0.003 0.046 0.021 0.003 0.024 11.913 0.005 11.914 13.186 0.01 13.193 13.144 0 13.141
0.046 0 0.047 0.019 0.005 0.024 12.539 0.009 12.543 13.814 0 13.814 13.533 0.001 13.541
0.051 0.002 0.053 0.021 0.004 0.025 12.761 0.014 12.772 13.783 0.002 13.781 13.515 0 13.513
0.049 0.000999999999999994 0.049 0.022 0.002 0.025 12.039 0.007 12.041 13.13 0.01 13.137 13.098 0 13.095
0.049 0.001 0.05 0.021 0.003 0.024 12.156 0.005 12.158 13.227 0.008 13.232 13.144 0.001 13.142
0.05 0 0.051 0.02 0.004 0.024 12.214 0.005 12.215 13.161 0.004 13.162 13.146 0 13.143
0.04 0.005 0.045 0.022 0.00199999999999999 0.024 11.872 0.004 11.873 13.184 0.007 13.188 13.255 0 13.252
0.048 0.002 0.05 0.02 0.004 0.024 12.616 0.012 12.625 13.246 0.001 13.244 13.157 0 13.154
0.05 0 0.05 0.021 0.003 0.024 12.765 0.01 12.773 13.734 0.006 13.737 13.692 0 13.689
0.049 0.001 0.051 0.017 0.008 0.024 12.762 0.005 12.764 13.678 0.00600000000000001 13.683 13.639 0 13.635
0.048 0.001 0.049 0.025 0 0.024 12.829 0.006 12.832 13.783 0.004 13.784 13.694 0.001 13.692
0.049 0.00199999999999999 0.05 0.023 0.001 0.025 12.778 0.002 12.778 13.726 0.005 13.728 13.686 0 13.683
0.05 0.001 0.051 0.022 0.002 0.024 12.836 0.013 12.846 13.817 0.003 13.817 13.73 0 13.727
0.049 0.001 0.05 0.02 0.005 0.025 12.857 0.002 12.856 13.832 0.004 13.834 13.807 0 13.804
0.05 0 0.05 0.019 0.006 0.025 12.869 0.006 12.873 13.777 0.005 13.778 13.722 0 13.72
0.045 0.001 0.046 0.02 0.005 0.024 11.908 0.002 11.906 13.218 0.007 13.222 13.182 0 13.179
0.044 0.001 0.045 0.02 0.004 0.025 11.864 0.003 11.864 13.234 0.003 13.233 13.167 0.001 13.166
0.046 0 0.046 0.021 0.003 0.025 11.838 0.006 11.842 13.233 0.005 13.234 13.22 0.002 13.221
0.043 0.003 0.046 0.022 0.002 0.024 11.852 0.003 11.852 13.186 0.005 13.188 13.64 0 13.638
0.05 0.001 0.05 0.021 0.003 0.024 12.77 0.015 12.782 13.724 0 13.721 13.661 0 13.658
0.044 0.001 0.045 0.02 0.004 0.023 11.833 0.005 11.834 13.634 0.003 13.634 13.7 0 13.698
0.05 0 0.05 0.019 0.005 0.024 12.813 0.002 12.812 13.644 0.003 13.644 13.15 0 13.147
0.047 0.003 0.049 0.019 0.005 0.025 12.195 0.015 12.206 13.307 0.001 13.304 13.169 0 13.167
0.044 0.001 0.045 0.019 0.005 0.024 11.923 0.001 11.92 13.282 0.006 13.286 13.343 0.001 13.341
0.044 0.002 0.045 0.023 0.001 0.024 11.902 0.013 11.912 13.301 0 13.299 13.209 0 13.205
0.043 0.002 0.046 0.023 0.002 0.024 12.034 0.011 12.042 13.423 0.000999999999999994 13.422 13.464 0 13.461
0.049 0.001 0.05 0.018 0.006 0.025 11.821 0.008 11.826 13.223 0.01 13.23 13.713 0 13.709
0.049 0.000999999999999994 0.05 0.02 0.004 0.024 12.753 0.005 12.756 13.757 0 13.755 13.683 0 13.679
0.05 0.001 0.051 0.024 0.000999999999999994 0.025 12.825 0.005 12.828 13.851 0.004 13.851 13.739 0 13.736
0.05 0.001 0.051 0.022 0.002 0.024 12.811 0.003 12.811 13.731 0.00899999999999999 13.737 13.728 0 13.725
0.051 0.001 0.052 0.019 0.005 0.024 12.772 0.003 12.772 13.736 0.01 13.743 13.698 0 13.695
0.049 0.001 0.05 0.024 0.001 0.025 12.838 0.003 12.838 13.769 0.005 13.772 13.736 0 13.733
0.053 0 0.052 0.021 0.003 0.025 12.852 0.006 12.855 13.812 0.002 13.811 13.755 0 13.752
0.047 0.002 0.05 0.02 0.006 0.025 12.805 0.003 12.806 13.804 0.004 13.806 13.742 0 13.738
0.049 0.000999999999999994 0.05 0.02 0.005 0.024 12.824 0.004 12.827 13.782 0.008 13.787 13.716 0.002 13.715
0.046 0 0.046 0.022 0.00199999999999999 0.024 11.916 0.004 11.917 13.184 0.004 13.184 13.28 0 13.278
0.045 0.001 0.046 0.02 0.005 0.025 11.935 0.014 11.947 13.243 0.001 13.24 13.32 0 13.318
0.045 0.001 0.046 0.021 0.003 0.024 11.846 0.005 11.848 13.179 0.004 13.18 13.245 0.001 13.243
0.049 0.001 0.05 0.022 0.003 0.025 12.581 0.003 12.58 13.274 0.006 13.277 13.41 0.001 13.409
0.044 0.001 0.046 0.025 0 0.024 11.907 0.006 11.918 13.27 0.003 13.27 13.412 0 13.409
0.052 0 0.051 0.023 0.001 0.025 12.841 0.004 12.842 13.78 0.005 13.781 13.71 0 13.708
0.048 0.00199999999999999 0.05 0.022 0.003 0.024 12.831 0.008 12.838 13.784 0.004 13.784 13.698 0 13.694
0.04 0.005 0.045 0.02 0.004 0.024 11.874 0.008 11.878 13.487 0.007 13.491 13.716 0 13.713
0.046 0.004 0.05 0.017 0.007 0.024 12.155 0.014 12.167 13.286 0.001 13.284 13.174 0 13.171
0.047 0.003 0.05 0.024 0 0.025 12.864 0.004 12.865 13.287 0.008 13.292 13.205 0 13.202
0.049 0.001 0.05 0.019 0.005 0.024 12.757 0.003 12.756 13.435 0.004 13.437 12.963 0 12.965
0.046 0 0.045 0.02 0.004 0.024 11.96 0.002 11.96 13.28 0.00800000000000001 13.285 13.503 0 13.5
0.049 0 0.049 0.019 0.005 0.025 12.751 0.01 12.756 13.789 0.002 13.79 13.712 0.000999999999999994 13.709
0.051 0 0.05 0.022 0.002 0.025 12.765 0.003 12.764 13.722 0.002 13.721 13.657 0.003 13.658
0.045 0.001 0.045 0.02 0.004 0.025 12.127 0.005 12.129 13.883 0.006 13.886 13.791 0 13.788
0.049 0.002 0.051 0.019 0.005 0.024 12.851 0.003 12.852 13.816 0.004 13.816 13.342 0 13.339
0.05 0.002 0.053 0.02 0.005 0.024 12.832 0.003 12.833 13.772 0.004 13.772 13.725 0 13.722
0.048 0.003 0.051 0.016 0.008 0.025 12.815 0.004 12.817 13.763 0.005 13.764 13.718 0 13.714
0.048 0.001 0.049 0.023 0.001 0.025 12.895 0.005 12.897 13.843 0.007 13.848 13.791 0 13.788
0.049 0.002 0.05 0.019 0.005 0.025 12.812 0.005 12.814 13.72 0.004 13.721 13.698 0 13.696
0.05 0.001 0.05 0.021 0.004 0.025 12.216 0.013 12.227 13.358 0 13.354 13.255 0 13.253
0.048 0.002 0.051 0.017 0.008 0.024 12.219 0.009 12.225 13.226 0 13.223 13.178 0 13.175
0.049 0.001 0.05 0.016 0.009 0.025 12.089 0.007 12.093 13.247 0.006 13.251 13.177 0.001 13.176
0.05 0 0.05 0.023 0.00199999999999999 0.025 12.094 0.00700000000000001 12.097 13.166 0.008 13.171 13.141 0 13.139
0.05 0 0.05 0.022 0.002 0.024 12.173 0.002 12.173 13.242 0.007 13.245 13.534 0.001 13.532
0.049 0.001 0.051 0.024 0.001 0.025 12.829 0.008 12.834 13.743 0.006 13.746 13.694 0 13.691
0.05 0.003 0.053 0.02 0.004 0.024 12.724 0.005 12.726 13.713 0.011 13.721 13.622 0 13.62
0.044 0.001 0.045 0.021 0.003 0.024 11.934 0.009 11.941 13.298 0.002 13.298 13.208 0 13.206
0.045 0.001 0.047 0.021 0.003 0.024 11.962 0.00600000000000001 11.964 13.268 0 13.266 13.543 0 13.539
0.043 0.003 0.047 0.019 0.006 0.024 11.875 0.004 11.877 13.209 0.00199999999999999 13.207 13.167 0 13.163
0.043 0.00199999999999999 0.045 0.022 0.003 0.025 12.118 0.011 12.125 13.34 0.000999999999999994 13.339 13.703 0 13.701
0.049 0.001 0.05 0.021 0.003 0.024 12.026 0.003 12.026 13.14 0.005 13.142 13.547 0 13.544
0.044 0.000999999999999994 0.046 0.02 0.004 0.024 12.1 0.015 12.112 13.264 0.001 13.266 13.34 0 13.343
0.048 0.002 0.049 0.021 0.003 0.025 12.84 0.004 12.841 13.767 0.008 13.771 13.721 0 13.725
0.051 0.000999999999999994 0.053 0.021 0.004 0.024 12.817 0.006 12.821 13.847 0 13.844 13.81 0 13.807
0.046 0 0.046 0.021 0.003 0.024 11.665 0.007 11.678 12.91 0.011 12.926 12.82 0 12.823
0.044 0.002 0.045 0.021 0.003 0.024 11.888 0.005 11.891 13.25 0.005 13.251 13.179 0 13.177
0.047 0.00199999999999999 0.05 0.023 0.002 0.024 12.284 0.003 12.285 13.217 0.007 13.22 13.178 0.001 13.177
0.05 0.001 0.051 0.021 0.003 0.024 12.812 0.006 12.815 13.823 0 13.821 13.765 0 13.762
0.05 0 0.051 0.019 0.006 0.024 12.71 0.014 12.721 13.768 0 13.767 13.698 0 13.695
0.043 0.003 0.046 0.017 0.00700000000000001 0.024 11.886 0.013 11.896 13.225 0 13.221 13.161 0 13.159
0.045 0 0.045 0.017 0.008 0.025 11.831 0.004 11.832 13.142 0.005 13.143 13.132 0 13.129
0.044 0.001 0.046 0.017 0.008 0.024 12.024 0.004 12.025 13.369 0.005 13.371 13.322 0 13.32
0.043 0.002 0.046 0.024 0.001 0.024 11.838 0.007 11.841 13.19 0.005 13.192 13.153 0 13.15
0.047 0.003 0.049 0.02 0.004 0.025 12.506 0.003 12.506 13.211 0.003 13.21 13.145 0 13.142
0.044 0.002 0.045 0.018 0.00600000000000001 0.024 12.446 0.00899999999999999 12.452 13.781 0.001 13.78 13.697 0 13.695
0.043 0.00199999999999999 0.045 0.02 0.004 0.024 11.768 0.003 11.768 13.158 0.008 13.163 13.475 0 13.473
0.049 0.001 0.05 0.017 0.007 0.024 12.77 0.004 12.771 13.721 0.004 13.722 13.455 0 13.452
0.049 0.001 0.05 0.02 0.004 0.024 12.379 0.003 12.378 13.17 0.00600000000000001 13.173 13.103 0 13.1
0.05 0 0.049 0.021 0.003 0.025 12.644 0.01 12.65 13.253 0.001 13.252 13.566 0.000999999999999994 13.564
0.05 0 0.05 0.021 0.004 0.024 12.591 0.004 12.593 13.176 0.006 13.179 13.134 0 13.131
0.048 0.002 0.05 0.021 0.003 0.025 12.504 0.005 12.505 13.129 0.006 13.139 12.883 0 12.882
0.044 0.00199999999999999 0.046 0.022 0.003 0.024 12.424 0.008 12.429 13.786 0 13.784 13.696 0 13.693
0.05 0 0.05 0.021 0.003 0.024 12.808 0.004 12.81 13.766 0.005 13.767 13.52 0 13.517
0.048 0.002 0.05 0.024 0.001 0.025 12.851 0.002 12.85 13.822 0.007 13.826 13.76 0 13.756
0.05 0.003 0.053 0.019 0.005 0.024 12.833 0.00899999999999999 12.839 13.775 0.001 13.772 13.672 0 13.67
0.043 0.002 0.046 0.019 0.005 0.024 11.965 0.002 11.963 13.347 0.008 13.352 13.683 0.001 13.681
0.045 0.000999999999999994 0.045 0.018 0.005 0.024 11.888 0.012 11.896 13.24 0 13.238 13.553 0.001 13.55
0.049 0.001 0.049 0.024 0.001 0.025 12.834 0.011 12.843 13.973 0.000999999999999994 13.971 13.889 0 13.886
0.049 0.00199999999999999 0.052 0.022 0.003 0.024 12.825 0.014 12.838 13.767 0 13.764 13.733 0 13.73
0.047 0 0.046 0.021 0.003 0.025 12.065 0.007 12.069 13.277 0 13.275 13.419 0 13.416
0.045 0.001 0.045 0.024 0.001 0.025 12.202 0.009 12.207 13.378 0 13.375 13.494 0 13.492
0.044 0.002 0.045 0.017 0.007 0.025 11.949 0.004 11.95 13.295 0.005 13.296 13.456 0.001 13.454
0.044 0.002 0.046 0.018 0.006 0.024 11.804 0.005 11.806 13.221 0.004 13.223 13.345 0.004 13.346
0.044 0.001 0.045 0.023 0.001 0.024 11.789 0.004 11.79 13.479 0.01 13.486 13.684 0 13.681
0.05 0 0.05 0.022 0.003 0.025 12.81 0.006 12.824 13.725 0.009 13.743 13.666 0.002 13.678
0.053 0 0.053 0.022 0.003 0.024 12.779 0.009 12.786 13.722 0.007 13.725 13.698 0 13.696
0.047 0.00199999999999999 0.05 0.021 0.004 0.025 12.493 0.007 12.497 13.24 0.005 13.243 13.204 0 13.202
0.052 0.002 0.053 0.017 0.007 0.024 12.648 0.004 12.648 13.302 0.003 13.303 13.25 0 13.248
0.046 0 0.045 0.02 0.004 0.024 11.712 0.003 11.72 12.905 0.00600000000000001 12.917 12.78 0 12.785
0.046 0 0.046 0.02 0.005 0.025 12.044 0.00600000000000001 12.047 13.364 0.003 13.363 13.29 0 13.288
0.049 0.001 0.05 0.02 0.005 0.025 12.52 0.007 12.523 13.205 0.005 13.207 13.122 0 13.119
0.048 0.002 0.05 0.019 0.006 0.025 12.537 0.005 12.538 13.199 0.006 13.202 13.169 0 13.166
0.044 0.001 0.045 0.019 0.005 0.024 11.857 0.004 11.858 13.203 0.002 13.202 13.642 0 13.639
0.044 0.002 0.046 0.021 0.003 0.024 11.876 0.01 11.883 13.235 0.003 13.235 13.685 0 13.682
0.048 0.002 0.051 0.022 0.003 0.024 12.797 0.013 12.809 13.814 0.001 13.812 13.685 0 13.681
0.049 0.001 0.051 0.023 0.00199999999999999 0.024 12.818 0.011 12.828 13.794 0.002 13.793 13.736 0 13.733
0.044 0.002 0.046 0.016 0.009 0.024 11.895 0.006 11.899 13.209 0.007 13.213 13.533 0 13.529
0.048 0.001 0.05 0.02 0.005 0.024 12.798 0.007 12.804 13.704 0.005 13.709 13.417 0 13.419
0.047 0.003 0.049 0.02 0.005 0.025 12.806 0.004 12.808 13.766 0.004 13.767 13.72 0 13.718
0.05 0 0.05 0.023 0.002 0.024 12.227 0.003 12.227 13.227 0.005 13.23 13.158 0 13.154
0.048 0.002 0.051 0.022 0.003 0.024 12.207 0.003 12.206 13.257 0.005 13.259 13.195 0.001 13.193
0.05 0 0.049 0.022 0.003 0.025 12.199 0.007 12.203 13.301 0.004 13.302 13.35 0 13.347
0.05 0 0.051 0.021 0.003 0.024 12.212 0.012 12.22 13.249 0.000999999999999994 13.246 13.174 0 13.171
0.049 0.001 0.05 0.022 0.002 0.024 12.764 0.006 12.769 13.514 0.005 13.516 13.151 0 13.147
0.046 0 0.045 0.016 0.008 0.024 11.924 0.003 11.924 13.275 0.008 13.28 13.233 0 13.23
0.045 0.000999999999999994 0.046 0.021 0.003 0.024 11.917 0.002 11.916 13.253 0.005 13.256 13.207 0 13.203
0.045 0.001 0.046 0.018 0.00600000000000001 0.024 12.021 0.011 12.028 13.205 0 13.203 13.682 0 13.679
0.045 0.001 0.047 0.02 0.004 0.024 12.115 0.005 12.117 13.813 0.006 13.816 13.774 0 13.772
0.048 0.002 0.05 0.021 0.003 0.024 12.742 0.009 12.747 13.805 0.002 13.805 13.348 0 13.345
0.045 0.001 0.045 0.021 0.003 0.024 11.873 0.006 11.875 13.229 0.003 13.23 13.201 0 13.198
0.045 0 0.045 0.018 0.005 0.023 11.727 0.005 11.73 12.9 0.004 12.9 13.02 0 13.019
0.046 0 0.045 0.02 0.004 0.025 11.906 0.002 11.904 13.315 0.005 13.317 13.433 0.000999999999999994 13.431
0.044 0.002 0.046 0.022 0.002 0.024 11.641 0.004 11.649 12.878 0.002 12.886 12.804 0 12.807
0.045 0.001 0.046 0.02 0.004 0.024 11.855 0.003 11.855 13.188 0.002 13.187 13.075 0 13.074
0.049 0.001 0.05 0.021 0.003 0.024 12.632 0.008 12.636 13.202 0.001 13.2 13.093 0 13.091
0.049 0.002 0.05 0.022 0.00199999999999999 0.025 12.619 0.005 12.621 13.196 0.006 13.198 13.14 0 13.137
0.049 0.001 0.05 0.021 0.004 0.025 12.422 0.004 12.423 13.259 0.006 13.262 13.198 0 13.195
0.044 0.002 0.046 0.022 0.002 0.024 11.699 0.005 11.709 12.921 0.004 12.93 12.773 0 12.775
0.048 0.001 0.049 0.024 0.001 0.025 12.063 0.009 12.069 13.291 0.000999999999999994 13.29 13.26 0 13.258
0.044 0.001 0.045 0.018 0.007 0.025 11.962 0.005 11.964 13.321 0.008 13.326 13.247 0.003 13.247
0.044 0.001 0.045 0.018 0.006 0.024 11.814 0.00600000000000001 11.817 13.181 0.003 13.18 13.131 0 13.129
0.049 0.000999999999999994 0.05 0.022 0.002 0.024 12.793 0.002 12.793 13.268 0.008 13.273 13.179 0 13.176
0.045 0 0.046 0.02 0.004 0.024 11.853 0.001 11.85 13.217 0.008 13.222 13.131 0 13.128
0.044 0 0.045 0.018 0.007 0.024 11.996 0.011 12.006 13.737 0.013 13.752 13.641 0.037 13.679
0.05 0.001 0.05 0.019 0.005 0.024 12.751 0.007 12.755 13.792 0.003 13.792 13.293 0.002 13.292
0.051 0.001 0.052 0.022 0.00199999999999999 0.024 12.834 0.003 12.834 13.77 0.01 13.777 13.733 0 13.73
0.049 0.001 0.051 0.021 0.004 0.024 12.876 0.000999999999999994 12.876 13.85 0.003 13.849 13.802 0 13.799
0.043 0.003 0.046 0.022 0.002 0.024 11.863 0.00199999999999999 11.862 13.213 0.00600000000000001 13.216 13.126 0 13.123
0.042 0.003 0.045 0.019 0.005 0.024 11.915 0.011 11.923 13.308 0 13.305 13.266 0 13.263
0.041 0.004 0.046 0.02 0.005 0.024 12.601 0.004 12.602 13.903 0.004 13.905 13.835 0 13.832
0.047 0.003 0.05 0.021 0.004 0.025 12.79 0.007 12.794 13.749 0.004 13.749 13.522 0.002 13.521
0.045 0.000999999999999994 0.045 0.021 0.003 0.025 12.107 0.018 12.121 13.29 0 13.287 13.19 0 13.188
0.047 0.002 0.05 0.022 0.003 0.024 12.158 0.00199999999999999 12.156 13.236 0.003 13.237 13.348 0 13.344
0.048 0.004 0.051 0.021 0.003 0.024 12.14 0.003 12.14 13.197 0.005 13.2 13.329 0 13.326
0.043 0.003 0.046 0.021 0.004 0.024 11.753 0.005 11.763 12.96 0.005 12.971 12.974 0 12.977
0.045 0.001 0.046 0.02 0.004 0.024 11.833 0.004 11.834 13.197 0.006 13.199 13.293 0 13.293
0.044 0 0.045 0.02 0.004 0.025 12.048 0.009 12.053 13.406 0 13.402 13.322 0 13.319
0.044 0.002 0.045 0.021 0.004 0.025 12.504 0.00700000000000001 12.508 13.824 0.00199999999999999 13.825 13.756 0 13.752
0.049 0.001 0.05 0.019 0.005 0.025 12.794 0.006 12.798 13.802 0.005 13.803 13.527 0.003 13.527
0.044 0.002 0.046 0.018 0.006 0.024 11.885 0.005 11.887 13.448 0.007 13.452 13.754 0 13.752
0.046 0 0.045 0.018 0.006 0.024 12.101 0.007 12.103 13.832 0.004 13.834 13.734 0 13.731
0.05 0 0.05 0.021 0.004 0.025 12.732 0.005 12.733 13.714 0.006 13.718 13.258 0.00199999999999999 13.257
0.049 0.001 0.05 0.021 0.004 0.025 12.842 0.003 12.842 13.784 0.001 13.782 13.71 0 13.706
0.05 0.001 0.051 0.024 0.001 0.024 12.849 0.004 12.851 13.831 0.006 13.834 13.786 0 13.782
0.045 0.001 0.045 0.02 0.004 0.024 11.977 0.016 11.99 13.423 0.002 13.423 13.766 0 13.763
0.049 0.000999999999999994 0.05 0.021 0.004 0.025 12.862 0.007 12.865 13.813 0.009 13.82 13.774 0 13.769
0.05 0.003 0.052 0.021 0.003 0.025 12.759 0.005 12.761 13.728 0.005 13.73 13.687 0 13.684
0.052 0.001 0.053 0.023 0.00199999999999999 0.025 12.816 0.00600000000000001 12.819 13.788 0.004 13.789 13.742 0 13.738
0.048 0.002 0.05 0.019 0.006 0.024 12.791 0.005 12.793 13.725 0.006 13.728 13.705 0 13.702
0.048 0.00199999999999999 0.05 0.02 0.005 0.025 12.146 0.005 12.148 13.343 0.005 13.344 13.304 0 13.302
0.048 0.002 0.05 0.019 0.005 0.024 12.043 0.005 12.045 13.22 0.004 13.222 13.18 0 13.177
0.049 0.001 0.05 0.022 0.00199999999999999 0.025 12.162 0.00800000000000001 12.175 12.991 0 12.99 12.816 0 12.825
0.049 0.002 0.05 0.02 0.004 0.024 12.021 0.002 12.02 13.19 0.011 13.199 13.147 0.001 13.145
0.045 0.001 0.046 0.02 0.004 0.025 11.904 0.000999999999999994 11.901 13.233 0.007 13.238 13.584 0 13.581
0.05 0.002 0.053 0.017 0.008 0.024 12.752 0.003 12.753 13.809 0.008 13.813 13.737 0 13.734
0.05 0.001 0.051 0.025 0 0.024 12.777 0.005 12.78 13.731 0.004 13.731 13.707 0 13.705
0.046 0 0.046 0.02 0.004 0.024 11.937 0.011 11.945 13.287 0.000999999999999994 13.285 13.173 0 13.17
0.049 0.002 0.05 0.022 0.00199999999999999 0.024 12.793 0.003 12.795 13.475 0.004 13.475 13.162 0 13.16
0.049 0 0.049 0.02 0.005 0.024 12.715 0.013 12.725 13.349 0 13.348 13.189 0 13.186
0.045 0.001 0.046 0.016 0.008 0.024 12.056 0.004 12.057 13.769 0.00699999999999999 13.773 13.679 0 13.678
0.049 0.001 0.05 0.021 0.003 0.024 12.744 0.003 12.744 13.717 0.008 13.723 13.251 0 13.247
0.05 0.001 0.052 0.02 0.005 0.024 12.815 0.009 12.822 13.804 0.001 13.803 13.717 0 13.714
0.051 0.001 0.052 0.022 0.003 0.024 12.75 0.01 12.758 13.72 0 13.717 13.632 0 13.63
0.043 0.002 0.045 0.02 0.004 0.024 11.953 0.006 11.955 13.285 0.002 13.285 13.595 0 13.592
0.043 0.003 0.046 0.02 0.005 0.024 12.493 0.007 12.499 13.772 0.003 13.773 13.689 0 13.686
0.05 0.001 0.05 0.022 0.002 0.025 12.799 0.011 12.806 13.776 0 13.773 13.48 0 13.478
0.045 0.001 0.045 0.019 0.005 0.024 11.895 0.006 11.899 13.203 0.008 13.208 13.611 0 13.608
0.044 0.00199999999999999 0.046 0.019 0.005 0.024 11.912 0.003 11.913 13.764 0.004 13.767 13.792 0 13.79
0.046 0 0.045 0.022 0.002 0.024 11.93 0.001 11.928 13.245 0.004 13.246 13.17 0 13.168
0.045 0 0.045 0.02 0.004 0.024 11.886 0.004 11.886 13.228 0.004 13.229 13.524 0 13.522
0.044 0.002 0.046 0.021 0.003 0.024 11.884 0.008 11.89 13.239 0.001 13.236 13.164 0 13.161
0.045 0 0.046 0.02 0.004 0.023 11.713 0.005 11.723 12.899 0.01 12.91 12.761 0.003 12.774
0.046 0 0.046 0.018 0.006 0.024 11.883 0.002 11.882 13.225 0.008 13.23 13.178 0 13.175
0.049 0.001 0.05 0.018 0.006 0.024 12.525 0.01 12.531 13.289 0.003 13.289 13.216 0.00199999999999999 13.214
0.043 0.003 0.046 0.02 0.005 0.024 12.047 0.005 12.048 13.348 0.002 13.348 13.256 0 13.254
0.047 0.003 0.051 0.021 0.003 0.024 12.96 0.003 12.959 13.88 0.004 13.882 13.807 0 13.804
0.05 0 0.05 0.021 0.004 0.024 12.811 0.004 12.813 13.732 0.004 13.733 13.661 0 13.658
0.044 0.001 0.045 0.021 0.004 0.025 11.894 0.003 11.893 13.236 0.003 13.236 13.221 0 13.217
0.044 0.001 0.046 0.02 0.004 0.024 11.925 0.004 11.925 13.321 0.007 13.326 13.201 0.002 13.2
0.045 0.000999999999999994 0.046 0.018 0.00600000000000001 0.024 11.924 0.01 11.932 13.252 0.001 13.25 13.162 0 13.159
0.05 0 0.05 0.021 0.003 0.024 12.488 0.003 12.489 13.198 0.009 13.204 13.152 0.000999999999999994 13.151
0.045 0.001 0.046 0.019 0.005 0.024 12.505 0.004 12.506 13.835 0.004 13.837 13.758 0 13.756
0.049 0.001 0.051 0.02 0.005 0.024 12.87 0.002 12.869 13.838 0.005 13.84 13.576 0.001 13.573
0.051 0 0.051 0.019 0.005 0.024 12.737 0.007 12.741 13.736 0.002 13.736 13.683 0.001 13.681
0.05 0 0.05 0.021 0.004 0.024 12.724 0.012 12.733 13.757 0 13.755 13.653 0 13.65
0.049 0.002 0.05 0.019 0.005 0.025 12.756 0.004 12.757 13.721 0.005 13.723 13.67 0 13.668
0.05 0.000999999999999994 0.051 0.021 0.003 0.024 12.763 0.005 12.766 13.73 0.004 13.731 13.656 0 13.653
0.041 0.003 0.045 0.021 0.00199999999999999 0.024 11.904 0.00700000000000001 11.907 13.226 0 13.223 13.125 0 13.123
0.048 0.000999999999999994 0.049 0.024 0.001 0.025 12.781 0.004 12.783 13.73 0.006 13.733 13.687 0 13.684
0.053 0 0.053 0.02 0.005 0.024 12.825 0.006 12.829 13.766 0.005 13.768 13.732 0 13.729
0.047 0.003 0.051 0.022 0.003 0.024 12.915 0.002 12.916 13.823 0.007 13.827 13.276 0 13.273
0.044 0.000999999999999994 0.046 0.018 0.00700000000000001 0.024 12.214 0.01 12.22 13.854 0.001 13.853 13.791 0 13.788
0.048 0.002 0.05 0.018 0.006 0.024 12.796 0.004 12.796 13.799 0.004 13.8 13.332 0 13.329
0.05 0 0.049 0.02 0.005 0.025 12.899 0.007 12.903 13.846 0.005 13.849 13.814 0 13.81
0.05 0.002 0.052 0.02 0.005 0.024 12.777 0.007 12.782 13.753 0.004 13.754 13.664 0 13.661
0.044 0.002 0.046 0.018 0.006 0.024 11.874 0.00600000000000001 11.877 13.249 0.007 13.253 13.174 0 13.171
0.049 0.00199999999999999 0.05 0.022 0.002 0.024 12.389 0.005 12.391 13.185 0.005 13.187 13.111 0 13.108
0.042 0.004 0.045 0.018 0.00600000000000001 0.025 12.466 0.01 12.473 13.9 0 13.898 13.744 0 13.741
0.048 0.002 0.05 0.021 0.003 0.025 12.868 0.003 12.868 13.831 0.00700000000000001 13.836 13.587 0 13.585
0.051 0.002 0.053 0.02 0.004 0.025 12.822 0.011 12.831 13.848 0 13.844 13.729 0 13.728
0.05 0 0.05 0.019 0.006 0.025 12.725 0.004 12.725 13.74 0.008 13.746 13.652 0 13.65
0.051 0 0.051 0.024 0.000999999999999994 0.025 12.731 0.001 12.728 13.747 0.002 13.747 13.726 0.002 13.725
0.046 0.001 0.047 0.014 0.01 0.025 11.959 0.005 11.96 13.258 0.00600000000000001 13.261 13.659 0 13.655
0.05 0.001 0.051 0.022 0.003 0.024 12.835 0.005 12.838 13.771 0.006 13.774 13.716 0 13.713
0.049 0 0.049 0.021 0.004 0.025 12.851 0.001 12.85 13.836 0.004 13.838 13.765 0.001 13.763
0.049 0.001 0.05 0.019 0.006 0.025 12.784 0.004 12.785 13.695 0.005 13.697 13.68 0 13.677
0.044 0.002 0.046 0.017 0.007 0.024 11.927 0.005 11.928 13.28 0.004 13.281 13.664 0 13.661
0.045 0.001 0.046 0.021 0.003 0.024 11.955 0.014 11.966 13.423 0.001 13.421 13.353 0 13.35
0.047 0 0.047 0.022 0.002 0.024 12.051 0.007 12.055 13.231 0 13.228 12.99 0 12.995
0.046 0 0.045 0.022 0.00199999999999999 0.024 11.889 0.009 11.896 13.239 0.002 13.238 13.521 0.001 13.519
0.049 0.001 0.05 0.022 0.003 0.025 12.778 0.00799999999999999 12.783 13.831 0.005 13.833 13.749 0 13.746
0.051 0.002 0.053 0.022 0.00199999999999999 0.024 12.789 0.006 12.792 13.725 0.00700000000000001 13.729 13.669 0 13.666
0.048 0.00199999999999999 0.049 0.02 0.004 0.025 12.839 0.006 12.842 13.789 0.006 13.792 13.706 0 13.702
0.049 0.001 0.05 0.02 0.004 0.024 12.769 0.014 12.78 13.724 0.001 13.722 13.655 0 13.652
0.051 0 0.051 0.024 0.001 0.025 12.861 0.005 12.864 13.785 0.006 13.787 13.702 0 13.699
0.049 0.002 0.051 0.017 0.007 0.024 12.806 0.005 12.809 13.765 0.003 13.765 13.679 0 13.676
0.043 0.002 0.045 0.021 0.003 0.024 11.79 0.006 11.795 13.193 0.007 13.199 13.154 0 13.151
0.05 0 0.05 0.019 0.006 0.024 12.56 0.011 12.568 13.267 0.001 13.267 13.173 0 13.169
0.048 0.00199999999999999 0.05 0.021 0.003 0.024 12.545 0.006 12.547 13.232 0.007 13.237 13.174 0 13.17
0.049 0 0.049 0.018 0.00700000000000001 0.025 12.816 0.006 12.82 13.807 0.005 13.809 13.745 0 13.742
0.051 0.002 0.053 0.02 0.004 0.024 12.787 0.004 12.788 13.752 0.006 13.755 13.675 0.002 13.676
0.044 0.001 0.045 0.02 0.004 0.025 12.572 0.009 12.577 13.892 0.001 13.892 13.781 0 13.777
0.049 0.001 0.05 0.021 0.004 0.025 12.868 0.006 12.871 13.822 0.006 13.825 13.57 0 13.567
0.049 0.001 0.05 0.026 0 0.025 12.826 0.005 12.829 13.771 0.002 13.77 13.725 0 13.723
0.053 0 0.053 0.021 0.004 0.025 12.808 0.004 12.809 13.838 0.008 13.843 13.812 0 13.809
0.045 0.001 0.046 0.022 0.002 0.024 12.117 0.01 12.124 13.248 0.001 13.245 13.173 0 13.171
0.045 0 0.045 0.02 0.004 0.024 11.845 0.003 11.846 13.247 0.005 13.248 13.169 0.000999999999999994 13.167
0.043 0.002 0.045 0.02 0.004 0.024 11.96 0.011 11.967 13.281 0 13.279 13.192 0 13.189
0.049 0.001 0.049 0.019 0.006 0.025 12.845 0.005 12.85 13.823 0.004 13.825 13.74 0 13.739
0.05 0 0.051 0.024 0 0.024 12.87 0.005 12.872 13.798 0.006 13.801 13.747 0 13.744
0.044 0.001 0.045 0.02 0.004 0.024 12.11 0.014 12.121 13.324 0 13.322 13.348 0.001 13.346
0.044 0.003 0.047 0.02 0.004 0.024 11.971 0.009 11.977 13.303 0.000999999999999994 13.301 13.187 0 13.185
0.044 0.002 0.046 0.019 0.005 0.024 12.18 0.00600000000000001 12.182 13.873 0.003 13.873 13.781 0.001 13.78
0.05 0 0.05 0.021 0.003 0.024 12.752 0.005 12.754 13.704 0.006 13.707 13.226 0 13.224
0.049 0 0.05 0.022 0.00199999999999999 0.024 12.497 0.004 12.497 13.24 0.005 13.243 13.378 0 13.376
0.044 0.001 0.045 0.022 0.002 0.024 11.834 0.009 11.838 13.19 0.008 13.196 13.542 0.000999999999999994 13.539
0.046 0 0.045 0.018 0.00600000000000001 0.024 11.851 0.00799999999999999 11.855 13.211 0.003 13.211 13.564 0 13.562
0.044 0.001 0.045 0.023 0.002 0.025 11.902 0.007 11.906 13.271 0.005 13.274 13.215 0.001 13.213
0.045 0.001 0.046 0.02 0.004 0.024 11.848 0.006 11.852 13.235 0.003 13.234 13.555 0 13.552
0.043 0.002 0.046 0.02 0.004 0.024 12.457 0.011 12.464 13.864 0.001 13.863 13.783 0 13.78
0.047 0.004 0.05 0.02 0.004 0.025 12.799 0.014 12.809 13.841 0 13.839 13.55 0 13.547
0.044 0.001 0.046 0.022 0.00199999999999999 0.024 12.074 0.005 12.075 13.851 0.005 13.855 13.762 0 13.759
0.053 0 0.053 0.021 0.004 0.024 12.782 0.003 12.782 13.751 0.009 13.757 13.278 0 13.276
0.045 0.001 0.046 0.018 0.00600000000000001 0.024 11.874 0.00199999999999999 11.872 13.486 0.005 13.488 13.708 0.00199999999999999 13.707
0.051 0.002 0.053 0.015 0.009 0.024 12.866 0.000999999999999994 12.864 13.814 0.003 13.815 13.742 0 13.739
0.051 0.001 0.052 0.023 0.001 0.024 12.826 0.003 12.828 13.778 0.006 13.781 13.748 0 13.746
0.045 0.001 0.045 0.019 0.005 0.024 11.844 0.00899999999999999 11.851 13.214 0 13.211 13.152 0 13.149
0.049 0.001 0.05 0.02 0.004 0.024 12.12 0.013 12.129 13.242 0 13.239 13.293 0 13.29
0.05 0 0.05 0.018 0.007 0.025 12.928 0.001 12.925 14.093 0.008 14.098 14.039 0 14.035
0.05 0 0.051 0.02 0.004 0.024 12.791 0.002 12.791 13.713 0.004 13.715 13.643 0 13.64
0.044 0.001 0.046 0.018 0.006 0.024 11.801 0.007 11.805 13.204 0.005 13.206 13.149 0 13.146
0.049 0.002 0.051 0.018 0.007 0.025 12.255 0.01 12.261 13.26 0 13.258 13.16 0.000999999999999994 13.158
0.049 0.000999999999999994 0.05 0.023 0.002 0.024 12.555 0.002 12.554 13.271 0.005 13.273 13.173 0 13.17
0.05 0 0.051 0.023 0.002 0.024 12.49 0.005 12.492 13.217 0.006 13.221 13.126 0 13.122
0.052 0.002 0.054 0.019 0.005 0.025 12.835 0.004 12.836 13.757 0.00800000000000001 13.762 13.72 0 13.716
0.049 0.002 0.051 0.018 0.006 0.024 12.831 0.003 12.831 13.73 0.008 13.735 13.673 0 13.67
0.044 0.000999999999999994 0.045 0.02 0.004 0.024 11.898 0.004 11.899 13.237 0.007 13.241 13.193 0 13.19
0.043 0.003 0.045 0.015 0.009 0.025 12.393 0.011 12.4 13.76 0 13.759 13.715 0 13.712
0.045 0.001 0.046 0.021 0.003 0.024 11.876 0.004 11.878 13.224 0.006 13.227 13.704 0 13.701
0.045 0.005 0.05 0.019 0.005 0.025 12.82 0.006 12.822 13.736 0.009 13.743 13.489 0 13.487
0.049 0.001 0.05 0.02 0.004 0.024 12.559 0.006 12.561 13.312 0.001 13.31 13.188 0 13.185
0.049 0.001 0.051 0.021 0.004 0.024 12.885 0.007 12.89 13.614 0.003 13.614 13.252 0.002 13.25
0.05 0.001 0.051 0.022 0.002 0.024 12.668 0.008 12.672 13.485 0 13.484 13.427 0.001 13.425
0.049 0.001 0.05 0.022 0.003 0.025 12.792 0.007 12.796 13.736 0.005 13.738 13.661 0 13.658
0.044 0.001 0.045 0.017 0.007 0.024 11.865 0.014 11.875 13.22 0.001 13.218 13.573 0 13.571
0.044 0.002 0.046 0.022 0.002 0.024 11.927 0.004 11.928 13.299 0.003 13.299 13.206 0.001 13.204
0.043 0.00199999999999999 0.046 0.023 0.001 0.024 11.883 0.007 11.885 13.226 0.00600000000000001 13.231 13.159 0 13.156
0.045 0.001 0.045 0.018 0.006 0.024 11.989 0.005 11.991 13.345 0.00800000000000001 13.349 13.28 0 13.277
0.046 0.003 0.049 0.024 0.001 0.025 12.884 0.007 12.89 13.832 0 13.831 13.764 0 13.763
0.047 0.005 0.053 0.021 0.004 0.024 12.803 0.005 12.807 13.748 0.008 13.752 13.674 0 13.671
0.048 0.00199999999999999 0.05 0.019 0.005 0.024 12.171 0.01 12.179 13.235 0.001 13.232 13.109 0 13.107
0.044 0.002 0.046 0.02 0.004 0.024 12.081 0.005 12.082 13.816 0.004 13.817 13.692 0.002 13.692
0.045 0 0.045 0.02 0.004 0.024 11.869 0.00600000000000001 11.872 13.16 0.004 13.167 13.42 0 13.426
0.05 0 0.051 0.019 0.00600000000000001 0.024 12.809 0.006 12.812 13.768 0.006 13.771 13.698 0 13.696
0.051 0.000999999999999994 0.053 0.019 0.00600000000000001 0.024 12.857 0.004 12.86 13.805 0.009 13.811 13.748 0 13.745
0.049 0.001 0.05 0.022 0.003 0.025 12.81 0.011 12.818 13.753 0.002 13.752 13.682 0.001 13.681
0.048 0.001 0.049 0.02 0.005 0.025 12.727 0.008 12.731 13.792 0 13.79 13.7 0 13.697
0.05 0 0.051 0.023 0.00199999999999999 0.024 12.781 0.005 12.784 13.227 0.008 13.233 13.132 0 13.13
0.045 0 0.045 0.024 0.001 0.024 12.081 0.004 12.082 13.852 0.011 13.861 13.769 0 13.765
0.044 0.002 0.046 0.018 0.006 0.025 12.019 0.007 12.022 13.392 0.004 13.393 13.85 0 13.847
0.048 0.00199999999999999 0.05 0.024 0.002 0.025 12.799 0.005 12.801 13.786 0.006 13.789 13.33 0 13.326
0.045 0 0.045 0.018 0.006 0.025 12.103 0.014 12.113 13.825 0 13.824 13.729 0.001 13.727
0.049 0.001 0.05 0.017 0.00700000000000001 0.024 12.775 0.000999999999999994 12.775 13.738 0.004 13.738 13.298 0 13.295
0.043 0.003 0.046 0.02 0.004 0.024 11.85 0.008 11.854 13.344 0.01 13.351 13.706 0.001 13.704
0.049 0.003 0.052 0.022 0.003 0.025 12.813 0.00199999999999999 12.813 13.763 0.004 13.764 13.692 0 13.689
0.049 0.002 0.05 0.019 0.005 0.024 12.76 0.015 12.773 13.851 0 13.849 13.764 0 13.761
0.049 0.001 0.049 0.022 0.00199999999999999 0.024 12.544 0.008 12.549 13.216 0.008 13.221 13.143 0 13.14
0.045 0 0.045 0.02 0.004 0.024 11.977 0.01 11.984 13.257 0 13.255 13.4 0 13.402
0.048 0.000999999999999994 0.049 0.024 0.001 0.025 12.792 0.004 12.792 13.8 0.003 13.801 13.473 0 13.478
0.05 0.001 0.051 0.022 0.002 0.024 12.804 0.005 12.807 13.783 0.009 13.788 13.726 0.001 13.724
0.047 0.003 0.05 0.022 0.003 0.025 12.833 0.000999999999999994 12.831 13.766 0.005 13.769 13.718 0 13.714
0.05 0.001 0.05 0.018 0.006 0.025 12.817 0.004 12.818 13.744 0.006 13.747 13.686 0 13.682
0.045 0.001 0.046 0.017 0.007 0.024 11.832 0.004 11.833 13.193 0.004 13.194 13.148 0 13.145
0.048 0.00199999999999999 0.05 0.018 0.006 0.024 12.747 0.002 12.745 13.243 0.004 13.253 13.074 0 13.071
0.047 0.004 0.051 0.021 0.003 0.024 12.819 0.001 12.817 13.772 0.004 13.773 13.736 0 13.733
0.05 0.001 0.05 0.017 0.007 0.025 12.831 0.005 12.834 13.739 0.007 13.742 13.723 0 13.721
0.041 0.004 0.045 0.022 0.00199999999999999 0.024 11.828 0.00600000000000001 11.834 13.177 0.006 13.187 13.135 0.003 13.136
0.051 0.002 0.052 0.021 0.003 0.024 12.795 0.005 12.798 13.711 0.005 13.713 13.659 0 13.657
0.05 0.001 0.051 0.022 0.002 0.024 12.856 0.007 12.861 13.832 0.005 13.835 13.754 0.000999999999999994 13.752
0.044 0.002 0.046 0.022 0.002 0.024 11.875 0.009 11.88 13.522 0.007 13.526 13.762 0 13.761
0.05 0.001 0.051 0.024 0.001 0.024 12.86 0.008 12.865 13.375 0.008 13.381 13.224 0 13.22
0.048 0.002 0.05 0.019 0.005 0.024 12.761 0.004 12.762 13.298 0.005 13.299 13.116 0 13.114
0.049 0.002 0.05 0.02 0.004 0.025 12.778 0.007 12.782 13.756 0.001 13.754 13.712 0 13.71
0.048 0.000999999999999994 0.049 0.017 0.008 0.025 12.754 0.002 12.754 13.754 0.007 13.758 13.705 0 13.702
0.044 0.002 0.045 0.019 0.005 0.024 11.867 0.003 11.867 13.254 0.00199999999999999 13.253 13.713 0 13.71
0.049 0.001 0.05 0.023 0.00199999999999999 0.025 12.815 0.00600000000000001 12.818 13.833 0.003 13.833 13.778 0 13.775
0.049 0.003 0.052 0.02 0.004 0.025 12.821 0.003 12.821 13.761 0.005 13.764 13.682 0 13.679
0.044 0.002 0.046 0.02 0.004 0.024 12.022 0.005 12.024 13.386 0.006 13.389 13.297 0 13.294
0.049 0 0.05 0.023 0.002 0.025 12.741 0.01 12.749 13.787 0 13.787 13.723 0 13.721
0.052 0.001 0.053 0.018 0.007 0.025 12.889 0.004 12.891 13.845 0.005 13.845 13.783 0 13.78
0.049 0.001 0.05 0.022 0.002 0.024 12.591 0.003 12.591 13.2 0.006 13.208 12.955 0 12.954
0.043 0.002 0.045 0.018 0.006 0.025 11.892 0.004 11.893 13.252 0.007 13.256 13.272 0 13.269
0.045 0 0.045 0.017 0.00700000000000001 0.024 11.951 0.003 11.951 13.286 0.002 13.285 13.006 0 13.012
0.044 0.001 0.046 0.018 0.006 0.024 11.841 0.003 11.84 13.207 0.004 13.208 13.163 0.001 13.162
0.046 0.003 0.05 0.021 0.004 0.024 11.926 0.00199999999999999 11.932 12.954 0.00700000000000001 12.96 12.786 0.000999999999999994 12.795
0.046 0.003 0.049 0.023 0.001 0.024 12.879 0.006 12.882 13.848 0.006 13.851 13.747 0 13.744
0.052 0.001 0.054 0.021 0.003 0.024 12.859 0.003 12.859 13.813 0.002 13.812 13.75 0 13.747
0.05 0.001 0.051 0.022 0.002 0.024 12.828 0.005 12.831 13.515 0.005 13.517 13.192 0 13.19
0.051 0.001 0.052 0.02 0.005 0.025 12.851 0.003 12.852 13.78 0.006 13.784 13.737 0 13.734
0.048 0.00199999999999999 0.05 0.021 0.004 0.025 12.81 0.007 12.814 13.741 0.004 13.742 13.655 0 13.651
0.048 0 0.048 0.018 0.007 0.025 12.84 0.004 12.842 13.786 0.011 13.794 13.704 0.001 13.703
0.05 0 0.051 0.019 0.005 0.024 12.778 0.007 12.783 13.785 0.001 13.782 13.751 0 13.749
0.05 0.001 0.051 0.022 0.003 0.025 12.806 0.005 12.809 13.901 0.00599999999999999 13.905 13.829 0 13.825
0.052 0.001 0.053 0.018 0.00600000000000001 0.024 12.759 0.008 12.764 13.707 0.004 13.71 13.639 0 13.636
0.047 0.003 0.05 0.019 0.005 0.024 12.779 0.005 12.781 13.305 0.00799999999999999 13.31 13.216 0.001 13.214
0.048 0.002 0.05 0.021 0.003 0.024 12.879 0.00600000000000001 12.882 13.833 0.00199999999999999 13.831 13.754 0 13.752
0.046 0.00199999999999999 0.049 0.024 0.001 0.025 12.812 0.003 12.812 13.731 0.002 13.729 13.688 0 13.685
0.046 0 0.046 0.019 0.005 0.024 11.664 0.003 11.67 12.855 0.005 12.864 12.748 0 12.748
0.043 0.00199999999999999 0.045 0.017 0.007 0.024 11.88 0.003 11.88 13.251 0.005 13.253 13.547 0 13.544
0.041 0.005 0.046 0.022 0.002 0.024 12.016 0.003 12.017 13.335 0.006 13.337 13.301 0 13.298
0.048 0.003 0.05 0.02 0.004 0.025 12.774 0.002 12.774 13.734 0.004 13.735 13.668 0 13.665
0.049 0.002 0.051 0.021 0.003 0.024 12.774 0.005 12.776 13.802 0.00199999999999999 13.802 13.719 0 13.715
0.05 0 0.05 0.022 0.002 0.024 12.857 0.006 12.861 13.828 0.005 13.829 13.758 0 13.755
0.047 0.003 0.051 0.021 0.003 0.024 12.847 0.013 12.856 13.417 0.001 13.415 13.222 0.001 13.22
0.051 0.001 0.052 0.02 0.004 0.024 12.793 0.004 12.796 13.793 0.005 13.793 13.741 0.001 13.739
0.05 0.002 0.052 0.021 0.003 0.024 12.827 0.005 12.83 13.778 0.003 13.778 13.738 0 13.734
0.043 0.003 0.045 0.017 0.006 0.024 11.75 0.006 11.753 12.972 0.008 12.977 12.897 0 12.894
0.042 0.003 0.046 0.022 0.003 0.024 11.848 0.009 11.855 13.201 0.004 13.202 13.151 0 13.149
0.049 0 0.05 0.02 0.005 0.024 12.852 0.005 12.855 13.794 0.004 13.794 13.737 0.00199999999999999 13.736
0.048 0.003 0.05 0.021 0.003 0.024 12.835 0.007 12.839 13.793 0.003 13.794 13.736 0 13.733
0.05 0 0.05 0.022 0.004 0.025 12.797 0.005 12.8 13.772 0.005 13.773 13.732 0.001 13.729
0.051 0.003 0.054 0.017 0.00700000000000001 0.024 12.883 0.004 12.885 13.808 0.014 13.818 13.771 0 13.768
0.051 0 0.051 0.023 0.002 0.025 12.802 0.006 12.805 13.793 0.001 13.791 13.726 0 13.723
0.048 0.002 0.05 0.018 0.006 0.024 12.761 0.006 12.765 13.71 0.005 13.712 13.675 0 13.672
0.048 0.002 0.049 0.015 0.009 0.025 11.856 0.006 11.859 13.215 0.002 13.213 13.161 0 13.159
0.051 0.001 0.051 0.022 0.002 0.025 12.84 0.004 12.841 13.821 0.003 13.821 13.728 0 13.725
0.049 0.002 0.05 0.023 0.000999999999999994 0.025 12.817 0.004 12.818 13.718 0.004 13.719 13.658 0 13.655
0.048 0.001 0.049 0.022 0.002 0.024 11.928 0.007 11.932 13.225 0.004 13.226 13.181 0.000999999999999994 13.179
0.046 0 0.046 0.019 0.005 0.025 12.049 0.006 12.05 13.389 0.007 13.394 13.327 0 13.323
0.049 0.001 0.05 0.022 0.003 0.024 12.791 0.003 12.794 13.747 0.005 13.751 13.704 0 13.702
0.051 0.002 0.052 0.02 0.005 0.025 12.907 0.002 12.907 13.838 0.004 13.838 13.783 0 13.781
0.046 0 0.046 0.019 0.005 0.024 11.889 0.002 11.888 13.202 0.004 13.203 13.553 0 13.55
0.048 0.001 0.049 0.023 0.002 0.024 12.849 0.003 12.851 13.82 0.004 13.821 13.735 0.001 13.732
0.048 0.00199999999999999 0.051 0.019 0.00600000000000001 0.024 12.773 0.007 12.778 13.755 0.003 13.756 13.698 0 13.694
0.044 0.000999999999999994 0.045 0.021 0.003 0.024 11.832 0.006 11.835 13.232 0.007 13.236 13.16 0 13.156
0.051 0 0.05 0.02 0.004 0.025 12.791 0.009 12.798 13.757 0.007 13.76 13.297 0 13.294
0.045 0.001 0.045 0.02 0.003 0.024 12.067 0.008 12.07 13.264 0 13.261 13.187 0 13.186
0.044 0.001 0.045 0.021 0.004 0.024 11.884 0.004 11.886 13.3 0.002 13.299 13.746 0.001 13.744
0.049 0.001 0.05 0.019 0.006 0.025 12.852 0.001 12.85 13.848 0.00600000000000001 13.852 13.772 0 13.768
0.048 0.002 0.05 0.022 0.002 0.024 12.755 0.00799999999999999 12.761 13.727 0.00700000000000001 13.732 13.645 0 13.642
0.049 0.001 0.051 0.02 0.005 0.024 12.823 0.00700000000000001 12.828 13.806 0.005 13.807 13.786 0.001 13.785
0.049 0.001 0.05 0.022 0.003 0.025 12.814 0.009 12.819 13.754 0.006 13.757 13.703 0 13.7
0.049 0.001 0.05 0.021 0.004 0.025 12.76 0.012 12.77 13.785 0 13.783 13.747 0 13.744
0.049 0.001 0.05 0.019 0.005 0.024 12.85 0.004 12.851 13.811 0.004 13.812 13.746 0 13.743
0.05 0 0.049 0.021 0.004 0.025 12.722 0.011 12.731 13.805 0 13.802 13.723 0 13.72
0.051 0.002 0.053 0.022 0.003 0.024 12.732 0.00899999999999999 12.738 13.734 0.001 13.735 13.711 0 13.707
0.046 0 0.045 0.019 0.005 0.025 11.875 0.012 11.882 13.24 0 13.239 13.177 0 13.174
0.051 0 0.051 0.02 0.005 0.025 12.609 0.006 12.611 13.385 0.003 13.386 13.29 0 13.287
0.043 0.00199999999999999 0.046 0.02 0.004 0.024 11.962 0.004 11.961 13.599 0 13.597 13.773 0 13.771
0.047 0.002 0.049 0.019 0.005 0.024 12.848 0.005 12.85 13.79 0.004 13.792 13.727 0.002 13.726
0.044 0.001 0.046 0.02 0.004 0.024 11.875 0.003 11.874 13.199 0.005 13.201 13.712 0 13.71
0.05 0 0.051 0.022 0.002 0.024 12.773 0.005 12.775 13.697 0.004 13.698 13.623 0 13.619
0.042 0.003 0.046 0.016 0.008 0.024 11.887 0.005 11.889 13.259 0.00600000000000001 13.262 13.2 0 13.197
0.044 0.001 0.045 0.021 0.003 0.024 12.509 0.005 12.511 13.851 0.002 13.851 13.774 0.001 13.772
0.051 0 0.05 0.018 0.006 0.025 12.793 0.003 12.792 13.759 0.00899999999999999 13.766 13.501 0.001 13.499
0.047 0.003 0.05 0.019 0.005 0.025 12.816 0.003 12.817 13.744 0.003 13.743 13.682 0 13.679
0.054 0 0.054 0.019 0.00600000000000001 0.025 12.96 0.015 12.972 13.995 0 13.993 13.894 0 13.89
0.049 0.001 0.049 0.017 0.007 0.025 12.782 0.003 12.783 13.301 0.007 13.305 13.156 0.001 13.155
0.05 0 0.051 0.021 0.005 0.025 12.776 0.013 12.787 13.828 0 13.825 13.795 0 13.791
0.048 0.00199999999999999 0.05 0.021 0.004 0.025 12.739 0.012 12.747 13.749 0 13.747 13.693 0 13.69
0.048 0.002 0.051 0.021 0.005 0.025 12.938 0.002 12.937 13.865 0.006 13.868 13.805 0 13.802
0.048 0.003 0.051 0.019 0.00600000000000001 0.025 12.901 0.005 12.903 13.837 0.005 13.839 13.783 0 13.778
0.049 0.001 0.05 0.022 0.003 0.025 12.949 0.005 12.951 13.925 0.004 13.926 13.844 0.00199999999999999 13.843
0.05 0 0.05 0.021 0.004 0.025 12.742 0.01 12.748 13.755 0.004 13.757 13.612 0 13.609
0.043 0.002 0.045 0.023 0.002 0.024 12.543 0.004 12.544 13.869 0.008 13.876 13.788 0 13.787
0.049 0.001 0.05 0.021 0.003 0.024 12.772 0.007 12.776 13.724 0.007 13.728 13.454 0 13.451
0.044 0.003 0.047 0.016 0.008 0.025 12.136 0.005 12.138 13.307 0.008 13.312 13.16 0.002 13.159
0.044 0.001 0.045 0.022 0.002 0.024 11.896 0.009 11.902 13.265 0.005 13.267 13.209 0.002 13.208
0.05 0.001 0.051 0.021 0.004 0.024 12.655 0.001 12.653 13.215 0.008 13.22 13.164 0.00199999999999999 13.163
0.043 0.002 0.045 0.019 0.006 0.025 11.833 0.013 11.842 13.247 0.002 13.246 13.673 0 13.67
0.049 0.001 0.05 0.019 0.005 0.024 12.806 0.012 12.815 13.775 0 13.772 13.707 0 13.704
0.052 0.002 0.054 0.02 0.004 0.024 12.769 0.009 12.775 13.729 0.005 13.732 13.653 0 13.65
0.044 0.001 0.045 0.021 0.003 0.024 12.4 0.004 12.402 13.807 0 13.804 13.762 0 13.759
0.05 0 0.05 0.018 0.00600000000000001 0.024 12.75 0.012 12.759 13.85 0 13.847 13.487 0 13.484
0.049 0.002 0.05 0.018 0.006 0.025 12.82 0.003 12.82 13.766 0.005 13.767 13.707 0 13.705
0.048 0.002 0.05 0.019 0.006 0.025 12.929 0.007 12.933 14.09 0.01 14.097 14.039 0 14.036
0.043 0.00199999999999999 0.045 0.018 0.00600000000000001 0.024 11.909 0.003 11.908 13.234 0.005 13.236 13.256 0.00199999999999999 13.255
0.044 0.002 0.046 0.022 0.002 0.024 12.066 0.015 12.078 13.279 0 13.276 13.199 0 13.196
0.051 0 0.051 0.019 0.006 0.025 12.85 0.005 12.853 13.809 0.005 13.81 13.767 0.001 13.765
0.049 0.001 0.05 0.023 0.002 0.024 12.86 0.007 12.865 13.818 0.009 13.823 13.78 0 13.777
0.048 0.002 0.051 0.022 0.002 0.024 12.844 0.003 12.844 13.793 0.005 13.796 13.754 0 13.752
0.048 0.001 0.049 0.023 0.002 0.025 12.77 0.014 12.781 13.783 0.001 13.781 13.646 0 13.642
0.05 0 0.05 0.02 0.005 0.025 12.838 0.005 12.841 13.76 0.01 13.767 13.751 0 13.748
0.051 0.001 0.053 0.021 0.003 0.024 12.832 0.005 12.835 13.766 0.007 13.769 13.751 0 13.75
0.045 0.001 0.046 0.019 0.005 0.024 11.856 0.007 11.86 13.341 0.005 13.342 13.165 0.000999999999999994 13.164
0.046 0.001 0.046 0.023 0.001 0.025 12.438 0.005 12.448 13.796 0.008 13.811 13.718 0 13.724
0.051 0 0.051 0.021 0.004 0.024 12.841 0.006 12.846 13.749 0.008 13.753 13.463 0 13.459
0.049 0 0.049 0.02 0.004 0.024 12.804 0.007 12.808 13.779 0.003 13.78 13.703 0 13.699
0.046 0 0.045 0.018 0.006 0.024 11.832 0.002 11.831 13.373 0.00199999999999999 13.372 13.692 0 13.69
0.05 0 0.05 0.021 0.004 0.024 12.833 0.005 12.836 13.812 0.005 13.814 13.743 0 13.74
0.05 0 0.05 0.015 0.01 0.025 12.81 0.005 12.813 13.608 0.003 13.608 13.198 0 13.194
0.042 0.003 0.045 0.021 0.003 0.024 12.488 0.004 12.488 13.784 0.002 13.784 13.703 0 13.699
0.045 0.001 0.046 0.018 0.006 0.024 11.853 0.00600000000000001 11.857 13.199 0.003 13.199 13.161 0 13.157
0.052 0.001 0.053 0.02 0.004 0.024 12.792 0.002 12.792 13.733 0.008 13.738 13.501 0 13.498
0.05 0 0.05 0.019 0.006 0.025 12.81 0.004 12.811 13.388 0.004 13.389 13.222 0 13.22
0.042 0.003 0.045 0.019 0.005 0.024 11.857 0.004 11.858 13.233 0.001 13.231 13.156 0 13.153
0.044 0.001 0.045 0.022 0.003 0.024 11.904 0.003 11.904 13.207 0.007 13.211 13.182 0 13.179
0.049 0.002 0.051 0.017 0.007 0.024 12.879 0.005 12.881 13.95 0.001 13.949 13.847 0.001 13.845
0.046 0 0.045 0.022 0.002 0.024 11.882 0.003 11.882 13.423 0.004 13.424 13.732 0 13.729
0.05 0 0.05 0.022 0.00199999999999999 0.024 12.845 0.006 12.849 13.793 0.003 13.793 13.772 0 13.769
0.051 0.001 0.052 0.02 0.004 0.025 12.815 0.006 12.818 13.804 0.001 13.802 13.716 0 13.712
0.046 0.004 0.051 0.022 0.003 0.024 12.761 0.002 12.76 13.734 0.002 13.733 13.743 0 13.74
0.05 0.001 0.051 0.019 0.006 0.025 12.823 0.005 12.825 13.799 0.01 13.806 13.707 0 13.71
0.05 0 0.051 0.02 0.004 0.024 12.721 0.009 12.726 13.758 0.001 13.756 13.704 0 13.702
0.049 0.000999999999999994 0.05 0.021 0.003 0.024 12.836 0.006 12.84 13.743 0.00600000000000001 13.745 13.744 0.00199999999999999 13.744
0.047 0.002 0.05 0.019 0.006 0.025 12.866 0.009 12.872 13.817 0.011 13.826 13.808 0.001 13.805
0.045 0 0.045 0.021 0.003 0.025 12.036 0.004 12.036 13.278 0 13.275 13.225 0 13.222
0.05 0 0.05 0.021 0.003 0.024 12.823 0.003 12.823 13.46 0.007 13.465 13.174 0 13.171
0.048 0.001 0.058 0.02 0.004 0.025 11.895 0.003 11.894 13.258 0.00499999999999999 13.26 13.479 0 13.476
0.045 0.003 0.054 0.022 0.002 0.025 12.037 0.006 12.039 13.766 0.008 13.771 13.662 0.004 13.664
0.05 0.001 0.05 0.013 0.011 0.025 12.762 0.003 12.762 13.764 0.005 13.766 13.312 0 13.308
0.049 0.002 0.05 0.018 0.006 0.024 12.825 0.003 12.825 13.752 0.007 13.756 13.735 0 13.732
0.05 0 0.051 0.019 0.006 0.024 12.8 0.008 12.805 13.713 0.004 13.715 13.661 0.001 13.658
0.047 0.00199999999999999 0.063 0.023 0.002 0.024 12.501 0.006 12.505 13.764 0.00900000000000001 13.771 13.703 0 13.7
0.049 0.001 0.051 0.023 0.002 0.024 12.758 0.013 12.768 13.826 0 13.824 13.472 0 13.469
0.05 0.000999999999999994 0.05 0.022 0.002 0.024 12.843 0.004 12.844 13.771 0.005 13.774 13.75 0 13.746
0.05 0.002 0.052 0.019 0.006 0.024 12.805 0.006 12.809 13.795 0.005 13.796 13.697 0 13.695
0.05 0.001 0.051 0.021 0.003 0.024 12.711 0.013 12.721 13.412 0.004 13.414 13.148 0 13.146
0.05 0 0.049 0.019 0.005 0.025 12.861 0.002 12.86 13.796 0.005 13.797 13.7 0 13.7
0.049 0.001 0.05 0.016 0.008 0.024 12.79 0.002 12.789 13.735 0.005 13.737 13.69 0 13.686
0.051 0 0.052 0.019 0.006 0.024 12.829 0.007 12.839 13.511 0.005 13.515 13.336 0 13.339
0.049 0.001 0.051 0.022 0.003 0.024 12.853 0.007 12.859 13.789 0.006 13.791 13.746 0 13.743
0.05 0 0.05 0.019 0.006 0.025 12.854 0.005 12.857 13.769 0.006 13.772 13.751 0 13.748
0.052 0.001 0.054 0.02 0.005 0.024 12.748 0.012 12.758 13.747 0.000999999999999994 13.747 13.681 0 13.678
0.045 0 0.045 0.022 0.002 0.025 11.828 0.003 11.827 13.277 0.004 13.279 13.178 0 13.175
0.046 0 0.045 0.021 0.003 0.025 12.1 0.004 12.1 13.808 0.006 13.811 13.706 0 13.704
0.048 0.000999999999999994 0.05 0.015 0.01 0.024 12.785 0.012 12.796 13.729 0.001 13.726 13.242 0 13.239
0.045 0.000999999999999994 0.046 0.019 0.005 0.024 12.129 0.009 12.134 13.272 0.001 13.271 13.212 0 13.209
0.042 0.004 0.046 0.02 0.004 0.024 11.917 0.007 11.921 13.26 0.003 13.26 13.205 0 13.202
0.043 0.004 0.048 0.022 0.003 0.024 12.012 0.005 12.014 13.183 0.004 13.184 13.144 0 13.142
0.045 0.001 0.046 0.02 0.004 0.025 11.866 0.005 11.867 13.227 0.00600000000000001 13.23 13.149 0 13.146
0.051 0 0.051 0.02 0.004 0.025 12.769 0.01 12.776 13.807 0 13.804 13.723 0 13.719
0.049 0.001 0.05 0.021 0.004 0.025 12.673 0.01 12.68 13.781 0 13.778 13.648 0 13.645
0.049 0.001 0.05 0.021 0.003 0.024 12.795 0.005 12.797 13.749 0.006 13.751 13.663 0 13.66
0.05 0.001 0.051 0.021 0.004 0.025 12.836 0.005 12.839 14.066 0.006 14.068 13.975 0 13.972
0.046 0 0.045 0.021 0.003 0.025 11.89 0.00600000000000001 11.892 13.601 0.006 13.605 13.649 0 13.647
0.044 0.001 0.046 0.019 0.005 0.024 12.505 0.006 12.508 13.778 0.008 13.783 13.748 0 13.746
0.044 0.002 0.046 0.022 0.002 0.025 11.976 0.007 11.98 13.181 0.001 13.18 13.139 0 13.137
0.049 0.001 0.049 0.02 0.005 0.025 12.715 0.008 12.727 13.513 0.003 13.516 13.333 0 13.343
0.049 0.002 0.05 0.02 0.004 0.025 12.802 0.004 12.802 13.766 0.007 13.771 13.665 0.002 13.664
0.049 0.002 0.051 0.022 0.003 0.025 12.556 0.01 12.573 13.374 0.004 13.383 13.24 0 13.241
0.048 0.002 0.05 0.023 0.002 0.025 12.808 0.006 12.811 13.798 0.005 13.801 13.619 0.002 13.62
0.047 0.002 0.049 0.02 0.005 0.025 12.886 0.002 12.886 13.767 0.007 13.77 13.711 0 13.708
0.048 0.001 0.05 0.022 0.002 0.024 12.772 0.005 12.774 13.504 0.006 13.507 13.455 0 13.453
0.046 0 0.046 0.019 0.005 0.024 11.866 0.004 11.867 13.205 0.003 13.206 13.191 0 13.188
0.045 0.002 0.048 0.02 0.005 0.024 11.828 0.005 11.83 13.195 0.012 13.205 13.16 0 13.157
0.051 0 0.05 0.021 0.003 0.024 12.708 0.011 12.717 13.762 0.00199999999999999 13.761 13.528 0 13.524
0.043 0.00199999999999999 0.046 0.02 0.004 0.023 12.449 0.005 12.451 13.522 0.004 13.523 13.468 0 13.466
0.049 0.00199999999999999 0.05 0.016 0.008 0.025 12.773 0.00600000000000001 12.776 13.721 0.003 13.721 13.459 0 13.457
0.045 0.001 0.046 0.016 0.008 0.025 11.911 0.004 11.911 13.23 0.009 13.236 13.217 0 13.215
0.052 0 0.052 0.019 0.005 0.025 12.787 0.011 12.796 13.81 0 13.806 13.76 0 13.756
0.049 0.001 0.05 0.019 0.005 0.024 12.757 0.014 12.768 13.764 0.005 13.766 13.685 0 13.682
0.049 0.001 0.05 0.021 0.003 0.024 12.404 0.005 12.406 13.194 0.004 13.195 13.146 0 13.143
0.049 0 0.048 0.02 0.005 0.025 12.884 0.012 12.894 13.899 0 13.895 13.843 0 13.84
0.05 0 0.049 0.021 0.003 0.025 12.772 0.011 12.78 13.783 0.001 13.782 13.729 0 13.724
0.044 0.00199999999999999 0.045 0.017 0.007 0.024 11.987 0.01 11.995 13.483 0 13.481 13.931 0 13.929
0.045 0.001 0.045 0.021 0.003 0.024 11.891 0.002 11.89 13.276 0.005 13.278 13.732 0 13.73
0.048 0.00199999999999999 0.05 0.021 0.004 0.025 12.852 0.007 12.856 13.848 0.002 13.848 13.551 0 13.548
0.043 0.003 0.046 0.022 0.003 0.024 12.468 0.002 12.467 13.748 0.009 13.755 13.697 0 13.695
0.051 0.001 0.052 0.019 0.006 0.025 12.773 0.004 12.78 13.509 0.004 13.514 13.342 0 13.348
0.05 0 0.05 0.022 0.003 0.024 12.821 0.002 12.821 13.744 0.008 13.749 13.655 0 13.653
0.047 0.001 0.048 0.02 0.006 0.025 12.59 0.00700000000000001 12.603 13.433 0.004 13.441 13.276 0 13.278
0.051 0 0.05 0.02 0.005 0.024 12.878 0.006 12.883 13.89 0.009 13.896 13.733 0 13.73
0.052 0 0.052 0.015 0.01 0.025 12.845 0.009 12.852 13.803 0.004 13.804 13.752 0.002 13.75
0.048 0.003 0.051 0.022 0.003 0.024 12.712 0.01 12.721 13.714 0.00199999999999999 13.714 13.644 0 13.641
0.048 0 0.048 0.021 0.004 0.025 12.059 0.00600000000000001 12.062 13.382 0.005 13.384 13.159 0 13.157
0.048 0.000999999999999994 0.05 0.021 0.004 0.024 12.504 0.004 12.505 13.311 0.006 13.315 13.237 0.003 13.236
0.045 0.001 0.046 0.02 0.004 0.024 12.178 0.005 12.18 13.91 0.006 13.914 13.89 0 13.886
0.048 0.00199999999999999 0.05 0.019 0.005 0.025 12.826 0.003 12.827 13.83 0.007 13.833 13.353 0.00199999999999999 13.352
0.049 0.001 0.05 0.021 0.004 0.025 12.839 0.00700000000000001 12.843 13.876 0 13.873 13.737 0 13.734
0.042 0.003 0.045 0.02 0.004 0.024 11.88 0.009 11.886 13.242 0.007 13.246 13.193 0 13.19
0.044 0.003 0.046 0.019 0.005 0.024 12.204 0.004 12.205 13.17 0.005 13.172 13.113 0 13.11
0.049 0.003 0.051 0.019 0.005 0.025 12.81 0.003 12.81 13.734 0.014 13.745 13.678 0 13.675
0.051 0.001 0.052 0.022 0.003 0.025 12.828 0.01 12.835 13.785 0.001 13.783 13.699 0 13.696
0.045 0.001 0.046 0.019 0.005 0.024 12.102 0.014 12.115 13.336 0.00600000000000001 13.345 13.238 0.047 13.291
0.048 0.002 0.05 0.019 0.005 0.025 12.802 0.011 12.812 13.81 0.001 13.808 13.727 0 13.727
0.051 0.003 0.053 0.022 0.002 0.025 12.875 0.007 12.878 13.902 0 13.899 13.832 0 13.829
0.044 0.00199999999999999 0.046 0.02 0.004 0.024 12.179 0.01 12.186 13.841 0 13.839 13.769 0 13.766
0.049 0.001 0.05 0.02 0.004 0.025 12.827 0.004 12.827 13.818 0.004 13.819 13.355 0 13.352
0.048 0.002 0.05 0.022 0.00199999999999999 0.025 12.592 0.004 12.599 13.398 0.007 13.407 13.211 0 13.221
0.051 0 0.052 0.022 0.002 0.024 12.779 0.00600000000000001 12.782 13.729 0.004 13.73 13.68 0 13.677
0.05 0 0.05 0.017 0.007 0.024 12.863 0.001 12.861 13.799 0.008 13.804 13.753 0 13.75
0.048 0.002 0.05 0.016 0.009 0.025 12.843 0.011 12.853 13.81 0 13.806 13.767 0 13.764
0.047 0.003 0.05 0.021 0.004 0.024 12.783 0.011 12.792 13.765 0 13.763 13.666 0 13.663
0.048 0.002 0.051 0.019 0.006 0.024 12.887 0.013 12.899 13.917 0 13.913 13.812 0 13.81
0.052 0 0.052 0.022 0.00199999999999999 0.024 12.777 0.00700000000000001 12.781 13.712 0.006 13.715 13.669 0.001 13.668
0.043 0.002 0.045 0.02 0.004 0.025 11.865 0.004 11.866 13.194 0.003 13.193 13.158 0 13.156
