0.044 0.000999999999999994 0.045 0.019 0.005 0.023 11.651 0.006 11.654 12.977 0.005 12.979 12.967 0 12.965
0.052 0 0.052 0.02 0.004 0.024 12.527 0.00600000000000001 12.529 13.482 0.007 13.488 13.457 0 13.454
0.048 0.002 0.05 0.021 0.003 0.024 12.513 0.005 12.515 13.443 0.005 13.446 13.422 0 13.418
0.046 0 0.045 0.017 0.007 0.024 11.586 0.005 11.587 12.955 0.00199999999999999 12.955 12.891 0.001 12.89
0.049 0 0.049 0.021 0.003 0.024 12.58 0.004 12.582 13.499 0.007 13.505 13.492 0 13.491
0.05 0 0.05 0.021 0.003 0.024 12.536 0.00199999999999999 12.535 13.476 0.003 13.477 13.46 0 13.457
0.044 0.000999999999999994 0.045 0.019 0.005 0.023 11.774 0.004 11.776 13.482 0.004 13.482 13.422 0 13.42
0.05 0 0.049 0.021 0.003 0.024 12.499 0.003 12.499 13.449 0.00600000000000001 13.453 13.041 0 13.036
0.048 0.002 0.05 0.022 0.002 0.024 12.588 0.003 12.587 13.486 0.004 13.489 13.474 0 13.47
0.047 0.003 0.051 0.018 0.00600000000000001 0.024 12.531 0.004 12.531 13.471 0.006 13.475 13.479 0.002 13.479
0.045 0.000999999999999994 0.045 0.019 0.004 0.024 11.617 0.001 11.616 12.992 0.004 12.992 13.118 0 13.117
0.044 0.001 0.046 0.016 0.008 0.023 11.66 0.003 11.661 12.966 0.005 12.969 13.174 0.001 13.171
0.046 0 0.046 0.021 0.003 0.024 11.674 0.007 11.678 13.005 0.007 13.008 13.413 0.001 13.411
0.044 0.001 0.045 0.022 0.000999999999999994 0.023 11.53 0.00600000000000001 11.539 12.984 0.004 12.992 13.128 0 13.134
0.044 0.001 0.045 0.02 0.004 0.024 11.659 0.007 11.663 12.976 0.004 12.977 13.371 0 13.368
0.046 0 0.046 0.019 0.005 0.023 11.571 0.007 11.576 12.92 0.004 12.922 13.051 0 13.048
0.047 0.000999999999999994 0.048 0.021 0.003 0.024 12.569 0.003 12.569 13.487 0.005 13.49 13.456 0.001 13.454
0.049 0.001 0.05 0.02 0.003 0.024 12.545 0.009 12.55 13.47 0.003 13.471 13.443 0 13.44
0.05 0.003 0.053 0.02 0.005 0.025 12.601 0.002 12.599 13.553 0.006 13.557 13.523 0 13.52
0.051 0.001 0.052 0.017 0.006 0.024 12.521 0.007 12.524 13.457 0.005 13.46 13.413 0 13.41
0.046 0 0.045 0.021 0.00199999999999999 0.024 11.837 0.006 11.84 13.468 0.005 13.47 13.437 0 13.433
0.048 0.001 0.05 0.021 0.003 0.024 12.568 0.005 12.569 13.504 0.00199999999999999 13.504 13.042 0.002 13.042
0.046 0.004 0.049 0.019 0.005 0.025 12.575 0.001 12.573 13.474 0.007 13.479 13.448 0.002 13.447
0.049 0.001 0.05 0.019 0.005 0.024 12.538 0.008 12.542 13.483 0.005 13.486 13.449 0 13.446
0.044 0.00199999999999999 0.046 0.02 0.003 0.024 12.368 0.002 12.366 13.62 0.006 13.624 13.583 0 13.58
0.05 0 0.051 0.02 0.004 0.023 12.515 0.002 12.513 13.441 0.009 13.449 13.211 0 13.207
0.047 0.001 0.048 0.021 0.00199999999999999 0.024 12.198 0.005 12.2 13.255 0.009 13.26 13.233 0 13.231
0.044 0.001 0.045 0.018 0.006 0.024 11.564 0.004 11.565 12.911 0.005 12.913 12.834 0 12.831
0.049 0.002 0.051 0.021 0.004 0.024 12.462 0.00199999999999999 12.461 13.484 0.007 13.489 13.486 0 13.482
0.052 0.001 0.052 0.018 0.005 0.024 12.559 0.012 12.566 13.476 0.005 13.479 13.456 0 13.453
0.049 0 0.05 0.021 0.003 0.024 11.865 0.003 11.864 12.925 0.002 12.925 12.921 0.000999999999999994 12.919
0.05 0 0.05 0.02 0.004 0.024 11.97 0.005 11.971 12.94 0.005 12.942 12.948 0 12.945
0.048 0.00199999999999999 0.05 0.02 0.004 0.024 12.411 0 12.408 13.026 0.01 13.033 13.105 0.000999999999999994 13.103
0.05 0 0.05 0.021 0.002 0.024 11.963 0.006 11.964 12.987 0.012 12.997 12.948 0 12.945
0.049 0.001 0.05 0.02 0.004 0.024 12.309 0.00600000000000001 12.312 12.965 0.003 12.965 12.953 0 12.95
0.047 0.003 0.05 0.021 0.003 0.024 11.931 0.000999999999999994 11.928 13.044 0.005 13.048 12.982 0 12.978
0.051 0.001 0.052 0.02 0.004 0.024 12.516 0.008 12.521 13.508 0.005 13.511 13.462 0 13.46
0.051 0 0.051 0.019 0.004 0.024 12.607 0.009 12.613 13.651 0.00899999999999999 13.657 13.594 0.001 13.594
0.047 0.002 0.049 0.022 0.002 0.024 12.682 0.00199999999999999 12.68 13.561 0.008 13.567 13.574 0 13.572
0.049 0.001 0.05 0.017 0.007 0.023 12.467 0.006 12.47 13.412 0.008 13.417 13.389 0 13.387
0.045 0.000999999999999994 0.046 0.02 0.003 0.023 11.563 0.004 11.564 12.863 0.005 12.865 12.864 0 12.861
0.049 0.001 0.05 0.018 0.006 0.024 12.499 0.002 12.498 13.483 0.012 13.493 13.43 0 13.427
0.047 0.004 0.05 0.017 0.007 0.024 12.511 0.004 12.512 13.432 0.006 13.437 13.398 0 13.395
0.043 0.002 0.045 0.018 0.00600000000000001 0.023 11.717 0.003 11.717 13.044 0.003 13.044 13.02 0.00199999999999999 13.02
0.05 0 0.05 0.019 0.005 0.025 12.633 0.003 12.634 13.594 0.003 13.596 13.542 0.001 13.542
0.049 0.000999999999999994 0.05 0.019 0.005 0.024 12.465 0.005 12.466 13.5 0.007 13.505 13.475 0 13.473
0.043 0.002 0.045 0.02 0.003 0.024 11.592 0.004 11.592 13.042 0.005 13.044 13.185 0.002 13.184
0.07 0.001 0.071 0.027 0.00700000000000001 0.035 17.272 0 17.348 18.487 0.011 18.531 18.5 0 18.528
0.046 0 0.046 0.022 0.002 0.024 11.621 0.007 11.625 12.979 0.01 12.987 13.087 0 13.084
0.046 0 0.046 0.017 0.007 0.024 11.725 0.005 11.727 12.995 0.008 13 13.163 0 13.159
0.05 0 0.05 0.021 0.003 0.025 11.689 0.009 11.694 12.95 0.00600000000000001 12.953 13.094 0.004 13.095
0.045 0.000999999999999994 0.046 0.019 0.005 0.024 11.687 0.007 11.69 12.977 0.006 12.981 13.14 0 13.139
0.043 0.003 0.046 0.02 0.004 0.024 11.676 0.003 11.676 13.013 0 13.01 13.135 0 13.132
0.044 0.001 0.045 0.017 0.007 0.024 11.655 0.004 11.657 13.001 0.006 13.003 13.425 0 13.422
0.051 0 0.051 0.018 0.00600000000000001 0.024 12.542 0.003 12.542 13.474 0.003 13.474 13.462 0 13.461
0.051 0.001 0.052 0.017 0.007 0.024 12.55 0.005 12.552 13.484 0.004 13.486 13.449 0 13.447
0.05 0.002 0.052 0.022 0.003 0.024 12.548 0.00600000000000001 12.551 13.476 0.005 13.478 13.434 0 13.431
0.049 0.001 0.051 0.022 0.003 0.024 12.51 0.008 12.515 13.458 0.003 13.459 13.398 0.001 13.396
0.051 0 0.051 0.019 0.005 0.025 12.595 0.006 12.598 13.48 0.007 13.486 13.464 0 13.461
0.049 0.003 0.052 0.021 0.003 0.024 12.588 0.00899999999999999 12.594 13.51 0.005 13.513 13.514 0 13.512
0.049 0.001 0.051 0.021 0.003 0.024 12.529 0.004 12.53 13.483 0.00700000000000001 13.488 13.499 0 13.496
0.048 0.00199999999999999 0.05 0.021 0.003 0.024 12.558 0.003 12.557 13.488 0.003 13.49 13.442 0 13.439
0.045 0 0.045 0.017 0.00600000000000001 0.023 11.592 0.007 11.596 12.953 0.007 12.957 13.091 0 13.089
0.043 0.003 0.046 0.022 0.001 0.023 12.205 0.001 12.203 13.488 0.009 13.494 13.443 0.000999999999999994 13.442
0.049 0.001 0.05 0.018 0.006 0.024 12.504 0.006 12.506 13.453 0.008 13.459 13.245 0 13.242
0.046 0.00199999999999999 0.048 0.023 0.002 0.024 12.221 0.005 12.223 13.287 0.006 13.29 13.31 0.001 13.309
0.044 0.001 0.045 0.018 0.005 0.024 11.659 0.006 11.662 12.974 0.005 12.976 12.942 0 12.939
0.049 0 0.049 0.02 0.004 0.024 12.565 0.004 12.565 13.473 0.005 13.476 13.471 0.003 13.471
0.05 0.001 0.05 0.019 0.005 0.024 12.567 0.004 12.569 13.541 0.001 13.539 13.478 0 13.476
0.047 0.003 0.05 0.018 0.006 0.024 11.837 0.008 11.843 12.969 0.006 12.973 12.987 0 12.984
0.05 0 0.049 0.015 0.008 0.024 11.88 0.01 11.887 12.967 0.007 12.971 12.976 0 12.972
0.05 0 0.049 0.02 0.004 0.024 11.791 0.008 11.796 12.935 0.004 12.936 12.911 0 12.908
0.05 0 0.05 0.022 0.002 0.024 11.899 0.003 11.898 13.009 0.013 13.02 12.972 0 12.969
0.049 0.001 0.05 0.018 0.006 0.024 11.818 0.007 11.82 12.952 0.002 12.953 12.91 0 12.907
0.048 0.002 0.049 0.021 0.002 0.024 12.421 0.005 12.422 12.998 0.006 13.002 12.979 0 12.976
0.05 0.001 0.05 0.021 0.003 0.024 12.614 0.003 12.614 13.523 0.006 13.527 13.485 0.003 13.486
0.047 0.003 0.05 0.02 0.004 0.025 12.485 0.004 12.486 13.392 0.004 13.393 13.407 0 13.405
0.051 0.001 0.052 0.018 0.006 0.023 12.521 0.007 12.526 13.487 0.011 13.496 13.468 0 13.465
0.048 0.002 0.05 0.021 0.003 0.024 12.495 0.005 12.497 13.412 0.007 13.417 13.44 0 13.437
0.044 0.001 0.045 0.019 0.005 0.023 11.619 0.00800000000000001 11.632 12.968 0.012 12.987 12.887 0.004 12.898
0.043 0.002 0.045 0.018 0.006 0.023 11.541 0.00600000000000001 11.544 12.968 0.005 12.97 12.899 0 12.897
0.051 0 0.051 0.02 0.005 0.024 12.54 0.005 12.543 13.463 0.006 13.467 13.456 0 13.453
0.05 0.002 0.052 0.019 0.005 0.024 12.581 0.004 12.581 13.462 0.006 13.466 13.481 0.001 13.479
0.046 0 0.046 0.017 0.006 0.023 11.612 0.00600000000000001 11.615 12.999 0.007 13.003 12.976 0 12.973
0.052 0 0.052 0.022 0.00199999999999999 0.024 12.567 0.005 12.57 13.549 0.004 13.553 13.504 0 13.502
0.049 0.001 0.05 0.021 0.004 0.025 12.648 0.003 12.647 13.571 0.005 13.574 13.573 0 13.57
0.046 0 0.046 0.02 0.003 0.023 12.197 0.009 12.203 13.303 0 13.3 13.273 0 13.271
0.05 0 0.049 0.018 0.006 0.024 11.96 0.001 11.958 12.987 0.01 12.994 13.245 0 13.242
0.052 0 0.052 0.022 0.002 0.024 12.566 0.004 12.567 13.496 0.011 13.505 13.438 0.001 13.436
0.048 0.002 0.051 0.018 0.006 0.024 12.522 0.003 12.52 13.455 0.004 13.457 13.482 0.003 13.483
0.043 0.003 0.046 0.019 0.005 0.024 11.592 0.005 11.594 13.016 0.003 13.016 12.974 0 12.972
0.048 0 0.047 0.021 0.002 0.024 11.653 0.003 11.653 12.9 0.007 12.908 12.66 0 12.663
0.046 0.002 0.047 0.017 0.007 0.024 11.639 0.004 11.64 12.981 0.005 12.982 12.962 0 12.959
0.044 0.002 0.045 0.021 0.003 0.024 11.602 0.004 11.604 12.906 0.007 12.91 12.926 0 12.924
0.046 0.001 0.047 0.015 0.009 0.024 11.612 0.005 11.614 12.913 0.005 12.916 12.928 0 12.924
0.05 0 0.05 0.021 0.003 0.024 11.6 0.005 11.602 12.97 0.00600000000000001 12.972 12.914 0 12.911
0.05 0 0.05 0.017 0.007 0.024 12.638 0.007 12.642 13.593 0.003 13.594 13.577 0 13.574
0.049 0 0.049 0.024 0.001 0.024 12.607 0.005 12.608 13.576 0.001 13.576 13.544 0 13.54
0.046 0.003 0.048 0.019 0.005 0.025 12.547 0.002 12.555 13.475 0.007 13.492 13.437 0 13.445
0.049 0.001 0.05 0.021 0.003 0.024 12.509 0.005 12.511 13.425 0.009 13.433 13.395 0 13.392
0.05 0 0.05 0.02 0.004 0.024 12.566 0.00600000000000001 12.568 13.478 0.003 13.479 13.444 0 13.442
0.05 0.001 0.05 0.02 0.004 0.024 12.468 0.006 12.471 13.47 0.009 13.477 13.48 0 13.478
0.045 0.002 0.046 0.017 0.006 0.024 12.311 0.005 12.312 13.568 0.004 13.57 13.517 0.002 13.517
0.048 0.002 0.05 0.022 0.002 0.024 12.559 0.004 12.559 13.504 0.009 13.511 13.353 0 13.349
0.047 0.002 0.049 0.017 0.006 0.024 12.243 0.003 12.243 13.327 0.004 13.327 13.312 0 13.31
0.043 0.002 0.046 0.02 0.004 0.023 11.565 0.005 11.571 12.91 0.00899999999999999 12.92 12.865 0.004 12.872
0.051 0 0.05 0.019 0.005 0.024 12.56 0.005 12.562 13.515 0.007 13.52 13.5 0.002 13.499
0.05 0 0.05 0.021 0.003 0.024 12.507 0.005 12.508 13.461 0.008 13.467 13.456 0.001 13.454
0.065 0.004 0.0700000000000001 0.026 0.00699999999999999 0.0329999999999999 16.965 0.00900000000000001 17.016 18.861 0.013 18.919 23.611 0.005 23.652
0.047 0.00199999999999999 0.05 0.019 0.005 0.023 11.981 0.005 11.983 12.894 0.006 12.897 12.88 0 12.877
0.045 0.001 0.046 0.02 0.004 0.024 11.648 0.009 11.654 12.983 0.003 12.983 13.103 0 13.101
0.044 0.002 0.046 0.022 0.00199999999999999 0.024 11.373 0.007 11.384 12.581 0.00900000000000001 12.593 12.581 0 12.581
0.046 0 0.046 0.013 0.01 0.023 11.622 0.011 11.629 12.896 0.011 12.903 12.981 0 12.98
0.044 0.001 0.045 0.019 0.004 0.024 11.593 0.007 11.596 12.75 0.01 12.759 12.857 0 12.853
0.044 0.001 0.045 0.021 0.003 0.024 11.647 0.003 11.647 12.96 0.005 12.962 13.117 0 13.114
0.045 0.001 0.047 0.022 0.002 0.024 11.618 0.006 11.621 12.998 0.006 13.001 13.133 0 13.13
0.05 0.00199999999999999 0.053 0.021 0.003 0.024 12.731 0.003 12.731 13.706 0.005 13.709 13.676 0 13.672
0.049 0.001 0.05 0.021 0.003 0.024 12.561 0.003 12.56 13.491 0.003 13.494 13.504 0 13.501
0.047 0.002 0.049 0.021 0.003 0.024 12.488 0.003 12.487 13.451 0.007 13.456 13.417 0 13.414
0.048 0.002 0.05 0.022 0.00199999999999999 0.024 12.498 0.002 12.496 13.476 0.006 13.481 13.453 0.001 13.451
0.042 0.003 0.045 0.021 0.003 0.024 11.66 0.003 11.66 13.03 0.011 13.038 12.994 0 12.991
0.048 0.002 0.05 0.022 0.002 0.024 12.507 0.004 12.508 13.411 0.009 13.418 13.393 0 13.39
0.049 0.002 0.05 0.02 0.004 0.024 12.501 0.006 12.505 13.449 0.005 13.451 13.414 0 13.412
0.041 0.003 0.045 0.023 0.001 0.023 11.659 0.006 11.661 12.974 0.007 12.979 12.931 0 12.928
0.054 0.001 0.054 0.021 0.003 0.024 12.595 0.002 12.596 13.505 0.01 13.515 13.49 0 13.49
0.054 0.000999999999999994 0.055 0.015 0.009 0.024 12.575 0.004 12.575 13.536 0.002 13.536 13.516 0 13.514
0.044 0.001 0.045 0.022 0.001 0.023 11.592 0.009 11.61 12.882 0.074 12.972 12.846 0.00600000000000001 12.858
0.044 0.001 0.045 0.017 0.007 0.024 11.724 0.004 11.725 13.065 0.005 13.067 13.184 0 13.182
0.05 0 0.05 0.019 0.005 0.024 12.599 0.002 12.598 13.528 0.003 13.529 13.48 0 13.477
0.049 0.001 0.051 0.021 0.003 0.024 12.535 0.004 12.536 13.466 0.008 13.471 13.435 0.001 13.434
0.05 0 0.05 0.021 0.003 0.023 11.826 0.006 11.829 12.937 0.009 12.944 12.938 0 12.935
0.048 0.00199999999999999 0.051 0.02 0.004 0.024 11.952 0.004 11.952 13.092 0.008 13.096 13.034 0 13.032
0.046 0.003 0.049 0.018 0.006 0.024 11.722 0.005 11.729 12.758 0.00700000000000001 12.765 12.613 0.003 12.623
0.049 0.001 0.05 0.018 0.006 0.024 11.853 0.004 11.854 12.92 0.002 12.919 12.902 0 12.899
0.048 0.000999999999999994 0.049 0.02 0.004 0.024 11.809 0.004 11.81 12.929 0.007 12.934 12.902 0 12.9
0.049 0.001 0.05 0.022 0.00199999999999999 0.024 11.841 0.00600000000000001 11.844 12.961 0.006 12.964 12.931 0 12.928
0.049 0.000999999999999994 0.05 0.021 0.003 0.024 12.552 0.003 12.551 13.498 0.002 13.498 13.449 0 13.446
0.05 0.002 0.052 0.021 0.003 0.024 12.65 0.005 12.651 13.558 0.005 13.561 13.506 0 13.503
0.045 0.004 0.049 0.02 0.004 0.024 12.644 0.004 12.645 13.566 0.003 13.567 13.538 0 13.535
0.05 0 0.05 0.02 0.004 0.024 12.489 0.005 12.491 13.451 0.004 13.453 13.453 0.001 13.451
0.048 0.001 0.049 0.021 0.004 0.025 12.002 0.005 12.004 13.107 0.003 13.107 13.03 0.002 13.031
0.045 0.001 0.046 0.016 0.008 0.024 12.271 0.01 12.285 13.582 0.015 13.61 13.559 0.00899999999999999 13.573
0.05 0 0.051 0.019 0.005 0.023 12.559 0.00800000000000001 12.564 13.553 0.006 13.557 13.362 0.001 13.361
0.048 0 0.048 0.021 0.003 0.024 12.22 0.008 12.225 13.322 0.009 13.328 13.273 0 13.269
0.042 0.003 0.045 0.018 0.00600000000000001 0.024 11.592 0.006 11.593 13.025 0.007 13.03 12.984 0 12.981
0.05 0 0.049 0.022 0.00199999999999999 0.025 12.487 0.003 12.486 13.518 0.006 13.522 13.499 0 13.496
0.048 0.002 0.05 0.019 0.005 0.024 12.48 0.003 12.48 13.425 0.008 13.43 13.366 0.001 13.364
0.043 0.002 0.045 0.02 0.004 0.024 11.627 0.004 11.628 12.945 0.004 12.946 13.179 0 13.176
0.05 0.001 0.05 0.018 0.006 0.024 12.546 0.004 12.546 13.49 0.005 13.493 13.482 0.001 13.481
0.049 0.001 0.05 0.02 0.004 0.024 12.524 0.003 12.524 13.448 0.006 13.452 13.415 0 13.411
0.044 0.001 0.046 0.021 0.003 0.023 11.555 0.004 11.556 12.746 0.01 12.753 12.721 0 12.719
0.043 0.003 0.047 0.021 0.003 0.024 11.487 0.005 11.493 12.622 0.007 12.629 12.524 0 12.529
0.045 0 0.045 0.021 0.003 0.024 11.609 0.008 11.614 12.936 0.00199999999999999 12.934 12.938 0 12.937
0.044 0.001 0.046 0.02 0.004 0.024 11.608 0.005 11.609 12.914 0.007 12.919 12.926 0 12.923
0.045 0.001 0.045 0.02 0.004 0.024 11.647 0.004 11.649 13.046 0.006 13.049 13.052 0 13.048
0.041 0.005 0.046 0.016 0.00799999999999999 0.024 11.814 0.004 11.814 13.256 0.002 13.255 13.258 0 13.256
0.049 0 0.049 0.019 0.005 0.024 12.581 0.002 12.579 13.49 0.005 13.493 13.488 0 13.486
0.048 0.002 0.05 0.018 0.007 0.025 12.665 0.007 12.669 13.586 0.002 13.585 13.52 0.001 13.519
0.048 0 0.048 0.019 0.005 0.024 12.547 0.006 12.55 13.461 0.002 13.462 13.41 0 13.407
0.051 0 0.051 0.022 0.002 0.024 12.541 0.004 12.542 13.452 0.008 13.459 13.442 0 13.438
0.043 0.00199999999999999 0.045 0.017 0.007 0.023 11.523 0.002 11.523 12.989 0.007 12.993 12.936 0 12.933
0.049 0.001 0.05 0.021 0.003 0.024 12.531 0.00600000000000001 12.534 13.442 0.006 13.446 13.432 0 13.429
0.048 0.003 0.051 0.019 0.005 0.024 12.562 0.003 12.563 13.489 0.004 13.49 13.49 0 13.487
0.046 0 0.046 0.021 0.002 0.024 11.722 0.00199999999999999 11.72 13.083 0.003 13.083 13.047 0 13.045
0.049 0.001 0.05 0.023 0.002 0.025 12.57 0.007 12.575 13.48 0.003 13.483 13.45 0.001 13.449
0.049 0.001 0.051 0.018 0.006 0.024 12.568 0.004 12.569 13.482 0.007 13.486 13.469 0.001 13.467
0.05 0 0.05 0.022 0.001 0.023 11.881 0.003 11.881 12.993 0.005 12.995 13.103 0.001 13.101
0.042 0.003 0.045 0.022 0.002 0.024 11.62 0.006 11.623 12.933 0.003 12.932 13.323 0.001 13.321
0.047 0.003 0.05 0.02 0.004 0.025 12.584 0.005 12.584 13.503 0.004 13.506 13.506 0.001 13.505
0.049 0.003 0.051 0.021 0.003 0.024 12.608 0.004 12.609 13.565 0.004 13.567 13.535 0 13.532
0.044 0.002 0.046 0.016 0.008 0.024 11.606 0.004 11.607 12.949 0.006 12.953 13.113 0 13.11
0.045 0 0.045 0.02 0.004 0.024 11.599 0.005 11.607 12.786 0.006 12.79 12.803 0 12.805
0.044 0.002 0.046 0.023 0.001 0.023 11.592 0.00799999999999999 11.598 12.96 0.00700000000000001 12.964 13.088 0 13.085
0.045 0.001 0.046 0.015 0.008 0.023 11.623 0.004 11.624 12.906 0.005 12.909 13.079 0 13.077
0.043 0.002 0.045 0.021 0.003 0.024 11.591 0.004 11.592 12.956 0.003 12.956 13.119 0 13.115
0.043 0.003 0.046 0.019 0.005 0.024 11.534 0.009 11.541 12.958 0.002 12.957 13.091 0 13.087
0.049 0.001 0.05 0.018 0.006 0.024 12.555 0.005 12.556 13.468 0.007 13.473 13.444 0 13.442
0.048 0.001 0.049 0.023 0.001 0.024 12.567 0.01 12.583 13.474 0.014 13.496 13.452 0.003 13.462
0.051 0 0.051 0.021 0.003 0.024 12.533 0.00600000000000001 12.536 13.494 0.006 13.499 13.458 0 13.454
0.05 0 0.049 0.019 0.005 0.024 12.47 0.004 12.472 13.4 0.00899999999999999 13.406 13.389 0 13.386
0.043 0.003 0.046 0.02 0.004 0.023 12.178 0.003 12.178 13.478 0.009 13.485 13.434 0 13.431
0.05 0 0.05 0.02 0.004 0.024 12.534 0.00600000000000001 12.536 13.492 0.007 13.497 13.238 0 13.235
0.048 0 0.048 0.021 0.003 0.024 12.272 0.008 12.276 13.337 0.00600000000000001 13.34 13.309 0.002 13.308
0.042 0.003 0.045 0.018 0.005 0.023 11.504 0.008 11.508 13.008 0.004 13.009 12.929 0.002 12.928
0.048 0.001 0.049 0.016 0.009 0.025 12.694 0.006 12.697 13.624 0.005 13.627 13.597 0 13.593
0.05 0.001 0.051 0.021 0.002 0.023 12.525 0.001 12.523 13.473 0.007 13.477 13.431 0 13.428
0.068 0.002 0.0700000000000001 0.026 0.00800000000000001 0.0339999999999999 17.27 0.00899999999999999 17.301 18.546 0.003 18.57 18.497 0 18.519
0.049 0 0.049 0.016 0.008 0.024 11.74 0.006 11.742 12.889 0.004 12.897 12.615 0.001 12.617
0.049 0 0.049 0.018 0.006 0.024 12.322 0.005 12.324 12.991 0.004 12.992 12.954 0.00199999999999999 12.954
0.048 0.00199999999999999 0.05 0.018 0.00600000000000001 0.024 11.908 0.008 11.912 13.015 0.005 13.018 12.992 0 12.989
0.046 0.003 0.05 0.019 0.006 0.024 11.727 0.006 11.737 12.635 0.004 12.642 12.503 0 12.505
0.049 0.002 0.05 0.017 0.007 0.024 11.895 0.005 11.897 12.968 0.008 12.974 12.905 0 12.903
0.049 0.001 0.049 0.02 0.005 0.025 11.968 0.004 11.969 13.075 0.004 13.076 13.082 0.001 13.08
0.05 0.001 0.051 0.022 0.00199999999999999 0.024 11.908 0.003 11.908 12.99 0.004 12.991 12.953 0 12.95
0.05 0 0.049 0.021 0.003 0.024 11.828 0.002 11.828 12.97 0.004 12.97 12.967 0 12.965
0.049 0.00199999999999999 0.051 0.017 0.006 0.023 12.538 0.003 12.538 13.458 0.006 13.462 13.433 0 13.43
0.049 0.000999999999999994 0.05 0.018 0.00600000000000001 0.023 12.54 0.003 12.54 13.467 0.00600000000000001 13.471 13.413 0 13.411
0.048 0.001 0.05 0.02 0.004 0.024 12.62 0.003 12.619 13.53 0.009 13.538 13.373 0 13.377
0.05 0 0.05 0.023 0.001 0.024 12.541 0.005 12.542 13.501 0.005 13.504 13.46 0 13.458
0.043 0.002 0.046 0.016 0.008 0.024 11.622 0.003 11.622 12.962 0.006 12.965 12.947 0 12.946
0.043 0.002 0.045 0.019 0.004 0.023 11.586 0.005 11.588 12.959 0.003 12.959 12.893 0 12.889
0.05 0 0.05 0.021 0.004 0.024 12.541 0.007 12.545 13.445 0.005 13.449 13.414 0.000999999999999994 13.411
0.048 0.003 0.05 0.022 0.00199999999999999 0.024 12.563 0.004 12.564 13.458 0.009 13.465 13.431 0 13.429
0.044 0.001 0.045 0.016 0.008 0.024 11.597 0.004 11.598 13.021 0.004 13.022 12.96 0.001 12.958
0.049 0.002 0.051 0.017 0.007 0.025 12.557 0.007 12.561 13.582 0.005 13.588 13.558 0.001 13.558
0.05 0 0.05 0.019 0.005 0.024 12.519 0.009 12.524 13.475 0.008 13.482 13.435 0.001 13.432
0.046 0 0.045 0.014 0.009 0.024 11.384 0.001 11.392 12.629 0.004 12.638 12.88 0 12.882
0.049 0.00199999999999999 0.052 0.02 0.004 0.024 12.636 0.002 12.634 13.478 0.007 13.484 13.229 0 13.233
0.052 0.001 0.053 0.021 0.003 0.023 12.506 0.004 12.507 13.452 0.008 13.458 13.44 0.001 13.444
0.045 0 0.045 0.021 0.003 0.024 11.611 0.006 11.614 12.932 0.009 12.938 13.151 0 13.148
0.043 0.003 0.045 0.02 0.004 0.024 11.621 0.004 11.622 13.067 0.005 13.07 13.213 0.00199999999999999 13.213
0.045 0.000999999999999994 0.045 0.02 0.003 0.024 11.535 0.004 11.541 12.718 0.003 12.721 12.756 0.002 12.764
0.045 0.001 0.047 0.021 0.003 0.024 11.664 0.003 11.663 13.02 0.004 13.022 13.191 0.002 13.191
0.048 0.00199999999999999 0.05 0.02 0.005 0.025 11.753 0.009 11.759 13.007 0.003 13.008 13.227 0 13.225
0.045 0.002 0.047 0.018 0.006 0.024 11.649 0.004 11.652 12.982 0.005 12.985 13.201 0 13.201
0.043 0.003 0.046 0.022 0.00199999999999999 0.024 11.577 0.00700000000000001 11.581 12.933 0.00899999999999999 12.939 13.098 0.001 13.096
0.048 0.002 0.049 0.02 0.004 0.024 12.603 0.005 12.606 13.533 0.005 13.536 13.49 0.001 13.488
0.048 0.002 0.05 0.021 0.003 0.024 12.574 0.004 12.576 13.489 0.004 13.491 13.472 0 13.469
0.052 0.001 0.052 0.021 0.003 0.024 12.52 0.003 12.528 13.171 0.008 13.177 13.036 0.001 13.04
0.05 0.002 0.051 0.019 0.005 0.024 12.551 0.008 12.557 13.445 0.00600000000000001 13.449 13.39 0 13.386
0.048 0.002 0.05 0.02 0.004 0.024 12.006 0.002 12.005 12.904 0.005 12.906 13.1 0 13.098
0.049 0 0.049 0.021 0.003 0.024 12.535 0.005 12.536 13.473 0.005 13.476 13.465 0 13.463
0.049 0.002 0.051 0.021 0.004 0.024 12.608 0.004 12.608 13.546 0.005 13.549 13.497 0 13.494
0.046 0 0.046 0.02 0.004 0.024 12.19 0.012 12.21 13.474 0.032 13.515 13.434 0.005 13.445
0.049 0.000999999999999994 0.05 0.02 0.004 0.024 12.577 0.002 12.576 13.459 0.01 13.467 13.245 0 13.241
0.046 0.00199999999999999 0.048 0.02 0.004 0.024 12.177 0.005 12.179 13.317 0.008 13.322 13.271 0 13.268
0.046 0 0.045 0.015 0.00799999999999999 0.024 11.604 0.003 11.603 12.941 0.008 12.946 12.928 0.002 12.928
0.049 0.00199999999999999 0.05 0.023 0.001 0.025 12.536 0.004 12.535 13.465 0.005 13.469 13.475 0.001 13.472
0.051 0 0.051 0.021 0.003 0.025 12.531 0.004 12.53 13.559 0.007 13.564 13.542 0 13.54
0.047 0.00199999999999999 0.049 0.022 0.002 0.024 12.207 0.004 12.207 12.962 0.004 12.963 12.766 0 12.771
0.049 0.001 0.05 0.021 0.003 0.024 12.007 0.004 12.014 12.879 0.00600000000000001 12.886 12.74 0.001 12.744
0.05 0 0.049 0.022 0.002 0.024 11.906 0.003 11.906 12.641 0.005 12.652 12.506 0 12.509
0.05 0 0.05 0.02 0.004 0.024 11.954 0.008 11.958 12.988 0.005 12.99 12.955 0 12.952
0.05 0 0.05 0.015 0.009 0.024 12.035 0.005 12.037 13.016 0.003 13.016 13.023 0 13.02
0.05 0.001 0.05 0.019 0.005 0.024 11.978 0.004 11.979 12.927 0.007 12.931 12.927 0 12.924
0.049 0.001 0.05 0.022 0.002 0.024 11.858 0.006 11.866 12.792 0.006 12.798 12.636 0.003 12.645
0.048 0.002 0.05 0.024 0.001 0.025 12.664 0.005 12.666 13.593 0.004 13.595 13.597 0 13.595
0.049 0.001 0.05 0.022 0.002 0.024 12.578 0.005 12.58 13.447 0.005 13.451 13.423 0 13.42
0.05 0 0.051 0.021 0.003 0.023 12.404 0.004 12.41 13.15 0.00800000000000001 13.157 12.991 0 12.997
0.048 0.00199999999999999 0.05 0.018 0.00600000000000001 0.024 12.563 0.005 12.564 13.505 0.007 13.511 13.428 0 13.426
0.042 0.003 0.045 0.018 0.006 0.024 11.537 0.006 11.54 12.985 0.006 12.988 12.938 0.003 12.938
0.048 0.000999999999999994 0.049 0.021 0.004 0.024 12.538 0.004 12.539 13.51 0.006 13.515 13.489 0 13.485
0.049 0.002 0.051 0.018 0.006 0.024 12.564 0.005 12.565 13.514 0.006 13.518 13.478 0.002 13.478
0.044 0.001 0.044 0.019 0.005 0.024 11.583 0.004 11.584 12.984 0.003 12.985 12.921 0.001 12.918
0.05 0.002 0.052 0.021 0.003 0.024 12.496 0.00600000000000001 12.499 13.457 0.004 13.459 13.433 0 13.43
0.049 0.003 0.053 0.023 0.001 0.024 12.549 0.003 12.549 13.502 0.00899999999999999 13.509 13.495 0 13.492
0.045 0 0.045 0.02 0.004 0.024 11.707 0.006 11.708 13.071 0.005 13.075 13.156 0 13.153
0.048 0.002 0.049 0.015 0.009 0.024 11.975 0.003 11.976 13.078 0.004 13.079 13.034 0 13.03
0.07 0.001 0.072 0.023 0.011 0.033 17.144 0.005 17.17 21.329 0.00799999999999999 21.379 22.05 0 22.077
0.045 0.001 0.046 0.019 0.005 0.024 11.598 0.009 11.604 12.902 0.007 12.907 13.132 0 13.129
0.046 0 0.046 0.018 0.005 0.024 11.505 0.003 11.51 12.695 0.009 12.708 12.624 0 12.626
0.045 0.001 0.046 0.02 0.004 0.023 11.614 0.006 11.618 13.006 0.008 13.01 13 0.001 13
0.046 0 0.046 0.02 0.004 0.024 11.647 0.004 11.649 12.936 0.007 12.94 12.979 0 12.977
0.043 0.00199999999999999 0.046 0.02 0.004 0.024 11.545 0.011 11.552 13.014 0.004 13.016 12.982 0.001 12.979
0.044 0.001 0.046 0.02 0.004 0.024 12.222 0.007 12.226 13.483 0.00600000000000001 13.486 13.462 0 13.46
0.05 0 0.05 0.018 0.006 0.024 12.555 0.004 12.556 13.467 0.011 13.475 13.26 0 13.258
0.044 0.001 0.045 0.021 0.003 0.023 11.652 0.007 11.657 13.124 0.005 13.126 13.505 0 13.501
0.05 0.002 0.052 0.022 0.002 0.0239999999999999 12.634 0.001 12.633 13.538 0.008 13.544 13.56 0 13.557
0.049 0.003 0.052 0.018 0.00600000000000001 0.0239999999999999 12.643 0.004 12.644 13.572 0.00600000000000001 13.576 13.526 0.002 13.525
0.046 0 0.0690000000000001 0.02 0.004 0.0239999999999999 11.639 0.00499999999999999 11.641 12.962 0.00600000000000001 12.964 13.426 0.003 13.427
0.049 0 0.049 0.021 0.003 0.024 11.763 0.004 11.764 12.971 0.005 12.972 13.288 0 13.285
0.05 0.00199999999999999 0.052 0.017 0.00600000000000001 0.024 12.521 0.003 12.521 13.48 0.00600000000000001 13.484 13.468 0 13.465
0.05 0 0.05 0.019 0.005 0.024 12.524 0.004 12.524 13.454 0.005 13.457 13.413 0 13.411
0.044 0.001 0.045 0.021 0.003 0.023 11.654 0.002 11.653 12.962 0.006 12.965 13.325 0 13.322
0.048 0.001 0.049 0.023 0.001 0.024 12.536 0.004 12.537 13.498 0.002 13.498 13.446 0.002 13.445
0.049 0.001 0.051 0.019 0.005 0.024 12.542 0.005 12.543 13.506 0.005 13.51 13.459 0 13.455
0.046 0 0.046 0.02 0.004 0.023 12.21 0.003 12.21 13.449 0.012 13.459 13.431 0 13.428
0.049 0.001 0.05 0.021 0.003 0.024 12.485 0.006 12.488 13.402 0.008 13.407 13.167 0 13.164
0.049 0 0.049 0.019 0.005 0.024 12.157 0.004 12.157 13.273 0.004 13.274 13.258 0 13.256
0.05 0 0.051 0.022 0.002 0.024 11.778 0.004 11.779 13.055 0.003 13.054 13.022 0 13.02
0.048 0.002 0.05 0.019 0.005 0.024 11.899 0.004 11.9 12.977 0.004 12.979 13.133 0.001 13.13
0.048 0 0.048 0.024 0 0.024 11.666 0.007 11.669 13.06 0.01 13.068 13.19 0 13.186
0.047 0 0.047 0.02 0.004 0.024 11.578 0.004 11.579 12.902 0.01 12.908 13.07 0 13.068
0.047 0.003 0.05 0.019 0.005 0.024 12.615 0.003 12.615 13.237 0.005 13.239 13.016 0 13.012
0.049 0.000999999999999994 0.05 0.02 0.004 0.024 12.427 0.006 12.429 12.99 0.007 12.995 12.931 0 12.929
0.049 0.002 0.051 0.017 0.006 0.023 12.609 0.006 12.612 13.572 0.007 13.577 13.521 0.002 13.52
0.051 0 0.05 0.019 0.005 0.025 12.64 0.004 12.641 13.551 0.006 13.554 13.551 0.002 13.551
0.051 0 0.051 0.022 0.002 0.024 12.543 0.004 12.543 13.467 0.004 13.47 13.435 0.002 13.434
0.043 0.002 0.046 0.02 0.004 0.023 11.612 0.001 11.61 12.983 0.003 12.983 13.438 0.001 13.437
0.047 0.002 0.049 0.024 0 0.024 12.445 0.005 12.447 13.44 0.003 13.44 13.405 0.001 13.403
0.046 0 0.045 0.022 0.001 0.024 11.576 0 11.572 12.961 0.004 12.964 12.926 0 12.923
0.048 0.003 0.051 0.02 0.004 0.024 12.521 0.006 12.524 13.444 0.005 13.447 13.393 0 13.391
0.048 0.002 0.05 0.016 0.007 0.024 12.537 0.006 12.538 13.43 0.008 13.436 13.376 0 13.373
0.042 0.00199999999999999 0.045 0.02 0.004 0.024 11.615 0.002 11.613 12.913 0.00199999999999999 12.913 12.9 0 12.897
0.049 0.001 0.05 0.021 0.004 0.025 12.613 0.008 12.619 13.536 0.003 13.539 13.508 0 13.506
0.049 0.001 0.051 0.021 0.003 0.024 12.576 0.00600000000000001 12.579 13.496 0.008 13.502 13.469 0 13.466
0.049 0 0.05 0.018 0.00600000000000001 0.023 12.301 0.005 12.303 13.044 0.005 13.046 12.969 0 12.966
0.049 0.001 0.049 0.019 0.005 0.024 12.249 0.007 12.254 12.915 0.01 12.922 12.869 0 12.867
0.049 0.002 0.051 0.023 0.001 0.024 11.942 0.006 11.947 13.051 0.008 13.055 13.007 0 13.005
0.053 0.002 0.056 0.021 0.004 0.024 12.09 0.005 12.091 13.07 0.004 13.072 13.544 0.001 13.541
0.046 0.000999999999999994 0.047 0.019 0.005 0.024 11.857 0.00199999999999999 11.856 12.98 0.005 12.982 13.012 0.002 13.011
0.05 0 0.049 0.018 0.006 0.025 11.928 0.007 11.932 13.001 0.004 13.002 13.105 0 13.103
0.049 0.001 0.049 0.02 0.004 0.025 11.931 0.004 11.931 13.005 0.002 13.005 13.08 0 13.076
0.044 0.001 0.045 0.02 0.004 0.024 11.68 0.003 11.68 12.967 0.005 12.969 12.938 0.001 12.936
0.044 0 0.045 0.019 0.005 0.024 11.676 0.004 11.677 13.041 0.00800000000000001 13.046 12.981 0.002 12.98
0.05 0 0.05 0.02 0.004 0.024 12.436 0.006 12.439 12.999 0.004 12.999 12.867 0 12.865
0.045 0.001 0.046 0.02 0.004 0.023 11.868 0.004 11.87 13.401 0.011 13.413 13.139 0 13.142
0.049 0.002 0.051 0.021 0.003 0.024 12.547 0.004 12.549 13.525 0.01 13.533 12.982 0.003 12.987
0.048 0.001 0.049 0.023 0.002 0.024 12.542 0.007 12.547 13.499 0.005 13.502 13.482 0 13.479
0.05 0 0.051 0.022 0.00199999999999999 0.024 12.47 0.002 12.469 13.472 0.007 13.477 13.428 0 13.424
0.041 0.003 0.044 0.022 0.002 0.024 11.628 0.003 11.628 12.99 0.00600000000000001 12.993 13.266 0 13.263
0.049 0.002 0.05 0.018 0.006 0.024 12.546 0.003 12.546 13.479 0.005 13.483 13.451 0 13.447
0.05 0 0.051 0.021 0.003 0.024 12.536 0.006 12.538 13.497 0.003 13.498 13.449 0 13.446
0.042 0.002 0.045 0.022 0.002 0.023 11.633 0.004 11.634 12.954 0.003 12.954 13.106 0 13.103
0.044 0.001 0.046 0.02 0.003 0.024 12.286 0.003 12.284 13.593 0.008 13.599 13.561 0 13.559
0.049 0.002 0.051 0.022 0.00199999999999999 0.024 12.612 0.00600000000000001 12.614 13.555 0.005 13.558 13.33 0 13.327
0.048 0.001 0.048 0.019 0.004 0.024 12.204 0.004 12.204 13.268 0.003 13.267 13.271 0.002 13.271
0.044 0.001 0.045 0.018 0.006 0.024 11.7 0.005 11.702 13.042 0.011 13.05 12.891 0.000999999999999987 12.889
0.068 0.002 0.0720000000000001 0.026 0.00699999999999999 0.0329999999999999 16.938 0.00900000000000001 16.966 18.136 0.00699999999999999 18.165 18.099 0.002 18.122
0.049 0.000999999999999994 0.05 0.024 0 0.024 11.619 0.004 11.62 12.895 0.008 12.901 12.986 0.003 12.986
0.043 0.001 0.045 0.021 0.004 0.024 11.7 0.00600000000000001 11.703 13.062 0.007 13.067 13.571 0 13.568
0.047 0.002 0.049 0.022 0.003 0.024 12.528 0.004 12.529 13.476 0.00199999999999999 13.475 13.43 0.001 13.429
0.049 0.001 0.05 0.018 0.006 0.024 12.482 0.003 12.481 13.397 0.005 13.399 13.368 0.001 13.368
0.044 0.001 0.045 0.021 0.004 0.024 11.633 0.008 11.638 12.996 0.006 12.999 13.515 0 13.513
0.049 0 0.049 0.019 0.006 0.025 12.616 0.00600000000000001 12.619 13.563 0.006 13.566 13.518 0.001 13.518
0.049 0.001 0.051 0.02 0.004 0.024 12.519 0.007 12.521 13.457 0.005 13.46 13.406 0 13.405
0.051 0 0.054 0.023 0.001 0.024 12.596 0.005 12.597 13.546 0.006 13.55 13.495 0 13.493
0.052 0 0.052 0.022 0.002 0.024 12.585 0.006 12.588 13.542 0.003 13.543 13.524 0 13.521
0.045 0.001 0.046 0.02 0.003 0.023 11.577 0.004 11.579 12.914 0.004 12.916 12.888 0 12.887
0.046 0 0.046 0.021 0.00199999999999999 0.023 11.612 0.005 11.622 12.971 0.007 12.985 12.929 0.002 12.937
0.044 0.002 0.045 0.018 0.005 0.024 11.627 0.007 11.631 12.997 0.004 12.998 12.905 0.001 12.902
0.051 0.001 0.052 0.022 0.002 0.024 12.564 0.006 12.566 13.472 0.005 13.476 13.461 0 13.457
0.049 0.002 0.05 0.018 0.006 0.024 12.525 0.004 12.526 13.449 0.005 13.451 13.408 0 13.405
0.043 0.002 0.045 0.015 0.008 0.023 11.665 0.004 11.666 12.98 0.007 12.984 12.918 0 12.915
0.051 0 0.051 0.018 0.006 0.024 12.579 0.003 12.581 13.48 0.008 13.487 13.488 0 13.487
0.05 0 0.05 0.019 0.006 0.024 12.537 0.004 12.538 13.454 0.006 13.458 13.446 0 13.444
0.048 0.001 0.05 0.022 0.002 0.024 12.185 0.00199999999999999 12.183 12.911 0.00700000000000001 12.914 12.924 0 12.921
0.049 0 0.05 0.019 0.005 0.024 11.828 0.004 11.828 12.926 0.005 12.929 13.158 0.001 13.156
0.049 0.002 0.05 0.018 0.006 0.025 12.565 0.003 12.564 13.47 0.005 13.473 13.462 0.001 13.461
0.05 0 0.051 0.022 0.002 0.024 12.452 0.006 12.454 13.454 0.006 13.458 13.415 0 13.412
0.049 0.001 0.05 0.018 0.00600000000000001 0.025 11.71 0.000999999999999994 11.709 12.914 0.00600000000000001 12.916 12.934 0 12.933
0.045 0.001 0.045 0.021 0.003 0.024 11.715 0.005 11.717 13.06 0.007 13.065 13.119 0 13.115
0.043 0.002 0.048 0.02 0.004 0.024 12.139 0.003 12.139 13.713 0.005 13.714 13.681 0 13.678
0.046 0 0.046 0.021 0.00199999999999999 0.023 12.566 0.002 12.573 13.662 0.004 13.673 13.671 0.002 13.678
0.045 0.001 0.046 0.019 0.006 0.024 11.778 0.004 11.78 13.229 0.003 13.229 13.194 0 13.191
0.047 0.00199999999999999 0.05 0.019 0.005 0.024 12.594 0.007 12.598 13.164 0.005 13.166 13.178 0.003 13.177
0.05 0 0.05 0.021 0.003 0.024 12.49 0.003 12.49 13.01 0.004 13.011 12.964 0 12.962
0.047 0 0.046 0.017 0.006 0.023 11.543 0.007 11.547 12.909 0.005 12.911 13.305 0 13.302
0.05 0 0.05 0.019 0.005 0.024 12.542 0.004 12.543 13.49 0.007 13.494 13.49 0.001 13.488
0.048 0.002 0.05 0.021 0.003 0.024 12.535 0.004 12.535 13.485 0.003 13.487 13.456 0 13.453
0.045 0.001 0.046 0.02 0.003 0.024 12.272 0.003 12.271 13.543 0.006 13.546 13.523 0.001 13.522
0.05 0 0.05 0.02 0.004 0.024 12.524 0.01 12.531 13.486 0.003 13.486 13.262 0 13.259
0.047 0.002 0.048 0.022 0.001 0.024 12.197 0.004 12.197 13.263 0.006 13.266 13.243 0.002 13.243
0.049 0.000999999999999994 0.05 0.024 0.001 0.025 11.791 0.014 11.818 12.911 0.007 12.92 12.951 0 12.948
0.063 0.00499999999999999 0.0680000000000001 0.029 0.004 0.0329999999999999 16.697 0.003 16.719 17.978 0.00799999999999999 18.008 17.906 0 17.927
0.07 0.001 0.072 0.028 0.00599999999999999 0.033 17.126 0.012 17.16 18.422 0.00800000000000001 18.453 18.629 0 18.651
0.047 0.001 0.049 0.017 0.007 0.024 11.64 0.005 11.642 12.996 0.006 12.998 12.98 0 12.978
0.05 0 0.05 0.018 0.006 0.024 11.954 0.004 11.955 13.011 0.003 13.011 12.981 0 12.979
0.042 0.003 0.046 0.019 0.005 0.024 11.608 0.004 11.608 12.956 0.005 12.958 12.921 0.000999999999999994 12.921
0.048 0.000999999999999994 0.049 0.024 0 0.024 11.677 0.005 11.679 12.93 0.008 12.935 12.876 0 12.874
0.049 0.001 0.05 0.021 0.003 0.024 11.683 0.005 11.685 12.934 0.005 12.936 12.931 0 12.928
0.047 0.002 0.049 0.014 0.009 0.024 12.451 0.006 12.454 13.236 0.006 13.238 13.257 0 13.255
0.047 0.003 0.05 0.019 0.005 0.024 12.423 0.001 12.421 13.482 0.004 13.485 13.435 0 13.432
0.044 0.005 0.05 0.017 0.007 0.024 12.391 0.005 12.393 13.06 0.007 13.065 12.989 0 12.987
0.048 0.00199999999999999 0.05 0.019 0.005 0.024 12.594 0.008 12.6 13.538 0.002 13.539 13.517 0 13.514
0.05 0 0.05 0.02 0.004 0.024 12.549 0.003 12.547 13.478 0.004 13.481 13.459 0 13.456
0.049 0 0.049 0.021 0.003 0.025 12.522 0.00600000000000001 12.524 13.447 0.01 13.455 13.405 0 13.403
0.048 0.003 0.051 0.021 0.003 0.024 12.579 0.00600000000000001 12.581 13.532 0.004 13.534 13.483 0 13.48
0.049 0 0.05 0.016 0.008 0.023 12.424 0.006 12.426 13.207 0.004 13.208 13.178 0 13.176
0.049 0.001 0.05 0.021 0.003 0.024 12.522 0.005 12.524 13.493 0.004 13.495 13.419 0 13.416
0.043 0.002 0.045 0.019 0.004 0.024 11.601 0.006 11.604 12.94 0.007 12.943 12.916 0 12.914
0.049 0.001 0.05 0.02 0.004 0.024 12.553 0.003 12.553 13.479 0.005 13.481 13.452 0 13.449
0.049 0.002 0.05 0.023 0.001 0.025 12.615 0.003 12.614 13.515 0.004 13.517 13.51 0 13.508
0.044 0.002 0.046 0.022 0.002 0.024 11.751 0.004 11.752 13.095 0.007 13.099 13.019 0 13.017
0.048 0.002 0.05 0.023 0.001 0.024 12.545 0.005 12.549 13.476 0.003 13.478 13.491 0 13.49
0.048 0.002 0.05 0.022 0.00199999999999999 0.024 12.528 0.005 12.53 13.476 0.006 13.48 13.477 0 13.474
0.045 0.001 0.046 0.021 0.003 0.024 11.772 0.008 11.777 13.281 0.006 13.284 13.704 0.002 13.703
0.05 0.000999999999999994 0.05 0.018 0.00600000000000001 0.023 12.591 0.004 12.592 13.525 0 13.523 13.516 0 13.512
0.049 0.001 0.05 0.019 0.005 0.024 12.592 0.005 12.593 13.523 0.004 13.525 13.478 0.003 13.478
0.048 0.000999999999999994 0.05 0.021 0.003 0.023 11.628 0.005 11.63 12.953 0.006 12.958 12.948 0.001 12.946
0.043 0.003 0.046 0.018 0.006 0.024 11.663 0.005 11.665 13.027 0.00600000000000001 13.031 13.232 0 13.228
0.048 0.005 0.052 0.02 0.004 0.025 12.76 0.008 12.766 13.067 0.00800000000000001 13.071 13.318 0 13.317
0.043 0.002 0.045 0.019 0.005 0.024 11.814 0.008 11.819 12.95 0.00600000000000001 12.953 12.93 0 12.927
0.045 0 0.048 0.022 0.002 0.023 11.76 0.003 11.76 13.049 0.01 13.055 13.02 0 13.018
0.052 0.000999999999999994 0.054 0.018 0.00600000000000001 0.024 12.598 0.006 12.601 13.706 0.00600000000000001 13.711 13.591 0 13.587
0.045 0 0.046 0.021 0.003 0.023 11.661 0.004 11.662 13.103 0.003 13.103 13.503 0 13.5
0.048 0.002 0.049 0.023 0.00199999999999999 0.025 12.555 0.003 12.555 13.468 0.005 13.471 13.478 0 13.475
0.05 0.000999999999999994 0.05 0.021 0.003 0.025 12.53 0.006 12.533 13.438 0.005 13.441 13.408 0.001 13.406
0.043 0.002 0.045 0.018 0.005 0.024 11.606 0.004 11.606 12.991 0.007 12.995 13.117 0 13.115
0.043 0.003 0.046 0.021 0.002 0.023 11.642 0.005 11.644 12.971 0.004 12.972 13.188 0.001 13.186
0.045 0 0.046 0.022 0.003 0.024 11.655 0.006 11.658 12.974 0.00900000000000001 12.98 13.433 0 13.431
0.046 0.004 0.05 0.016 0.008 0.025 12.625 0.00600000000000001 12.627 13.569 0.00599999999999999 13.574 13.524 0.002 13.523
0.05 0 0.051 0.02 0.004 0.024 12.551 0.005 12.552 13.449 0.003 13.45 13.425 0 13.423
0.043 0.003 0.046 0.02 0.004 0.024 12.246 0.005 12.247 13.517 0.004 13.518 13.495 0 13.493
0.05 0 0.05 0.022 0.002 0.024 12.562 0.004 12.561 13.478 0.008 13.485 13.27 0.00199999999999999 13.27
0.048 0.001 0.049 0.016 0.00700000000000001 0.023 12.199 0.006 12.201 13.28 0.006 13.283 13.25 0 13.247
0.044 0.000999999999999994 0.048 0.018 0.00600000000000001 0.024 11.654 0.004 11.655 13.042 0.002 13.041 13.041 0.002 13.04
0.046 0.003 0.049 0.02 0.004 0.024 12.237 0.00800000000000001 12.241 12.988 0.003 12.988 12.885 0 12.883
0.049 0.001 0.05 0.022 0.002 0.024 11.962 0.006 11.965 12.994 0.008 13 12.959 0.001 12.957
0.047 0.00199999999999999 0.049 0.021 0.003 0.024 12.519 0.005 12.52 13.105 0.00799999999999999 13.111 12.966 0.002 12.965
0.048 0.001 0.049 0.021 0.003 0.024 11.93 0.002 11.929 13.021 0.006 13.024 12.992 0 12.99
0.048 0.001 0.05 0.02 0.004 0.024 11.966 0.003 11.966 12.99 0.005 12.991 13.013 0.001 13.012
0.048 0.001 0.049 0.018 0.007 0.025 12.579 0.003 12.579 13.525 0.005 13.528 13.526 0 13.523
0.05 0.001 0.05 0.022 0.00199999999999999 0.024 12.468 0.004 12.468 13.478 0.005 13.482 13.457 0.003 13.457
0.048 0.000999999999999994 0.048 0.019 0.005 0.024 12.548 0.004 12.549 13.473 0.008 13.48 13.409 0 13.405
0.048 0.001 0.05 0.019 0.005 0.024 12.539 0.006 12.541 13.445 0.00600000000000001 13.449 13.438 0.001 13.437
0.047 0.002 0.049 0.025 0 0.025 12.551 0.004 12.552 13.456 0.008 13.462 13.441 0 13.437
0.05 0 0.05 0.019 0.005 0.024 12.495 0.005 12.496 13.415 0.007 13.42 13.393 0 13.39
0.05 0.001 0.05 0.02 0.004 0.024 12.532 0.006 12.535 13.453 0.009 13.46 13.395 0 13.392
0.049 0.001 0.05 0.016 0.008 0.024 12.55 0.002 12.548 13.453 0.006 13.457 13.446 0 13.443
0.044 0.001 0.046 0.017 0.008 0.023 11.613 0.003 11.613 12.974 0.005 12.978 12.976 0 12.972
0.05 0.001 0.05 0.018 0.006 0.024 12.57 0.004 12.571 13.552 0.008 13.557 13.505 0 13.503
0.048 0.002 0.05 0.02 0.004 0.025 12.622 0.004 12.622 13.55 0.006 13.555 13.512 0.002 13.51
0.045 0.000999999999999994 0.046 0.019 0.005 0.024 11.679 0.005 11.681 13.002 0.006 13.005 13.012 0 13.009
0.051 0.001 0.052 0.019 0.00600000000000001 0.025 12.66 0.003 12.661 13.616 0.007 13.623 13.551 0 13.55
0.047 0.003 0.05 0.021 0.003 0.024 12.561 0.003 12.562 13.476 0.005 13.479 13.436 0.001 13.434
0.044 0.001 0.045 0.021 0.002 0.024 11.641 0.004 11.641 13.044 0.003 13.044 13.482 0 13.479
0.048 0.001 0.049 0.02 0.004 0.024 12.372 0.00700000000000001 12.375 12.799 0.006 12.809 12.619 0 12.621
0.069 0.004 0.0730000000000001 0.027 0.00600000000000001 0.0329999999999999 17.287 0.00499999999999999 17.312 18.501 0.014 18.537 18.405 0 18.426
0.068 0.00299999999999999 0.0710000000000001 0.026 0.00800000000000001 0.0339999999999999 17.361 0.005 17.387 18.6 0.011 18.633 18.513 0.001 18.536
0.047 0 0.047 0.023 0.001 0.024 11.617 0.005 11.619 12.926 0.000999999999999994 12.925 13.103 0 13.1
0.044 0.002 0.046 0.019 0.004 0.024 11.752 0.004 11.753 13.573 0.00800000000000001 13.577 13.916 0 13.916
0.046 0 0.045 0.02 0.004 0.024 11.627 0.004 11.629 13.066 0.007 13.069 13.064 0.001 13.062
0.046 0.001 0.047 0.016 0.009 0.025 12.582 0.006 12.585 13.597 0.005 13.601 13.565 0 13.562
0.045 0.002 0.047 0.019 0.005 0.024 11.861 0.004 11.86 13.193 0.006 13.197 13.113 0 13.109
0.048 0.001 0.049 0.018 0.006 0.024 11.631 0.004 11.631 12.924 0.005 12.927 12.918 0 12.914
0.042 0.003 0.045 0.02 0.004 0.024 11.662 0.003 11.662 12.998 0.007 13.002 13.133 0.000999999999999994 13.132
0.049 0 0.048 0.019 0.005 0.024 11.697 0.004 11.699 13.062 0.00600000000000001 13.065 13.223 0 13.22
0.049 0.002 0.052 0.02 0.004 0.024 12.586 0.008 12.6 13.512 0.019 13.548 13.487 0.004 13.49
0.05 0 0.05 0.024 0 0.024 12.623 0.00600000000000001 12.625 13.551 0.005 13.554 13.555 0.001 13.554
0.045 0.001 0.046 0.02 0.004 0.024 11.5 0.004 11.507 12.657 0.003 12.66 12.535 0.001 12.541
0.046 0.001 0.046 0.02 0.003 0.024 12.251 0.001 12.249 13.491 0.009 13.497 13.481 0 13.479
0.05 0 0.05 0.018 0.006 0.024 12.528 0.005 12.53 13.495 0.005 13.498 13.266 0 13.263
0.048 0.001 0.048 0.015 0.008 0.024 12.227 0.003 12.226 13.346 0.01 13.352 13.301 0 13.3
0.048 0.001 0.048 0.017 0.007 0.024 11.747 0.002 11.746 12.967 0.006 12.97 12.865 0 12.863
0.049 0.001 0.049 0.021 0.003 0.024 12.45 0.004 12.451 12.971 0.006 12.973 13.233 0 13.231
0.052 0.000999999999999994 0.053 0.022 0.003 0.024 12.628 0.003 12.627 13.559 0.006 13.564 13.546 0 13.543
0.051 0.002 0.052 0.02 0.004 0.024 12.498 0.005 12.5 13.468 0.01 13.475 13.415 0 13.413
0.05 0 0.05 0.017 0.007 0.024 11.844 0.008 11.857 12.997 0.01 13.012 12.942 0.004 12.952
0.043 0.003 0.045 0.018 0.00600000000000001 0.024 11.631 0.004 11.633 12.922 0.007 12.925 13.103 0 13.102
0.048 0.001 0.049 0.022 0.002 0.024 12.628 0.006 12.63 13.645 0.008 13.651 13.642 0 13.639
0.049 0.001 0.05 0.017 0.007 0.023 12.586 0.004 12.588 13.511 0.00899999999999999 13.517 13.488 0 13.486
0.044 0.005 0.049 0.019 0.005 0.025 11.939 0.005 11.94 13.067 0.00700000000000001 13.071 13.071 0 13.069
0.049 0.001 0.051 0.021 0.003 0.024 11.954 0.002 11.952 12.997 0.003 12.998 12.996 0 12.993
0.052 0.002 0.054 0.02 0.004 0.024 12.531 0.006 12.534 13.48 0.005 13.483 13.435 0 13.432
0.049 0.001 0.051 0.023 0.002 0.024 12.676 0.004 12.676 13.634 0.004 13.637 13.572 0 13.569
0.051 0 0.051 0.023 0.002 0.024 12.627 0.004 12.628 13.559 0.002 13.558 13.536 0 13.535
0.052 0 0.052 0.018 0.007 0.024 12.498 0.005 12.499 13.412 0.005 13.415 13.406 0 13.404
0.049 0.001 0.049 0.019 0.005 0.024 12.574 0.005 12.584 13.495 0.008 13.511 13.469 0 13.476
0.047 0.004 0.05 0.018 0.00600000000000001 0.024 12.569 0.004 12.57 13.461 0.007 13.466 13.424 0 13.421
0.043 0.002 0.045 0.022 0.00199999999999999 0.024 11.563 0.005 11.565 12.995 0.009 13 12.929 0 12.927
0.051 0 0.05 0.021 0.003 0.025 12.62 0.005 12.621 13.514 0.008 13.52 13.495 0 13.492
0.051 0.000999999999999994 0.053 0.022 0.002 0.024 12.513 0.005 12.514 13.437 0.005 13.44 13.438 0 13.436
0.044 0.000999999999999994 0.046 0.016 0.008 0.023 11.631 0.00700000000000001 11.636 13.001 0.01 13.008 12.957 0 12.954
0.051 0 0.05 0.021 0.003 0.025 12.552 0.006 12.556 13.485 0.004 13.489 13.455 0 13.454
0.048 0.002 0.05 0.021 0.004 0.025 12.543 0.004 12.543 13.477 0.007 13.482 13.45 0 13.447
0.05 0.001 0.052 0.019 0.006 0.024 12.019 0.005 12.02 12.993 0.005 12.995 12.915 0 12.913
0.045 0 0.046 0.019 0.005 0.024 11.662 0.003 11.661 12.986 0.007 12.992 13.425 0.00199999999999999 13.424
0.047 0.004 0.05 0.022 0.002 0.024 12.652 0.005 12.653 13.594 0.004 13.596 13.532 0 13.53
0.049 0.001 0.051 0.02 0.004 0.024 12.505 0.004 12.506 13.417 0.004 13.418 13.382 0 13.379
0.045 0 0.045 0.018 0.005 0.023 11.506 0.003 11.507 12.694 0.006 12.697 12.657 0 12.655
0.049 0 0.049 0.02 0.004 0.024 12.727 0.007 12.731 13.583 0.007 13.59 13.034 0 13.031
0.042 0.003 0.045 0.019 0.005 0.024 11.757 0.00799999999999999 11.761 13.216 0.005 13.219 13.003 0 12.999
0.065 0.000999999999999994 0.067 0.021 0.008 0.029 12.612 0.014 12.67 13.698 0.032 13.768 13.594 0.057 13.692
0.056 0.003 0.0590000000000001 0.023 0.002 0.025 11.757 0.006 11.76 13.056 0.004 13.057 13.007 0.001 13.005
0.05 0 0.05 0.019 0.005 0.024 12.026 0.003 12.026 13.063 0.005 13.065 12.997 0.003 12.998
0.049 0 0.05 0.022 0.00199999999999999 0.023 11.71 0.00800000000000001 11.716 12.953 0.006 12.956 12.968 0 12.965
0.046 0.003 0.05 0.016 0.008 0.023 11.686 0.011 11.703 12.947 0.00800000000000001 12.963 12.98 0.003 12.99
0.049 0.001 0.051 0.021 0.003 0.023 12.41 0.005 12.412 13.22 0.004 13.221 13.217 0 13.214
0.048 0.002 0.05 0.018 0.006 0.024 12.47 0.004 12.472 13.455 0.006 13.458 13.442 0 13.439
0.047 0.002 0.049 0.018 0.006 0.024 12.373 0.005 12.375 12.967 0.007 12.973 13.11 0 13.106
0.046 0 0.046 0.021 0.003 0.024 12.258 0.006 12.26 13.53 0.006 13.533 13.467 0 13.466
0.045 0.005 0.05 0.017 0.006 0.024 12.374 0.004 12.374 13.166 0.004 13.167 13.015 0 13.012
0.047 0.001 0.048 0.02 0.003 0.024 12.146 0.006 12.149 13.252 0 13.248 13.211 0 13.208
0.044 0.002 0.046 0.02 0.004 0.023 11.537 0.008 11.543 12.966 0.005 12.968 12.971 0.001 12.969
0.068 0.001 0.0690000000000001 0.031 0.003 0.0339999999999999 17.138 0.00600000000000001 17.164 18.417 0.01 18.449 18.361 0 18.383
0.069 0.001 0.0700000000000001 0.029 0.004 0.0329999999999999 17.221 0.00499999999999999 17.246 18.462 0.01 18.493 18.382 0 18.404
0.044 0.001 0.045 0.016 0.007 0.024 11.57 0.004 11.57 12.95 0.00899999999999999 12.956 13.297 0 13.294
0.048 0.001 0.05 0.019 0.00600000000000001 0.024 12.517 0.005 12.518 13.428 0.005 13.431 13.396 0 13.394
0.049 0.00199999999999999 0.051 0.018 0.006 0.024 12.495 0.004 12.495 13.43 0.005 13.434 13.383 0 13.38
0.043 0.002 0.045 0.021 0.003 0.024 11.614 0.005 11.616 13.029 0.004 13.031 13.206 0 13.203
0.043 0.00199999999999999 0.045 0.021 0.003 0.024 11.61 0.003 11.61 12.97 0.007 12.975 13.459 0.001 13.457
0.049 0.001 0.05 0.019 0.005 0.024 12.541 0.005 12.542 13.475 0.003 13.476 13.412 0.00199999999999999 13.412
0.05 0 0.05 0.023 0.001 0.024 12.572 0.003 12.572 13.514 0.003 13.514 13.506 0 13.503
0.046 0.002 0.048 0.024 0.001 0.025 11.631 0.006 11.634 12.995 0.002 12.994 13.12 0 13.118
0.045 0.001 0.046 0.019 0.005 0.023 11.731 0.004 11.733 13.037 0.009 13.042 13.202 0.001 13.202
0.048 0.002 0.05 0.023 0.002 0.024 12.533 0.007 12.538 13.47 0.005 13.473 13.466 0.001 13.466
0.05 0 0.05 0.019 0.005 0.024 12.541 0.004 12.542 13.438 0.006 13.442 13.463 0 13.46
0.05 0 0.05 0.018 0.006 0.024 12.472 0.006 12.475 13.397 0.008 13.401 13.372 0 13.371
0.05 0.003 0.053 0.019 0.005 0.023 12.501 0.006 12.505 13.424 0.003 13.425 13.39 0 13.387
0.043 0.002 0.045 0.017 0.007 0.024 11.601 0.001 11.599 12.979 0.008 12.984 12.951 0 12.949
0.047 0.00199999999999999 0.049 0.02 0.004 0.025 11.971 0.006 11.973 12.995 0.004 12.996 12.959 0 12.956
0.068 0.002 0.0700000000000001 0.025 0.00799999999999999 0.0329999999999999 17.139 0.005 17.164 18.395 0.011 18.428 18.316 0 18.338
0.043 0.002 0.045 0.02 0.004 0.024 11.626 0.006 11.628 12.969 0.00600000000000001 12.973 12.949 0 12.946
0.051 0.001 0.05 0.02 0.003 0.024 12.339 0.00600000000000001 12.341 13.057 0.005 13.06 12.969 0 12.966
0.05 0 0.05 0.02 0.004 0.024 11.973 0.006 11.976 12.97 0.008 12.976 12.967 0 12.966
0.044 0.001 0.045 0.021 0.003 0.024 11.775 0.00600000000000001 11.777 13.204 0.005 13.206 13.636 0 13.633
0.044 0.001 0.046 0.023 0.001 0.023 11.648 0.005 11.65 12.985 0.004 12.987 12.983 0 12.979
0.047 0 0.047 0.018 0.005 0.023 12.46 0.00199999999999999 12.467 13.632 0.002 13.64 13.637 0 13.643
0.042 0.003 0.045 0.02 0.004 0.024 11.75 0.007 11.754 13.093 0.003 13.092 13.036 0 13.033
0.048 0.002 0.05 0.019 0.004 0.024 12.452 0.006 12.455 13.075 0.006 13.077 12.966 0 12.963
0.046 0.004 0.051 0.016 0.007 0.023 11.931 0.007 11.935 12.973 0.007 12.977 12.925 0 12.923
0.047 0.002 0.05 0.018 0.00600000000000001 0.024 11.916 0.005 11.918 12.981 0.005 12.983 12.92 0 12.918
0.05 0.001 0.051 0.02 0.004 0.025 12.543 0.003 12.542 13.477 0.003 13.478 13.446 0 13.444
0.049 0.002 0.052 0.02 0.004 0.023 12.359 0.008 12.364 13.406 0.008 13.412 13.403 0 13.4
0.046 0 0.046 0.018 0.00600000000000001 0.024 12.199 0.005 12.202 13.477 0.005 13.479 13.459 0 13.456
0.047 0.002 0.049 0.017 0.007 0.024 12.52 0.002 12.519 13.447 0.007 13.452 13.242 0.000999999999999994 13.24
0.047 0.003 0.05 0.02 0.005 0.025 12.543 0.002 12.542 13.491 0.002 13.491 13.456 0 13.454
0.05 0 0.05 0.022 0.003 0.025 12.56 0.003 12.559 13.487 0.006 13.492 13.457 0 13.453
0.045 0 0.046 0.014 0.01 0.023 11.596 0.013 11.615 12.899 0.063 12.967 12.921 0.00800000000000001 12.93
0.044 0.002 0.046 0.017 0.006 0.023 12.231 0.005 12.233 13.548 0.007 13.551 13.489 0.002 13.491
0.047 0.003 0.051 0.02 0.004 0.024 12.551 0.005 12.552 13.504 0.006 13.509 13.257 0 13.254
0.043 0.003 0.046 0.019 0.005 0.024 12.251 0.006 12.253 13.575 0.004 13.576 13.553 0 13.551
0.049 0.001 0.05 0.021 0.003 0.024 12.492 0.009 12.497 13.517 0.007 13.522 13.28 0.001 13.278
0.045 0.001 0.047 0.022 0.00199999999999999 0.023 11.608 0.003 11.609 12.968 0.009 12.974 12.927 0 12.924
0.045 0 0.045 0.021 0.003 0.024 11.64 0.001 11.638 12.967 0.006 12.97 13.223 0.002 13.222
0.048 0.003 0.052 0.018 0.006 0.024 12.551 0.004 12.551 13.492 0.006 13.497 13.496 0 13.493
0.053 0 0.053 0.02 0.004 0.024 12.503 0.004 12.504 13.424 0.00600000000000001 13.429 13.39 0 13.386
0.05 0 0.05 0.017 0.007 0.024 12.633 0.004 12.635 13.588 0.006 13.592 13.601 0 13.598
0.05 0 0.05 0.019 0.005 0.024 12.497 0.006 12.5 13.472 0.004 13.474 13.429 0 13.426
0.044 0.002 0.046 0.018 0.005 0.024 11.639 0.004 11.639 13.062 0.004 13.063 13.067 0 13.064
0.045 0 0.045 0.019 0.005 0.023 11.582 0.006 11.585 12.938 0.002 12.938 12.959 0 12.956
0.043 0.00199999999999999 0.045 0.02 0.004 0.024 11.589 0.005 11.591 12.882 0.004 12.882 12.923 0 12.921
0.044 0.001 0.045 0.019 0.005 0.024 11.626 0.007 11.63 12.951 0.007 12.955 12.947 0 12.945
0.046 0 0.046 0.02 0.004 0.024 11.721 0.003 11.721 13.276 0.006 13.279 13.29 0.001 13.288
0.045 0.005 0.051 0.02 0.005 0.024 12.575 0.006 12.579 13.468 0.008 13.474 13.401 0 13.398
0.049 0.001 0.051 0.024 0.001 0.024 12.563 0.003 12.563 13.502 0.005 13.506 13.459 0 13.456
0.047 0.003 0.05 0.023 0.001 0.024 12.559 0.005 12.561 13.511 0.006 13.515 13.458 0 13.455
0.05 0 0.051 0.021 0.003 0.024 12.558 0.004 12.559 13.463 0.005 13.466 13.46 0 13.457
0.044 0.001 0.046 0.023 0.001 0.023 11.582 0.004 11.584 12.967 0.005 12.968 12.938 0 12.935
0.04 0.005 0.045 0.02 0.004 0.024 11.626 0.003 11.625 12.994 0.007 12.999 12.927 0 12.925
0.045 0 0.045 0.019 0.004 0.024 11.571 0.00600000000000001 11.573 12.917 0.003 12.918 13.279 0 13.276
0.05 0 0.051 0.02 0.004 0.024 12.555 0.005 12.555 13.467 0.006 13.471 13.473 0 13.471
0.049 0.002 0.05 0.015 0.008 0.024 12.539 0.002 12.538 13.486 0.00899999999999999 13.492 13.462 0 13.459
0.049 0.001 0.051 0.017 0.008 0.024 12.055 0.00600000000000001 12.059 12.994 0.01 13 13.159 0 13.156
0.048 0.001 0.048 0.021 0.003 0.024 12.164 0.004 12.166 13.314 0.004 13.314 13.26 0.001 13.258
0.043 0.002 0.045 0.019 0.005 0.024 11.623 0.00600000000000001 11.626 12.95 0.003 12.95 13.034 0 13.031
0.065 0.001 0.0670000000000001 0.025 0.008 0.0329999999999999 17.1 0.00699999999999999 17.127 18.435 0.00600000000000001 18.462 18.374 0 18.397
0.071 0.001 0.072 0.028 0.00499999999999999 0.033 17.314 0.004 17.338 18.513 0.00700000000000001 18.542 18.371 0.001 18.394
0.068 0.001 0.0700000000000001 0.029 0.005 0.0339999999999999 16.993 0.00600000000000001 17.017 18.172 0.011 18.206 18.1 0 18.121
0.046 0 0.046 0.018 0.006 0.024 11.648 0.005 11.65 13.032 0.005 13.035 13.177 0 13.174
0.05 0.002 0.052 0.02 0.004 0.025 12.793 0.002 12.792 13.655 0.004 13.656 13.038 0.001 13.038
0.042 0.003 0.045 0.019 0.005 0.024 11.736 0.00600000000000001 11.738 13.109 0.005 13.111 12.942 0.002 12.941
0.045 0.001 0.046 0.017 0.007 0.024 11.759 0.004 11.759 13.057 0.004 13.058 13.014 0 13.012
0.052 0.001 0.054 0.02 0.004 0.024 12.604 0.005 12.606 13.631 0.01 13.64 13.633 0.001 13.63
0.045 0.000999999999999994 0.045 0.018 0.005 0.024 11.661 0.005 11.662 12.947 0.00700000000000001 12.951 13.126 0 13.124
0.046 0 0.046 0.018 0.006 0.024 11.698 0.006 11.701 13.036 0.004 13.037 13.171 0 13.169
0.047 0 0.047 0.021 0.003 0.024 11.752 0.004 11.752 13.038 0.007 13.043 13.218 0 13.216
0.044 0.00199999999999999 0.046 0.02 0.003 0.024 11.695 0.004 11.695 13.045 0.00799999999999999 13.051 13.195 0 13.191
0.044 0 0.045 0.016 0.008 0.024 11.633 0.006 11.636 12.985 0.005 12.987 12.956 0.001 12.955
0.048 0.001 0.049 0.02 0.004 0.025 12.544 0.004 12.544 13.454 0.005 13.457 13.441 0 13.438
0.05 0.000999999999999994 0.05 0.016 0.00800000000000001 0.024 12.545 0.00799999999999999 12.55 13.484 0.003 13.485 13.474 0 13.471
0.045 0 0.046 0.019 0.005 0.023 11.608 0.005 11.611 12.97 0.004 12.97 12.91 0 12.908
0.051 0.001 0.052 0.024 0.000999999999999994 0.024 12.531 0.01 12.54 13.451 0.00600000000000001 13.457 13.429 0 13.429
0.046 0.004 0.05 0.022 0.003 0.024 12.563 0.006 12.566 13.524 0.01 13.532 13.494 0 13.49
0.05 0 0.049 0.02 0.003 0.024 12.266 0.004 12.266 12.933 0.005 12.935 12.927 0 12.924
0.048 0.002 0.049 0.02 0.004 0.024 11.886 0.00600000000000001 11.889 12.95 0.005 12.953 12.947 0 12.944
0.049 0.002 0.051 0.024 0 0.024 12.585 0.005 12.587 13.544 0.003 13.545 13.522 0 13.519
0.049 0.002 0.051 0.017 0.007 0.024 12.57 0.002 12.569 13.517 0.007 13.522 13.457 0 13.453
0.047 0.003 0.05 0.018 0.007 0.024 12.021 0.004 12.022 13.07 0.005 13.074 13.054 0 13.05
0.044 0.005 0.049 0.019 0.005 0.024 11.877 0.004 11.878 12.938 0.004 12.939 12.94 0 12.937
0.049 0.001 0.05 0.019 0.005 0.024 11.902 0.004 11.903 12.961 0.007 12.965 12.982 0 12.979
0.049 0 0.049 0.018 0.006 0.024 11.991 0.004 11.993 13.056 0.005 13.058 13.045 0 13.042
0.05 0.001 0.05 0.02 0.004 0.024 11.912 0.004 11.914 12.956 0.005 12.959 12.983 0 12.979
0.05 0.001 0.051 0.023 0.001 0.024 12.582 0.005 12.584 13.483 0.002 13.482 13.458 0.001 13.456
0.049 0.000999999999999994 0.051 0.021 0.003 0.024 12.59 0.003 12.59 13.495 0.004 13.497 13.463 0.001 13.461
0.042 0.003 0.045 0.018 0.005 0.024 11.586 0.007 11.59 13.101 0.004 13.103 13.431 0 13.427
0.051 0 0.051 0.021 0.003 0.024 12.581 0.005 12.583 13.495 0.004 13.497 13.518 0 13.515
0.05 0 0.05 0.021 0.003 0.024 12.513 0.006 12.516 13.484 0.005 13.487 13.449 0.001 13.448
0.043 0.002 0.045 0.019 0.005 0.024 11.571 0.005 11.572 12.886 0.003 12.888 12.878 0 12.875
0.046 0 0.045 0.017 0.006 0.024 11.594 0.006 11.596 12.916 0.005 12.918 12.885 0 12.883
0.043 0.002 0.045 0.019 0.00600000000000001 0.024 11.686 0.005 11.688 13.039 0.008 13.045 13.419 0 13.417
0.047 0.00199999999999999 0.05 0.018 0.00600000000000001 0.024 12.525 0.005 12.527 13.492 0.003 13.493 13.424 0 13.421
0.049 0.002 0.051 0.02 0.004 0.023 12.561 0.002 12.56 13.526 0.004 13.528 13.463 0 13.461
0.047 0.002 0.048 0.02 0.003 0.024 12.261 0.006 12.264 13.374 0.004 13.375 13.356 0.001 13.354
0.046 0 0.045 0.019 0.005 0.024 11.802 0.011 11.832 13.28 0.022 13.325 12.993 0 13.001
0.063 0.003 0.0660000000000001 0.028 0.005 0.0329999999999999 16.559 0.01 16.588 17.937 0.00699999999999999 17.966 17.914 0.001 17.936
0.043 0.00199999999999999 0.045 0.018 0.00600000000000001 0.024 11.589 0.006 11.592 12.941 0.001 12.94 13.142 0 13.138
0.047 0.003 0.049 0.017 0.007 0.024 11.637 0.002 11.638 12.929 0.006 12.932 13.126 0 13.124
0.045 0.001 0.046 0.022 0.002 0.023 11.809 0.003 11.809 13.152 0.003 13.152 13.705 0.001 13.703
0.045 0 0.046 0.017 0.007 0.024 11.655 0.007 11.658 13.102 0.003 13.103 13.125 0 13.121
0.045 0 0.046 0.02 0.004 0.023 12.309 0.011 12.317 12.868 0.006 12.878 12.841 0.002 12.842
0.044 0.001 0.046 0.02 0.004 0.023 11.693 0.002 11.693 12.955 0.003 12.954 13.152 0.001 13.15
0.049 0.001 0.049 0.018 0.005 0.024 11.556 0.009 11.561 12.86 0.004 12.863 13.067 0 13.063
0.045 0.00199999999999999 0.047 0.023 0.002 0.024 11.738 0.009 11.744 13.085 0.00700000000000001 13.089 13.234 0 13.231
0.049 0.001 0.049 0.018 0.006 0.024 11.687 0.00700000000000001 11.692 13.101 0.005 13.102 13.235 0 13.232
0.05 0 0.05 0.017 0.007 0.024 11.606 0.007 11.609 12.938 0.004 12.94 13.106 0 13.103
0.049 0.001 0.05 0.02 0.004 0.023 12.477 0.003 12.478 13.024 0.005 13.026 12.828 0 12.826
0.044 0.001 0.045 0.021 0.002 0.024 11.576 0.005 11.577 12.895 0.001 12.893 12.87 0 12.867
0.045 0 0.046 0.022 0.00199999999999999 0.023 11.616 0.00600000000000001 11.62 12.989 0.001 12.987 12.932 0 12.93
0.052 0.001 0.054 0.021 0.00199999999999999 0.024 12.566 0.004 12.565 13.474 0.007 13.479 13.466 0 13.462
0.052 0.001 0.053 0.02 0.004 0.024 12.5 0.003 12.499 13.415 0.003 13.417 13.372 0 13.368
0.044 0.001 0.045 0.023 0.001 0.024 11.719 0.004 11.719 13.092 0.005 13.095 13.029 0.001 13.027
0.047 0.00199999999999999 0.049 0.022 0.003 0.025 12.594 0.002 12.592 13.533 0.007 13.538 13.468 0 13.465
0.051 0 0.051 0.022 0.002 0.024 12.596 0.002 12.595 13.495 0.003 13.496 13.465 0 13.462
0.05 0 0.05 0.021 0.003 0.024 11.995 0.00600000000000001 11.997 12.963 0.008 12.968 13.194 0 13.192
0.049 0 0.049 0.019 0.005 0.025 12.553 0.004 12.553 13.469 0.005 13.472 13.431 0.001 13.429
0.049 0.001 0.05 0.019 0.005 0.024 12.602 0.004 12.603 13.533 0.002 13.533 13.472 0 13.469
0.048 0.002 0.05 0.022 0.002 0.024 12.324 0.006 12.327 12.953 0.003 12.953 12.928 0 12.927
0.046 0 0.045 0.017 0.00600000000000001 0.024 11.685 0.01 11.692 13.017 0.005 13.018 12.986 0 12.984
0.05 0 0.05 0.023 0.001 0.024 11.91 0.003 11.91 12.962 0.011 12.97 13.011 0 13.009
0.05 0 0.049 0.021 0.003 0.024 11.866 0.004 11.874 12.68 0.00199999999999999 12.68 12.59 0.001 12.597
0.048 0.003 0.05 0.018 0.006 0.024 11.974 0.003 11.974 12.979 0.005 12.981 13.007 0 13.005
0.049 0.001 0.05 0.016 0.008 0.024 11.955 0.003 11.955 12.973 0.003 12.973 12.969 0 12.966
0.048 0.002 0.05 0.022 0.002 0.024 11.858 0.005 11.859 12.949 0.006 12.953 12.966 0 12.963
0.05 0 0.05 0.02 0.004 0.024 11.936 0.007 11.94 13.005 0.005 13.007 13.006 0 13.004
0.048 0.001 0.05 0.019 0.005 0.024 11.957 0.005 11.959 13.019 0.007 13.023 13.014 0 13.012
0.049 0.001 0.052 0.02 0.004 0.024 12.568 0.003 12.567 13.535 0.001 13.534 13.515 0.001 13.514
0.048 0.00199999999999999 0.05 0.021 0.003 0.024 12.566 0.003 12.566 13.463 0.00899999999999999 13.47 13.473 0 13.47
0.042 0.003 0.045 0.017 0.007 0.024 11.629 0.003 11.63 12.953 0.003 12.953 13.19 0.002 13.189
0.044 0.001 0.045 0.02 0.003 0.023 11.608 0.007 11.612 12.976 0.005 12.978 12.914 0 12.911
0.046 0 0.047 0.016 0.008 0.024 11.619 0.005 11.62 12.939 0.008 12.945 12.932 0.001 12.93
0.049 0 0.049 0.016 0.00700000000000001 0.023 12.171 0.005 12.172 13.278 0.005 13.28 13.235 0.003 13.235
0.041 0.003 0.044 0.019 0.004 0.023 11.593 0.004 11.594 12.625 0.008 12.63 12.613 0 12.611
0.064 0.00299999999999999 0.0670000000000001 0.026 0.00700000000000001 0.0329999999999999 16.679 0.01 16.71 18.087 0.00700000000000001 18.114 18.02 0.001 18.044
0.067 0.001 0.0680000000000001 0.029 0.004 0.0329999999999999 16.81 0.00499999999999999 16.834 18.118 0.011 18.151 18.072 0.001 18.094
0.068 0.001 0.0680000000000001 0.03 0.003 0.0329999999999999 16.839 0.005 16.863 18.213 0.011 18.247 18.139 0.002 18.161
0.063 0.003 0.0660000000000001 0.028 0.005 0.0329999999999999 16.552 0.00699999999999999 16.578 17.899 0.00800000000000001 17.928 17.876 0.001 17.899
0.048 0.001 0.05 0.021 0.003 0.024 12.049 0.003 12.048 12.986 0.003 12.986 12.946 0 12.944
0.046 0 0.046 0.019 0.004 0.023 11.63 0.004 11.63 12.935 0.007 12.94 13.039 0 13.035
0.049 0.001 0.05 0.016 0.008 0.024 11.551 0.006 11.555 12.934 0.003 12.934 12.92 0 12.918
0.041 0.004 0.045 0.019 0.005 0.024 11.709 0.005 11.71 13.036 0.008 13.041 13.083 0 13.08
0.044 0.002 0.045 0.02 0.004 0.024 12.647 0.003 12.646 13.704 0.002 13.705 13.485 0 13.481
0.048 0.002 0.051 0.018 0.006 0.024 11.641 0.00700000000000001 11.645 12.905 0.00699999999999999 12.909 12.93 0 12.927
0.046 0.001 0.046 0.021 0.003 0.024 11.59 0.008 11.602 12.671 0.00600000000000001 12.675 12.569 0 12.573
0.047 0.003 0.051 0.023 0.001 0.024 11.706 0.003 11.706 13.016 0.005 13.018 13.052 0 13.049
0.048 0.001 0.049 0.019 0.005 0.024 11.677 0.005 11.679 12.907 0.006 12.91 12.924 0.001 12.923
0.05 0 0.05 0.022 0.002 0.024 11.7 0.004 11.701 13.026 0.005 13.029 13.03 0 13.027
0.048 0.002 0.05 0.018 0.006 0.023 11.667 0.003 11.668 12.981 0.01 12.987 12.946 0 12.944
0.049 0 0.049 0.016 0.008 0.024 12.028 0.004 12.03 12.893 0.007 12.898 12.941 0 12.939
0.05 0 0.05 0.021 0.004 0.024 12.621 0.008 12.626 13.521 0.00600000000000001 13.526 13.491 0.001 13.488
0.051 0 0.051 0.019 0.00600000000000001 0.024 12.526 0.005 12.527 13.411 0.01 13.421 13.412 0 13.408
0.045 0 0.045 0.021 0.003 0.024 11.626 0.006 11.629 12.949 0.004 12.95 12.89 0 12.889
0.05 0 0.05 0.021 0.003 0.024 12.612 0.002 12.612 13.483 0.009 13.492 13.492 0.001 13.491
0.05 0 0.05 0.018 0.00600000000000001 0.024 12.642 0.003 12.642 13.555 0.004 13.557 13.565 0 13.562
0.042 0.003 0.045 0.022 0.002 0.024 11.58 0.007 11.584 12.892 0.006 12.895 12.87 0 12.867
0.051 0.001 0.052 0.02 0.004 0.024 12.567 0.004 12.567 13.486 0.005 13.489 13.5 0 13.497
0.048 0.002 0.05 0.02 0.004 0.024 12.506 0.00600000000000001 12.508 13.494 0.006 13.498 13.457 0 13.455
0.051 0.002 0.053 0.021 0.003 0.024 11.7 0.004 11.701 13.032 0.003 13.032 13.17 0.002 13.169
0.044 0.001 0.045 0.018 0.006 0.024 11.61 0.006 11.613 12.912 0.00600000000000001 12.916 13.066 0.000999999999999994 13.064
0.043 0.002 0.046 0.021 0.003 0.023 11.613 0.00600000000000001 11.616 12.959 0.006 12.964 13.071 0 13.067
0.047 0 0.046 0.022 0.00199999999999999 0.024 11.476 0.00600000000000001 11.485 12.73 0.004 12.738 12.732 0 12.733
0.046 0 0.046 0.021 0.003 0.023 11.608 0.006 11.611 12.891 0.004 12.892 12.961 0 12.961
0.047 0 0.047 0.019 0.005 0.024 11.806 0.008 11.811 13.105 0.002 13.105 13.279 0 13.275
0.045 0.000999999999999994 0.046 0.019 0.005 0.024 11.615 0.008 11.62 12.984 0.006 12.987 13.132 0 13.128
0.047 0.00199999999999999 0.049 0.021 0.003 0.024 11.684 0.004 11.684 12.931 0.005 12.934 13.104 0 13.101
0.045 0.001 0.046 0.021 0.003 0.024 11.634 0.005 11.636 12.971 0.004 12.972 13.159 0 13.157
0.05 0.004 0.053 0.021 0.003 0.025 12.564 0.005 12.565 13.539 0.005 13.542 13.501 0 13.499
0.051 0.002 0.053 0.023 0.001 0.024 12.499 0.005 12.501 13.466 0.004 13.469 13.465 0 13.462
0.046 0.003 0.05 0.02 0.004 0.023 11.567 0.007 11.571 12.956 0.005 12.959 13.058 0 13.054
0.045 0 0.045 0.021 0.003 0.024 11.674 0.008 11.679 12.979 0.005 12.981 12.966 0.001 12.963
0.049 0.001 0.05 0.019 0.005 0.024 11.904 0.008 11.909 13.022 0.004 13.023 13.008 0.001 13.006
0.048 0.002 0.05 0.018 0.006 0.024 11.866 0.004 11.868 13.004 0.005 13.005 13.041 0.001 13.04
0.045 0.001 0.046 0.022 0.002 0.024 12.179 0.004 12.18 13.585 0.005 13.588 13.554 0 13.551
0.049 0.001 0.05 0.021 0.003 0.024 12.629 0.003 12.629 13.615 0.005 13.618 13.355 0 13.352
0.049 0 0.049 0.019 0.004 0.024 12.176 0.005 12.176 13.257 0.005 13.259 13.231 0 13.23
0.043 0.00199999999999999 0.045 0.02 0.003 0.023 11.612 0.004 11.613 13.05 0.005 13.052 13.065 0 13.062
0.053 0.002 0.272 0.021 0.00299999999999999 0.024 12.514 0.00600000000000001 12.517 13.55 0.00800000000000001 13.556 13.502 0 13.499
0.045 0.005 0.281 0.023 0.000999999999999994 0.0239999999999999 11.744 0.00600000000000001 11.747 13.108 0.01 13.115 13.585 0 13.582
0.051 0.003 0.272 0.019 0.005 0.024 12.516 0.00700000000000001 12.519 13.465 0.00499999999999999 13.469 13.416 0 13.413
0.049 0.002 0.05 0.02 0.004 0.025 11.863 0.002 11.862 12.96 0.007 12.964 12.99 0 12.988
0.044 0.001 0.045 0.016 0.008 0.024 11.858 0.005 11.858 12.948 0.00700000000000001 12.952 12.97 0.003 12.97
0.045 0 0.045 0.021 0.003 0.024 12.618 0.004 12.618 13.132 0.007 13.136 13.448 0 13.447
0.048 0.002 0.05 0.018 0.007 0.024 11.909 0.004 11.909 13.052 0.008 13.057 13.101 0 13.1
0.049 0.001 0.05 0.019 0.005 0.024 11.74 0.00600000000000001 11.75 12.648 0.00199999999999999 12.65 12.572 0 12.578
0.049 0.001 0.05 0.019 0.005 0.024 11.97 0.004 11.97 13.011 0.007 13.016 13.062 0 13.06
0.046 0.003 0.05 0.021 0.004 0.024 11.911 0.005 11.913 12.992 0.01 12.999 13.038 0 13.036
0.048 0.001 0.049 0.02 0.004 0.025 11.996 0.005 11.996 12.988 0.00800000000000001 12.994 13.036 0.001 13.034
0.047 0.003 0.051 0.019 0.005 0.023 11.918 0.004 11.92 12.995 0.005 12.997 13.059 0 13.056
0.046 0.004 0.05 0.019 0.005 0.024 11.822 0.00700000000000001 11.827 12.933 0.007 12.938 12.944 0 12.943
0.049 0.001 0.051 0.02 0.005 0.024 12.749 0.003 12.75 13.673 0.00600000000000001 13.679 13.652 0 13.652
0.05 0.002 0.051 0.021 0.003 0.024 12.54 0.006 12.542 13.488 0.006 13.492 13.481 0 13.478
0.047 0.003 0.05 0.022 0.00199999999999999 0.024 12.698 0.003 12.698 13.594 0.01 13.601 13.616 0.002 13.616
0.05 0 0.05 0.018 0.005 0.024 12.498 0.005 12.499 13.464 0.002 13.464 13.413 0 13.41
0.049 0 0.049 0.022 0.002 0.024 11.67 0.007 11.674 12.913 0.005 12.916 13.033 0 13.031
0.047 0.003 0.05 0.02 0.004 0.024 11.685 0.005 11.687 12.952 0.008 12.958 13.065 0 13.062
0.05 0 0.05 0.021 0.003 0.024 12.475 0.007 12.479 12.951 0.008 12.956 12.9 0 12.897
0.065 0.001 0.0670000000000001 0.026 0.00799999999999999 0.0329999999999999 16.444 0.00900000000000001 16.473 17.886 0.00799999999999999 17.914 17.86 0 17.882
0.065 0.001 0.0650000000000001 0.03 0.002 0.0339999999999999 16.484 0.011 16.513 17.955 0.014 17.991 17.876 0 17.897
0.043 0.00199999999999999 0.046 0.018 0.00600000000000001 0.024 11.663 0.004 11.664 12.938 0.003 12.939 12.924 0.001 12.922
0.048 0.00199999999999999 0.049 0.02 0.004 0.024 11.688 0.005 11.691 12.909 0.008 12.915 12.99 0.002 12.988
0.046 0 0.046 0.019 0.004 0.023 11.58 0.005 11.588 12.603 0.006 12.609 12.592 0 12.594
0.047 0.003 0.05 0.022 0.00199999999999999 0.024 11.617 0.009 11.623 12.952 0.006 12.955 13.057 0.001 13.055
0.047 0.002 0.049 0.013 0.011 0.024 11.715 0.003 11.715 12.951 0.00600000000000001 12.954 13.02 0 13.017
0.049 0.001 0.05 0.022 0.00199999999999999 0.024 11.616 0.004 11.617 12.939 0.008 12.944 13.027 0 13.024
0.048 0.001 0.05 0.021 0.003 0.024 11.746 0.002 11.744 13.009 0.005 13.012 13.145 0 13.142
0.05 0 0.049 0.019 0.005 0.024 11.632 0.003 11.632 12.954 0.007 12.958 13.001 0 12.998
0.05 0.001 0.05 0.02 0.004 0.024 12.6 0.005 12.602 13.532 0.005 13.535 13.497 0.001 13.496
0.05 0 0.05 0.02 0.004 0.024 12.688 0.005 12.69 13.621 0.004 13.622 13.619 0 13.617
0.049 0.001 0.049 0.019 0.004 0.024 11.641 0.005 11.643 12.988 0.005 12.99 13.058 0 13.055
0.049 0.000999999999999994 0.05 0.022 0.002 0.024 11.697 0.004 11.698 12.969 0.005 12.97 12.96 0 12.958
0.045 0 0.045 0.018 0.006 0.024 11.646 0.005 11.647 13.008 0.003 13.009 12.973 0 12.971
0.046 0 0.046 0.019 0.005 0.024 11.578 0.006 11.581 12.941 0.003 12.941 13.135 0 13.132
0.048 0.002 0.05 0.019 0.004 0.024 12.579 0.005 12.579 13.515 0.003 13.517 13.478 0 13.474
0.049 0.001 0.051 0.019 0.004 0.023 12.508 0.004 12.509 13.471 0.008 13.477 13.48 0 13.477
0.049 0.000999999999999994 0.05 0.021 0.003 0.024 11.851 0.008 11.854 13.029 0.003 13.031 13.065 0.001 13.063
0.049 0.000999999999999994 0.05 0.022 0.002 0.025 11.786 0.004 11.786 13.026 0.003 13.026 13.039 0 13.036
0.044 0.002 0.046 0.017 0.007 0.024 12.263 0.039 12.311 13.481 0.041 13.531 13.488 0.003 13.497
0.049 0.000999999999999994 0.051 0.021 0.003 0.024 12.582 0.002 12.58 13.528 0.002 13.528 13.322 0 13.32
0.049 0 0.048 0.02 0.004 0.024 12.181 0.003 12.18 13.245 0.008 13.251 13.241 0 13.238
0.05 0 0.051 0.024 0.003 0.026 11.92 0.02 11.965 13.326 0.016 13.361 12.859 0.003 12.862
0.049 0.001 0.05 0.018 0.006 0.024 11.79 0.003 11.791 13.048 0.007 13.053 13.045 0 13.041
0.044 0.002 0.046 0.017 0.006 0.023 12.09 0.022 12.124 13.909 0.024 13.962 13.814 0.00599999999999999 13.841
0.047 0 0.047 0.019 0.004 0.024 11.594 0.006 11.597 13.043 0.009 13.049 13.089 0 13.085
0.05 0 0.05 0.022 0.002 0.024 11.387 0.005 11.396 12.652 0.005 12.662 12.515 0.001 12.518
0.05 0 0.05 0.02 0.004 0.024 11.713 0.00800000000000001 11.718 12.958 0.003 12.958 12.96 0 12.958
0.049 0.001 0.049 0.017 0.006 0.024 11.744 0.004 11.744 12.914 0.007 12.919 12.944 0 12.941
0.047 0.002 0.049 0.022 0.002 0.024 11.806 0.005 11.808 12.988 0.007 12.992 12.994 0 12.991
0.048 0.002 0.05 0.023 0.000999999999999994 0.024 11.74 0.00600000000000001 11.743 12.919 0.007 12.923 12.931 0.001 12.929
0.047 0.003 0.049 0.018 0.005 0.024 11.843 0.004 11.845 12.978 0.008 12.983 12.998 0 12.997
0.05 0 0.05 0.016 0.008 0.024 12.025 0.006 12.029 12.95 0.003 12.949 12.916 0 12.914
0.05 0.002 0.052 0.022 0.00199999999999999 0.024 12.615 0.007 12.619 13.518 0.00600000000000001 13.522 13.494 0 13.491
0.051 0.002 0.052 0.021 0.003 0.024 12.55 0.00600000000000001 12.552 13.504 0.006 13.508 13.443 0.001 13.441
0.049 0.002 0.052 0.025 0 0.024 12.266 0.006 12.275 13.172 0.004 13.181 13.012 0 13.016
0.051 0 0.05 0.022 0.001 0.024 12.658 0.006 12.66 13.521 0.00600000000000001 13.525 13.464 0 13.461
0.048 0.002 0.049 0.019 0.004 0.024 11.633 0.007 11.637 12.948 0.003 12.948 12.936 0 12.932
0.049 0.001 0.05 0.022 0.002 0.024 11.634 0.00199999999999999 11.633 12.959 0.003 12.959 12.93 0.001 12.929
0.048 0.002 0.05 0.02 0.004 0.025 12.579 0.005 12.58 13.594 0.007 13.598 13.572 0 13.569
0.05 0 0.05 0.019 0.005 0.025 12.774 0.007 12.778 13.71 0.004 13.711 13.633 0.001 13.631
0.045 0 0.045 0.018 0.005 0.024 11.585 0.005 11.586 12.931 0.005 12.933 12.912 0 12.909
0.046 0.003 0.048 0.022 0.002 0.024 11.682 0.006 11.685 13.1 0.006 13.103 13.085 0 13.083
0.045 0 0.046 0.02 0.004 0.023 11.508 0.004 11.515 12.633 0.008 12.642 12.565 0.001 12.568
0.044 0.002 0.046 0.021 0.003 0.024 11.676 0.009 11.682 13.024 0.005 13.025 13.074 0.002 13.075
0.046 0.001 0.047 0.019 0.005 0.024 11.634 0.004 11.635 12.99 0.002 12.989 12.982 0 12.981
0.045 0.002 0.046 0.019 0.005 0.024 11.653 0.00600000000000001 11.656 12.943 0.008 12.948 12.953 0.00199999999999999 12.956
0.049 0.001 0.05 0.021 0.003 0.025 11.691 0.00700000000000001 11.695 12.987 0.004 12.988 12.998 0 12.996
0.048 0 0.047 0.021 0.003 0.024 11.627 0.008 11.633 12.93 0.003 12.929 12.924 0 12.923
0.05 0 0.05 0.023 0.000999999999999994 0.024 12.549 0.005 12.551 13.512 0.007 13.517 13.472 0 13.469
0.049 0.001 0.05 0.018 0.00600000000000001 0.024 12.57 0.003 12.57 13.48 0.003 13.481 13.428 0.001 13.426
0.046 0.002 0.048 0.023 0.001 0.024 11.611 0.002 11.61 12.943 0.005 12.945 12.964 0 12.961
0.047 0 0.047 0.021 0.003 0.024 11.654 0.004 11.655 13.117 0.007 13.121 13.075 0.004 13.076
0.045 0 0.045 0.02 0.004 0.024 11.657 0.003 11.656 12.98 0.007 12.985 13.408 0 13.405
0.053 0 0.053 0.022 0.002 0.024 12.376 0.004 12.382 13.098 0.009 13.107 12.948 0 12.958
0.053 0 0.053 0.017 0.007 0.024 12.558 0.008 12.563 13.442 0.001 13.441 13.347 0 13.346
0.047 0.002 0.049 0.017 0.007 0.024 11.663 0.004 11.664 12.974 0.001 12.973 13.154 0 13.151
0.046 0 0.046 0.024 0.001 0.024 11.582 0.00799999999999999 11.587 12.951 0.00600000000000001 12.955 13.091 0 13.087
0.044 0.002 0.047 0.019 0.005 0.023 12.274 0.005 12.275 13.514 0.003 13.514 13.459 0.002 13.459
0.049 0.001 0.05 0.019 0.005 0.024 12.515 0.003 12.515 13.423 0.008 13.429 13.215 0 13.211
0.048 0.000999999999999994 0.048 0.022 0.002 0.024 12.221 0.005 12.224 13.326 0.005 13.327 13.291 0 13.289
0.047 0.000999999999999994 0.047 0.02 0.004 0.024 11.606 0.005 11.608 12.893 0.005 12.895 12.942 0.001 12.941
0.047 0.003 0.049 0.019 0.004 0.024 11.633 0.004 11.634 12.894 0.007 12.899 13.109 0 13.105
0.045 0 0.045 0.019 0.005 0.024 11.871 0.004 11.873 12.96 0.003 12.959 12.958 0 12.955
0.053 0.001 0.053 0.022 0.003 0.025 12.773 0.007 12.778 13.008 0.01 13.014 13.243 0.001 13.242
0.043 0.004 0.047 0.02 0.004 0.024 11.518 0.002 11.524 12.684 0.005 12.688 12.695 0.001 12.696
0.046 0.003 0.05 0.02 0.004 0.024 11.642 0.005 11.645 12.925 0.004 12.928 13.099 0.001 13.106
0.046 0.001 0.046 0.021 0.003 0.024 11.663 0.003 11.664 12.953 0.005 12.955 13.135 0 13.132
0.046 0.001 0.046 0.019 0.005 0.025 11.689 0.005 11.69 12.979 0.007 12.983 13.171 0.002 13.17
0.047 0.002 0.049 0.019 0.005 0.024 11.665 0.003 11.666 12.937 0.006 12.94 13.129 0 13.127
0.045 0.001 0.047 0.016 0.008 0.023 11.651 0.002 11.65 12.999 0.006 13.003 13.19 0 13.187
0.044 0.004 0.048 0.022 0.00199999999999999 0.023 11.6 0.014 11.619 12.917 0.004 12.92 13.042 0 13.039
0.049 0.001 0.05 0.019 0.005 0.024 12.354 0.006 12.356 12.996 0.004 12.999 12.927 0 12.923
0.044 0.001 0.045 0.018 0.005 0.023 11.604 0.009 11.609 12.924 0.007 12.929 12.901 0 12.898
0.049 0 0.05 0.021 0.004 0.024 12.58 0.007 12.586 13.601 0.006 13.605 13.586 0.001 13.583
0.048 0.002 0.05 0.02 0.004 0.025 12.51 0.004 12.509 13.54 0.004 13.542 13.515 0 13.512
0.048 0.00199999999999999 0.05 0.019 0.005 0.024 12.574 0.00199999999999999 12.571 13.501 0.005 13.504 13.438 0.001 13.437
0.049 0.001 0.05 0.017 0.007 0.024 12.489 0.007 12.493 13.181 0.009 13.195 13.018 0 13.019
0.049 0 0.05 0.019 0.006 0.024 11.948 0.007 11.953 13 0.006 13.003 13.01 0 13.007
0.046 0.004 0.05 0.02 0.004 0.024 11.921 0.00600000000000001 11.923 12.934 0.006 12.938 12.997 0 12.994
0.049 0.001 0.05 0.021 0.003 0.024 12.555 0.006 12.561 13.488 0.006 13.491 13.452 0 13.449
0.049 0.001 0.049 0.019 0.004 0.024 12.496 0.005 12.497 13.451 0.004 13.453 13.397 0 13.394
0.05 0 0.05 0.02 0.004 0.024 11.902 0.005 11.903 12.924 0.008 12.931 12.994 0.001 12.992
0.049 0.001 0.05 0.02 0.004 0.024 12 0.004 11.999 12.787 0.007 12.8 12.676 0 12.679
0.05 0.001 0.05 0.02 0.004 0.024 11.923 0.005 11.925 12.903 0.007 12.907 12.992 0 12.989
0.05 0 0.05 0.022 0.002 0.024 12.027 0.008 12.03 13.068 0.006 13.073 13.114 0 13.111
0.048 0.002 0.05 0.02 0.004 0.024 11.936 0.005 11.937 12.969 0.007 12.974 12.995 0.001 12.993
0.05 0 0.05 0.018 0.005 0.023 11.963 0.00800000000000001 11.968 12.832 0.005 12.835 12.846 0 12.842
0.05 0.000999999999999994 0.051 0.02 0.004 0.024 11.959 0.004 11.959 13.059 0.007 13.064 13.081 0 13.078
0.047 0.001 0.048 0.019 0.005 0.024 12.69 0.002 12.689 13.604 0.005 13.607 13.555 0 13.551
0.05 0 0.05 0.019 0.005 0.023 12.537 0.004 12.539 13.458 0.008 13.464 13.419 0 13.416
0.05 0 0.05 0.023 0.001 0.024 11.898 0.009 11.904 12.987 0.005 12.989 12.994 0 12.991
0.042 0.003 0.045 0.02 0.003 0.024 11.621 0.00600000000000001 11.623 12.985 0.004 12.986 12.912 0 12.909
0.045 0.000999999999999994 0.046 0.02 0.004 0.023 11.626 0.004 11.628 12.962 0.006 12.965 13.357 0 13.354
0.047 0.00199999999999999 0.049 0.018 0.00600000000000001 0.025 12.432 0.004 12.439 13.171 0.004 13.175 13.022 0 13.031
0.049 0.002 0.051 0.019 0.005 0.024 12.646 0.005 12.647 13.555 0.006 13.559 13.482 0 13.48
0.05 0 0.05 0.021 0.003 0.024 11.747 0.006 11.75 13.011 0.005 13.013 13.217 0 13.215
0.048 0.002 0.05 0.017 0.007 0.024 11.651 0.006 11.653 12.939 0.005 12.942 13.116 0 13.114
0.046 0 0.046 0.021 0.003 0.024 12.298 0.004 12.299 13.584 0.006 13.587 13.546 0 13.544
0.05 0 0.05 0.017 0.007 0.024 12.585 0.007 12.588 13.51 0.00600000000000001 13.514 13.287 0.001 13.285
0.048 0 0.049 0.02 0.004 0.023 12.186 0.006 12.19 13.276 0.003 13.276 13.225 0.000999999999999994 13.222
0.044 0.001 0.045 0.021 0.003 0.024 11.573 0.003 11.573 13.008 0.002 13.007 12.969 0 12.966
0.049 0.001 0.05 0.021 0.00199999999999999 0.023 11.652 0.005 11.654 12.924 0.004 12.926 13.091 0 13.089
0.045 0.000999999999999994 0.046 0.022 0.002 0.024 11.828 0.00600000000000001 11.832 13.589 0.004 13.588 13.752 0 13.75
0.042 0.003 0.046 0.02 0.004 0.023 11.621 0.009 11.626 12.952 0.01 12.959 12.973 0 12.971
0.049 0.001 0.05 0.018 0.006 0.024 11.652 0.007 11.662 12.745 0.007 12.751 12.838 0 12.845
0.048 0.002 0.05 0.021 0.003 0.024 11.743 0.005 11.744 13.024 0.005 13.025 13.23 0 13.229
0.048 0.001 0.05 0.017 0.007 0.024 11.726 0.004 11.727 12.962 0.008 12.967 13.19 0 13.187
0.047 0.002 0.05 0.021 0.003 0.024 11.671 0.002 11.67 12.945 0.00199999999999999 12.945 13.123 0 13.12
0.048 0.002 0.05 0.02 0.003 0.024 11.699 0.008 11.704 12.9 0.011 12.907 13.127 0 13.125
0.048 0.001 0.05 0.021 0.003 0.024 11.685 0.003 11.685 13.013 0.003 13.013 13.182 0 13.179
0.047 0.002 0.049 0.019 0.005 0.024 11.608 0.005 11.611 12.893 0.01 12.9 13.127 0 13.126
0.05 0 0.05 0.02 0.004 0.024 12.405 0.005 12.407 12.962 0.003 12.962 12.948 0 12.945
0.046 0 0.046 0.017 0.00600000000000001 0.023 11.791 0.000999999999999994 11.789 13.03 0.004 13.03 13.005 0 13.003
0.049 0.001 0.049 0.02 0.004 0.025 12.541 0.008 12.547 13.485 0.006 13.49 13.444 0 13.444
0.048 0.002 0.051 0.019 0.005 0.024 12.556 0.005 12.557 13.458 0.004 13.46 13.433 0.002 13.433
0.046 0.002 0.048 0.021 0.004 0.025 12.692 0.004 12.698 13.342 0.008 13.35 13.213 0 13.214
0.048 0.003 0.051 0.02 0.003 0.023 12.522 0.005 12.524 13.445 0.005 13.448 13.421 0.001 13.419
0.048 0.002 0.05 0.019 0.005 0.024 11.974 0.003 11.974 12.972 0.006 12.975 13.006 0 13.003
0.048 0.002 0.05 0.02 0.004 0.024 11.977 0.005 11.978 12.94 0.007 12.944 13.02 0 13.017
0.051 0.001 0.052 0.018 0.006 0.024 12.509 0.004 12.51 13.438 0.009 13.445 13.403 0 13.4
0.051 0 0.051 0.022 0.00199999999999999 0.024 12.473 0.00600000000000001 12.474 13.417 0.005 13.42 13.409 0 13.407
0.05 0 0.05 0.02 0.004 0.024 11.974 0.005 11.976 12.96 0.009 12.966 13.029 0.003 13.03
0.047 0.002 0.049 0.02 0.004 0.024 12.04 0.00899999999999999 12.046 12.793 0.00700000000000001 12.805 12.705 0 12.707
0.05 0 0.05 0.023 0.001 0.024 11.907 0.006 11.908 12.88 0.002 12.881 12.925 0 12.921
0.048 0.001 0.049 0.019 0.005 0.023 11.895 0.00600000000000001 11.899 12.9 0.007 12.904 12.922 0.001 12.927
0.049 0.000999999999999994 0.05 0.023 0.001 0.024 11.988 0 11.984 12.961 0.005 12.964 13.006 0 13.003
0.048 0.002 0.049 0.022 0.00199999999999999 0.025 12.045 0.004 12.046 12.959 0.007 12.963 13.043 0 13.04
0.047 0.003 0.05 0.022 0.002 0.024 12.014 0.00799999999999999 12.018 13.066 0.005 13.068 13.102 0.001 13.1
0.049 0 0.05 0.018 0.007 0.024 12.636 0.005 12.639 13.602 0.003 13.603 13.604 0 13.6
0.05 0 0.05 0.019 0.005 0.024 12.468 0.006 12.471 13.487 0.003 13.489 13.457 0 13.455
0.047 0.002 0.05 0.018 0.006 0.024 11.971 0.006 11.973 12.959 0.00600000000000001 12.962 12.981 0.001 12.979
0.043 0.002 0.045 0.018 0.005 0.023 11.635 0.004 11.636 13.001 0.005 13.003 12.985 0 12.982
0.044 0.002 0.046 0.019 0.004 0.023 11.563 0.007 11.566 12.916 0.006 12.92 13.181 0 13.178
0.052 0.001 0.054 0.022 0.002 0.023 12.383 0.006 12.393 13.175 0.006 13.188 13.048 0.001 13.049
0.052 0.000999999999999994 0.053 0.021 0.003 0.024 12.54 0.005 12.542 13.465 0.011 13.474 13.405 0.002 13.405
0.048 0.002 0.049 0.022 0.00199999999999999 0.024 11.716 0.005 11.719 13.036 0.009 13.041 13.084 0.002 13.084
0.048 0.003 0.051 0.019 0.005 0.024 11.67 0.002 11.669 12.976 0.00899999999999999 12.983 12.994 0 12.991
0.043 0.003 0.046 0.017 0.006 0.024 12.204 0.003 12.204 13.488 0.00800000000000001 13.492 13.468 0 13.466
0.048 0.004 0.05 0.016 0.008 0.024 12.552 0.004 12.553 13.557 0.00600000000000001 13.561 13.34 0 13.337
0.049 0 0.049 0.018 0.00600000000000001 0.024 12.176 0.003 12.176 13.284 0.00900000000000001 13.29 13.235 0 13.232
0.046 0.001 0.047 0.016 0.007 0.024 11.808 0.005 11.809 13.065 0.001 13.063 12.975 0 12.972
0.049 0.001 0.05 0.023 0.000999999999999994 0.024 11.711 0.003 11.711 13.019 0.005 13.022 13.023 0 13.021
0.046 0.001 0.046 0.018 0.006 0.024 11.73 0.009 11.736 13.221 0.008 13.227 12.972 0 12.968
0.053 0.001 0.054 0.017 0.006 0.025 12.85 0.006 12.852 13.961 0.007 13.964 13.127 0 13.124
0.048 0.002 0.049 0.02 0.004 0.024 11.658 0.004 11.666 12.764 0.004 12.767 12.69 0 12.697
0.05 0.001 0.051 0.018 0.006 0.024 11.611 0.006 11.614 12.976 0.00600000000000001 12.979 12.983 0 12.982
0.05 0 0.049 0.018 0.006 0.024 11.542 0.004 11.552 12.656 0.005 12.661 12.559 0.001 12.564
0.049 0.001 0.05 0.022 0.00199999999999999 0.024 11.658 0.005 11.66 12.936 0.002 12.936 12.96 0 12.957
0.05 0 0.05 0.022 0.00199999999999999 0.024 11.78 0.004 11.781 13.018 0.005 13.019 13.089 0 13.087
0.048 0.002 0.049 0.021 0.003 0.024 11.755 0.00600000000000001 11.758 12.994 0.00799999999999999 13 13.066 0 13.063
0.048 0.000999999999999994 0.05 0.015 0.009 0.024 11.667 0.002 11.667 12.912 0.001 12.911 12.912 0.001 12.914
0.049 0.001 0.05 0.021 0.003 0.024 12.05 0.005 12.052 12.924 0.00600000000000001 12.927 12.923 0 12.92
0.045 0.001 0.045 0.022 0.001 0.024 11.641 0.002 11.64 12.954 0.005 12.956 12.922 0 12.919
0.049 0.001 0.05 0.022 0.003 0.025 12.623 0.005 12.627 13.527 0.006 13.532 13.483 0 13.482
0.049 0.001 0.051 0.022 0.003 0.024 12.576 0.004 12.577 13.535 0.006 13.539 13.536 0 13.533
0.05 0.001 0.051 0.024 0 0.024 12.438 0.003 12.444 13.234 0.003 13.235 13.076 0 13.081
0.051 0.001 0.052 0.019 0.005 0.024 12.559 0.003 12.558 13.461 0.009 13.468 13.423 0 13.422
0.05 0 0.05 0.016 0.008 0.024 11.68 0.008 11.686 12.917 0.004 12.917 13.142 0 13.139
0.05 0 0.049 0.023 0.001 0.024 11.67 0.006 11.673 12.914 0.00800000000000001 12.919 13.149 0.001 13.148
0.049 0.002 0.051 0.018 0.006 0.024 12.604 0.007 12.607 13.529 0.004 13.531 13.469 0.001 13.467
0.046 0.003 0.049 0.019 0.005 0.024 12.374 0.005 12.376 13.187 0.008 13.191 13.146 0 13.144
0.048 0.00199999999999999 0.05 0.019 0.005 0.024 11.635 0.003 11.635 12.941 0.005 12.943 13.114 0.001 13.112
0.049 0.001 0.05 0.02 0.004 0.024 11.766 0.007 11.776 12.791 0.011 12.801 12.906 0.001 12.91
0.048 0.002 0.05 0.016 0.008 0.025 11.666 0.008 11.67 12.982 0.002 12.981 13.134 0 13.131
0.048 0.002 0.05 0.02 0.004 0.024 11.67 0.005 11.672 13.024 0.002 13.023 13.13 0 13.129
0.046 0.001 0.047 0.017 0.006 0.023 11.369 0.006 11.383 12.584 0.003 12.591 12.615 0.002 12.62
0.049 0.001 0.05 0.02 0.004 0.024 11.814 0.008 11.818 13.002 0.01 13.01 13.188 0.001 13.186
0.047 0.002 0.05 0.018 0.006 0.024 11.703 0.004 11.703 12.97 0.00600000000000001 12.975 13.146 0 13.142
0.05 0 0.05 0.022 0.003 0.025 12.613 0.007 12.618 13.623 0.004 13.625 13.603 0 13.6
0.049 0.001 0.05 0.024 0.001 0.025 12.577 0.007 12.581 13.61 0.007 13.615 13.563 0 13.56
0.049 0 0.05 0.023 0.001 0.024 11.534 0.003 11.541 12.659 0.007 12.671 12.696 0 12.698
0.044 0.001 0.045 0.023 0.001 0.024 11.544 0.006 11.546 12.961 0.003 12.962 12.905 0.000999999999999994 12.903
0.045 0.001 0.046 0.02 0.003 0.024 11.603 0.004 11.604 12.922 0.005 12.923 13.102 0 13.101
0.048 0.004 0.052 0.019 0.005 0.024 12.617 0.005 12.619 13.391 0.009 13.406 13.213 0 13.217
0.05 0 0.05 0.023 0.001 0.024 12.499 0.004 12.499 13.458 0.007 13.464 13.419 0.004 13.42
0.048 0.000999999999999994 0.05 0.018 0.00600000000000001 0.024 11.964 0.000999999999999994 11.962 12.921 0.001 12.919 12.897 0 12.895
0.047 0.003 0.05 0.021 0.002 0.024 11.926 0.00199999999999999 11.924 12.888 0.00600000000000001 12.892 12.914 0 12.911
0.043 0.002 0.046 0.019 0.005 0.024 12.194 0.005 12.196 13.478 0.003 13.478 13.46 0 13.458
0.05 0 0.051 0.02 0.004 0.024 12.547 0.004 12.547 13.465 0.007 13.471 13.235 0 13.231
0.047 0.000999999999999994 0.049 0.018 0.00600000000000001 0.024 12.227 0.005 12.229 13.28 0.004 13.281 13.256 0.003 13.256
0.044 0.001 0.046 0.019 0.005 0.023 11.556 0.006 11.563 12.933 0.008 12.939 12.977 0 12.975
0.048 0.002 0.049 0.022 0.00199999999999999 0.024 11.928 0.002 11.927 12.956 0.001 12.955 12.95 0 12.947
0.052 0 0.051 0.02 0.005 0.025 12.443 0.00600000000000001 12.446 13.086 0.006 13.088 13.521 0.001 13.519
0.045 0.001 0.046 0.018 0.006 0.024 11.924 0.005 11.926 13.035 0.007 13.039 13.047 0 13.044
0.047 0.002 0.049 0.018 0.006 0.024 11.815 0.003 11.821 12.678 0.004 12.681 12.561 0 12.57
0.049 0.001 0.05 0.021 0.003 0.024 11.952 0.004 11.953 12.959 0.005 12.961 12.945 0 12.944
0.048 0.000999999999999994 0.05 0.022 0.002 0.024 11.781 0.004 11.788 12.699 0.007 12.707 12.539 0 12.542
0.048 0.002 0.05 0.017 0.006 0.024 11.919 0.006 11.921 12.928 0.009 12.934 12.889 0 12.893
0.048 0.000999999999999994 0.049 0.019 0.005 0.024 11.957 0.005 11.959 12.969 0.007 12.973 12.932 0 12.929
0.046 0.004 0.05 0.021 0.003 0.023 11.903 0.008 11.908 12.932 0.004 12.935 12.921 0 12.918
0.05 0 0.05 0.021 0.004 0.024 11.779 0.004 11.789 12.686 0.007 12.693 12.57 0 12.574
0.048 0.002 0.05 0.023 0.001 0.024 11.948 0.00199999999999999 11.946 13.007 0.005 13.01 12.998 0 12.994
0.043 0.00199999999999999 0.044 0.019 0.005 0.024 11.602 0.014 11.619 12.939 0.018 12.958 12.907 0.013 12.924
0.05 0 0.05 0.02 0.004 0.024 12.592 0.004 12.594 13.543 0.004 13.546 13.499 0 13.498
0.049 0.001 0.05 0.019 0.005 0.024 12.588 0.00600000000000001 12.59 13.532 0.006 13.536 13.49 0.002 13.489
0.044 0.001 0.045 0.02 0.004 0.024 12.444 0.00199999999999999 12.448 13.192 0.00600000000000001 13.197 13.055 0 13.06
0.049 0.00199999999999999 0.05 0.017 0.006 0.023 12.549 0.003 12.549 13.481 0.006 13.485 13.356 0.001 13.355
0.046 0.001 0.047 0.023 0.001 0.023 11.581 0.004 11.582 13.025 0.006 13.028 13.208 0 13.206
0.044 0.002 0.045 0.016 0.007 0.024 11.686 0.004 11.687 13.02 0.00600000000000001 13.022 13.287 0 13.285
0.044 0.000999999999999994 0.045 0.019 0.005 0.024 12.446 0.002 12.445 13.402 0.00899999999999999 13.407 13.387 0.001 13.386
0.05 0 0.05 0.022 0.002 0.024 12.589 0.004 12.589 13.507 0.003 13.507 13.369 0.000999999999999994 13.368
0.044 0.002 0.046 0.018 0.005 0.024 11.596 0.008 11.601 12.962 0.004 12.963 13.118 0 13.116
0.044 0.001 0.045 0.021 0.003 0.024 11.518 0.003 11.525 12.654 0.005 12.658 12.707 0 12.713
0.042 0.003 0.046 0.022 0.002 0.024 11.634 0.004 11.634 12.971 0.00799999999999999 12.976 13.417 0.003 13.418
0.045 0 0.045 0.018 0.005 0.024 11.607 0.005 11.615 12.67 0.007 12.678 12.761 0 12.765
0.045 0.000999999999999994 0.045 0.019 0.004 0.024 11.75 0.004 11.751 13.081 0.006 13.084 13.453 0.001 13.457
0.045 0 0.045 0.021 0.003 0.024 11.686 0.005 11.688 12.85 0.00600000000000001 12.858 12.872 0.001 12.874
0.045 0.001 0.046 0.022 0.002 0.024 11.62 0.005 11.622 13.001 0.004 13.003 13.383 0 13.386
0.045 0.001 0.046 0.021 0.002 0.024 12.543 0.005 12.545 13.544 0.006 13.547 13.506 0 13.503
0.049 0.001 0.05 0.023 0.001 0.024 12.567 0.004 12.567 13.523 0.006 13.527 13.448 0 13.446
0.043 0.002 0.045 0.022 0.00199999999999999 0.024 11.365 0.004 11.376 12.583 0.004 12.591 12.663 0.001 12.667
0.043 0.002 0.045 0.013 0.011 0.024 11.661 0.005 11.663 12.961 0.008 12.966 12.938 0 12.935
0.046 0.001 0.046 0.02 0.003 0.024 11.611 0.005 11.612 12.918 0.00600000000000001 12.922 13.192 0.002 13.191
0.049 0.003 0.052 0.022 0.003 0.025 12.615 0.003 12.614 13.233 0.003 13.243 13.12 0 13.123
0.05 0.002 0.052 0.021 0.003 0.024 12.592 0.004 12.593 13.509 0.008 13.515 13.457 0 13.454
0.049 0 0.049 0.02 0.004 0.024 11.98 0.007 11.983 12.92 0.008 12.926 12.988 0 12.986
0.05 0 0.05 0.02 0.004 0.024 12.095 0.011 12.103 12.921 0.008 12.926 12.994 0 12.991
0.042 0.003 0.046 0.02 0.004 0.024 12.232 0.003 12.232 13.561 0.01 13.567 13.505 0 13.503
0.049 0.000999999999999994 0.051 0.021 0.003 0.023 12.527 0.003 12.527 13.451 0.003 13.452 13.241 0 13.238
0.048 0 0.048 0.02 0.004 0.024 12.227 0.005 12.228 13.27 0.011 13.278 13.298 0 13.295
0.045 0 0.046 0.017 0.00700000000000001 0.023 11.672 0.005 11.674 13.078 0.008 13.084 12.974 0 12.97
0.05 0 0.05 0.019 0.005 0.024 11.928 0.006 11.93 12.952 0.006 12.955 12.978 0 12.976
0.046 0 0.046 0.018 0.006 0.024 11.664 0.007 11.666 13.057 0.004 13.058 13.141 0.00199999999999999 13.141
0.045 0.001 0.045 0.017 0.006 0.024 11.954 0.038 12.001 13.931 0.012 13.972 13.877 0.005 13.902
0.048 0.00199999999999999 0.05 0.023 0.001 0.024 12.407 0.00600000000000001 12.41 12.95 0.00899999999999999 12.956 13.004 0 13.001
0.048 0.00199999999999999 0.05 0.021 0.003 0.024 12.003 0.005 12.005 12.804 0.006 12.815 12.727 0 12.73
0.049 0.001 0.05 0.021 0.003 0.024 11.969 0.004 11.97 12.757 0.002 12.765 12.655 0 12.661
0.049 0.001 0.05 0.022 0.003 0.024 12.67 0.005 12.672 13.246 0.002 13.246 13.353 0 13.35
0.048 0.001 0.049 0.019 0.005 0.024 11.986 0.004 11.987 12.842 0.006 12.851 12.752 0 12.756
0.049 0.002 0.051 0.019 0.004 0.023 12.491 0.000999999999999994 12.489 13.013 0.007 13.017 13.11 0 13.107
0.048 0.000999999999999994 0.05 0.023 0.001 0.024 11.886 0.003 11.885 12.941 0.006 12.944 12.958 0 12.956
0.05 0 0.05 0.021 0.003 0.024 12.061 0.003 12.061 12.936 0.003 12.937 12.904 0 12.9
0.044 0.001 0.045 0.019 0.004 0.024 11.597 0.017 11.613 12.931 0.021 12.955 12.929 0.035 12.966
0.046 0.003 0.049 0.022 0.003 0.025 12.57 0.006 12.574 13.521 0.005 13.526 13.476 0.005 13.478
0.05 0 0.051 0.021 0.003 0.024 12.515 0.004 12.515 13.472 0.001 13.471 13.429 0.001 13.427
0.047 0.005 0.052 0.022 0.002 0.024 12.385 0.005 12.392 13.151 0.008 13.163 12.993 0.037 13.036
0.051 0.002 0.052 0.02 0.003 0.024 12.581 0.008 12.585 13.497 0.002 13.497 13.402 0.001 13.4
0.045 0.004 0.05 0.018 0.006 0.024 11.7 0.002 11.698 12.979 0.005 12.981 13.012 0.002 13.012
0.05 0 0.05 0.018 0.00600000000000001 0.023 11.624 0.003 11.625 13.003 0.009 13.008 13.018 0 13.016
0.048 0.002 0.05 0.021 0.003 0.024 12.504 0.00700000000000001 12.507 13.439 0.01 13.447 13.417 0 13.414
0.049 0.000999999999999994 0.05 0.022 0.002 0.025 12.534 0.004 12.533 13.526 0.002 13.527 13.489 0 13.485
0.05 0 0.05 0.018 0.006 0.024 11.64 0.006 11.643 12.966 0.007 12.97 12.989 0 12.986
0.047 0.00199999999999999 0.05 0.018 0.00600000000000001 0.024 11.569 0.004 11.576 12.682 0.006 12.686 12.589 0 12.596
0.047 0.002 0.05 0.019 0.006 0.025 11.725 0.005 11.727 12.954 0.00700000000000001 12.958 12.985 0 12.983
0.047 0.002 0.05 0.019 0.005 0.024 11.631 0.007 11.641 12.655 0.006 12.662 12.594 0.001 12.599
0.05 0 0.05 0.02 0.004 0.024 11.824 0.004 11.825 13.337 0.003 13.337 13.389 0 13.392
0.049 0.001 0.05 0.018 0.005 0.024 11.618 0.003 11.623 12.659 0.004 12.662 12.569 0 12.572
0.048 0.002 0.05 0.019 0.005 0.024 11.763 0.007 11.767 13.062 0.002 13.061 13.078 0 13.077
0.049 0.001 0.051 0.021 0.003 0.024 12.578 0.004 12.578 13.502 0.004 13.504 13.467 0 13.464
0.05 0 0.05 0.018 0.006 0.024 12.566 0.008 12.571 13.541 0.00600000000000001 13.545 13.483 0 13.48
0.047 0.002 0.049 0.019 0.006 0.024 11.647 0.005 11.65 12.97 0.006 12.972 12.921 0 12.918
0.043 0.002 0.045 0.02 0.004 0.024 11.677 0.006 11.68 13.066 0.007 13.07 13.056 0 13.053
0.043 0.003 0.046 0.017 0.00700000000000001 0.024 11.659 0.00199999999999999 11.657 12.975 0.003 12.975 13.393 0 13.39
0.049 0 0.049 0.021 0.003 0.024 12.448 0.004 12.455 13.138 0.005 13.141 12.975 0.003 12.988
0.049 0.001 0.05 0.019 0.005 0.024 12.552 0.005 12.554 13.466 0.006 13.47 13.439 0 13.439
0.049 0.001 0.049 0.022 0.002 0.024 11.686 0.008 11.691 12.952 0.009 12.959 13.113 0 13.11
0.047 0.003 0.05 0.018 0.005 0.024 11.617 0.00600000000000001 11.619 12.953 0.005 12.955 13.115 0 13.113
0.043 0.003 0.046 0.022 0.00199999999999999 0.024 12.303 0.00600000000000001 12.305 13.566 0.00199999999999999 13.565 13.523 0 13.521
0.049 0.001 0.051 0.021 0.003 0.024 12.504 0.004 12.503 13.435 0.005 13.438 13.246 0.001 13.245
0.047 0.002 0.048 0.02 0.004 0.024 12.199 0.007 12.202 13.303 0.004 13.305 13.26 0 13.257
0.049 0 0.049 0.024 0.003 0.027 11.961 0.009 11.988 12.89 0.015 12.906 12.856 0.002 12.857
0.05 0 0.051 0.02 0.004 0.024 11.715 0.003 11.714 12.979 0.003 12.98 13.162 0 13.16
0.053 0.001 0.054 0.019 0.006 0.025 13.044 0.013 13.083 13.24 0.013 13.254 12.982 0.00599999999999999 12.99
0.044 0.002 0.046 0.023 0.000999999999999994 0.024 11.823 0.005 11.825 13.25 0.006 13.254 13.089 0 13.085
0.05 0.001 0.051 0.021 0.003 0.024 11.788 0.005 11.79 13.029 0.008 13.034 13.241 0 13.238
0.042 0.004 0.047 0.02 0.005 0.024 11.614 0.035 11.673 12.704 0.014 12.725 12.749 0.005 12.76
0.046 0.001 0.047 0.018 0.005 0.024 11.627 0.004 11.634 12.677 0.002 12.678 12.737 0.001 12.741
0.046 0.003 0.049 0.02 0.004 0.024 11.734 0.006 11.737 12.91 0.009 12.916 13.162 0 13.159
0.049 0.002 0.05 0.018 0.005 0.024 11.638 0.00600000000000001 11.64 12.992 0.004 12.994 13.114 0 13.111
0.046 0 0.046 0.016 0.008 0.024 11.389 0.006 11.4 12.561 0.005 12.569 12.627 0 12.629
0.041 0.004 0.045 0.02 0.004 0.024 11.634 0.006 11.636 12.926 0.004 12.927 13.169 0.001 13.168
0.051 0 0.05 0.021 0.003 0.024 12.313 0.004 12.315 13.008 0.005 13.01 12.914 0 12.911
0.042 0.003 0.044 0.018 0.007 0.023 11.648 0.016 11.669 12.975 0.044 13.02 12.976 0.002 12.98
0.049 0.001 0.049 0.02 0.004 0.024 12.596 0.005 12.599 13.529 0.00600000000000001 13.536 13.505 0 13.502
0.046 0.004 0.051 0.018 0.007 0.024 12.628 0.005 12.629 13.556 0.008 13.563 13.545 0 13.543
0.051 0 0.05 0.021 0.003 0.024 12.536 0.003 12.535 13.303 0.009 13.316 13.113 0 13.116
0.052 0 0.052 0.021 0.003 0.024 12.487 0.004 12.487 13.466 0.005 13.468 13.403 0 13.4
0.047 0.00199999999999999 0.049 0.024 0.001 0.024 11.959 0.01 11.966 12.928 0.003 12.929 13.043 0.001 13.041
0.049 0.002 0.05 0.021 0.004 0.025 12.081 0 12.078 13.033 0.004 13.035 13.098 0 13.094
0.049 0.001 0.05 0.022 0.002 0.024 12.487 0.012 12.501 13.443 0.038 13.484 13.404 0.00499999999999999 13.409
0.049 0.001 0.05 0.018 0.006 0.023 12.51 0.003 12.51 13.439 0.006 13.444 13.416 0 13.413
0.048 0.003 0.05 0.016 0.008 0.024 11.973 0.005 11.976 12.983 0.003 12.983 13.034 0 13.031
0.049 0.001 0.05 0.019 0.005 0.024 11.802 0.009 11.814 12.631 0.00700000000000001 12.636 12.542 0.000999999999999987 12.549
0.05 0 0.05 0.022 0.00199999999999999 0.024 11.951 0.004 11.952 12.955 0.006 12.957 12.962 0.001 12.961
0.05 0 0.05 0.02 0.004 0.024 11.768 0.006 11.779 12.635 0.005 12.639 12.496 0.000999999999999994 12.5
0.05 0 0.05 0.021 0.003 0.024 11.945 0.002 11.944 12.935 0.007 12.939 12.999 0.001 12.997
0.047 0.003 0.05 0.02 0.005 0.024 11.905 0.006 11.915 12.815 0.006 12.821 12.696 0 12.697
0.047 0.003 0.05 0.019 0.004 0.023 11.904 0.008 11.909 12.749 0.008 12.754 12.792 0 12.797
0.049 0.001 0.05 0.018 0.007 0.024 12.577 0.005 12.58 13.505 0.007 13.509 13.51 0.002 13.509
0.049 0.003 0.052 0.022 0.001 0.024 12.604 0.007 12.606 13.544 0.005 13.548 13.485 0 13.482
0.049 0.001 0.05 0.018 0.005 0.023 12.018 0.003 12.017 13.003 0.008 13.008 13.021 0.003 13.021
0.044 0.002 0.046 0.016 0.007 0.024 11.592 0.004 11.592 12.753 0.007 12.758 12.741 0 12.738
0.046 0 0.045 0.017 0.00600000000000001 0.024 11.548 0.003 11.548 12.861 0.005 12.863 13.301 0 13.298
0.052 0.001 0.052 0.019 0.005 0.025 12.511 0.004 12.518 13.231 0.007 13.238 13.102 0 13.11
0.05 0.002 0.052 0.02 0.004 0.024 12.627 0.002 12.625 13.55 0.007 13.555 13.481 0 13.481
0.049 0 0.049 0.019 0.005 0.024 11.712 0.005 11.714 12.717 0.011 12.734 12.795 0.001 12.795
0.048 0.00199999999999999 0.05 0.021 0.003 0.024 11.647 0.002 11.645 13.004 0.005 13.007 13.182 0 13.179
0.044 0.002 0.045 0.018 0.006 0.024 12.253 0.004 12.254 13.537 0.008 13.542 13.489 0.002 13.49
0.05 0 0.05 0.021 0.003 0.024 12.53 0.004 12.53 13.483 0.00199999999999999 13.484 13.257 0.001 13.255
0.045 0.003 0.049 0.02 0.003 0.024 12.126 0.006 12.128 13.248 0.003 13.248 13.207 0.001 13.205
0.042 0.003 0.045 0.02 0.003 0.024 11.549 0.00799999999999999 11.556 12.992 0.013 13.014 13.254 0.011 13.287
0.049 0.001 0.05 0.019 0.005 0.024 11.703 0.003 11.703 12.929 0.00600000000000001 12.933 13.122 0.00199999999999999 13.122
0.045 0.001 0.046 0.018 0.006 0.024 11.661 0.012 11.669 13.043 0.01 13.05 13.008 0 13.005
0.043 0.003 0.046 0.016 0.008 0.023 11.734 0.003 11.734 13.295 0.003 13.295 13.637 0.001 13.634
0.044 0.00199999999999999 0.046 0.021 0.003 0.024 11.568 0.002 11.573 12.626 0.008 12.635 12.694 0 12.697
0.048 0.00199999999999999 0.05 0.023 0.001 0.024 11.745 0.00600000000000001 11.747 13.005 0.008 13.01 13.241 0.00199999999999999 13.241
0.046 0.001 0.047 0.021 0.00199999999999999 0.023 11.359 0.004 11.37 12.547 0.005 12.556 12.619 0.001 12.624
0.046 0.003 0.05 0.022 0.002 0.024 11.62 0.001 11.618 12.951 0.009 12.956 13.104 0 13.102
0.048 0.001 0.05 0.018 0.006 0.024 11.601 0.004 11.606 12.662 0.005 12.668 12.708 0 12.71
0.049 0.000999999999999994 0.05 0.02 0.004 0.024 11.691 0.002 11.69 13.022 0.005 13.024 13.202 0 13.199
0.049 0 0.049 0.02 0.004 0.024 11.636 0.005 11.639 12.886 0.007 12.891 13.121 0.001 13.12
0.047 0.003 0.05 0.019 0.00600000000000001 0.024 12.311 0.006 12.314 12.965 0.006 12.968 12.878 0 12.876
0.045 0.001 0.046 0.022 0.00199999999999999 0.024 11.793 0.003 11.793 13.074 0.005 13.076 13.044 0 13.04
0.047 0.002 0.049 0.017 0.008 0.024 12.556 0.007 12.561 13.499 0.00600000000000001 13.505 13.464 0 13.464
0.051 0 0.05 0.018 0.006 0.024 12.559 0.004 12.559 13.482 0.00600000000000001 13.486 13.452 0 13.449
0.05 0.00199999999999999 0.052 0.017 0.007 0.024 12.496 0.005 12.498 13.264 0.004 13.272 13.094 0 13.094
0.046 0.003 0.049 0.02 0.004 0.024 12.539 0.003 12.538 13.476 0.006 13.48 13.43 0 13.427
0.049 0.001 0.049 0.018 0.007 0.025 11.917 0.004 11.924 12.801 0.005 12.805 12.733 0.001 12.735
0.049 0.002 0.051 0.022 0.002 0.023 11.957 0.006 11.961 12.972 0.004 12.973 13.056 0 13.052
0.05 0 0.05 0.021 0.003 0.024 12.527 0.003 12.527 13.464 0.006 13.468 13.424 0 13.421
0.05 0 0.049 0.022 0.001 0.024 12.514 0.005 12.515 13.431 0.004 13.433 13.366 0.002 13.365
0.048 0.001 0.049 0.021 0.003 0.024 11.865 0.006 11.868 12.978 0.004 12.979 12.925 0.001 12.924
0.049 0.001 0.05 0.02 0.004 0.024 11.941 0.003 11.942 12.92 0.00600000000000001 12.922 12.957 0 12.955
0.046 0.004 0.049 0.02 0.004 0.025 11.732 0.005 11.74 12.696 0.008 12.703 12.601 0 12.608
0.045 0.004 0.049 0.021 0.003 0.024 11.784 0.006 11.796 12.648 0.01 12.656 12.543 0 12.546
0.046 0.003 0.05 0.017 0.007 0.023 11.908 0.009 11.914 12.974 0.005 12.977 12.909 0 12.906
0.05 0 0.05 0.021 0.003 0.024 11.86 0.004 11.866 12.689 0.012 12.701 12.589 0.001 12.596
0.049 0.002 0.051 0.021 0.003 0.024 11.957 0.004 11.958 13.012 0.006 13.015 12.952 0 12.949
0.046 0.004 0.05 0.018 0.00600000000000001 0.024 12.509 0.00199999999999999 12.507 13.454 0.01 13.462 13.42 0 13.417
0.051 0.000999999999999994 0.053 0.02 0.004 0.024 12.547 0.004 12.547 13.401 0.01 13.415 13.185 0 13.184
0.05 0 0.049 0.021 0.003 0.025 11.947 0.003 11.946 12.925 0.007 12.929 12.89 0 12.888
