0.157 0.011 0.167 0.121 0.01 0.131 55.857 0.032 55.877 64.286 0 64.271 64.298 0 64.284
0.154 0.014 0.167 0.119 0.011 0.131 55.436 0.026 55.45 63.619 0.002 63.608 63.548 0.002 63.536
0.147 0.014 0.164 0.119 0.00899999999999998 0.128 55.74 0.027 55.754 63.966 0.00399999999999998 63.959 68.721 0.001 68.758
0.155 0.015 0.169 0.113 0.019 0.133 56.055 0.049 56.091 66.59 0 66.577 66.521 0.001 66.508
0.156 0.011 0.168 0.119 0.01 0.13 55.709 0.042 55.738 63.815 0.001 63.804 63.8 0 63.785
0.156 0.011 0.168 0.118 0.012 0.129 55.535 0.03 55.552 63.645 0.001 63.632 63.624 0 63.61
0.159 0.00899999999999999 0.167 0.114 0.017 0.13 55.847 0.031 55.866 64.053 0.002 64.041 64.053 0 64.04
0.152 0.016 0.167 0.12 0.011 0.131 55.91 0.034 55.931 63.955 0.001 63.942 63.178 0 63.171
0.15 0.017 0.167 0.12 0.011 0.131 55.541 0.031 55.56 63.652 0.003 63.641 63.583 0 63.569
0.153 0.014 0.166 0.119 0.011 0.131 55.777 0.055 55.819 63.96 0.001 63.946 63.964 0.001 63.95
0.146 0.016 0.162 0.113 0.015 0.128 55.42 0.039 55.447 63.474 0.001 63.461 63.371 0.002 63.359
0.156 0.01 0.167 0.118 0.013 0.13 56.544 0.033 56.563 64.86 0 64.845 64.729 0 64.713
0.154 0.014 0.168 0.115 0.015 0.13 55.577 0.036 55.6 63.685 0.001 63.672 63.541 0 63.526
0.15 0.013 0.163 0.114 0.017 0.131 56.287 0.045 56.319 64.357 0.00800000000000001 64.351 64.462 0.00800000000000001 64.457
0.155 0.013 0.168 0.116 0.013 0.129 55.604 0.028 55.62 63.643 0.001 63.631 63.637 0.001 63.625
0.151 0.018 0.169 0.116 0.015 0.131 55.48 0.038 55.506 63.586 0.002 63.575 63.475 0.001 63.462
0.143 0.018 0.16 0.114 0.014 0.128 55.773 0.052 55.812 63.93 0.003 63.92 63.874 0.001 63.861
0.156 0.012 0.168 0.124 0.00600000000000001 0.13 55.845 0.039 55.871 63.911 0.001 63.898 63.726 0.001 63.713
0.15 0.018 0.167 0.117 0.015 0.131 56.073 0.041 56.102 64.093 0 64.079 64.139 0 64.126
0.152 0.015 0.167 0.114 0.016 0.13 55.992 0.044 56.022 64.138 0 64.125 64.081 0 64.067
0.154 0.013 0.167 0.122 0.00800000000000001 0.13 56.128 0.037 56.152 64.4 0 64.387 64.296 0 64.282
0.155 0.017 0.173 0.113 0.02 0.133 56.913 0.031 56.931 65.086 0.001 65.074 64.998 0 64.986
0.158 0.00700000000000001 0.166 0.113 0.017 0.13 56.156 0.033 56.177 64.385 0 64.374 64.462 0.001 64.45
0.154 0.013 0.167 0.116 0.014 0.131 55.904 0.039 55.93 64.115 0.002 64.104 64.064 0.001 64.051
0.151 0.015 0.166 0.115 0.014 0.129 55.237 0.033 55.259 63.496 0.02 63.501 63.43 0.00799999999999998 63.424
0.154 0.013 0.167 0.115 0.015 0.13 55.797 0.028 55.812 63.991 0.001 63.977 63.962 0 63.948
0.153 0.013 0.166 0.116 0.014 0.13 55.48 0.039 55.506 63.779 0 63.765 63.748 0.001 63.735
0.151 0.00900000000000001 0.16 0.113 0.015 0.128 55.704 0.058 55.747 64.039 0.001 64.025 63.903 0.005 63.893
0.154 0.014 0.168 0.117 0.014 0.131 55.624 0.029 55.639 63.943 0.003 63.933 63.784 0.00299999999999997 63.773
0.152 0.011 0.163 0.113 0.017 0.129 55.757 0.037 55.783 63.896 0.002 63.884 63.844 0.001 63.831
0.147 0.02 0.167 0.119 0.011 0.129 55.609 0.058 55.655 63.751 0.003 63.739 63.618 0.001 63.606
0.156 0.014 0.17 0.121 0.00900000000000001 0.131 56.113 0.064 56.165 64.052 0.018 64.056 63.749 0.004 63.74
0.157 0.011 0.168 0.113 0.016 0.129 55.645 0.03 55.662 63.708 0 63.694 63.621 0 63.608
0.157 0.01 0.167 0.118 0.012 0.13 55.353 0.031 55.37 63.361 0.002 63.348 63.341 0.002 63.328
0.157 0.01 0.167 0.115 0.014 0.129 55.797 0.03 55.815 63.585 0.001 63.572 63.514 0 63.502
0.152 0.015 0.168 0.115 0.014 0.128 55.372 0.045 55.405 63.771 0.004 63.763 63.743 0 63.729
0.152 0.013 0.165 0.117 0.012 0.129 55.055 0.032 55.075 63.482 0.002 63.47 63.399 0.002 63.387
0.159 0.013 0.17 0.122 0.01 0.132 57.123 0.043 57.155 68.336 0.00800000000000001 68.364 70.08 0.002 70.118
0.154 0.013 0.167 0.112 0.018 0.131 55.721 0.022 55.729 64.652 0.001 64.64 64.631 0 64.616
0.153 0.01 0.163 0.119 0.01 0.129 55.998 0.039 56.023 64.139 0.001 64.125 64.107 0.000999999999999973 64.092
0.152 0.015 0.166 0.119 0.011 0.13 55.259 0.031 55.278 63.593 0.002 63.58 63.504 0.001 63.49
0.156 0.011 0.167 0.116 0.013 0.129 55.676 0.04 55.704 63.964 0.001 63.952 63.86 0 63.846
0.15 0.016 0.166 0.115 0.016 0.131 55.898 0.03 55.915 64.246 0.001 64.234 64.16 0.001 64.147
0.156 0.011 0.167 0.116 0.014 0.13 56.079 0.039 56.105 64.249 0 64.236 64.203 0 64.19
0.152 0.016 0.167 0.12 0.01 0.13 55.486 0.042 55.516 63.585 0 63.571 63.577 0.002 63.564
0.152 0.017 0.169 0.119 0.012 0.131 56.379 0.024 56.39 64.466 0.002 64.451 64.485 0 64.47
0.141 0.021 0.163 0.117 0.014 0.131 56.076 0.04 56.102 64.097 0.00399999999999998 64.088 64.051 0.001 64.037
0.148 0.013 0.162 0.117 0.012 0.129 55.517 0.04 55.545 63.732 0 63.718 63.661 0.001 63.648
0.159 0.011 0.172 0.118 0.015 0.133 56.984 0.036 57.008 64.84 0 64.826 64.962 0 64.949
0.148 0.017 0.165 0.114 0.015 0.129 55.702 0.037 55.726 63.755 0 63.741 63.731 0.001 63.719
0.157 0.011 0.168 0.116 0.014 0.13 55.495 0.03 55.511 63.555 0.001 63.543 63.497 0.001 63.484
0.147 0.016 0.163 0.119 0.01 0.128 55.717 0.047 55.752 63.869 0.02 63.873 63.795 0.001 63.783
0.154 0.013 0.167 0.115 0.015 0.13 55.586 0.026 55.6 63.437 0 63.43 63.125 0 63.119
0.165 0.00600000000000001 0.171 0.125 0.00799999999999999 0.133 56.695 0.058 56.74 65.116 0.002 65.103 65.113 0 65.099
0.152 0.015 0.167 0.118 0.012 0.129 55.602 0.073 55.666 63.725 0.001 63.717 63.668 0.002 63.66
0.153 0.015 0.168 0.112 0.019 0.131 55.511 0.091 55.611 63.734 0.054 63.801 63.887 0.041 63.934
0.157 0.014 0.171 0.119 0.012 0.131 56.77 0.027 56.783 65.058 0.001 65.046 65.1 0 65.087
0.151 0.012 0.163 0.118 0.013 0.131 55.976 0.031 55.994 63.591 0.001 63.585 63.004 0.001 62.997
0.15 0.017 0.167 0.12 0.011 0.13 56.49 0.033 56.511 64.442 0 64.428 64.511 0 64.497
0.158 0.00900000000000001 0.167 0.115 0.014 0.129 55.932 0.043 55.962 64.279 0.002 64.268 64.332 0.002 64.319
0.15 0.016 0.167 0.116 0.013 0.129 55.641 0.043 55.672 63.304 0 63.301 62.93 0 62.922
0.152 0.016 0.168 0.118 0.013 0.131 56.103 0.048 56.144 64.5 0.001 64.488 64.501 0 64.487
0.156 0.014 0.17 0.117 0.014 0.132 55.366 0.04 55.393 63.498 0.002 63.488 63.439 0.001 63.427
0.147 0.018 0.166 0.115 0.016 0.13 56.223 0.034 56.244 64.336 0.001 64.325 64.391 0 64.377
0.151 0.01 0.161 0.109 0.018 0.127 55.909 0.033 55.929 63.984 0.001 63.971 63.97 0 63.956
0.16 0.00899999999999999 0.169 0.116 0.017 0.133 59.703 0.031 59.749 69.709 0.004 69.748 69.627 0.005 69.668
0.153 0.014 0.167 0.114 0.016 0.13 55.432 0.033 55.453 63.634 0 63.621 63.643 0 63.629
0.156 0.011 0.167 0.122 0.00799999999999999 0.13 55.698 0.032 55.717 63.611 0.001 63.596 63.622 0 63.606
0.144 0.023 0.167 0.119 0.011 0.13 55.719 0.023 55.728 63.788 0.001 63.774 63.683 0.002 63.672
0.148 0.02 0.168 0.112 0.019 0.132 55.826 0.032 55.845 63.912 0.001 63.899 63.846 0.002 63.834
0.148 0.018 0.166 0.12 0.00999999999999998 0.13 55.186 0.023 55.197 63.264 0.001 63.252 63.6 0 63.585
0.149 0.017 0.166 0.119 0.011 0.129 55.593 0.038 55.62 63.834 0.002 63.822 63.674 0.000999999999999973 63.664
0.161 0.00600000000000001 0.167 0.12 0.011 0.131 56.468 0.036 56.49 64.689 0.001 64.676 64.631 0.002 64.619
0.156 0.016 0.175 0.116 0.017 0.132 55.653 0.035 55.676 63.818 0.001 63.807 63.725 0.00199999999999997 63.714
0.151 0.015 0.166 0.119 0.011 0.131 55.877 0.035 55.899 64.106 0 64.092 63.971 0.002 63.959
0.154 0.014 0.167 0.12 0.01 0.13 55.934 0.03 55.953 64.095 0 64.08 64.048 0 64.035
0.152 0.016 0.169 0.124 0.00699999999999998 0.13 54.536 0.033 54.565 63.048 0 63.043 62.469 0 62.469
0.148 0.014 0.163 0.114 0.016 0.129 55.777 0.04 55.804 63.898 0.001 63.885 63.94 0 63.926
0.158 0.013 0.17 0.126 0.00700000000000001 0.134 56.175 0.029 56.201 64.37 0.001 64.368 64.085 0 64.087
0.152 0.018 0.17 0.117 0.016 0.132 56.815 0.045 56.848 64.892 0.001 64.877 64.88 0 64.865
0.152 0.014 0.166 0.119 0.01 0.129 55.226 0.028 55.241 63.388 0 63.374 63.246 0.001 63.233
0.151 0.011 0.161 0.114 0.013 0.128 55.196 0.036 55.22 63.225 0.001 63.214 63.15 0 63.139
0.151 0.014 0.165 0.114 0.016 0.13 55.777 0.036 55.801 63.764 0.00199999999999997 63.752 63.759 0.001 63.747
0.159 0.00900000000000001 0.168 0.12 0.011 0.131 55.825 0.033 55.846 63.933 0 63.92 63.85 0.001 63.836
0.156 0.013 0.169 0.118 0.014 0.132 55.574 0.033 55.595 63.728 0.002 63.717 63.63 0.001 63.619
0.151 0.015 0.166 0.12 0.011 0.131 56.611 0.046 56.644 64.763 0.001 64.751 64.771 0 64.757
0.153 0.015 0.169 0.119 0.012 0.13 56.124 0.034 56.145 64.294 0.002 64.283 64.307 0.00299999999999997 64.297
0.152 0.018 0.17 0.123 0.00700000000000001 0.13 55.849 0.038 55.874 64.05 0.001 64.037 63.153 0.001 63.147
0.147 0.019 0.166 0.119 0.01 0.13 55.524 0.028 55.541 63.681 0.002 63.669 63.623 0 63.609
0.155 0.012 0.166 0.118 0.01 0.128 55.754 0.033 55.774 63.988 0.000999999999999973 63.976 64.041 0 64.027
0.15 0.014 0.164 0.112 0.016 0.128 55.999 0.036 56.026 63.709 0.003 63.711 63.137 0.001 63.129
0.155 0.015 0.17 0.12 0.01 0.13 56.238 0.037 56.263 64.368 0.002 64.358 64.312 0.003 64.302
0.158 0.011 0.169 0.117 0.014 0.131 56.035 0.032 56.054 64.443 0.002 64.433 64.377 0 64.364
0.158 0.011 0.168 0.118 0.014 0.132 55.292 0.038 55.318 63.455 0.003 63.445 62.573 0.001 62.569
0.156 0.013 0.169 0.118 0.012 0.13 55.809 0.026 55.823 63.573 0.002 63.561 63.879 0.001 63.867
0.152 0.014 0.166 0.115 0.013 0.128 55.244 0.041 55.272 63.427 0.000999999999999973 63.414 63.347 0.003 63.335
0.158 0.01 0.168 0.117 0.013 0.13 55.852 0.037 55.877 64.008 0.005 63.999 63.9 0.002 63.89
0.149 0.014 0.162 0.116 0.012 0.128 55.617 0.049 55.653 63.697 0.012 63.695 63.663 0.003 63.652
0.147 0.019 0.167 0.116 0.014 0.13 56.087 0.04 56.115 64.305 0 64.291 64.249 0.003 64.238
0.149 0.018 0.167 0.113 0.017 0.13 55.339 0.03 55.355 63.444 0.002 63.431 63.399 0.002 63.385
0.155 0.015 0.17 0.12 0.012 0.132 55.648 0.027 55.661 64.193 0.002 64.181 64.025 0 64.01
0.159 0.00800000000000001 0.166 0.121 0.00799999999999999 0.129 55.421 0.035 55.442 63.47 0.001 63.457 63.409 0.001 63.394
0.148 0.014 0.162 0.109 0.02 0.13 55.539 0.031 55.556 63.766 0.005 63.76 63.717 0 63.702
0.157 0.014 0.171 0.117 0.016 0.133 55.795 0.042 55.825 63.928 0.012 63.928 63.865 0.002 63.854
0.154 0.015 0.17 0.118 0.014 0.131 56.652 0.028 56.666 64.63 0 64.616 64.977 0.001 64.965
0.155 0.012 0.166 0.114 0.016 0.13 56.024 0.044 56.056 64.201 0 64.187 64.228 0 64.214
0.152 0.014 0.165 0.118 0.011 0.13 55.474 0.03 55.492 63.67 0.001 63.66 63.592 0 63.58
0.154 0.01 0.164 0.118 0.012 0.13 56.312 0.038 56.338 63.733 0.001 63.728 63.431 0 63.425
0.158 0.011 0.168 0.115 0.017 0.132 55.744 0.032 55.764 63.851 0.001 63.838 63.755 0.001 63.742
0.157 0.011 0.168 0.116 0.014 0.131 55.94 0.063 55.99 64.105 0.03 64.12 64.096 0.012 64.094
0.153 0.011 0.163 0.117 0.013 0.13 54.906 0.031 54.925 63.065 0 63.051 63.095 0 63.079
0.157 0.014 0.171 0.121 0.011 0.133 56.23 0.034 56.258 64.611 0.001 64.601 64.191 0.001 64.192
0.157 0.01 0.167 0.12 0.01 0.13 55.672 0.041 55.7 63.013 0.001 63.005 62.657 0 62.654
0.147 0.015 0.161 0.12 0.00799999999999999 0.128 55.524 0.026 55.539 63.762 0.001 63.751 63.67 0 63.658
0.151 0.013 0.163 0.11 0.018 0.128 55.041 0.048 55.076 63.167 0 63.153 63.042 0.004 63.032
0.147 0.021 0.168 0.124 0.00600000000000001 0.131 56.246 0.032 56.264 64.397 0.002 64.384 64.44 0.001 64.427
0.152 0.017 0.168 0.116 0.014 0.13 55.799 0.047 55.834 63.915 0.014 63.915 63.87 0.004 63.86
0.154 0.014 0.168 0.111 0.019 0.13 55.353 0.031 55.373 63.563 0 63.548 63.47 0 63.455
0.15 0.019 0.168 0.122 0.00800000000000001 0.13 55.726 0.033 55.746 63.861 0 63.847 63.889 0 63.875
0.151 0.017 0.168 0.115 0.015 0.13 55.901 0.036 55.925 64.203 0.002 64.192 64.13 0.001 64.117
0.157 0.013 0.17 0.112 0.02 0.132 56.039 0.044 56.072 64.299 0.001 64.288 64.186 0.003 64.178
0.162 0.00700000000000001 0.17 0.119 0.011 0.13 55.961 0.028 55.975 64.004 0.002 63.991 63.121 0.001 63.115
0.156 0.011 0.167 0.113 0.017 0.13 55.808 0.056 55.855 64.089 0.00800000000000001 64.087 63.999 0.00700000000000001 63.996
0.155 0.012 0.166 0.121 0.011 0.132 56.158 0.026 56.172 64.258 0 64.245 64.24 0.001 64.226
0.155 0.013 0.167 0.117 0.012 0.13 55.757 0.03 55.774 63.29 0.002 63.279 63.868 0.003 63.857
0.15 0.017 0.167 0.114 0.016 0.13 55.593 0.039 55.62 63.664 0.002 63.653 63.617 0 63.604
0.15 0.012 0.163 0.116 0.013 0.128 55.566 0.024 55.578 64.103 0 64.089 64.033 0 64.021
0.16 0.00799999999999999 0.168 0.119 0.011 0.131 55.677 0.029 55.694 63.932 0.001 63.918 64.173 0 64.16
0.151 0.014 0.165 0.118 0.012 0.131 56.123 0.05 56.16 64.184 0.002 64.171 64.2 0 64.186
0.157 0.013 0.169 0.121 0.01 0.132 55.396 0.027 55.411 63.643 0 63.629 63.576 0 63.562
0.155 0.00600000000000001 0.161 0.116 0.012 0.128 55.576 0.044 55.609 63.737 0.00700000000000001 63.731 63.678 0.004 63.67
0.153 0.013 0.167 0.116 0.014 0.129 55.463 0.034 55.486 63.498 0.002 63.486 63.421 0.001 63.408
0.148 0.015 0.163 0.114 0.016 0.13 55.79 0.03 55.808 64.233 0 64.219 64.197 0 64.182
0.152 0.017 0.169 0.114 0.016 0.13 55.818 0.025 55.831 63.85 0.002 63.839 63.403 0.00700000000000001 63.397
0.155 0.011 0.166 0.114 0.016 0.13 55.656 0.032 55.676 63.063 0.001 63.057 62.746 0 62.737
0.156 0.011 0.167 0.115 0.014 0.129 56.068 0.026 56.081 64.152 0.002 64.14 64.066 0 64.052
0.155 0.017 0.196 0.114 0.019 0.133 56.616 0.026 56.63 64.632 0 64.619 64.653 0.002 64.643
0.157 0.012 0.169 0.119 0.013 0.132 56.455 0.05 56.491 64.745 0 64.729 64.662 0.003 64.648
0.154 0.013 0.167 0.115 0.015 0.13 54.75 0.03 54.767 63.562 0.001 63.549 63.509 0 63.494
0.153 0.014 0.167 0.115 0.015 0.13 56 0.037 56.025 64.22 0.001 64.209 64.115 0 64.101
0.156 0.012 0.168 0.12 0.01 0.13 55.703 0.034 55.724 63.727 0 63.711 63.733 0.002 63.72
0.149 0.013 0.162 0.115 0.014 0.128 55.254 0.033 55.275 63.644 0.001 63.631 63.596 0 63.583
0.152 0.015 0.168 0.121 0.01 0.13 55.733 0.06 55.781 63.935 0.011 63.933 63.927 0.002 63.915
0.157 0.011 0.168 0.119 0.011 0.13 56.058 0.043 56.089 64.08 0 64.065 64.331 0 64.319
0.146 0.02 0.166 0.117 0.013 0.13 58.966 0.031 59.014 68.757 0.001 68.794 68.627 0.002 68.666
0.146 0.016 0.162 0.116 0.012 0.128 54.965 0.032 54.985 63.06 0.002 63.049 63.075 0 63.06
0.156 0.013 0.17 0.116 0.016 0.131 55.988 0.025 56 65.331 0.003 65.32 64.595 0 64.588
0.153 0.016 0.169 0.117 0.014 0.131 56.333 0.03 56.351 65.851 0.002 65.839 65.402 0 65.393
0.153 0.014 0.167 0.119 0.011 0.13 55.129 0.036 55.153 63.219 0.001 63.206 63.252 0 63.238
0.149 0.015 0.165 0.122 0.00800000000000001 0.129 55.791 0.034 55.813 63.832 0.003 63.821 63.758 0.001 63.745
0.154 0.015 0.168 0.115 0.015 0.13 55.928 0.021 55.937 63.716 0.001 63.704 63.67 0.00199999999999997 63.658
0.148 0.014 0.162 0.121 0.00800000000000001 0.13 55.642 0.044 55.672 63.723 0.014 63.722 63.64 0.00600000000000001 63.633
0.153 0.013 0.166 0.118 0.013 0.131 55.449 0.026 55.463 63.62 0 63.605 63.601 0 63.589
0.145 0.019 0.164 0.118 0.00999999999999998 0.128 55.97 0.043 56 64.199 0 64.184 64.258 0.001 64.246
0.152 0.01 0.162 0.112 0.018 0.129 56.149 0.031 56.17 64.438 0.002 64.427 64.394 0.001 64.382
0.154 0.012 0.166 0.115 0.016 0.131 55.67 0.03 55.688 63.822 0.003 63.811 63.741 0 63.728
0.147 0.018 0.166 0.124 0.00600000000000001 0.13 55.71 0.032 55.728 63.729 0 63.718 62.944 0 62.936
0.155 0.013 0.168 0.113 0.017 0.13 55.958 0.024 55.969 64.109 0.002 64.098 64.012 0.001 63.998
0.148 0.02 0.167 0.116 0.015 0.131 56.753 0.023 56.765 65.065 0 65.05 65.227 0 65.214
0.153 0.016 0.169 0.12 0.011 0.131 56.224 0.022 56.233 64.55 0.003 64.538 64.455 0.001 64.441
0.153 0.017 0.171 0.118 0.015 0.132 55.93 0.028 55.944 64.161 0 64.148 64.113 0 64.099
0.151 0.014 0.166 0.118 0.013 0.131 55.875 0.044 55.906 63.91 0 63.897 63.451 0 63.445
0.159 0.00899999999999999 0.167 0.118 0.013 0.131 55.798 0.023 55.808 64.129 0 64.115 64.091 0.001 64.077
0.158 0.012 0.17 0.119 0.015 0.134 56.525 0.042 56.557 64.997 0.001 64.989 64.905 0 64.895
0.157 0.011 0.17 0.116 0.014 0.129 55.571 0.047 55.605 63.616 0.000999999999999973 63.612 62.947 0 62.932
0.149 0.017 0.166 0.119 0.012 0.131 55.899 0.036 55.922 63.976 0 63.962 63.987 0 63.974
0.16 0.00899999999999999 0.169 0.116 0.013 0.13 55.593 0.036 55.616 63.833 0 63.818 63.746 0.001 63.734
0.154 0.014 0.169 0.116 0.014 0.13 56.074 0.032 56.092 64.174 0.001 64.162 64.131 0.002 64.119
0.154 0.014 0.168 0.122 0.00699999999999998 0.129 56.488 0.055 56.53 64.552 0.002 64.541 64.735 0 64.721
0.156 0.012 0.168 0.113 0.017 0.13 56.12 0.029 56.136 64.082 0.003 64.077 62.969 0.001 62.958
0.15 0.012 0.161 0.118 0.01 0.129 55.412 0.027 55.425 63.678 0.001 63.666 63.625 0 63.611
0.156 0.01 0.166 0.113 0.017 0.131 55.158 0.036 55.183 63.41 0.00199999999999997 63.399 63.396 0.003 63.384
0.146 0.016 0.162 0.117 0.011 0.128 55.316 0.09 55.41 63.142 0.061 63.223 63.491 0.021 63.545
0.152 0.012 0.164 0.117 0.012 0.129 55.947 0.036 55.97 64.018 0.001 64.005 63.903 0 63.889
0.156 0.011 0.167 0.115 0.015 0.13 55.584 0.024 55.596 63.722 0.002 63.71 63.53 0 63.516
0.152 0.014 0.166 0.114 0.015 0.13 55.409 0.032 55.427 63.578 0.002 63.567 63.471 0.005 63.462
0.147 0.018 0.165 0.118 0.012 0.13 55.774 0.025 55.786 63.756 0.003 63.746 63.742 0.003 63.732
0.153 0.015 0.168 0.113 0.016 0.13 56.037 0.064 56.088 64.176 0 64.163 64.159 0.003 64.148
0.152 0.016 0.169 0.119 0.013 0.131 56.751 0.044 56.782 65.158 0.003 65.147 65.168 0 65.153
0.154 0.014 0.167 0.118 0.012 0.131 56.189 0.026 56.202 64.259 0.003 64.248 64.311 0.003 64.299
0.151 0.014 0.167 0.11 0.019 0.128 55.587 0.028 55.604 63.862 0.001 63.849 63.766 0 63.752
0.155 0.012 0.167 0.114 0.017 0.131 55.333 0.044 55.366 63.372 0.002 63.36 63.314 0.001 63.302
0.152 0.018 0.169 0.122 0.01 0.132 56.588 0.04 56.615 64.783 0.002 64.769 64.744 0 64.728
0.156 0.011 0.166 0.116 0.013 0.129 55.611 0.02 55.619 63.791 0.001 63.778 63.856 0 63.843
0.15 0.012 0.162 0.115 0.013 0.129 55.492 0.049 55.529 64.027 0.001 64.015 64.1 0.004 64.092
0.159 0.01 0.167 0.115 0.014 0.13 56.085 0.035 56.108 64.172 0.001 64.159 64.134 0 64.12
0.154 0.014 0.168 0.111 0.018 0.13 56.715 0.037 56.74 64.415 0.002 64.403 64.667 0.001 64.655
0.148 0.014 0.163 0.109 0.02 0.129 56.036 0.029 56.052 64.042 0 64.03 63.948 0.001 63.935
0.152 0.016 0.169 0.12 0.011 0.13 56.718 0.047 56.752 64.723 0.001 64.709 64.689 0 64.675
0.147 0.015 0.162 0.114 0.015 0.128 54.988 0.038 55.015 63.335 0 63.32 63.286 0.001 63.272
0.157 0.01 0.167 0.121 0.00799999999999999 0.129 56.084 0.033 56.105 64.343 0.002 64.331 64.291 0.002 64.279
0.155 0.012 0.166 0.122 0.011 0.132 56.455 0.032 56.475 64.586 0 64.571 64.56 0 64.544
0.159 0.01 0.17 0.115 0.016 0.131 56.842 0.029 56.858 65.087 0 65.071 65.094 0 65.08
0.157 0.012 0.17 0.118 0.012 0.13 55.758 0.032 55.778 63.814 0.005 63.807 63.461 0.00299999999999997 63.451
0.15 0.017 0.167 0.121 0.00899999999999999 0.131 56.541 0.041 56.57 64.537 0 64.524 64.56 0 64.547
0.152 0.015 0.167 0.121 0.00900000000000001 0.13 56.194 0.028 56.21 64.387 0.002 64.377 64.361 0 64.348
0.143 0.019 0.162 0.118 0.01 0.128 55.47 0.027 55.485 63.568 0.001 63.555 63.537 0 63.523
0.152 0.013 0.165 0.112 0.018 0.13 55.863 0.047 55.897 63.963 0 63.949 63.867 0 63.858
0.154 0.014 0.168 0.118 0.013 0.131 55.926 0.037 55.95 64.181 0 64.168 64.049 0 64.035
0.151 0.017 0.168 0.114 0.017 0.131 56.169 0.034 56.19 64.226 0.001 64.213 64.223 0.003 64.213
0.148 0.015 0.163 0.117 0.013 0.13 56.078 0.037 56.102 64.192 0 64.179 64.141 0.001 64.128
0.152 0.016 0.168 0.119 0.012 0.131 54.556 0.033 54.584 62.817 0.002 62.806 62.403 0.00199999999999997 62.407
0.156 0.013 0.169 0.118 0.013 0.131 56.175 0.033 56.195 64.375 0.002 64.364 64.294 0.004 64.284
0.155 0.011 0.166 0.117 0.011 0.128 55.424 0.043 55.454 63.634 0.003 63.624 63.521 0.004 63.512
0.155 0.01 0.164 0.111 0.019 0.13 55.035 0.05 55.074 63.257 0 63.243 63.111 0 63.096
0.151 0.013 0.165 0.116 0.014 0.129 55.861 0.035 55.885 64.021 0.002 64.008 64 0.003 63.989
0.159 0.01 0.168 0.118 0.013 0.131 55.737 0.039 55.764 64.805 0.00600000000000001 64.797 64.7 0.003 64.689
0.154 0.013 0.167 0.117 0.012 0.129 55.543 0.031 55.561 63.509 0.001 63.503 62.763 0 62.748
0.155 0.01 0.164 0.118 0.012 0.13 55.472 0.023 55.484 63.713 0.003 63.703 63.602 0.003 63.591
0.156 0.013 0.17 0.116 0.014 0.13 56.043 0.041 56.07 64.249 0.00800000000000001 64.243 64.092 0.001 64.079
0.153 0.016 0.169 0.118 0.011 0.129 56.123 0.042 56.152 64.326 0 64.312 64.192 0 64.177
0.154 0.017 0.172 0.115 0.018 0.133 56.659 0.031 56.678 64.734 0.002 64.722 64.844 0.001 64.831
0.151 0.016 0.167 0.118 0.013 0.13 56.025 0.032 56.045 63.535 0.001 63.533 63.18 0 63.174
0.152 0.016 0.168 0.11 0.02 0.13 55.952 0.042 55.982 63.645 0.002 63.633 63.757 0 63.744
0.154 0.013 0.167 0.117 0.012 0.129 55.341 0.025 55.352 63.23 0 63.221 62.71 0 62.694
0.152 0.015 0.168 0.118 0.012 0.13 56.33 0.042 56.359 64.37 0.00700000000000001 64.369 63.498 0.002 63.486
0.149 0.013 0.161 0.113 0.015 0.128 55.787 0.035 55.811 64.579 0.001 64.566 64.562 0.002 64.55
0.153 0.014 0.167 0.116 0.014 0.13 55.626 0.034 55.648 63.667 0 63.652 63.599 0 63.587
0.152 0.015 0.167 0.117 0.014 0.13 56.245 0.037 56.269 64.462 0.001 64.45 64.462 0.002 64.45
0.155 0.012 0.166 0.117 0.013 0.131 55.808 0.039 55.834 64.002 0.001 63.99 63.92 0.00299999999999997 63.909
0.154 0.013 0.167 0.12 0.011 0.131 55.559 0.033 55.579 63.788 0.002 63.777 63.774 0.00299999999999997 63.763
0.149 0.019 0.168 0.112 0.018 0.131 55.541 0.042 55.571 63.628 0.00199999999999997 63.616 63.589 0.001 63.577
0.149 0.019 0.168 0.112 0.017 0.129 55.764 0.043 55.793 63.893 0 63.881 63.917 0 63.903
0.158 0.011 0.168 0.115 0.016 0.131 55.782 0.028 55.796 63.834 0.00199999999999997 63.827 62.955 0.001 62.944
0.155 0.012 0.167 0.115 0.014 0.129 55.881 0.041 55.91 64.056 0.001 64.043 64.108 0 64.094
0.156 0.00600000000000001 0.161 0.113 0.015 0.129 55.999 0.033 56.019 64.227 0.003 64.215 63.734 0.003 63.73
0.153 0.016 0.167 0.115 0.015 0.13 55.453 0.028 55.468 63.763 0.001 63.75 63.689 0 63.674
0.152 0.015 0.167 0.117 0.012 0.129 55.726 0.03 55.743 64.042 0 64.028 63.988 0.002 63.976
0.15 0.014 0.163 0.114 0.013 0.128 56.07 0.041 56.097 64.252 0.002 64.242 64.255 0 64.241
0.157 0.012 0.169 0.118 0.012 0.13 55.975 0.022 55.985 64.135 0 64.121 63.913 0.002 63.902
0.156 0.015 0.171 0.116 0.017 0.133 56.949 0.031 56.967 65.06 0.001 65.047 65.057 0 65.042
0.151 0.012 0.163 0.116 0.013 0.129 56.472 0.025 56.485 64.605 0.001 64.592 64.517 0 64.505
0.149 0.015 0.165 0.115 0.016 0.13 55.902 0.045 55.936 63.943 0.002 63.931 63.846 0 63.834
0.157 0.01 0.167 0.118 0.00900000000000001 0.128 54.885 0.034 54.907 61.91 0 61.898 61.769 0 61.756
0.154 0.015 0.169 0.122 0.01 0.132 56.694 0.024 56.706 64.706 0.002 64.695 64.632 0 64.62
0.152 0.014 0.166 0.113 0.017 0.13 55.038 0.026 55.053 63.284 0.001 63.275 63.247 0.001 63.234
0.15 0.013 0.162 0.116 0.013 0.13 54.954 0.036 54.978 63.111 0.00199999999999997 63.1 62.979 0.001 62.965
0.145 0.021 0.166 0.122 0.00700000000000001 0.129 55.671 0.033 55.692 63.926 0 63.913 63.832 0 63.818
0.158 0.014 0.172 0.121 0.013 0.133 57.771 0.058 57.817 67.178 0 67.163 67.116 0.001 67.102
0.145 0.021 0.165 0.117 0.011 0.128 55.548 0.026 55.562 63.67 0.005 63.662 63.633 0.002 63.622
0.15 0.015 0.165 0.117 0.013 0.129 56.154 0.043 56.184 63.935 0 63.921 63.699 0 63.686
0.15 0.016 0.166 0.115 0.016 0.13 55.652 0.031 55.67 63.681 0.002 63.67 63.705 0.000999999999999973 63.693
0.151 0.017 0.167 0.116 0.015 0.131 56.213 0.057 56.257 64.239 0 64.226 64.23 0 64.217
0.154 0.014 0.167 0.116 0.015 0.131 56.019 0.044 56.051 64.069 0.002 64.058 64.059 0 64.045
0.153 0.015 0.167 0.111 0.019 0.13 56.037 0.035 56.059 64.175 0 64.161 64.096 0 64.082
0.154 0.012 0.167 0.117 0.013 0.129 55.445 0.04 55.473 63.693 0.001 63.68 63.473 0 63.459
0.159 0.00899999999999999 0.168 0.121 0.01 0.13 56.424 0.037 56.449 64.464 0.001 64.451 64.554 0.002 64.543
0.152 0.016 0.168 0.117 0.013 0.13 55.653 0.025 55.665 63.259 0.001 63.255 62.962 0 62.958
0.153 0.014 0.167 0.112 0.017 0.129 55.944 0.045 55.978 64.158 0.001 64.144 64.057 0.003 64.047
0.153 0.01 0.163 0.123 0.00800000000000001 0.131 56.725 0.031 56.744 65.164 0 65.149 65.154 0.001 65.141
0.152 0.015 0.168 0.113 0.016 0.129 55.769 0.029 55.784 63.854 0.001 63.839 63.802 0.001 63.788
0.154 0.014 0.168 0.116 0.014 0.13 55.533 0.041 55.56 63.574 0.002 63.564 63.524 0 63.511
0.15 0.018 0.169 0.117 0.014 0.13 56.012 0.029 56.028 64.172 0.002 64.159 64.137 0.003 64.125
0.15 0.016 0.166 0.118 0.013 0.131 56.725 0.031 56.743 64.87 0 64.857 64.817 0 64.803
0.154 0.013 0.168 0.12 0.012 0.13 55.787 0.048 55.824 63.665 0.001 63.653 63.603 0 63.588
0.151 0.018 0.169 0.118 0.012 0.13 55.351 0.034 55.372 63.379 0.001 63.365 63.298 0 63.282
0.146 0.016 0.166 0.113 0.016 0.128 54.987 0.036 55.011 63.112 0.003 63.102 63.076 0 63.062
0.148 0.013 0.161 0.111 0.018 0.129 55.267 0.037 55.299 63.645 0.003 63.636 63.479 0 63.477
0.156 0.011 0.167 0.112 0.018 0.13 55.458 0.043 55.487 63.767 0 63.754 63.652 0.001 63.639
0.155 0.012 0.166 0.114 0.015 0.13 55.738 0.035 55.76 63.483 0.001 63.476 62.849 0.003 62.837
0.152 0.011 0.162 0.118 0.011 0.129 56.027 0.025 56.041 64.129 0 64.114 64.213 0 64.2
0.154 0.015 0.168 0.125 0.00600000000000001 0.131 56.143 0.038 56.168 64.467 0.002 64.457 64.421 0 64.407
0.149 0.017 0.167 0.111 0.018 0.129 55.726 0.03 55.742 63.9 0.002 63.889 63.863 0.002 63.851
0.155 0.015 0.17 0.114 0.017 0.131 55.863 0.083 56.003 64.035 0.058 64.158 64.113 0.046 64.229
0.146 0.016 0.162 0.119 0.01 0.129 55.473 0.062 55.523 63.844 0.012 63.842 63.685 0.003 63.684
0.152 0.016 0.168 0.12 0.012 0.131 55.424 0.028 55.441 63.55 0.002 63.537 63.567 0.001 63.555
0.15 0.015 0.164 0.117 0.012 0.129 56.111 0.029 56.128 64.37 0 64.356 64.205 0.002 64.195
0.153 0.015 0.168 0.117 0.012 0.129 55.71 0.037 55.735 63.792 0.004 63.783 63.744 0.00199999999999997 63.732
0.156 0.011 0.167 0.113 0.017 0.13 55.55 0.041 55.577 63.649 0.001 63.633 63.592 0.001 63.579
0.148 0.014 0.162 0.119 0.011 0.13 55.53 0.034 55.552 63.816 0 63.802 63.936 0 63.923
0.152 0.015 0.167 0.12 0.01 0.13 55.782 0.041 55.808 63.973 0.001 63.959 63.982 0 63.968
0.149 0.014 0.162 0.114 0.014 0.128 55.13 0.037 55.154 63.279 0 63.266 63.89 0 63.874
0.143 0.019 0.162 0.118 0.01 0.129 55.943 0.035 55.965 64.132 0.001 64.119 64.141 0.001 64.128
0.153 0.016 0.169 0.12 0.011 0.13 56.58 0.047 56.614 64.621 0.014 64.622 64.524 0.013 64.523
0.155 0.011 0.165 0.118 0.011 0.129 55.076 0.03 55.095 63.34 0.001 63.33 63.367 0.002 63.356
0.158 0.011 0.169 0.113 0.017 0.13 55.592 0.027 55.607 63.761 0.000999999999999973 63.748 63.375 0.005 63.374
0.154 0.014 0.168 0.112 0.02 0.132 56.147 0.043 56.186 64.619 0.003 64.608 64.355 0 64.356
0.153 0.015 0.167 0.12 0.011 0.131 55.628 0.035 55.65 63.741 0.001 63.729 63.637 0 63.625
0.145 0.018 0.163 0.117 0.012 0.129 55.32 0.05 55.358 63.928 0.001 63.917 63.833 0.00199999999999997 63.822
0.148 0.018 0.165 0.117 0.014 0.132 56.197 0.045 56.229 64.878 0.001 64.864 64.889 0.001 64.876
0.147 0.017 0.164 0.12 0.00799999999999999 0.128 55.762 0.044 55.794 63.936 0 63.923 63.899 0.003 63.89
0.152 0.015 0.167 0.119 0.01 0.129 55.774 0.03 55.792 64.098 0 64.085 64.005 0 63.992
0.155 0.013 0.168 0.119 0.012 0.131 56.402 0.044 56.434 64.323 0.004 64.314 64.351 0.001 64.339
0.157 0.014 0.171 0.118 0.014 0.133 55.686 0.026 55.7 63.803 0 63.791 63.747 0.000999999999999973 63.735
0.155 0.012 0.167 0.112 0.018 0.129 55.74 0.027 55.756 63.864 0.003 63.855 63.838 0 63.825
0.149 0.019 0.169 0.118 0.012 0.13 55.513 0.027 55.528 63.788 0 63.775 63.673 0 63.662
0.151 0.015 0.167 0.122 0.011 0.133 55.981 0.024 55.991 64.177 0.002 64.167 64.109 0.003 64.098
0.154 0.013 0.167 0.114 0.015 0.13 55.444 0.033 55.464 63.625 0.001 63.613 63.566 0 63.552
0.149 0.012 0.161 0.116 0.011 0.127 55.691 0.044 55.722 63.856 0.002 63.844 63.836 0 63.822
0.155 0.012 0.168 0.118 0.013 0.13 56.043 0.028 56.058 64.179 0.001 64.167 64.07 0 64.054
0.144 0.018 0.162 0.113 0.016 0.13 55.872 0.034 55.892 64.49 0.00800000000000001 64.485 64.405 0.004 64.395
0.149 0.015 0.164 0.109 0.02 0.129 56.156 0.033 56.176 64.053 0.002 64.04 63.805 0.003 63.801
0.159 0.012 0.171 0.118 0.014 0.131 55.717 0.036 55.741 63.854 0 63.838 63.842 0.001 63.83
0.153 0.015 0.169 0.118 0.013 0.13 56.075 0.037 56.101 64.461 0.002 64.448 64.384 0 64.372
0.15 0.019 0.169 0.122 0.00899999999999998 0.131 56.533 0.038 56.558 63.854 0.011 63.859 63.72 0 63.716
0.158 0.011 0.168 0.118 0.012 0.131 55.933 0.041 55.961 63.667 0.002 63.655 63.396 0.001 63.39
0.145 0.016 0.162 0.115 0.013 0.128 56.063 0.018 56.067 64.677 0.002 64.666 63.866 0 63.859
0.151 0.012 0.163 0.114 0.015 0.13 56.18 0.033 56.2 64.951 0.003 64.941 64.657 0.001 64.643
0.15 0.014 0.163 0.12 0.01 0.131 55.979 0.025 55.992 64.155 0.001 64.141 64.104 0.001 64.092
0.153 0.015 0.169 0.123 0.00900000000000001 0.131 55.916 0.038 55.941 63.829 0.003 63.819 63.241 0 63.234
0.152 0.015 0.168 0.119 0.011 0.13 55.514 0.06 55.562 63.665 0.00600000000000001 63.658 63.641 0.002 63.629
0.157 0.014 0.171 0.12 0.014 0.134 56.495 0.033 56.515 64.747 0 64.734 63.964 0 63.959
0.159 0.01 0.168 0.114 0.016 0.13 56.42 0.034 56.441 64.539 0.002 64.528 64.256 0.003 64.245
0.151 0.016 0.167 0.117 0.013 0.129 55.367 0.033 55.387 63.607 0 63.592 63.514 0 63.498
0.151 0.014 0.165 0.123 0.00799999999999999 0.131 56.328 0.027 56.342 64.492 0.002 64.481 64.758 0.003 64.747
0.156 0.014 0.171 0.115 0.016 0.132 55.881 0.055 55.922 64.147 0.001 64.135 63.068 0 63.061
0.155 0.012 0.168 0.113 0.017 0.129 56.189 0.034 56.21 64.382 0 64.369 64.363 0 64.357
0.155 0.014 0.168 0.117 0.013 0.13 55.756 0.032 55.775 64.059 0.00199999999999997 64.048 63.973 0.001 63.96
0.16 0.00600000000000001 0.166 0.117 0.011 0.129 55.359 0.043 55.39 63.718 0.001 63.704 63.628 0 63.615
0.158 0.01 0.167 0.12 0.00900000000000001 0.129 55.827 0.028 55.841 63.888 0 63.874 63.806 0.001 63.792
0.156 0.017 0.172 0.119 0.014 0.134 57.664 0.028 57.679 65.753 0.001 65.739 65.642 0 65.625
0.15 0.017 0.167 0.112 0.018 0.13 55.491 0.027 55.514 63.082 0 63.068 62.807 0 62.812
0.161 0.00900000000000001 0.17 0.114 0.018 0.132 56.698 0.05 56.735 64.598 0.00999999999999998 64.601 63.863 0 63.848
0.145 0.017 0.162 0.11 0.018 0.128 56.046 0.041 56.074 64.217 0 64.204 64.087 0.001 64.074
0.157 0.01 0.167 0.118 0.012 0.129 55.479 0.031 55.499 64.136 0 64.122 64.074 0 64.062
0.158 0.012 0.168 0.114 0.016 0.131 55.878 0.049 55.914 63.968 0 63.961 63.383 0.003 63.373
0.146 0.015 0.161 0.114 0.015 0.13 55.664 0.03 55.682 63.8 0 63.787 63.799 0.002 63.787
0.152 0.015 0.167 0.121 0.00800000000000001 0.129 55.255 0.036 55.278 63.669 0 63.654 63.826 0.002 63.814
0.152 0.015 0.168 0.121 0.00900000000000001 0.129 55.838 0.033 55.858 63.453 0.002 63.45 62.99 0.001 62.976
0.154 0.014 0.168 0.12 0.011 0.131 55.649 0.04 55.676 63.853 0.00700000000000001 63.847 63.786 0 63.772
0.16 0.01 0.169 0.118 0.013 0.132 56.58 0.036 56.603 64.604 0.001 64.59 64.574 0 64.562
0.161 0.011 0.171 0.123 0.00899999999999999 0.133 56.78 0.037 56.804 65.352 0 65.338 64.888 0.001 64.875
0.156 0.015 0.172 0.126 0.00899999999999998 0.134 56.846 0.049 56.882 64.35 0.001 64.338 64.483 0 64.474
0.155 0.012 0.167 0.115 0.015 0.13 55.755 0.032 55.774 64.058 0.003 64.048 64.047 0 64.033
0.147 0.022 0.168 0.112 0.018 0.13 55.585 0.052 55.624 63.777 0 63.761 63.825 0.001 63.811
0.16 0.00499999999999999 0.166 0.114 0.015 0.129 54.841 0.034 54.865 63.248 0 63.235 63.094 0.001 63.084
0.148 0.018 0.165 0.117 0.012 0.13 56.564 0.05 56.6 64.55 0.001 64.539 64.557 0.003 64.546
0.157 0.011 0.169 0.109 0.023 0.13 55.514 0.054 55.556 63.623 0.003 63.614 63.581 0 63.567
0.158 0.01 0.168 0.112 0.018 0.13 56.085 0.028 56.099 64.562 0.001 64.55 64.51 0.003 64.5
0.153 0.015 0.167 0.115 0.015 0.13 55.874 0.045 55.907 64.002 0.003 63.993 63.952 0 63.94
0.154 0.014 0.168 0.117 0.013 0.13 56.399 0.028 56.414 64.307 0 64.293 63.498 0.001 63.494
0.162 0.00799999999999999 0.169 0.113 0.018 0.132 56.114 0.025 56.127 64.2 0.003 64.189 64.537 0 64.524
0.155 0.013 0.168 0.118 0.012 0.131 56.156 0.03 56.171 64.282 0 64.267 64.5 0.002 64.487
0.154 0.013 0.167 0.119 0.012 0.13 55.497 0.024 55.509 63.61 0.002 63.599 63.616 0 63.602
0.149 0.02 0.168 0.116 0.016 0.132 55.559 0.031 55.578 63.813 0 63.8 63.763 0 63.75
0.149 0.016 0.165 0.119 0.011 0.13 56.412 0.033 56.433 64.399 0.002 64.388 64.342 0 64.329
0.157 0.014 0.171 0.12 0.013 0.133 57.07 0.028 57.086 65.128 0.003 65.118 65.112 0.001 65.1
0.154 0.014 0.168 0.12 0.01 0.13 56.195 0.049 56.231 64.345 0.001 64.333 64.397 0 64.384
0.154 0.015 0.169 0.116 0.013 0.129 55.623 0.03 55.641 63.714 0.002 63.703 63.632 0 63.619
0.156 0.013 0.169 0.118 0.014 0.131 54.927 0.048 54.964 63.847 0 63.832 63.675 0 63.662
0.153 0.015 0.169 0.114 0.017 0.131 55.651 0.033 55.671 63.901 0.003 63.891 63.807 0 63.793
0.15 0.019 0.168 0.118 0.012 0.13 55.847 0.027 55.862 63.784 0.002 63.773 64.216 0 64.202
0.157 0.011 0.168 0.115 0.014 0.129 56.145 0.046 56.178 64.25 0 64.236 64.223 0.001 64.211
0.148 0.017 0.163 0.114 0.015 0.129 54.178 0.045 54.221 62.655 0.002 62.655 62.962 0 62.968
0.152 0.012 0.165 0.117 0.015 0.131 57.431 0.03 57.447 65.926 0 65.912 65.917 0 65.903
0.152 0.018 0.17 0.119 0.014 0.132 55.73 0.026 55.744 63.845 0.00800000000000001 63.839 63.704 0.003 63.693
0.156 0.012 0.168 0.121 0.011 0.131 56.164 0.023 56.175 64.249 0.001 64.236 64.161 0 64.147
0.153 0.015 0.168 0.114 0.016 0.131 55.977 0.047 56.012 63.892 0.003 63.881 63.855 0 63.842
0.156 0.012 0.167 0.119 0.00999999999999998 0.129 55.64 0.03 55.658 63.791 0.002 63.78 63.453 0 63.439
0.146 0.016 0.162 0.119 0.00899999999999999 0.128 55.366 0.033 55.386 63.405 0.001 63.391 63.332 0.003 63.32
0.154 0.015 0.168 0.115 0.016 0.131 56.337 0.032 56.355 63.756 0.002 63.753 63.736 0.001 63.733
0.159 0.00899999999999999 0.168 0.119 0.012 0.131 55.896 0.023 55.906 63.68 0.001 63.672 63.07 0 63.055
0.151 0.017 0.168 0.122 0.00799999999999999 0.13 55.329 0.038 55.354 63.453 0.001 63.44 63.394 0 63.38
0.149 0.015 0.165 0.117 0.014 0.131 55.519 0.027 55.54 64.612 0 64.603 64.129 0 64.128
0.15 0.016 0.165 0.116 0.012 0.129 55.74 0.038 55.765 64.47 0.000999999999999973 64.457 64.254 0.002 64.251
0.156 0.01 0.166 0.114 0.015 0.128 55.906 0.036 55.93 64.091 0 64.077 64.053 0 64.039
0.151 0.017 0.168 0.117 0.014 0.13 56.18 0.051 56.217 63.727 0.001 63.719 63.392 0 63.382
0.154 0.016 0.17 0.119 0.014 0.132 56.6 0.032 56.62 64.646 0 64.636 63.64 0 63.628
0.159 0.011 0.168 0.115 0.014 0.129 55.971 0.029 55.989 64.316 0 64.302 64.214 0.001 64.207
0.154 0.015 0.169 0.115 0.015 0.13 55.958 0.04 55.986 63.986 0.003 63.975 63.957 0.002 63.946
0.153 0.016 0.169 0.12 0.01 0.13 56.542 0.024 56.553 64.677 0 64.663 63.933 0.001 63.93
0.151 0.016 0.167 0.114 0.018 0.133 57.07 0.03 57.086 65.263 0.003 65.252 65.216 0 65.203
0.155 0.014 0.17 0.121 0.01 0.13 55.801 0.048 55.835 63.683 0.001 63.671 63.883 0 63.868
0.155 0.015 0.17 0.116 0.016 0.132 56.232 0.028 56.247 64.001 0.003 63.999 63.445 0.001 63.432
0.157 0.011 0.168 0.119 0.013 0.132 55.588 0.034 55.61 64.047 0.004 64.037 63.981 0 63.967
0.154 0.017 0.171 0.119 0.013 0.131 56.661 0.025 56.671 65.316 0.003 65.304 65.376 0 65.36
0.151 0.017 0.168 0.119 0.011 0.13 55.744 0.034 55.765 63.333 0 63.326 62.928 0 62.914
0.157 0.013 0.17 0.122 0.01 0.132 56.877 0.046 56.91 65.234 0.002 65.221 65.252 0 65.245
0.156 0.011 0.167 0.123 0.00899999999999999 0.131 55.445 0.03 55.464 63.64 0.004 63.631 67.833 0.001 67.861
0.154 0.014 0.168 0.117 0.012 0.129 55.717 0.036 55.74 63.78 0.00700000000000001 63.773 63.823 0.00699999999999998 63.817
0.155 0.014 0.169 0.122 0.01 0.132 56.927 0.047 56.96 65.077 0.00800000000000001 65.071 65.045 0 65.03
0.149 0.016 0.166 0.124 0.00700000000000001 0.13 56.854 0.036 56.877 64.879 0.001 64.866 64.9 0 64.887
0.155 0.013 0.169 0.123 0.00900000000000001 0.133 55.753 0.039 55.779 63.925 0.001 63.912 63.825 0.001 63.812
0.15 0.017 0.168 0.119 0.011 0.129 55.821 0.028 55.838 63.495 0.001 63.493 62.838 0 62.825
0.203 0.021 0.224 0.158 0.018 0.176 75.632 0.04 75.76 87.239 0.004 87.348 87.138 0 87.239
0.161 0.00700000000000001 0.169 0.121 0.01 0.13 55.641 0.022 55.651 63.855 0.001 63.842 63.108 0 63.102
0.158 0.013 0.171 0.119 0.014 0.134 56.755 0.038 56.779 64.279 0.003 64.269 64.931 0.001 64.919
0.146 0.021 0.166 0.115 0.014 0.13 55.241 0.038 55.267 63.458 0 63.447 63.427 0 63.414
0.155 0.012 0.166 0.121 0.00900000000000001 0.13 55.345 0.028 55.361 63.822 0.001 63.816 62.939 0 62.925
0.155 0.013 0.168 0.114 0.015 0.129 55.939 0.04 55.966 63.73 0 63.715 64.029 0 64.015
0.148 0.013 0.161 0.119 0.011 0.129 55.564 0.047 55.599 63.863 0.005 63.853 63.814 0.002 63.803
0.157 0.013 0.172 0.121 0.012 0.133 56.519 0.027 56.533 64.583 0.001 64.57 64.574 0 64.559
0.152 0.014 0.166 0.113 0.016 0.129 56.408 0.042 56.438 64.647 0.002 64.636 64.561 0.003 64.551
0.147 0.015 0.161 0.118 0.011 0.129 55.26 0.036 55.284 63.794 0.001 63.782 63.746 0 63.734
0.162 0.00600000000000001 0.168 0.115 0.016 0.132 56.388 0.042 56.417 64.479 0 64.465 64.485 0.001 64.474
0.155 0.014 0.169 0.112 0.018 0.13 55.664 0.052 55.704 63.852 0.003 63.842 63.792 0 63.779
0.156 0.011 0.166 0.114 0.015 0.129 55.358 0.027 55.381 62.826 0.00600000000000001 62.821 62.625 0.003 62.633
0.154 0.014 0.167 0.112 0.016 0.129 55.832 0.037 55.856 63.836 0.002 63.824 63.278 0.005 63.277
0.152 0.012 0.163 0.116 0.013 0.129 55.005 0.042 55.035 63.087 0.001 63.075 63.185 0 63.171
0.149 0.013 0.162 0.113 0.016 0.129 55.156 0.03 55.173 63.408 0.004 63.398 63.33 0.001 63.314
0.154 0.014 0.168 0.118 0.012 0.13 56.523 0.041 56.551 63.63 0.001 63.626 63.673 0 63.676
0.153 0.013 0.168 0.12 0.011 0.13 54.566 0.034 54.596 62.917 0.002 62.912 62.562 0.003 62.562
0.149 0.017 0.166 0.116 0.014 0.13 55.822 0.028 55.838 64.13 0 64.117 64.082 0.001 64.07
0.149 0.02 0.169 0.122 0.00899999999999999 0.131 55.765 0.032 55.785 64.123 0.002 64.112 64.087 0 64.075
0.155 0.013 0.168 0.113 0.017 0.13 55.659 0.03 55.677 63.849 0.001 63.836 63.797 0 63.783
0.21 0.024 0.233 0.157 0.021 0.18 76.699 0.039 76.832 87.835 0.001 87.941 87.95 0 88.057
0.155 0.014 0.168 0.112 0.018 0.131 55.779 0.029 55.795 63.822 0 63.813 63.283 0 63.272
0.148 0.014 0.161 0.114 0.014 0.128 55.684 0.035 55.706 63.791 0.014 63.792 63.687 0.001 63.674
0.153 0.017 0.17 0.113 0.018 0.131 55.814 0.037 55.838 63.837 0 63.823 63.626 0 63.617
0.153 0.013 0.166 0.112 0.019 0.131 56.178 0.027 56.192 64.201 0.001 64.188 64.169 0.001 64.156
0.154 0.013 0.167 0.119 0.011 0.13 55.799 0.034 55.82 63.767 0.001 63.755 63.692 0 63.679
0.154 0.014 0.168 0.119 0.011 0.13 55.269 0.034 55.297 63.22 0.001 63.208 62.835 0 62.841
0.157 0.012 0.169 0.114 0.017 0.131 55.437 0.049 55.473 63.891 0.004 63.881 63.394 0.002 63.393
0.154 0.013 0.166 0.122 0.00700000000000001 0.129 55.817 0.039 55.844 63.817 0.002 63.806 63.758 0.004 63.747
0.154 0.017 0.171 0.119 0.012 0.131 56.283 0.031 56.301 64.489 0.001 64.475 64.405 0.001 64.392
0.155 0.014 0.169 0.117 0.015 0.131 55.927 0.04 55.956 63.686 0 63.672 64.25 0 64.236
0.157 0.01 0.167 0.119 0.011 0.13 55.529 0.032 55.548 63.692 0.002 63.681 63.563 0.001 63.551
0.155 0.014 0.17 0.122 0.01 0.131 56.787 0.035 56.809 64.836 0.002 64.826 64.851 0 64.837
0.16 0.012 0.172 0.117 0.018 0.134 56.26 0.023 56.27 63.834 0.002 63.821 64.477 0.001 64.463
0.153 0.016 0.169 0.118 0.013 0.131 55.786 0.033 55.806 63.463 0.001 63.459 62.988 0 62.973
0.152 0.01 0.162 0.116 0.013 0.129 55.345 0.033 55.374 63.106 0.002 63.096 62.778 0.001 62.786
0.155 0.014 0.169 0.121 0.011 0.132 55.646 0.032 55.665 63.351 0.002 63.346 62.878 0 62.863
0.152 0.015 0.167 0.118 0.011 0.13 55.685 0.042 55.714 63.685 0.002 63.673 62.753 0.00399999999999998 62.751
0.145 0.025 0.17 0.113 0.019 0.132 55.698 0.055 55.74 63.837 0 63.824 63.138 0 63.133
0.154 0.013 0.167 0.118 0.011 0.129 55.456 0.036 55.48 68.098 0.001 68.131 68.323 0.001 68.357
0.155 0.01 0.165 0.121 0.00800000000000001 0.13 56.008 0.026 56.022 64.113 0.001 64.099 63.668 0.001 63.662
0.152 0.017 0.169 0.117 0.013 0.13 55.769 0.031 55.789 63.894 0.001 63.881 63.798 0 63.784
0.146 0.015 0.161 0.12 0.00900000000000001 0.129 55.939 0.025 55.95 64.265 0.001 64.251 63.718 0 63.71
0.155 0.012 0.168 0.116 0.014 0.129 55.969 0.035 55.991 64.065 0.005 64.055 64.072 0 64.056
0.151 0.017 0.168 0.12 0.01 0.13 55.694 0.038 55.72 63.705 0.002 63.696 63.678 0.001 63.665
0.158 0.012 0.171 0.116 0.017 0.132 57.276 0.029 57.292 65.384 0.001 65.372 64.797 0 64.79
0.155 0.014 0.169 0.114 0.017 0.13 55.892 0.027 55.907 64.229 0.002 64.217 64.14 0 64.126
0.151 0.017 0.168 0.115 0.015 0.13 55.628 0.066 55.68 63.855 0.001 63.84 63.775 0 63.759
0.158 0.00899999999999999 0.166 0.113 0.015 0.129 55.137 0.044 55.169 63.343 0.001 63.332 63.236 0.001 63.225
0.144 0.024 0.168 0.119 0.012 0.131 55.591 0.035 55.614 63.646 0.001 63.641 62.923 0 62.907
0.162 0.011 0.173 0.119 0.011 0.13 55.915 0.031 55.933 64.053 0.001 64.04 64.04 0 64.026
0.151 0.014 0.165 0.12 0.01 0.13 56.065 0.037 56.09 64.293 0.00800000000000001 64.291 64.272 0.002 64.259
0.151 0.016 0.167 0.115 0.014 0.129 55.52 0.032 55.54 63.698 0 63.683 63.611 0 63.597
0.154 0.013 0.168 0.118 0.013 0.129 55.092 0.032 55.113 63.514 0 63.5 63.42 0 63.406
0.151 0.017 0.169 0.116 0.015 0.13 55.945 0.028 55.96 63.508 0 63.495 64.03 0.001 64.017
0.154 0.014 0.168 0.117 0.012 0.129 55.299 0.045 55.333 63.718 0.002 63.713 62.876 0 62.861
0.144 0.022 0.166 0.117 0.011 0.129 55.762 0.03 55.78 63.095 0 63.089 62.867 0.001 62.866
0.158 0.012 0.171 0.118 0.015 0.131 56.721 0.041 56.751 64.926 0.00299999999999997 64.917 65.244 0.003 65.233
0.156 0.00900000000000001 0.165 0.115 0.015 0.129 56.814 0.031 56.833 64.931 0.001 64.917 64.85 0.001 64.839
0.156 0.013 0.169 0.122 0.011 0.132 55.674 0.034 55.696 63.909 0 63.897 63.801 0.004 63.791
0.157 0.012 0.169 0.12 0.01 0.13 55.865 0.028 55.881 63.816 0 63.803 63.043 0.001 63.037
0.151 0.016 0.167 0.116 0.014 0.13 55.78 0.051 55.818 63.277 0 63.263 63.825 0.001 63.816
0.149 0.013 0.162 0.115 0.015 0.128 54.999 0.04 55.026 63.21 0.001 63.198 63.107 0 63.091
0.15 0.019 0.169 0.114 0.016 0.13 55.79 0.042 55.819 63.15 0.004 63.149 63.029 0.003 63.025
0.156 0.012 0.169 0.119 0.012 0.131 55.809 0.037 55.833 63.926 0 63.912 63.841 0 63.827
0.156 0.011 0.166 0.121 0.00799999999999999 0.129 55.238 0.03 55.256 63.53 0.001 63.517 63.442 0 63.427
0.151 0.014 0.165 0.115 0.017 0.132 56.644 0.028 56.659 64.759 0.001 64.746 64.75 0.003 64.739
0.153 0.015 0.169 0.118 0.013 0.129 55.651 0.036 55.676 63.615 0 63.606 62.987 0.001 62.974
0.158 0.01 0.168 0.113 0.017 0.13 55.722 0.031 55.741 63.908 0.001 63.895 63.81 0 63.797
0.159 0.00900000000000001 0.168 0.125 0.005 0.13 56.054 0.034 56.077 64.467 0 64.453 64.425 0.00700000000000001 64.419
0.151 0.017 0.168 0.117 0.013 0.13 55.807 0.041 55.836 63.29 0.001 63.286 63.286 0 63.283
0.156 0.013 0.169 0.119 0.012 0.13 55.634 0.039 55.661 64.098 0 64.085 63.468 0 63.464
0.157 0.015 0.172 0.122 0.013 0.135 56.704 0.066 56.778 66.473 0.03 66.52 66.434 0.003 66.425
0.157 0.011 0.168 0.122 0.00900000000000001 0.131 55.595 0.035 55.618 63.75 0.002 63.739 63.004 0 62.997
0.153 0.018 0.17 0.124 0.00800000000000001 0.132 55.552 0.037 55.577 63.327 0.001 63.323 62.249 0.002 62.236
0.157 0.01 0.167 0.116 0.014 0.13 56.324 0.027 56.338 63.772 0.001 63.768 63.537 0.002 63.54
0.151 0.016 0.167 0.119 0.011 0.13 55.416 0.033 55.435 63.672 0.001 63.66 63.625 0 63.611
0.149 0.021 0.171 0.117 0.017 0.134 56.722 0.043 56.752 64.726 0.001 64.713 64.764 0 64.75
0.222 0.018 0.239 0.167 0.019 0.187 77.66 0.055 77.81 88.775 0.003 88.886 88.661 0.001 88.77
0.154 0.014 0.168 0.12 0.01 0.13 56.04 0.03 56.057 63.997 0 63.986 62.836 0 62.825
0.159 0.01 0.168 0.117 0.013 0.13 55.621 0.036 55.645 63.615 0.001 63.608 62.8 0 62.789
0.162 0.00899999999999999 0.171 0.12 0.012 0.132 56.098 0.035 56.12 66.839 0.002 66.827 66.753 0.002 66.741
0.148 0.013 0.162 0.114 0.014 0.128 55.71 0.053 55.762 63.973 0.001 63.961 63.952 0 63.938
0.146 0.023 0.17 0.12 0.011 0.131 55.666 0.046 55.699 63.792 0.001 63.778 63.638 0.001 63.626
0.154 0.012 0.165 0.115 0.014 0.13 55.933 0.036 55.956 64.18 0.002 64.167 64.078 0.001 64.065
0.154 0.014 0.167 0.119 0.011 0.131 56.85 0.029 56.866 64.97 0.002 64.959 65.008 0 64.994
0.147 0.015 0.162 0.119 0.00900000000000001 0.128 55.568 0.032 55.586 63.719 0.001 63.704 63.613 0.002 63.601
0.155 0.013 0.168 0.12 0.01 0.131 55.528 0.026 55.542 63.227 0.002 63.224 62.786 0.003 62.774
0.152 0.015 0.167 0.116 0.015 0.13 55.696 0.048 55.733 64.536 0 64.522 64.611 0.003 64.599
0.157 0.011 0.168 0.116 0.014 0.129 55.548 0.036 55.571 62.526 0.001 62.523 62.713 0 62.702
0.145 0.017 0.161 0.11 0.018 0.129 55.109 0.058 55.152 63.734 0.03 63.749 63.629 0.022 63.635
0.156 0.013 0.169 0.121 0.01 0.131 55.759 0.024 55.772 64.872 0.001 64.86 64.798 0.001 64.786
0.151 0.013 0.164 0.119 0.011 0.13 56.523 0.037 56.548 65.163 0.002 65.15 64.453 0 64.446
0.149 0.019 0.168 0.112 0.017 0.13 55.773 0.024 55.785 64.002 0.001 63.99 63.92 0 63.907
0.152 0.014 0.166 0.113 0.017 0.13 55.863 0.037 55.887 64.053 0.001 64.041 63.406 0 63.398
0.154 0.014 0.169 0.112 0.018 0.13 55.676 0.034 55.697 63.818 0.003 63.809 63.764 0.002 63.751
0.16 0.00699999999999999 0.167 0.12 0.01 0.13 55.266 0.043 55.296 63.23 0.001 63.226 62.813 0.00299999999999997 62.801
0.155 0.015 0.17 0.119 0.013 0.132 57.035 0.031 57.053 65.168 0 65.158 64.356 0.001 64.344
0.153 0.017 0.17 0.114 0.018 0.132 55.86 0.037 55.882 63.98 0.001 63.967 63.753 0 63.738
0.16 0.011 0.172 0.113 0.018 0.131 56.189 0.02 56.194 64.581 0 64.567 64.532 0.002 64.518
0.153 0.013 0.166 0.114 0.015 0.129 56.487 0.027 56.5 64.691 0 64.678 64.696 0.001 64.683
0.154 0.013 0.166 0.113 0.016 0.129 55.936 0.039 55.962 64.035 0.012 64.033 64.001 0.002 63.989
0.153 0.015 0.168 0.114 0.016 0.13 55.894 0.036 55.917 64.026 0.002 64.014 63.24 0 63.233
0.151 0.016 0.167 0.115 0.014 0.129 55.504 0.028 55.52 63.606 0.001 63.593 63.56 0 63.547
0.155 0.015 0.17 0.114 0.018 0.132 55.051 0.027 55.073 63.159 0.001 63.148 62.837 0.001 62.842
0.149 0.017 0.165 0.117 0.011 0.129 55.566 0.029 55.582 63.806 0.002 63.795 63.778 0 63.763
0.158 0.012 0.17 0.116 0.016 0.132 56.404 0.04 56.431 63.995 0.001 63.993 63.726 0.005 63.729
0.153 0.014 0.167 0.116 0.015 0.131 55.857 0.022 55.867 63.57 0 63.566 63.008 0.00299999999999997 62.998
0.151 0.016 0.167 0.116 0.014 0.13 55.955 0.039 55.981 64.243 0.003 64.232 64.155 0 64.143
0.152 0.016 0.169 0.122 0.00799999999999999 0.13 56.118 0.043 56.147 64.276 0.001 64.272 63.716 0.003 63.706
0.16 0.00799999999999999 0.168 0.117 0.013 0.131 56.084 0.043 56.114 63.76 0.004 63.756 63.427 0 63.413
0.153 0.016 0.168 0.119 0.011 0.131 55.33 0.03 55.346 63.732 0.001 63.72 63.912 0 63.898
0.156 0.014 0.17 0.116 0.017 0.133 55.853 0.046 55.885 63.299 0 63.294 63.237 0 63.239
0.147 0.015 0.163 0.11 0.019 0.128 55.067 0.028 55.082 63.276 0.004 63.265 63.191 0.005 63.181
0.157 0.01 0.167 0.12 0.00899999999999999 0.129 55.654 0.027 55.668 63.997 0.001 63.992 63.697 0.001 63.684
0.156 0.014 0.169 0.116 0.015 0.132 55.628 0.035 55.651 63.612 0 63.599 63.642 0 63.63
0.151 0.016 0.167 0.119 0.01 0.129 55.509 0.034 55.531 63.576 0.002 63.564 63.526 0.00299999999999997 63.516
0.15 0.018 0.168 0.119 0.011 0.13 55.633 0.036 55.656 63.705 0.002 63.693 63.066 0 63.057
0.148 0.021 0.171 0.114 0.018 0.131 56.358 0.03 56.378 64.687 0.001 64.675 64.623 0.001 64.612
0.151 0.012 0.167 0.116 0.012 0.128 55.344 0.048 55.379 63.34 0.003 63.335 62.821 0.001 62.809
0.155 0.012 0.166 0.109 0.019 0.129 55.645 0.031 55.663 63.761 0 63.753 62.865 0 62.854
0.155 0.013 0.168 0.117 0.012 0.129 56.2 0.041 56.227 64.27 0.002 64.256 64.299 0 64.283
0.148 0.015 0.163 0.112 0.017 0.13 54.936 0.035 54.965 62.833 0.002 62.823 62.564 0 62.566
0.158 0.011 0.169 0.123 0.00900000000000001 0.132 55.602 0.033 55.622 63.552 0.002 63.548 62.832 0.001 62.82
0.157 0.011 0.168 0.122 0.00800000000000001 0.13 55.671 0.039 55.698 63.639 0.002 63.635 62.333 0.002 62.323
0.152 0.016 0.168 0.119 0.011 0.13 56.529 0.035 56.551 64.592 0 64.581 63.88 0.001 63.871
0.155 0.013 0.168 0.117 0.014 0.131 55.692 0.026 55.714 63.532 0.001 63.521 63.175 0.002 63.181
0.153 0.014 0.168 0.12 0.00900000000000001 0.129 55.777 0.032 55.795 64.249 0 64.233 64.152 0 64.137
0.156 0.013 0.169 0.118 0.013 0.131 55.746 0.033 55.766 63.828 0.00499999999999998 63.819 63.716 0 63.702
0.157 0.01 0.167 0.115 0.015 0.129 55.468 0.032 55.488 63.666 0.001 63.653 63.536 0.001 63.523
0.157 0.01 0.168 0.118 0.012 0.129 55.805 0.033 55.826 63.799 0.003 63.797 63.178 0.004 63.167
0.155 0.011 0.166 0.112 0.018 0.129 55.267 0.036 55.29 63.451 0.001 63.44 63.383 0.001 63.369
0.156 0.011 0.167 0.113 0.016 0.129 55.541 0.038 55.567 63.098 0.001 63.086 63.087 0.001 63.08
0.145 0.016 0.161 0.119 0.011 0.129 55.59 0.036 55.615 63.434 0.004 63.424 63.947 0.001 63.936
0.155 0.015 0.17 0.118 0.015 0.132 56.544 0.034 56.566 64.592 0.001 64.58 64.15 0.001 64.144
0.155 0.012 0.167 0.12 0.01 0.13 56.004 0.037 56.027 64.116 0 64.101 63.721 0 63.705
0.143 0.025 0.167 0.115 0.015 0.13 56.312 0.041 56.34 64.613 0 64.598 64.488 0 64.474
0.154 0.013 0.167 0.114 0.016 0.13 55.831 0.029 55.847 63.997 0 63.984 64.035 0 64.02
0.156 0.012 0.168 0.119 0.012 0.13 56.041 0.037 56.066 64.187 0.001 64.176 64.209 0 64.196
0.213 0.023 0.236 0.162 0.02 0.183 77.823 0.038 77.955 89.019 0.001 89.134 87.934 0.005 88.056
0.151 0.014 0.165 0.114 0.015 0.13 55.794 0.035 55.815 64.303 0.004 64.293 63.599 0.002 63.593
0.16 0.00800000000000001 0.168 0.114 0.016 0.129 55.663 0.03 55.68 63.66 0.002 63.65 63.584 0 63.57
0.146 0.016 0.162 0.117 0.012 0.129 55.844 0.035 55.866 64.13 0 64.117 64.048 0 64.033
0.151 0.017 0.168 0.117 0.013 0.131 55.823 0.029 55.839 63.963 0 63.949 63.815 0.001 63.801
0.15 0.017 0.167 0.121 0.012 0.133 55.981 0.031 56 64.785 0 64.77 64.698 0 64.683
0.154 0.013 0.167 0.118 0.012 0.13 56.219 0.032 56.238 64.359 0 64.346 64.36 0 64.345
0.154 0.012 0.165 0.115 0.015 0.13 55.813 0.024 55.826 63.772 0 63.765 62.867 0.00499999999999998 62.859
0.152 0.016 0.169 0.119 0.012 0.13 55.706 0.031 55.726 63.744 0.003 63.733 63.656 0 63.643
0.154 0.013 0.167 0.115 0.014 0.13 55.443 0.028 55.458 63.602 0.002 63.589 63.529 0.001 63.515
0.159 0.01 0.169 0.12 0.01 0.129 55.582 0.026 55.596 63.693 0.001 63.68 63.562 0.000999999999999973 63.55
0.157 0.011 0.169 0.116 0.014 0.13 55.971 0.035 55.993 64.114 0 64.101 64.035 0 64.021
0.154 0.014 0.168 0.118 0.013 0.129 55.489 0.055 55.532 63.315 0.001 63.304 63.099 0.001 63.093
0.156 0.013 0.169 0.114 0.017 0.131 55.438 0.025 55.45 62.57 0 62.563 62.67 0 62.665
0.155 0.014 0.169 0.113 0.018 0.131 55.049 0.032 55.076 63.387 0.002 63.378 63.033 0 63.033
0.157 0.011 0.168 0.112 0.019 0.131 56.993 0.043 57.023 65.301 0.001 65.288 65.277 0.001 65.265
0.164 0.00700000000000001 0.171 0.115 0.018 0.132 56.399 0.048 56.435 64.492 0.004 64.483 64.486 0 64.472
0.154 0.013 0.167 0.116 0.013 0.129 56.315 0.042 56.344 63.666 0.002 63.661 63.027 0 63.015
0.15 0.012 0.162 0.111 0.017 0.128 55.109 0.031 55.127 63.207 0.002 63.195 63.135 0.001 63.12
0.152 0.016 0.168 0.114 0.016 0.129 55.952 0.031 55.971 63.145 0 63.141 62.944 0 62.94
0.16 0.01 0.17 0.119 0.013 0.131 55.556 0.031 55.579 62.507 0.001 62.496 62.378 0 62.372
0.157 0.011 0.168 0.114 0.015 0.129 55.245 0.045 55.278 63.943 0 63.929 63.821 0.001 63.809
0.156 0.012 0.167 0.118 0.012 0.13 56.069 0.033 56.09 63.746 0.003 63.736 63.845 0.001 63.832
0.15 0.015 0.165 0.12 0.011 0.131 56.698 0.037 56.721 64.936 0.003 64.923 64.457 0.003 64.452
0.154 0.016 0.17 0.118 0.013 0.131 56.415 0.034 56.435 64.532 0.002 64.52 63.404 0.002 63.398
0.152 0.014 0.167 0.118 0.011 0.129 56.047 0.03 56.065 64.047 0.003 64.035 64.033 0.001 64.02
0.158 0.011 0.17 0.117 0.014 0.13 57.196 0.045 57.229 64.807 0 64.803 64.492 0 64.482
0.161 0.00700000000000001 0.168 0.113 0.018 0.13 56.085 0.036 56.11 64.363 0.001 64.352 64.282 0 64.268
0.154 0.014 0.168 0.113 0.017 0.129 55.746 0.032 55.766 63.717 0.001 63.705 63.439 0 63.425
0.151 0.016 0.167 0.109 0.019 0.128 55.588 0.031 55.607 63.685 0.001 63.673 63.606 0.001 63.593
0.149 0.018 0.167 0.116 0.014 0.13 55.575 0.036 55.598 63.143 0.001 63.139 62.708 0.00499999999999998 62.699
0.157 0.012 0.169 0.117 0.013 0.13 55.624 0.039 55.651 64.01 0.002 63.998 62.984 0.001 62.98
0.149 0.018 0.168 0.114 0.016 0.129 56.464 0.03 56.48 64.235 0 64.222 64.005 0.001 63.998
0.157 0.011 0.168 0.118 0.012 0.13 55.25 0.049 55.297 63.268 0.015 63.272 62.809 0.00900000000000001 62.826
0.159 0.011 0.17 0.119 0.012 0.131 55.566 0.023 55.575 64.052 0.001 64.038 63.932 0.001 63.917
0.157 0.01 0.167 0.111 0.019 0.13 55.336 0.041 55.363 63.467 0.002 63.456 63.096 0.001 63.091
0.154 0.011 0.166 0.119 0.01 0.129 56.04 0.036 56.063 64.129 0.002 64.118 64.161 0 64.146
0.152 0.019 0.171 0.118 0.015 0.133 56.477 0.034 56.498 64.689 0.001 64.677 65.004 0 64.99
0.151 0.016 0.168 0.116 0.015 0.13 55.406 0.025 55.419 63.46 0.003 63.449 62.844 0 62.838
0.157 0.012 0.169 0.115 0.016 0.131 56.497 0.041 56.527 64.597 0.001 64.584 64.626 0 64.617
0.145 0.022 0.166 0.117 0.012 0.13 55.547 0.031 55.566 63.867 0.001 63.854 63.337 0.001 63.331
0.155 0.013 0.168 0.118 0.013 0.13 55.701 0.042 55.729 63.736 0.000999999999999973 63.722 63.323 0 63.308
0.157 0.011 0.168 0.12 0.011 0.131 56.041 0.029 56.057 64.147 0.001 64.134 63.65 0 63.642
0.152 0.015 0.167 0.119 0.011 0.13 56.215 0.03 56.232 64.483 0 64.469 64.495 0 64.481
0.154 0.014 0.167 0.113 0.017 0.131 54.64 0.038 54.667 63.596 0 63.583 63.481 0 63.468
0.153 0.011 0.164 0.121 0.00799999999999999 0.13 55.478 0.044 55.509 63.863 0 63.849 63.769 0 63.755
0.155 0.016 0.171 0.119 0.013 0.132 56.741 0.026 56.754 64.718 0.00600000000000001 64.717 64.139 0.000999999999999973 64.128
0.156 0.013 0.169 0.12 0.011 0.131 56.006 0.028 56.022 64.365 0 64.351 64.328 0.001 64.315
0.153 0.014 0.168 0.12 0.00999999999999998 0.13 55.887 0.035 55.907 64.254 0.001 64.24 64.195 0 64.18
0.156 0.01 0.166 0.121 0.00799999999999999 0.13 55.348 0.037 55.372 63.574 0.001 63.562 63.526 0.001 63.514
0.154 0.012 0.167 0.114 0.015 0.129 55.308 0.041 55.341 63.014 0 63.001 62.74 0.000999999999999973 62.742
0.146 0.015 0.161 0.115 0.013 0.127 55.826 0.023 55.836 63.91 0.002 63.9 63.869 0 63.856
0.158 0.01 0.168 0.115 0.014 0.129 55.851 0.033 55.871 64 0.001 63.988 64.15 0.001 64.138
0.155 0.013 0.168 0.113 0.018 0.131 55.737 0.032 55.757 63.848 0 63.836 63.748 0.001 63.734
0.158 0.00900000000000001 0.167 0.116 0.013 0.13 55.597 0.034 55.619 63.945 0 63.931 63.883 0.001 63.87
0.162 0.00600000000000001 0.167 0.113 0.016 0.13 55.457 0.024 55.469 63.703 0.001 63.689 63.638 0 63.626
0.151 0.015 0.166 0.117 0.014 0.13 56.189 0.032 56.209 64.479 0.000999999999999973 64.466 64.421 0.003 64.409
0.158 0.011 0.168 0.118 0.012 0.13 56.497 0.033 56.518 64.379 0 64.365 64.378 0.001 64.367
0.155 0.013 0.168 0.116 0.014 0.129 55.587 0.044 55.619 63.42 0.014 63.42 63.222 0.00700000000000001 63.224
0.154 0.016 0.17 0.115 0.016 0.132 55.643 0.036 55.664 62.764 0.001 62.758 62.802 0.003 62.797
0.155 0.015 0.17 0.116 0.016 0.132 54.728 0.033 54.756 63.293 0 63.284 62.847 0.001 62.846
0.156 0.013 0.168 0.115 0.017 0.131 56.218 0.033 56.238 64.269 0.004 64.259 64.368 0.003 64.355
0.156 0.016 0.172 0.12 0.012 0.132 56.644 0.032 56.664 64.996 0.001 64.983 65.097 0 65.082
0.154 0.012 0.167 0.119 0.01 0.129 55.799 0.025 55.811 64.138 0.002 64.127 64.003 0 63.988
0.155 0.011 0.166 0.118 0.01 0.128 55.43 0.038 55.456 63.551 0.005 63.541 63.543 0 63.53
0.147 0.016 0.163 0.116 0.013 0.128 54.827 0.029 54.85 63.162 0 63.156 62.763 0 62.76
0.147 0.017 0.164 0.118 0.013 0.131 55.927 0.032 55.947 64.457 0.001 64.445 64.19 0 64.185
0.15 0.013 0.163 0.115 0.013 0.129 55.774 0.028 55.79 63.275 0.002 63.271 63.057 0 63.049
0.151 0.015 0.166 0.118 0.012 0.13 55.233 0.05 55.269 63.362 0.001 63.35 62.717 0 62.71
0.155 0.014 0.168 0.124 0.00600000000000001 0.13 56.086 0.032 56.104 64.158 0 64.145 63.007 0 62.999
0.153 0.014 0.167 0.119 0.011 0.129 55.974 0.032 55.994 64.511 0.001 64.499 64.526 0.001 64.513
0.156 0.013 0.168 0.115 0.016 0.131 55.907 0.041 55.935 64.193 0 64.18 64.122 0 64.108
0.151 0.015 0.167 0.118 0.012 0.129 56.174 0.032 56.194 64.316 0.001 64.302 64.327 0.00399999999999998 64.318
0.152 0.017 0.169 0.115 0.016 0.131 55.63 0.032 55.649 63.644 0.001 63.634 63.576 0.003 63.565
0.159 0.011 0.17 0.12 0.011 0.131 56.613 0.035 56.634 64.657 0 64.645 64.71 0 64.696
0.149 0.014 0.163 0.118 0.011 0.129 55.205 0.025 55.218 63.418 0.001 63.405 63.348 0.001 63.335
0.158 0.01 0.167 0.115 0.016 0.131 54.785 0.035 54.816 62.981 0 62.978 62.529 0 62.531
0.154 0.014 0.168 0.116 0.014 0.13 55.372 0.026 55.383 64.159 0 64.144 64.047 0.001 64.033
0.158 0.01 0.168 0.116 0.013 0.129 54.473 0.05 54.52 62.809 0.002 62.803 62.438 0.003 62.448
0.151 0.013 0.164 0.117 0.012 0.129 55.913 0.037 55.947 63.543 0.002 63.531 63.368 0 63.373
0.152 0.014 0.166 0.121 0.00900000000000001 0.129 55.656 0.033 55.678 63.241 0.001 63.236 62.844 0 62.832
0.154 0.014 0.167 0.12 0.01 0.13 56.085 0.061 56.133 65.421 0.047 65.455 65.37 0.045 65.401
0.155 0.012 0.167 0.113 0.016 0.129 55.52 0.041 55.548 63.55 0.004 63.541 63.522 0.002 63.511
0.149 0.02 0.17 0.119 0.013 0.132 56.805 0.032 56.823 64.454 0.00599999999999998 64.456 63.92 0.003 63.91
0.158 0.011 0.169 0.117 0.013 0.13 55.623 0.038 55.648 63.813 0.001 63.801 63.115 0.001 63.111
0.153 0.015 0.167 0.119 0.011 0.13 55.62 0.036 55.643 63.42 0.001 63.407 63.022 0.002 63.016
0.154 0.016 0.169 0.12 0.012 0.132 55.808 0.04 55.835 63.498 0.001 63.492 63.121 0.002 63.108
0.155 0.016 0.17 0.119 0.013 0.132 55.838 0.033 55.86 64.044 0.001 64.031 63.981 0 63.969
0.153 0.014 0.166 0.12 0.00900000000000001 0.13 55.635 0.03 55.653 63.904 0.001 63.891 63.047 0.001 63.041
0.153 0.018 0.172 0.122 0.011 0.132 57.383 0.019 57.388 65.773 0.001 65.758 65.371 0 65.355
0.151 0.015 0.167 0.116 0.012 0.128 55.442 0.035 55.464 63.569 0.002 63.557 62.763 0 62.756
0.159 0.01 0.169 0.118 0.012 0.13 56.015 0.05 56.05 64.169 0.001 64.156 63.999 0 63.984
0.154 0.012 0.166 0.114 0.017 0.131 55.368 0.042 55.398 62.976 0 62.968 62.554 0.004 62.547
0.156 0.012 0.168 0.111 0.019 0.13 55.823 0.049 55.859 63.939 0 63.924 63.914 0.001 63.901
0.157 0.011 0.168 0.113 0.018 0.131 56.02 0.024 56.031 63.887 0.001 63.882 63.377 0 63.365
0.16 0.00799999999999999 0.168 0.117 0.013 0.13 55.917 0.051 55.954 63.689 0 63.676 63.992 0 63.979
0.157 0.00899999999999999 0.166 0.116 0.013 0.129 55.81 0.041 55.84 64.167 0 64.152 64.039 0.00199999999999997 64.028
0.154 0.013 0.167 0.12 0.00899999999999999 0.129 56.041 0.026 56.054 64.214 0.002 64.202 64.15 0 64.137
0.146 0.021 0.166 0.116 0.015 0.13 55.873 0.041 55.903 63.576 0.001 63.568 63.049 0.001 63.036
0.154 0.016 0.169 0.123 0.00800000000000001 0.131 56.048 0.04 56.076 64.052 0.004 64.042 63.946 0.001 63.933
0.161 0.00900000000000001 0.172 0.116 0.016 0.132 56.113 0.038 56.139 64.331 0 64.317 64.234 0 64.222
0.151 0.013 0.164 0.113 0.016 0.129 55.379 0.046 55.413 62.99 0 62.982 62.581 0.002 62.573
0.149 0.017 0.166 0.118 0.012 0.13 55.829 0.034 55.85 63.801 0 63.787 63.7 0.001 63.692
0.154 0.015 0.169 0.114 0.016 0.13 56.449 0.035 56.471 64.552 0 64.539 64.484 0.001 64.471
0.158 0.012 0.169 0.12 0.011 0.132 55.456 0.03 55.473 63.569 0.003 63.558 63.295 0 63.29
0.162 0.00900000000000001 0.17 0.118 0.014 0.133 55.714 0.07 55.775 63.148 0.003 63.139 63.198 0.001 63.192
0.154 0.014 0.168 0.114 0.017 0.13 54.519 0.036 54.551 63.059 0 63.05 62.627 0 62.621
0.155 0.013 0.169 0.12 0.012 0.131 55.86 0.035 55.883 63.989 0.001 63.974 63.907 0.001 63.893
0.155 0.014 0.169 0.121 0.00999999999999998 0.131 55.579 0.037 55.604 63.802 0.002 63.791 63.725 0.001 63.712
0.156 0.01 0.166 0.113 0.016 0.13 55.834 0.041 55.863 63.947 0.001 63.934 63.905 0 63.891
0.151 0.016 0.167 0.123 0.00600000000000001 0.129 55.555 0.03 55.573 63.601 0.001 63.588 63.161 0.001 63.155
0.147 0.016 0.163 0.117 0.012 0.129 53.985 0.034 54.014 62.296 0.001 62.29 61.888 0.00199999999999997 61.891
0.151 0.02 0.171 0.113 0.019 0.132 55.667 0.046 55.701 64.409 0 64.395 64.256 0.002 64.251
0.147 0.016 0.164 0.115 0.013 0.128 55.233 0.053 55.274 63.366 0 63.354 63.29 0.002 63.277
0.15 0.014 0.164 0.12 0.00900000000000001 0.128 55.494 0.03 55.512 63.588 0.001 63.574 63.155 0.001 63.147
0.156 0.012 0.169 0.117 0.015 0.131 56.097 0.033 56.116 64.16 0.005 64.151 63.272 0.001 63.267
0.153 0.017 0.17 0.119 0.013 0.133 56.517 0.026 56.53 64.649 0 64.635 64.723 0.00299999999999997 64.713
0.163 0.00700000000000001 0.169 0.115 0.016 0.132 56.385 0.038 56.41 64.697 0.001 64.684 64.726 0 64.712
0.155 0.012 0.168 0.118 0.012 0.13 55.736 0.04 55.765 64.109 0 64.095 64.102 0.005 64.094
0.154 0.01 0.164 0.114 0.015 0.129 55.281 0.021 55.291 63.569 0.001 63.557 63.455 0 63.442
0.152 0.011 0.163 0.117 0.012 0.128 56.362 0.04 56.39 64.47 0 64.455 64.449 0 64.436
0.156 0.01 0.167 0.113 0.018 0.13 55.132 0.04 55.17 63.26 0.001 63.253 62.907 0.001 62.914
0.154 0.014 0.168 0.119 0.01 0.129 55.315 0.027 55.328 63.191 0.002 63.186 62.716 0.002 62.711
0.156 0.012 0.168 0.117 0.014 0.13 54.841 0.036 54.873 62.855 0 62.849 62.46 0.003 62.463
0.155 0.014 0.17 0.117 0.015 0.131 55.67 0.032 55.69 63.801 0.00399999999999998 63.79 63.71 0 63.697
0.16 0.00799999999999999 0.169 0.11 0.02 0.13 56.169 0.04 56.197 63.448 0 63.443 63.488 0.001 63.485
0.148 0.019 0.168 0.12 0.01 0.13 55.665 0.029 55.682 63.695 0.003 63.683 63.632 0.001 63.62
0.156 0.013 0.168 0.115 0.015 0.13 56.004 0.03 56.022 64.641 0 64.627 64.595 0 64.581
0.153 0.014 0.167 0.111 0.018 0.129 55.448 0.04 55.475 63.208 0.001 63.205 62.649 0 62.635
0.159 0.01 0.169 0.117 0.014 0.131 55.642 0.036 55.666 63.869 0.00600000000000001 63.861 63.001 0.002 62.997
0.157 0.016 0.172 0.125 0.00900000000000001 0.134 57.23 0.03 57.246 65.08 0.003 65.068 64.822 0.002 64.815
0.156 0.012 0.167 0.12 0.011 0.131 56.194 0.046 56.228 64.333 0.002 64.32 63.754 0.001 63.747
0.151 0.015 0.167 0.12 0.01 0.129 55.507 0.043 55.538 63.588 0.001 63.575 63.476 0 63.462
0.158 0.00899999999999999 0.168 0.119 0.012 0.131 55.431 0.031 55.45 63.675 0 63.663 63.616 0.001 63.605
0.154 0.00900000000000001 0.164 0.112 0.016 0.128 55.018 0.034 55.04 63.229 0.001 63.216 63.193 0 63.179
0.152 0.017 0.169 0.115 0.014 0.129 55.753 0.028 55.769 63.849 0.002 63.838 63.277 0.003 63.272
0.157 0.015 0.172 0.119 0.012 0.132 56.63 0.03 56.645 64.724 0.002 64.71 63.757 0.003 63.753
0.15 0.017 0.167 0.12 0.01 0.13 55.45 0.035 55.473 63.631 0.001 63.617 63.599 0 63.587
0.156 0.012 0.168 0.12 0.012 0.132 55.483 0.032 55.503 63.648 0 63.634 63.578 0 63.564
0.154 0.014 0.168 0.113 0.017 0.13 55.798 0.031 55.815 63.898 0 63.883 63.521 0 63.512
0.152 0.015 0.167 0.118 0.012 0.129 55.526 0.045 55.559 63.72 0 63.707 63.709 0.001 63.696
0.158 0.013 0.17 0.119 0.013 0.132 56.533 0.028 56.548 64.615 0 64.6 64.618 0.001 64.605
0.157 0.013 0.169 0.12 0.012 0.133 56.719 0.033 56.738 64.612 0.002 64.607 64.003 0.002 63.993
0.154 0.014 0.168 0.12 0.01 0.129 56.28 0.037 56.305 64.162 0 64.148 64.265 0 64.252
0.159 0.013 0.172 0.12 0.016 0.135 57.122 0.031 57.141 65.203 0.005 65.194 64.893 0.001 64.891
0.151 0.015 0.167 0.119 0.012 0.131 55.436 0.054 55.478 63.679 0 63.665 63.658 0 63.644
0.147 0.017 0.165 0.116 0.013 0.129 55.392 0.043 55.422 63.566 0 63.553 63.484 0 63.47
0.149 0.014 0.163 0.119 0.01 0.129 56.706 0.03 56.723 65.19 0.001 65.176 65.125 0.001 65.112
0.143 0.019 0.163 0.116 0.013 0.129 55.797 0.045 55.829 64.11 0.002 64.097 64.006 0.003 63.996
0.152 0.018 0.17 0.118 0.014 0.132 57.315 0.044 57.344 64.434 0.004 64.431 64.493 0.004 64.496
0.151 0.018 0.17 0.124 0.00800000000000001 0.131 54.798 0.038 54.829 63.611 0.003 63.604 63.216 0.001 63.215
0.154 0.016 0.17 0.125 0.00700000000000001 0.132 57.409 0.033 57.429 64.756 0 64.747 64.518 0 64.512
0.152 0.015 0.167 0.11 0.02 0.13 56.287 0.032 56.307 64.376 0.002 64.368 63.56 0.002 63.551
0.149 0.022 0.171 0.116 0.016 0.132 56.708 0.036 56.732 64.919 0.002 64.907 64.815 0.002 64.803
0.156 0.01 0.167 0.118 0.011 0.129 55.33 0.029 55.346 63.515 0.002 63.504 62.778 0.003 62.771
0.152 0.014 0.166 0.119 0.01 0.129 55.557 0.028 55.573 63.609 0.001 63.596 63.562 0.001 63.55
0.153 0.015 0.168 0.121 0.01 0.131 55.778 0.046 55.817 63.645 0 63.632 63.962 0 63.947
0.151 0.013 0.163 0.117 0.012 0.129 54.145 0.025 54.164 62.297 0 62.288 61.984 0.001 61.984
0.16 0.01 0.17 0.117 0.014 0.131 55.842 0.036 55.865 64.885 0 64.872 64.635 0.003 64.624
0.15 0.016 0.167 0.12 0.00900000000000001 0.128 55.74 0.039 55.766 63.832 0 63.815 63.691 0 63.676
0.157 0.011 0.168 0.115 0.016 0.131 56.001 0.029 56.018 64.612 0 64.598 64.433 0 64.428
0.151 0.013 0.164 0.114 0.016 0.131 55.865 0.046 55.898 64.213 0.001 64.202 64.136 0.001 64.124
0.155 0.012 0.166 0.115 0.016 0.131 56.207 0.025 56.219 64.265 0 64.25 63.838 0 63.833
0.156 0.016 0.172 0.12 0.014 0.133 56.989 0.033 57.01 65.076 0.004 65.065 64.197 0 64.188
0.158 0.011 0.169 0.119 0.013 0.132 56.888 0.036 56.911 65.01 0 64.996 64.949 0 64.935
0.156 0.011 0.168 0.121 0.01 0.13 56.071 0.038 56.096 64.24 0 64.227 64.237 0.001 64.224
0.152 0.015 0.166 0.114 0.015 0.13 55.728 0.029 55.745 63.952 0.001 63.939 63.841 0 63.827
0.146 0.018 0.164 0.114 0.015 0.129 56.07 0.041 56.099 64.481 0.001 64.469 64.504 0 64.495
0.152 0.017 0.17 0.121 0.011 0.132 56.556 0.035 56.587 64.621 0.002 64.615 64.287 0.001 64.291
0.156 0.013 0.17 0.118 0.013 0.131 55.935 0.069 55.997 63.649 0.015 63.651 63.429 0.003 63.435
0.151 0.016 0.167 0.117 0.013 0.13 55.622 0.028 55.647 63.618 0.00299999999999997 63.613 63.257 0.001 63.266
0.153 0.014 0.168 0.115 0.014 0.129 56.044 0.043 56.074 64.006 0.001 63.992 64 0.001 63.989
0.153 0.016 0.168 0.125 0.00600000000000001 0.131 56.184 0.031 56.203 63.305 0 63.3 63.421 0.001 63.419
0.147 0.019 0.167 0.118 0.013 0.13 55.671 0.024 55.684 63.771 0 63.757 63.673 0 63.66
0.148 0.015 0.164 0.117 0.014 0.13 55.696 0.052 55.736 63.895 0 63.882 63.869 0.001 63.857
0.157 0.011 0.168 0.119 0.01 0.129 55.515 0.029 55.531 63.434 0.001 63.42 62.884 0 62.878
0.159 0.011 0.169 0.123 0.00900000000000001 0.132 55.934 0.032 55.954 64.048 0.001 64.036 63.345 0 63.339
0.16 0.00799999999999999 0.168 0.117 0.012 0.129 56.425 0.024 56.436 64.226 0.002 64.214 63.959 0.00700000000000001 63.969
0.154 0.014 0.168 0.117 0.013 0.13 55.752 0.034 55.773 64.115 0.002 64.102 63.348 0.004 63.344
0.153 0.01 0.163 0.116 0.013 0.129 55.025 0.028 55.041 63.155 0.00799999999999998 63.149 63.094 0.001 63.081
0.15 0.018 0.167 0.119 0.012 0.131 55.532 0.03 55.549 63.537 0.001 63.524 63.024 0 63.016
0.148 0.013 0.162 0.118 0.01 0.128 55.815 0.03 55.831 63.874 0 63.86 63.802 0 63.788
0.159 0.00899999999999999 0.167 0.119 0.011 0.131 56.4 0.033 56.421 63.993 0 63.989 63.657 0 63.653
0.155 0.01 0.166 0.122 0.00900000000000001 0.131 56.141 0.022 56.15 64.534 0.003 64.524 64.519 0.001 64.506
0.149 0.019 0.167 0.117 0.012 0.13 55.546 0.036 55.57 63.66 0.001 63.648 63.036 0.004 63.032
0.158 0.00900000000000001 0.167 0.119 0.011 0.13 56.489 0.046 56.524 64.431 0.001 64.422 64.512 0.001 64.503
0.153 0.015 0.169 0.117 0.014 0.131 55.816 0.027 55.83 65.256 0.001 65.244 65.164 0 65.15
0.141 0.02 0.163 0.119 0.00900000000000001 0.128 55.667 0.027 55.682 63.755 0.001 63.742 63.683 0 63.67
0.155 0.015 0.169 0.112 0.02 0.132 55.546 0.02 55.554 63.744 0.001 63.731 63.654 0.002 63.644
0.156 0.012 0.168 0.118 0.014 0.132 56.199 0.019 56.206 64.291 0.001 64.278 64.281 0 64.267
0.154 0.015 0.169 0.119 0.011 0.13 56.292 0.036 56.317 64.475 0 64.46 64.435 0.002 64.424
0.153 0.00900000000000001 0.162 0.115 0.014 0.129 55.426 0.032 55.445 63.883 0 63.868 63.148 0 63.137
0.146 0.021 0.167 0.117 0.013 0.13 55.587 0.037 55.612 63.749 0.000999999999999973 63.736 63.664 0 63.65
0.154 0.012 0.166 0.117 0.013 0.13 55.551 0.029 55.568 63.748 0.002 63.735 63.672 0.002 63.66
0.152 0.013 0.165 0.118 0.01 0.128 55.638 0.028 55.654 63.7 0.001 63.695 62.875 0.002 62.864
0.152 0.016 0.169 0.116 0.015 0.13 56.053 0.026 56.068 63.957 0.001 63.944 64.281 0.001 64.269
0.156 0.014 0.169 0.113 0.016 0.13 56.193 0.081 56.314 63.121 0.052 63.215 63.194 0.062 63.306
0.155 0.01 0.165 0.117 0.014 0.132 56.785 0.04 56.811 65.008 0 64.993 65.045 0 65.031
0.158 0.013 0.171 0.112 0.019 0.131 55.541 0.034 55.562 64.021 0 64.008 63.915 0 63.9
0.154 0.015 0.169 0.116 0.015 0.131 55.711 0.035 55.733 62.775 0.03 62.798 62.815 0.017 62.824
0.152 0.016 0.168 0.119 0.012 0.131 55.365 0.031 55.39 63.541 0 63.531 63.238 0 63.237
0.153 0.017 0.169 0.119 0.012 0.132 55.637 0.041 55.665 64.024 0.002 64.011 63.993 0.002 63.981
0.153 0.015 0.167 0.119 0.011 0.129 55.666 0.049 55.703 63.756 0.004 63.748 63.694 0 63.68
0.156 0.01 0.167 0.117 0.014 0.129 55.326 0.04 55.354 63.741 0.002 63.73 63.642 0.002 63.631
0.153 0.013 0.166 0.11 0.018 0.128 55.171 0.031 55.19 63.714 0 63.7 63.65 0 63.636
0.149 0.02 0.169 0.117 0.014 0.131 57.005 0.027 57.019 65.111 0.002 65.098 65.135 0.002 65.123
0.16 0.00599999999999999 0.166 0.115 0.014 0.129 55.204 0.033 55.226 63.423 0.001 63.411 63.119 0 63.112
0.148 0.021 0.17 0.123 0.01 0.131 56.125 0.034 56.147 64.287 0.001 64.275 63.93 0 63.916
0.151 0.013 0.164 0.114 0.015 0.129 54.41 0.034 54.438 62.464 0.001 62.455 62.108 0 62.11
0.155 0.013 0.168 0.118 0.014 0.13 55.794 0.046 55.829 64.624 0 64.61 64.343 0 64.336
0.151 0.012 0.163 0.12 0.01 0.129 55.136 0.037 55.162 63.513 0.002 63.503 63.505 0.001 63.493
0.151 0.013 0.165 0.121 0.00900000000000001 0.129 55.253 0.052 55.292 63.409 0 63.396 62.932 0 62.924
0.159 0.011 0.17 0.119 0.012 0.132 55.749 0.041 55.777 63.791 0.004 63.78 62.96 0 62.953
0.151 0.011 0.161 0.118 0.011 0.129 55.402 0.105 55.51 63.708 0.002 63.696 63.65 0.003 63.639
0.155 0.013 0.168 0.117 0.013 0.13 55.864 0.03 55.882 63.817 0.001 63.805 63.457 0 63.443
0.159 0.01 0.169 0.115 0.017 0.13 55.908 0.028 55.924 63.844 0.001 63.833 63.785 0 63.771
0.15 0.018 0.169 0.124 0.00800000000000001 0.131 56.703 0.027 56.715 64.996 0 64.98 65.008 0.001 64.993
0.149 0.019 0.168 0.122 0.00900000000000001 0.131 56.008 0.031 56.025 64.111 0.005 64.102 63.707 0 63.699
0.153 0.013 0.166 0.119 0.00900000000000001 0.129 55.092 0.058 55.146 63.27 0.001 63.262 62.856 0 62.862
0.153 0.015 0.169 0.121 0.00899999999999998 0.129 55.425 0.039 55.45 63.368 0.003 63.365 63.163 0 63.164
0.154 0.014 0.168 0.12 0.012 0.132 54.775 0.03 54.802 62.84 0.002 62.835 62.452 0.001 62.461
0.153 0.017 0.169 0.122 0.01 0.132 55.972 0.038 55.998 64.068 0.003 64.057 64.082 0 64.068
0.151 0.017 0.169 0.117 0.013 0.129 55.575 0.041 55.603 62.679 0.002 62.677 62.727 0 62.72
0.157 0.011 0.167 0.122 0.00800000000000001 0.131 56.261 0.042 56.29 64.33 0.00299999999999997 64.319 64.315 0.001 64.302
0.155 0.014 0.169 0.122 0.01 0.132 55.72 0.05 55.757 63.503 0.001 63.499 62.905 0.003 62.894
0.157 0.013 0.169 0.115 0.015 0.131 55.799 0.028 55.815 64.159 0 64.145 63.377 0.002 63.375
0.158 0.00899999999999999 0.167 0.113 0.015 0.129 55.361 0.027 55.376 63.587 0.004 63.577 62.843 0.003 62.838
0.159 0.00900000000000001 0.168 0.117 0.013 0.13 55.554 0.04 55.58 63.761 0 63.746 62.735 0 62.729
0.145 0.016 0.162 0.119 0.00999999999999998 0.129 55.012 0.045 55.044 63.525 0.01 63.522 63.466 0.00999999999999998 63.46
0.152 0.014 0.166 0.117 0.012 0.129 55.59 0.037 55.615 63.702 0.001 63.688 63.121 0 63.112
0.153 0.014 0.167 0.11 0.02 0.13 55.632 0.051 55.67 63.636 0.00700000000000001 63.63 63.597 0 63.584
0.154 0.013 0.167 0.115 0.014 0.129 56.032 0.037 56.056 64.138 0.001 64.125 64.105 0 64.09
0.149 0.015 0.164 0.123 0.00700000000000001 0.13 55.461 0.042 55.5 63.158 0.002 63.15 62.967 0.002 62.975
0.154 0.016 0.17 0.122 0.011 0.132 55.615 0.031 55.634 63.795 0.005 63.786 63.811 0.000999999999999973 63.798
0.149 0.018 0.167 0.118 0.011 0.129 56.136 0.025 56.149 64.569 0.001 64.556 64.457 0 64.443
0.157 0.011 0.167 0.119 0.011 0.131 55.574 0.065 55.68 63.805 0.00399999999999998 63.796 63.3 0.001 63.298
0.159 0.01 0.17 0.12 0.011 0.131 55.515 0.03 55.536 62.781 0 62.77 62.78 0.002 62.776
0.151 0.017 0.168 0.115 0.015 0.13 56.24 0.031 56.259 64.5 0.002 64.488 64.429 0 64.416
0.148 0.015 0.164 0.109 0.02 0.129 56.365 0.029 56.381 64.618 0.002 64.607 64.57 0 64.555
0.158 0.01 0.168 0.116 0.015 0.13 55.984 0.036 56.008 64.35 0.001 64.338 64.348 0.001 64.335
0.146 0.016 0.162 0.119 0.00899999999999999 0.128 56.149 0.036 56.172 64.356 0.001 64.342 63.691 0 63.685
0.153 0.014 0.167 0.117 0.013 0.13 55.95 0.03 55.967 64.313 0.001 64.3 64.228 0 64.215
0.152 0.015 0.168 0.117 0.014 0.131 56.597 0.041 56.624 64.736 0.00199999999999997 64.723 64.699 0.002 64.686
0.148 0.014 0.162 0.117 0.012 0.129 55.956 0.041 55.984 63.787 0 63.782 63.151 0.00399999999999998 63.143
0.16 0.00799999999999999 0.168 0.11 0.019 0.129 55.655 0.029 55.671 63.436 0 63.423 63.674 0.002 63.663
0.146 0.017 0.163 0.117 0.012 0.129 55.301 0.03 55.318 63.711 0 63.697 63.9 0 63.886
0.154 0.014 0.168 0.118 0.011 0.129 55.68 0.029 55.696 62.664 0 62.656 62.859 0 62.852
0.154 0.014 0.168 0.116 0.014 0.13 54.618 0.048 54.661 63.164 0.002 63.157 62.797 0.001 62.8
0.147 0.02 0.168 0.112 0.019 0.13 55.775 0.029 55.792 64.024 0.002 64.012 63.971 0 63.958
0.157 0.012 0.17 0.118 0.012 0.13 55.948 0.033 55.969 64.012 0.003 64.002 63.889 0 63.876
0.154 0.013 0.167 0.12 0.00900000000000001 0.129 55.913 0.052 55.954 64.123 0.001 64.109 64.154 0 64.14
0.155 0.011 0.167 0.117 0.013 0.129 55.212 0.029 55.23 63.624 0.001 63.612 63.666 0.003 63.654
0.156 0.011 0.167 0.117 0.013 0.13 56.19 0.042 56.219 64.378 0.004 64.369 64.369 0.002 64.356
0.153 0.014 0.167 0.117 0.013 0.13 56.216 0.027 56.238 63.067 0.001 63.056 63.402 0 63.399
0.163 0.00799999999999999 0.171 0.119 0.014 0.133 56.378 0.037 56.403 66.775 0.000999999999999973 66.767 66.307 0.002 66.296
0.151 0.017 0.168 0.114 0.017 0.13 55.767 0.052 55.808 63.986 0.036 64.008 64.047 0.001 64.034
0.152 0.016 0.169 0.118 0.013 0.13 56.203 0.035 56.226 64.275 0 64.262 64.281 0.002 64.268
0.15 0.018 0.168 0.12 0.01 0.13 55.437 0.019 55.442 63.576 0 63.56 63.498 0.001 63.483
0.148 0.019 0.167 0.121 0.01 0.131 55.507 0.04 55.541 63.912 0.000999999999999973 63.908 63.56 0.004 63.566
0.155 0.014 0.169 0.118 0.013 0.13 55.911 0.028 55.927 64.468 0.001 64.455 64.35 0 64.346
0.148 0.015 0.163 0.121 0.00700000000000001 0.128 54.865 0.032 54.886 63.039 0.001 63.027 63.022 0 63.009
0.153 0.011 0.164 0.121 0.00799999999999999 0.129 55.218 0.032 55.235 63.363 0.003 63.353 62.815 0.003 62.811
0.151 0.019 0.169 0.115 0.016 0.131 56.535 0.037 56.558 64.431 0.002 64.419 63.348 0 63.341
0.15 0.017 0.167 0.115 0.015 0.13 55.378 0.03 55.394 63.492 0.001 63.479 63.416 0.001 63.402
0.157 0.01 0.168 0.117 0.013 0.129 55.541 0.031 55.559 63.06 0.003 63.058 62.662 0 62.648
0.156 0.012 0.168 0.114 0.016 0.13 55.785 0.03 55.803 64.01 0.002 63.999 63.275 0.001 63.27
0.153 0.019 0.172 0.118 0.015 0.133 57.631 0.027 57.646 65.541 0.001 65.526 65.334 0 65.327
0.152 0.017 0.169 0.124 0.00800000000000001 0.132 55.054 0.037 55.088 63.306 0.00299999999999997 63.304 62.867 0.001 62.873
0.158 0.014 0.171 0.116 0.016 0.131 55.699 0.023 55.709 63.624 0 63.616 63.399 0.002 63.394
0.155 0.013 0.168 0.121 0.00900000000000001 0.131 55.297 0.027 55.319 63.301 0.001 63.296 62.951 0 62.952
0.153 0.015 0.168 0.118 0.013 0.13 55.607 0.038 55.632 63.539 0 63.525 63.499 0.002 63.488
0.155 0.012 0.167 0.114 0.016 0.13 55.709 0.037 55.733 62.951 0 62.946 62.949 0.002 62.947
0.152 0.015 0.168 0.118 0.012 0.129 56.574 0.035 56.596 64.508 0 64.495 64.538 0.004 64.529
0.145 0.018 0.163 0.117 0.011 0.128 55.044 0.036 55.068 63.235 0.00199999999999997 63.222 62.765 0 62.759
0.153 0.014 0.167 0.119 0.011 0.129 55.768 0.029 55.785 64.028 0.004 64.019 63.18 0.002 63.175
0.157 0.016 0.172 0.12 0.013 0.133 57.014 0.033 57.034 65.1 0.003 65.087 64.258 0.002 64.25
0.149 0.013 0.163 0.118 0.012 0.129 55.153 0.048 55.193 62.646 0.005 62.64 62.475 0 62.473
0.15 0.018 0.168 0.116 0.014 0.13 55.75 0.042 55.779 63.939 0 63.925 63.305 0 63.298
0.154 0.012 0.166 0.112 0.018 0.129 55.665 0.029 55.683 63.779 0 63.764 63.211 0.002 63.208
0.149 0.018 0.168 0.113 0.017 0.129 55.375 0.044 55.407 63.623 0 63.608 63.606 0 63.593
0.154 0.013 0.167 0.118 0.012 0.13 55.646 0.028 55.662 63.755 0.002 63.745 63.725 0 63.712
0.153 0.018 0.171 0.117 0.017 0.134 57.231 0.028 57.245 64.816 0.002 64.812 64.328 0.000999999999999973 64.325
0.157 0.011 0.168 0.118 0.012 0.129 56.386 0.039 56.413 64.492 0.001 64.48 64.418 0 64.404
0.148 0.016 0.166 0.114 0.015 0.129 55.199 0.028 55.214 63.342 0 63.33 63.335 0 63.321
0.156 0.012 0.168 0.115 0.016 0.131 55.456 0.038 55.481 64.25 0.003 64.237 63.883 0 63.877
0.155 0.011 0.166 0.121 0.00799999999999999 0.129 55.549 0.045 55.581 63.659 0.001 63.647 63.565 0 63.551
0.154 0.014 0.168 0.117 0.013 0.131 55.855 0.045 55.888 64.075 0.001 64.063 64.151 0 64.137
0.156 0.011 0.167 0.115 0.016 0.13 55.531 0.041 55.558 63.603 0.015 63.604 63.56 0.003 63.549
0.154 0.013 0.166 0.114 0.015 0.13 56.649 0.042 56.677 64.316 0.002 64.312 63.651 0 63.638
0.157 0.01 0.167 0.116 0.013 0.13 55.835 0.034 55.856 63.795 0.001 63.782 64.008 0.000999999999999973 63.995
0.154 0.015 0.169 0.125 0.00700000000000001 0.13 56.382 0.032 56.402 64.228 0 64.222 63.691 0 63.676
0.148 0.02 0.169 0.113 0.017 0.13 55.585 0.037 55.61 63.84 0.002 63.829 63.715 0 63.711
0.156 0.012 0.168 0.111 0.019 0.13 55.762 0.024 55.772 63.288 0.001 63.282 63.203 0 63.194
0.158 0.011 0.168 0.118 0.013 0.131 54.704 0.055 54.754 63.098 0.013 63.101 62.651 0.00600000000000001 62.653
0.154 0.01 0.164 0.114 0.016 0.131 56.126 0.03 56.143 64.268 0.002 64.256 64.23 0 64.217
0.155 0.016 0.171 0.119 0.014 0.133 57.118 0.037 57.142 65.146 0.001 65.133 65.109 0 65.095
0.15 0.015 0.165 0.116 0.014 0.13 56.617 0.038 56.642 64.906 0.004 64.896 64.902 0 64.888
0.159 0.00800000000000001 0.167 0.112 0.016 0.128 55.297 0.025 55.308 63.942 0.00399999999999998 63.931 63.879 0 63.864
0.153 0.014 0.166 0.116 0.013 0.128 55.259 0.029 55.277 63.364 0.002 63.353 63.332 0 63.317
0.151 0.016 0.167 0.109 0.021 0.13 56.101 0.045 56.134 64.282 0.001 64.268 64.223 0 64.209
0.161 0.00900000000000001 0.17 0.118 0.014 0.132 57.094 0.034 57.121 63.982 0.002 63.973 64.004 0.001 64.003
0.152 0.017 0.169 0.122 0.01 0.132 56 0.032 56.018 64.327 0 64.314 64.157 0 64.147
0.157 0.013 0.17 0.117 0.016 0.132 57.062 0.039 57.086 65.274 0.001 65.259 65.415 0 65.4
0.152 0.012 0.164 0.116 0.015 0.13 54.043 0.042 54.08 62.273 0 62.264 61.871 0 61.875
0.157 0.014 0.171 0.121 0.012 0.133 57.084 0.028 57.099 65.529 0.001 65.517 65.328 0 65.323
0.147 0.016 0.163 0.12 0.00899999999999999 0.129 54.735 0.034 54.758 62.834 0.001 62.829 62.256 0.002 62.245
0.146 0.02 0.166 0.117 0.013 0.131 56.945 0.037 56.967 65.055 0 65.042 64.558 0 64.552
0.159 0.01 0.169 0.121 0.01 0.131 55.74 0.032 55.759 63.847 0.003 63.838 62.807 0 62.799
0.148 0.017 0.165 0.119 0.013 0.132 56.988 0.037 57.013 65.218 0 65.201 65.26 0 65.245
0.156 0.012 0.168 0.113 0.018 0.131 55.713 0.031 55.731 63.337 0.003 63.331 62.895 0 62.881
0.154 0.013 0.167 0.12 0.01 0.13 55.63 0.031 55.648 63.602 0.001 63.59 63.616 0.002 63.604
0.151 0.018 0.169 0.114 0.016 0.131 56.034 0.044 56.066 64.304 0 64.29 64.262 0 64.249
0.153 0.016 0.169 0.118 0.013 0.131 55.576 0.029 55.593 63.743 0.002 63.732 63.231 0.001 63.226
0.155 0.013 0.168 0.12 0.00999999999999998 0.13 56.222 0.028 56.236 64.583 0 64.569 64.328 0 64.321
0.149 0.013 0.162 0.111 0.019 0.129 55.753 0.031 55.78 63.55 0.00299999999999997 63.542 63.302 0.002 63.312
0.154 0.015 0.169 0.118 0.012 0.13 55.618 0.048 55.651 63.421 0 63.413 63.08 0 63.072
0.153 0.016 0.169 0.119 0.012 0.131 55.795 0.019 55.811 63.738 0 63.725 63.383 0 63.394
0.154 0.013 0.167 0.116 0.013 0.129 55.664 0.025 55.676 63.751 0 63.738 63.716 0.001 63.703
0.152 0.015 0.168 0.119 0.011 0.13 55.895 0.037 55.92 62.93 0 62.925 62.959 0.001 62.955
0.16 0.00900000000000001 0.168 0.12 0.01 0.131 55.297 0.036 55.33 63.221 0 63.208 62.879 0 62.891
0.151 0.016 0.166 0.116 0.014 0.13 55.575 0.031 55.595 63.724 0 63.71 63.613 0.002 63.601
0.15 0.017 0.167 0.114 0.015 0.129 56.193 0.045 56.225 64.387 0.01 64.384 64.304 0.003 64.293
0.145 0.018 0.163 0.118 0.011 0.129 55.155 0.039 55.182 63.408 0 63.394 62.96 0.002 62.956
0.145 0.02 0.166 0.119 0.011 0.13 56.019 0.029 56.034 64.069 0 64.056 64.054 0 64.041
0.152 0.017 0.169 0.116 0.017 0.132 57.357 0.03 57.374 65.493 0 65.48 64.879 0 64.872
0.154 0.015 0.169 0.108 0.024 0.132 56.57 0.039 56.596 64.868 0.002 64.857 64.708 0.001 64.695
0.155 0.013 0.168 0.117 0.014 0.131 56.082 0.042 56.111 64.339 0.000999999999999973 64.324 63.316 0 63.306
0.157 0.00900000000000001 0.166 0.117 0.012 0.129 55.964 0.035 55.987 64.264 0.005 64.256 63.421 0 63.414
0.153 0.017 0.169 0.117 0.015 0.132 56.419 0.053 56.459 64.659 0.014 64.659 64.057 0.00599999999999998 64.056
0.154 0.016 0.169 0.117 0.015 0.132 56.575 0.032 56.593 64.66 0.001 64.647 64.7 0 64.687
0.165 0.00800000000000001 0.173 0.121 0.012 0.132 57.231 0.042 57.26 65.568 0.002 65.555 65.637 0.005 65.627
0.155 0.012 0.168 0.121 0.00900000000000001 0.13 55.698 0.04 55.725 63.826 0.001 63.814 63.783 0 63.769
0.152 0.00900000000000001 0.164 0.117 0.011 0.128 54.652 0.025 54.667 62.895 0.001 62.884 62.794 0.001 62.782
0.154 0.015 0.17 0.117 0.016 0.132 55.778 0.039 55.804 63.556 0.003 63.552 63.107 0.002 63.094
0.149 0.014 0.163 0.12 0.01 0.13 55.729 0.047 55.764 63.008 0.000999999999999973 63.004 62.916 0 62.915
0.156 0.012 0.168 0.115 0.015 0.13 56.064 0.039 56.091 64.099 0.003 64.088 64.052 0 64.038
0.155 0.012 0.168 0.121 0.00899999999999999 0.13 56.168 0.033 56.187 64.319 0.004 64.308 63.768 0 63.762
0.155 0.015 0.169 0.12 0.011 0.132 57.253 0.044 57.284 65.298 0 65.284 65.269 0.002 65.257
0.155 0.012 0.167 0.114 0.014 0.129 55.456 0.037 55.479 63.578 0.002 63.566 63.495 0.00299999999999997 63.483
0.157 0.01 0.167 0.117 0.013 0.129 55.835 0.088 55.938 63.564 0.013 63.589 63.056 0 63.043
0.157 0.01 0.167 0.116 0.013 0.129 55.985 0.037 56.008 63.746 0.002 63.736 64.163 0 64.149
0.155 0.014 0.17 0.12 0.013 0.132 56.712 0.031 56.732 64.695 0 64.682 64.693 0.001 64.681
0.147 0.015 0.163 0.114 0.015 0.129 55.164 0.036 55.187 63.535 0.001 63.523 63.555 0.002 63.543
0.15 0.019 0.168 0.116 0.015 0.131 55.384 0.038 55.413 62.642 0.004 62.634 62.671 0 62.668
0.155 0.014 0.169 0.122 0.00800000000000001 0.13 54.764 0.032 54.791 63.085 0.004 63.08 62.756 0 62.757
0.156 0.013 0.168 0.117 0.013 0.13 56.392 0.03 56.41 64.611 0.002 64.6 64.511 0 64.497
0.153 0.014 0.167 0.119 0.011 0.13 55.996 0.032 56.015 63.951 0.001 63.938 63.891 0 63.878
0.157 0.01 0.167 0.117 0.012 0.129 55.404 0.039 55.43 63.508 0 63.491 63.482 0 63.466
0.159 0.00700000000000001 0.166 0.118 0.011 0.128 55.534 0.028 55.549 63.576 0 63.563 63.512 0.002 63.5
0.149 0.014 0.164 0.12 0.011 0.131 56.063 0.035 56.084 64.463 0 64.449 64.448 0.001 64.436
0.154 0.015 0.169 0.125 0.00700000000000001 0.131 56.245 0.03 56.263 64.708 0 64.694 64.084 0.002 64.078
0.156 0.013 0.168 0.118 0.013 0.131 55.557 0.035 55.587 63.027 0 63.017 62.832 0 62.832
0.156 0.011 0.168 0.118 0.012 0.129 56.01 0.03 56.026 63.785 0.001 63.779 63.138 0 63.125
0.156 0.011 0.167 0.116 0.014 0.13 55.642 0.022 55.651 63.703 0.001 63.687 63.616 0 63.601
0.147 0.016 0.163 0.115 0.014 0.129 54.207 0.049 54.25 62.967 0.001 62.956 62.497 0 62.505
0.153 0.013 0.166 0.122 0.01 0.132 56.971 0.042 57.001 64.914 0.002 64.907 64.298 0.001 64.286
0.146 0.017 0.163 0.118 0.011 0.129 55.135 0.047 55.169 63.223 0.004 63.212 62.741 0.003 62.739
0.15 0.019 0.17 0.118 0.012 0.13 55.789 0.032 55.807 63.848 0.003 63.836 63.05 0.002 63.045
0.151 0.014 0.165 0.111 0.018 0.129 55.654 0.035 55.675 63.834 0.001 63.821 63.8 0 63.785
0.152 0.016 0.168 0.114 0.017 0.129 55.965 0.04 55.992 64.09 0 64.077 64.032 0 64.018
0.153 0.01 0.162 0.118 0.012 0.13 55.112 0.034 55.134 63.728 0.001 63.715 63.239 0.001 63.232
0.151 0.012 0.162 0.117 0.012 0.129 55.19 0.028 55.206 63.478 0 63.464 62.865 0 62.858
0.153 0.016 0.17 0.12 0.013 0.132 56.287 0.027 56.301 64.58 0.001 64.568 63.425 0 63.421
0.142 0.019 0.162 0.112 0.017 0.128 55.202 0.07 55.26 63.994 0 63.98 63.842 0.002 63.83
0.152 0.016 0.168 0.117 0.013 0.13 55.642 0.044 55.673 63.61 0.002 63.596 63.223 0 63.216
0.146 0.015 0.161 0.113 0.015 0.129 55.423 0.038 55.456 63.338 0.004 63.331 63.045 0.002 63.058
0.154 0.015 0.169 0.112 0.018 0.13 55.488 0.075 55.55 63.504 0.003 63.499 63.225 0.001 63.22
0.152 0.016 0.168 0.118 0.013 0.13 55.437 0.024 55.458 63.472 0 63.467 63.068 0 63.069
0.154 0.013 0.167 0.111 0.019 0.13 56.376 0.033 56.396 64.009 0.003 64.007 63.491 0 63.478
0.156 0.012 0.169 0.122 0.00900000000000001 0.13 56.115 0.035 56.139 63.041 0.002 63.037 63.342 0 63.333
0.153 0.014 0.167 0.118 0.013 0.131 54.654 0.055 54.705 62.606 0.002 62.595 62.231 0 62.245
0.144 0.02 0.163 0.12 0.00899999999999999 0.13 55.722 0.031 55.74 63.939 0 63.926 63.846 0.001 63.833
0.152 0.016 0.167 0.123 0.00700000000000001 0.129 55.754 0.027 55.769 63.914 0.001 63.903 63.889 0.001 63.876
0.15 0.019 0.168 0.113 0.017 0.13 55.729 0.039 55.755 63.895 0.004 63.886 62.993 0.001 62.985
0.158 0.011 0.169 0.123 0.01 0.131 55.291 0.036 55.316 63.555 0 63.541 63.047 0.001 63.04
0.149 0.021 0.17 0.121 0.01 0.131 56.095 0.037 56.118 64.374 0 64.359 63.346 0.003 63.34
0.15 0.017 0.167 0.121 0.00800000000000001 0.129 55.77 0.039 55.796 63.871 0.001 63.858 63.266 0.001 63.261
0.159 0.00800000000000001 0.167 0.113 0.016 0.129 55.473 0.043 55.504 63.614 0 63.601 62.894 0.001 62.888
0.157 0.011 0.168 0.116 0.014 0.13 55.408 0.058 55.454 63.566 0.001 63.553 63.542 0 63.528
0.148 0.013 0.161 0.116 0.012 0.128 55.44 0.052 55.496 63.673 0.017 63.677 62.789 0.004 62.787
0.15 0.012 0.162 0.119 0.00900000000000001 0.128 54.916 0.029 54.934 63.054 0.002 63.042 62.989 0.002 62.978
0.15 0.018 0.169 0.116 0.015 0.131 55.663 0.046 55.697 63.296 0.001 63.289 63.006 0.002 62.994
0.148 0.02 0.168 0.122 0.00800000000000001 0.13 55.655 0.037 55.68 63.256 0.004 63.255 62.949 0.001 62.945
0.149 0.015 0.163 0.117 0.014 0.131 55.512 0.03 55.53 63.723 0.003 63.714 62.773 0 62.764
0.157 0.011 0.168 0.12 0.01 0.13 55.888 0.042 55.916 64.017 0 64.004 63.937 0 63.923
0.15 0.018 0.168 0.121 0.00900000000000001 0.129 55.933 0.04 55.959 64.106 0.003 64.094 63.66 0.002 63.655
0.156 0.012 0.168 0.12 0.011 0.13 55.704 0.061 55.76 63.056 0.003 63.045 62.887 0.002 62.886
0.15 0.016 0.166 0.119 0.011 0.129 55.706 0.038 55.73 64.056 0 64.042 63.951 0.002 63.94
0.149 0.017 0.167 0.114 0.016 0.13 56.1 0.029 56.116 64.161 0.002 64.159 63.358 0 63.346
0.154 0.016 0.17 0.119 0.013 0.133 57.27 0.04 57.298 65.176 0.001 65.164 65.197 0 65.184
0.158 0.011 0.169 0.121 0.011 0.132 55.867 0.037 55.891 62.723 0.001 62.717 62.887 0.001 62.883
0.154 0.015 0.169 0.122 0.00899999999999998 0.13 54.663 0.028 54.685 63.424 0.001 63.415 63.054 0.001 63.055
0.151 0.01 0.161 0.116 0.012 0.128 55.023 0.036 55.047 63.181 0.001 63.169 62.621 0.002 62.617
0.157 0.00900000000000001 0.166 0.116 0.014 0.13 56.119 0.023 56.13 64.339 0.001 64.325 64.28 0 64.266
0.157 0.012 0.168 0.119 0.011 0.131 55.97 0.045 56.003 63.722 0.001 63.709 63.393 0 63.388
0.154 0.014 0.166 0.12 0.00899999999999999 0.129 56.101 0.043 56.13 64.441 0.001 64.428 64.386 0 64.37
0.155 0.011 0.166 0.115 0.014 0.129 55.58 0.03 55.597 63.704 0.002 63.693 63.625 0 63.611
0.155 0.012 0.166 0.116 0.014 0.131 55.6 0.029 55.617 63.384 0 63.38 62.894 0.002 62.881
0.155 0.011 0.167 0.119 0.01 0.129 56.032 0.033 56.053 64.3 0 64.286 64.311 0 64.297
0.154 0.016 0.17 0.115 0.017 0.132 57.357 0.036 57.38 64.817 0.001 64.809 64.657 0 64.643
0.152 0.015 0.168 0.117 0.013 0.129 55.358 0.039 55.385 63.092 0 63.087 62.848 0 62.847
0.146 0.017 0.162 0.121 0.00800000000000001 0.129 55.308 0.04 55.336 63.072 0.001 63.067 62.462 0.001 62.45
0.15 0.013 0.164 0.115 0.013 0.128 55.646 0.055 55.686 63.911 0.013 63.911 63.317 0.005 63.315
0.152 0.015 0.168 0.116 0.015 0.13 55.778 0.036 55.801 63.88 0.003 63.869 62.948 0 62.941
0.151 0.016 0.168 0.12 0.01 0.129 55.445 0.037 55.47 63.572 0.003 63.561 63.551 0.001 63.536
0.151 0.013 0.165 0.119 0.00900000000000001 0.128 55.813 0.021 55.821 63.827 0 63.815 63.761 0 63.747
0.154 0.014 0.169 0.118 0.012 0.129 55.855 0.041 55.883 63.92 0.003 63.91 63.835 0.001 63.822
0.147 0.015 0.162 0.117 0.012 0.129 55.917 0.029 55.933 64.247 0.001 64.234 64.238 0 64.224
0.149 0.015 0.163 0.114 0.016 0.13 55.653 0.025 55.665 63.704 0.001 63.691 63.606 0 63.592
0.154 0.011 0.166 0.118 0.013 0.131 56.357 0.034 56.377 64.635 0 64.622 64.016 0 64.009
0.158 0.011 0.169 0.112 0.019 0.13 55.833 0.028 55.848 63.778 0.002 63.766 63.533 0 63.526
0.153 0.018 0.171 0.12 0.012 0.131 56.048 0.031 56.077 64.173 0 64.167 63.814 0.001 63.821
0.156 0.013 0.168 0.115 0.015 0.131 55.893 0.029 55.912 63.665 0.001 63.652 63.429 0.001 63.428
0.154 0.013 0.167 0.114 0.015 0.13 54.731 0.024 54.751 62.633 0.004 62.628 62.3 0 62.306
0.154 0.011 0.166 0.123 0.00799999999999999 0.13 55.746 0.037 55.771 64.209 0.002 64.197 64.073 0.001 64.061
0.154 0.014 0.168 0.117 0.013 0.129 55.627 0.027 55.642 63.169 0.001 63.162 62.745 0.003 62.735
0.156 0.013 0.169 0.113 0.018 0.131 56.198 0.028 56.221 64.376 0.001 64.377 64.053 0.001 64.055
0.157 0.011 0.168 0.12 0.01 0.131 55.92 0.029 55.937 63.885 0.003 63.874 62.938 0 62.934
0.156 0.015 0.171 0.118 0.015 0.133 56.361 0.025 56.373 64.964 0 64.95 64.988 0 64.974
0.157 0.012 0.169 0.117 0.013 0.13 55.974 0.025 55.985 64.24 0 64.225 63.628 0.003 63.623
0.152 0.015 0.167 0.117 0.014 0.131 55.925 0.038 55.95 64.101 0 64.087 63.553 0 63.546
0.151 0.016 0.168 0.112 0.017 0.128 55.487 0.032 55.506 63.564 0 63.552 63.028 0.002 63.022
0.152 0.013 0.166 0.118 0.012 0.129 55.536 0.04 55.564 63.615 0 63.601 63.034 0 63.028
0.154 0.013 0.167 0.118 0.011 0.13 55.783 0.039 55.808 64.058 0 64.045 64.01 0 63.996
0.151 0.022 0.173 0.121 0.013 0.134 57.689 0.028 57.704 65.809 0.00299999999999997 65.798 65.058 0 65.05
0.148 0.015 0.162 0.117 0.012 0.129 55.329 0.026 55.342 63.465 0.003 63.455 62.95 0 62.94
0.15 0.011 0.161 0.115 0.013 0.128 55.619 0.034 55.642 63.97 0.00299999999999997 63.96 63.869 0.001 63.857
0.153 0.014 0.167 0.121 0.00900000000000001 0.129 55.527 0.032 55.548 63.482 0 63.472 62.823 0 62.81
0.153 0.016 0.168 0.114 0.016 0.13 56.193 0.023 56.204 63.52 0.003 63.52 63.256 0 63.253
0.157 0.011 0.168 0.123 0.00799999999999999 0.131 55.584 0.032 55.61 63.566 0.003 63.561 63.192 0.001 63.196
0.156 0.011 0.166 0.117 0.012 0.13 55.427 0.035 55.449 63.602 0.001 63.589 63.557 0 63.542
0.157 0.012 0.169 0.116 0.014 0.13 55.804 0.031 55.822 64.067 0 64.051 63.417 0.002 63.413
0.157 0.014 0.17 0.12 0.013 0.133 56.848 0.031 56.867 65.015 0.001 65.002 64.979 0 64.964
0.143 0.019 0.162 0.113 0.017 0.13 55.506 0.03 55.53 63.404 0.001 63.391 62.975 0 62.976
0.158 0.012 0.17 0.121 0.01 0.131 55.646 0.044 55.676 63.932 0.003 63.93 63.173 0 63.161
0.155 0.015 0.168 0.118 0.013 0.131 55.444 0.027 55.461 63.597 0.002 63.587 63.511 0.001 63.498
0.154 0.016 0.17 0.117 0.015 0.132 57.378 0.037 57.403 65.409 0.013 65.407 65.426 0.004 65.417
0.151 0.013 0.164 0.117 0.012 0.129 55.642 0.039 55.668 63.808 0 63.795 63.087 0 63.082
0.153 0.015 0.168 0.115 0.015 0.13 55.881 0.027 55.895 63.104 0.001 63.096 63.211 0.001 63.206
0.153 0.014 0.167 0.111 0.018 0.129 55.899 0.028 55.913 63.968 0.001 63.955 63.942 0.001 63.93
0.158 0.011 0.169 0.119 0.012 0.131 55.644 0.042 55.68 64.072 0.002 64.067 63.699 0 63.699
0.152 0.014 0.166 0.118 0.012 0.13 54.752 0.034 54.781 62.829 0.016 62.835 62.369 0.01 62.383
0.148 0.02 0.169 0.115 0.015 0.13 56.4 0.038 56.424 64.554 0.001 64.543 64.215 0 64.209
0.152 0.014 0.166 0.116 0.013 0.129 55.583 0.032 55.601 63.836 0 63.821 63.795 0.003 63.782
0.15 0.016 0.166 0.113 0.016 0.129 55.4 0.024 55.412 63.673 0.001 63.666 63.114 0 63.101
0.154 0.016 0.169 0.124 0.00800000000000001 0.132 55.957 0.031 55.976 64.131 0 64.117 64.125 0 64.11
0.153 0.00800000000000001 0.162 0.122 0.00599999999999999 0.128 55.588 0.059 55.647 63.727 0.00700000000000001 63.719 63.675 0.005 63.667
0.153 0.014 0.167 0.122 0.00800000000000001 0.131 56.035 0.052 56.074 63.906 0.001 63.899 63.069 0.001 63.056
0.154 0.014 0.169 0.116 0.015 0.13 55.44 0.034 55.463 63.098 0.001 63.093 62.853 0.003 62.852
0.147 0.015 0.162 0.12 0.00899999999999999 0.129 55.036 0.042 55.066 63.123 0.001 63.118 62.456 0.001 62.442
0.153 0.00899999999999999 0.162 0.11 0.018 0.128 55.292 0.031 55.31 63.599 0.002 63.587 63.131 0 63.123
0.158 0.011 0.169 0.12 0.012 0.132 56.64 0.019 56.646 64.922 0 64.907 64.284 0 64.276
0.156 0.014 0.17 0.125 0.00800000000000001 0.132 56.44 0.048 56.474 64.774 0.001 64.761 64.745 0.001 64.731
0.151 0.018 0.169 0.121 0.00900000000000001 0.13 55.957 0.028 55.972 64.194 0 64.181 64.098 0.001 64.084
0.15 0.011 0.161 0.112 0.015 0.128 54.805 0.026 54.819 63.067 0.001 63.055 62.976 0 62.961
0.142 0.023 0.166 0.108 0.021 0.129 56.584 0.035 56.606 64.712 0 64.699 64.726 0 64.711
0.152 0.013 0.164 0.115 0.013 0.129 55.105 0.044 55.136 63.214 0.001 63.201 63.121 0 63.107
0.154 0.015 0.169 0.119 0.012 0.131 55.932 0.038 55.956 64.106 0 64.092 63.655 0 63.647
0.144 0.018 0.162 0.115 0.014 0.129 55.143 0.039 55.169 64.16 0 64.146 63.427 0 63.423
0.153 0.016 0.169 0.12 0.012 0.132 54.772 0.025 54.794 62.832 0 62.826 62.454 0 62.457
0.158 0.013 0.17 0.116 0.016 0.132 55.315 0.042 55.344 63.198 0.001 63.192 62.956 0 62.949
0.159 0.00800000000000001 0.167 0.112 0.018 0.129 55 0.029 55.027 62.925 0.002 62.917 62.562 0.001 62.569
0.158 0.01 0.168 0.113 0.017 0.13 56.254 0.041 56.283 64.234 0.001 64.221 64.107 0 64.093
0.155 0.014 0.168 0.117 0.013 0.131 55.777 0.027 55.791 63.614 0.001 63.606 62.923 0.001 62.911
0.159 0.00800000000000001 0.168 0.118 0.013 0.13 54.648 0.039 54.685 62.636 0.001 62.63 62.286 0.001 62.298
0.153 0.014 0.167 0.12 0.01 0.131 55.7 0.044 55.73 63.839 0.001 63.826 63.745 0.001 63.733
0.153 0.015 0.168 0.12 0.01 0.13 55.833 0.035 55.856 64.208 0.001 64.195 62.994 0.001 62.99
0.153 0.015 0.168 0.118 0.015 0.132 57.063 0.026 57.076 65.422 0 65.409 64.701 0 64.694
0.151 0.017 0.167 0.116 0.014 0.13 56.444 0.026 56.457 64.514 0 64.501 64.499 0 64.485
0.149 0.019 0.167 0.12 0.00999999999999998 0.13 56.143 0.045 56.177 64.327 0.003 64.315 63.798 0.002 63.794
0.163 0.005 0.168 0.121 0.00899999999999999 0.13 55.67 0.026 55.683 63.875 0 63.86 62.962 0.00600000000000001 62.956
0.146 0.021 0.168 0.116 0.013 0.128 55.796 0.028 55.812 64.059 0 64.045 63.454 0.002 63.449
0.151 0.017 0.167 0.111 0.019 0.131 55.764 0.033 55.783 63.725 0.001 63.714 63.085 0.001 63.08
0.152 0.016 0.168 0.112 0.018 0.13 55.88 0.033 55.901 63.364 0.002 63.366 63.146 0.000999999999999973 63.143
0.152 0.015 0.167 0.118 0.012 0.13 55.774 0.028 55.789 64.09 0 64.076 64.035 0 64.021
0.155 0.015 0.17 0.123 0.01 0.133 56.752 0.022 56.76 65.163 0.002 65.151 65.12 0.001 65.107
0.155 0.013 0.168 0.112 0.018 0.13 55.58 0.052 55.619 63.595 0.003 63.585 62.751 0.001 62.746
0.152 0.015 0.167 0.113 0.017 0.13 54.73 0.04 54.765 62.731 0.001 62.72 62.362 0 62.371
0.152 0.018 0.17 0.119 0.013 0.131 56.828 0.03 56.846 65.027 0.001 65.013 65.086 0 65.071
0.155 0.014 0.168 0.117 0.013 0.131 55.548 0.043 55.587 62.983 0.002 62.974 62.724 0.001 62.731
0.156 0.013 0.168 0.113 0.018 0.131 55.784 0.044 55.814 63.73 0.001 63.716 63.146 0 63.14
0.149 0.02 0.169 0.119 0.012 0.132 57.21 0.037 57.234 65.365 0 65.349 65.354 0 65.34
0.149 0.018 0.167 0.115 0.014 0.129 55.536 0.04 55.563 63.833 0.00199999999999997 63.821 63.806 0.002 63.794
0.153 0.014 0.166 0.12 0.00900000000000001 0.13 55.551 0.032 55.571 63.386 0.001 63.383 62.699 0 62.684
0.149 0.019 0.169 0.12 0.011 0.131 55.485 0.031 55.504 64.15 0 64.137 63.876 0 63.873
0.148 0.019 0.168 0.121 0.00900000000000001 0.13 56.163 0.03 56.179 64.449 0.001 64.436 64.162 0 64.153
