0.049 0.002 0.051 0.021 0.002 0.023 12.947 0.008 12.952 14.053 0.007 14.057 13.976 0 13.974
0.045 0.001 0.046 0.017 0.006 0.023 12.944 0.009 12.95 13.833 0.00199999999999999 13.832 13.732 0 13.73
0.066 0.00499999999999999 0.072 0.028 0.004 0.032 18.129 0.00800000000000001 18.158 19.446 0.01 19.479 19.26 0 19.284
0.049 0.001 0.051 0.022 0.003 0.024 13.07 0.005 13.072 13.778 0.005 13.78 13.254 0 13.251
0.044 0.002 0.046 0.023 0 0.022 12.966 0.007 12.97 14.067 0.007 14.071 13.989 0 13.986
0.045 0.002 0.047 0.019 0.003 0.022 13.007 0.005 13.01 14.162 0.004 14.162 14.081 0.00199999999999999 14.08
0.05 0.001 0.051 0.022 0.001 0.023 12.904 0.003 12.905 13.934 0.003 13.934 13.881 0.002 13.88
0.045 0.001 0.046 0.019 0.003 0.022 12.973 0.009 12.98 14.06 0.004 14.061 13.948 0 13.944
0.044 0.00199999999999999 0.046 0.02 0.002 0.022 12.28 0.004 12.281 13.69 0.005 13.693 13.756 0 13.753
0.045 0.001 0.046 0.021 0.001 0.022 12.843 0.012 12.852 14.091 0.001 14.09 13.912 0 13.908
0.05 0.001 0.051 0.022 0.001 0.023 12.884 0.004 12.885 14.08 0.004 14.082 13.969 0 13.966
0.05 0 0.05 0.022 0.001 0.023 12.842 0.002 12.842 13.886 0.007 13.889 13.807 0.001 13.805
0.05 0.001 0.051 0.02 0.004 0.023 13.023 0.01 13.031 14.328 0.007 14.332 14.216 0.002 14.214
0.049 0.002 0.051 0.019 0.004 0.023 13.441 0.00799999999999999 13.446 14.413 0.002 14.412 14.308 0 14.304
0.05 0.002 0.052 0.018 0.005 0.023 13.288 0.014 13.299 14.376 0 14.372 14.255 0 14.251
0.051 0 0.051 0.023 0.000999999999999994 0.023 12.978 0.00600000000000001 12.983 14.105 0.003 14.105 14.123 0 14.119
0.05 0 0.05 0.02 0.004 0.025 12.739 0.01 12.744 13.632 0.004 13.645 13.315 0 13.313
0.051 0 0.051 0.022 0.000999999999999994 0.023 12.336 0.004 12.336 13.482 0.003 13.483 13.407 0 13.405
0.047 0 0.047 0.02 0.002 0.022 13.09 0.004 13.091 14.145 0.003 14.145 14.067 0 14.064
0.043 0.004 0.046 0.02 0.002 0.022 13.028 0.00899999999999999 13.034 14.078 0.00800000000000001 14.084 14.011 0 14.007
0.049 0.001 0.051 0.02 0.004 0.023 12.708 0.005 12.709 13.597 0.003 13.598 13.516 0 13.514
0.049 0.001 0.05 0.021 0.003 0.024 12.958 0.003 12.958 13.968 0.004 13.969 13.794 0 13.792
0.071 0.00299999999999999 0.074 0.03 0.003 0.033 18.873 0.005 18.9 19.864 0.00899999999999999 19.919 19.352 0 19.405
0.045 0.001 0.046 0.015 0.007 0.023 12.293 0.008 12.296 13.711 0.002 13.712 13.66 0.001 13.657
0.044 0.001 0.045 0.02 0.004 0.024 12.042 0.006 12.043 13.297 0.003 13.297 13.226 0 13.224
0.049 0.001 0.05 0.02 0.003 0.024 13.163 0.004 13.164 14.084 0.004 14.085 14.085 0 14.082
0.05 0.001 0.051 0.024 0 0.024 13.25 0.007 13.254 14.213 0.006 14.216 14.056 0 14.054
0.045 0.001 0.046 0.02 0.003 0.023 13.099 0.007 13.104 14.22 0.005 14.221 14.022 0 14.018
0.05 0 0.05 0.022 0.001 0.023 12.72 0.007 12.723 13.834 0.003 13.835 13.743 0 13.739
0.049 0.002 0.051 0.021 0.002 0.023 12.978 0.009 12.984 14.206 0.005 14.208 14.071 0 14.067
0.045 0.001 0.046 0.017 0.00600000000000001 0.023 12.763 0.012 12.772 13.944 0.005 13.947 13.788 0 13.785
0.051 0 0.051 0.023 0 0.024 12.862 0.006 12.865 14.225 0.003 14.225 14.04 0 14.037
0.045 0.001 0.046 0.02 0.00199999999999999 0.022 12.228 0.004 12.229 13.482 0.001 13.48 13.423 0 13.421
0.051 0 0.05 0.023 0 0.024 12.863 0.005 12.865 13.976 0.003 13.976 13.957 0 13.953
0.046 0.001 0.046 0.019 0.003 0.023 12.924 0.00700000000000001 12.927 14.022 0.007 14.026 13.94 0.001 13.938
0.049 0.000999999999999994 0.05 0.02 0.003 0.023 12.819 0.011 12.827 13.916 0 13.913 13.868 0.001 13.866
0.049 0.00199999999999999 0.051 0.019 0.004 0.023 13.12 0.009 13.126 14.252 0 14.249 14.098 0 14.094
0.042 0.003 0.045 0.021 0.002 0.022 12.119 0.003 12.12 13.587 0 13.584 13.561 0 13.559
0.05 0.001 0.05 0.018 0.005 0.023 12.999 0.008 13.004 14.152 0.008 14.157 14.107 0.004 14.108
0.046 0 0.046 0.019 0.004 0.023 12.856 0.006 12.859 14.006 0.006 14.009 13.933 0 13.928
0.048 0.002 0.05 0.02 0.003 0.023 12.98 0.005 12.982 13.859 0.007 13.863 13.543 0.001 13.541
0.044 0.002 0.046 0.02 0.003 0.023 12.822 0.005 12.824 13.985 0.004 13.987 13.97 0.004 13.971
0.045 0.00199999999999999 0.047 0.019 0.004 0.023 13.528 0.006 13.531 14.42 0.003 14.42 14.37 0 14.367
0.067 0.00599999999999999 0.073 0.032 0.002 0.034 17.878 0.01 17.908 19.551 0.002 19.578 19.527 0 19.55
0.046 0 0.046 0.019 0.003 0.022 12.286 0.00600000000000001 12.289 13.692 0.004 13.694 13.62 0 13.617
0.049 0.001 0.05 0.019 0.004 0.024 13.172 0.007 13.176 14.144 0.005 14.145 14.125 0.002 14.123
0.047 0 0.047 0.02 0.002 0.023 13.058 0.007 13.062 14.232 0 14.228 14.074 0 14.072
0.05 0 0.051 0.021 0.003 0.023 13.002 0.00800000000000001 13.007 14.007 0.005 14.009 13.94 0 13.938
0.047 0.003 0.05 0.018 0.005 0.023 12.918 0.00800000000000001 12.924 13.882 0.00599999999999999 13.885 13.934 0.001 13.932
0.049 0.001 0.05 0.021 0.002 0.023 12.962 0.009 12.968 14.017 0 14.014 13.866 0 13.863
0.045 0.001 0.047 0.022 0.001 0.023 12.194 0.005 12.196 13.517 0.005 13.518 13.629 0.003 13.63
0.05 0 0.05 0.02 0.003 0.023 12.975 0.007 12.979 14.035 0.005 14.037 14.009 0 14.006
0.045 0.002 0.047 0.02 0.003 0.023 12.312 0.008 12.316 13.694 0.004 13.696 13.856 0 13.854
0.05 0.001 0.051 0.018 0.005 0.023 13.126 0.009 13.131 14.168 0.004 14.17 14.049 0 14.046
0.046 0 0.046 0.018 0.004 0.022 12.15 0.006 12.153 13.83 0.007 13.835 14.104 0 14.1
0.049 0.001 0.05 0.023 0.001 0.023 13.201 0.003 13.202 13.979 0.003 13.979 13.897 0.001 13.893
0.047 0.003 0.05 0.023 0.001 0.024 13.123 0.006 13.126 14.254 0.003 14.254 14.206 0 14.202
0.049 0.001 0.051 0.023 0 0.023 12.361 0.012 12.369 13.487 0 13.484 13.393 0.002 13.393
0.044 0.002 0.046 0.022 0.001 0.022 12.941 0.006 12.945 14.095 0.00900000000000001 14.101 13.986 0.001 13.984
0.045 0.001 0.046 0.02 0.003 0.023 13.057 0.006 13.06 14.078 0.001 14.075 14.002 0.002 14.001
0.051 0 0.051 0.02 0.003 0.023 12.607 0.004 12.607 13.703 0.001 13.701 13.612 0 13.61
0.05 0 0.05 0.02 0.003 0.023 13.058 0.006 13.062 13.752 0.004 13.753 13.678 0 13.675
0.047 0.004 0.051 0.021 0.002 0.023 13.114 0.003 13.114 14.052 0.005 14.054 13.996 0 13.993
0.0730000000000001 0 0.073 0.0269999999999999 0.005 0.033 18.082 0.004 18.106 19.527 0.00799999999999999 19.56 19.426 0 19.448
0.048 0.002 0.05 0.022 0.00199999999999999 0.023 13.052 0.009 13.059 13.828 0.00600000000000001 13.83 13.509 0 13.506
0.047 0.003 0.051 0.021 0.003 0.023 12.957 0.01 12.964 13.959 0.001 13.957 13.985 0 13.982
0.05 0.001 0.051 0.021 0.003 0.023 13.22 0.004 13.222 14.339 0.009 14.344 14.208 0 14.204
0.049 0.002 0.051 0.02 0.003 0.024 13.157 0.012 13.166 14.349 0.003 14.349 14.271 0 14.267
0.047 0.003 0.05 0.019 0.004 0.023 12.879 0.007 12.884 14.124 0.00600000000000001 14.128 13.986 0 13.982
0.049 0.001 0.05 0.021 0.003 0.024 12.854 0.00600000000000001 12.858 14.163 0.005 14.165 13.968 0 13.964
0.045 0.001 0.046 0.019 0.003 0.023 12.173 0.01 12.179 13.552 0 13.548 13.493 0.001 13.493
0.044 0.002 0.046 0.02 0.003 0.023 12.892 0.005 12.895 14.104 0.00899999999999999 14.109 13.916 0.002 13.915
0.043 0.003 0.047 0.022 0.001 0.022 12.204 0.01 12.218 13.449 0.001 13.45 13.306 0 13.309
0.046 0.000999999999999994 0.047 0.018 0.004 0.022 12.193 0.007 12.196 13.567 0.004 13.568 13.54 0 13.538
0.05 0.001 0.051 0.018 0.005 0.023 13.097 0.008 13.103 14.115 0.004 14.115 14.136 0 14.133
0.05 0.001 0.05 0.023 0 0.024 12.976 0.009 12.982 14.099 0.003 14.099 14.03 0 14.026
0.045 0.002 0.047 0.022 0.001 0.023 12.906 0.008 12.911 14.132 0.007 14.136 14.088 0.002 14.086
0.05 0.002 0.051 0.021 0.002 0.023 12.915 0.011 12.923 14.194 0.001 14.192 13.973 0 13.97
0.048 0.003 0.05 0.021 0.002 0.023 12.931 0.009 12.939 14.075 0.000999999999999994 14.072 13.956 0 13.952
0.046 0 0.046 0.02 0.003 0.022 12.069 0.006 12.072 13.426 0.003 13.427 13.522 0 13.518
0.049 0.002 0.051 0.019 0.004 0.023 12.892 0.004 12.893 14.056 0.007 14.06 13.996 0 13.992
0.05 0.002 0.05 0.02 0.003 0.024 12.797 0.005 12.8 13.911 0.003 13.91 13.8 0.003 13.8
0.048 0.003 0.05 0.02 0.003 0.023 12.891 0.004 12.894 14.013 0.00900000000000001 14.018 13.936 0 13.933
0.046 0 0.047 0.02 0.003 0.022 12.349 0.008 12.354 13.76 0.005 13.763 13.939 0 13.936
0.046 0.004 0.05 0.021 0.002 0.023 12.798 0.006 12.801 13.982 0.003 13.982 14.074 0.001 14.072
0.05 0 0.051 0.019 0.004 0.023 12.739 0.00800000000000001 12.743 13.993 0.000999999999999994 13.993 14.106 0 14.103
0.069 0.002 0.0710000000000001 0.026 0.00499999999999999 0.0319999999999999 18.25 0.01 18.281 19.447 0.01 19.48 19.3 0.002 19.326
0.045 0.001 0.045 0.018 0.004 0.023 12.24 0.008 12.245 13.933 0.00800000000000001 13.939 14.107 0.00199999999999999 14.106
0.051 0 0.051 0.022 0.002 0.024 13.239 0.006 13.243 14.189 0.002 14.187 14.095 0 14.093
0.047 0.004 0.051 0.022 0.001 0.023 13.102 0.011 13.11 14.07 0.003 14.071 13.964 0 13.959
0.049 0.000999999999999994 0.05 0.021 0.002 0.023 12.937 0.00600000000000001 12.941 14.023 0.00799999999999999 14.027 13.97 0.002 13.969
0.051 0 0.051 0.021 0.002 0.023 12.996 0.01 13.004 14.197 0.002 14.195 14.073 0 14.071
0.049 0.002 0.05 0.023 0 0.024 12.845 0.003 12.845 14.04 0.00700000000000001 14.044 13.932 0 13.929
0.046 0 0.047 0.021 0.00199999999999999 0.022 13.077 0.004 13.078 14.365 0.005 14.367 14.114 0 14.111
0.045 0.005 0.05 0.02 0.003 0.023 12.902 0.012 12.911 14.064 0.001 14.062 14.019 0.002 14.018
0.049 0.002 0.051 0.023 0 0.024 12.567 0.011 12.573 13.651 0.004 13.653 13.523 0 13.521
0.05 0.001 0.051 0.021 0.002 0.023 12.997 0.01 13.005 13.987 0 13.983 13.968 0.001 13.966
0.05 0.001 0.051 0.021 0.002 0.023 12.854 0.019 12.87 13.739 0.001 13.737 13.617 0 13.614
0.05 0.001 0.051 0.022 0.001 0.023 13.341 0.01 13.347 14.092 0 14.09 13.702 0 13.699
0.051 0.001 0.051 0.021 0.002 0.024 14.065 0.005 14.066 14.995 0.008 14.999 15.092 0.001 15.09
0.047 0.004 0.051 0.018 0.006 0.024 12.771 0.005 12.773 13.788 0.009 13.794 13.695 0 13.691
0.046 0.001 0.046 0.019 0.003 0.022 12.057 0.00199999999999999 12.055 13.4 0.005 13.403 13.355 0 13.352
0.048 0.002 0.05 0.02 0.003 0.023 12.803 0.003 12.803 13.841 0.006 13.844 13.795 0 13.792
0.044 0.002 0.046 0.022 0.001 0.022 12.804 0.005 12.808 13.884 0.007 13.887 13.788 0 13.784
0.05 0 0.051 0.022 0.002 0.023 13.047 0.005 13.049 14.343 0.007 14.347 14.221 0.003 14.222
0.043 0.003 0.046 0.02 0.003 0.023 12.263 0.004 12.265 13.66 0.004 13.661 13.634 0 13.631
0.046 0.001 0.047 0.019 0.003 0.022 12.825 0.012 12.834 13.887 0.001 13.885 13.894 0.00199999999999999 13.893
0.045 0.001 0.046 0.019 0.004 0.023 12.869 0.008 12.874 13.981 0.000999999999999994 13.979 13.975 0 13.972
0.065 0.00499999999999999 0.0710000000000001 0.023 0.01 0.0319999999999999 18.319 0.00699999999999999 18.349 19.571 0.012 19.606 19.388 0 19.412
0.046 0 0.046 0.019 0.004 0.024 11.874 0.006 11.876 13.149 0.009 13.156 13.126 0 13.122
0.05 0 0.05 0.022 0.001 0.023 12.845 0.012 12.855 13.997 0 13.994 13.896 0 13.893
0.051 0 0.05 0.021 0.003 0.024 12.858 0.002 12.859 14.07 0.01 14.075 14.006 0 14.003
0.048 0.003 0.051 0.022 0.001 0.023 12.991 0.007 12.995 14.09 0.005 14.092 14.023 0.001 14.02
0.048 0.003 0.051 0.022 0.001 0.023 12.942 0.009 12.948 14.057 0.003 14.056 13.998 0 13.995
0.05 0 0.05 0.023 0 0.023 12.955 0.01 12.962 14.153 0 14.15 14.072 0 14.069
0.049 0.00199999999999999 0.051 0.02 0.003 0.023 13.044 0.008 13.049 14.222 0.001 14.22 14.098 0 14.094
0.047 0 0.047 0.019 0.003 0.022 13.197 0.007 13.202 14.352 0.003 14.352 14.074 0 14.079
0.046 0 0.046 0.021 0.00199999999999999 0.022 12.874 0.00800000000000001 12.879 14.179 0.00199999999999999 14.178 14.035 0 14.032
0.045 0.002 0.046 0.019 0.003 0.023 12.411 0.006 12.414 13.75 0.005 13.753 13.698 0 13.695
0.049 0.002 0.051 0.018 0.005 0.023 13.104 0.008 13.109 14.345 0.001 14.342 14.156 0 14.153
0.045 0.00199999999999999 0.046 0.02 0.002 0.023 12.266 0.009 12.271 13.686 0.007 13.692 13.629 0 13.626
0.045 0.001 0.046 0.019 0.003 0.022 13.52 0.007 13.523 14.758 0.007 14.761 15.353 0 15.351
0.048 0.002 0.051 0.021 0.002 0.023 13.274 0.008 13.278 14.208 0.00199999999999999 14.207 14.153 0 14.15
0.052 0 0.051 0.017 0.006 0.024 13.473 0.009 13.478 14.429 0.004 14.431 14.312 0.001 14.31
0.049 0.000999999999999994 0.05 0.018 0.005 0.024 12.949 0.013 12.958 14.124 0 14.12 14.01 0 14.008
0.044 0.002 0.047 0.02 0.003 0.022 12.873 0.00600000000000001 12.877 13.947 0.003 13.947 13.891 0 13.886
0.049 0.001 0.05 0.019 0.005 0.024 12.764 0.003 12.765 14.093 0.006 14.096 13.926 0 13.923
0.045 0.001 0.046 0.02 0.002 0.022 12.493 0.004 12.493 13.681 0.005 13.684 14.1 0 14.097
0.05 0 0.051 0.021 0.004 0.024 12.777 0.006 12.781 13.877 0.004 13.878 13.777 0 13.773
0.05 0.001 0.05 0.02 0.003 0.024 12.981 0.006 12.984 14.256 0.006 14.259 14.147 0 14.143
0.0710000000000001 0.002 0.073 0.0279999999999999 0.00499999999999999 0.033 18.423 0.011 18.456 19.608 0.00699999999999999 19.638 19.335 0.00600000000000001 19.364
0.048 0.003 0.051 0.019 0.004 0.023 13.388 0.009 13.394 13.837 0.012 13.846 13.758 0 13.755
0.05 0.001 0.051 0.022 0.001 0.023 13.131 0.003 13.132 14.052 0.00600000000000001 14.054 14.084 0.000999999999999994 14.082
0.045 0.000999999999999994 0.046 0.02 0.002 0.022 12.119 0.004 12.12 13.449 0.006 13.452 13.806 0 13.804
0.049 0.00199999999999999 0.051 0.022 0.002 0.024 12.998 0.008 13.003 14.09 0.003 14.09 14.049 0 14.045
0.047 0.004 0.05 0.02 0.004 0.025 12.82 0.005 12.821 13.911 0.005 13.914 13.818 0 13.814
0.049 0.002 0.051 0.02 0.003 0.023 13.13 0.014 13.141 14.244 0 14.241 14.274 0 14.271
0.045 0.001 0.046 0.018 0.00600000000000001 0.024 12.891 0.007 12.896 13.91 0.00199999999999999 13.909 13.709 0 13.706
0.046 0.004 0.051 0.019 0.004 0.023 12.868 0.007 12.872 13.665 0.002 13.663 13.578 0 13.576
0.05 0.001 0.051 0.021 0.002 0.023 12.913 0.006 12.916 14.053 0.004 14.053 13.971 0 13.969
0.047 0.004 0.051 0.022 0.001 0.023 13.175 0.004 13.177 14.137 0.009 14.142 14.127 0.003 14.128
0.05 0 0.05 0.019 0.004 0.023 12.841 0.008 12.845 13.554 0.003 13.554 13.458 0 13.456
0.05 0 0.05 0.02 0.003 0.024 12.907 0.005 12.909 13.963 0.003 13.962 13.962 0 13.96
0.049 0.001 0.05 0.02 0.004 0.023 12.967 0.006 12.971 14.102 0.00700000000000001 14.104 13.933 0.003 13.933
0.047 0 0.046 0.019 0.003 0.022 12.884 0.004 12.885 13.98 0.006 13.984 13.891 0 13.887
0.043 0.001 0.046 0.019 0.004 0.022 12.394 0.014 12.404 14.189 0.000999999999999994 14.188 14.135 0 14.131
0.05 0.001 0.05 0.021 0.00199999999999999 0.023 13.135 0.009 13.142 14.257 0.001 14.254 13.688 0 13.684
0.051 0.001 0.052 0.017 0.006 0.023 13.016 0.01 13.023 14.033 0 14.03 13.986 0 13.983
0.049 0.002 0.051 0.021 0.003 0.024 12.897 0.003 12.897 13.67 0.005 13.672 13.652 0 13.649
0.048 0.003 0.051 0.019 0.004 0.023 13.153 0.014 13.164 14.163 0 14.16 14.112 0 14.109
0.046 0 0.046 0.02 0.003 0.023 12.227 0.003 12.227 13.533 0.00899999999999999 13.538 13.533 0 13.532
0.05 0.001 0.051 0.019 0.004 0.023 13.02 0.01 13.027 14.171 0.002 14.17 14.18 0 14.176
0.049 0.002 0.051 0.017 0.006 0.023 12.856 0.012 12.865 13.982 0.002 13.981 13.932 0 13.929
0.048 0.003 0.051 0.022 0.001 0.023 13.048 0.01 13.055 14.284 0.001 14.282 14.081 0 14.078
0.043 0.003 0.046 0.018 0.005 0.022 12.089 0.004 12.09 13.519 0.006 13.521 13.494 0 13.492
0.045 0.002 0.047 0.021 0.003 0.024 12.796 0.009 12.802 13.772 0 13.768 13.749 0 13.746
0.047 0 0.047 0.019 0.003 0.022 12.927 0.009 12.933 14.076 0.002 14.075 13.979 0 13.976
0.048 0.002 0.05 0.02 0.003 0.023 12.928 0.005 12.93 13.914 0.005 13.916 13.996 0 13.992
0.047 0.003 0.05 0.018 0.005 0.023 13.065 0.019 13.081 14.167 0.004 14.168 14.109 0 14.105
0.046 0 0.046 0.021 0.002 0.023 12.185 0.00600000000000001 12.188 13.552 0.004 13.553 13.7 0 13.698
0.048 0.003 0.05 0.019 0.004 0.024 13.025 0.016 13.037 14.056 0.001 14.055 14.055 0 14.051
0.046 0 0.047 0.019 0.004 0.022 13.011 0.00600000000000001 13.014 14.265 0.003 14.266 14.081 0 14.078
0.047 0 0.047 0.019 0.004 0.022 12.263 0.005 12.266 13.639 0.00799999999999999 13.644 13.868 0 13.865
0.049 0.00199999999999999 0.051 0.021 0.002 0.023 13.195 0.006 13.197 14.122 0.00600000000000001 14.125 14.186 0 14.183
0.045 0.002 0.047 0.02 0.003 0.023 13.236 0.004 13.237 14.368 0.006 14.37 14.298 0 14.294
0.047 0 0.047 0.022 0 0.022 13.441 0.00700000000000001 13.445 14.506 0 14.503 14.36 0 14.357
0.048 0.003 0.05 0.018 0.005 0.024 13.053 0.003 13.054 14.096 0.00600000000000001 14.097 14.054 0 14.052
0.05 0.00199999999999999 0.051 0.02 0.003 0.023 13.12 0.007 13.124 14.196 0.004 14.198 14.17 0 14.166
0.048 0.003 0.051 0.021 0.002 0.023 12.862 0.003 12.862 14.001 0.008 14.006 13.866 0.001 13.863
0.049 0.001 0.05 0.02 0.004 0.023 12.559 0.004 12.56 13.579 0.005 13.581 13.524 0 13.521
0.043 0.00199999999999999 0.045 0.021 0.002 0.023 12.189 0.002 12.187 13.558 0.00199999999999999 13.557 13.483 0 13.481
0.047 0.003 0.051 0.02 0.003 0.023 12.851 0.012 12.86 14.105 0 14.102 13.883 0 13.88
0.047 0.003 0.05 0.02 0.003 0.023 12.41 0.008 12.416 13.51 0.006 13.513 13.434 0.001 13.432
0.049 0.001 0.051 0.019 0.005 0.023 13.003 0.004 13.004 14.119 0.00700000000000001 14.123 14 0 13.997
0.052 0 0.05 0.023 0 0.023 13.047 0.013 13.063 13.814 0.001 13.815 13.775 0 13.779
0.046 0 0.047 0.022 0.001 0.022 12.927 0.007 12.932 14.035 0.01 14.041 13.928 0 13.924
0.051 0 0.05 0.018 0.005 0.024 13.15 0.008 13.155 14.26 0.007 14.264 14.174 0 14.17
0.049 0 0.05 0.019 0.005 0.023 12.972 0.013 12.982 13.949 0.001 13.947 13.923 0 13.92
0.047 0.004 0.051 0.021 0.002 0.023 13.231 0.00899999999999999 13.237 14.45 0.002 14.449 14.293 0 14.29
0.048 0.002 0.051 0.017 0.006 0.023 12.969 0.009 12.975 13.955 0.004 13.956 13.893 0 13.89
0.046 0 0.046 0.019 0.004 0.023 12.422 0.011 12.43 13.811 0 13.809 13.771 0 13.768
0.05 0.001 0.051 0.021 0.002 0.023 12.76 0.006 12.763 14.018 0.008 14.023 13.886 0 13.883
0.049 0.002 0.051 0.018 0.005 0.023 13.111 0.003 13.111 14.091 0.00899999999999999 14.097 14.08 0 14.077
0.045 0.001 0.047 0.019 0.004 0.022 12.369 0.004 12.369 13.685 0.003 13.687 13.655 0.001 13.653
0.044 0.001 0.045 0.017 0.005 0.023 11.95 0.00700000000000001 11.953 13.337 0.006 13.34 13.749 0.00199999999999999 13.748
0.049 0.00199999999999999 0.051 0.021 0.003 0.023 13.119 0.005 13.121 14.093 0.004 14.094 14.068 0 14.065
0.049 0.003 0.051 0.019 0.004 0.023 13.383 0.008 13.389 14.271 0.008 14.275 14.188 0 14.186
0.044 0.002 0.045 0.02 0.002 0.023 12.894 0.003 12.894 13.955 0.004 13.956 13.864 0.001 13.861
0.048 0.003 0.051 0.02 0.003 0.023 13.277 0.006 13.28 14.229 0.004 14.229 14.163 0.001 14.161
0.048 0.002 0.05 0.023 0.001 0.024 12.825 0.012 12.833 13.997 0 13.995 13.872 0 13.869
0.045 0.001 0.047 0.022 0.001 0.022 12.292 0.007 12.303 13.446 0.014 13.463 13.58 0.005 13.59
0.05 0.001 0.051 0.02 0.003 0.023 13.056 0.00800000000000001 13.061 13.677 0.005 13.679 13.826 0 13.822
0.052 0 0.052 0.02 0.003 0.023 13.191 0.002 13.19 14.162 0.007 14.166 14.134 0.005 14.136
0.045 0.002 0.047 0.017 0.005 0.022 12.421 0.005 12.423 13.843 0.006 13.847 13.996 0.001 13.994
0.048 0.002 0.05 0.023 0.001 0.024 12.871 0.004 12.872 14.013 0.003 14.013 13.936 0.002 13.934
0.046 0 0.046 0.019 0.003 0.023 12.904 0.00700000000000001 12.909 13.974 0.005 13.976 13.868 0 13.864
0.051 0 0.051 0.018 0.005 0.023 13.136 0.007 13.142 14.258 0 14.254 14.172 0 14.168
0.044 0.002 0.046 0.021 0.002 0.023 12.932 0.006 12.935 14.128 0.007 14.132 13.929 0 13.925
0.047 0.000999999999999994 0.048 0.02 0.002 0.023 12.708 0.005 12.708 14.015 0.003 14.016 13.814 0.002 13.813
0.05 0.001 0.05 0.021 0.003 0.024 12.469 0.00899999999999999 12.475 13.481 0.00900000000000001 13.488 13.382 0.001 13.38
0.051 0 0.051 0.021 0.003 0.024 13.181 0.004 13.182 14.192 0.004 14.193 14.244 0.001 14.242
0.049 0.00199999999999999 0.051 0.02 0.003 0.023 12.864 0.005 12.866 14.091 0.005 14.093 13.959 0 13.957
0.05 0.000999999999999997 0.051 0.02 0.003 0.023 12.531 0.004 12.53 13.653 0.004 13.655 13.599 0 13.597
0.051 0 0.05 0.021 0.00199999999999999 0.023 12.449 0.01 12.457 13.376 0.007 13.385 13.107 0 13.112
0.051 0 0.05 0.019 0.004 0.023 13.088 0.01 13.095 14.119 0.00199999999999999 14.119 14.108 0 14.105
0.046 0 0.046 0.021 0.002 0.022 12.446 0.009 12.452 13.684 0.001 13.683 13.918 0 13.915
0.049 0.00199999999999999 0.051 0.023 0 0.024 13.177 0.005 13.179 14.154 0.007 14.158 14.112 0 14.108
0.052 0 0.051 0.019 0.004 0.024 13.18 0.004 13.181 14.213 0.005 14.215 14.164 0.002 14.163
0.046 0.001 0.047 0.019 0.003 0.022 12.298 0.005 12.298 13.723 0.003 13.725 13.654 0 13.651
0.049 0.001 0.051 0.022 0.00199999999999999 0.023 12.909 0.004 12.91 14.01 0.003 14.01 13.905 0 13.902
0.049 0.002 0.051 0.02 0.003 0.023 12.801 0.00600000000000001 12.805 13.949 0.005 13.95 13.85 0.004 13.85
0.048 0.002 0.051 0.018 0.005 0.023 12.853 0.004 12.855 14.074 0.007 14.078 13.924 0.000999999999999994 13.923
0.044 0.00199999999999999 0.046 0.019 0.004 0.022 12.125 0.004 12.127 13.563 0.00700000000000001 13.567 13.521 0 13.519
0.049 0.00199999999999999 0.051 0.02 0.003 0.023 13.111 0.002 13.112 14.238 0.005 14.239 14.137 0 14.133
0.05 0.001 0.05 0.023 0 0.023 13.117 0.011 13.125 14.222 0.001 14.22 14.13 0 14.127
0.049 0.001 0.05 0.017 0.006 0.023 12.966 0.012 12.976 14.148 0.002 14.147 14.042 0.00399999999999999 14.042
0.045 0.001 0.046 0.023 0.001 0.024 12.817 0.015 12.829 13.847 0.004 13.848 13.645 0.000999999999999994 13.642
0.048 0.002 0.05 0.024 0 0.024 12.84 0.003 12.84 13.985 0.005 13.987 13.952 0 13.949
0.044 0.002 0.046 0.02 0.004 0.023 12.293 0.004 12.294 13.684 0.005 13.687 13.674 0 13.671
0.044 0.00199999999999999 0.046 0.021 0.002 0.023 12.838 0.017 12.851 14.072 0.001 14.071 13.898 0 13.895
0.051 0 0.051 0.021 0.003 0.023 12.995 0.004 12.997 14.082 0.003 14.081 14.073 0 14.071
0.044 0.00199999999999999 0.046 0.02 0.002 0.022 12.151 0.009 12.157 13.487 0.007 13.49 13.483 0 13.481
0.047 0.003 0.05 0.022 0.002 0.024 12.637 0.008 12.641 13.593 0.003 13.594 13.559 0 13.556
0.049 0.002 0.051 0.022 0.001 0.023 13.313 0.008 13.318 14.231 0.004 14.232 14.275 0.004 14.276
0.046 0 0.046 0.017 0.005 0.022 12.304 0.012 12.312 13.9 0.001 13.899 14.177 0 14.174
0.05 0.001 0.05 0.022 0.002 0.024 13.226 0.011 13.235 14.272 0.003 14.272 14.172 0 14.168
0.047 0.004 0.051 0.02 0.003 0.023 13.166 0.003 13.167 14.142 0.004 14.142 14.038 0 14.035
0.046 0 0.046 0.02 0.003 0.022 12.122 0.005 12.123 13.481 0.003 13.482 13.587 0.003 13.587
0.045 0.001 0.046 0.019 0.004 0.023 12.937 0.005 12.94 14.036 0.003 14.035 13.877 0 13.874
0.047 0 0.047 0.021 0.00199999999999999 0.022 13.115 0.01 13.124 14.237 0.004 14.237 14.213 0 14.21
0.048 0.003 0.05 0.018 0.005 0.023 12.882 0.00600000000000001 12.885 13.911 0.00699999999999999 13.916 13.864 0 13.86
0.047 0 0.047 0.02 0.002 0.022 12.474 0.009 12.478 13.556 0 13.555 13.705 0 13.702
0.043 0.004 0.047 0.02 0.003 0.023 13.087 0.008 13.092 14.195 0.007 14.198 14.05 0 14.047
0.048 0.003 0.05 0.022 0.001 0.024 12.99 0.015 13.002 14.072 0 14.069 13.982 0 13.978
0.05 0.001 0.051 0.021 0.002 0.023 13.299 0.008 13.304 14.402 0.001 14.4 14.311 0 14.307
0.05 0 0.05 0.024 0 0.023 12.883 0.004 12.886 14.16 0.01 14.167 14.014 0 14.01
0.05 0.001 0.05 0.019 0.006 0.025 12.985 0.004 12.988 13.866 0.004 13.867 13.713 0 13.709
0.044 0.003 0.047 0.02 0.002 0.023 13.136 0.007 13.139 14.254 0.003 14.254 14.162 0 14.16
0.05 0 0.051 0.017 0.006 0.023 12.215 0.007 12.217 13.418 0.004 13.42 13.342 0.001 13.34
0.049 0.002 0.051 0.021 0.003 0.023 13.154 0.003 13.154 14.195 0.002 14.194 14.107 0 14.104
0.049 0.001 0.05 0.017 0.007 0.024 13.386 0.007 13.39 14.61 0.004 14.611 14.451 0 14.447
0.048 0.00199999999999999 0.051 0.021 0.002 0.023 12.382 0.005 12.383 13.478 0.008 13.483 13.372 0 13.369
0.066 0.001 0.0669999999999999 0.025 0.00600000000000001 0.031 17.691 0.00699999999999999 17.718 19.022 0.004 19.048 18.899 0 18.922
0.05 0 0.05 0.02 0.003 0.023 13.15 0.005 13.152 13.822 0.001 13.82 13.437 0 13.433
0.045 0.001 0.046 0.02 0.003 0.022 12.076 0.005 12.078 13.458 0.003 13.458 13.423 0.003 13.424
0.049 0.002 0.051 0.019 0.004 0.023 13.176 0.002 13.175 14.306 0.004 14.307 14.211 0 14.208
0.048 0.003 0.051 0.019 0.004 0.023 13.129 0.004 13.132 14.248 0.005 14.248 14.179 0 14.177
0.049 0.000999999999999994 0.051 0.02 0.003 0.023 13.298 0.003 13.299 14.297 0.003 14.296 14.277 0.001 14.275
0.045 0.000999999999999994 0.046 0.019 0.005 0.024 12.144 0.01 12.149 13.24 0.000999999999999994 13.239 13.194 0 13.19
0.046 0 0.047 0.018 0.005 0.022 13.352 0.005 13.355 14.438 0.00600000000000001 14.439 14.366 0 14.364
0.044 0.002 0.046 0.019 0.004 0.022 12.123 0.005 12.125 13.566 0.003 13.566 13.533 0 13.532
0.043 0.004 0.047 0.019 0.003 0.022 14.499 0.012 14.507 15.718 0.001 15.715 15.689 0 15.686
0.049 0.001 0.05 0.018 0.006 0.023 12.833 0.01 12.84 13.966 0.003 13.966 13.866 0 13.863
0.046 0.001 0.047 0.018 0.004 0.023 12.863 0.00700000000000001 12.867 14.073 0.003 14.073 13.93 0 13.927
0.049 0.001 0.051 0.018 0.006 0.023 13.125 0.00700000000000001 13.131 14.23 0.00899999999999999 14.236 14.135 0 14.131
0.047 0 0.046 0.02 0.003 0.023 13.19 0.012 13.2 14.262 0 14.258 14.101 0 14.098
0.049 0.002 0.05 0.019 0.004 0.024 13.076 0.008 13.08 14.117 0.003 14.118 14.119 0 14.115
0.046 0 0.046 0.018 0.005 0.022 12.141 0 12.137 13.491 0.01 13.499 13.671 0 13.668
0.043 0.003 0.047 0.02 0.003 0.022 12.938 0.005 12.94 14.14 0.005 14.142 13.916 0 13.913
0.046 0.001 0.046 0.02 0.00199999999999999 0.023 12.988 0.007 12.992 14.206 0.00700000000000001 14.209 14.017 0.001 14.015
0.047 0 0.047 0.02 0.00199999999999999 0.023 12.201 0.005 12.201 13.53 0.006 13.533 13.696 0.001 13.695
0.071 0.001 0.0710000000000001 0.024 0.00800000000000001 0.0329999999999999 18.107 0.00399999999999999 18.131 19.447 0.00600000000000001 19.477 19.314 0.001 19.337
0.045 0.000999999999999994 0.046 0.02 0.003 0.023 12.208 0.01 12.215 13.865 0.003 13.866 14.056 0 14.053
0.053 0 0.054 0.021 0.002 0.023 13.434 0.007 13.438 14.435 0.005 14.436 14.343 0 14.34
0.054 0.001 0.055 0.02 0.003 0.023 13.333 0.006 13.336 14.328 0.006 14.33 14.166 0 14.163
0.05 0 0.05 0.018 0.005 0.023 12.973 0.01 12.981 14.146 0.005 14.147 14.077 0 14.074
0.05 0 0.05 0.022 0.002 0.023 12.854 0.011 12.863 14.031 0 14.027 13.89 0.003 13.889
0.05 0.001 0.051 0.021 0.002 0.023 12.959 0.006 12.963 13.881 0.006 13.885 13.957 0 13.953
0.051 0.001 0.051 0.019 0.004 0.023 12.409 0.012 12.418 13.535 0.002 13.534 13.464 0 13.462
0.045 0.001 0.046 0.022 0.001 0.023 12.863 0.001 12.862 13.766 0.005 13.777 13.626 0 13.628
0.051 0 0.05 0.021 0.00199999999999999 0.023 13.193 0.007 13.197 13.896 0.005 13.898 13.474 0 13.471
0.05 0 0.05 0.019 0.004 0.023 12.397 0.011 12.404 13.482 0.003 13.482 13.417 0 13.415
0.049 0.001 0.05 0.021 0.002 0.023 12.975 0.007 12.979 14.097 0 14.094 13.943 0 13.939
0.05 0.000999999999999994 0.05 0.02 0.003 0.024 13.189 0.005 13.192 14.172 0.00799999999999999 14.176 14.086 0 14.083
0.048 0.002 0.051 0.017 0.006 0.023 12.913 0.007 12.916 13.934 0.008 13.94 13.892 0 13.889
0.045 0.001 0.047 0.02 0.003 0.022 13.145 0.007 13.15 14.212 0.002 14.21 14.133 0 14.131
0.046 0 0.046 0.021 0.003 0.024 12.085 0.003 12.085 13.284 0.00600000000000001 13.287 13.233 0 13.231
0.05 0.001 0.051 0.021 0.002 0.024 13.188 0.009 13.194 14.287 0.000999999999999994 14.284 14.226 0 14.221
0.049 0.002 0.05 0.022 0.001 0.024 13.051 0.006 13.054 13.976 0.01 13.982 14.004 0.001 14.003
0.045 0.001 0.046 0.019 0.003 0.023 12.197 0.006 12.198 13.553 0.008 13.558 13.484 0 13.481
0.07 0 0.0710000000000001 0.027 0.005 0.0319999999999999 17.773 0.01 17.804 19.165 0.00700000000000001 19.194 19.026 0 19.049
0.045 0.001 0.046 0.016 0.006 0.022 12.354 0.013 12.363 13.571 0.001 13.569 13.48 0 13.478
0.05 0 0.051 0.021 0.003 0.024 12.709 0.004 12.709 13.668 0.005 13.671 13.634 0 13.631
0.043 0.002 0.045 0.021 0.002 0.023 12.146 0.005 12.147 13.779 0.006 13.782 14.086 0.001 14.085
0.05 0 0.05 0.022 0.002 0.024 13.244 0.01 13.251 14.287 0 14.284 14.205 0 14.201
0.046 0.005 0.051 0.023 0 0.023 13.542 0.004 13.543 14.462 0.006 14.465 14.364 0 14.361
0.043 0.003 0.047 0.023 0 0.022 12.096 0.009 12.102 13.47 0.007 13.474 13.821 0 13.819
0.049 0.001 0.05 0.021 0.002 0.023 13.014 0.009 13.02 14.092 0 14.089 13.984 0 13.98
0.047 0.003 0.051 0.022 0.003 0.024 12.498 0.005 12.499 13.46 0.009 13.467 13.428 0 13.425
0.048 0.002 0.05 0.019 0.004 0.024 12.974 0.004 12.975 13.929 0.006 13.932 13.934 0 13.93
0.045 0.001 0.046 0.02 0.002 0.023 12.073 0.005 12.074 13.489 0.004 13.49 13.644 0 13.642
0.042 0.004 0.046 0.021 0.002 0.022 13.098 0.004 13.1 14.136 0.004 14.136 14.104 0.002 14.103
0.05 0.000999999999999994 0.05 0.022 0.001 0.023 12.998 0.004 12.999 14.188 0.009 14.193 14.053 0 14.05
0.047 0.003 0.051 0.02 0.004 0.023 12.999 0.014 13.011 14.135 0.001 14.133 14.119 0 14.116
0.048 0.003 0.05 0.02 0.003 0.024 12.839 0.006 12.843 14.121 0.002 14.119 13.914 0 13.911
0.05 0.001 0.05 0.022 0.001 0.024 12.934 0.006 12.937 13.64 0.002 13.639 13.564 0 13.561
0.055 0 0.054 0.02 0.005 0.025 12.622 0.014 12.632 13.616 0.003 13.617 13.537 0 13.534
0.045 0.001 0.047 0.02 0.003 0.023 13.124 0.009 13.13 14.394 0.004 14.395 14.164 0 14.161
0.051 0 0.051 0.021 0.002 0.023 12.491 0.011 12.499 13.57 0.004 13.572 13.511 0 13.507
0.068 0.003 0.07 0.027 0.005 0.032 17.778 0.075 17.875 19.123 0.018 19.164 19.07 0.005 19.1
0.049 0.001 0.05 0.021 0.002 0.023 13.087 0.007 13.091 13.813 0.006 13.816 13.396 0 13.394
0.054 0.001 0.055 0.021 0.00199999999999999 0.023 12.812 0.004 12.813 13.927 0.002 13.926 13.806 0 13.803
0.047 0.004 0.05 0.021 0.00199999999999999 0.024 13.026 0.00600000000000001 13.029 14.138 0.006 14.14 13.989 0 13.986
0.047 0.001 0.047 0.022 0 0.023 12.217 0.004 12.216 13.659 0.004 13.66 13.58 0.002 13.58
0.044 0.002 0.046 0.021 0.001 0.022 12.896 0.006 12.9 14.082 0.002 14.08 13.968 0 13.965
0.046 0 0.047 0.023 0 0.023 12.987 0.00199999999999999 12.986 14.069 0.005 14.07 13.946 0 13.943
0.048 0.000999999999999994 0.05 0.02 0.004 0.023 12.992 0.006 12.995 13.938 0.007 13.942 13.996 0 13.994
0.047 0 0.047 0.022 0.001 0.023 12.19 0.011 12.197 13.552 0.007 13.557 13.541 0 13.539
0.044 0.003 0.047 0.02 0.004 0.024 13.293 0.005 13.295 14.363 0.00199999999999999 14.362 14.243 0.001 14.24
0.045 0.002 0.047 0.019 0.004 0.023 12.304 0.005 12.306 13.677 0.005 13.68 13.629 0 13.625
0.048 0.002 0.051 0.02 0.004 0.023 12.998 0.01 13.006 14.182 0.006 14.184 14.057 0.001 14.055
0.043 0.003 0.046 0.021 0.00199999999999999 0.023 12.912 0.013 12.922 13.848 0.004 13.848 13.78 0 13.779
0.044 0.00199999999999999 0.045 0.019 0.003 0.023 12.024 0.007 12.027 13.56 0.002 13.56 13.911 0 13.909
0.049 0.00199999999999999 0.051 0.02 0.004 0.024 13.406 0.004 13.407 14.197 0.005 14.198 14.098 0 14.094
0.049 0.002 0.051 0.023 0.001 0.024 13.14 0.005 13.142 14.116 0.008 14.121 14.042 0 14.038
0.05 0 0.05 0.019 0.004 0.023 13.056 0.012 13.065 14.097 0.003 14.097 14.013 0 14.01
0.045 0.00199999999999999 0.046 0.021 0.002 0.023 13.27 0.005 13.273 14.241 0.005 14.242 14.23 0.001 14.229
0.05 0.001 0.051 0.02 0.003 0.024 13.506 0.006 13.509 14.507 0.009 14.512 14.585 0 14.583
0.047 0.003 0.05 0.02 0.003 0.024 13.157 0.009 13.163 14.162 0 14.158 14.12 0 14.117
0.045 0.001 0.046 0.018 0.005 0.022 12.055 0.011 12.062 13.49 0.003 13.49 13.417 0 13.415
0.05 0.001 0.051 0.021 0.00199999999999999 0.023 13.136 0.011 13.143 14.223 0.004 14.225 14.157 0 14.153
0.048 0.002 0.05 0.018 0.005 0.024 12.89 0.006 12.892 13.924 0.004 13.925 13.837 0 13.834
0.043 0.003 0.046 0.022 0.002 0.024 12.073 0.001 12.071 13.261 0.003 13.26 13.331 0 13.328
0.048 0.003 0.051 0.021 0.002 0.023 12.943 0.008 12.948 14.153 0.004 14.153 14.093 0 14.09
0.05 0.001 0.05 0.022 0.001 0.024 12.942 0.014 12.952 13.925 0.001 13.922 13.887 0 13.884
0.046 0.001 0.047 0.019 0.003 0.022 13.399 0.011 13.407 14.451 0.003 14.45 14.436 0 14.431
0.045 0.001 0.047 0.021 0.00199999999999999 0.022 12.881 0.01 12.888 14.182 0.004 14.184 13.919 0 13.915
0.05 0 0.05 0.02 0.003 0.024 12.982 0.003 12.981 14.202 0.005 14.204 14.184 0.00199999999999999 14.183
0.049 0.002 0.05 0.021 0.002 0.023 12.883 0.006 12.888 14.081 0.008 14.086 14.045 0 14.042
0.044 0.003 0.046 0.019 0.003 0.023 12.953 0.005 12.955 14.046 0.005 14.048 14.094 0.002 14.093
0.049 0.000999999999999994 0.05 0.02 0.004 0.024 13.166 0.01 13.173 13.76 0.00199999999999999 13.759 13.949 0 13.945
0.046 0.000999999999999994 0.046 0.019 0.003 0.023 13.076 0.007 13.08 14.103 0.005 14.105 13.994 0 13.991
0.045 0.001 0.046 0.021 0.00199999999999999 0.023 12.997 0.01 13.004 14.06 0.005 14.062 14.007 0 14.004
0.049 0.002 0.051 0.019 0.004 0.023 12.775 0.004 12.777 13.904 0.003 13.904 13.855 0.002 13.854
0.048 0.003 0.05 0.022 0.001 0.024 12.832 0.004 12.832 14.057 0.003 14.058 13.875 0 13.871
0.048 0.002 0.051 0.017 0.006 0.023 12.421 0.003 12.42 13.642 0.005 13.645 13.565 0 13.562
0.046 0 0.046 0.019 0.004 0.023 12.978 0.004 12.979 14.07 0.007 14.074 13.895 0 13.892
0.049 0.00199999999999999 0.05 0.019 0.004 0.024 13.086 0.01 13.093 14.181 0.00599999999999999 14.184 14.155 0 14.151
0.048 0.002 0.05 0.021 0.002 0.023 12.615 0.005 12.617 13.609 0.008 13.615 13.517 0 13.514
0.049 0.001 0.05 0.02 0.003 0.023 12.733 0.005 12.735 14.017 0.008 14.022 13.904 0 13.902
0.045 0.001 0.046 0.02 0.003 0.023 12.31 0.014 12.32 13.645 0.007 13.651 13.717 0 13.714
0.047 0.005 0.051 0.019 0.005 0.024 13.099 0.013 13.11 13.867 0.00399999999999999 13.868 13.784 0 13.78
0.051 0.002 0.053 0.021 0.002 0.023 13.246 0.007 13.251 14.288 0.007 14.291 14.134 0 14.131
0.044 0.00199999999999999 0.047 0.02 0.003 0.022 12.216 0.006 12.219 13.416 0.003 13.416 13.382 0 13.379
0.049 0.002 0.051 0.021 0.002 0.023 13.112 0.009 13.119 14.278 0 14.275 14.18 0 14.176
0.049 0.002 0.051 0.023 0 0.023 12.855 0.00899999999999999 12.862 14.114 0.001 14.111 13.989 0 13.985
0.046 0.005 0.05 0.016 0.007 0.024 12.926 0.005 12.928 14.082 0.003 14.081 14.001 0 13.997
0.048 0.003 0.051 0.02 0.004 0.024 12.729 0.004 12.73 13.837 0.006 13.841 13.652 0.003 13.652
0.048 0.002 0.05 0.022 0.001 0.023 12.791 0.011 12.799 14.091 0.002 14.09 14.114 0 14.11
0.048 0.002 0.05 0.017 0.006 0.023 13.116 0.005 13.118 14.246 0.003 14.245 14.148 0 14.145
0.047 0 0.047 0.02 0.003 0.022 12.964 0.004 12.967 14.11 0.005 14.111 14.032 0 14.029
0.048 0.002 0.05 0.02 0.004 0.023 12.872 0.00600000000000001 12.877 14 0.003 14 13.955 0 13.95
0.049 0.001 0.05 0.022 0.000999999999999994 0.023 12.97 0.012 12.98 14.006 0 14.003 14.027 0 14.023
0.046 0.004 0.051 0.021 0.003 0.023 13.283 0.008 13.289 14.25 0.00799999999999999 14.255 14.229 0 14.225
0.045 0.001 0.047 0.02 0.003 0.022 12.25 0.005 12.252 13.623 0.005 13.625 13.68 0 13.678
0.05 0 0.051 0.019 0.005 0.023 12.968 0.013 12.978 13.967 0.00199999999999999 13.967 14.02 0 14.016
0.05 0 0.05 0.024 0 0.023 12.954 0.006 12.958 14.246 0.004 14.247 14.03 0 14.027
0.05 0 0.05 0.023 0 0.023 12.819 0.004 12.821 14.154 0.009 14.16 13.885 0 13.881
0.05 0 0.05 0.016 0.00700000000000001 0.023 12.282 0.004 12.283 13.586 0.007 13.59 13.5 0 13.499
0.049 0.001 0.05 0.016 0.008 0.023 12.816 0.006 12.821 14.047 0.004 14.047 13.919 0 13.916
0.046 0 0.046 0.021 0.003 0.024 12.236 0.00600000000000001 12.239 13.414 0.006 13.417 13.398 0 13.395
0.051 0.000999999999999994 0.052 0.021 0.002 0.023 13.143 0.00600000000000001 13.146 14.166 0.007 14.17 14.073 0 14.069
0.052 0 0.052 0.023 0 0.023 13.003 0.009 13.008 14.04 0.00199999999999999 14.04 13.95 0 13.947
0.05 0.001 0.051 0.02 0.003 0.023 12.735 0.011 12.742 13.673 0.003 13.674 13.598 0 13.595
0.05 0 0.051 0.023 0.001 0.023 12.937 0.003 12.938 14.058 0.002 14.056 13.89 0 13.887
0.05 0.00199999999999999 0.051 0.02 0.003 0.023 13.075 0.017 13.089 14.15 0 14.148 14.054 0 14.05
0.05 0 0.05 0.019 0.005 0.023 13.036 0.006 13.04 14.045 0.007 14.047 13.979 0 13.977
0.046 0 0.046 0.02 0.003 0.023 13.014 0.008 13.02 14.153 0.000999999999999994 14.15 13.985 0 13.982
0.045 0.001 0.046 0.02 0.00199999999999999 0.023 13.312 0.00600000000000001 13.314 14.412 0.005 14.414 14.456 0 14.452
0.045 0.001 0.046 0.02 0.002 0.022 13.117 0.009 13.122 14.185 0.003 14.185 14.085 0 14.083
0.046 0.001 0.047 0.021 0.00199999999999999 0.022 12.916 0.013 12.927 13.945 0.002 13.944 13.857 0 13.854
0.05 0 0.05 0.021 0.003 0.023 13.266 0.01 13.273 14.301 0.006 14.304 14.199 0 14.195
0.043 0.00199999999999999 0.045 0.021 0.002 0.023 12.835 0.006 12.839 13.933 0.004 13.934 13.869 0 13.865
0.042 0.004 0.047 0.021 0.002 0.022 12.937 0.01 12.944 14.118 0.002 14.117 13.976 0 13.973
0.045 0.001 0.047 0.021 0.00199999999999999 0.023 13.106 0.003 13.107 14.177 0.003 14.176 14.112 0 14.109
0.044 0.003 0.047 0.021 0.001 0.023 12.26 0.003 12.259 13.721 0.004 13.723 13.65 0 13.646
0.047 0 0.047 0.018 0.004 0.022 12.968 0.00600000000000001 12.971 14.108 0.007 14.112 13.929 0.002 13.928
0.05 0 0.05 0.021 0.003 0.023 12.859 0.008 12.865 13.908 0 13.904 13.868 0.002 13.867
0.05 0 0.051 0.021 0.00199999999999999 0.023 12.823 0.004 12.825 14.042 0.004 14.042 13.905 0 13.903
0.049 0.001 0.052 0.023 0.001 0.0229999999999999 13.12 0.007 13.125 14.192 0.006 14.194 14.108 0 14.104
0.053 0 0.053 0.022 0.001 0.023 12.152 0.003 12.151 13.521 0.006 13.524 13.44 0.002 13.441
0.049 0.001 0.05 0.02 0.003 0.023 13.261 0.003 13.261 14.207 0.005 14.209 14.185 0 14.182
0.045 0.001 0.046 0.02 0.002 0.022 12.141 0.004 12.141 13.746 0.007 13.749 14.015 0 14.013
0.049 0.00199999999999999 0.051 0.023 0 0.023 13.093 0.005 13.095 14.112 0.003 14.112 13.997 0 13.994
0.045 0.001 0.046 0.02 0.00199999999999999 0.022 12.041 0.00600000000000001 12.044 13.484 0.002 13.483 13.577 0 13.575
0.044 0.001 0.046 0.017 0.007 0.024 12.774 0.007 12.776 13.707 0.002 13.708 13.612 0.002 13.611
0.05 0.001 0.051 0.022 0.002 0.023 12.987 0.008 12.993 14.18 0.00199999999999999 14.179 14.087 0 14.084
0.05 0 0.05 0.021 0.003 0.023 12.86 0.005 12.863 13.982 0.008 13.986 13.918 0 13.914
0.049 0.001 0.051 0.023 0 0.023 12.798 0.007 12.803 13.971 0.003 13.97 13.86 0 13.856
0.048 0.00199999999999999 0.05 0.022 0.001 0.023 12.849 0.005 12.852 14.153 0.006 14.154 13.921 0.004 13.922
0.044 0.00199999999999999 0.047 0.019 0.004 0.022 13.024 0.006 13.027 14.098 0.004 14.098 14.039 0 14.036
0.048 0.002 0.05 0.022 0.002 0.023 12.848 0.008 12.854 13.961 0.005 13.963 13.877 0 13.873
0.05 0 0.05 0.02 0.004 0.024 13.055 0.005 13.057 13.558 0.003 13.558 13.201 0 13.198
0.05 0 0.05 0.022 0.001 0.023 12.867 0.003 12.867 13.993 0.004 13.994 13.956 0.001 13.953
0.045 0.001 0.046 0.02 0.003 0.022 12.937 0.006 12.941 14.031 0.004 14.031 13.885 0.00199999999999999 13.884
0.045 0.000999999999999994 0.047 0.02 0.003 0.022 13.012 0.005 13.014 13.955 0.003 13.956 13.735 0 13.732
0.049 0.001 0.05 0.021 0.002 0.023 12.897 0.006 12.901 14.174 0.006 14.176 14.018 0 14.016
0.049 0.001 0.051 0.022 0.00199999999999999 0.023 12.512 0.009 12.518 13.649 0.007 13.653 13.585 0 13.583
0.051 0 0.051 0.022 0.00199999999999999 0.024 12.985 0.01 12.993 14.14 0.002 14.138 14.087 0 14.084
0.05 0 0.05 0.017 0.006 0.023 12.991 0.015 13.003 14.142 0.001 14.14 14.042 0 14.038
0.049 0.001 0.051 0.018 0.005 0.023 12.759 0.004 12.76 14.008 0.011 14.016 13.9 0 13.897
0.049 0.002 0.051 0.022 0.001 0.023 12.908 0.005 12.91 14.097 0.00899999999999999 14.103 13.952 0 13.948
0.046 0 0.047 0.02 0.003 0.022 12.973 0.003 12.973 14.069 0.005 14.071 13.962 0 13.959
0.049 0.001 0.05 0.019 0.004 0.023 12.823 0.009 12.831 13.961 0.005 13.961 13.871 0 13.868
0.045 0.002 0.046 0.018 0.004 0.023 13.123 0.009 13.129 14.19 0.004 14.19 14.125 0 14.122
0.045 0.001 0.046 0.019 0.003 0.023 12.902 0.007 12.905 14.017 0.00800000000000001 14.022 14.013 0 14.01
0.046 0 0.047 0.02 0.003 0.023 13.124 0.008 13.13 14.065 0.003 14.064 14.046 0.001 14.044
0.048 0.002 0.05 0.02 0.003 0.023 12.74 0.004 12.74 13.899 0.006 13.902 13.854 0 13.85
0.05 0.001 0.051 0.022 0.00199999999999999 0.024 13.263 0.00800000000000001 13.267 14.452 0.00199999999999999 14.45 14.35 0 14.347
0.044 0.003 0.046 0.02 0.002 0.023 12.495 0.008 12.499 13.753 0.004 13.756 13.707 0 13.704
0.05 0.001 0.051 0.022 0.002 0.023 13.086 0.005 13.09 14.282 0.003 14.28 13.957 0 13.964
0.048 0.002 0.05 0.02 0.003 0.023 12.859 0.005 12.863 13.829 0.006 13.838 13.641 0.002 13.641
0.05 0.001 0.051 0.021 0.00199999999999999 0.024 13.063 0.00800000000000001 13.069 14.18 0.005 14.181 14.08 0.003 14.079
0.047 0.004 0.05 0.021 0.002 0.024 12.926 0.011 12.934 14.038 0.004 14.039 13.994 0 13.99
0.0570000000000001 0.001 0.058 0.021 0.004 0.025 13.413 0.004 13.414 14.141 0.00800000000000001 14.147 13.479 0 13.475
0.047 0 0.047 0.02 0.003 0.023 13.314 0.005 13.315 14.284 0.003 14.284 14.193 0 14.191
0.045 0.001 0.046 0.022 0.000999999999999994 0.022 12.628 0.013 12.639 13.903 0.003 13.904 13.738 0.002 13.736
0.047 0 0.047 0.019 0.004 0.023 13.084 0.006 13.087 13.758 0.007 13.761 13.739 0 13.737
0.05 0.001 0.051 0.019 0.004 0.023 13.084 0.006 13.086 14.052 0.008 14.057 14.052 0 14.049
0.044 0.003 0.046 0.021 0.001 0.023 13.216 0.006 13.218 14.088 0.006 14.092 14.044 0 14.041
0.049 0.001 0.051 0.019 0.004 0.023 13.058 0.012 13.067 13.995 0 13.991 13.863 0 13.859
0.048 0.00199999999999999 0.05 0.021 0.003 0.024 12.821 0.005 12.823 13.793 0.004 13.795 13.678 0.001 13.675
0.046 0.005 0.051 0.023 0 0.024 13.19 0.00600000000000001 13.193 14.236 0.003 14.236 14.163 0 14.159
0.048 0.003 0.05 0.022 0.001 0.023 13.065 0.013 13.076 14.079 0 14.076 13.991 0 13.987
0.049 0.001 0.05 0.019 0.004 0.024 12.759 0.015 12.77 14.05 0.001 14.048 13.854 0 13.851
0.048 0.002 0.051 0.02 0.003 0.023 13.785 0.008 13.79 14.48 0.005 14.482 13.72 0 13.717
0.048 0.002 0.05 0.022 0.00199999999999999 0.024 12.897 0.00600000000000001 12.9 13.958 0.005 13.96 13.946 0 13.943
0.048 0.002 0.05 0.024 0.001 0.024 13.217 0.002 13.217 14.122 0.004 14.122 14.157 0 14.154
0.047 0 0.048 0.02 0.003 0.022 13.054 0.011 13.062 13.913 0.005 13.916 13.911 0 13.907
0.045 0.001 0.046 0.021 0.002 0.022 12.867 0.004 12.869 13.964 0.006 13.966 13.9 0 13.896
0.048 0.003 0.05 0.022 0.001 0.024 13.046 0.004 13.046 14.052 0.007 14.057 14.09 0 14.087
0.048 0.00199999999999999 0.05 0.021 0.003 0.024 12.502 0.004 12.503 13.644 0.00700000000000001 13.649 13.657 0 13.654
0.047 0 0.047 0.02 0.003 0.022 13.092 0.016 13.106 14.109 0.003 14.109 14.012 0 14.009
0.048 0.00199999999999999 0.05 0.016 0.00700000000000001 0.023 12.993 0.004 12.994 14.007 0.01 14.014 13.935 0 13.931
0.051 0 0.052 0.02 0.004 0.023 13.769 0.005 13.771 14.897 0.006 14.899 14.693 0 14.694
0.052 0 0.051 0.022 0.001 0.024 13.001 0.008 13.006 14.134 0 14.13 14.047 0 14.044
0.049 0.001 0.05 0.021 0.002 0.023 13.468 0.004 13.469 13.684 0.006 13.687 13.887 0 13.887
0.049 0.002 0.05 0.02 0.003 0.024 12.984 0.005 12.985 13.98 0.001 13.979 13.908 0 13.904
0.05 0 0.05 0.019 0.005 0.024 12.84 0.006 12.843 14.059 0.00700000000000001 14.063 13.958 0 13.955
0.052 0.002 0.054 0.021 0.003 0.024 12.789 0.003 12.788 14.12 0.006 14.123 13.902 0 13.899
0.051 0 0.051 0.019 0.004 0.023 12.97 0.003 12.969 14.089 0.008 14.093 14.017 0 14.014
0.051 0 0.05 0.022 0.001 0.023 12.955 0.003 12.957 13.914 0.007 13.917 13.905 0.001 13.903
0.049 0.001 0.05 0.017 0.006 0.023 12.792 0.002 12.79 13.918 0.005 13.921 14.025 0 14.022
0.046 0.004 0.05 0.019 0.004 0.023 13.004 0.007 13.008 13.987 0.007 13.991 13.819 0.001 13.817
0.048 0.002 0.05 0.021 0.002 0.023 12.71 0.007 12.714 13.851 0.004 13.852 13.752 0.002 13.752
0.049 0.001 0.05 0.019 0.004 0.023 13.069 0.002 13.067 14.079 0.005 14.081 13.956 0 13.952
0.051 0 0.052 0.022 0.001 0.023 12.98 0.003 12.98 14.275 0.002 14.274 14.045 0 14.041
0.05 0 0.05 0.02 0.005 0.025 12.758 0.005 12.76 13.824 0.00800000000000001 13.828 13.674 0 13.672
0.049 0.001 0.05 0.022 0.001 0.023 13.195 0.014 13.206 13.972 0.003 13.972 13.946 0 13.942
0.05 0 0.05 0.021 0.002 0.023 12.736 0.008 12.741 14.059 0.002 14.058 13.903 0 13.9
0.049 0.000999999999999994 0.049 0.022 0.002 0.024 13.34 0.009 13.347 14.278 0.006 14.28 14.185 0 14.183
0.047 0.003 0.05 0.022 0.001 0.022 13.03 0.007 13.034 14.089 0.004 14.09 13.996 0 13.993
0.05 0.001 0.051 0.021 0.003 0.024 13.117 0.006 13.12 14.244 0.005 14.246 14.205 0 14.201
0.049 0.000999999999999994 0.05 0.02 0.004 0.024 12.752 0.005 12.754 13.784 0.005 13.786 13.706 0 13.702
0.045 0.001 0.045 0.018 0.004 0.023 13.008 0.00799999999999999 13.013 14.155 0.001 14.153 13.996 0 13.993
0.049 0.001 0.05 0.022 0.002 0.024 12.818 0.004 12.819 13.802 0.006 13.805 13.65 0 13.647
0.046 0.001 0.046 0.021 0.001 0.023 12.751 0.01 12.757 13.899 0.007 13.903 13.897 0.001 13.895
0.048 0.003 0.05 0.022 0.001 0.023 12.83 0.00199999999999999 12.83 13.974 0.005 13.975 13.882 0 13.879
0.05 0.001 0.051 0.019 0.004 0.023 13.195 0.01 13.202 14.333 0.008 14.338 14.268 0 14.264
0.048 0.002 0.05 0.018 0.005 0.023 12.914 0.008 12.92 14.059 0.002 14.057 13.987 0 13.984
0.046 0 0.047 0.02 0.003 0.022 13.058 0.008 13.064 14.026 0.003 14.026 13.926 0 13.923
0.05 0 0.051 0.022 0.002 0.023 13.035 0.007 13.04 14.172 0.006 14.174 14.18 0 14.177
0.05 0.002 0.05 0.02 0.003 0.024 12.776 0.005 12.779 13.993 0.006 13.996 13.89 0.003 13.89
0.05 0 0.05 0.018 0.005 0.023 12.885 0.005 12.887 14.039 0.006 14.042 13.925 0 13.922
0.05 0.001 0.051 0.019 0.004 0.023 12.945 0.009 12.953 13.966 0.006 13.968 13.979 0 13.975
0.05 0.001 0.051 0.021 0.003 0.024 13.061 0.007 13.065 14.134 0.011 14.141 14.166 0 14.163
0.049 0.001 0.05 0.022 0.002 0.024 12.956 0.007 12.961 14.275 0.006 14.277 14.137 0 14.134
0.049 0.00199999999999999 0.052 0.023 0.001 0.023 13.228 0.008 13.234 14.237 0.004 14.238 14.138 0 14.134
0.049 0.000999999999999994 0.05 0.019 0.00600000000000001 0.024 13.1 0.00199999999999999 13.101 13.947 0.003 13.946 13.873 0.001 13.87
0.045 0.002 0.047 0.017 0.005 0.022 12.923 0.008 12.928 13.846 0.007 13.85 13.739 0 13.736
0.046 0 0.046 0.018 0.004 0.023 12.964 0.003 12.963 13.881 0.005 13.883 13.749 0.001 13.747
0.05 0.001 0.05 0.022 0.002 0.023 12.967 0.007 12.973 14.23 0.003 14.23 14.022 0 14.018
0.05 0 0.05 0.021 0.003 0.023 12.897 0.008 12.902 14.244 0.006 14.247 14.044 0 14.04
0.046 0.001 0.047 0.019 0.004 0.022 13.103 0.00800000000000001 13.109 13.952 0.005 13.953 13.855 0 13.852
0.045 0.00199999999999999 0.046 0.021 0.001 0.023 13.05 0.004 13.05 14.175 0.006 14.178 14.096 0 14.093
0.049 0.001 0.051 0.022 0.00199999999999999 0.023 13.031 0.005 13.033 14.129 0.009 14.134 14.117 0 14.114
0.049 0.001 0.05 0.022 0.00199999999999999 0.024 12.804 0.004 12.805 13.994 0.011 14.002 13.928 0.001 13.926
0.049 0.001 0.05 0.021 0.003 0.023 12.989 0.011 12.999 14.097 0.001 14.093 14.103 0 14.101
0.048 0.003 0.05 0.021 0.002 0.023 12.844 0.007 12.848 13.874 0.005 13.876 13.986 0 13.983
0.046 0 0.047 0.019 0.003 0.022 12.864 0.005 12.866 13.921 0.008 13.926 13.792 0 13.789
0.047 0.003 0.05 0.02 0.004 0.024 12.913 0.007 12.917 14.028 0 14.025 13.982 0 13.979
0.05 0.002 0.051 0.021 0.002 0.023 12.946 0.01 12.953 14.226 0.001 14.225 14.039 0 14.035
0.05 0 0.051 0.02 0.003 0.023 12.776 0.01 12.783 14.043 0.007 14.047 13.901 0 13.898
0.044 0.00199999999999999 0.046 0.019 0.005 0.024 12.789 0.006 12.793 13.653 0.004 13.655 13.675 0 13.671
0.051 0 0.051 0.02 0.004 0.024 13.17 0.00799999999999999 13.175 14.304 0.00600000000000001 14.307 14.299 0 14.295
0.048 0.000999999999999994 0.049 0.022 0.002 0.024 13.064 0.005 13.066 14.062 0.004 14.063 14.04 0.001 14.038
0.049 0.00199999999999999 0.051 0.023 0 0.023 13.255 0.005 13.258 14.268 0.007 14.271 14.199 0 14.195
0.049 0.001 0.05 0.021 0.002 0.024 12.908 0.013 12.918 13.842 0 13.839 13.708 0 13.704
0.045 0.001 0.046 0.017 0.006 0.023 12.934 0.006 12.938 13.959 0.00600000000000001 13.961 13.903 0 13.9
0.045 0.001 0.046 0.02 0.004 0.024 12.707 0.006 12.711 13.725 0.001 13.723 13.561 0 13.558
0.049 0.001 0.05 0.023 0 0.023 12.8 0.004 12.801 13.843 0.009 13.849 13.97 0 13.967
0.049 0.002 0.051 0.022 0.001 0.024 12.94 0.005 12.941 14.259 0.007 14.264 14.035 0 14.032
0.049 0.002 0.051 0.023 0.001 0.023 12.865 0.004 12.867 14.006 0.005 14.007 13.972 0 13.97
0.046 0 0.047 0.022 0.002 0.024 12.701 0.005 12.701 13.678 0.003 13.68 13.598 0.001 13.595
0.049 0.002 0.05 0.019 0.004 0.024 13.133 0.00800000000000001 13.137 14.172 0.003 14.173 14.085 0 14.081
0.048 0.002 0.05 0.02 0.003 0.024 12.966 0.009 12.972 14.1 0.004 14.101 14.017 0 14.013
0.043 0.003 0.046 0.021 0.002 0.022 12.832 0.007 12.837 14.009 0.006 14.011 13.832 0 13.829
0.044 0.00199999999999999 0.046 0.017 0.00600000000000001 0.023 12.819 0.008 12.825 14.035 0.00199999999999999 14.034 13.852 0.001 13.849
0.05 0.002 0.05 0.019 0.004 0.023 12.966 0.01 12.974 13.842 0.003 13.849 13.681 0.001 13.682
0.048 0.003 0.051 0.023 0 0.023 12.977 0.012 12.986 14.049 0 14.046 14.05 0 14.046
0.051 0 0.051 0.021 0.002 0.023 13.207 0.005 13.21 14.156 0.007 14.159 14.185 0 14.182
0.045 0.001 0.047 0.017 0.006 0.022 12.952 0.016 12.965 13.997 0 13.994 13.89 0 13.886
0.05 0.002 0.051 0.02 0.003 0.024 13.209 0.005 13.212 14.296 0.005 14.297 14.188 0 14.185
0.049 0.002 0.05 0.019 0.004 0.023 13.2 0.005 13.203 14.123 0.008 14.127 14.014 0 14.011
0.051 0 0.05 0.021 0.003 0.025 13.025 0.003 13.025 13.82 0.004 13.821 13.76 0 13.757
0.051 0 0.051 0.022 0.001 0.023 13.157 0.007 13.162 14.226 0 14.222 14.049 0 14.047
0.05 0.001 0.052 0.018 0.006 0.023 12.983 0.01 12.991 14.102 0.00199999999999999 14.101 14.022 0 14.018
0.049 0.002 0.051 0.02 0.003 0.023 13.102 0.007 13.106 14.192 0 14.189 14.113 0 14.11
0.049 0.002 0.05 0.019 0.004 0.024 12.669 0.009 12.674 13.957 0.002 13.957 13.804 0.003 13.804
0.05 0 0.05 0.021 0.002 0.023 13.035 0.009 13.04 14.086 0.003 14.087 13.954 0 13.95
0.044 0.00199999999999999 0.047 0.021 0.002 0.022 13.071 0.007 13.076 13.964 0.011 13.973 13.863 0 13.858
0.048 0.003 0.051 0.019 0.004 0.023 12.822 0.002 12.821 13.958 0.005 13.96 13.94 0 13.937
0.051 0 0.051 0.019 0.005 0.024 13.244 0.008 13.249 14.421 0.007 14.424 14.323 0 14.32
0.049 0.002 0.051 0.022 0.002 0.024 13.318 0.011 13.326 14.364 0.00800000000000001 14.369 14.293 0 14.29
0.046 0 0.046 0.02 0.002 0.022 12.908 0.008 12.914 13.865 0.01 13.871 13.709 0 13.706
0.046 0.001 0.047 0.016 0.006 0.022 12.895 0.006 12.899 14.043 0.00800000000000001 14.048 13.878 0 13.875
0.049 0.001 0.05 0.019 0.004 0.023 12.974 0.006 12.978 13.992 0.006 13.993 14.046 0.002 14.045
0.042 0.003 0.045 0.02 0.005 0.025 12.747 0.003 12.746 13.659 0.003 13.66 13.582 0 13.579
0.049 0.001 0.05 0.018 0.006 0.024 12.52 0.00600000000000001 12.524 13.717 0.00199999999999999 13.716 13.541 0.001 13.539
0.05 0.001 0.051 0.022 0.002 0.023 13.201 0.009 13.208 14.453 0.005 14.455 14.336 0 14.332
0.048 0.00199999999999999 0.05 0.017 0.00700000000000001 0.024 12.626 0.00799999999999999 12.632 13.794 0.002 13.793 13.462 0 13.459
0.05 0.001 0.05 0.017 0.005 0.023 12.922 0.005 12.924 14.1 0.003 14.099 13.968 0 13.966
0.049 0.001 0.05 0.022 0.00199999999999999 0.024 12.767 0.00800000000000001 12.771 14.07 0.004 14.071 14.099 0 14.096
0.05 0.001 0.051 0.022 0.001 0.023 13.092 0.005 13.094 14.17 0.009 14.176 14.028 0 14.025
0.05 0.001 0.051 0.021 0.002 0.023 13.382 0.009 13.388 14.271 0.004 14.27 14.194 0 14.192
0.051 0 0.051 0.021 0.002 0.023 12.937 0.006 12.939 14.051 0.006 14.054 13.943 0.001 13.94
0.049 0.001 0.05 0.021 0.002 0.023 12.9 0.007 12.904 13.981 0.006 13.983 13.92 0 13.917
0.051 0.001 0.051 0.022 0.001 0.024 13.153 0.005 13.155 14.313 0.005 14.314 14.213 0 14.211
0.049 0.002 0.051 0.019 0.005 0.023 13.052 0.004 13.054 14.373 0.004 14.374 14.162 0 14.159
0.05 0 0.05 0.022 0.002 0.024 12.884 0.011 12.892 13.993 0.003 13.993 13.789 0 13.786
0.044 0.00199999999999999 0.046 0.021 0.002 0.023 12.855 0.012 12.864 13.993 0 13.99 13.848 0 13.844
0.052 0 0.052 0.022 0.002 0.023 13.134 0.005 13.137 14.176 0.004 14.177 14.093 0.004 14.093
0.047 0.003 0.05 0.021 0.00199999999999999 0.024 13.241 0.005 13.242 14.201 0.008 14.206 14.128 0.001 14.125
0.05 0 0.05 0.023 0.000999999999999994 0.023 12.805 0.012 12.816 14.004 0 14 13.866 0 13.862
0.046 0 0.047 0.022 0.000999999999999994 0.022 12.877 0.00600000000000001 12.88 14.052 0.003 14.052 13.848 0.002 13.848
0.046 0.001 0.047 0.016 0.006 0.022 12.996 0.009 13.002 14.138 0.004 14.139 13.924 0 13.921
0.046 0.001 0.046 0.019 0.003 0.023 12.79 0.011 12.799 13.925 0 13.921 13.763 0 13.761
0.049 0.00199999999999999 0.05 0.022 0.001 0.023 13.089 0.01 13.097 14.077 0 14.073 13.986 0 13.983
0.052 0 0.051 0.02 0.003 0.024 13.054 0.008 13.058 14.106 0.006 14.11 14.108 0 14.105
0.046 0.002 0.047 0.023 0 0.023 13.113 0.01 13.12 14.211 0.000999999999999994 14.209 14.064 0.001 14.061
0.048 0.002 0.05 0.018 0.006 0.023 12.693 0.001 12.692 14.079 0.001 14.078 13.787 0.000999999999999994 13.785
0.046 0.000999999999999994 0.046 0.02 0.003 0.023 12.92 0.004 12.922 14.092 0.01 14.099 14.008 0 14.004
0.048 0.003 0.05 0.019 0.004 0.023 13.13 0.013 13.141 14.118 0.001 14.115 14.052 0 14.049
0.049 0.00199999999999999 0.051 0.024 0.001 0.023 13.139 0.011 13.149 14.225 0 14.221 14.12 0 14.117
0.046 0.003 0.048 0.022 0.00199999999999999 0.024 13.166 0.001 13.165 14.164 0.004 14.165 14.041 0.00199999999999999 14.04
0.05 0.000999999999999994 0.051 0.021 0.002 0.023 13.221 0.009 13.228 14.197 0.009 14.202 14.093 0 14.09
0.047 0.004 0.051 0.022 0.001 0.023 12.973 0.009 12.979 14.06 0.004 14.061 13.973 0.001 13.97
0.05 0.001 0.05 0.019 0.004 0.023 12.793 0.005 12.796 13.959 0.007 13.961 13.89 0 13.887
0.051 0 0.051 0.023 0 0.023 13.08 0.008 13.086 14.107 0.003 14.106 14.039 0 14.036
0.045 0.002 0.046 0.021 0.001 0.023 13.075 0.009 13.081 14.198 0 14.195 14.135 0 14.131
0.045 0.001 0.046 0.021 0.002 0.022 12.927 0.007 12.931 13.935 0.007 13.939 13.844 0 13.842
0.045 0.001 0.046 0.021 0.002 0.023 12.985 0.007 12.989 14.089 0.003 14.087 14.042 0 14.039
0.051 0 0.051 0.017 0.00600000000000001 0.023 13.04 0.006 13.043 14.141 0.004 14.142 14.061 0 14.057
0.048 0.002 0.05 0.022 0.001 0.023 12.786 0.005 12.788 13.908 0.006 13.912 13.888 0 13.884
0.048 0.00199999999999999 0.05 0.022 0.003 0.025 12.898 0.002 12.898 13.869 0.007 13.873 13.712 0.001 13.71
0.05 0 0.051 0.019 0.004 0.023 13.214 0.003 13.214 14.11 0 14.107 14.007 0 14.003
0.05 0 0.05 0.019 0.005 0.024 12.747 0.002 12.746 14 0.00600000000000001 14.004 13.873 0 13.87
0.048 0.00199999999999999 0.05 0.021 0.002 0.023 13.005 0.011 13.012 13.885 0.001 13.884 13.833 0 13.829
0.05 0 0.051 0.022 0.001 0.023 13.151 0.005 13.153 14.469 0.003 14.47 14.254 0 14.249
0.051 0 0.05 0.02 0.003 0.024 13.038 0.009 13.043 14.032 0.005 14.035 14.115 0.001 14.111
0.049 0.00199999999999999 0.051 0.022 0.002 0.024 12.782 0.004 12.783 14.133 0.005 14.135 13.945 0 13.942
0.045 0.001 0.046 0.02 0.003 0.023 13.048 0.011 13.056 14.241 0.005 14.243 14.123 0 14.12
0.044 0.001 0.046 0.02 0.003 0.022 12.39 0.01 12.396 14.234 0.00799999999999999 14.24 14.105 0 14.102
0.051 0 0.051 0.02 0.003 0.023 12.952 0.016 12.966 14.078 0 14.073 13.593 0 13.591
0.047 0.004 0.05 0.023 0.001 0.024 13.397 0.006 13.401 14.38 0.01 14.386 14.346 0.001 14.343
0.048 0.003 0.052 0.021 0.003 0.023 13.351 0.008 13.357 14.312 0.008 14.317 14.22 0 14.216
0.048 0.00199999999999999 0.051 0.021 0.002 0.023 13.083 0.004 13.084 14.002 0.006 14.005 13.918 0.001 13.915
0.049 0.001 0.05 0.022 0.002 0.024 12.822 0.007 12.827 13.825 0.001 13.823 13.787 0 13.784
0.05 0.001 0.051 0.021 0.002 0.023 13.32 0.005 13.322 14.509 0.007 14.513 14.435 0 14.431
0.05 0 0.05 0.019 0.004 0.024 13.046 0.007 13.05 14.141 0.006 14.142 14.063 0 14.061
0.048 0.002 0.05 0.02 0.003 0.023 12.946 0.004 12.947 13.947 0.01 13.955 13.973 0 13.969
0.045 0.004 0.05 0.019 0.004 0.023 13.142 0.01 13.149 14.024 0 14.021 13.946 0 13.943
0.05 0.001 0.051 0.02 0.003 0.023 13.17 0.005 13.172 14.267 0.005 14.268 14.137 0 14.135
0.044 0.002 0.045 0.017 0.006 0.023 12.93 0.009 12.936 14.052 0.00199999999999999 14.051 13.928 0 13.925
0.046 0.001 0.047 0.018 0.006 0.024 12.659 0.006 12.66 13.616 0.004 13.618 13.547 0 13.544
0.05 0 0.051 0.024 0 0.023 13.012 0.014 13.023 14.066 0.001 14.065 13.994 0 13.99
0.05 0 0.05 0.02 0.003 0.024 13.007 0.007 13.012 14.028 0.007 14.031 14.097 0.002 14.096
0.049 0.002 0.05 0.022 0.001 0.023 12.852 0.007 12.856 13.996 0.002 13.995 13.889 0 13.886
0.046 0.005 0.052 0.021 0.002 0.023 12.882 0.005 12.885 13.938 0.003 13.938 13.973 0.002 13.971
0.049 0.000999999999999994 0.05 0.022 0.001 0.024 13.158 0.011 13.165 14.508 0 14.506 14.317 0.001 14.314
0.046 0 0.047 0.02 0.003 0.022 12.836 0.017 12.85 13.831 0.001 13.829 13.905 0 13.902
0.044 0.002 0.047 0.022 0.001 0.023 13.205 0.006 13.208 14.364 0.007 14.368 14.374 0 14.37
0.049 0.001 0.05 0.021 0.003 0.023 13.176 0.00600000000000001 13.179 14.179 0.004 14.181 13.954 0.001 13.96
0.05 0.002 0.051 0.021 0.003 0.023 13.194 0.009 13.201 14.159 0.004 14.16 14.076 0 14.072
0.049 0.000999999999999994 0.05 0.021 0.003 0.024 13.756 0.004 13.757 14.694 0.005 14.696 14.469 0 14.465
0.049 0.003 0.051 0.02 0.003 0.023 13.244 0.004 13.246 14.17 0.004 14.172 14.088 0.002 14.085
0.05 0.001 0.051 0.02 0.003 0.023 13.094 0.007 13.098 14.219 0.005 14.221 14.148 0 14.148
0.044 0.002 0.046 0.021 0.00199999999999999 0.022 12.936 0.01 12.943 14.122 0 14.118 14.05 0 14.046
0.044 0.002 0.047 0.021 0.003 0.023 12.668 0.001 12.666 13.631 0.004 13.633 13.593 0 13.59
0.047 0 0.0469999999999999 0.019 0.003 0.023 13.018 0.01 13.024 13.96 0.008 13.965 13.886 0 13.883
0.049 0.002 0.05 0.023 0 0.023 13.075 0.002 13.074 14.151 0.005 14.152 14.053 0 14.05
0.05 0.001 0.05 0.022 0.002 0.023 12.87 0.005 12.88 13.387 0.003 13.389 13.217 0 13.227
0.052 0 0.051 0.021 0.002 0.023 13.181 0.012 13.19 14.25 0 14.248 14.047 0 14.043
0.047 0.003 0.05 0.02 0.003 0.023 12.923 0.005 12.925 14.04 0.003 14.04 13.908 0 13.905
0.049 0.001 0.05 0.02 0.004 0.023 13.106 0.005 13.109 14.256 0.008 14.26 14.154 0 14.151
0.048 0.003 0.051 0.021 0.003 0.024 12.605 0.006 12.608 13.623 0 13.621 13.577 0 13.574
0.045 0.002 0.046 0.022 0.001 0.023 13.04 0.004 13.041 14.353 0.005 14.356 14.169 0 14.166
0.042 0.003 0.046 0.02 0.003 0.022 13.065 0.00800000000000001 13.071 14.037 0.007 14.04 13.968 0 13.965
0.051 0 0.051 0.018 0.005 0.023 12.985 0.009 12.992 14.265 0.001 14.262 14.078 0 14.076
0.046 0.001 0.047 0.022 0.001 0.023 13.088 0.006 13.091 14.122 0.004 14.123 13.997 0 13.994
0.043 0.003 0.046 0.019 0.004 0.023 13.187 0.003 13.187 14.349 0.003 14.349 14.417 0 14.414
0.052 0.001 0.053 0.021 0.003 0.024 13.209 0.003 13.215 14.019 0.005 14.027 13.882 0 13.882
0.053 0 0.053 0.02 0.003 0.023 13.321 0.003 13.322 14.241 0.005 14.242 14.037 0 14.036
0.05 0.001 0.051 0.018 0.005 0.023 13.286 0.004 13.288 14.278 0.005 14.279 14.191 0 14.188
0.051 0 0.051 0.022 0.001 0.023 13.698 0.001 13.696 14.691 0.006 14.694 14.555 0 14.551
0.05 0 0.05 0.019 0.004 0.023 12.94 0.003 12.941 14.087 0.006 14.088 14.024 0 14.021
0.048 0.00199999999999999 0.05 0.021 0.002 0.023 12.91 0.007 12.914 14.043 0.001 14.04 13.928 0 13.924
0.043 0.003 0.046 0.019 0.004 0.022 12.819 0.002 12.819 13.891 0.005 13.893 13.67 0 13.667
0.05 0 0.05 0.018 0.00600000000000001 0.023 13.068 0.005 13.07 14.37 0.004 14.37 14.232 0 14.229
0.05 0.001 0.051 0.021 0.002 0.023 13.038 0.011 13.046 14.139 0 14.136 14 0 13.996
0.049 0.00199999999999999 0.051 0.021 0.003 0.024 12.883 0.004 12.895 13.747 0.006 13.754 13.603 0 13.605
0.05 0.001 0.051 0.018 0.006 0.024 13.107 0.002 13.107 13.893 0.002 13.891 13.691 0.003 13.699
0.048 0.003 0.051 0.019 0.004 0.023 12.876 0.004 12.878 14.126 0.005 14.127 13.869 0.001 13.867
0.046 0.001 0.046 0.018 0.004 0.023 12.773 0.013 12.781 13.837 0 13.836 13.742 0.001 13.74
0.045 0.000999999999999994 0.045 0.018 0.004 0.023 13.094 0.007 13.098 14.138 0.005 14.14 14.048 0 14.044
0.046 0 0.047 0.02 0.003 0.022 13.092 0.005 13.094 14.224 0.008 14.229 14.179 0 14.176
0.049 0.002 0.051 0.021 0.00199999999999999 0.023 12.952 0.01 12.961 13.846 0 13.852 13.593 0 13.591
0.05 0 0.05 0.022 0.001 0.023 13.042 0.004 13.043 13.973 0.006 13.976 13.995 0 13.998
0.046 0.005 0.05 0.02 0.003 0.024 12.928 0.00600000000000001 12.931 14.108 0.006 14.111 14.088 0 14.084
0.045 0.001 0.046 0.019 0.005 0.024 12.723 0.009 12.729 13.739 0 13.736 13.551 0 13.549
0.05 0 0.05 0.02 0.003 0.024 13.159 0.005 13.161 13.888 0.007 13.899 13.717 0 13.72
0.051 0.001 0.052 0.021 0.00199999999999999 0.023 13.301 0.008 13.306 14.242 0.005 14.243 14.131 0 14.129
0.052 0.001 0.054 0.021 0.00199999999999999 0.023 13.096 0.005 13.099 14.143 0.003 14.142 14.025 0 14.021
0.05 0 0.05 0.02 0.004 0.023 13.14 0.005 13.142 14.19 0.005 14.192 14.122 0 14.118
0.05 0.001 0.05 0.017 0.006 0.024 13.189 0.015 13.201 14.257 0.001 14.255 14.194 0 14.191
0.048 0.001 0.049 0.022 0.003 0.025 12.868 0.007 12.872 13.817 0.004 13.817 13.724 0.001 13.722
0.05 0.001 0.051 0.02 0.003 0.023 13.374 0.009 13.381 14.508 0.003 14.508 14.342 0 14.337
0.05 0.001 0.051 0.021 0.00199999999999999 0.023 12.912 0.005 12.914 14.11 0.003 14.11 14.111 0 14.108
0.049 0.002 0.051 0.019 0.004 0.023 12.994 0.007 12.999 14.116 0.004 14.117 14.034 0 14.03
0.047 0.004 0.051 0.02 0.004 0.024 13.129 0.005 13.131 14.225 0.009 14.231 14.108 0 14.104
0.053 0 0.054 0.02 0.003 0.023 13.154 0.00600000000000001 13.162 13.895 0.006 13.898 13.738 0.002 13.746
0.053 0.001 0.053 0.02 0.003 0.023 13.159 0.007 13.164 14.145 0.004 14.146 14.019 0 14.017
0.049 0.002 0.05 0.017 0.006 0.024 12.871 0.008 12.876 14.259 0.005 14.26 14.081 0 14.077
0.05 0 0.05 0.02 0.003 0.023 13.041 0.003 13.041 13.948 0.007 13.951 13.895 0 13.892
0.05 0 0.05 0.021 0.002 0.024 12.967 0.002 12.967 14.09 0.003 14.089 13.99 0 13.987
0.044 0.004 0.049 0.022 0.001 0.022 12.782 0.005 12.784 13.961 0.009 13.967 13.849 0.001 13.847
0.048 0.002 0.05 0.019 0.005 0.024 13.489 0.005 13.491 14.509 0.004 14.51 14.54 0 14.537
0.05 0 0.05 0.02 0.004 0.024 13.071 0.005 13.074 14.039 0.002 14.037 14.057 0 14.055
0.047 0.003 0.051 0.019 0.004 0.023 12.855 0.00799999999999999 12.861 14.151 0.004 14.151 13.916 0.002 13.914
0.049 0.001 0.051 0.02 0.003 0.023 12.984 0.006 12.987 14.127 0.007 14.131 14.014 0 14.009
0.051 0.001 0.052 0.017 0.00600000000000001 0.024 12.937 0.00799999999999999 12.95 13.786 0.00900000000000001 13.801 13.549 0 13.551
0.052 0 0.052 0.021 0.003 0.023 13.249 0.00700000000000001 13.255 14.244 0.011 14.251 14.123 0.002 14.123
0.049 0.002 0.05 0.022 0.001 0.023 13.296 0.009 13.302 14.232 0.00199999999999999 14.232 14.168 0 14.163
0.049 0.002 0.051 0.023 0 0.023 13.167 0.008 13.172 14.061 0.008 14.066 14.063 0 14.059
0.049 0.002 0.051 0.023 0 0.023 12.894 0.00600000000000001 12.897 14.044 0.00799999999999999 14.05 13.885 0 13.881
0.046 0.004 0.051 0.021 0.003 0.023 13.085 0.003 13.085 14.186 0.003 14.185 14.075 0 14.072
0.048 0.00199999999999999 0.051 0.022 0.001 0.023 12.725 0.005 12.727 13.966 0.007 13.971 13.871 0 13.867
0.051 0 0.051 0.022 0.000999999999999994 0.023 13.132 0.01 13.14 14.22 0.001 14.217 14.013 0 14.011
0.044 0.002 0.046 0.022 0.001 0.023 12.999 0.01 13.006 14.117 0.000999999999999994 14.115 14.079 0.001 14.077
0.05 0 0.05 0.02 0.004 0.024 13.159 0.01 13.166 14.225 0.002 14.224 14.169 0 14.165
0.051 0.002 0.053 0.021 0.002 0.023 13.061 0.013 13.077 13.79 0.002 13.791 13.608 0 13.613
0.052 0.001 0.053 0.019 0.004 0.023 13.405 0.006 13.408 14.397 0.007 14.401 14.252 0 14.249
0.046 0.005 0.051 0.02 0.003 0.023 12.968 0.013 12.979 14.163 0 14.159 14.251 0 14.248
0.048 0.002 0.051 0.02 0.004 0.023 13.069 0.00899999999999999 13.075 14.294 0.003 14.293 14.071 0 14.068
0.045 0.001 0.046 0.018 0.004 0.023 13.039 0.009 13.044 13.918 0.009 13.93 13.607 0.001 13.613
0.046 0.001 0.046 0.018 0.004 0.023 12.927 0.004 12.928 13.981 0.005 13.983 13.898 0 13.894
0.046 0.004 0.05 0.022 0.001 0.024 12.831 0.004 12.831 14.015 0.003 14.016 13.923 0 13.92
0.05 0 0.051 0.018 0.005 0.023 12.925 0.005 12.928 13.994 0.002 13.992 14.021 0 14.019
0.048 0.003 0.051 0.021 0.002 0.023 12.835 0.002 12.835 13.857 0.005 13.86 13.93 0 13.925
0.049 0.002 0.05 0.021 0.00199999999999999 0.023 12.905 0.008 12.91 14.109 0.00700000000000001 14.114 14.031 0 14.027
0.049 0.003 0.053 0.019 0.005 0.023 12.663 0.004 12.67 13.262 0.004 13.273 13.135 0 13.137
0.05 0.001 0.051 0.019 0.004 0.023 13.155 0.009 13.161 14.122 0.004 14.123 13.932 0.001 13.93
0.05 0.001 0.051 0.02 0.004 0.024 13 0.007 13.004 13.89 0.00199999999999999 13.889 13.817 0 13.814
0.05 0.001 0.052 0.022 0.002 0.023 13.347 0.009 13.353 14.31 0.004 14.311 14.132 0.001 14.131
0.046 0 0.046 0.022 0 0.022 12.906 0.005 12.908 13.935 0.006 13.938 13.877 0 13.874
0.049 0.00199999999999999 0.05 0.02 0.003 0.024 13.039 0.006 13.041 14.238 0.006 14.24 14.173 0.001 14.171
0.051 0 0.051 0.019 0.004 0.023 13.012 0.007 13.016 14.083 0.006 14.086 14.023 0 14.02
0.051 0 0.051 0.019 0.004 0.023 12.811 0.004 12.813 14.051 0.00600000000000001 14.054 13.864 0.000999999999999994 13.861
0.05 0.001 0.051 0.018 0.005 0.023 13.002 0.003 13.003 14.149 0.002 14.147 14.171 0 14.168
0.048 0.002 0.05 0.019 0.005 0.024 13.011 0.005 13.013 14.105 0.012 14.113 14.104 0 14.101
0.05 0 0.05 0.021 0.003 0.024 12.948 0.008 12.96 13.636 0.007 13.645 13.447 0.001 13.45
0.05 0.000999999999999994 0.05 0.018 0.005 0.024 13.151 0.008 13.156 14.164 0.00699999999999999 14.168 13.989 0 13.986
0.05 0.001 0.051 0.021 0.003 0.023 13.288 0.006 13.291 14.035 0.004 14.036 14.007 0 14.004
0.045 0.002 0.047 0.02 0.002 0.022 13.017 0.008 13.022 13.997 0.006 14 13.865 0 13.861
0.045 0.001 0.046 0.02 0.003 0.023 12.942 0.005 12.944 14.053 0.008 14.058 14.012 0.001 14.01
0.05 0.001 0.05 0.021 0.003 0.025 12.75 0.005 12.751 13.752 0.006 13.757 13.663 0 13.658
0.044 0.002 0.046 0.022 0.000999999999999994 0.023 13.028 0.014 13.04 13.992 0.004 13.993 13.968 0 13.964
0.049 0.000999999999999994 0.051 0.022 0.002 0.023 13.069 0.00600000000000001 13.073 14.12 0.005 14.121 14.112 0 14.109
0.047 0 0.046 0.019 0.003 0.023 12.655 0.008 12.658 14.049 0.004 14.051 13.864 0 13.861
0.051 0 0.051 0.021 0.002 0.023 13.136 0.012 13.146 14.225 0.004 14.225 14.188 0 14.185
0.049 0.003 0.051 0.02 0.004 0.024 13.385 0.011 13.401 14.062 0.001 14.069 13.826 0 13.829
0.049 0.001 0.05 0.023 0.000999999999999994 0.024 13.245 0.008 13.25 14.256 0.003 14.256 14.132 0 14.129
0.049 0 0.049 0.021 0.003 0.024 13.145 0.006 13.148 14.124 0.002 14.123 14.015 0.001 14.013
0.053 0 0.053 0.018 0.005 0.023 13.014 0.00899999999999999 13.021 14.13 0 14.126 14.022 0 14.019
0.05 0 0.051 0.02 0.004 0.0229999999999999 12.93 0.00800000000000001 12.936 14.078 0.003 14.077 13.956 0.001 13.954
0.05 0.001 0.05 0.018 0.005 0.023 12.772 0.007 12.776 13.968 0.004 13.97 13.857 0.001 13.855
0.048 0.003 0.051 0.021 0.002 0.023 13.142 0.006 13.145 14.131 0.006 14.133 14.069 0 14.066
0.048 0.003 0.05 0.02 0.004 0.024 12.855 0.007 12.861 13.596 0.000999999999999994 13.594 13.612 0 13.608
0.049 0.001 0.05 0.019 0.004 0.023 12.869 0.004 12.871 14.171 0.004 14.172 13.903 0 13.899
0.048 0.003 0.051 0.022 0.001 0.023 13.026 0.011 13.034 14.263 0 14.26 14.146 0 14.143
0.048 0.00199999999999999 0.051 0.024 0 0.023 13.134 0.008 13.139 14.202 0.009 14.207 14.18 0 14.177
0.049 0.00199999999999999 0.0499999999999999 0.018 0.006 0.024 12.966 0.00600000000000001 12.976 13.616 0.005 13.623 13.408 0.001 13.409
0.049 0.001 0.051 0.019 0.005 0.023 13.145 0.005 13.148 14.167 0.004 14.167 13.949 0 13.954
0.051 0 0.051 0.02 0.003 0.023 13.029 0.004 13.03 14.084 0.004 14.085 14.015 0 14.01
0.049 0.002 0.05 0.02 0.003 0.023 13.079 0.003 13.08 13.965 0.008 13.969 13.87 0.001 13.868
0.05 0.001 0.05 0.02 0.003 0.024 13.088 0.006 13.091 14.1 0.002 14.099 14.062 0 14.058
0.047 0.001 0.048 0.018 0.005 0.023 12.987 0.00600000000000001 12.99 14.125 0.007 14.129 14.02 0 14.016
0.045 0.001 0.045 0.019 0.005 0.024 12.726 0.001 12.725 13.659 0.002 13.658 13.626 0.001 13.625
0.048 0.003 0.05 0.02 0.004 0.025 12.659 0.006 12.661 13.72 0.003 13.721 13.718 0 13.715
0.051 0 0.051 0.022 0.000999999999999994 0.023 13.353 0.004 13.354 14.442 0.006 14.446 14.376 0.001 14.372
0.05 0.001 0.05 0.019 0.004 0.024 13.032 0.005 13.034 14.104 0.004 14.105 14.036 0 14.032
0.05 0.001 0.051 0.018 0.005 0.023 13.253 0.005 13.262 14.039 0.004 14.043 13.862 0 13.869
0.05 0.001 0.05 0.02 0.003 0.024 13.206 0.008 13.211 14.26 0.003 14.259 14.171 0 14.172
0.048 0.001 0.05 0.022 0.00199999999999999 0.023 13.445 0.00600000000000001 13.449 14.487 0 14.484 14.366 0 14.362
0.051 0 0.051 0.021 0.00199999999999999 0.023 13.181 0.014 13.192 14.304 0 14.301 14.265 0 14.262
0.049 0.002 0.051 0.022 0.001 0.024 13.104 0.004 13.104 14.165 0.004 14.166 14.136 0.001 14.135
0.051 0 0.051 0.02 0.003 0.023 12.98 0.00199999999999999 12.979 14.019 0.005 14.021 14.004 0 14.001
0.048 0.003 0.051 0.02 0.003 0.023 12.928 0.007 12.932 14.021 0.00199999999999999 14.019 13.976 0 13.973
0.047 0 0.047 0.018 0.004 0.022 12.862 0.00600000000000001 12.865 14.004 0.004 14.005 13.871 0 13.868
0.045 0.002 0.046 0.021 0.001 0.023 13.234 0.004 13.236 14.209 0.003 14.208 14.092 0 14.09
0.05 0.001 0.051 0.023 0 0.023 13.113 0.012 13.123 14.29 0.003 14.289 14.113 0 14.11
0.048 0.00199999999999999 0.05 0.02 0.003 0.023 12.949 0.007 12.953 14.051 0.004 14.052 13.974 0 13.97
0.05 0 0.05 0.019 0.006 0.024 13.051 0.004 13.059 13.539 0.005 13.541 13.331 0 13.334
0.05 0.001 0.051 0.019 0.004 0.023 13.354 0.00700000000000001 13.358 14.329 0.004 14.33 14.124 0 14.126
0.051 0.001 0.052 0.02 0.004 0.025 12.587 0.004 12.586 13.779 0.008 13.785 13.521 0 13.517
0.05 0.002 0.052 0.019 0.004 0.024 12.779 0.004 12.78 14.15 0.005 14.152 13.893 0 13.889
0.046 0.004 0.051 0.021 0.003 0.023 13.194 0.002 13.193 14.235 0.005 14.237 14.178 0.001 14.176
0.045 0.00199999999999999 0.046 0.018 0.004 0.023 13.064 0.005 13.065 14.131 0.007 14.136 14.048 0 14.045
0.048 0.002 0.051 0.022 0.00199999999999999 0.023 12.974 0.006 12.978 14.157 0.001 14.155 14.093 0 14.089
0.046 0.004 0.051 0.022 0.000999999999999994 0.023 12.905 0.009 12.911 14.224 0.002 14.223 14.028 0.001 14.024
0.046 0 0.046 0.02 0.003 0.023 13.028 0.006 13.033 14.054 0.006 14.055 13.964 0 13.961
0.053 0.001 0.054 0.019 0.006 0.025 12.735 0.003 12.735 13.693 0.008 13.698 13.678 0 13.675
0.05 0.002 0.052 0.019 0.004 0.023 13.273 0.004 13.283 14.023 0.006 14.034 13.835 0 13.836
0.047 0.004 0.05 0.019 0.004 0.023 13.283 0.007 13.287 14.261 0.004 14.261 14.067 0.001 14.067
0.05 0.002 0.053 0.02 0.004 0.023 13.282 0.004 13.284 14.33 0.006 14.333 14.265 0 14.262
0.05 0.001 0.052 0.023 0.001 0.023 13.179 0.005 13.182 14.154 0.005 14.155 14.108 0 14.105
0.046 0.005 0.051 0.021 0.002 0.023 14.549 0.005 14.551 15.739 0.003 15.739 15.544 0 15.542
0.048 0.002 0.051 0.022 0.002 0.023 12.807 0.006 12.81 14.028 0.008 14.032 13.974 0 13.972
0.043 0.002 0.046 0.019 0.004 0.023 12.845 0.012 12.854 13.901 0 13.897 13.832 0.001 13.828
0.045 0.001 0.047 0.017 0.005 0.022 12.82 0.007 12.824 13.953 0.005 13.955 13.855 0 13.852
0.05 0 0.051 0.019 0.005 0.023 13.287 0.005 13.291 14.291 0.007 14.296 14.178 0 14.176
0.05 0.000999999999999994 0.051 0.018 0.00600000000000001 0.024 13.088 0.006 13.09 14.22 0.006 14.224 14.163 0 14.16
0.049 0.002 0.05 0.019 0.005 0.024 13.057 0.00700000000000001 13.061 14.207 0.00399999999999999 14.207 14.129 0.001 14.127
0.049 0.001 0.051 0.023 0.001 0.024 13.182 0.007 13.191 14.027 0.006 14.04 13.819 0.001 13.82
0.049 0.00199999999999999 0.051 0.021 0.003 0.023 13.222 0.004 13.224 14.169 0.008 14.174 13.967 0 13.964
0.043 0.00199999999999999 0.046 0.02 0.004 0.024 12.942 0.009 12.948 13.757 0.001 13.754 13.679 0 13.676
0.049 0.000999999999999994 0.05 0.022 0.003 0.025 12.857 0.006 12.861 13.951 0.003 13.951 13.899 0.001 13.897
0.051 0 0.051 0.019 0.004 0.023 13.033 0.01 13.04 14.231 0.005 14.233 14.107 0 14.104
0.05 0 0.05 0.019 0.004 0.023 12.99 0.009 12.996 14.072 0.006 14.075 13.959 0 13.956
0.05 0 0.05 0.023 0.001 0.023 12.911 0.011 12.92 13.925 0.001 13.923 13.882 0 13.878
0.05 0.000999999999999994 0.05 0.021 0.002 0.023 12.865 0.01 12.873 14.174 0 14.171 14.068 0 14.064
0.051 0 0.05 0.021 0.002 0.024 13.047 0.005 13.049 14.038 0.005 14.039 13.968 0.001 13.967
0.05 0.001 0.051 0.019 0.003 0.022 13.492 0.005 13.496 14.163 0.004 14.171 14.157 0 14.159
0.05 0.001 0.05 0.02 0.003 0.023 13.169 0.012 13.178 14.166 0.001 14.165 14.011 0 14.015
0.048 0.002 0.051 0.021 0.003 0.023 13.063 0.016 13.077 14.084 0.003 14.084 14.032 0 14.029
0.049 0.002 0.051 0.017 0.006 0.023 13.089 0.004 13.09 14.049 0.00600000000000001 14.052 13.951 0 13.948
0.049 0.001 0.05 0.019 0.004 0.023 13.011 0.005 13.012 13.906 0.009 13.913 13.875 0.001 13.873
0.05 0.001 0.051 0.019 0.004 0.023 13.041 0.009 13.048 14.167 0.004 14.167 14.079 0 14.077
0.046 0 0.047 0.021 0.002 0.022 12.881 0.004 12.882 13.973 0.004 13.974 13.88 0 13.876
0.051 0 0.051 0.02 0.003 0.023 12.956 0.011 12.965 14.274 0.001 14.272 14.082 0 14.077
0.049 0.001 0.05 0.021 0.003 0.023 12.911 0.005 12.914 14.137 0.005 14.138 14.185 0 14.182
0.047 0 0.047 0.017 0.006 0.023 13.122 0.006 13.125 14.12 0.01 14.126 14.052 0 14.05
0.043 0.004 0.047 0.019 0.003 0.022 13.144 0.007 13.148 14.22 0.00600000000000001 14.223 14.179 0 14.175
0.045 0.00600000000000001 0.05 0.019 0.004 0.023 13.136 0.004 13.137 13.815 0.004 13.824 13.619 0 13.619
0.05 0 0.051 0.02 0.003 0.023 13.183 0.006 13.185 14.133 0.008 14.139 14.012 0 14.008
0.049 0.001 0.051 0.021 0.003 0.023 13.297 0.004 13.299 14.116 0.00199999999999999 14.114 14.024 0.001 14.02
0.05 0.001 0.05 0.02 0.003 0.024 12.796 0.008 12.8 13.909 0.004 13.91 13.863 0.001 13.861
0.048 0.002 0.05 0.022 0.003 0.025 12.879 0.004 12.879 13.774 0.004 13.776 13.712 0.002 13.711
0.05 0.001 0.051 0.023 0.001 0.023 13.205 0.005 13.207 14.346 0.009 14.353 14.282 0 14.277
0.049 0.002 0.051 0.018 0.005 0.023 13.069 0.002 13.068 14.351 0.003 14.352 14.194 0.001 14.191
0.042 0.003 0.045 0.019 0.005 0.024 12.754 0.003 12.753 13.815 0.004 13.817 13.612 0.000999999999999994 13.609
0.048 0.002 0.05 0.023 0.001 0.023 12.853 0.006 12.856 13.964 0.008 13.969 13.903 0 13.899
0.048 0.001 0.049 0.021 0.002 0.023 13.034 0.003 13.036 13.894 0.00700000000000001 13.905 13.733 0 13.732
0.05 0.001 0.052 0.019 0.005 0.023 13.046 0.006 13.049 14.069 0.007 14.073 13.865 0 13.87
0.048 0.003 0.083 0.019 0.00600000000000001 0.025 12.866 0.005 12.868 13.768 0.00599999999999999 13.771 13.572 0 13.569
0.051 0.001 0.051 0.021 0.00199999999999999 0.024 13.483 0.01 13.489 14.405 0.002 14.404 14.371 0 14.368
0.049 0.001 0.05 0.021 0.003 0.024 13.222 0.005 13.224 14.184 0.004 14.185 14.086 0.00199999999999999 14.085
0.046 0.002 0.047 0.021 0.000999999999999994 0.022 12.952 0.00600000000000001 12.955 13.997 0.00199999999999999 13.996 13.984 0 13.981
0.046 0.001 0.047 0.022 0.000999999999999994 0.023 12.874 0.018 12.889 14.043 0.001 14.04 13.932 0 13.93
0.048 0.002 0.05 0.02 0.003 0.023 12.83 0.004 12.831 14.063 0.006 14.064 13.929 0 13.925
0.048 0.002 0.05 0.018 0.005 0.023 12.805 0.008 12.811 13.76 0.008 13.764 13.706 0 13.703
0.049 0.001 0.05 0.018 0.005 0.024 12.792 0.004 12.794 14.019 0.006 14.021 14.113 0 14.11
0.046 0 0.046 0.019 0.004 0.023 13.434 0.00700000000000001 13.438 14.529 0.005 14.53 14.408 0.001 14.406
0.048 0.003 0.051 0.02 0.003 0.023 13.493 0.005 13.501 14.346 0.003 14.352 14.187 0 14.188
0.05 0.001 0.051 0.022 0.000999999999999994 0.023 13.098 0.007 13.102 14.063 0.00800000000000001 14.068 13.954 0.000999999999999994 13.954
0.052 0 0.051 0.021 0.00199999999999999 0.024 12.767 0.009 12.772 14.036 0.001 14.034 14.092 0 14.087
0.051 0 0.051 0.021 0.00199999999999999 0.024 13.145 0.004 13.145 14.275 0.005 14.278 14.254 0.001 14.251
0.049 0.00199999999999999 0.05 0.022 0.001 0.024 13.078 0.009 13.084 14.15 0.001 14.148 14.111 0 14.107
0.05 0.001 0.051 0.02 0.003 0.023 13.363 0.014 13.374 14.526 0 14.522 14.447 0 14.445
0.048 0.003 0.051 0.019 0.004 0.023 12.89 0.00199999999999999 12.89 13.982 0.006 13.985 13.912 0.001 13.91
0.05 0 0.05 0.019 0.005 0.024 13.006 0.006 13.009 14.009 0.007 14.013 14.055 0 14.052
0.05 0.001 0.051 0.02 0.004 0.024 13.089 0.014 13.1 14.192 0 14.189 14.126 0 14.123
0.046 0.005 0.051 0.023 0.001 0.023 13.562 0.00700000000000001 13.566 14.542 0.00199999999999999 14.541 14.474 0.001 14.471
0.049 0.001 0.05 0.018 0.006 0.024 13.12 0.007 13.131 13.757 0.003 13.759 13.584 0 13.588
0.049 0.001 0.05 0.022 0.001 0.023 13.473 0.005 13.475 14.375 0.004 14.376 14.193 0 14.196
0.048 0.003 0.051 0.02 0.003 0.024 13.164 0.002 13.163 14.38 0.004 14.381 14.205 0 14.201
0.047 0.003 0.05 0.023 0.001 0.024 13.824 0.002 13.823 14.766 0.005 14.767 14.63 0.001 14.628
0.048 0.003 0.051 0.022 0.001 0.023 13.31 0.007 13.314 14.225 0.006 14.228 14.162 0 14.159
0.05 0 0.05 0.022 0.002 0.023 12.805 0.005 12.807 13.938 0.004 13.939 13.788 0.003 13.787
0.043 0.003 0.046 0.02 0.003 0.023 12.867 0.011 12.875 13.939 0 13.936 13.872 0 13.868
0.047 0.003 0.05 0.022 0.002 0.023 12.893 0.012 12.903 14.048 0 14.044 13.979 0 13.976
0.048 0.002 0.05 0.02 0.004 0.024 12.757 0.005 12.759 13.581 0.006 13.584 13.614 0 13.611
0.043 0.004 0.047 0.022 0.001 0.022 12.995 0.007 13 14.172 0.002 14.171 14.149 0 14.145
0.049 0.001 0.051 0.022 0.002 0.023 12.976 0.006 12.979 14.047 0.009 14.052 14.052 0 14.049
0.049 0.001 0.05 0.02 0.004 0.024 12.896 0.016 12.916 13.842 0 13.839 13.558 0 13.564
0.05 0.00199999999999999 0.052 0.019 0.004 0.023 13.354 0.002 13.353 14.228 0.007 14.232 14.136 0 14.134
0.048 0.001 0.049 0.023 0.001 0.024 12.725 0.007 12.728 13.971 0.00199999999999999 13.97 14.071 0 14.068
0.049 0.001 0.05 0.021 0.003 0.023 12.958 0.004 12.96 14.119 0.005 14.121 13.993 0 13.988
0.045 0.000999999999999994 0.046 0.019 0.003 0.023 12.979 0.002 12.978 14.035 0.006 14.037 13.893 0.002 13.893
0.05 0.001 0.051 0.02 0.003 0.023 13.116 0.011 13.124 14.267 0.001 14.266 14.138 0 14.134
0.05 0.001 0.05 0.021 0.00199999999999999 0.023 12.793 0.005 12.796 13.982 0.004 13.983 13.947 0 13.943
0.043 0.004 0.046 0.018 0.004 0.022 12.888 0.007 12.892 14.09 0.00700000000000001 14.094 13.892 0 13.889
0.05 0.001 0.051 0.022 0.002 0.024 13.117 0.003 13.118 14.208 0.008 14.212 14.175 0.001 14.173
0.044 0.00199999999999999 0.046 0.022 0.001 0.023 13.093 0.004 13.094 14.193 0.005 14.196 14.134 0 14.13
0.049 0.002 0.051 0.021 0.004 0.024 12.918 0.003 12.929 13.515 0.006 13.524 13.388 0 13.39
0.05 0.001 0.05 0.022 0.001 0.024 13.311 0.003 13.31 14.29 0.005 14.293 14.083 0 14.088
0.047 0 0.047 0.019 0.005 0.024 12.944 0.007 12.947 13.711 0.004 13.713 13.737 0 13.734
0.052 0 0.053 0.022 0.002 0.023 13.08 0.006 13.083 14.192 0 14.19 14.026 0.002 14.024
0.049 0.001 0.05 0.017 0.00600000000000001 0.023 13.054 0.00899999999999999 13.059 13.959 0.003 13.96 13.843 0 13.84
0.05 0 0.05 0.019 0.004 0.023 12.853 0.004 12.856 13.997 0.006 13.999 13.868 0 13.864
0.049 0.001 0.051 0.024 0 0.023 12.821 0.009 12.828 13.985 0.004 13.985 13.867 0.001 13.865
0.048 0.002 0.05 0.022 0.002 0.024 12.744 0.009 12.749 13.843 0.001 13.842 13.796 0 13.792
0.05 0.000999999999999994 0.051 0.02 0.003 0.023 13.014 0.005 13.017 14.046 0.00600000000000001 14.049 14.088 0 14.084
0.05 0 0.05 0.021 0.002 0.023 12.967 0.005 12.97 14.36 0.004 14.36 14.139 0 14.136
0.049 0.002 0.051 0.021 0.00199999999999999 0.023 12.771 0.005 12.773 13.932 0.005 13.934 13.741 0 13.745
0.048 0.00199999999999999 0.051 0.022 0.001 0.023 13.402 0.011 13.41 14.189 0.003 14.196 13.892 0 13.893
0.05 0 0.05 0.022 0.001 0.023 13.17 0.003 13.17 14.181 0.006 14.184 14.086 0 14.083
0.045 0.002 0.047 0.02 0.003 0.023 13.649 0.008 13.653 14.628 0.000999999999999994 14.626 14.457 0 14.452
0.05 0.001 0.051 0.019 0.004 0.023 13.041 0.008 13.046 14.147 0.005 14.149 14.115 0 14.112
0.05 0 0.05 0.023 0.002 0.025 12.723 0.005 12.724 13.757 0.00600000000000001 13.761 13.746 0 13.743
0.043 0.002 0.046 0.02 0.00199999999999999 0.022 12.834 0.005 12.838 13.903 0 13.9 13.866 0 13.862
0.045 0.001 0.046 0.022 0.002 0.024 12.834 0.002 12.833 13.723 0.009 13.729 13.565 0 13.563
0.05 0 0.05 0.022 0.00199999999999999 0.024 12.942 0.005 12.944 14.308 0.007 14.312 14.18 0 14.177
0.048 0.003 0.051 0.018 0.005 0.023 13.421 0.007 13.425 14.479 0.002 14.478 14.436 0 14.433
0.05 0.000999999999999994 0.051 0.02 0.003 0.023 12.893 0.005 12.894 13.914 0.006 13.918 13.879 0.001 13.877
0.05 0.002 0.053 0.02 0.003 0.023 12.993 0.003 13.002 13.87 0.005 13.879 13.727 0 13.729
0.051 0 0.051 0.022 0.002 0.024 13.178 0.01 13.185 14.17 0.003 14.17 13.98 0 13.985
0.046 0.001 0.047 0.017 0.005 0.023 13.364 0.015 13.376 14.213 0.003 14.212 14.148 0 14.145
0.049 0.00199999999999999 0.051 0.02 0.003 0.023 13.222 0.01 13.229 14.234 0 14.231 14.147 0 14.144
0.049 0.00199999999999999 0.052 0.02 0.004 0.023 13.251 0.003 13.252 14.196 0.00700000000000001 14.2 14.101 0 14.098
0.045 0.005 0.05 0.021 0.00199999999999999 0.023 12.978 0.005 12.981 14.152 0.006 14.154 14.057 0 14.054
0.049 0.003 0.05 0.019 0.004 0.023 12.872 0.003 12.874 14.247 0.004 14.247 14.032 0 14.029
0.05 0.001 0.051 0.016 0.007 0.024 12.834 0.005 12.836 14.059 0.00600000000000001 14.062 14.006 0.003 14.006
0.047 0 0.046 0.022 0 0.022 13.045 0.007 13.049 14.091 0.004 14.092 14.033 0 14.029
0.049 0.00199999999999999 0.05 0.022 0.002 0.024 12.714 0.003 12.713 13.566 0.004 13.569 13.583 0.001 13.581
0.049 0.002 0.051 0.02 0.003 0.023 13.019 0.006 13.022 14.173 0.005 14.175 14.061 0 14.057
0.051 0.001 0.052 0.021 0.003 0.023 13.279 0.00700000000000001 13.289 14.051 0.00799999999999999 14.064 13.858 0 13.859
0.047 0.005 0.051 0.02 0.004 0.024 13.792 0.009 13.798 14.722 0 14.72 14.448 0 14.446
0.046 0.004 0.05 0.021 0.002 0.023 12.702 0.008 12.706 13.922 0.006 13.926 14.05 0 14.046
0.05 0 0.05 0.021 0.003 0.024 13.053 0.00600000000000001 13.056 14.204 0.00199999999999999 14.203 14.194 0 14.19
0.048 0.003 0.05 0.019 0.004 0.024 13.018 0.008 13.023 14.124 0.001 14.122 14.021 0.001 14.018
0.05 0 0.05 0.02 0.003 0.023 12.86 0.008 12.865 13.92 0.006 13.923 13.88 0 13.877
0.049 0.002 0.051 0.021 0.003 0.023 13.103 0.012 13.112 14.092 0.005 14.095 14.09 0.001 14.089
0.043 0.003 0.046 0.019 0.004 0.023 13.294 0.005 13.296 14.349 0.006 14.352 14.192 0 14.189
0.051 0 0.05 0.021 0.003 0.024 13.43 0.004 13.432 14.373 0.008 14.377 14.238 0 14.235
0.048 0.00199999999999999 0.051 0.021 0.003 0.023 13.06 0.01 13.068 14.097 0.001 14.095 14.005 0 14.002
0.051 0.001 0.052 0.019 0.005 0.023 13.311 0.004 13.319 13.951 0.005 13.955 13.744 0 13.75
0.049 0.00199999999999999 0.051 0.022 0.001 0.023 13.306 0.015 13.32 14.339 0.002 14.337 14.138 0.001 14.136
0.048 0.003 0.051 0.023 0 0.023 12.985 0.004 12.986 14.003 0.008 14.007 13.809 0 13.806
0.048 0.002 0.049 0.015 0.008 0.024 13.413 0.00900000000000001 13.419 14.172 0.00299999999999999 14.172 14.067 0 14.063
0.051 0 0.051 0.02 0.003 0.023 13.511 0.008 13.516 14.373 0.001 14.371 14.34 0 14.337
0.05 0 0.05 0.022 0.000999999999999994 0.023 13.102 0.00600000000000001 13.105 14.21 0.002 14.209 14.096 0 14.094
0.049 0.002 0.051 0.021 0.003 0.023 13.073 0.005 13.077 14.225 0.005 14.225 14.245 0 14.242
0.044 0.003 0.047 0.021 0.001 0.022 12.977 0.005 12.979 14.105 0.00199999999999999 14.104 13.98 0 13.976
0.049 0.00199999999999999 0.051 0.021 0.002 0.024 13.216 0.005 13.216 14.29 0.002 14.289 14.214 0 14.21
0.049 0.002 0.051 0.02 0.003 0.023 13.189 0.005 13.191 14.133 0.011 14.141 14.168 0 14.165
0.05 0 0.05 0.02 0.004 0.023 12.909 0.004 12.91 13.915 0.006 13.918 13.879 0 13.877
0.047 0.004 0.051 0.02 0.004 0.024 13.131 0.003 13.138 13.877 0.00600000000000001 13.882 13.687 0 13.693
0.051 0 0.051 0.021 0.00199999999999999 0.024 13.2 0.004 13.201 14.187 0.002 14.186 14 0.00199999999999999 14.001
0.046 0.001 0.047 0.02 0.003 0.023 13.093 0.006 13.097 14.133 0 14.128 14.061 0 14.057
0.049 0.001 0.051 0.022 0.00199999999999999 0.023 13.035 0.004 13.037 14.144 0.005 14.146 14.06 0 14.056
0.053 0.001 0.054 0.022 0.00199999999999999 0.024 13.013 0.013 13.024 14.104 0.001 14.102 14.014 0 14.01
0.044 0.002 0.046 0.019 0.004 0.023 12.89 0.00600000000000001 12.893 14.022 0.002 14.022 13.939 0 13.934
0.046 0 0.047 0.022 0.000999999999999994 0.023 12.822 0.00700000000000001 12.825 14.061 0.008 14.067 13.871 0.000999999999999994 13.868
0.048 0.002 0.05 0.02 0.005 0.024 12.841 0.005 12.845 13.822 0.003 13.822 13.709 0 13.706
0.049 0.001 0.05 0.023 0.001 0.024 13.317 0.01 13.324 14.3 0.008 14.305 14.131 0 14.127
0.048 0.003 0.051 0.021 0.00199999999999999 0.024 13.161 0.013 13.17 14.216 0.001 14.214 14.065 0.003 14.065
0.048 0.003 0.05 0.021 0.003 0.024 13.186 0.007 13.197 14.087 0 14.089 13.865 0 13.867
0.051 0 0.051 0.022 0.002 0.024 13.662 0.011 13.669 14.547 0.009 14.553 14.384 0.001 14.383
0.048 0.004 0.051 0.021 0.002 0.024 13.042 0.01 13.049 14.216 0.006 14.218 14.322 0 14.318
0.051 0.001 0.052 0.02 0.003 0.023 13.215 0.00600000000000001 13.218 14.196 0.004 14.197 14.187 0.001 14.185
0.048 0.002 0.051 0.018 0.006 0.023 13.13 0.003 13.131 14.071 0.007 14.074 13.966 0 13.963
0.046 0 0.046 0.021 0.00199999999999999 0.023 12.685 0.002 12.684 13.552 0.01 13.56 13.547 0 13.544
0.049 0.002 0.051 0.019 0.005 0.024 12.696 0.00700000000000001 12.699 13.682 0.003 13.683 13.595 0 13.592
0.046 0.001 0.047 0.018 0.004 0.022 13.116 0.00600000000000001 13.124 13.749 0.005 13.758 13.571 0 13.572
0.049 0.000999999999999994 0.05 0.021 0.002 0.023 12.936 0.011 12.945 13.931 0.003 13.93 14.002 0 14
0.047 0.003 0.05 0.02 0.003 0.023 12.853 0.003 12.853 14.047 0.006 14.049 13.942 0 13.94
0.05 0 0.05 0.02 0.004 0.024 12.937 0.016 12.951 14.141 0.001 14.138 14.079 0 14.075
0.051 0 0.052 0.021 0.003 0.023 13.066 0.00899999999999999 13.079 13.68 0.00700000000000001 13.689 13.522 0 13.524
0.052 0.000999999999999994 0.053 0.019 0.004 0.023 13.256 0.001 13.255 14.219 0.007 14.222 14.051 0 14.05
0.048 0.001 0.05 0.021 0.004 0.024 12.646 0.002 12.645 13.791 0.004 13.793 13.603 0 13.599
0.048 0.002 0.051 0.021 0.003 0.023 12.95 0.006 12.953 14.048 0.002 14.047 13.893 0 13.891
0.05 0.001 0.051 0.02 0.003 0.023 13.009 0.002 13.009 14.183 0.008 14.187 14.108 0 14.105
0.046 0 0.046 0.02 0.003 0.023 12.99 0.008 12.995 14.039 0.003 14.039 14.01 0 14.007
0.048 0.002 0.051 0.02 0.004 0.023 12.862 0.005 12.865 14.073 0.005 14.075 13.949 0 13.946
0.048 0.00199999999999999 0.051 0.021 0.003 0.023 12.924 0.007 12.929 14.225 0.003 14.225 13.983 0 13.979
0.052 0 0.052 0.02 0.003 0.023 13.123 0.005 13.127 14.077 0.005 14.077 13.969 0 13.966
0.049 0.00199999999999999 0.051 0.018 0.005 0.023 13.272 0.003 13.273 14.252 0.005 14.253 14.194 0.004 14.195
0.048 0.000999999999999994 0.049 0.02 0.005 0.024 12.917 0.011 12.934 13.531 0.001 13.537 13.361 0 13.364
0.047 0.003 0.05 0.019 0.005 0.023 13.092 0.006 13.096 14.112 0.005 14.114 13.882 0 13.879
0.049 0.001 0.05 0.021 0.003 0.024 13.155 0.003 13.156 14.15 0.006 14.152 14.014 0 14.011
0.049 0.001 0.05 0.022 0.001 0.023 13.213 0.006 13.216 14.176 0.004 14.177 14.075 0 14.072
0.049 0.002 0.05 0.017 0.006 0.024 12.839 0.002 12.839 14.022 0.008 14.027 13.896 0 13.893
0.054 0.001 0.055 0.021 0.003 0.023 13.274 0.01 13.282 14.392 0.006 14.395 14.181 0 14.177
0.05 0.001 0.051 0.021 0.002 0.023 13.044 0.00199999999999999 13.042 14.123 0.00600000000000001 14.125 14.055 0 14.051
0.046 0.001 0.046 0.017 0.005 0.023 12.837 0.006 12.84 14.06 0.003 14.059 13.847 0 13.844
0.046 0 0.047 0.019 0.004 0.022 12.89 0.005 12.893 13.987 0.004 13.987 13.906 0.001 13.903
0.049 0.002 0.05 0.021 0.00199999999999999 0.023 12.875 0.00600000000000001 12.878 14.012 0.003 14.011 13.881 0 13.878
0.052 0.001 0.053 0.018 0.005 0.022 12.859 0.008 12.873 13.713 0.004 13.718 13.58 0 13.581
0.053 0.001 0.054 0.022 0.003 0.024 13.614 0.005 13.617 14.521 0.00600000000000001 14.523 14.27 0.000999999999999994 14.275
0.049 0.001 0.05 0.018 0.005 0.023 12.876 0.01 12.884 13.934 0.005 13.935 14.063 0.001 14.06
0.048 0.002 0.05 0.021 0.003 0.024 12.947 0.01 12.954 14.078 0.004 14.079 14.013 0 14.01
0.044 0.002 0.046 0.02 0.003 0.023 12.959 0.006 12.963 14.143 0.003 14.142 14.037 0.001 14.034
0.047 0.004 0.05 0.022 0.001 0.024 13.151 0.009 13.157 14.23 0.004 14.23 14.166 0 14.164
0.045 0.001 0.046 0.022 0.000999999999999994 0.023 12.956 0.005 12.966 13.911 0.008 13.918 13.668 0.002 13.678
0.049 0.002 0.051 0.019 0.004 0.023 13.006 0.008 13.011 14.041 0.001 14.038 13.983 0 13.983
0.051 0 0.051 0.021 0.003 0.023 13.185 0.01 13.193 14.225 0 14.222 14.078 0 14.075
0.049 0.003 0.051 0.02 0.003 0.024 13.423 0.00700000000000001 13.426 14.412 0.01 14.419 14.301 0.001 14.298
0.048 0.002 0.05 0.024 0 0.024 13.283 0.008 13.296 14.089 0 14.088 13.873 0 13.881
0.049 0.001 0.05 0.02 0.003 0.023 13.105 0.008 13.11 14.088 0.007 14.092 13.986 0 13.985
0.052 0 0.053 0.023 0.000999999999999994 0.023 13.794 0.004 13.796 14.73 0.003 14.729 14.637 0 14.633
0.052 0 0.052 0.021 0.00199999999999999 0.023 13.441 0.005 13.444 14.373 0.003 14.371 14.356 0 14.354
0.05 0.001 0.051 0.018 0.005 0.023 13.049 0.005 13.051 14.142 0.007 14.146 14.126 0 14.123
0.049 0.001 0.05 0.018 0.005 0.023 12.624 0.003 12.623 13.871 0.009 13.878 13.988 0 13.986
0.046 0 0.046 0.022 0.001 0.023 13.114 0.007 13.118 14.122 0.005 14.124 14.015 0.001 14.012
0.05 0 0.05 0.018 0.005 0.023 12.922 0.006 12.924 13.987 0.00600000000000001 13.991 13.865 0 13.862
0.049 0.002 0.05 0.021 0.002 0.023 12.942 0.005 12.943 14.053 0.004 14.054 13.91 0 13.906
0.049 0.001 0.05 0.02 0.004 0.024 12.887 0.005 12.889 14.048 0.005 14.049 13.964 0 13.96
0.051 0.001 0.051 0.02 0.003 0.024 13.17 0.008 13.179 13.893 0.003 13.895 13.71 0 13.713
0.049 0.001 0.051 0.02 0.003 0.023 13.051 0.01 13.057 14.061 0 14.058 13.949 0.000999999999999994 13.947
0.046 0 0.046 0.022 0.001 0.023 13.237 0.004 13.238 14.048 0.007 14.052 13.956 0 13.953
0.044 0.003 0.047 0.02 0.003 0.023 12.801 0.007 12.816 13.892 0.003 13.892 13.863 0 13.859
0.05 0 0.051 0.022 0.002 0.023 13.168 0.004 13.17 14.248 0.007 14.252 14.059 0 14.065
0.048 0.002 0.05 0.021 0.002 0.023 12.808 0.003 12.808 13.968 0.008 13.973 13.917 0.004 13.918
0.051 0 0.05 0.02 0.003 0.024 12.975 0.00600000000000001 12.979 14.075 0.007 14.078 14.001 0 13.998
0.042 0.004 0.046 0.02 0.002 0.023 12.701 0.007 12.704 13.99 0.004 13.992 13.816 0 13.812
0.046 0.001 0.046 0.02 0.003 0.023 12.673 0.00600000000000001 12.676 13.953 0.007 13.958 13.757 0 13.754
0.048 0.002 0.05 0.02 0.003 0.023 12.923 0.011 12.931 14.207 0.002 14.206 14.163 0 14.16
0.049 0.003 0.051 0.021 0.002 0.023 13.255 0.003 13.262 13.981 0.005 13.986 13.822 0 13.829
0.05 0.001 0.051 0.019 0.004 0.024 13.348 0.012 13.356 14.359 0 14.357 14.2 0 14.198
0.047 0.002 0.049 0.021 0.00199999999999999 0.024 13.084 0.008 13.088 14.113 0.001 14.111 14.093 0 14.09
0.05 0.000999999999999994 0.051 0.021 0.002 0.023 13.23 0.007 13.234 14.231 0.002 14.23 14.131 0 14.128
0.046 0.003 0.049 0.022 0.003 0.025 12.703 0.005 12.705 13.609 0.004 13.611 13.586 0 13.583
0.049 0.000999999999999994 0.051 0.021 0.003 0.023 12.919 0.006 12.922 14.051 0.005 14.054 14.182 0 14.178
0.047 0.004 0.051 0.022 0.00199999999999999 0.023 12.785 0.00600000000000001 12.788 13.849 0.004 13.851 13.812 0 13.808
0.05 0.000999999999999994 0.05 0.022 0.001 0.024 13.195 0.008 13.201 14.177 0.008 14.181 14.198 0 14.195
0.045 0.001 0.046 0.022 0.001 0.023 12.885 0.004 12.885 13.999 0.006 14.002 13.942 0 13.938
0.045 0.000999999999999994 0.046 0.02 0.003 0.022 13.012 0.007 13.017 14.053 0.005 14.055 13.946 0.005 13.948
0.051 0.001 0.052 0.022 0.002 0.023 13.954 0.006 13.963 14.696 0.008 14.708 14.491 0 14.49
0.051 0.000999999999999994 0.051 0.022 0.001 0.023 13.48 0.009 13.487 14.466 0.002 14.463 14.321 0.002 14.321
0.049 0.002 0.051 0.021 0.003 0.023 12.98 0.006 12.984 14.247 0.00700000000000001 14.252 14.144 0.000999999999999994 14.14
0.048 0.004 0.05 0.021 0.002 0.024 13.114 0.012 13.123 14.367 0.002 14.366 14.076 0 14.072
0.05 0 0.051 0.019 0.004 0.023 12.951 0.002 12.95 14.074 0.005 14.075 13.994 0 13.991
0.045 0.000999999999999994 0.047 0.021 0.002 0.022 12.99 0.008 12.996 14.023 0.003 14.022 14.004 0 14.001
0.049 0.002 0.051 0.021 0.003 0.024 13.038 0.002 13.038 14.092 0.006 14.096 14.057 0 14.053
0.049 0.001 0.051 0.023 0.001 0.023 12.93 0.01 12.938 14.018 0.00199999999999999 14.016 14.053 0 14.05
0.049 0.001 0.05 0.021 0.004 0.025 12.821 0.004 12.822 13.682 0.005 13.684 13.628 0.004 13.628
0.05 0.001 0.052 0.021 0.003 0.023 13.005 0.00600000000000001 13.009 14.113 0 14.11 14.013 0 14.009
0.049 0.002 0.051 0.023 0 0.023 13.388 0.014 13.406 14.309 0.001 14.309 14.077 0 14.085
0.05 0 0.05 0.019 0.005 0.025 13.276 0.004 13.276 14.193 0.005 14.195 14.11 0 14.107
0.047 0.002 0.049 0.018 0.005 0.023 13.231 0.004 13.231 14.229 0.007 14.234 14.118 0 14.115
0.049 0.00199999999999999 0.052 0.022 0.002 0.023 13.357 0.008 13.363 14.336 0.001 14.333 14.231 0 14.228
0.049 0.002 0.051 0.022 0.001 0.023 13.158 0.006 13.162 14.212 0.005 14.213 14.148 0.002 14.147
0.049 0.001 0.05 0.019 0.004 0.023 12.833 0.009 12.839 14.008 0.005 14.01 14.08 0 14.077
0.051 0 0.051 0.019 0.004 0.023 12.94 0.007 12.945 14.011 0.007 14.014 13.975 0 13.972
0.049 0.001 0.05 0.02 0.003 0.023 13.011 0.008 13.016 14.364 0.00600000000000001 14.367 14.139 0 14.136
0.046 0 0.045 0.019 0.003 0.023 12.938 0.005 12.939 13.993 0.001 13.99 13.933 0.001 13.932
0.047 0.004 0.05 0.021 0.002 0.023 13.03 0.018 13.045 14.109 0 14.106 14.07 0 14.066
0.048 0.002 0.05 0.02 0.004 0.024 13.017 0.005 13.025 13.5 0.004 13.503 13.384 0 13.39
0.05 0.001 0.051 0.022 0.002 0.024 13.275 0.004 13.277 14.252 0.008 14.256 14.091 0 14.09
0.051 0 0.05 0.022 0.001 0.024 13.003 0.008 13.007 14.084 0.00699999999999999 14.087 14.058 0 14.055
0.05 0 0.05 0.021 0.002 0.023 12.627 0.006 12.629 13.931 0.004 13.933 13.806 0 13.802
0.049 0.002 0.051 0.022 0.001 0.024 13.172 0.009 13.177 14.279 0.00199999999999999 14.279 14.198 0 14.194
0.049 0.00199999999999999 0.051 0.02 0.003 0.023 13.13 0.014 13.142 14.347 0 14.343 14.235 0 14.232
0.047 0.003 0.051 0.022 0.00199999999999999 0.023 12.959 0.00700000000000001 12.963 14.002 0.005 14.004 13.954 0 13.952
0.05 0.001 0.051 0.021 0.002 0.023 12.785 0.005 12.788 13.85 0.005 13.852 13.833 0.00199999999999999 13.832
0.05 0 0.05 0.018 0.005 0.023 12.873 0.013 12.883 14.062 0.003 14.063 13.993 0 13.989
0.048 0.002 0.05 0.019 0.003 0.022 13.466 0.004 13.467 14.612 0.003 14.612 14.562 0 14.558
0.052 0.002 0.054 0.022 0.001 0.023 13.066 0.005 13.077 13.911 0.008 13.923 13.732 0 13.733
0.049 0.001 0.051 0.02 0.003 0.023 13.15 0.008 13.154 14.137 0.00199999999999999 14.136 13.939 0 13.938
0.05 0.00199999999999999 0.052 0.021 0.002 0.024 13.23 0.003 13.23 14.177 0.009 14.182 14.144 0 14.141
0.049 0.001 0.051 0.021 0.002 0.023 13.172 0.007 13.175 14.079 0.005 14.082 14.047 0 14.044
0.048 0.00199999999999999 0.05 0.02 0.003 0.023 12.832 0.005 12.833 14.004 0.003 14.005 13.956 0.001 13.954
0.049 0.001 0.05 0.02 0.003 0.023 12.715 0.003 12.714 13.833 0.003 13.834 13.673 0.001 13.67
0.05 0.001 0.051 0.019 0.004 0.023 12.98 0.012 12.989 14.132 0 14.128 14.095 0 14.093
0.046 0.003 0.05 0.02 0.005 0.024 12.9 0.01 12.909 13.846 0 13.843 13.561 0 13.56
0.05 0 0.05 0.023 0.001 0.024 12.899 0.011 12.907 14.024 0.000999999999999994 14.021 13.962 0 13.959
0.048 0.003 0.051 0.021 0.002 0.024 13.25 0.006 13.252 14.297 0.005 14.3 14.248 0.001 14.244
0.049 0.000999999999999994 0.051 0.022 0.002 0.023 13.038 0.007 13.048 13.81 0.007 13.821 13.6 0 13.602
0.05 0.003 0.053 0.018 0.00600000000000001 0.023 13.411 0.007 13.415 14.348 0.004 14.349 14.131 0 14.129
0.049 0.002 0.051 0.018 0.005 0.023 12.909 0.00600000000000001 12.913 14.101 0 14.097 14.141 0 14.138
0.045 0.001 0.046 0.017 0.006 0.023 12.805 0.002 12.804 13.965 0.007 13.969 14.024 0 14.02
0.051 0.001 0.052 0.019 0.004 0.023 12.924 0.013 12.934 14.062 0.001 14.06 13.989 0 13.986
0.042 0.004 0.047 0.02 0.004 0.024 12.753 0.005 12.754 13.728 0.004 13.731 13.668 0.001 13.666
0.044 0.002 0.046 0.021 0.00199999999999999 0.023 13.068 0.01 13.074 14.184 0.001 14.183 14.118 0 14.113
0.042 0.006 0.047 0.018 0.004 0.023 12.992 0.006 12.995 14.193 0.008 14.198 14.052 0 14.048
0.051 0 0.05 0.018 0.005 0.024 13.122 0.007 13.126 14.056 0.009 14.062 14.119 0 14.116
0.049 0.00199999999999999 0.051 0.022 0.001 0.023 13.125 0.005 13.127 14.138 0.008 14.143 14.021 0 14.019
0.048 0.00199999999999999 0.05 0.023 0.001 0.024 13.156 0.01 13.17 13.995 0.003 14.004 13.908 0 13.91
0.048 0.003 0.051 0.019 0.004 0.023 13.192 0.00800000000000001 13.197 14.223 0.00199999999999999 14.222 13.944 0.002 13.945
0.049 0.002 0.051 0.017 0.006 0.024 13.372 0.007 13.375 14.277 0.005 14.279 14.203 0 14.199
0.051 0.002 0.053 0.019 0.004 0.023 13.221 0.005 13.223 14.203 0.005 14.204 14.054 0.001 14.052
0.05 0.001 0.051 0.021 0.00199999999999999 0.023 12.905 0.004 12.906 14.002 0.001 14.001 13.961 0.001 13.958
0.049 0.002 0.051 0.018 0.005 0.023 12.807 0.005 12.809 14.209 0.004 14.21 14.009 0 14.005
0.046 0 0.046 0.019 0.004 0.023 12.915 0.006 12.918 14.137 0.004 14.138 13.933 0 13.931
0.047 0.003 0.05 0.02 0.003 0.024 12.949 0.007 12.954 13.891 0.002 13.89 13.852 0.001 13.848
0.053 0.001 0.055 0.022 0.00199999999999999 0.024 12.862 0.003 12.861 14.004 0.006 14.007 13.908 0 13.904
0.045 0.001 0.046 0.019 0.004 0.022 13.066 0.007 13.071 14.156 0.00600000000000001 14.158 14.048 0.000999999999999994 14.047
0.051 0 0.051 0.023 0.001 0.023 12.737 0.011 12.752 13.74 0.002 13.745 13.613 0 13.613
0.054 0.003 0.0570000000000001 0.024 0.002 0.026 17.032 0.004 17.031 18.011 0.003 18.012 16.992 0 16.994
