0.144 0.015 0.159 0.112 0.012 0.123 51.56 0.033 51.582 59.816 0.001 59.803 59.78 0.001 59.767
0.145 0.012 0.158 0.113 0.011 0.123 51.859 0.026 51.874 59.983 0.002 59.972 59.967 0 59.954
0.142 0.016 0.287 0.109 0.015 0.124 52.073 0.037 52.097 60.329 0 60.316 60.281 0 60.268
0.152 0.014 0.166 0.115 0.01 0.125 52.111 0.026 52.126 60.161 0.002 60.149 59.998 0.001 59.986
0.146 0.016 0.161 0.109 0.016 0.126 52.34 0.042 52.371 60.637 0.015 60.637 60.621 0.025 60.634
0.153 0.01 0.164 0.11 0.015 0.125 52.249 0.03 52.268 60.209 0.002 60.197 60.164 0 60.151
0.143 0.022 0.165 0.12 0.005 0.125 51.929 0.02 51.939 59.633 0 59.626 59.137 0.001 59.126
0.143 0.016 0.159 0.112 0.012 0.124 51.911 0.034 51.935 59.916 0.00399999999999998 59.906 59.901 0 59.888
0.151 0.012 0.163 0.113 0.011 0.123 51.869 0.031 51.891 59.989 0 59.977 59.915 0 59.904
0.152 0.016 0.167 0.113 0.012 0.125 52.12 0.031 52.139 59.977 0 59.962 59.95 0 59.936
0.148 0.016 0.163 0.115 0.00900000000000001 0.125 52.268 0.029 52.286 60.331 0.003 60.321 60.285 0.003 60.274
0.152 0.012 0.163 0.111 0.012 0.124 51.994 0.033 52.016 59.977 0.002 59.966 59.894 0 59.881
0.142 0.016 0.159 0.115 0.00800000000000001 0.122 51.903 0.041 51.934 59.976 0.001 59.963 59.972 0 59.959
0.146 0.017 0.163 0.117 0.00899999999999998 0.125 51.95 0.027 51.966 60.256 0.001 60.243 60.218 0.001 60.207
0.148 0.016 0.163 0.11 0.014 0.124 52.071 0.024 52.085 60.254 0.00299999999999997 60.242 60.236 0.002 60.224
0.144 0.015 0.159 0.112 0.012 0.123 52.005 0.033 52.028 60.08 0.001 60.067 59.934 0.00399999999999998 59.929
0.152 0.013 0.165 0.114 0.011 0.125 52.504 0.05 52.545 60.425 0.005 60.416 60.393 0.005 60.386
0.15 0.015 0.165 0.118 0.00700000000000001 0.125 52.155 0.03 52.174 60.109 0.002 60.097 60.132 0.002 60.121
0.144 0.015 0.158 0.119 0.004 0.124 52.118 0.024 52.13 60.59 0 60.577 60.552 0.001 60.539
0.146 0.012 0.158 0.114 0.00900000000000001 0.123 51.793 0.031 51.821 59.249 0 59.242 59.035 0 59.03
0.154 0.00899999999999999 0.163 0.113 0.011 0.124 51.901 0.031 51.921 59.986 0.001 59.974 59.989 0.001 59.977
0.139 0.022 0.161 0.114 0.01 0.123 52.044 0.032 52.102 60.117 0.004 60.151 60.04 0.004 60.074
0.152 0.012 0.163 0.114 0.012 0.126 51.797 0.029 51.815 59.893 0.002 59.879 59.875 0 59.861
0.15 0.014 0.164 0.114 0.01 0.124 51.858 0.031 51.88 60.057 0 60.045 59.999 0 59.988
0.151 0.014 0.165 0.117 0.00800000000000001 0.125 52.122 0.051 52.162 60.189 0.001 60.176 59.986 0.001 59.974
0.146 0.018 0.164 0.112 0.013 0.125 52.201 0.04 52.229 60.181 0.002 60.17 60.195 0.002 60.184
0.157 0.00899999999999999 0.167 0.116 0.011 0.126 52.526 0.037 52.552 60.491 0.002 60.479 60.423 0 60.411
0.152 0.012 0.163 0.11 0.014 0.124 52.473 0.029 52.49 60.63 0.001 60.619 60.608 0 60.593
0.139 0.022 0.16 0.115 0.00800000000000001 0.123 51.954 0.046 51.988 60.091 0.004 60.081 60.096 0 60.083
0.147 0.018 0.165 0.112 0.013 0.126 52.161 0.034 52.183 60.365 0 60.351 59.713 0 59.708
0.151 0.013 0.165 0.109 0.017 0.125 52.052 0.036 52.079 60.122 0.00900000000000001 60.117 60.109 0.004 60.1
0.152 0.012 0.164 0.114 0.011 0.125 52.029 0.026 52.044 60.115 0.002 60.104 60.174 0.001 60.162
0.154 0.00900000000000001 0.162 0.111 0.013 0.125 51.552 0.039 51.589 59.284 0.001 59.272 59.11 0 59.114
0.15 0.014 0.164 0.112 0.013 0.126 51.914 0.049 51.952 60 0.017 60.004 59.964 0 59.951
0.149 0.015 0.164 0.113 0.012 0.125 52.425 0.042 52.456 60.49 0.001 60.478 60.466 0 60.452
0.154 0.01 0.164 0.115 0.01 0.125 52.05 0.05 52.089 60.139 0.003 60.129 60.057 0 60.043
0.15 0.014 0.165 0.113 0.013 0.125 52.014 0.048 52.053 60.176 0 60.164 60.099 0.00299999999999997 60.089
0.147 0.016 0.163 0.115 0.00900000000000001 0.124 51.938 0.039 51.965 60.069 0.00299999999999997 60.058 60.027 0.001 60.016
0.149 0.016 0.165 0.113 0.012 0.126 52.056 0.042 52.087 60.153 0.003 60.142 60.099 0 60.087
0.141 0.018 0.159 0.115 0.00900000000000001 0.124 51.718 0.042 51.748 59.726 0 59.714 59.694 0.003 59.683
0.151 0.00899999999999999 0.159 0.115 0.00900000000000001 0.124 52.127 0.024 52.141 60.283 0.002 60.272 60.233 0 60.22
0.148 0.013 0.162 0.112 0.014 0.126 52.126 0.042 52.157 60.239 0.001 60.226 60.185 0 60.17
0.15 0.013 0.164 0.112 0.014 0.126 52.095 0.027 52.149 60.166 0.002 60.2 60.136 0.001 60.168
0.148 0.015 0.163 0.115 0.00899999999999999 0.124 52.207 0.018 52.213 60.218 0.001 60.205 60.163 0.001 60.149
0.145 0.013 0.157 0.11 0.012 0.123 52.145 0.029 52.162 60.363 0.00399999999999998 60.354 60.303 0.001 60.29
0.148 0.016 0.164 0.113 0.012 0.125 52.178 0.03 52.197 60.203 0.004 60.193 60.031 0.001 60.019
0.152 0.014 0.166 0.113 0.013 0.126 52.236 0.031 52.256 60.188 0.002 60.177 60.239 0 60.225
0.149 0.018 0.166 0.117 0.00900000000000001 0.126 52.412 0.036 52.437 60.44 0 60.427 60.395 0 60.381
0.146 0.017 0.163 0.115 0.01 0.124 52.156 0.024 52.17 60.169 0.001 60.166 59.454 0.002 59.446
0.151 0.014 0.165 0.113 0.013 0.126 52.305 0.038 52.332 61.266 0.002 61.255 61.287 0 61.273
0.147 0.017 0.165 0.114 0.011 0.125 51.965 0.037 51.99 60.011 0.00600000000000001 60.004 59.995 0.002 59.982
0.151 0.015 0.165 0.115 0.011 0.126 52.224 0.029 52.243 60.285 0.003 60.276 60.218 0.005 60.21
0.151 0.012 0.163 0.11 0.014 0.124 51.99 0.055 52.034 60.076 0.019 60.082 60.078 0.016 60.08
0.146 0.017 0.163 0.112 0.013 0.124 52.357 0.03 52.377 60.338 0.002 60.325 60.297 0 60.285
0.151 0.014 0.165 0.113 0.013 0.125 52.004 0.034 52.027 60.074 0.003 60.064 60.047 0 60.033
0.156 0.00799999999999999 0.165 0.115 0.01 0.124 52.095 0.055 52.139 60.083 0.004 60.073 60.098 0.003 60.088
0.15 0.012 0.162 0.115 0.01 0.125 51.938 0.028 51.956 59.592 0 59.587 59.203 0 59.19
0.149 0.015 0.164 0.111 0.014 0.124 52.053 0.031 52.074 60.094 0.002 60.082 60.08 0.001 60.069
0.15 0.014 0.163 0.117 0.00700000000000001 0.124 51.157 0.029 51.183 59.138 0.002 59.13 58.836 0 58.841
0.151 0.014 0.166 0.115 0.011 0.126 52.025 0.031 52.051 60.297 0.001 60.286 60.159 0.000999999999999973 60.155
0.151 0.013 0.164 0.112 0.012 0.124 52.386 0.036 52.41 60.492 0.001 60.48 60.524 0 60.51
0.143 0.02 0.163 0.115 0.00899999999999999 0.124 52.143 0.028 52.16 60.294 0 60.282 60.297 0 60.284
0.145 0.018 0.162 0.117 0.00600000000000001 0.124 52.051 0.04 52.08 60.002 0.001 59.989 59.995 0.001 59.983
0.148 0.016 0.164 0.106 0.018 0.125 51.578 0.03 51.604 59.356 0.005 59.348 59.147 0 59.15
0.148 0.011 0.158 0.113 0.01 0.123 51.669 0.023 51.681 59.716 0.002 59.704 59.747 0 59.733
0.148 0.015 0.163 0.114 0.01 0.124 52.009 0.058 52.056 60.088 0.003 60.075 60.097 0 60.083
0.148 0.017 0.164 0.117 0.00900000000000001 0.125 52.166 0.032 52.187 60.066 0.001 60.063 59.562 0 59.548
0.15 0.015 0.164 0.111 0.015 0.127 51.945 0.038 52.012 60.004 0.000999999999999973 60.035 59.992 0.001 60.024
0.151 0.00900000000000001 0.16 0.111 0.013 0.125 51.897 0.041 51.924 59.908 0 59.895 59.862 0 59.847
0.141 0.017 0.159 0.116 0.00900000000000001 0.124 52.065 0.034 52.088 60.278 0.001 60.274 59.455 0 59.441
0.152 0.014 0.165 0.119 0.00700000000000001 0.127 52.355 0.03 52.375 60.837 0.003 60.828 60.829 0 60.817
0.146 0.016 0.162 0.115 0.00900000000000001 0.124 51.863 0.034 51.885 59.903 0.004 59.893 59.875 0 59.862
0.155 0.00799999999999999 0.162 0.117 0.00700000000000001 0.124 52.069 0.034 52.093 60.369 0 60.357 60.382 0 60.368
0.151 0.014 0.165 0.115 0.01 0.125 52.576 0.027 52.592 60.596 0.003 60.584 60.213 0 60.206
0.149 0.015 0.164 0.112 0.013 0.125 52.281 0.035 52.305 60.35 0.001 60.337 60.336 0 60.323
0.155 0.011 0.166 0.116 0.01 0.126 52.218 0.041 52.247 60.295 0.004 60.287 60.176 0.00299999999999997 60.165
0.145 0.022 0.168 0.115 0.011 0.126 52.302 0.037 52.327 59.983 0.003 59.974 59.181 0.001 59.175
0.154 0.011 0.165 0.114 0.011 0.125 52.178 0.024 52.191 60.282 0.001 60.27 60.276 0.003 60.266
0.151 0.013 0.163 0.113 0.012 0.125 51.882 0.03 51.9 60.001 0.001 59.988 59.939 0.002 59.927
0.147 0.016 0.163 0.112 0.012 0.124 51.917 0.028 51.934 60.076 0.001 60.065 59.993 0.002 59.982
0.149 0.014 0.164 0.117 0.00799999999999999 0.125 52.19 0.033 52.212 60.336 0 60.324 60.256 0.001 60.245
0.148 0.00899999999999999 0.157 0.113 0.01 0.123 51.906 0.037 51.932 59.982 0.002 59.97 59.947 0.001 59.935
0.151 0.015 0.164 0.115 0.01 0.125 52.088 0.032 52.109 60.231 0.002 60.22 60.188 0 60.18
0.146 0.018 0.164 0.111 0.014 0.125 52.051 0.041 52.081 60.078 0.002 60.067 60.035 0 60.022
0.156 0.00900000000000001 0.164 0.115 0.00899999999999999 0.124 51.891 0.031 51.91 59.943 0 59.931 59.951 0 59.937
0.153 0.011 0.163 0.113 0.012 0.125 51.84 0.031 51.861 60.054 0.00199999999999997 60.043 59.999 0 59.987
0.155 0.00900000000000001 0.164 0.113 0.012 0.125 52.143 0.034 52.166 60.301 0.001 60.289 60.319 0 60.306
0.147 0.012 0.159 0.11 0.015 0.124 51.953 0.042 51.985 60.054 0.026 60.065 60.022 0.033 60.042
0.148 0.016 0.163 0.111 0.013 0.125 51.954 0.038 51.982 59.994 0.001 59.981 60.009 0 59.998
0.148 0.017 0.165 0.112 0.013 0.125 52.393 0.043 52.424 60.502 0 60.489 60.412 0 60.398
0.146 0.013 0.158 0.112 0.011 0.123 51.946 0.034 51.969 60.066 0.002 60.055 60.02 0 60.007
0.153 0.013 0.166 0.114 0.013 0.128 52.076 0.028 52.092 60.094 0 60.082 60.081 0 60.067
0.152 0.011 0.163 0.108 0.016 0.124 51.891 0.036 51.916 59.962 0.001 59.95 59.919 0.002 59.908
0.15 0.011 0.161 0.111 0.013 0.124 52.117 0.04 52.146 60.217 0.001 60.207 60.225 0 60.212
0.151 0.012 0.163 0.112 0.012 0.125 52.085 0.031 52.103 60.176 0.001 60.164 60.125 0 60.109
0.152 0.012 0.164 0.119 0.00700000000000001 0.125 52.023 0.042 52.055 60.118 0.001 60.106 60.088 0.001 60.075
0.152 0.012 0.164 0.114 0.011 0.125 51.932 0.037 51.958 60.016 0.002 60.003 60.024 0 60.01
0.15 0.013 0.163 0.108 0.016 0.125 51.969 0.042 52.001 60 0.001 59.989 59.944 0 59.932
0.149 0.014 0.163 0.116 0.00900000000000001 0.124 51.897 0.021 51.906 59.986 0 59.971 59.952 0 59.938
0.152 0.012 0.164 0.113 0.012 0.125 51.987 0.035 52.011 60 0.001 59.987 59.977 0 59.965
0.16 0.016 0.176 0.119 0.01 0.129 52.608 0.034 52.63 59.632 0.000999999999999973 59.621 59.647 0 59.633
0.144 0.02 0.165 0.113 0.012 0.125 51.873 0.024 51.885 60.046 0.003 60.036 60.042 0 60.027
0.154 0.011 0.164 0.112 0.012 0.125 52.04 0.037 52.066 60.174 0.001 60.163 60.152 0 60.138
0.15 0.013 0.162 0.106 0.017 0.124 52.018 0.036 52.042 60.072 0.00299999999999997 60.062 59.976 0 59.964
0.147 0.017 0.165 0.108 0.017 0.124 51.451 0.031 51.482 59.341 0.003 59.33 59.087 0 59.091
0.149 0.015 0.163 0.113 0.011 0.125 51.967 0.038 51.993 60.04 0.002 60.028 60.108 0 60.093
0.143 0.02 0.164 0.105 0.019 0.123 52.1 0.026 52.116 59.949 0.002 59.937 59.944 0.001 59.933
0.155 0.011 0.166 0.111 0.013 0.124 52.125 0.046 52.162 60.204 0.003 60.194 60.205 0 60.193
0.145 0.016 0.161 0.116 0.00799999999999999 0.124 52.223 0.028 52.241 60.213 0.002 60.2 60.141 0 60.128
0.146 0.018 0.164 0.117 0.00900000000000001 0.126 52.209 0.049 52.247 60.169 0 60.156 60.14 0 60.127
0.15 0.013 0.163 0.113 0.011 0.125 51.916 0.018 51.922 60.172 0 60.16 60.132 0 60.119
0.148 0.013 0.161 0.111 0.012 0.123 52.237 0.031 52.257 60.4 0 60.386 60.467 0.002 60.456
0.142 0.016 0.158 0.112 0.013 0.125 51.191 0.035 51.221 59.266 0.001 59.257 58.961 0.001 58.96
0.147 0.018 0.165 0.116 0.01 0.126 51.885 0.031 51.904 60.005 0.003 59.996 59.996 0 59.982
0.15 0.014 0.164 0.116 0.01 0.125 52.151 0.049 52.188 60.155 0.003 60.144 60.143 0.001 60.13
0.153 0.013 0.165 0.12 0.00600000000000001 0.126 51.998 0.038 52.024 59.988 0.003 59.978 60.008 0.001 59.996
0.155 0.01 0.164 0.115 0.01 0.126 52.26 0.035 52.285 61.609 0 61.596 61.626 0 61.613
0.142 0.016 0.158 0.106 0.017 0.124 52.049 0.027 52.064 60.252 0.001 60.239 60.236 0 60.223
0.152 0.013 0.166 0.113 0.013 0.125 52.122 0.027 52.138 60.221 0.004 60.212 60.173 0.003 60.163
0.148 0.016 0.163 0.113 0.012 0.126 52.001 0.034 52.024 60.099 0.002 60.088 60.122 0 60.109
0.147 0.016 0.162 0.114 0.01 0.125 51.927 0.029 51.945 59.978 0.002 59.968 59.954 0 59.941
0.149 0.014 0.163 0.11 0.015 0.125 52.234 0.033 52.256 60.115 0.001 60.102 59.888 0 59.884
0.149 0.015 0.164 0.116 0.00900000000000001 0.126 51.792 0.033 51.816 59.924 0.001 59.913 59.866 0.002 59.856
0.144 0.014 0.158 0.106 0.017 0.123 51.005 0.029 51.03 59.167 0 59.153 58.831 0.001 58.828
0.15 0.014 0.163 0.115 0.01 0.124 51.986 0.024 52.001 59.896 0.017 59.899 59.871 0.003 59.862
0.143 0.016 0.159 0.111 0.012 0.124 51.883 0.041 51.912 59.915 0.023 59.924 59.906 0.022 59.915
0.15 0.016 0.166 0.111 0.016 0.127 51.986 0.03 52.006 60.123 0.002 60.112 60.076 0.001 60.064
0.148 0.015 0.163 0.115 0.00900000000000001 0.124 51.923 0.036 51.95 59.966 0.001 59.954 59.936 0 59.923
0.153 0.012 0.164 0.117 0.00800000000000001 0.125 51.432 0.029 51.457 59.109 0.001 59.097 58.943 0 58.945
0.151 0.014 0.165 0.116 0.01 0.126 51.986 0.038 52.013 60.045 0 60.033 60.047 0 60.032
0.155 0.01 0.164 0.117 0.00900000000000001 0.125 52.126 0.035 52.152 60.236 0.00299999999999997 60.226 59.952 0 59.948
0.148 0.015 0.163 0.111 0.014 0.125 52.239 0.028 52.256 60.17 0.001 60.157 60.13 0 60.118
0.152 0.013 0.165 0.117 0.00899999999999999 0.127 52.262 0.049 52.3 60.263 0.02 60.269 60.185 0.002 60.175
0.152 0.011 0.163 0.111 0.013 0.125 52.335 0.066 52.389 60.444 0.012 60.444 60.429 0.003 60.419
0.146 0.016 0.162 0.117 0.01 0.126 52.27 0.038 52.298 60.319 0 60.306 60.327 0 60.314
0.144 0.02 0.164 0.115 0.00899999999999998 0.125 52.147 0.035 52.169 60.265 0.004 60.256 60.243 0.001 60.23
0.149 0.016 0.166 0.117 0.00900000000000001 0.126 51.028 0.027 51.054 59.199 0.001 59.191 58.849 0.001 58.857
0.153 0.011 0.164 0.113 0.012 0.125 52.3 0.033 52.321 60.159 0 60.146 60.172 0 60.159
0.151 0.014 0.165 0.114 0.013 0.127 51.967 0.045 52 60.019 0.002 60.009 60.076 0.002 60.064
0.153 0.011 0.164 0.117 0.00800000000000001 0.126 52.078 0.033 52.099 60.017 0.003 60.007 60.003 0.002 59.991
0.155 0.00899999999999999 0.164 0.115 0.00899999999999999 0.123 52.088 0.026 52.103 60.018 0.004 60.009 60.018 0 60.005
0.152 0.012 0.163 0.114 0.01 0.124 51.926 0.035 51.95 59.97 0.001 59.958 60.031 0 60.019
0.152 0.011 0.163 0.114 0.011 0.125 52.03 0.041 52.06 60.334 0.003 60.323 60.288 0 60.275
0.155 0.011 0.165 0.118 0.00800000000000001 0.126 52.228 0.031 52.248 60.123 0.001 60.111 60.113 0.001 60.101
0.151 0.014 0.164 0.113 0.012 0.125 51.939 0.034 51.963 60.099 0.001 60.087 60.045 0.00299999999999997 60.035
0.153 0.01 0.163 0.113 0.011 0.124 51.931 0.033 51.953 60.052 0.001 60.041 59.995 0.003 59.986
0.144 0.019 0.163 0.111 0.015 0.126 52.259 0.026 52.273 60.319 0.001 60.305 59.728 0 59.721
0.149 0.015 0.164 0.112 0.012 0.125 52.038 0.036 52.062 60.184 0.001 60.173 60.121 0.00299999999999997 60.11
0.151 0.012 0.163 0.111 0.013 0.124 51.958 0.03 51.977 59.929 0.002 59.919 59.967 0.002 59.956
0.155 0.00900000000000001 0.164 0.111 0.014 0.125 51.787 0.04 51.818 59.82 0.002 59.81 59.811 0 59.799
0.148 0.016 0.164 0.116 0.00999999999999998 0.126 51.867 0.036 51.892 59.907 0.002 59.894 59.847 0 59.832
0.153 0.011 0.164 0.116 0.00900000000000001 0.124 52.014 0.03 52.034 60.119 0.001 60.107 60.06 0.001 60.049
0.137 0.021 0.159 0.117 0.00699999999999999 0.124 51.983 0.035 52.006 60.127 0 60.113 60.034 0.005 60.025
0.151 0.013 0.164 0.11 0.014 0.124 52.093 0.032 52.114 60.161 0.003 60.151 59.983 0.001 59.979
0.149 0.016 0.164 0.114 0.011 0.125 52.207 0.035 52.233 60.279 0.00299999999999997 60.268 60.218 0 60.206
0.146 0.019 0.165 0.119 0.00800000000000001 0.127 52.08 0.043 52.114 60.177 0.001 60.165 60.2 0.003 60.191
0.145 0.014 0.159 0.117 0.00700000000000001 0.124 51.504 0.037 51.529 60.309 0 60.296 60.261 0 60.247
0.143 0.015 0.159 0.118 0.00600000000000001 0.123 52.032 0.029 52.051 60.251 0.002 60.24 60.255 0.001 60.243
0.15 0.012 0.162 0.112 0.012 0.124 51.834 0.045 51.868 59.886 0 59.873 59.79 0 59.778
0.155 0.00599999999999999 0.161 0.116 0.00800000000000001 0.124 52.18 0.041 52.21 60.153 0.004 60.145 59.772 0.001 59.768
0.154 0.012 0.165 0.114 0.013 0.128 52.149 0.034 52.171 60.235 0.003 60.225 59.768 0 59.754
0.146 0.013 0.159 0.112 0.013 0.125 51.856 0.044 51.89 59.96 0 59.946 59.865 0 59.854
0.146 0.017 0.162 0.11 0.015 0.126 51.945 0.027 51.959 60.059 0.002 60.047 60.021 0 60.007
0.149 0.015 0.164 0.113 0.012 0.125 51.829 0.044 51.861 59.882 0.002 59.871 59.883 0 59.87
0.152 0.012 0.164 0.117 0.00799999999999999 0.125 52.246 0.032 52.265 60.127 0 60.114 60.113 0 60.099
0.15 0.017 0.167 0.118 0.00900000000000001 0.126 51.576 0.042 51.615 59.732 0.003 59.723 59.433 0.00399999999999998 59.443
0.146 0.017 0.163 0.113 0.011 0.124 52.024 0.041 52.054 60.061 0 60.048 60.029 0 60.016
0.152 0.012 0.164 0.112 0.013 0.125 51.908 0.038 51.935 60.201 0.002 60.19 60.15 0 60.135
0.154 0.012 0.166 0.112 0.015 0.127 52.22 0.034 52.243 60.278 0 60.265 60.212 0 60.198
0.153 0.01 0.163 0.111 0.013 0.124 51.889 0.033 51.911 59.953 0.001 59.941 59.926 0.001 59.916
0.15 0.015 0.165 0.111 0.014 0.125 52.004 0.038 52.031 60.25 0.002 60.24 60.252 0.001 60.241
0.148 0.014 0.163 0.114 0.01 0.124 51.854 0.035 51.877 59.988 0.001 59.975 59.955 0 59.943
0.155 0.01 0.165 0.114 0.013 0.126 52.18 0.031 52.201 60.264 0.002 60.252 60.271 0.001 60.26
0.151 0.014 0.165 0.111 0.014 0.125 51.848 0.041 51.877 59.944 0.003 59.936 59.94 0 59.927
0.147 0.016 0.164 0.116 0.00900000000000001 0.125 51.81 0.032 51.832 59.842 0.002 59.832 59.814 0.001 59.803
0.146 0.012 0.158 0.115 0.00799999999999999 0.123 51.927 0.027 51.942 59.85 0 59.835 59.797 0 59.783
0.149 0.014 0.163 0.111 0.013 0.124 51.862 0.031 51.882 59.909 0 59.896 59.872 0 59.86
0.154 0.012 0.167 0.117 0.00999999999999998 0.127 51.978 0.02 51.987 60.088 0.001 60.076 60.072 0 60.059
0.156 0.00900000000000001 0.165 0.11 0.016 0.126 52.145 0.041 52.175 60.244 0.001 60.232 60.226 0.001 60.215
0.152 0.011 0.163 0.111 0.014 0.125 52.324 0.034 52.348 60.469 0.002 60.458 60.008 0 60.001
0.15 0.013 0.164 0.115 0.01 0.124 52.261 0.035 52.286 60.245 0.002 60.234 60.189 0 60.177
0.141 0.016 0.158 0.107 0.016 0.122 51.414 0.035 51.439 60.253 0.002 60.241 59.803 0.002 59.8
0.145 0.017 0.163 0.112 0.013 0.125 51.909 0.024 51.922 60.254 0 60.24 60.228 0.001 60.218
0.152 0.014 0.166 0.112 0.014 0.127 51.874 0.034 51.897 59.913 0 59.9 59.889 0 59.877
0.154 0.01 0.165 0.11 0.015 0.125 52.035 0.028 52.052 60.058 0.001 60.045 60.035 0 60.023
0.15 0.015 0.165 0.109 0.017 0.126 52.303 0.035 52.326 60.318 0.003 60.306 60.22 0 60.206
0.152 0.013 0.164 0.109 0.016 0.125 52.077 0.04 52.106 59.714 0.013 59.715 60.279 0.002 60.268
0.146 0.017 0.163 0.113 0.012 0.125 51.913 0.029 51.93 60.154 0.002 60.141 60.162 0 60.148
0.151 0.013 0.164 0.112 0.013 0.125 52.24 0.037 52.266 60.261 0.002 60.25 59.146 0 59.141
0.152 0.013 0.164 0.112 0.013 0.125 52.077 0.033 52.1 60.087 0.00199999999999997 60.075 60.052 0 60.039
0.145 0.014 0.159 0.107 0.015 0.123 52.039 0.025 52.051 60.237 0.002 60.226 60.185 0 60.171
0.145 0.015 0.16 0.113 0.012 0.125 52.203 0.041 52.233 60.053 0 60.04 60.1 0 60.087
0.144 0.018 0.163 0.114 0.01 0.124 52.02 0.043 52.051 60.115 0 60.1 60.07 0 60.057
0.15 0.016 0.165 0.11 0.016 0.126 52.189 0.033 52.212 59.853 0.004 59.844 59.935 0.001 59.929
0.148 0.017 0.166 0.112 0.015 0.127 52.891 0.044 52.922 61.957 0 61.943 61.98 0 61.967
0.149 0.01 0.159 0.112 0.013 0.124 52.071 0.039 52.099 60.136 0.00700000000000001 60.128 60.02 0.001 60.008
0.156 0.00800000000000001 0.165 0.108 0.018 0.125 51.975 0.031 51.995 60.115 0.001 60.103 60.119 0 60.105
0.147 0.017 0.163 0.114 0.01 0.124 51.821 0.031 51.841 59.946 0.002 59.935 59.873 0.001 59.861
0.146 0.017 0.163 0.116 0.00900000000000001 0.125 52.18 0.026 52.195 60.28 0.001 60.267 60.199 0.001 60.187
0.149 0.016 0.165 0.111 0.015 0.126 52.03 0.032 52.051 60.106 0 60.093 60.026 0 60.012
0.152 0.00699999999999999 0.159 0.109 0.015 0.124 52.097 0.033 52.118 60.242 0.002 60.231 60.254 0 60.24
0.153 0.01 0.164 0.11 0.015 0.125 51.923 0.035 51.947 60.042 0.001 60.03 59.982 0.002 59.971
0.149 0.015 0.164 0.113 0.011 0.124 52.07 0.033 52.092 60.096 0 60.084 60.071 0 60.057
0.15 0.012 0.162 0.113 0.012 0.124 51.943 0.055 51.989 59.939 0.023 59.95 59.866 0.018 59.876
0.148 0.01 0.158 0.112 0.012 0.124 51.85 0.042 51.88 59.904 0.002 59.891 59.856 0.002 59.844
0.145 0.018 0.163 0.113 0.011 0.124 51.547 0.027 51.574 59.156 0.00299999999999997 59.145 58.956 0.005 58.969
0.147 0.017 0.164 0.119 0.00700000000000001 0.126 51.914 0.04 51.945 59.314 0.002 59.308 59.21 0 59.21
0.149 0.016 0.165 0.112 0.013 0.125 51.973 0.05 52.012 60.045 0.02 60.052 60.041 0.003 60.031
0.147 0.013 0.16 0.113 0.011 0.124 52.025 0.022 52.04 59.258 0.002 59.253 59.141 0.002 59.139
0.148 0.016 0.164 0.112 0.012 0.124 52.013 0.034 52.043 59.312 0.011 59.312 59.173 0.013 59.18
0.153 0.01 0.164 0.114 0.012 0.125 52.268 0.03 52.288 60.364 0 60.351 60.314 0 60.302
0.141 0.017 0.157 0.114 0.00900000000000001 0.123 51.421 0.026 51.436 60.179 0.003 60.168 60.11 0.003 60.1
0.149 0.015 0.163 0.111 0.013 0.125 51.944 0.038 51.971 60.122 0.003 60.112 59.984 0 59.978
0.141 0.022 0.163 0.108 0.016 0.124 51.861 0.038 51.888 59.93 0 59.917 59.955 0.001 59.944
0.154 0.011 0.165 0.115 0.01 0.126 52.33 0.047 52.365 61.229 0.001 61.218 61.262 0.001 61.249
0.145 0.014 0.159 0.11 0.014 0.124 51.944 0.03 51.962 60.019 0.001 60.006 60.058 0 60.044
0.151 0.014 0.165 0.114 0.012 0.127 51.843 0.026 51.865 58.967 0 58.955 59.431 0 59.424
0.152 0.011 0.163 0.109 0.016 0.125 52.346 0.043 52.377 60.461 0.002 60.448 60.396 0.000999999999999973 60.384
0.148 0.017 0.165 0.12 0.00699999999999999 0.126 52.013 0.032 52.035 60.202 0.002 60.19 59.653 0 59.639
0.145 0.016 0.161 0.114 0.00999999999999998 0.123 51.968 0.031 51.988 60.179 0.004 60.168 60.196 0.001 60.184
0.156 0.00900000000000001 0.164 0.116 0.00899999999999999 0.126 51.93 0.033 51.952 60 0.004 59.991 59.993 0 59.979
0.15 0.014 0.164 0.108 0.017 0.124 51.998 0.04 52.026 60.019 0.003 60.009 60.004 0 59.991
0.151 0.013 0.164 0.115 0.01 0.126 52.123 0.029 52.14 60.059 0.003 60.049 60.062 0 60.049
0.143 0.016 0.158 0.109 0.015 0.124 51.96 0.056 52.004 60.139 0 60.125 60.094 0 60.081
0.154 0.013 0.166 0.113 0.014 0.128 52.418 0.03 52.437 59.284 0.001 59.278 59.28 0 59.268
0.15 0.014 0.164 0.113 0.011 0.124 51.98 0.039 52.007 60.216 0.001 60.204 60.155 0 60.142
0.149 0.016 0.166 0.108 0.019 0.127 51.353 0.045 51.395 59.441 0.003 59.433 59.168 0.001 59.172
0.152 0.013 0.165 0.119 0.00899999999999999 0.127 52.078 0.055 52.123 60.234 0.002 60.223 60.205 0 60.192
0.152 0.012 0.164 0.117 0.00800000000000001 0.126 52.113 0.035 52.136 60.18 0.003 60.17 60.099 0 60.085
0.143 0.015 0.157 0.112 0.011 0.123 51.88 0.033 51.902 60.025 0.00299999999999997 60.015 59.916 0.001 59.904
0.151 0.014 0.165 0.11 0.016 0.126 51.923 0.03 51.942 59.996 0.001 59.983 59.95 0.002 59.938
0.144 0.014 0.158 0.109 0.014 0.122 51.87 0.037 51.895 59.703 0 59.697 59.089 0.001 59.078
0.152 0.012 0.163 0.108 0.016 0.125 51.934 0.031 51.954 59.871 0.003 59.87 59.406 0.001 59.394
0.146 0.013 0.159 0.114 0.01 0.125 52.01 0.029 52.028 60.075 0.001 60.063 60.06 0 60.047
0.144 0.019 0.164 0.111 0.015 0.126 52.368 0.032 52.389 60.786 0.003 60.775 60.792 0.002 60.78
0.157 0.00799999999999999 0.165 0.119 0.00600000000000001 0.125 52.35 0.034 52.373 60.665 0 60.652 60.567 0 60.554
0.149 0.015 0.163 0.113 0.011 0.125 52.049 0.034 52.073 60.021 0.003 60.011 59.937 0 59.925
0.149 0.017 0.166 0.116 0.011 0.127 52.155 0.025 52.17 60.233 0 60.22 60.206 0.001 60.196
0.139 0.019 0.158 0.113 0.011 0.124 51.484 0.035 51.508 60.185 0.001 60.172 60.164 0 60.151
0.156 0.00800000000000001 0.163 0.111 0.013 0.125 51.953 0.039 51.981 60.098 0.001 60.086 60.064 0.003 60.055
0.147 0.011 0.158 0.111 0.011 0.122 52.027 0.037 52.052 60.071 0.00299999999999997 60.061 60.019 0.003 60.009
0.153 0.011 0.163 0.111 0.014 0.125 51.906 0.036 51.931 59.992 0 59.977 59.964 0 59.952
0.149 0.016 0.165 0.112 0.013 0.125 51.717 0.046 51.76 59.05 0.024 59.062 59.197 0.023 59.217
0.153 0.013 0.165 0.109 0.017 0.126 52.433 0.034 52.455 60.536 0 60.522 60.046 0.001 60.04
0.156 0.01 0.166 0.112 0.014 0.127 51.988 0.04 52.016 60.122 0.00900000000000001 60.119 59.518 0.001 59.506
0.153 0.012 0.167 0.112 0.013 0.124 56.721 0.047 56.761 59.869 0.004 59.861 59.758 0.001 59.757
0.145 0.017 0.162 0.112 0.013 0.125 52.189 0.037 52.215 60.267 0.00900000000000001 60.263 60.3 0 60.285
0.155 0.01 0.165 0.112 0.014 0.126 52.171 0.04 52.2 60.177 0.002 60.165 60.109 0.002 60.097
0.151 0.014 0.164 0.117 0.01 0.126 52.101 0.047 52.138 60.247 0.00600000000000001 60.239 60.282 0.001 60.27
0.142 0.017 0.159 0.113 0.01 0.123 51.999 0.029 52.017 60.086 0.002 60.075 60.067 0 60.053
0.148 0.017 0.164 0.112 0.014 0.127 51.985 0.037 52.011 60.064 0.003 60.054 60.047 0.003 60.036
0.148 0.014 0.163 0.116 0.00899999999999999 0.124 51.968 0.041 51.998 59.358 0.001 59.356 59.102 0 59.096
0.154 0.011 0.164 0.114 0.011 0.125 52.088 0.02 52.097 59.583 0.001 59.578 58.939 0 58.926
0.146 0.014 0.16 0.114 0.011 0.126 52.072 0.036 52.097 60.084 0.002 60.072 60.166 0 60.153
0.15 0.014 0.164 0.111 0.013 0.124 51.715 0.028 51.737 59.269 0.01 59.266 59.095 0 59.097
0.149 0.015 0.164 0.114 0.012 0.126 52.005 0.033 52.027 60.246 0.001 60.234 59.673 0 59.667
0.152 0.01 0.162 0.111 0.014 0.125 52.124 0.034 52.146 60.171 0 60.158 60.125 0 60.112
0.147 0.015 0.162 0.114 0.01 0.123 51.891 0.031 51.912 59.878 0.001 59.865 59.845 0.001 59.833
0.151 0.013 0.164 0.113 0.012 0.125 52.241 0.034 52.263 60.166 0.001 60.153 60.12 0 60.105
0.142 0.017 0.158 0.114 0.01 0.124 51.94 0.027 51.955 59.983 0 59.97 60.006 0 59.992
0.148 0.016 0.165 0.12 0.00600000000000001 0.125 51.972 0.039 52 60.058 0.004 60.049 60.024 0.003 60.015
0.147 0.017 0.165 0.117 0.00800000000000001 0.124 52.011 0.054 52.054 60.26 0.004 60.25 60.169 0 60.156
0.146 0.017 0.162 0.109 0.015 0.124 51.894 0.031 51.913 59.582 0.003 59.578 59.213 0 59.201
0.145 0.017 0.163 0.115 0.00899999999999999 0.124 51.957 0.058 52.004 60.021 0.00700000000000001 60.016 59.963 0.001 59.951
0.15 0.014 0.164 0.115 0.011 0.125 51.979 0.042 52.011 60.041 0.002 60.029 59.978 0.003 59.969
0.138 0.021 0.158 0.114 0.011 0.124 52.178 0.022 52.189 60.112 0.003 60.103 60.083 0.002 60.072
0.153 0.013 0.166 0.114 0.014 0.127 51.865 0.029 51.884 59.924 0.002 59.915 59.904 0 59.891
0.152 0.011 0.164 0.118 0.00799999999999999 0.125 52.017 0.037 52.043 60.048 0 60.036 60.024 0.003 60.015
0.15 0.00899999999999999 0.159 0.111 0.012 0.123 52.178 0.03 52.197 60.201 0.001 60.189 60.065 0 60.06
0.15 0.013 0.163 0.114 0.01 0.124 51.836 0.03 51.855 59.913 0.00399999999999998 59.903 59.83 0 59.815
0.147 0.013 0.16 0.114 0.011 0.124 51.373 0.045 51.408 60.168 0.002 60.155 60.116 0 60.104
0.15 0.014 0.164 0.113 0.012 0.124 52.115 0.04 52.143 60.209 0 60.195 60.166 0.001 60.153
0.151 0.014 0.165 0.111 0.015 0.126 51.347 0.034 51.377 59.362 0.00599999999999998 59.356 59.516 0.003 59.521
0.147 0.017 0.164 0.111 0.015 0.125 52.101 0.035 52.123 60.108 0.001 60.095 60.04 0 60.027
0.153 0.011 0.164 0.107 0.017 0.125 52.096 0.031 52.116 60.174 0.000999999999999973 60.162 59.644 0 59.631
0.153 0.011 0.163 0.108 0.016 0.125 52.07 0.033 52.093 60.349 0.001 60.336 60.308 0 60.295
0.151 0.014 0.166 0.109 0.016 0.124 52.252 0.027 52.267 60.415 0.002 60.404 60.372 0 60.359
0.147 0.017 0.164 0.117 0.00899999999999998 0.126 52.057 0.02 52.065 60.206 0.003 60.197 60.149 0 60.135
0.151 0.01 0.161 0.118 0.00700000000000001 0.125 52.241 0.034 52.264 59.675 0.003 59.671 59.422 0.005 59.416
0.154 0.011 0.165 0.109 0.016 0.125 52.217 0.041 52.246 60.132 0.002 60.12 60.165 0.004 60.156
0.152 0.013 0.165 0.11 0.015 0.125 52.02 0.04 52.05 59.523 0 59.516 59.244 0 59.235
0.153 0.011 0.164 0.111 0.013 0.124 51.938 0.026 51.953 60.053 0.001 60.04 59.981 0.003 59.972
0.152 0.01 0.163 0.11 0.015 0.124 52.003 0.036 52.028 60.046 0.002 60.036 60.131 0.00199999999999997 60.12
0.14 0.019 0.161 0.108 0.015 0.123 51.874 0.033 51.895 59.995 0.001 59.982 59.997 0.001 59.984
0.153 0.01 0.164 0.117 0.00800000000000001 0.124 52.233 0.028 52.29 60.337 0.005 60.376 60.321 0.00799999999999998 60.361
0.15 0.01 0.16 0.115 0.01 0.124 51.528 0.032 51.557 60.282 0.001 60.272 60.05 0.001 60.051
0.146 0.016 0.162 0.111 0.013 0.125 52.182 0.032 52.201 60.249 0.003 60.239 60.197 0.001 60.183
0.148 0.016 0.164 0.108 0.016 0.124 52.057 0.039 52.085 59.594 0.001 59.589 59.13 0.004 59.121
0.158 0.00900000000000001 0.167 0.115 0.013 0.128 52.115 0.026 52.13 60.249 0.001 60.238 60.3 0 60.285
0.147 0.014 0.162 0.113 0.011 0.123 52.059 0.034 52.089 59.266 0 59.254 59.158 0 59.16
0.148 0.015 0.164 0.112 0.013 0.125 52.046 0.061 52.096 60.133 0.022 60.142 60.238 0.024 60.248
0.146 0.019 0.165 0.111 0.014 0.125 52.386 0.027 52.4 60.324 0.00599999999999998 60.318 60.263 0.002 60.25
0.149 0.015 0.164 0.113 0.012 0.125 51.613 0.02 51.632 59.253 0.003 59.243 59.039 0.002 59.044
0.154 0.01 0.164 0.11 0.016 0.125 52.122 0.031 52.142 60.019 0.001 60.007 59.861 0 59.854
0.152 0.012 0.164 0.115 0.00900000000000001 0.125 52.193 0.038 52.22 60.188 0.002 60.178 60.18 0.001 60.168
0.15 0.014 0.164 0.115 0.011 0.126 52.202 0.034 52.225 61.108 0.002 61.096 61.087 0 61.074
0.14 0.018 0.158 0.109 0.014 0.124 51.354 0.038 51.38 59.595 0.001 59.583 59.852 0.001 59.84
0.149 0.014 0.163 0.109 0.016 0.124 51.917 0.022 51.927 59.98 0.003 59.968 59.927 0 59.913
0.155 0.00799999999999999 0.163 0.107 0.017 0.124 51.928 0.027 51.943 60.234 0 60.22 59.721 0.002 59.716
0.147 0.016 0.162 0.112 0.011 0.123 51.88 0.035 51.903 59.56 0.002 59.555 59.174 0 59.161
0.148 0.015 0.163 0.118 0.00600000000000001 0.124 51.885 0.031 51.905 60.08 0.001 60.068 60.02 0 60.008
0.146 0.013 0.158 0.111 0.011 0.123 51.991 0.039 52.019 59.933 0 59.92 59.932 0.002 59.921
0.151 0.013 0.164 0.112 0.013 0.125 51.938 0.041 51.968 59.981 0.002 59.968 59.96 0 59.947
0.155 0.01 0.165 0.116 0.00900000000000001 0.126 52.007 0.038 52.033 60.096 0.002 60.085 60.016 0 60.003
0.143 0.021 0.165 0.112 0.013 0.124 51.964 0.052 52.006 60.151 0.004 60.143 60.116 0.002 60.106
0.149 0.015 0.164 0.11 0.016 0.126 52.195 0.042 52.226 60.065 0.012 60.065 60.045 0.001 60.033
0.144 0.02 0.164 0.111 0.014 0.125 52.225 0.031 52.246 60.318 0.004 60.309 60.234 0 60.221
0.152 0.012 0.163 0.115 0.00899999999999999 0.125 52.067 0.032 52.087 60.102 0.002 60.091 60.064 0.001 60.05
0.153 0.011 0.164 0.112 0.013 0.125 52.017 0.029 52.034 60.221 0.003 60.21 60.172 0.002 60.16
0.146 0.017 0.163 0.107 0.017 0.124 51.409 0.03 51.427 60.313 0.002 60.301 60.182 0 60.168
0.15 0.013 0.164 0.115 0.01 0.125 51.866 0.034 51.888 60.263 0.001 60.256 59.467 0.001 59.456
0.15 0.013 0.164 0.112 0.013 0.124 51.932 0.041 51.962 60.033 0 60.019 60.015 0.002 60.005
0.153 0.013 0.165 0.111 0.013 0.124 51.591 0.037 51.626 58.733 0.001 58.722 59.224 0.002 59.222
0.151 0.014 0.165 0.11 0.015 0.126 51.988 0.035 52.012 60.141 0.002 60.129 60.092 0 60.08
0.146 0.02 0.166 0.115 0.00999999999999998 0.125 52.386 0.041 52.415 60.306 0.001 60.294 60.006 0 59.992
0.146 0.018 0.165 0.112 0.012 0.124 52.089 0.043 52.121 60.17 0.004 60.16 60.118 0.00499999999999998 60.111
0.154 0.01 0.165 0.107 0.017 0.125 52.244 0.025 52.257 60.201 0 60.188 60.132 0 60.119
0.146 0.015 0.161 0.106 0.018 0.124 52.052 0.028 52.069 60.192 0.002 60.181 60.197 0 60.182
0.145 0.018 0.163 0.113 0.012 0.125 52.269 0.036 52.293 60.281 0.001 60.268 60.272 0 60.26
0.152 0.013 0.164 0.116 0.00899999999999999 0.125 52.224 0.039 52.252 60.248 0.002 60.235 60.168 0 60.156
0.147 0.016 0.164 0.116 0.00900000000000001 0.124 51.985 0.031 52.005 60 0.003 59.99 59.998 0 59.985
0.152 0.014 0.164 0.11 0.014 0.125 52.357 0.036 52.381 60.497 0.003 60.487 60.025 0.00199999999999997 60.013
0.153 0.011 0.164 0.109 0.015 0.124 51.972 0.024 51.985 59.755 0 59.751 59.252 0 59.239
0.155 0.00899999999999999 0.164 0.116 0.01 0.126 52.086 0.033 52.106 60.186 0.005 60.177 60.203 0.001 60.191
0.151 0.012 0.163 0.112 0.013 0.125 52.027 0.024 52.04 60.123 0 60.109 60.052 0 60.038
0.153 0.011 0.164 0.117 0.00799999999999999 0.125 52.208 0.032 52.229 59.49 0.001 59.486 59.672 0.002 59.664
0.152 0.013 0.165 0.106 0.019 0.125 51.958 0.039 51.985 59.68 0.002 59.679 59.201 0.001 59.189
0.152 0.014 0.165 0.11 0.016 0.126 51.7 0.026 51.725 59.192 0.001 59.179 58.994 0 58.999
0.153 0.01 0.164 0.116 0.00800000000000001 0.124 52.012 0.036 52.036 60.14 0.003 60.131 60.142 0 60.128
0.152 0.01 0.162 0.11 0.014 0.124 52.011 0.03 52.029 60.059 0 60.046 60.025 0 60.012
0.153 0.011 0.164 0.115 0.01 0.125 51.985 0.05 52.025 60.076 0.012 60.075 59.973 0.004 59.963
0.154 0.01 0.164 0.116 0.00900000000000001 0.125 52.011 0.036 52.036 59.963 0.028 59.978 59.967 0 59.954
0.147 0.017 0.163 0.112 0.012 0.124 52.104 0.043 52.137 59.998 0 59.986 59.729 0.000999999999999973 59.724
0.143 0.015 0.159 0.108 0.015 0.123 51.528 0.038 51.554 59.801 0.00299999999999997 59.79 60.27 0.005 60.262
0.154 0.011 0.165 0.113 0.012 0.125 52.013 0.036 52.037 60.122 0.002 60.11 60.212 0.002 60.201
0.151 0.012 0.163 0.117 0.00700000000000001 0.124 51.967 0.045 51.999 60.036 0.002 60.024 59.44 0.001 59.435
0.144 0.019 0.163 0.111 0.013 0.124 51.918 0.025 51.931 59.95 0 59.937 59.966 0.002 59.956
0.148 0.016 0.164 0.109 0.015 0.124 52.129 0.037 52.156 60.015 0.003 60.005 59.964 0.001 59.952
0.146 0.017 0.163 0.115 0.01 0.124 51.905 0.025 51.92 59.955 0.019 59.961 59.985 0 59.973
0.153 0.011 0.164 0.118 0.00700000000000001 0.126 51.348 0.048 51.394 59.314 0.011 59.314 59.09 0.016 59.112
0.142 0.022 0.164 0.113 0.013 0.125 52.062 0.036 52.088 60.165 0.003 60.155 60.117 0 60.105
0.146 0.017 0.163 0.111 0.014 0.125 51.993 0.021 52.004 59.997 0.001 59.986 59.949 0.00199999999999997 59.938
0.147 0.017 0.165 0.115 0.00999999999999998 0.124 52.325 0.032 52.347 60.322 0 60.309 60.32 0.002 60.311
0.146 0.014 0.159 0.113 0.01 0.124 51.913 0.038 51.94 60.025 0 60.011 60.01 0 59.998
0.154 0.012 0.166 0.111 0.015 0.126 52.268 0.031 52.289 59.432 0.001 59.427 59.216 0 59.203
0.156 0.00700000000000001 0.163 0.111 0.013 0.124 51.795 0.045 51.829 59.962 0.00199999999999997 59.95 59.297 0.002 59.291
0.155 0.00799999999999999 0.163 0.109 0.015 0.124 51.724 0.04 51.752 60.219 0.001 60.206 60.122 0.002 60.11
0.147 0.016 0.163 0.113 0.012 0.125 52.143 0.027 52.158 60.207 0.003 60.196 60.147 0.002 60.134
0.157 0.01 0.167 0.115 0.012 0.127 52.56 0.053 52.601 60.546 0 60.532 60.487 0 60.473
0.154 0.011 0.165 0.113 0.013 0.126 55.542 0.107 55.658 65.976 0.04 66.036 65.859 0.041 65.912
0.142 0.018 0.16 0.118 0.00700000000000001 0.126 52.151 0.041 52.179 59.953 0.00299999999999997 59.949 59.428 0.005 59.418
0.143 0.02 0.162 0.11 0.014 0.124 51.85 0.029 51.869 59.885 0.002 59.874 59.84 0.001 59.828
0.148 0.015 0.163 0.112 0.012 0.125 51.963 0.028 51.979 60.105 0.002 60.096 60.109 0.001 60.098
0.152 0.011 0.163 0.113 0.014 0.127 52.078 0.033 52.1 60.135 0.002 60.124 60.121 0.001 60.109
0.146 0.018 0.163 0.116 0.00800000000000001 0.125 52.015 0.037 52.041 59.652 0.003 59.646 59.035 0 59.025
0.155 0.00799999999999999 0.164 0.105 0.02 0.125 52.397 0.033 52.419 60.276 0.001 60.263 60.215 0 60.202
0.149 0.015 0.163 0.116 0.01 0.125 51.888 0.038 51.915 59.964 0.001 59.953 59.946 0 59.932
0.147 0.018 0.165 0.116 0.00899999999999999 0.125 52.566 0.04 52.594 60.493 0.001 60.479 59.91 0 59.896
0.145 0.018 0.162 0.11 0.014 0.125 52.084 0.026 52.099 60.221 0.001 60.208 60.246 0 60.234
0.142 0.017 0.158 0.111 0.013 0.124 52.151 0.049 52.191 60.24 0 60.227 60.216 0.00199999999999997 60.204
0.152 0.015 0.168 0.115 0.011 0.125 52.644 0.031 52.665 60.717 0 60.703 60.282 0 60.269
0.151 0.014 0.165 0.117 0.011 0.128 52.814 0.031 52.833 62.109 0.005 62.1 62.057 0.001 62.045
0.149 0.014 0.164 0.116 0.00800000000000001 0.123 51.97 0.029 51.988 60.01 0.001 59.997 59.68 0.001 59.676
0.153 0.011 0.164 0.111 0.014 0.125 52.163 0.026 52.177 60.136 0.001 60.124 60.096 0 60.081
0.147 0.017 0.165 0.117 0.00800000000000001 0.125 51.705 0.036 51.736 59.522 0.001 59.51 59.331 0.001 59.333
0.148 0.015 0.163 0.111 0.013 0.124 51.903 0.029 51.921 59.935 0.003 59.925 59.998 0 59.984
0.152 0.011 0.164 0.113 0.011 0.124 51.952 0.034 51.974 59.91 0.003 59.898 59.871 0 59.858
0.148 0.016 0.163 0.112 0.013 0.125 52.216 0.036 52.241 60.382 0.023 60.393 60.302 0 60.289
0.149 0.015 0.165 0.117 0.00799999999999998 0.124 52.046 0.03 52.066 60.143 0.002 60.132 60.258 0 60.244
0.147 0.011 0.157 0.11 0.012 0.123 51.951 0.033 51.974 60.001 0.001 59.989 59.936 0 59.922
0.147 0.016 0.163 0.116 0.00999999999999998 0.125 51.964 0.033 51.986 60.083 0 60.07 60.027 0.003 60.017
0.155 0.00899999999999999 0.163 0.111 0.013 0.124 51.942 0.042 51.974 59.961 0.003 59.951 59.962 0.001 59.951
0.146 0.013 0.159 0.116 0.00800000000000001 0.124 52 0.037 52.025 60.046 0.001 60.034 60.033 0 60.019
0.151 0.013 0.164 0.112 0.012 0.124 52.452 0.038 52.479 60.626 0.002 60.614 60.569 0.000999999999999973 60.554
0.142 0.016 0.158 0.118 0.00700000000000001 0.124 52.045 0.036 52.071 60.106 0.002 60.094 60.059 0.001 60.047
0.148 0.016 0.164 0.115 0.00999999999999998 0.125 52.144 0.031 52.163 60.649 0.001 60.636 60.624 0 60.611
0.154 0.012 0.165 0.113 0.013 0.126 52.294 0.063 52.346 60.296 0.049 60.333 59.267 0.036 59.297
0.149 0.014 0.163 0.112 0.012 0.124 51.965 0.036 51.99 60.009 0.001 59.997 60.056 0 60.041
0.149 0.015 0.164 0.11 0.015 0.125 52.072 0.03 52.091 60.063 0.001 60.05 60.052 0 60.038
0.149 0.015 0.165 0.115 0.00999999999999998 0.124 51.356 0.029 51.381 59.483 0.00299999999999997 59.473 59.207 0.002 59.209
0.148 0.016 0.163 0.106 0.018 0.125 52.34 0.036 52.364 60.531 0.001 60.52 60.571 0.00399999999999998 60.561
0.15 0.016 0.165 0.111 0.014 0.125 51.926 0.04 51.956 60.048 0.002 60.037 59.979 0.001 59.967
0.149 0.015 0.164 0.112 0.013 0.125 52.359 0.032 52.38 60.401 0 60.388 60.434 0.001 60.422
0.152 0.013 0.165 0.114 0.012 0.126 52.021 0.021 52.031 60.178 0.003 60.168 60.18 0 60.166
0.152 0.012 0.165 0.116 0.00900000000000001 0.125 52.323 0.02 52.332 60.088 0.001 60.076 60.396 0 60.383
0.139 0.019 0.158 0.115 0.00900000000000001 0.124 51.969 0.037 51.995 60.106 0 60.093 60.125 0.001 60.112
0.155 0.00900000000000001 0.164 0.115 0.01 0.124 52.204 0.037 52.23 60.149 0 60.137 60.084 0 60.071
0.147 0.017 0.164 0.114 0.011 0.125 51.951 0.027 51.968 60.051 0.001 60.039 59.992 0 59.978
0.149 0.016 0.166 0.115 0.011 0.125 52.172 0.031 52.193 60.314 0.001 60.3 59.415 0.001 59.41
0.149 0.016 0.164 0.118 0.00700000000000001 0.125 52.017 0.051 52.057 59.498 0.001 59.493 59.323 0 59.312
0.147 0.012 0.159 0.113 0.011 0.124 52.085 0.027 52.101 60.084 0.002 60.073 60.147 0 60.134
0.149 0.01 0.16 0.115 0.01 0.125 52.401 0.029 52.417 60.432 0 60.418 60.409 0 60.396
0.146 0.02 0.166 0.115 0.011 0.126 52.432 0.031 52.451 60.456 0.001 60.442 60.41 0.001 60.398
0.152 0.013 0.164 0.11 0.015 0.125 52.122 0.035 52.145 60.149 0.002 60.138 60.082 0.00299999999999997 60.07
0.15 0.014 0.164 0.11 0.015 0.125 52.028 0.03 52.048 60.066 0.00399999999999998 60.057 60.019 0.001 60.007
0.149 0.014 0.163 0.11 0.015 0.125 52.385 0.033 52.407 60.259 0.003 60.248 60.199 0.001 60.187
0.154 0.012 0.166 0.117 0.00900000000000001 0.126 52.001 0.038 52.028 60.397 0 60.384 60.38 0 60.366
0.152 0.012 0.163 0.11 0.014 0.124 52.153 0.031 52.174 60.096 0.001 60.083 60.036 0 60.022
0.15 0.013 0.163 0.111 0.013 0.125 52.387 0.021 52.394 60.37 0.002 60.358 60.314 0.001 60.301
0.148 0.015 0.163 0.115 0.01 0.125 52.04 0.037 52.065 60.077 0 60.063 60.09 0.002 60.078
0.145 0.02 0.164 0.113 0.011 0.125 51.179 0.026 51.201 59.027 0.002 59.016 59.203 0 59.204
0.149 0.014 0.163 0.113 0.012 0.124 52.008 0.033 52.031 60.264 0.005 60.256 60.251 0 60.237
0.151 0.013 0.163 0.111 0.014 0.125 51.823 0.03 51.843 59.948 0.001 59.934 59.895 0.001 59.883
0.155 0.01 0.165 0.111 0.015 0.126 51.498 0.036 51.532 59.52 0.004 59.512 59.317 0 59.317
0.156 0.012 0.168 0.114 0.012 0.127 52.02 0.043 52.052 60.024 0.01 60.021 59.997 0.004 59.988
0.149 0.014 0.164 0.114 0.011 0.124 51.943 0.032 51.965 59.972 0.017 59.976 59.778 0.001 59.765
0.154 0.01 0.164 0.117 0.00800000000000001 0.125 52.074 0.024 52.087 60.084 0.001 60.072 60.037 0 60.023
0.151 0.012 0.163 0.115 0.00900000000000001 0.124 51.952 0.032 51.973 60.021 0.003 60.011 59.999 0.001 59.987
0.15 0.016 0.166 0.114 0.013 0.127 52.464 0.038 52.491 60.478 0.00199999999999997 60.466 59.928 0.001 59.916
0.149 0.015 0.164 0.114 0.00999999999999998 0.125 51.94 0.039 51.966 59.995 0.002 59.983 60.019 0 60.005
0.151 0.012 0.163 0.115 0.01 0.125 51.544 0.029 51.569 58.878 0.004 58.87 59.364 0 59.365
0.156 0.01 0.166 0.113 0.013 0.126 52.39 0.033 52.412 60.961 0.003 60.95 61.351 0.003 61.34
0.143 0.023 0.165 0.118 0.00700000000000001 0.125 51.999 0.041 52.029 60.061 0.003 60.049 60.152 0.001 60.139
0.147 0.016 0.163 0.117 0.00800000000000001 0.126 52.088 0.035 52.111 60.208 0.001 60.196 60.208 0 60.195
0.15 0.014 0.164 0.11 0.014 0.124 52.01 0.04 52.039 60.052 0.001 60.04 60.045 0 60.037
0.147 0.011 0.158 0.11 0.013 0.123 51.926 0.026 51.941 60.161 0 60.148 60.08 0 60.068
0.152 0.011 0.164 0.111 0.013 0.124 51.943 0.043 51.975 60.077 0.001 60.065 60.121 0.001 60.109
0.149 0.017 0.166 0.116 0.011 0.127 52.04 0.03 52.059 60.153 0.003 60.143 60.086 0.002 60.075
0.152 0.011 0.163 0.11 0.014 0.124 51.873 0.034 51.896 59.951 0.005 59.943 59.902 0 59.888
0.146 0.019 0.165 0.11 0.015 0.125 52.19 0.052 52.23 60.186 0.03 60.202 60.146 0.029 60.161
0.148 0.016 0.165 0.113 0.012 0.125 52.343 0.042 52.374 59.608 0.001 59.601 59.62 0.00199999999999997 59.612
0.145 0.018 0.163 0.113 0.012 0.124 51.99 0.036 52.015 60.092 0.003 60.081 60.075 0.002 60.065
0.149 0.015 0.164 0.116 0.01 0.126 52.004 0.042 52.036 60.081 0.001 60.068 60.06 0 60.047
0.153 0.014 0.167 0.119 0.00800000000000001 0.127 52.156 0.03 52.175 60.211 0.001 60.198 60.198 0 60.185
0.146 0.019 0.165 0.112 0.013 0.125 52.157 0.033 52.178 59.348 0 59.342 59.488 0 59.477
0.152 0.014 0.165 0.107 0.018 0.125 52.104 0.035 52.128 60.136 0.001 60.124 60.131 0.002 60.12
0.142 0.015 0.158 0.106 0.017 0.123 51.187 0.038 51.22 59.292 0.002 59.285 58.992 0.001 58.996
0.149 0.016 0.165 0.116 0.01 0.125 52.195 0.037 52.22 60.261 0.002 60.249 60.113 0 60.104
0.14 0.019 0.159 0.11 0.016 0.125 51.941 0.042 51.972 60.207 0.001 60.195 60.19 0 60.176
0.143 0.014 0.158 0.114 0.01 0.123 52.014 0.035 52.039 60.115 0 60.102 60.079 0.001 60.067
0.153 0.011 0.164 0.115 0.01 0.125 52.373 0.031 52.391 60.007 0 59.994 60.424 0 60.411
0.148 0.016 0.164 0.111 0.015 0.125 51.949 0.029 51.966 60.01 0.002 59.998 60.034 0 60.021
0.145 0.019 0.165 0.115 0.01 0.124 52.165 0.033 52.187 59.4 0 59.395 59.209 0 59.198
0.147 0.016 0.163 0.115 0.01 0.125 52.158 0.026 52.172 60.248 0.001 60.236 60.241 0.001 60.229
0.149 0.014 0.163 0.11 0.014 0.125 52.129 0.027 52.143 59.987 0.001 59.974 60.007 0 59.994
0.151 0.013 0.164 0.113 0.012 0.125 51.878 0.033 51.9 59.926 0 59.913 59.896 0.001 59.885
0.151 0.013 0.164 0.115 0.00900000000000001 0.124 51.945 0.032 51.966 60.099 0 60.087 59.983 0.002 59.972
0.15 0.012 0.161 0.111 0.016 0.126 52.211 0.034 52.233 60.246 0.003 60.237 60.246 0 60.232
0.153 0.012 0.165 0.115 0.011 0.125 52.205 0.048 52.241 60.182 0.002 60.17 60.163 0 60.149
0.153 0.00800000000000001 0.161 0.115 0.01 0.125 52.281 0.048 52.318 60.305 0.002 60.293 60.343 0 60.33
0.152 0.013 0.165 0.114 0.012 0.126 52.557 0.057 52.604 60.39 0.022 60.398 60.367 0.026 60.38
0.149 0.014 0.163 0.121 0.005 0.126 52.492 0.025 52.504 61.347 0 61.334 61.272 0.001 61.259
0.155 0.00899999999999999 0.163 0.114 0.01 0.124 52.415 0.032 52.437 60.185 0.001 60.172 60.206 0.003 60.195
0.151 0.014 0.165 0.116 0.00900000000000001 0.124 52.469 0.027 52.486 59.57 0 59.564 59.495 0.001 59.488
0.15 0.015 0.164 0.112 0.013 0.125 52.299 0.037 52.324 60.079 0.001 60.067 60.31 0 60.297
0.149 0.016 0.164 0.112 0.013 0.126 51.864 0.03 51.882 60.213 0.004 60.203 60.202 0.001 60.189
0.153 0.00900000000000001 0.162 0.111 0.014 0.125 51.941 0.03 51.959 60.015 0.001 60.003 60.006 0 59.991
0.146 0.018 0.164 0.11 0.015 0.126 52.121 0.031 52.141 60.163 0 60.15 60.051 0 60.036
0.147 0.014 0.161 0.11 0.013 0.123 51.91 0.03 51.93 60.22 0.002 60.209 60.194 0.002 60.183
0.151 0.011 0.163 0.112 0.013 0.124 52.15 0.035 52.174 60.239 0.001 60.228 60.229 0 60.217
0.151 0.011 0.162 0.111 0.013 0.124 52.114 0.031 52.134 60.092 0.004 60.084 60.072 0 60.059
0.143 0.021 0.164 0.113 0.013 0.126 52.24 0.03 52.26 60.145 0.001 60.132 60.103 0 60.09
0.15 0.014 0.164 0.113 0.011 0.124 51.868 0.045 51.903 59.991 0.00199999999999997 59.98 60.024 0.001 60.012
0.153 0.011 0.163 0.115 0.00900000000000001 0.125 52.269 0.032 52.29 60.387 0 60.372 60.411 0.001 60.4
0.149 0.01 0.159 0.112 0.011 0.123 51.978 0.029 51.996 60.029 0.001 60.016 60.048 0 60.036
0.153 0.01 0.163 0.115 0.01 0.125 51.786 0.049 51.826 59.858 0.03 59.875 59.782 0.00800000000000001 59.777
0.152 0.012 0.164 0.112 0.013 0.125 51.96 0.034 51.983 60.136 0.003 60.126 60.073 0 60.06
0.148 0.018 0.167 0.115 0.011 0.125 52.259 0.032 52.28 59.601 0 59.595 59.009 0 58.996
0.154 0.014 0.167 0.117 0.00900000000000001 0.126 52.046 0.037 52.072 60.08 0.000999999999999973 60.068 60.078 0.001 60.066
0.149 0.015 0.163 0.11 0.015 0.126 52.204 0.041 52.234 60.306 0.023 60.315 60.213 0.024 60.224
0.148 0.016 0.164 0.114 0.011 0.125 52.226 0.032 52.247 60.056 0.002 60.046 60.369 0 60.363
0.145 0.017 0.161 0.114 0.00900000000000001 0.124 52.007 0.037 52.032 60.293 0.001 60.281 60.175 0 60.163
0.145 0.02 0.165 0.121 0.005 0.126 51.982 0.045 52.016 60.049 0.005 60.04 60.014 0 60.001
0.139 0.018 0.157 0.111 0.012 0.123 52.18 0.025 52.193 60.346 0.003 60.335 60.292 0.001 60.279
0.154 0.011 0.165 0.111 0.014 0.124 52.178 0.045 52.212 60.285 0.001 60.272 60.23 0 60.215
0.144 0.019 0.164 0.115 0.01 0.124 52.028 0.034 52.05 60.086 0.004 60.076 60.027 0.002 60.016
0.152 0.012 0.163 0.115 0.01 0.125 52.066 0.04 52.095 60.166 0.001 60.154 60.115 0 60.101
0.152 0.012 0.164 0.111 0.015 0.125 52.122 0.044 52.156 60.117 0.005 60.108 60.105 0 60.092
0.152 0.011 0.163 0.116 0.00900000000000001 0.125 51.692 0.037 51.724 59.196 0.014 59.198 59.048 0.018 59.06
0.151 0.013 0.164 0.116 0.00799999999999999 0.124 51.982 0.034 52.005 60.4 0.002 60.388 60.453 0 60.44
0.148 0.015 0.163 0.112 0.012 0.124 52.061 0.03 52.079 60.064 0.005 60.056 60.032 0 60.018
0.148 0.015 0.163 0.111 0.014 0.125 51.863 0.029 51.881 59.943 0.001 59.933 59.985 0.002 59.974
0.151 0.012 0.164 0.112 0.013 0.124 51.323 0.032 51.353 59.337 0 59.325 59.041 0 59.046
0.148 0.016 0.165 0.115 0.01 0.124 51.813 0.033 51.836 59.81 0.003 59.799 60.476 0.001 60.465
0.154 0.011 0.164 0.115 0.00900000000000001 0.125 52.257 0.031 52.275 60.275 0 60.262 60.203 0 60.189
0.151 0.013 0.164 0.11 0.016 0.126 52.25 0.043 52.28 60.253 0.003 60.247 59.436 0.005 59.431
0.15 0.012 0.162 0.11 0.014 0.124 52.386 0.04 52.415 60.36 0 60.348 60.358 0 60.344
0.15 0.015 0.165 0.117 0.00800000000000001 0.125 52.343 0.029 52.361 60.357 0.001 60.345 60.223 0.001 60.211
0.149 0.016 0.165 0.114 0.011 0.125 52.507 0.045 52.541 59.804 0.023 59.822 59.849 0 59.838
0.148 0.01 0.158 0.105 0.018 0.122 51.63 0.045 51.664 60.341 0 60.329 60.235 0.002 60.223
0.15 0.014 0.164 0.114 0.012 0.126 51.146 0.026 51.168 59.433 0.002 59.422 59.116 0 59.117
0.149 0.01 0.159 0.111 0.012 0.123 51.962 0.03 51.981 60.017 0.003 60.007 60.018 0.000999999999999973 60.007
0.151 0.013 0.164 0.113 0.012 0.125 51.972 0.03 51.989 60.146 0.001 60.131 60.093 0 60.079
0.157 0.011 0.168 0.118 0.01 0.128 52.281 0.032 52.302 60.604 0 60.59 59.481 0 59.475
0.147 0.016 0.163 0.107 0.017 0.124 51.964 0.039 51.99 60.014 0 60.001 60.018 0.001 60.006
0.145 0.019 0.164 0.11 0.015 0.125 52.186 0.041 52.215 60.161 0 60.147 60.183 0.001 60.17
0.148 0.016 0.165 0.109 0.017 0.125 51.172 0.025 51.193 59.103 0.00299999999999997 59.097 58.852 0 58.85
0.152 0.012 0.165 0.114 0.011 0.125 52.047 0.04 52.076 60.14 0.002 60.129 59.244 0 59.236
0.157 0.00800000000000001 0.166 0.113 0.013 0.125 52.265 0.026 52.28 60.098 0.001 60.086 60.371 0.001 60.359
0.152 0.012 0.164 0.106 0.018 0.124 52.156 0.043 52.187 59.563 0 59.559 59.13 0 59.117
0.149 0.01 0.159 0.11 0.013 0.123 52.036 0.025 52.054 59.408 0.004 59.401 59.25 0 59.243
0.151 0.013 0.164 0.116 0.00900000000000001 0.124 51.898 0.024 51.912 60.019 0 60.006 59.959 0 59.947
0.146 0.016 0.162 0.111 0.014 0.124 52.227 0.033 52.249 60.193 0.001 60.182 60.216 0 60.203
0.146 0.018 0.164 0.11 0.014 0.124 52.254 0.024 52.267 60.249 0.002 60.238 60.192 0 60.18
0.152 0.013 0.165 0.115 0.011 0.126 52.274 0.027 52.29 60.286 0 60.272 60.266 0 60.253
0.15 0.014 0.164 0.115 0.00900000000000001 0.124 51.873 0.03 51.892 59.989 0 59.976 59.969 0 59.956
0.149 0.016 0.164 0.114 0.012 0.126 52.095 0.031 52.115 59.76 0.002 59.748 59.201 0.002 59.2
0.152 0.013 0.165 0.113 0.013 0.126 52.019 0.027 52.034 60.062 0.002 60.05 60.062 0 60.047
0.153 0.011 0.164 0.119 0.00699999999999999 0.126 52.001 0.032 52.022 60.054 0.001 60.041 60.051 0 60.039
0.151 0.013 0.164 0.118 0.00700000000000001 0.125 51.986 0.028 52.003 60.049 0.003 60.039 60.067 0 60.053
0.155 0.00800000000000001 0.163 0.111 0.012 0.123 51.919 0.035 51.942 59.958 0 59.944 59.892 0.001 59.879
0.153 0.012 0.165 0.113 0.011 0.125 52.189 0.044 52.223 60.151 0.002 60.139 60.16 0 60.147
0.144 0.02 0.164 0.113 0.012 0.125 52 0.029 52.018 60.216 0.004 60.207 60.217 0.001 60.205
0.154 0.011 0.165 0.119 0.005 0.124 52.359 0.035 52.384 60.217 0.001 60.204 60.115 0 60.103
0.151 0.012 0.162 0.109 0.015 0.125 52.308 0.041 52.336 60.551 0.002 60.536 60.465 0.001 60.452
0.147 0.01 0.156 0.113 0.00899999999999999 0.122 52.111 0.038 52.137 60.267 0.001 60.254 60.184 0.001 60.171
0.157 0.00799999999999999 0.164 0.116 0.01 0.126 52.176 0.032 52.196 60.248 0.001 60.234 60.15 0.001 60.137
0.153 0.012 0.165 0.112 0.013 0.125 51.569 0.047 51.612 59.513 0.002 59.504 59.299 0 59.301
0.155 0.011 0.165 0.111 0.014 0.125 51.921 0.034 51.943 60.012 0 59.999 59.999 0 59.985
0.16 0.00599999999999999 0.166 0.113 0.014 0.127 52.074 0.023 52.086 60.146 0 60.131 60.128 0.002 60.116
0.153 0.012 0.165 0.116 0.01 0.126 51.566 0.038 51.601 59.454 0.003 59.444 59.222 0.002 59.223
0.151 0.015 0.166 0.115 0.011 0.127 52.131 0.029 52.156 59.704 0.001 59.691 59.529 0.001 59.533
0.155 0.01 0.166 0.112 0.015 0.126 52.549 0.025 52.562 60.593 0.003 60.583 60.507 0 60.494
0.141 0.022 0.161 0.114 0.011 0.125 52.267 0.026 52.283 60.27 0.003 60.259 59.652 0.001 59.65
0.151 0.014 0.165 0.112 0.014 0.126 52.247 0.038 52.274 60.221 0.002 60.21 60.169 0.001 60.157
0.148 0.015 0.163 0.115 0.00899999999999998 0.125 51.909 0.036 51.938 60.065 0.00900000000000001 60.062 60.046 0.005 60.038
0.152 0.012 0.164 0.119 0.00700000000000001 0.126 52.092 0.043 52.124 60.611 0.00199999999999997 60.608 59.871 0.001 59.859
0.153 0.011 0.164 0.115 0.01 0.125 51.366 0.03 51.395 58.775 0.001 58.762 59.126 0 59.129
0.142 0.02 0.163 0.114 0.011 0.125 52.426 0.035 52.449 60.482 0.001 60.47 60.506 0 60.492
0.155 0.01 0.165 0.114 0.011 0.126 52.426 0.031 52.446 60.293 0.001 60.28 60.283 0 60.27
0.146 0.017 0.162 0.111 0.013 0.124 51.857 0.034 51.879 59.908 0.001 59.897 59.432 0.001 59.428
0.155 0.00899999999999999 0.164 0.113 0.013 0.126 52.306 0.059 52.353 60.559 0.019 60.565 60.576 0 60.563
0.152 0.012 0.163 0.114 0.01 0.124 51.932 0.044 51.965 60.004 0 59.992 59.957 0.001 59.946
0.149 0.016 0.166 0.118 0.00800000000000001 0.125 52.299 0.045 52.333 60.294 0.018 60.3 59.369 0.00600000000000001 59.371
0.149 0.016 0.165 0.108 0.017 0.125 52.19 0.028 52.207 60.348 0.001 60.336 59.28 0.002 59.276
0.142 0.021 0.163 0.117 0.00700000000000001 0.125 52.029 0.038 52.056 60.068 0.001 60.057 60.03 0 60.016
0.154 0.011 0.165 0.116 0.011 0.126 52.068 0.033 52.09 60.238 0.003 60.229 60.22 0.002 60.208
0.143 0.02 0.163 0.112 0.014 0.125 51.987 0.037 52.014 60.001 0.001 59.988 59.37 0 59.362
0.155 0.011 0.165 0.117 0.011 0.128 52.095 0.042 52.126 60.024 0.005 60.016 60.529 0 60.516
0.155 0.00799999999999999 0.163 0.109 0.015 0.124 51.891 0.04 51.92 59.982 0.001 59.97 59.99 0 59.977
0.15 0.016 0.166 0.113 0.015 0.128 52.229 0.033 52.251 60.278 0.015 60.28 60.261 0.00299999999999997 60.251
0.149 0.015 0.164 0.116 0.00799999999999999 0.124 52.151 0.044 52.184 60.141 0.004 60.133 60.074 0 60.061
0.149 0.015 0.164 0.109 0.016 0.125 52.476 0.033 52.499 60.374 0.003 60.362 60.37 0.001 60.358
0.146 0.019 0.164 0.113 0.012 0.125 52.404 0.037 52.43 59.514 0 59.511 59.153 0.001 59.141
0.149 0.014 0.163 0.111 0.013 0.124 51.915 0.038 51.942 60.093 0.003 60.083 60.121 0 60.109
0.15 0.014 0.164 0.115 0.011 0.125 51.97 0.045 52.006 60.125 0.001 60.113 60.082 0 60.07
0.142 0.016 0.158 0.115 0.00799999999999999 0.123 51.883 0.027 51.899 59.732 0.001 59.721 59.827 0 59.814
0.152 0.012 0.164 0.113 0.012 0.125 52.026 0.03 52.045 59.993 0.002 59.99 59.263 0.001 59.251
0.147 0.016 0.163 0.115 0.01 0.124 52.033 0.044 52.065 59.686 0.003 59.683 59.092 0.001 59.078
0.155 0.01 0.164 0.114 0.012 0.126 52.045 0.037 52.07 60.182 0 60.168 60.144 0 60.13
0.147 0.018 0.165 0.115 0.011 0.126 51.939 0.041 51.969 60.124 0.002 60.113 60.044 0.000999999999999973 60.032
0.149 0.014 0.163 0.117 0.00800000000000001 0.125 51.853 0.033 51.874 59.902 0 59.887 59.898 0.001 59.885
0.153 0.011 0.164 0.119 0.00599999999999999 0.125 52.138 0.023 52.151 60.3 0.001 60.287 60.331 0 60.318
0.15 0.016 0.165 0.116 0.00900000000000001 0.125 51.709 0.04 51.747 59.618 0.00499999999999998 59.609 59.4 0.002 59.4
0.152 0.012 0.165 0.112 0.012 0.124 52.239 0.038 52.266 60.227 0.002 60.215 60.436 0.001 60.424
0.154 0.01 0.164 0.112 0.012 0.124 52.186 0.048 52.223 60.188 0.012 60.188 60.173 0.001 60.16
0.146 0.018 0.164 0.112 0.013 0.124 51.973 0.029 51.992 60.107 0.004 60.098 60.063 0.002 60.053
0.155 0.011 0.166 0.112 0.014 0.125 52.106 0.035 52.138 59.122 0.001 59.112 59.425 0 59.425
0.142 0.016 0.159 0.115 0.00900000000000001 0.123 51.995 0.03 52.015 60.033 0.018 60.036 60.033 0.025 60.044
0.153 0.012 0.165 0.116 0.01 0.126 52.201 0.043 52.233 60.479 0.003 60.469 59.546 0.002 59.542
0.147 0.015 0.163 0.114 0.011 0.124 51.958 0.038 51.984 60.172 0.002 60.162 60.158 0.00199999999999997 60.146
0.15 0.014 0.164 0.113 0.011 0.124 51.846 0.03 51.864 59.976 0.001 59.963 59.936 0.001 59.924
0.156 0.00600000000000001 0.162 0.116 0.00800000000000001 0.125 52.218 0.029 52.234 60.133 0.001 60.122 60.132 0.001 60.118
0.151 0.013 0.164 0.113 0.012 0.125 52.195 0.036 52.219 60.211 0 60.198 60.169 0 60.155
0.155 0.00800000000000001 0.164 0.113 0.012 0.125 52.183 0.059 52.231 60.258 0.024 60.269 60.248 0 60.235
0.151 0.013 0.165 0.116 0.00900000000000001 0.125 52.193 0.037 52.219 60.223 0.002 60.213 60.181 0.001 60.168
0.146 0.013 0.16 0.116 0.00899999999999999 0.124 51.986 0.039 52.015 60.088 0.002 60.076 60.05 0 60.038
0.158 0.01 0.168 0.119 0.00800000000000001 0.127 52.507 0.027 52.524 60.431 0.001 60.419 60.461 0.001 60.449
0.152 0.012 0.164 0.11 0.016 0.126 52.005 0.034 52.028 60.079 0.001 60.075 59.26 0 59.248
0.151 0.013 0.164 0.113 0.012 0.125 52.266 0.031 52.286 60.053 0 60.038 59.746 0 59.742
0.155 0.00800000000000001 0.164 0.108 0.018 0.126 52.061 0.034 52.084 60.168 0.001 60.157 60.165 0 60.151
0.144 0.02 0.163 0.115 0.00900000000000001 0.125 52.067 0.023 52.079 60.087 0.002 60.076 60.082 0 60.069
0.147 0.017 0.164 0.117 0.00800000000000001 0.125 51.942 0.059 51.989 60.051 0 60.038 60.049 0.00700000000000001 60.044
0.156 0.00700000000000001 0.163 0.11 0.014 0.124 52.014 0.032 52.036 60.067 0.002 60.057 60.073 0 60.061
0.149 0.013 0.162 0.116 0.00799999999999999 0.124 51.93 0.031 51.951 59.936 0.004 59.927 59.932 0 59.92
0.154 0.011 0.164 0.112 0.013 0.125 52.327 0.049 52.366 59.808 0.016 59.811 59.523 0 59.518
0.15 0.014 0.163 0.116 0.00799999999999999 0.125 52.3 0.03 52.319 60.389 0.003 60.378 60.346 0 60.334
0.145 0.017 0.163 0.122 0.004 0.126 52.57 0.046 52.604 61.579 0.021 61.588 61.486 0.00700000000000001 61.478
0.147 0.016 0.163 0.114 0.01 0.124 52.151 0.029 52.17 60.095 0.005 60.086 60.064 0.00299999999999997 60.055
0.148 0.013 0.161 0.111 0.014 0.125 51.934 0.045 51.972 60.058 0.002 60.05 60.059 0 60.05
0.147 0.017 0.164 0.114 0.011 0.125 52.064 0.038 52.091 60.775 0 60.771 60.27 0.001 60.258
0.15 0.014 0.164 0.108 0.017 0.125 51.863 0.031 51.882 60.175 0.029 60.191 60.074 0.024 60.084
0.149 0.014 0.164 0.113 0.011 0.124 51.835 0.047 51.87 60.023 0.001 60.011 59.953 0 59.94
0.149 0.014 0.163 0.112 0.013 0.125 51.906 0.03 51.924 59.979 0.002 59.967 59.999 0.00399999999999998 59.989
0.152 0.012 0.164 0.113 0.012 0.125 52.202 0.027 52.217 60.177 0.002 60.166 60.171 0 60.158
0.152 0.013 0.165 0.115 0.01 0.125 51.327 0.048 51.372 59.313 0.005 59.305 59.566 0.001 59.569
0.15 0.014 0.164 0.115 0.011 0.126 52.207 0.031 52.226 59.417 0.003 59.413 59.139 0.001 59.129
0.141 0.017 0.158 0.108 0.014 0.122 51.927 0.044 51.96 60.051 0.001 60.039 60.027 0 60.013
0.151 0.013 0.163 0.114 0.01 0.124 51.862 0.038 51.89 60.227 0.003 60.218 60.197 0.002 60.186
0.146 0.00900000000000001 0.184 0.112 0.011 0.123 50.808 0.027 50.828 59.024 0.005 59.022 58.691 0 58.698
0.157 0.00899999999999999 0.165 0.113 0.011 0.125 51.861 0.037 51.886 59.927 0.001 59.914 59.844 0.000999999999999973 59.831
0.14 0.017 0.158 0.113 0.011 0.123 51.867 0.034 51.889 60.028 0.002 60.018 59.985 0.001 59.972
0.149 0.016 0.164 0.115 0.012 0.127 52.029 0.037 52.056 60.092 0.012 60.091 60.046 0.004 60.039
0.15 0.016 0.166 0.112 0.014 0.125 51.719 0.041 51.756 59.843 0.005 59.836 59.661 0.003 59.659
0.148 0.014 0.162 0.116 0.00800000000000001 0.124 51.961 0.02 51.97 60.118 0.004 60.108 60.06 0.002 60.049
0.151 0.013 0.164 0.114 0.011 0.125 51.809 0.033 51.83 59.578 0 59.564 59.997 0 59.984
0.15 0.014 0.165 0.116 0.01 0.125 52.08 0.03 52.098 59.515 0.001 59.51 59.313 0.005 59.306
0.146 0.013 0.159 0.111 0.013 0.124 51.925 0.04 51.953 59.968 0.001 59.955 60.006 0.001 59.994
0.149 0.014 0.162 0.116 0.00800000000000001 0.124 51.821 0.036 51.845 59.946 0 59.933 59.963 0 59.949
0.149 0.016 0.164 0.117 0.00899999999999998 0.127 52.305 0.031 52.325 60.349 0.002 60.337 60.306 0.001 60.293
0.159 0.00599999999999999 0.165 0.112 0.013 0.125 52.279 0.04 52.307 60.166 0 60.152 60.18 0.001 60.168
0.153 0.00799999999999999 0.162 0.112 0.012 0.124 52.313 0.035 52.336 60.316 0.002 60.304 60.264 0.002 60.254
0.15 0.016 0.166 0.117 0.00800000000000001 0.125 52.241 0.033 52.263 60.231 0.003 60.221 60.202 0 60.189
0.144 0.015 0.159 0.116 0.00699999999999998 0.123 52.358 0.025 52.372 60.496 0.003 60.486 60.377 0 60.372
0.151 0.00900000000000001 0.16 0.115 0.011 0.126 52.351 0.03 52.371 60.372 0.001 60.36 60.357 0 60.344
0.149 0.015 0.164 0.11 0.015 0.125 52.103 0.031 52.123 60.211 0.002 60.199 59.446 0.00399999999999998 59.444
0.148 0.016 0.164 0.115 0.011 0.124 52.097 0.038 52.125 60.135 0.005 60.128 59.78 0.001 59.769
0.146 0.02 0.166 0.117 0.00900000000000001 0.126 51.604 0.027 51.626 59.41 0.004 59.403 59.208 0 59.206
0.154 0.00900000000000001 0.163 0.109 0.016 0.124 51.936 0.027 51.951 60.02 0.002 60.009 59.981 0.002 59.971
0.15 0.014 0.164 0.109 0.017 0.125 52.025 0.042 52.057 60.128 0.002 60.116 59.955 0.001 59.951
0.149 0.015 0.164 0.108 0.016 0.124 51.863 0.04 51.892 59.928 0.001 59.916 59.908 0.002 59.897
0.147 0.013 0.161 0.112 0.013 0.125 52.067 0.035 52.091 60.175 0.001 60.164 60.209 0 60.197
0.145 0.013 0.158 0.108 0.015 0.122 51.973 0.027 51.989 59.985 0 59.974 59.932 0.001 59.92
0.155 0.00899999999999999 0.163 0.112 0.013 0.125 51.981 0.038 52.008 60.201 0.002 60.187 60.139 0 60.126
0.151 0.012 0.163 0.113 0.014 0.127 52.155 0.029 52.173 60.206 0.002 60.195 60.149 0 60.136
0.153 0.012 0.165 0.115 0.00999999999999998 0.126 52.397 0.032 52.417 59.452 0.002 59.448 59.532 0.001 59.524
0.147 0.018 0.166 0.113 0.013 0.125 52.257 0.033 52.28 60.299 0 60.286 59.427 0 59.421
0.15 0.014 0.164 0.111 0.012 0.123 52.001 0.03 52.02 60.085 0.003 60.074 60.069 0 60.055
0.152 0.015 0.167 0.11 0.015 0.124 52.005 0.03 52.024 60.129 0.001 60.117 60.066 0 60.053
0.145 0.017 0.163 0.112 0.012 0.124 51.874 0.03 51.893 60.031 0.002 60.021 59.993 0.001 59.981
0.156 0.00799999999999999 0.164 0.101 0.023 0.124 51.423 0.057 51.476 59.425 0.034 59.449 59.087 0.001 59.085
0.152 0.011 0.163 0.119 0.00599999999999999 0.125 52.318 0.037 52.344 60.295 0.019 60.302 60.322 0 60.309
0.15 0.013 0.163 0.117 0.00900000000000001 0.126 52.329 0.033 52.351 60.197 0.002 60.187 60.125 0.004 60.115
0.152 0.01 0.162 0.114 0.01 0.124 51.974 0.029 51.991 59.933 0.003 59.922 59.942 0 59.929
0.153 0.011 0.164 0.118 0.00700000000000001 0.125 52.038 0.028 52.056 60.106 0 60.093 60.048 0.003 60.038
0.15 0.013 0.163 0.114 0.011 0.124 51.874 0.036 51.9 60.032 0.001 60.02 60.047 0.001 60.035
0.151 0.00700000000000001 0.158 0.112 0.011 0.123 52.085 0.036 52.109 60.802 0.004 60.792 60.753 0.003 60.742
0.15 0.013 0.163 0.115 0.01 0.125 52.044 0.02 52.052 60.14 0.001 60.128 60.068 0 60.063
0.154 0.012 0.165 0.118 0.00800000000000001 0.126 52.269 0.049 52.308 59.538 0.002 59.533 59.343 0.001 59.332
0.153 0.01 0.163 0.112 0.012 0.124 51.939 0.037 51.965 59.982 0.001 59.969 59.443 0.001 59.437
0.149 0.014 0.164 0.119 0.00700000000000001 0.126 51.984 0.034 52.006 60.058 0.001 60.046 60.031 0 60.016
0.152 0.011 0.163 0.115 0.011 0.126 52.261 0.027 52.277 60.305 0.003 60.295 60.301 0.001 60.288
0.153 0.013 0.166 0.114 0.01 0.124 52.235 0.038 52.262 60.226 0.002 60.215 60.141 0.002 60.131
0.15 0.014 0.164 0.111 0.014 0.126 51.328 0.034 51.357 58.968 0.001 58.957 59.186 0.001 59.187
0.148 0.014 0.163 0.112 0.012 0.124 51.913 0.035 51.937 60.028 0.017 60.031 59.958 0.00600000000000001 59.951
0.149 0.014 0.163 0.115 0.01 0.124 51.93 0.042 51.962 60.016 0.003 60.005 59.956 0.002 59.944
0.15 0.00899999999999999 0.159 0.11 0.014 0.124 51.005 0.039 51.038 59.327 0 59.315 59.406 0 59.408
0.152 0.00899999999999999 0.161 0.116 0.00900000000000001 0.125 52.287 0.025 52.301 60.285 0.01 60.281 60.249 0 60.235
0.149 0.015 0.164 0.116 0.00900000000000001 0.124 52.284 0.031 52.303 60.145 0.001 60.132 60.142 0 60.129
0.15 0.016 0.166 0.111 0.014 0.126 51.604 0.026 51.627 58.895 0 58.882 59.3 0 59.299
0.151 0.01 0.163 0.11 0.013 0.123 51.978 0.035 52.002 59.993 0.002 59.981 59.944 0.002 59.933
0.149 0.015 0.164 0.112 0.011 0.124 51.949 0.029 51.966 59.606 0.001 59.603 59.229 0 59.216
0.149 0.015 0.164 0.116 0.01 0.125 52.225 0.033 52.248 60.153 0 60.14 60.34 0.002 60.33
0.147 0.015 0.162 0.108 0.015 0.123 51.964 0.038 51.991 60.032 0.001 60.02 60.038 0 60.025
0.156 0.00800000000000001 0.163 0.113 0.012 0.125 51.946 0.04 51.974 60.062 0.004 60.053 60.022 0 60.008
0.149 0.015 0.164 0.116 0.00900000000000001 0.125 52.085 0.027 52.101 60.194 0.002 60.184 60.206 0 60.191
0.146 0.012 0.158 0.111 0.013 0.124 51.935 0.039 51.963 59.946 0 59.933 59.943 0 59.93
0.149 0.014 0.163 0.114 0.01 0.124 51.877 0.036 51.903 59.997 0.001 59.984 60.025 0 60.012
0.147 0.016 0.163 0.112 0.013 0.125 52.287 0.038 52.314 60.443 0 60.432 60.425 0 60.412
0.15 0.013 0.163 0.114 0.011 0.124 51.86 0.04 51.89 59.851 0 59.837 59.869 0 59.857
0.146 0.012 0.158 0.115 0.00899999999999999 0.124 52.276 0.038 52.302 60.484 0 60.471 60.491 0.002 60.481
0.151 0.013 0.164 0.117 0.00800000000000001 0.124 51.716 0.027 51.737 59.632 0.002 59.621 59.406 0 59.407
0.149 0.016 0.165 0.11 0.015 0.125 52.239 0.032 52.26 59.393 0.001 59.387 59.48 0 59.47
0.146 0.018 0.164 0.113 0.011 0.124 51.944 0.029 51.962 59.949 0.001 59.937 59.932 0 59.919
0.143 0.02 0.164 0.115 0.011 0.125 52.101 0.026 52.116 60.238 0.015 60.24 60.209 0.029 60.225
0.149 0.012 0.162 0.115 0.01 0.125 51.811 0.044 51.844 59.899 0.001 59.888 59.946 0.001 59.934
0.146 0.018 0.164 0.115 0.00800000000000001 0.124 52.09 0.055 52.133 60.279 0.001 60.267 60.223 0 60.21
0.154 0.01 0.165 0.114 0.013 0.126 52.239 0.039 52.269 60.23 0 60.216 60.136 0.002 60.125
0.151 0.013 0.164 0.11 0.015 0.125 52.301 0.026 52.316 60.304 0.001 60.292 60.307 0 60.295
0.142 0.015 0.157 0.112 0.011 0.122 51.901 0.038 51.929 59.963 0 59.951 59.953 0.001 59.941
0.152 0.011 0.164 0.117 0.00800000000000001 0.125 51.894 0.037 51.919 60.038 0.001 60.025 60 0.002 59.987
0.151 0.011 0.163 0.107 0.017 0.124 51.91 0.033 51.931 60.007 0 59.995 59.966 0 59.951
0.151 0.013 0.163 0.11 0.014 0.124 52.244 0.026 52.259 60.251 0.002 60.24 60.218 0.002 60.205
0.143 0.017 0.16 0.113 0.012 0.125 51.9 0.037 51.925 59.917 0.001 59.903 59.935 0 59.923
0.149 0.017 0.166 0.112 0.014 0.126 52.08 0.033 52.102 60.106 0.001 60.093 58.814 0 58.809
0.152 0.011 0.162 0.115 0.00800000000000001 0.124 51.966 0.036 51.99 59.981 0.001 59.969 59.963 0 59.95
0.147 0.017 0.164 0.116 0.00899999999999998 0.125 52.104 0.049 52.141 60.077 0.017 60.081 60.074 0.011 60.071
0.145 0.013 0.158 0.115 0.00800000000000001 0.122 51.872 0.03 51.892 59.934 0 59.92 59.957 0 59.944
0.155 0.011 0.166 0.115 0.011 0.125 52.227 0.025 52.241 59.508 0.002 59.504 59.143 0 59.131
0.15 0.014 0.164 0.116 0.00900000000000001 0.124 51.12 0.023 51.139 59.192 0.004 59.186 58.924 0.004 58.929
0.142 0.022 0.165 0.113 0.013 0.126 53.588 0.035 53.611 61.735 0 61.722 61.762 0 61.749
0.147 0.016 0.163 0.115 0.01 0.125 52.034 0.044 52.066 59.962 0.001 59.949 59.997 0 59.984
0.148 0.015 0.164 0.115 0.01 0.125 52.417 0.029 52.433 60.305 0 60.293 60.245 0 60.231
0.147 0.017 0.164 0.112 0.013 0.125 52.152 0.033 52.174 60.18 0 60.166 60.126 0.001 60.113
0.154 0.011 0.165 0.113 0.013 0.126 52.396 0.048 52.432 60.606 0.002 60.595 60.63 0 60.616
0.153 0.012 0.165 0.114 0.012 0.126 52.333 0.033 52.355 60.315 0.001 60.303 60.295 0 60.282
0.145 0.018 0.162 0.112 0.012 0.124 51.864 0.029 51.883 60.059 0 60.046 59.964 0 59.951
0.142 0.017 0.16 0.103 0.021 0.124 51.919 0.036 51.943 60.076 0.001 60.065 60.011 0.003 60
0.152 0.013 0.165 0.115 0.01 0.126 52.23 0.032 52.25 59.236 0.002 59.232 59.141 0.002 59.13
0.144 0.019 0.164 0.107 0.017 0.124 51.952 0.026 51.967 60.012 0 59.999 60.017 0.003 60.007
0.147 0.017 0.164 0.116 0.01 0.126 51.906 0.041 51.936 60.001 0.001 59.989 59.982 0 59.969
0.149 0.014 0.164 0.113 0.012 0.124 51.756 0.035 51.789 59.249 0.001 59.238 59.168 0.001 59.168
0.153 0.011 0.165 0.116 0.00999999999999998 0.125 52.043 0.044 52.076 59.942 0.001 59.931 59.918 0.001 59.906
0.152 0.013 0.165 0.112 0.013 0.125 52.073 0.025 52.089 59.818 0.004 59.809 60.349 0.001 60.337
0.15 0.014 0.164 0.112 0.013 0.125 52.15 0.03 52.169 60.04 0.002 60.028 59.968 0.001 59.956
0.153 0.012 0.165 0.113 0.013 0.126 52.026 0.034 52.049 60.184 0.001 60.172 60.166 0 60.153
0.15 0.013 0.163 0.113 0.012 0.125 51.936 0.034 51.959 60.105 0.00299999999999997 60.095 60.134 0 60.121
0.144 0.02 0.163 0.119 0.00599999999999998 0.126 52.263 0.038 52.29 60.437 0.001 60.425 60.416 0.003 60.405
0.151 0.013 0.164 0.113 0.012 0.125 52.122 0.037 52.149 60.246 0.001 60.234 60.209 0.00399999999999998 60.201
0.15 0.01 0.158 0.111 0.013 0.125 52.054 0.035 52.077 60.3 0 60.288 59.608 0.001 59.604
0.146 0.015 0.16 0.114 0.011 0.126 51.615 0.035 51.638 60.502 0 60.49 60.442 0.001 60.428
0.156 0.00799999999999999 0.164 0.113 0.011 0.124 51.592 0.052 51.641 58.877 0.017 58.882 59.257 0.029 59.285
0.149 0.015 0.164 0.11 0.015 0.125 52.125 0.036 52.15 59.438 0 59.431 59.305 0 59.3
0.151 0.012 0.163 0.113 0.012 0.124 51.929 0.027 51.945 60.032 0.002 60.021 60.004 0.001 59.993
0.148 0.015 0.164 0.11 0.015 0.125 51.866 0.04 51.894 59.94 0.001 59.929 59.892 0 59.88
0.154 0.01 0.165 0.117 0.00900000000000001 0.125 52.017 0.033 52.039 60.117 0.001 60.106 60.144 0 60.131
0.151 0.014 0.164 0.116 0.01 0.126 52.24 0.048 52.279 60.172 0.012 60.171 60.089 0 60.076
0.146 0.018 0.164 0.115 0.011 0.126 52.255 0.032 52.276 60.267 0.002 60.256 60.237 0.001 60.226
0.148 0.012 0.16 0.11 0.014 0.124 52.064 0.056 52.11 60.07 0.002 60.058 60.061 0 60.049
0.154 0.01 0.164 0.114 0.011 0.125 51.974 0.031 51.995 60.078 0.003 60.069 60.042 0 60.028
0.155 0.00899999999999999 0.164 0.11 0.015 0.124 52.331 0.022 52.341 60.378 0 60.364 60.358 0 60.344
0.152 0.013 0.164 0.114 0.011 0.126 51.972 0.033 51.993 60.021 0.001 60.01 60.025 0.002 60.012
0.148 0.016 0.163 0.113 0.011 0.124 51.879 0.034 51.902 60.026 0.001 60.014 60.011 0 59.996
0.15 0.015 0.164 0.118 0.00699999999999999 0.125 51.968 0.031 51.989 60.021 0.001 60.007 60.004 0 59.99
0.153 0.013 0.165 0.118 0.00899999999999999 0.127 52.412 0.037 52.438 60.344 0.003 60.334 59.66 0.002 59.65
0.149 0.013 0.162 0.112 0.012 0.124 51.829 0.037 51.854 60.01 0 59.996 60.031 0.00199999999999997 60.02
0.152 0.011 0.164 0.117 0.00800000000000001 0.125 52.083 0.03 52.101 60.194 0.003 60.182 60.209 0 60.196
0.147 0.015 0.162 0.108 0.016 0.124 51.988 0.028 52.004 59.983 0 59.97 59.907 0 59.894
0.148 0.017 0.165 0.114 0.011 0.126 52.147 0.046 52.181 59.461 0 59.455 59.125 0 59.113
0.151 0.012 0.162 0.109 0.014 0.124 51.886 0.037 51.911 59.909 0.022 59.919 59.748 0.001 59.744
0.153 0.01 0.164 0.116 0.00899999999999999 0.124 51.748 0.036 51.781 59.271 0.001 59.259 59.105 0 59.108
0.15 0.012 0.162 0.116 0.00899999999999999 0.125 52.192 0.03 52.211 60.137 0.004 60.127 60.118 0 60.11
0.144 0.02 0.164 0.114 0.011 0.125 52.186 0.033 52.208 60.217 0.00700000000000001 60.209 60.208 0.003 60.199
0.146 0.017 0.162 0.112 0.013 0.125 52.282 0.055 52.326 60.055 0.00199999999999997 60.052 59.466 0.002 59.456
0.153 0.011 0.164 0.115 0.01 0.125 52.315 0.028 52.332 60.222 0.003 60.212 60.176 0.001 60.164
0.157 0.01 0.165 0.111 0.014 0.126 52.278 0.031 52.298 59.678 0 59.673 59.37 0.001 59.361
0.148 0.015 0.163 0.112 0.013 0.125 51.892 0.038 51.918 60.005 0 59.992 59.919 0.001 59.906
0.15 0.015 0.165 0.114 0.011 0.125 52.225 0.037 52.251 59.522 0 59.516 59.476 0 59.466
0.15 0.014 0.164 0.108 0.018 0.126 51.888 0.028 51.907 60.058 0.003 60.048 59.978 0.001 59.965
0.154 0.00899999999999999 0.163 0.116 0.00800000000000001 0.124 51.877 0.038 51.938 60.007 0.018 60.037 59.974 0.002 59.963
0.149 0.012 0.161 0.112 0.013 0.125 51.955 0.026 51.971 60.723 0.002 60.712 60.689 0 60.675
0.151 0.014 0.164 0.113 0.012 0.125 52.39 0.03 52.409 60.37 0 60.355 60.001 0 59.995
0.147 0.018 0.167 0.114 0.011 0.126 56.392 0.06 56.451 64.292 0.037 64.351 64.158 0.042 64.209
0.152 0.013 0.164 0.111 0.014 0.126 51.684 0.029 51.71 59.439 0.002 59.428 59.302 0.001 59.301
0.151 0.012 0.164 0.113 0.012 0.124 51.921 0.024 51.935 60.042 0.001 60.029 59.923 0.00299999999999997 59.913
0.152 0.013 0.164 0.115 0.011 0.126 51.868 0.034 51.892 60.16 0.003 60.15 60.118 0.002 60.108
0.157 0.00900000000000001 0.166 0.114 0.012 0.125 52.148 0.036 52.172 60.19 0.001 60.179 59.531 0.001 59.525
0.153 0.012 0.164 0.115 0.01 0.125 52.236 0.055 52.281 59.614 0.033 59.641 59.481 0.00199999999999997 59.469
0.148 0.014 0.162 0.114 0.011 0.125 52.183 0.039 52.211 60.387 0.001 60.376 60.271 0 60.257
0.149 0.015 0.164 0.108 0.018 0.126 51.869 0.043 51.901 59.581 0.002 59.578 59.134 0.001 59.123
0.149 0.015 0.165 0.116 0.011 0.125 51.922 0.04 51.951 59.988 0.001 59.976 60.02 0 60.008
0.152 0.012 0.164 0.115 0.01 0.126 52.069 0.034 52.09 60.116 0 60.104 60.109 0.000999999999999973 60.097
0.151 0.013 0.164 0.112 0.013 0.125 51.944 0.053 51.986 60.066 0.012 60.065 60.04 0.002 60.029
0.147 0.017 0.164 0.114 0.011 0.126 52.039 0.038 52.065 59.802 0.001 59.791 59.275 0.002 59.269
0.149 0.015 0.164 0.117 0.00900000000000001 0.126 51.964 0.042 51.995 60.082 0.012 60.081 60.154 0.00600000000000001 60.147
0.148 0.015 0.163 0.11 0.015 0.125 51.841 0.033 51.863 59.92 0.001 59.908 59.575 0 59.57
0.151 0.012 0.163 0.113 0.013 0.125 51.999 0.033 52.021 59.987 0.002 59.977 60.004 0 59.99
0.151 0.011 0.162 0.111 0.014 0.125 51.893 0.028 51.91 60.074 0.001 60.06 59.424 0.001 59.42
0.145 0.018 0.162 0.119 0.00700000000000001 0.126 52.245 0.048 52.281 60.276 0.021 60.284 60.228 0.013 60.229
0.154 0.012 0.166 0.119 0.00700000000000001 0.126 52.239 0.028 52.255 60.22 0.001 60.208 60.247 0.001 60.235
0.149 0.014 0.163 0.11 0.014 0.124 51.722 0.051 51.771 59.174 0.023 59.184 59.02 0.002 59.03
0.151 0.00700000000000001 0.158 0.112 0.012 0.123 51.92 0.035 51.944 60.079 0 60.066 59.994 0 59.981
0.144 0.016 0.159 0.112 0.011 0.124 51.995 0.029 52.012 60.07 0.001 60.058 60.048 0 60.036
0.151 0.012 0.163 0.114 0.01 0.124 51.861 0.033 51.883 59.926 0.003 59.915 59.874 0 59.862
0.152 0.012 0.164 0.114 0.011 0.125 51.905 0.028 51.921 60.001 0.001 59.988 59.964 0.001 59.952
0.151 0.015 0.165 0.118 0.00800000000000001 0.127 52.054 0.029 52.07 60.004 0.001 59.991 59.989 0.001 59.976
0.152 0.013 0.164 0.114 0.011 0.126 52.233 0.038 52.26 59.282 0 59.275 59.103 0 59.091
0.15 0.013 0.163 0.109 0.015 0.125 51.9 0.032 51.919 59.984 0.001 59.972 59.942 0.003 59.931
0.154 0.00900000000000001 0.163 0.109 0.016 0.125 52.072 0.03 52.091 59.923 0.001 59.91 59.853 0.001 59.84
0.148 0.015 0.164 0.114 0.01 0.124 52.037 0.025 52.051 60.352 0 60.339 60.356 0.003 60.347
0.146 0.013 0.159 0.11 0.014 0.124 51.89 0.029 51.907 59.925 0.001 59.912 59.921 0.001 59.906
0.147 0.016 0.163 0.112 0.013 0.125 51.901 0.033 51.921 60.079 0.003 60.069 60.081 0.004 60.071
0.144 0.018 0.162 0.111 0.013 0.124 51.972 0.049 52.01 59.71 0.00600000000000001 59.712 59.197 0.001 59.185
0.147 0.012 0.159 0.113 0.01 0.123 51.856 0.028 51.873 59.863 0.013 59.862 59.868 0.001 59.858
0.149 0.015 0.164 0.111 0.013 0.124 52.003 0.031 52.023 60.029 0.003 60.018 59.995 0 59.981
0.156 0.00700000000000001 0.162 0.11 0.014 0.125 52.265 0.049 52.302 60.409 0.002 60.397 60.412 0.001 60.4
0.151 0.012 0.164 0.113 0.012 0.125 52.282 0.031 52.301 60.209 0.001 60.196 60.176 0 60.162
0.147 0.018 0.165 0.109 0.017 0.125 52.292 0.034 52.315 60.307 0.001 60.295 60.288 0.001 60.276
0.151 0.013 0.165 0.115 0.011 0.125 52.281 0.041 52.311 60.287 0.002 60.276 60.247 0 60.234
0.152 0.012 0.164 0.113 0.013 0.126 51.475 0.045 51.518 59.718 0 59.705 59.389 0.001 59.398
0.155 0.01 0.165 0.112 0.013 0.125 51.636 0.033 51.658 59.111 0 59.106 59.136 0 59.124
0.15 0.014 0.163 0.11 0.015 0.125 51.969 0.078 52.052 59.995 0.063 60.073 59.235 0.049 59.297
0.153 0.012 0.165 0.113 0.013 0.126 52.267 0.031 52.286 60.253 0.001 60.24 59.219 0 59.215
0.145 0.014 0.159 0.113 0.011 0.125 51.828 0.04 51.857 61.506 0 61.491 61.435 0 61.421
0.145 0.019 0.164 0.111 0.013 0.124 51.716 0.026 51.738 59.19 0 59.176 59.033 0.001 59.028
0.146 0.018 0.164 0.114 0.011 0.124 51.885 0.028 51.902 59.681 0.003 59.682 59.127 0 59.113
0.154 0.012 0.165 0.114 0.011 0.126 51.614 0.035 51.644 59.707 0.002 59.695 59.469 0 59.469
0.153 0.01 0.163 0.115 0.01 0.124 51.966 0.032 51.987 60.177 0.001 60.166 60.088 0.002 60.077
0.146 0.018 0.164 0.113 0.011 0.125 52.005 0.035 52.029 60.114 0.002 60.103 60.049 0.002 60.039
0.147 0.016 0.163 0.114 0.011 0.124 51.847 0.034 51.871 59.942 0.001 59.93 59.951 0 59.939
0.155 0.01 0.165 0.113 0.013 0.126 52.006 0.059 52.055 60.063 0.025 60.073 60.001 0.001 59.989
0.157 0.00700000000000001 0.163 0.109 0.016 0.125 51.917 0.037 51.943 60.118 0.002 60.107 60.073 0.001 60.06
0.146 0.013 0.158 0.113 0.011 0.125 52.049 0.034 52.07 60.345 0.001 60.333 60.064 0.002 60.062
0.148 0.016 0.164 0.111 0.014 0.125 52.155 0.035 52.179 60.168 0.001 60.156 59.158 0 59.151
0.152 0.013 0.165 0.105 0.021 0.126 51.9 0.03 51.919 60.304 0.00399999999999998 60.295 59.671 0 59.665
0.149 0.013 0.162 0.112 0.013 0.125 52.281 0.049 52.319 60.271 0.00800000000000001 60.265 60.245 0.001 60.233
0.148 0.016 0.164 0.113 0.012 0.125 52.167 0.038 52.193 60.207 0.001 60.195 60.193 0.001 60.182
0.151 0.014 0.165 0.115 0.01 0.126 52.182 0.044 52.214 60.384 0 60.371 59.082 0.001 59.077
0.155 0.00800000000000001 0.163 0.117 0.00799999999999999 0.125 52 0.036 52.025 60.06 0.001 60.048 60.084 0 60.071
0.145 0.018 0.163 0.107 0.017 0.124 51.832 0.036 51.857 59.917 0 59.904 59.976 0 59.963
0.148 0.015 0.163 0.117 0.00800000000000001 0.125 51.982 0.026 51.997 60.231 0 60.218 60.209 0 60.198
0.14 0.019 0.159 0.109 0.015 0.123 52.463 0.032 52.485 60.378 0.003 60.367 60.374 0.001 60.361
0.148 0.015 0.163 0.119 0.00600000000000001 0.125 51.876 0.034 51.899 60.04 0.001 60.028 59.978 0.001 59.964
0.155 0.00899999999999999 0.165 0.111 0.014 0.125 51.897 0.028 51.913 59.998 0 59.985 59.987 0.005 59.978
0.155 0.012 0.166 0.114 0.012 0.126 52.229 0.038 52.256 60.302 0 60.29 59.103 0 59.096
0.151 0.012 0.163 0.109 0.016 0.124 51.846 0.031 51.867 59.958 0.002 59.945 59.901 0 59.888
0.153 0.011 0.164 0.115 0.01 0.124 51.895 0.032 51.916 59.986 0.002 59.974 59.982 0 59.969
0.148 0.015 0.163 0.115 0.01 0.125 51.996 0.036 52.021 60.087 0 60.073 60.062 0 60.048
0.149 0.01 0.158 0.116 0.00800000000000001 0.124 52.284 0.03 52.304 60.432 0.003 60.42 60.367 0.003 60.356
0.151 0.012 0.164 0.116 0.01 0.125 51.883 0.041 51.913 59.951 0.001 59.939 59.884 0.003 59.873
0.142 0.022 0.164 0.107 0.018 0.124 52.103 0.052 52.145 60.108 0.00700000000000001 60.102 60.136 0.001 60.123
0.15 0.013 0.163 0.113 0.012 0.125 51.953 0.042 51.983 59.996 0.00199999999999997 59.985 60.027 0.001 60.012
0.141 0.024 0.165 0.114 0.013 0.127 52.005 0.032 52.025 60.028 0 60.014 59.956 0 59.942
0.142 0.02 0.162 0.113 0.011 0.124 51.968 0.026 51.983 59.435 0.002 59.432 59.125 0.001 59.118
0.15 0.015 0.165 0.109 0.017 0.126 52.419 0.02 52.427 61.162 0.002 61.15 61.126 0.004 61.116
0.154 0.01 0.164 0.115 0.01 0.125 52.201 0.033 52.222 60.212 0.001 60.2 60.235 0 60.222
0.147 0.019 0.166 0.115 0.01 0.125 52.26 0.02 52.269 60.299 0.002 60.287 60.218 0.001 60.205
0.158 0.00699999999999999 0.165 0.109 0.017 0.126 52.59 0.027 52.606 61.417 0.002 61.404 61.336 0 61.322
0.149 0.016 0.165 0.115 0.00900000000000001 0.125 52.226 0.026 52.24 60.283 0.001 60.271 60.227 0.002 60.216
0.154 0.00699999999999999 0.161 0.115 0.01 0.124 51.82 0.047 51.865 59.414 0 59.401 59.166 0 59.163
0.15 0.014 0.164 0.114 0.011 0.125 52.259 0.027 52.274 60.294 0 60.281 60.293 0 60.279
0.155 0.00799999999999999 0.163 0.106 0.019 0.125 51.851 0.034 51.876 60.153 0.00199999999999997 60.145 60.092 0.001 60.082
0.153 0.011 0.163 0.111 0.014 0.125 51.988 0.028 52.005 60.072 0.001 60.062 60.021 0 60.007
0.147 0.018 0.166 0.117 0.011 0.129 52.297 0.086 52.507 60.881 0.001 60.868 60.773 0.001 60.761
0.149 0.014 0.163 0.111 0.015 0.125 52.623 0.041 52.653 60.361 0 60.354 59.844 0.001 59.832
0.148 0.016 0.164 0.117 0.00900000000000001 0.127 51.782 0.035 51.812 59.213 0 59.201 59.082 0 59.08
0.152 0.011 0.163 0.11 0.014 0.123 51.858 0.042 51.889 60.506 0.001 60.495 60.52 0.001 60.507
0.152 0.011 0.163 0.111 0.013 0.124 52.361 0.038 52.388 60.389 0.001 60.377 60.382 0 60.369
0.145 0.019 0.164 0.114 0.011 0.125 51.924 0.031 51.945 60.009 0 59.996 60.003 0.001 59.991
0.152 0.013 0.164 0.116 0.01 0.127 52.289 0.028 52.305 60.354 0.001 60.341 60.276 0.003 60.266
0.15 0.014 0.164 0.116 0.00900000000000001 0.125 51.973 0.04 52.007 59.375 0 59.366 59.181 0.000999999999999973 59.179
0.151 0.014 0.163 0.112 0.012 0.125 52.16 0.032 52.18 60.098 0.001 60.086 60.1 0.004 60.091
0.153 0.012 0.165 0.116 0.00899999999999999 0.125 52.466 0.03 52.485 60.497 0.001 60.485 60.5 0 60.486
0.153 0.012 0.165 0.113 0.012 0.125 51.758 0.046 51.801 59.198 0 59.185 59.077 0.001 59.076
0.143 0.015 0.159 0.111 0.012 0.123 51.46 0.032 51.481 60.233 0.002 60.222 59.572 0.003 59.568
0.147 0.015 0.162 0.112 0.014 0.126 52.224 0.048 52.261 60.24 0.002 60.229 60.231 0 60.217
0.154 0.01 0.164 0.114 0.00999999999999998 0.125 52.235 0.032 52.254 60.142 0.001 60.13 60.178 0.001 60.167
0.156 0.013 0.169 0.114 0.011 0.125 52.333 0.03 52.353 60.522 0.001 60.51 60.459 0 60.446
0.152 0.012 0.164 0.111 0.013 0.124 52.248 0.022 52.258 60.266 0.001 60.253 59.645 0 59.633
0.149 0.014 0.163 0.114 0.01 0.124 51.961 0.046 51.996 60.081 0.001 60.069 60.034 0.00299999999999997 60.025
0.147 0.015 0.162 0.11 0.014 0.124 51.901 0.031 51.92 60.035 0.002 60.024 59.967 0.002 59.956
0.147 0.015 0.163 0.11 0.014 0.124 51.894 0.032 51.915 59.936 0.001 59.924 59.914 0 59.901
0.151 0.014 0.165 0.115 0.011 0.126 52.053 0.032 52.075 60.2 0.001 60.188 60.238 0 60.225
0.147 0.011 0.158 0.107 0.017 0.123 51.269 0.032 51.298 59.299 0.001 59.29 59.046 0 59.051
0.153 0.012 0.165 0.113 0.012 0.125 52.158 0.037 52.185 60.213 0.002 60.202 59.338 0 59.333
0.152 0.011 0.163 0.114 0.01 0.125 51.915 0.037 51.94 59.931 0 59.917 59.93 0 59.916
0.139 0.021 0.16 0.111 0.015 0.125 51.946 0.027 51.963 59.985 0.003 59.974 59.983 0.001 59.97
0.151 0.01 0.161 0.115 0.00799999999999999 0.122 51.888 0.027 51.904 59.937 0 59.922 59.253 0.001 59.251
0.157 0.00799999999999999 0.165 0.113 0.013 0.126 51.901 0.025 51.914 59.993 0 59.979 59.987 0 59.974
0.151 0.012 0.163 0.114 0.01 0.124 51.793 0.022 51.804 59.467 0.001 59.462 59.047 0 59.035
0.154 0.012 0.165 0.115 0.01 0.125 52.273 0.032 52.294 60.165 0.001 60.153 60.146 0.001 60.133
0.152 0.013 0.164 0.117 0.00900000000000001 0.126 52.034 0.045 52.067 60.074 0.003 60.062 60.048 0.001 60.036
0.143 0.013 0.156 0.113 0.01 0.123 51.313 0.028 51.336 59.422 0.004 59.418 59.127 0 59.135
0.151 0.012 0.162 0.111 0.013 0.125 52.074 0.029 52.092 59.452 0.001 59.45 59.114 0 59.104
0.148 0.012 0.159 0.108 0.015 0.123 51.876 0.044 51.908 60.181 0.005 60.172 60.135 0 60.122
0.148 0.013 0.162 0.108 0.016 0.124 52.333 0.036 52.359 60.489 0.003 60.478 60.449 0.003 60.438
0.154 0.01 0.163 0.107 0.017 0.125 52.283 0.051 52.323 60.355 0.005 60.346 60.242 0 60.23
0.15 0.012 0.161 0.117 0.00700000000000001 0.125 52.348 0.03 52.367 60.295 0.001 60.282 60.264 0 60.251
0.158 0.00899999999999999 0.166 0.11 0.016 0.126 52.45 0.033 52.472 60.545 0.001 60.533 60.464 0.002 60.454
0.153 0.011 0.163 0.117 0.00800000000000001 0.126 51.785 0.043 51.826 59.522 0 59.51 59.235 0.002 59.245
0.152 0.012 0.163 0.112 0.014 0.125 52.227 0.029 52.245 60.304 0.001 60.291 60.293 0 60.28
0.149 0.015 0.164 0.112 0.013 0.125 51.952 0.033 51.973 60.082 0 60.068 59.921 0.002 59.917
0.151 0.013 0.163 0.111 0.013 0.125 51.245 0.031 51.276 59.235 0.002 59.228 58.85 0 58.864
0.15 0.013 0.163 0.116 0.00799999999999999 0.125 51.99 0.024 52.002 59.993 0.002 59.984 59.217 0.003 59.214
0.143 0.015 0.158 0.114 0.00999999999999998 0.124 51.698 0.031 51.725 59.194 0.004 59.185 59.074 0 59.07
0.151 0.012 0.163 0.117 0.00799999999999999 0.125 51.675 0.039 51.709 59.211 0 59.197 59.062 0 59.059
0.144 0.014 0.158 0.112 0.011 0.123 52.019 0.035 52.042 60.053 0 60.041 60.022 0.001 60.009
0.15 0.015 0.165 0.113 0.011 0.125 51.837 0.034 51.86 59.736 0 59.723 60.231 0 60.217
0.145 0.014 0.159 0.113 0.01 0.123 51.787 0.037 51.813 60.825 0.004 60.816 60.698 0.00199999999999997 60.687
0.145 0.021 0.166 0.115 0.00900000000000001 0.124 51.877 0.036 51.901 60.059 0.003 60.05 59.985 0.00299999999999997 59.975
0.144 0.019 0.163 0.117 0.00700000000000001 0.124 51.889 0.04 51.919 59.952 0.002 59.941 59.974 0.001 59.962
0.143 0.016 0.159 0.119 0.005 0.125 51.926 0.044 51.958 60.007 0 59.993 59.695 0 59.691
0.155 0.011 0.166 0.114 0.011 0.125 51.567 0.037 51.603 59.252 0.002 59.241 58.989 0.001 58.996
0.152 0.012 0.164 0.112 0.013 0.126 51.798 0.053 51.839 59.93 0.003 59.919 59.903 0 59.89
0.147 0.015 0.162 0.117 0.00899999999999999 0.126 52.26 0.048 52.297 60.01 0.023 60.028 59.531 0.001 59.518
0.15 0.015 0.165 0.114 0.011 0.126 52.229 0.035 52.252 60.178 0.003 60.168 60.197 0 60.183
0.15 0.011 0.161 0.11 0.014 0.124 51.837 0.05 51.883 59.436 0.004 59.427 59.213 0.001 59.214
0.146 0.012 0.158 0.111 0.012 0.123 51.944 0.034 51.967 60.005 0.00199999999999997 59.994 60.029 0 60.016
0.152 0.013 0.165 0.117 0.00799999999999999 0.125 52.306 0.034 52.328 60.303 0 60.291 60.244 0 60.236
0.148 0.017 0.165 0.113 0.013 0.126 52.236 0.033 52.258 60.371 0.003 60.361 59.745 0.001 59.733
0.147 0.017 0.164 0.111 0.014 0.125 52.144 0.043 52.176 60.157 0.00399999999999998 60.148 60.156 0 60.143
0.152 0.012 0.164 0.114 0.012 0.126 51.632 0.03 51.659 59.058 0.001 59.047 58.866 0 58.864
0.15 0.013 0.164 0.113 0.012 0.125 52.015 0.029 52.033 60.134 0.001 60.122 60.157 0 60.145
0.152 0.013 0.165 0.115 0.01 0.125 52.075 0.029 52.093 60.105 0.003 60.095 60.041 0.001 60.029
0.156 0.00800000000000001 0.163 0.117 0.00699999999999999 0.124 51.927 0.031 51.947 60.022 0.002 60.011 59.394 0.003 59.391
0.147 0.018 0.165 0.111 0.014 0.125 51.998 0.026 52.012 60.136 0.002 60.124 60.13 0.002 60.118
0.149 0.014 0.163 0.113 0.012 0.124 51.835 0.037 51.86 59.874 0.003 59.863 59.826 0.001 59.813
0.147 0.016 0.164 0.112 0.014 0.126 52.001 0.038 52.026 60.322 0.002 60.311 60.303 0 60.29
0.152 0.013 0.165 0.112 0.014 0.126 51.985 0.028 52.003 60.269 0.003 60.259 60.307 0.00199999999999997 60.294
0.149 0.01 0.159 0.107 0.016 0.123 52.135 0.061 52.185 60.183 0 60.169 60.183 0.002 60.171
0.143 0.016 0.159 0.109 0.013 0.122 52.054 0.039 52.083 60.222 0.001 60.209 60.176 0 60.163
0.156 0.00700000000000001 0.162 0.112 0.012 0.125 52.242 0.027 52.257 60.348 0.001 60.335 60.33 0.001 60.316
0.152 0.015 0.166 0.112 0.015 0.127 52.362 0.046 52.397 60.487 0 60.481 60.146 0 60.135
0.153 0.011 0.164 0.115 0.01 0.125 51.918 0.041 51.947 60.001 0.002 59.989 60.005 0 59.991
0.154 0.01 0.165 0.12 0.00700000000000001 0.126 52.316 0.03 52.334 60.326 0 60.313 60.278 0 60.265
0.152 0.013 0.165 0.12 0.005 0.125 52.291 0.047 52.327 60.248 0 60.233 60.221 0 60.207
0.152 0.014 0.166 0.115 0.011 0.126 52.415 0.032 52.436 60.375 0.001 60.363 60.343 0.001 60.33
0.153 0.015 0.167 0.118 0.00799999999999999 0.126 52.398 0.038 52.425 60.332 0.003 60.323 60.277 0 60.263
0.147 0.014 0.161 0.113 0.011 0.124 51.729 0.037 51.765 59.376 0.03 59.392 59.194 0.00900000000000001 59.207
0.147 0.017 0.164 0.11 0.014 0.124 52.246 0.028 52.263 60.344 0.002 60.332 60.363 0 60.349
0.146 0.018 0.164 0.113 0.012 0.124 52.261 0.025 52.275 59.792 0.005 59.793 59.245 0 59.232
0.149 0.014 0.164 0.111 0.014 0.125 51.95 0.025 51.966 60.215 0.002 60.207 60.222 0 60.211
0.144 0.019 0.163 0.113 0.011 0.124 51.999 0.033 52.022 59.999 0.003 59.989 59.949 0.001 59.938
0.151 0.012 0.163 0.11 0.014 0.124 51.572 0.033 51.6 59.143 0.001 59.132 58.969 0.001 58.968
0.149 0.018 0.167 0.114 0.014 0.128 52.033 0.046 52.068 59.983 0.003 59.974 60.45 0.001 60.443
0.142 0.016 0.158 0.105 0.018 0.123 51.616 0.034 51.639 60.325 0.002 60.32 59.435 0.003 59.426
0.152 0.012 0.164 0.118 0.00700000000000001 0.125 51.937 0.036 51.962 60.289 0.001 60.277 60.273 0.003 60.265
0.149 0.015 0.164 0.113 0.012 0.125 51.874 0.04 51.903 59.948 0.014 59.949 59.891 0.021 59.901
0.15 0.013 0.163 0.113 0.011 0.124 51.99 0.026 52.006 59.995 0 59.98 59.978 0.001 59.966
0.153 0.011 0.164 0.118 0.00600000000000001 0.124 52.068 0.03 52.087 60.114 0.001 60.102 60.041 0 60.026
0.151 0.013 0.164 0.11 0.014 0.125 51.801 0.058 51.847 59.971 0.00700000000000001 59.965 59.982 0.001 59.97
0.147 0.014 0.161 0.116 0.00600000000000001 0.122 51.874 0.042 51.905 59.954 0.003 59.944 59.898 0 59.885
0.141 0.022 0.163 0.117 0.00700000000000001 0.124 52.157 0.029 52.175 60.2 0.001 60.189 60.18 0.001 60.166
0.149 0.014 0.163 0.112 0.013 0.125 52.369 0.03 52.388 60.032 0.001 60.025 59.634 0 59.621
0.154 0.01 0.164 0.108 0.016 0.125 52.365 0.025 52.379 60.439 0 60.426 60.373 0 60.365
0.15 0.014 0.165 0.119 0.00700000000000001 0.125 52.064 0.03 52.084 60.166 0.002 60.155 60.141 0.001 60.129
0.15 0.014 0.165 0.114 0.011 0.124 52.228 0.034 52.25 60.334 0.001 60.322 59.144 0.002 59.139
0.149 0.015 0.164 0.114 0.00899999999999999 0.122 51.947 0.042 51.98 59.995 0 59.982 59.981 0 59.967
0.145 0.018 0.163 0.109 0.015 0.124 52.036 0.042 52.067 60.047 0.003 60.037 60.008 0.001 59.996
0.15 0.014 0.163 0.112 0.012 0.124 51.809 0.034 51.832 59.894 0.005 59.887 59.858 0 59.844
0.143 0.02 0.164 0.114 0.012 0.125 51.913 0.041 51.942 60.084 0.012 60.083 60.021 0.01 60.019
0.148 0.016 0.164 0.117 0.00800000000000001 0.126 51.995 0.043 52.026 60.067 0.002 60.054 60.075 0 60.061
0.151 0.014 0.164 0.115 0.00899999999999999 0.125 51.842 0.053 51.89 59.362 0.04 59.39 59.17 0.00900000000000001 59.181
0.147 0.018 0.165 0.112 0.012 0.125 52.292 0.05 52.33 60.24 0.004 60.232 60.174 0.002 60.164
0.15 0.013 0.164 0.11 0.014 0.123 51.998 0.032 52.018 59.958 0.002 59.953 59.226 0.002 59.214
0.148 0.015 0.163 0.112 0.012 0.124 51.835 0.036 51.867 60.019 0 60.004 59.934 0 59.922
0.148 0.016 0.164 0.115 0.01 0.125 51.932 0.032 51.952 60.019 0.00299999999999997 60.008 60.008 0 59.995
0.148 0.015 0.164 0.117 0.00699999999999998 0.124 52.07 0.041 52.099 59.973 0.003 59.963 60.014 0 60
0.152 0.011 0.164 0.112 0.013 0.124 51.914 0.035 51.938 60.054 0.003 60.045 60.11 0.003 60.099
0.149 0.014 0.163 0.116 0.00799999999999999 0.125 51.987 0.031 52.005 60.098 0.002 60.086 60.147 0 60.132
0.155 0.01 0.165 0.111 0.014 0.125 52.32 0.03 52.339 59.697 0.004 59.696 59.215 0.001 59.203
0.149 0.017 0.166 0.116 0.01 0.126 51.95 0.038 51.976 60.025 0.002 60.014 60.042 0.001 60.029
0.145 0.019 0.163 0.116 0.00899999999999999 0.126 52.233 0.026 52.248 60.463 0 60.449 60.399 0 60.386
0.153 0.011 0.163 0.115 0.01 0.125 52.199 0.038 52.226 60.222 0.002 60.21 60.187 0 60.173
0.149 0.014 0.164 0.111 0.014 0.125 52.447 0.035 52.471 59.678 0.002 59.676 59.485 0.002 59.48
0.148 0.017 0.164 0.112 0.013 0.126 52.233 0.049 52.271 60.25 0.002 60.238 60.267 0.001 60.257
0.151 0.012 0.162 0.111 0.013 0.125 51.804 0.033 51.835 59.303 0.002 59.292 59.141 0.002 59.145
0.151 0.013 0.164 0.116 0.00900000000000001 0.124 52.698 0.028 52.715 60.55 0.003 60.54 60.498 0 60.484
0.15 0.013 0.164 0.116 0.00800000000000001 0.124 51.926 0.031 51.946 59.926 0 59.922 59.346 0.001 59.333
0.153 0.012 0.163 0.112 0.013 0.125 52.296 0.031 52.318 60.461 0 60.45 60.37 0 60.359
0.151 0.013 0.163 0.108 0.017 0.125 52.025 0.03 52.046 60.043 0 60.03 60.053 0 60.041
0.14 0.019 0.158 0.112 0.012 0.123 51.76 0.041 51.798 59.169 0.001 59.157 58.971 0.002 58.98
0.142 0.016 0.158 0.106 0.017 0.123 51.565 0.031 51.585 60.389 0.001 60.376 60.296 0.001 60.284
0.151 0.013 0.164 0.115 0.01 0.125 51.837 0.041 51.867 59.768 0.001 59.756 60.343 0 60.33
0.146 0.017 0.164 0.113 0.011 0.124 51.969 0.037 51.995 59.592 0 59.59 59.341 0.002 59.333
0.156 0.00700000000000001 0.164 0.116 0.00899999999999999 0.125 52.044 0.044 52.076 60.046 0.001 60.034 60.047 0.001 60.037
0.159 0.00600000000000001 0.165 0.117 0.01 0.126 51.906 0.021 51.917 59.998 0.00299999999999997 59.988 59.961 0.003 59.951
0.144 0.015 0.159 0.111 0.012 0.124 52.099 0.03 52.117 60.157 0.002 60.145 60.163 0 60.151
0.149 0.01 0.16 0.114 0.01 0.124 51.954 0.046 51.989 60.05 0 60.036 60.024 0.002 60.013
0.143 0.02 0.162 0.111 0.013 0.125 51.96 0.038 51.987 60.13 0.002 60.119 60.076 0 60.062
0.147 0.017 0.162 0.109 0.015 0.125 51.852 0.033 51.874 59.995 0.001 59.983 59.974 0.001 59.962
0.146 0.015 0.162 0.113 0.012 0.124 52.292 0.039 52.319 60.049 0.002 60.045 59.617 0 59.604
0.151 0.012 0.164 0.116 0.00899999999999999 0.124 52.283 0.031 52.302 60.319 0.000999999999999973 60.308 60.302 0 60.288
0.152 0.011 0.163 0.112 0.012 0.125 52.049 0.03 52.068 60.131 0.001 60.118 60.079 0 60.067
0.158 0.00700000000000001 0.165 0.116 0.00899999999999999 0.126 52.099 0.033 52.121 60.118 0.002 60.107 59.599 0 59.585
0.153 0.01 0.164 0.114 0.011 0.124 52.061 0.039 52.089 60.084 0.002 60.073 59.659 0 59.656
0.146 0.012 0.159 0.114 0.01 0.123 52.012 0.032 52.034 60.174 0.002 60.163 60.224 0.002 60.212
0.147 0.016 0.162 0.11 0.014 0.124 51.83 0.034 51.853 59.902 0.002 59.892 59.868 0 59.854
0.149 0.016 0.166 0.118 0.00900000000000001 0.127 51.883 0.039 51.91 60.02 0 60.007 60.091 0 60.078
0.145 0.014 0.158 0.114 0.00899999999999998 0.124 52.299 0.036 52.323 60.335 0.002 60.323 60.396 0.001 60.382
0.144 0.018 0.162 0.112 0.014 0.126 52.088 0.044 52.127 59.691 0.012 59.691 59.426 0.003 59.428
0.154 0.01 0.164 0.113 0.012 0.125 52.277 0.039 52.305 60.207 0 60.194 60.17 0 60.157
0.155 0.01 0.164 0.112 0.013 0.124 51.954 0.031 51.974 60.009 0 59.995 59.95 0.002 59.938
0.15 0.015 0.166 0.112 0.014 0.127 51.897 0.04 51.927 60.001 0 59.989 60.004 0.001 59.993
0.157 0.00799999999999998 0.165 0.113 0.012 0.125 52.136 0.028 52.152 60.066 0.001 60.053 59.998 0 59.985
0.156 0.00899999999999999 0.164 0.111 0.014 0.125 52.015 0.04 52.044 60.124 0.00199999999999997 60.112 60.148 0 60.135
0.155 0.01 0.164 0.112 0.013 0.125 52.034 0.027 52.051 60.155 0 60.14 60.1 0.001 60.088
0.146 0.017 0.163 0.117 0.00800000000000001 0.124 52 0.033 52.022 60.043 0.001 60.031 60.04 0.001 60.028
0.151 0.013 0.164 0.117 0.00700000000000001 0.125 52.007 0.034 52.028 60.15 0.003 60.14 60.142 0 60.127
0.149 0.017 0.166 0.113 0.014 0.127 52.49 0.026 52.505 59.69 0 59.683 59.412 0 59.4
0.147 0.016 0.163 0.109 0.014 0.123 51.87 0.028 51.887 59.969 0.001 59.956 59.944 0 59.93
0.145 0.018 0.164 0.113 0.013 0.126 52.315 0.032 52.336 60.319 0.002 60.308 60.295 0.002 60.283
0.145 0.019 0.164 0.114 0.011 0.125 52.18 0.053 52.221 60.186 0.001 60.174 60.14 0.002 60.128
0.149 0.014 0.163 0.113 0.012 0.125 52.543 0.031 52.562 60.418 0 60.406 60.415 0 60.4
0.154 0.01 0.164 0.113 0.011 0.124 52.3 0.032 52.322 60.32 0.002 60.31 60.249 0.001 60.236
0.149 0.014 0.163 0.114 0.012 0.125 51.945 0.022 51.955 60.006 0 59.994 59.692 0.002 59.69
0.147 0.015 0.161 0.11 0.014 0.125 51.711 0.026 51.734 59.448 0 59.435 59.148 0 59.151
0.144 0.019 0.163 0.115 0.01 0.125 52.208 0.023 52.22 60.381 0.003 60.37 60.396 0 60.382
0.15 0.013 0.163 0.113 0.012 0.125 51.898 0.032 51.918 59.521 0.002 59.519 59.077 0.001 59.066
0.149 0.014 0.163 0.116 0.00899999999999999 0.125 52.092 0.029 52.112 60.079 0.002 60.07 60.059 0 60.049
0.155 0.01 0.164 0.112 0.014 0.127 51.79 0.023 51.81 59.332 0 59.32 59.132 0 59.138
0.148 0.00899999999999999 0.158 0.107 0.016 0.122 51.474 0.055 51.518 60.43 0.005 60.423 60.306 0.001 60.294
0.147 0.018 0.165 0.113 0.013 0.126 52.012 0.029 52.03 59.782 0.001 59.77 60.239 0 60.226
0.156 0.00700000000000001 0.163 0.114 0.01 0.125 52.108 0.027 52.123 60.144 0.001 60.133 60.146 0 60.134
0.146 0.013 0.159 0.111 0.013 0.124 51.843 0.04 51.873 59.983 0.001 59.971 59.903 0.00199999999999997 59.893
0.138 0.019 0.157 0.114 0.011 0.125 51.83 0.03 51.849 59.929 0.002 59.918 59.872 0.003 59.861
0.149 0.016 0.164 0.107 0.019 0.126 52.439 0.043 52.471 60.512 0.002 60.5 60.495 0 60.481
0.153 0.01 0.162 0.114 0.011 0.125 51.841 0.028 51.859 59.911 0.018 59.914 59.874 0 59.862
0.152 0.011 0.164 0.112 0.012 0.124 51.879 0.036 51.904 59.96 0.004 59.95 59.928 0.001 59.916
0.146 0.017 0.163 0.112 0.013 0.125 51.942 0.033 51.963 59.746 0 59.74 59.268 0 59.254
0.147 0.016 0.163 0.118 0.00700000000000001 0.125 52.271 0.041 52.301 59.983 0.023 59.998 59.558 0.00700000000000001 59.553
0.152 0.012 0.164 0.109 0.016 0.125 52.299 0.037 52.324 60.36 0.004 60.35 60.297 0.00499999999999998 60.289
0.157 0.00899999999999999 0.166 0.116 0.011 0.127 52.124 0.049 52.161 60.212 0 60.2 60.198 0 60.184
0.151 0.014 0.166 0.117 0.00900000000000001 0.126 52.227 0.022 52.238 60.266 0.001 60.254 59.668 0.001 59.654
0.14 0.019 0.158 0.115 0.00900000000000001 0.123 52.069 0.033 52.091 60.115 0.002 60.103 60.129 0.001 60.118
0.153 0.011 0.163 0.111 0.013 0.124 51.882 0.034 51.906 60.028 0.00199999999999997 60.017 60.09 0 60.077
0.152 0.01 0.163 0.114 0.01 0.124 52.088 0.025 52.102 60.147 0.001 60.134 60.085 0 60.072
0.154 0.011 0.165 0.115 0.011 0.125 52.324 0.034 52.347 60.352 0.001 60.341 60.317 0.001 60.304
0.15 0.013 0.163 0.114 0.01 0.125 52.009 0.046 52.042 60.097 0.001 60.084 60.143 0 60.129
0.146 0.015 0.161 0.114 0.011 0.124 51.903 0.037 51.937 59.373 0.002 59.362 59.218 0.003 59.224
0.155 0.00900000000000001 0.164 0.112 0.013 0.125 52.207 0.031 52.228 60.121 0.028 60.135 60.057 0.004 60.047
0.143 0.017 0.16 0.114 0.00800000000000001 0.122 51.892 0.026 51.908 60.009 0 59.994 59.97 0.001 59.957
0.157 0.00700000000000001 0.164 0.109 0.015 0.124 52.078 0.038 52.106 60.137 0.001 60.125 60.139 0.002 60.128
0.153 0.012 0.165 0.107 0.017 0.124 52.173 0.027 52.188 60.151 0.001 60.139 60.086 0 60.072
0.151 0.011 0.161 0.116 0.01 0.127 52.052 0.03 52.071 60.245 0.001 60.232 60.152 0 60.138
0.155 0.01 0.165 0.119 0.00699999999999999 0.126 51.954 0.026 51.969 60.09 0.001 60.077 60.078 0 60.064
0.142 0.019 0.159 0.113 0.011 0.124 52.097 0.037 52.123 60.005 0 59.992 60.012 0.000999999999999973 60
0.205 0.028 0.266 0.148 0.031 0.179 71.124 0.064 71.272 81.794 0.003 81.895 81.817 0.001 81.915
0.143 0.02 0.162 0.11 0.014 0.125 51.908 0.042 51.938 60.082 0.00699999999999998 60.074 60.112 0 60.097
0.148 0.016 0.165 0.116 0.00899999999999999 0.125 52.164 0.024 52.177 59.427 0.001 59.421 58.95 0 58.938
0.151 0.012 0.163 0.117 0.00700000000000001 0.124 52.047 0.051 52.086 59.568 0.019 59.583 59.14 0.031 59.16
0.151 0.012 0.163 0.116 0.00799999999999999 0.124 51.921 0.028 51.936 60.082 0 60.068 60.031 0 60.018
0.145 0.019 0.164 0.114 0.012 0.126 52.494 0.036 52.519 60.421 0.001 60.408 60.371 0 60.358
0.149 0.015 0.164 0.118 0.00800000000000001 0.126 52.581 0.026 52.595 61.238 0.002 61.226 61.194 0.001 61.181
0.151 0.011 0.161 0.115 0.00900000000000001 0.125 52.312 0.035 52.336 60.294 0.002 60.283 60.273 0 60.259
0.156 0.00899999999999999 0.165 0.111 0.015 0.126 52.363 0.024 52.376 60.273 0 60.26 60.216 0.001 60.204
0.151 0.012 0.163 0.112 0.012 0.124 51.464 0.032 51.495 59.115 0.001 59.102 58.969 0 58.97
0.148 0.013 0.161 0.112 0.012 0.124 51.791 0.027 51.815 59.509 0.001 59.497 59.215 0.001 59.222
0.151 0.013 0.164 0.116 0.00899999999999999 0.125 52.139 0.048 52.176 60.12 0.002 60.109 60.127 0 60.113
0.157 0.00800000000000001 0.164 0.114 0.011 0.126 52.197 0.027 52.212 60.225 0.003 60.216 60.133 0.001 60.121
0.148 0.011 0.16 0.111 0.014 0.124 52.019 0.025 52.033 60.007 0.019 60.013 59.57 0.002 59.565
0.148 0.015 0.163 0.107 0.018 0.125 51.93 0.03 51.949 60.02 0.001 60.007 59.951 0 59.939
0.153 0.01 0.162 0.108 0.015 0.124 51.968 0.031 51.987 59.936 0.002 59.924 59.946 0 59.934
0.15 0.012 0.163 0.114 0.011 0.124 51.459 0.033 51.49 59.152 0.002 59.141 59.004 0 59.009
0.15 0.016 0.166 0.114 0.012 0.126 51.961 0.026 51.974 60.45 0.001 60.439 60.387 0 60.373
0.15 0.011 0.161 0.114 0.011 0.125 52.272 0.033 52.293 60.304 0.002 60.294 60.29 0.001 60.277
0.139 0.024 0.164 0.116 0.00899999999999999 0.124 52.204 0.03 52.222 60.151 0.001 60.139 60.145 0 60.133
0.149 0.015 0.164 0.115 0.011 0.126 52.069 0.033 52.092 60.088 0.002 60.077 60.056 0.001 60.045
0.154 0.01 0.163 0.115 0.00900000000000001 0.125 51.843 0.032 51.865 59.939 0.000999999999999973 59.927 59.859 0.001 59.848
0.148 0.016 0.164 0.107 0.017 0.124 52.045 0.048 52.082 60.096 0.004 60.086 60.083 0 60.07
