0.044 0.001 0.046 0.021 0.00199999999999999 0.022 11.84 0.00600000000000001 11.843 13.239 0.005 13.241 13.179 0 13.177
0.046 0.003 0.05 0.019 0.004 0.023 12.477 0.00700000000000001 12.481 13.143 0.006 13.147 13.095 0 13.092
0.045 0.001 0.046 0.019 0.003 0.022 11.934 0.005 11.935 13.641 0.00600000000000001 13.644 13.846 0 13.844
0.049 0.001 0.05 0.024 0.001 0.025 12.877 0.003 12.877 13.675 0.009 13.681 13.656 0.003 13.656
0.048 0.002 0.051 0.02 0.005 0.024 12.815 0.005 12.818 13.584 0.005 13.585 13.576 0 13.573
0.047 0.003 0.052 0.023 0 0.023 12.698 0.004 12.704 13.477 0.004 13.486 13.341 0 13.343
0.05 0.001 0.051 0.019 0.004 0.023 12.709 0.005 12.71 13.736 0.00799999999999999 13.743 13.652 0.001 13.651
0.05 0 0.05 0.022 0.002 0.023 12.749 0.004 12.751 13.891 0.008 13.897 13.803 0 13.8
0.047 0.003 0.05 0.018 0.005 0.023 12.939 0.004 12.941 13.944 0.009 13.95 13.852 0 13.852
0.05 0 0.051 0.021 0.003 0.023 12.757 0.008 12.77 13.558 0.004 13.565 13.415 0 13.423
0.046 0 0.046 0.018 0.004 0.022 11.865 0.005 11.867 13.289 0.003 13.289 13.305 0 13.301
0.046 0 0.045 0.02 0.002 0.022 11.992 0.004 11.992 13.844 0.004 13.845 13.793 0 13.791
0.05 0 0.05 0.021 0.00199999999999999 0.023 13.014 0.004 13.015 14.107 0.005 14.11 13.466 0.001 13.464
0.05 0.001 0.051 0.02 0.003 0.023 13.118 0.00600000000000001 13.121 14.122 0.007 14.126 14.029 0 14.026
0.052 0 0.052 0.021 0.002 0.023 13.168 0.005 13.172 14.208 0.004 14.207 14.119 0 14.116
0.044 0.001 0.046 0.022 0.002 0.024 11.773 0.007 11.775 12.994 0.003 12.996 12.985 0 12.981
0.044 0.002 0.046 0.02 0.004 0.023 11.731 0.008 11.736 13.197 0.007 13.202 13.132 0 13.129
0.045 0.000999999999999994 0.046 0.02 0.003 0.023 11.88 0.003 11.879 13.205 0.007 13.21 13.157 0 13.154
0.047 0.004 0.05 0.023 0 0.023 12.872 0.003 12.874 13.492 0.008 13.495 13.296 0 13.295
0.045 0.000999999999999994 0.046 0.021 0.001 0.022 11.994 0.00600000000000001 11.996 13.88 0.003 13.88 13.992 0 13.99
0.048 0.002 0.05 0.02 0.00199999999999999 0.023 12.101 0.005 12.103 13.217 0.003 13.216 13.183 0 13.18
0.045 0.000999999999999994 0.045 0.022 0 0.022 11.806 0.003 11.807 13.204 0.006 13.206 13.168 0 13.167
0.05 0 0.05 0.024 0 0.023 13.252 0.00199999999999999 13.251 13.981 0.007 13.984 13.58 0 13.577
0.047 0.003 0.051 0.02 0.004 0.024 12.924 0.005 12.935 13.478 0.005 13.481 13.354 0.001 13.359
0.047 0.003 0.05 0.018 0.006 0.024 12.654 0.004 12.654 13.556 0.00800000000000001 13.562 13.541 0 13.538
0.048 0.00199999999999999 0.05 0.02 0.003 0.024 12.868 0.006 12.872 13.827 0.006 13.831 13.799 0.001 13.796
0.049 0.000999999999999994 0.05 0.021 0.003 0.024 13 0.008 13.006 13.948 0.008 13.953 13.905 0 13.902
0.051 0.001 0.052 0.021 0.003 0.023 12.963 0.002 12.962 13.646 0.005 13.656 13.468 0 13.471
0.047 0.003 0.051 0.021 0.002 0.023 12.691 0.005 12.693 13.656 0.006 13.659 13.627 0 13.624
0.047 0 0.047 0.019 0.003 0.023 11.867 0.005 11.869 13.345 0.004 13.345 13.251 0 13.248
0.048 0 0.047 0.019 0.003 0.022 11.734 0.007 11.738 13.2 0.009 13.207 13.452 0 13.448
0.045 0 0.045 0.019 0.004 0.023 12.019 0.004 12.02 13.703 0.006 13.705 13.676 0.001 13.675
0.047 0.003 0.05 0.019 0.004 0.023 12.706 0.006 12.708 13.744 0.006 13.748 13.269 0 13.266
0.043 0.003 0.046 0.02 0.00199999999999999 0.022 11.659 0.005 11.661 13.446 0.003 13.446 13.694 0.001 13.692
0.048 0.002 0.05 0.019 0.005 0.024 12.673 0.004 12.673 13.453 0.011 13.463 12.97 0 12.967
0.05 0.001 0.05 0.024 0 0.025 12.63 0.003 12.629 13.484 0.005 13.488 13.425 0 13.421
0.05 0.000999999999999994 0.051 0.022 0.001 0.022 13.013 0.00600000000000001 13.018 13.963 0.004 13.964 13.904 0 13.9
0.045 0.001 0.046 0.017 0.005 0.022 11.789 0.00600000000000001 11.792 13.274 0.007 13.278 13.767 0 13.764
0.045 0.001 0.046 0.018 0.004 0.022 12.533 0.011 12.54 13.979 0.00899999999999999 13.986 13.982 0.001 13.98
0.047 0.003 0.051 0.018 0.00600000000000001 0.024 12.729 0.006 12.73 13.55 0.006 13.554 13.365 0.001 13.363
0.043 0.003 0.046 0.02 0.003 0.023 12 0.004 12.001 13.426 0.00600000000000001 13.43 13.65 0.001 13.649
0.044 0.002 0.046 0.018 0.004 0.022 11.929 0.004 11.931 13.422 0.003 13.422 13.882 0 13.88
0.051 0.001 0.052 0.021 0.002 0.023 13.41 0.005 13.412 14.356 0.004 14.358 14.253 0 14.25
0.049 0.001 0.049 0.019 0.004 0.024 12.66 0.00600000000000001 12.662 13.771 0.004 13.773 13.693 0.001 13.691
0.044 0.001 0.045 0.016 0.00600000000000001 0.023 11.822 0.01 11.831 13.056 0.004 13.065 13.044 0 13.044
0.048 0.004 0.052 0.022 0.001 0.023 12.803 0.006 12.813 13.653 0.002 13.66 13.504 0.001 13.506
0.048 0.00199999999999999 0.05 0.019 0.004 0.023 12.968 0.005 12.969 13.956 0.005 13.958 13.798 0 13.797
0.047 0.003 0.051 0.022 0.002 0.023 12.852 0.01 12.859 13.904 0.00700000000000001 13.908 13.864 0.003 13.864
0.05 0 0.05 0.021 0.002 0.023 12.628 0.004 12.636 13.442 0.003 13.452 13.32 0 13.322
0.049 0.001 0.05 0.021 0.002 0.023 12.854 0.006 12.857 13.798 0.009 13.805 13.714 0 13.711
0.05 0.001 0.05 0.022 0.001 0.023 12.206 0.007 12.21 13.121 0.005 13.124 13.073 0 13.07
0.044 0.002 0.045 0.017 0.005 0.022 12.118 0.00199999999999999 12.116 13.96 0.004 13.962 13.899 0 13.896
0.051 0 0.051 0.021 0.002 0.023 12.836 0.005 12.838 13.901 0.005 13.903 13.36 0.002 13.359
0.046 0 0.046 0.021 0.000999999999999994 0.022 12.098 0.00700000000000001 12.102 13.495 0.003 13.495 13.386 0 13.383
0.049 0.003 0.052 0.02 0.003 0.023 12.882 0.004 12.884 13.922 0.005 13.923 13.909 0 13.906
0.046 0.004 0.05 0.017 0.006 0.023 12.887 0.005 12.889 13.723 0.00199999999999999 13.722 13.673 0.002 13.672
0.045 0.001 0.045 0.02 0.00199999999999999 0.023 12.084 0.007 12.087 13.567 0.00800000000000001 13.572 13.808 0.001 13.807
0.044 0.000999999999999994 0.045 0.019 0.005 0.023 11.658 0.004 11.659 12.905 0.005 12.907 13.049 0 13.047
0.05 0 0.05 0.021 0.002 0.023 12.883 0.009 12.888 13.612 0.005 13.614 13.206 0 13.203
0.05 0 0.05 0.022 0.002 0.023 12.727 0.01 12.734 13.353 0.005 13.356 13.456 0 13.454
0.049 0.000999999999999994 0.051 0.019 0.004 0.023 12.521 0.004 12.521 13.425 0.005 13.429 13.387 0.001 13.385
0.049 0.001 0.05 0.02 0.003 0.024 12.771 0.011 12.783 13.357 0.004 13.359 13.162 0 13.16
0.048 0.002 0.051 0.019 0.004 0.023 11.74 0.007 11.754 12.991 0.007 13.002 13.407 0 13.409
0.051 0.001 0.052 0.02 0.003 0.024 12.879 0.004 12.88 13.92 0.007 13.923 13.768 0 13.767
0.05 0.003 0.054 0.019 0.004 0.023 12.758 0.005 12.759 13.844 0.01 13.852 13.827 0 13.823
0.049 0.002 0.051 0.023 0.001 0.023 12.804 0.005 12.814 13.522 0.005 13.528 13.353 0 13.363
0.053 0.000999999999999994 0.054 0.019 0.004 0.023 13.02 0.007 13.024 14.074 0.008 14.079 13.981 0 13.978
0.048 0.003 0.051 0.021 0.002 0.023 13.184 0.005 13.186 14.217 0.004 14.218 14.083 0 14.08
0.05 0 0.051 0.02 0.003 0.023 12.901 0.005 12.902 13.87 0.007 13.874 13.824 0 13.821
0.046 0.004 0.05 0.02 0.003 0.024 12.733 0.005 12.734 13.775 0.003 13.776 13.759 0.001 13.757
0.05 0 0.05 0.02 0.003 0.023 12.939 0.005 12.948 13.662 0.007 13.668 13.513 0 13.514
0.043 0.002 0.045 0.019 0.004 0.023 12.099 0.00600000000000001 12.101 13.951 0.004 13.953 13.841 0 13.838
0.049 0.001 0.051 0.02 0.003 0.023 13.021 0.003 13.02 14.205 0.008 14.21 13.556 0 13.554
0.05 0.001 0.051 0.018 0.005 0.023 12.975 0.004 12.977 13.96 0.008 13.964 13.934 0 13.932
0.05 0.003 0.053 0.02 0.003 0.023 12.994 0.009 13 14.03 0.004 14.032 13.948 0 13.944
0.048 0.002 0.051 0.02 0.003 0.023 12.763 0.008 12.772 13.384 0.004 13.392 13.277 0 13.279
0.051 0 0.051 0.022 0.002 0.023 12.882 0.004 12.884 13.695 0.003 13.694 13.644 0 13.642
0.043 0.003 0.046 0.018 0.004 0.022 12.601 0.009 12.607 13.988 0.00700000000000001 13.993 13.921 0 13.918
0.049 0.001 0.05 0.023 0 0.023 12.891 0.004 12.893 13.884 0.005 13.884 13.587 0 13.585
0.046 0 0.046 0.019 0.003 0.022 11.764 0.007 11.767 13.169 0.009 13.176 13.729 0 13.725
0.05 0 0.05 0.018 0.005 0.023 12.203 0.00700000000000001 12.205 13.407 0.006 13.41 13.352 0.001 13.35
0.046 0 0.045 0.019 0.003 0.022 11.851 0.004 11.853 13.314 0.005 13.316 13.491 0 13.489
0.046 0 0.045 0.018 0.005 0.023 11.872 0.00600000000000001 11.875 13.252 0.005 13.254 13.445 0 13.442
0.05 0.001 0.05 0.02 0.003 0.023 12.922 0.005 12.924 13.238 0.006 13.252 13.037 0 13.04
0.049 0.001 0.05 0.02 0.003 0.023 12.783 0.006 12.786 13.808 0.004 13.809 13.731 0 13.728
0.045 0.004 0.049 0.019 0.005 0.024 12.715 0.007 12.726 13.21 0.00600000000000001 13.217 13.098 0.00199999999999999 13.101
0.047 0.002 0.05 0.019 0.005 0.024 12.725 0.003 12.724 13.459 0.005 13.462 13.519 0 13.516
0.048 0.00199999999999999 0.049 0.021 0.002 0.023 12.717 0.006 12.728 13.501 0.003 13.509 13.378 0 13.38
0.049 0.002 0.052 0.02 0.003 0.023 12.808 0.005 12.81 13.782 0.006 13.785 13.627 0 13.628
0.048 0.002 0.05 0.02 0.003 0.023 12.788 0.003 12.789 13.779 0.005 13.781 13.778 0.003 13.778
0.048 0.002 0.049 0.022 0.000999999999999994 0.023 12.896 0.005 12.9 13.886 0.005 13.887 13.878 0 13.875
0.045 0.002 0.046 0.022 0 0.022 11.887 0.003 11.887 13.11 0.005 13.112 13.074 0 13.072
0.048 0.00199999999999999 0.051 0.021 0.002 0.023 12.671 0.006 12.673 13.245 0.00600000000000001 13.249 13.233 0 13.231
0.044 0.001 0.046 0.021 0.002 0.022 13.126 0.005 13.129 13.247 0.008 13.253 13.187 0 13.183
0.051 0.001 0.052 0.022 0.001 0.023 12.698 0.004 12.706 13.547 0.00600000000000001 13.554 13.428 0 13.437
0.05 0.001 0.051 0.02 0.003 0.023 12.92 0.004 12.921 13.929 0.004 13.931 13.827 0 13.825
0.049 0.002 0.051 0.019 0.004 0.023 12.818 0.005 12.82 13.312 0.007 13.317 13.264 0 13.261
0.045 0.001 0.046 0.019 0.003 0.022 11.968 0.006 11.971 13.379 0.004 13.38 13.903 0 13.901
0.049 0.002 0.051 0.019 0.005 0.024 12.953 0.008 12.958 13.814 0.00700000000000001 13.818 13.808 0 13.805
0.049 0.003 0.052 0.019 0.004 0.022 13.769 0.008 13.775 14.695 0.003 14.695 14.664 0 14.661
0.043 0.00199999999999999 0.045 0.016 0.007 0.023 11.671 0.029 11.702 13.004 0.00700000000000001 13.014 12.968 0.003 12.972
0.049 0.000999999999999994 0.05 0.019 0.004 0.023 12.073 0.005 12.075 13.099 0.005 13.102 13.331 0 13.329
0.05 0 0.05 0.021 0.002 0.023 12.082 0.005 12.084 13.06 0.00800000000000001 13.066 13.271 0 13.268
0.045 0 0.045 0.018 0.004 0.023 11.792 0.003 11.792 13.25 0.008 13.255 13.696 0 13.692
0.053 0.001 0.054 0.021 0.002 0.023 13.085 0.007 13.089 14.076 0.004 14.076 14.049 0 14.046
0.051 0.001 0.052 0.021 0.00199999999999999 0.023 12.93 0.004 12.931 13.958 0.007 13.962 13.941 0 13.938
0.047 0.004 0.051 0.019 0.004 0.023 12.606 0.007 12.618 13.398 0.006 13.411 13.243 0 13.246
0.049 0.001 0.051 0.021 0.002 0.023 12.762 0.005 12.763 13.775 0.005 13.777 13.713 0 13.711
0.05 0.003 0.053 0.019 0.004 0.023 12.892 0.00199999999999999 12.891 13.865 0.005 13.867 13.78 0.001 13.779
0.048 0.000999999999999994 0.05 0.018 0.00700000000000001 0.024 12.631 0.004 12.631 13.491 0.011 13.502 13.487 0 13.483
0.044 0.001 0.046 0.021 0.001 0.022 11.873 0.003 11.873 12.929 0.005 12.939 12.796 0.001 12.799
0.043 0.002 0.046 0.021 0.003 0.023 11.828 0.003 11.829 13.494 0.005 13.496 13.418 0 13.414
0.05 0.001 0.05 0.018 0.004 0.023 12.818 0.01 12.824 13.906 0.00899999999999999 13.912 13.381 0 13.378
0.048 0.001 0.049 0.017 0.00600000000000001 0.023 12.869 0.00199999999999999 12.869 13.837 0.009 13.842 13.831 0 13.827
0.05 0.000999999999999994 0.051 0.02 0.003 0.023 12.879 0.004 12.881 13.926 0.00800000000000001 13.93 13.907 0 13.905
0.048 0.002 0.051 0.022 0.000999999999999994 0.023 12.963 0.003 12.963 13.748 0.006 13.758 13.543 0.007 13.554
0.05 0.001 0.052 0.022 0.00199999999999999 0.023 12.991 0.008 12.997 14.157 0.004 14.158 14.051 0 14.047
0.044 0.001 0.045 0.018 0.006 0.024 11.804 0.006 11.807 13.04 0.006 13.044 13.109 0 13.105
0.048 0.002 0.051 0.017 0.006 0.023 12.93 0.003 12.931 13.48 0.005 13.482 13.427 0.001 13.425
0.046 0.001 0.047 0.019 0.003 0.023 12.048 0.00700000000000001 12.051 13.469 0.003 13.47 13.436 0.001 13.433
0.044 0.000999999999999994 0.046 0.018 0.005 0.023 11.823 0.004 11.824 13.088 0.00600000000000001 13.09 13.022 0 13.021
0.05 0.000999999999999994 0.05 0.019 0.004 0.023 13.597 0.003 13.599 14.515 0.005 14.518 14.728 0 14.723
0.049 0.002 0.05 0.019 0.004 0.023 12.316 0.005 12.318 13.332 0.00800000000000001 13.338 13.394 0.001 13.393
0.05 0.000999999999999994 0.051 0.019 0.004 0.023 13.071 0.005 13.073 13.591 0.005 13.593 13.399 0 13.396
0.05 0.001 0.051 0.02 0.003 0.023 12.856 0.00600000000000001 12.866 13.634 0.007 13.641 13.503 0.00199999999999999 13.508
0.05 0 0.05 0.021 0.002 0.023 12.811 0.004 12.812 13.856 0.006 13.859 13.81 0 13.807
0.047 0.003 0.051 0.019 0.004 0.023 12.887 0.005 12.891 13.94 0.005 13.941 13.965 0 13.962
0.05 0.001 0.051 0.023 0.000999999999999994 0.024 13.082 0.00600000000000001 13.093 13.771 0.007 13.776 13.6 0.001 13.61
0.045 0.001 0.045 0.02 0.003 0.023 11.627 0.008 11.632 13.122 0.004 13.123 13.417 0 13.414
0.048 0.002 0.051 0.018 0.005 0.023 13.022 0.007 13.026 14.088 0.008 14.093 13.963 0 13.962
0.043 0.002 0.045 0.019 0.003 0.022 11.892 0.006 11.895 13.301 0.006 13.304 13.247 0.001 13.245
0.044 0.003 0.046 0.019 0.003 0.022 12.375 0.00700000000000001 12.379 14.232 0.008 14.238 14.136 0 14.133
0.048 0.002 0.05 0.021 0.002 0.023 12.946 0.008 12.951 13.953 0.005 13.954 13.471 0 13.469
0.049 0.002 0.051 0.02 0.003 0.023 12.787 0.006 12.79 13.795 0.004 13.795 13.789 0.001 13.787
0.051 0.002 0.053 0.018 0.005 0.022 12.951 0.004 12.953 13.931 0.004 13.932 13.896 0 13.892
0.044 0.001 0.045 0.021 0.002 0.024 11.647 0.006 11.649 13.057 0.006 13.06 13.028 0 13.025
0.047 0 0.046 0.021 0.001 0.023 12.004 0.004 12.004 13.55 0.005 13.552 13.482 0 13.479
0.044 0.002 0.044 0.018 0.005 0.024 11.809 0.006 11.812 13.068 0.004 13.069 13.026 0 13.024
0.05 0.00199999999999999 0.052 0.02 0.003 0.024 12.91 0.004 12.919 13.731 0.004 13.734 13.561 0 13.569
0.05 0.004 0.053 0.022 0.001 0.023 12.89 0.004 12.891 13.875 0.004 13.877 13.78 0 13.778
0.05 0.001 0.05 0.022 0.001 0.023 11.923 0.007 11.927 13.197 0.006 13.2 13.169 0 13.168
0.051 0 0.051 0.022 0.001 0.023 12.322 0.006 12.325 13.296 0.006 13.3 13.464 0 13.463
0.048 0.00199999999999999 0.05 0.021 0.002 0.023 11.943 0.006 11.946 13.173 0.003 13.173 13.316 0 13.314
0.045 0.001 0.047 0.02 0.003 0.023 11.949 0.003 11.948 13.344 0.003 13.345 13.342 0 13.338
0.05 0 0.05 0.019 0.004 0.023 12.624 0.006 12.635 13.46 0.004 13.471 13.309 0 13.311
0.049 0.001 0.05 0.016 0.007 0.023 12.913 0.006 12.917 13.876 0.005 13.877 13.747 0 13.747
0.049 0.001 0.05 0.019 0.005 0.024 12.829 0.006 12.832 13.646 0.003 13.646 13.605 0 13.602
0.053 0 0.052 0.019 0.004 0.023 12.748 0.007 12.751 13.731 0.003 13.732 13.692 0.001 13.69
0.05 0 0.05 0.018 0.00600000000000001 0.025 12.42 0.004 12.42 12.91 0.005 12.918 12.499 0 12.498
0.044 0.001 0.045 0.021 0.002 0.023 11.975 0.004 11.975 13.435 0.003 13.436 13.808 0 13.806
0.046 0 0.045 0.019 0.003 0.023 11.897 0.00700000000000001 11.901 13.262 0.006 13.264 13.237 0 13.236
0.044 0.002 0.046 0.02 0.002 0.022 11.993 0.007 11.997 13.435 0.003 13.435 13.385 0 13.382
0.05 0.001 0.051 0.019 0.004 0.023 12.829 0.007 12.834 13.812 0.00700000000000001 13.817 13.778 0 13.774
0.049 0.001 0.051 0.021 0.00199999999999999 0.024 12.965 0.005 12.967 14.047 0.008 14.052 13.935 0.001 13.933
0.043 0.002 0.046 0.02 0.003 0.022 12.072 0.005 12.074 13.977 0.007 13.982 13.921 0.001 13.918
0.049 0.001 0.05 0.021 0.004 0.024 12.781 0.007 12.786 13.711 0.003 13.711 13.256 0.001 13.254
0.05 0.001 0.051 0.021 0.00199999999999999 0.023 12.778 0.004 12.779 13.817 0.003 13.817 13.774 0 13.771
0.052 0 0.053 0.018 0.005 0.022 12.768 0.00600000000000001 12.772 13.8 0.007 13.803 13.773 0.001 13.772
0.046 0 0.046 0.021 0.001 0.022 12.732 0.00600000000000001 12.735 14.079 0.00799999999999999 14.084 13.97 0.003 13.97
0.048 0.002 0.051 0.021 0.00199999999999999 0.023 12.929 0.003 12.929 13.894 0.008 13.898 13.641 0.002 13.641
0.045 0 0.046 0.02 0.003 0.022 11.822 0.005 11.825 13.208 0.004 13.209 13.175 0 13.173
0.049 0.001 0.05 0.021 0.002 0.023 12.167 0.005 12.169 13.269 0.00499999999999999 13.272 13.331 0.001 13.329
0.049 0.000999999999999994 0.05 0.022 0.001 0.023 12.219 0.00600000000000001 12.222 13.392 0.00899999999999999 13.398 13.478 0 13.475
0.048 0.003 0.05 0.02 0.003 0.023 12.263 0.007 12.266 13.582 0.004 13.583 13.923 0 13.921
0.05 0.001 0.05 0.021 0.002 0.024 13.019 0.003 13.019 14.142 0.003 14.142 14.122 0.001 14.119
0.05 0 0.05 0.022 0.00199999999999999 0.024 13.327 0.00600000000000001 13.33 14.392 0.006 14.394 14.327 0 14.324
0.049 0.001 0.049 0.019 0.004 0.024 12.81 0.004 12.818 13.521 0.005 13.526 13.338 0 13.344
0.052 0 0.052 0.02 0.003 0.023 12.923 0.007 12.928 13.718 0.009 13.724 13.694 0.000999999999999994 13.693
0.048 0.002 0.05 0.018 0.005 0.024 12.713 0.009 12.719 13.622 0.004 13.625 13.588 0.004 13.588
0.047 0.002 0.049 0.021 0.001 0.022 11.602 0.006 11.615 12.903 0.005 12.912 12.788 0 12.79
0.048 0.002 0.05 0.021 0.00199999999999999 0.023 12.472 0.009 12.477 13.272 0.008 13.278 13.207 0.001 13.204
0.045 0.001 0.046 0.019 0.003 0.022 12.067 0.003 12.067 13.897 0.004 13.899 13.848 0 13.844
0.044 0.000999999999999994 0.045 0.018 0.004 0.022 11.932 0.005 11.934 13.344 0.005 13.346 13.218 0 13.215
0.05 0 0.05 0.02 0.003 0.023 12.861 0.00700000000000001 12.866 13.886 0.004 13.886 13.376 0 13.373
0.05 0.001 0.051 0.021 0.002 0.024 12.93 0.005 12.932 14.023 0.003 14.023 13.947 0 13.943
0.049 0.00199999999999999 0.051 0.02 0.003 0.023 12.879 0.006 12.883 13.872 0.00700000000000001 13.876 13.825 0 13.822
0.047 0 0.046 0.018 0.004 0.023 12.02 0.006 12.022 13.526 0.00600000000000001 13.53 13.676 0.001 13.675
0.045 0.001 0.045 0.019 0.003 0.022 11.805 0.007 11.809 13.204 0.005 13.207 13.285 0 13.281
0.045 0.001 0.046 0.019 0.003 0.022 12.854 0.008 12.859 14.296 0.007 14.301 14.197 0 14.192
0.049 0.001 0.05 0.021 0.002 0.023 12.785 0.009 12.791 13.825 0.003 13.826 13.61 0 13.606
0.045 0.001 0.046 0.021 0.002 0.023 11.946 0.003 11.946 13.403 0.007 13.406 13.963 0 13.962
0.051 0 0.051 0.018 0.004 0.023 11.919 0.009 11.925 13.165 0.005 13.166 13.206 0 13.204
0.048 0.002 0.05 0.021 0.002 0.023 12.033 0.021 12.065 13.294 0.018 13.323 13.399 0.036 13.442
0.05 0 0.05 0.022 0.001 0.023 12.62 0.008 12.624 13.4 0.005 13.403 13.339 0 13.336
0.048 0.002 0.049 0.021 0.002 0.024 12.719 0.004 12.727 13.45 0.004 13.454 13.342 0.001 13.347
0.049 0.001 0.051 0.02 0.003 0.023 12.686 0.005 12.686 13.709 0.002 13.71 13.688 0 13.685
0.046 0 0.046 0.017 0.005 0.023 12.698 0.008 12.701 14.149 0.002 14.15 14.061 0 14.057
0.048 0.00199999999999999 0.05 0.018 0.005 0.023 12.825 0.006 12.829 13.832 0.006 13.835 13.568 0.002 13.567
0.045 0.001 0.045 0.019 0.003 0.023 12.059 0.004 12.06 13.401 0.007 13.405 13.944 0 13.941
0.049 0.000999999999999994 0.05 0.023 0 0.023 12.718 0.004 12.718 13.705 0.005 13.709 13.686 0.002 13.684
0.049 0.00199999999999999 0.051 0.02 0.003 0.023 12.92 0.006 12.922 13.733 0.003 13.733 13.687 0 13.684
0.047 0.002 0.049 0.019 0.004 0.024 13.014 0.01 13.02 14.039 0.005 14.041 13.963 0 13.961
0.051 0 0.051 0.021 0.002 0.023 13.05 0.006 13.053 14.048 0.007 14.052 13.976 0.002 13.975
0.05 0.002 0.052 0.018 0.005 0.023 13.224 0.006 13.228 14.319 0.003 14.318 14.215 0 14.212
0.05 0.001 0.05 0.018 0.005 0.023 12.815 0.003 12.816 13.853 0.005 13.856 13.86 0 13.856
0.049 0.001 0.05 0.02 0.003 0.023 12.696 0.002 12.695 13.181 0.007 13.185 13.148 0 13.145
0.05 0 0.051 0.02 0.003 0.023 13.052 0.004 13.054 14.068 0.006 14.07 14.015 0.002 14.014
0.048 0.003 0.05 0.018 0.004 0.023 12.843 0.008 12.848 13.811 0.00600000000000001 13.813 13.792 0 13.789
0.05 0.001 0.05 0.021 0.003 0.024 12.758 0.003 12.759 13.565 0.004 13.566 13.539 0 13.537
0.049 0.002 0.051 0.021 0.002 0.023 12.743 0.004 12.743 13.712 0.004 13.714 13.655 0 13.652
0.045 0.001 0.047 0.021 0.00199999999999999 0.022 11.888 0.03 11.918 13.302 0.00800000000000001 13.313 13.317 0.00699999999999999 13.324
0.05 0 0.05 0.018 0.005 0.023 11.987 0.007 11.991 13.278 0.00800000000000001 13.284 13.481 0 13.478
0.05 0.001 0.05 0.018 0.004 0.023 11.974 0.00800000000000001 11.979 13.254 0.00499999999999999 13.257 13.484 0 13.481
0.044 0.001 0.045 0.02 0.00199999999999999 0.022 11.784 0.004 11.785 13.333 0.006 13.336 13.783 0 13.779
0.049 0.002 0.051 0.021 0.002 0.024 13.063 0.00899999999999999 13.069 14.04 0.002 14.038 13.978 0 13.976
0.049 0.002 0.051 0.019 0.004 0.023 12.986 0.007 12.991 14.017 0 14.013 13.966 0 13.963
0.05 0 0.05 0.021 0.003 0.024 12.582 0.006 12.591 13.51 0.001 13.516 13.361 0 13.364
0.048 0.002 0.05 0.022 0.00199999999999999 0.023 12.674 0.008 12.68 13.535 0.003 13.536 13.464 0.002 13.465
0.05 0 0.05 0.02 0.004 0.024 12.853 0.005 12.855 14.079 0.007 14.083 13.917 0.001 13.915
0.048 0.002 0.05 0.022 0.001 0.023 12.812 0.006 12.815 13.31 0.008 13.316 13.272 0.001 13.27
0.045 0 0.045 0.019 0.003 0.022 11.848 0.005 11.85 13.161 0.006 13.166 12.941 0 12.944
0.045 0.001 0.046 0.02 0.002 0.023 11.829 0.015 11.845 13.253 0.011 13.263 13.251 0 13.249
0.045 0.00199999999999999 0.047 0.022 0.003 0.024 12.488 0.003 12.487 13.345 0.005 13.348 13.022 0 13.019
0.044 0.00199999999999999 0.046 0.02 0.002 0.022 12.917 0.005 12.92 13.963 0.005 13.965 13.378 0 13.375
0.045 0.001 0.046 0.019 0.003 0.022 12.105 0.00600000000000001 12.107 13.482 0.007 13.486 13.489 0 13.487
0.05 0 0.051 0.018 0.006 0.023 12.976 0.004 12.978 13.965 0.003 13.966 13.91 0 13.905
0.05 0 0.05 0.015 0.00899999999999999 0.024 12.661 0.009 12.666 13.647 0.006 13.65 13.612 0 13.611
0.051 0.002 0.053 0.022 0.00199999999999999 0.023 12.716 0.00700000000000001 12.721 13.846 0.008 13.852 13.818 0.000999999999999994 13.816
0.049 0.002 0.051 0.018 0.005 0.024 13.104 0.003 13.104 14.148 0.006 14.151 14.057 0 14.053
0.049 0.00199999999999999 0.05 0.021 0.002 0.023 11.852 0.005 11.854 13.276 0.004 13.278 13.226 0 13.223
0.046 0 0.046 0.018 0.005 0.023 11.811 0.004 11.812 13.05 0.003 13.05 12.979 0 12.976
0.05 0 0.05 0.019 0.004 0.023 12.291 0.005 12.294 13.292 0.00600000000000001 13.296 13.382 0 13.38
0.05 0 0.05 0.02 0.003 0.023 12.138 0.00600000000000001 12.141 13.238 0.006 13.243 13.35 0 13.346
0.05 0 0.05 0.021 0.002 0.023 13.141 0.011 13.16 13.743 0.009 13.753 13.554 0 13.552
0.048 0.002 0.051 0.023 0.001 0.023 12.851 0.005 12.862 13.643 0.00799999999999999 13.651 13.522 0 13.525
0.049 0.002 0.05 0.018 0.005 0.023 12.837 0.00600000000000001 12.841 13.652 0.00899999999999999 13.658 13.62 0 13.617
0.048 0.002 0.05 0.02 0.003 0.023 12.911 0.00600000000000001 12.913 13.935 0.005 13.937 13.865 0 13.863
0.05 0.001 0.05 0.019 0.004 0.023 12.836 0.00899999999999999 12.844 13.856 0.00600000000000001 13.858 13.806 0.001 13.804
0.046 0.001 0.047 0.02 0.00199999999999999 0.022 11.937 0.005 11.938 13.284 0.009 13.292 13.213 0 13.21
0.044 0.002 0.045 0.017 0.005 0.022 11.724 0.003 11.731 12.826 0.003 12.832 12.992 0.002 12.995
0.046 0.001 0.0469999999999999 0.02 0.002 0.022 11.882 0.005 11.885 13.253 0.004 13.254 13.191 0 13.189
0.045 0.001 0.046 0.02 0.00199999999999999 0.022 12.111 0.00700000000000001 12.115 13.895 0.007 13.9 13.885 0 13.881
0.049 0.001 0.051 0.021 0.002 0.022 12.907 0.006 12.91 13.931 0.006 13.934 13.405 0.001 13.403
0.051 0.001 0.052 0.02 0.003 0.024 12.845 0.005 12.848 13.875 0.007 13.877 13.841 0 13.838
0.048 0.003 0.051 0.02 0.003 0.023 13.25 0.007 13.255 14.263 0.00600000000000001 14.266 14.14 0 14.136
0.043 0.002 0.045 0.021 0.00199999999999999 0.022 11.744 0.003 11.745 13.22 0.002 13.219 13.698 0.00199999999999999 13.696
0.048 0.001 0.05 0.022 0.003 0.024 12.786 0.008 12.792 13.594 0.006 13.596 13.583 0.004 13.585
0.053 0.001 0.054 0.022 0.001 0.024 13.06 0.006 13.063 14.155 0.005 14.157 14.008 0 14.003
0.05 0.002 0.052 0.014 0.01 0.023 12.523 0.00899999999999999 12.53 13.416 0.005 13.419 13.397 0 13.393
0.05 0.000999999999999994 0.051 0.02 0.003 0.023 13.026 0.005 13.028 13.967 0.007 13.972 13.89 0 13.886
0.045 0.001 0.045 0.014 0.008 0.023 12.259 0.007 12.263 13.695 0.011 13.703 13.586 0 13.582
0.049 0.000999999999999994 0.05 0.016 0.00700000000000001 0.023 11.923 0.006 11.926 13.09 0.008 13.095 13.339 0 13.336
0.047 0.003 0.049 0.022 0.001 0.024 12.063 0.01 12.07 13.294 0.00499999999999999 13.296 13.576 0 13.574
0.045 0.000999999999999994 0.046 0.016 0.00600000000000001 0.022 11.853 0.005 11.854 13.249 0.005 13.252 13.39 0 13.387
0.049 0.001 0.05 0.022 0.001 0.023 12.766 0.004 12.769 13.806 0.006 13.809 13.718 0.003 13.718
0.047 0.002 0.049 0.016 0.007 0.024 12.936 0.007 12.946 13.786 0.00800000000000001 13.799 13.591 0 13.594
0.049 0.001 0.05 0.019 0.004 0.024 12.939 0.006 12.942 13.836 0.008 13.841 13.675 0 13.673
0.045 0.002 0.046 0.019 0.003 0.023 12.176 0.00600000000000001 12.179 13.707 0.003 13.707 14.182 0 14.18
0.047 0.002 0.05 0.019 0.005 0.024 12.751 0.003 12.75 13.538 0.006 13.541 13.514 0 13.512
0.049 0.002 0.051 0.021 0.002 0.023 13.167 0.005 13.17 14.197 0.005 14.199 14.103 0 14.099
0.05 0 0.049 0.02 0.004 0.024 12.106 0.004 12.114 12.663 0.007 12.669 12.562 0 12.563
0.047 0 0.047 0.022 0.001 0.023 13.718 0.006 13.722 15.736 0.003 15.735 15.614 0 15.61
0.05 0 0.051 0.022 0.001 0.023 12.759 0.004 12.76 13.744 0.005 13.746 13.49 0 13.488
0.051 0.002 0.053 0.02 0.003 0.023 12.795 0.007 12.799 13.756 0.00900000000000001 13.762 13.719 0 13.717
0.051 0 0.05 0.022 0.001 0.024 12.872 0.00700000000000001 12.876 13.681 0.007 13.684 13.671 0.000999999999999994 13.669
0.042 0.003 0.046 0.021 0.00199999999999999 0.022 12.02 0.005 12.023 13.399 0.009 13.404 13.346 0.001 13.345
0.044 0.002 0.046 0.019 0.003 0.022 11.992 0.004 11.993 13.384 0.006 13.387 13.331 0 13.328
0.046 0 0.047 0.019 0.004 0.022 11.815 0.006 11.818 13.191 0.00900000000000001 13.198 13.183 0 13.18
0.049 0.001 0.05 0.018 0.005 0.023 12.655 0.005 12.656 13.347 0.004 13.35 13.274 0.001 13.271
0.052 0.001 0.053 0.021 0.002 0.023 12.943 0.005 12.944 13.999 0.004 14.001 13.902 0 13.899
0.051 0 0.051 0.018 0.005 0.023 12.798 0.008 12.804 13.727 0.003 13.727 13.708 0 13.705
0.049 0.00199999999999999 0.051 0.02 0.003 0.023 12.401 0.005 12.403 13.408 0.00799999999999999 13.414 13.497 0 13.496
0.047 0.003 0.05 0.021 0.001 0.023 12.118 0.009 12.123 13.094 0.007 13.098 13.148 0.002 13.148
0.048 0.002 0.05 0.022 0.002 0.023 12.303 0.004 12.303 13.552 0.005 13.554 14.07 0.003 14.071
0.051 0.000999999999999994 0.053 0.021 0.002 0.023 12.873 0.007 12.877 13.865 0.007 13.869 13.848 0 13.845
0.052 0.001 0.053 0.018 0.005 0.023 12.831 0.008 12.837 13.923 0.005 13.924 13.881 0 13.878
0.049 0.002 0.05 0.021 0.003 0.024 13.063 0.005 13.065 14.132 0.003 14.132 14.012 0 14.017
0.049 0.001 0.049 0.02 0.003 0.023 12.717 0.00800000000000001 12.729 13.483 0.00899999999999999 13.494 13.353 0 13.355
0.048 0.004 0.052 0.022 0.00199999999999999 0.024 12.704 0.011 12.714 13.559 0.004 13.562 13.5 0.001 13.498
0.05 0 0.05 0.022 0.00199999999999999 0.023 12.796 0.007 12.802 13.783 0.00700000000000001 13.787 13.755 0 13.752
0.049 0.001 0.05 0.021 0.002 0.023 12.836 0.006 12.839 13.423 0.009 13.429 13.182 0 13.179
0.047 0.001 0.049 0.019 0.004 0.023 12.796 0.004 12.798 13.759 0.005 13.761 13.75 0 13.747
0.048 0.002 0.05 0.022 0.001 0.023 12.895 0.004 12.896 13.859 0.00900000000000001 13.865 13.803 0 13.799
0.045 0.000999999999999994 0.046 0.019 0.003 0.023 12.233 0.006 12.236 14.127 0.005 14.129 14.09 0 14.086
0.049 0.001 0.05 0.019 0.004 0.023 12.702 0.004 12.703 13.724 0.00700000000000001 13.729 13.285 0.001 13.282
0.051 0 0.05 0.018 0.005 0.023 13.077 0.007 13.081 14.058 0.008 14.063 13.99 0.001 13.988
0.049 0.001 0.051 0.019 0.005 0.024 12.727 0.007 12.729 13.561 0.007 13.567 13.56 0.001 13.557
0.044 0.002 0.046 0.022 0.000999999999999994 0.023 12.314 0.005 12.316 14.164 0.005 14.166 14.074 0.001 14.072
0.048 0.00199999999999999 0.05 0.021 0.002 0.023 12.778 0.007 12.782 13.764 0.004 13.765 13.303 0 13.3
0.051 0 0.051 0.022 0.001 0.023 12.937 0.007 12.941 13.917 0.003 13.917 13.869 0 13.867
0.051 0.001 0.051 0.018 0.005 0.023 12.903 0.00600000000000001 12.907 13.856 0.005 13.857 13.826 0 13.823
0.05 0 0.05 0.017 0.00600000000000001 0.023 12.042 0.003 12.042 13.297 0.007 13.302 13.402 0.003 13.402
0.05 0 0.049 0.021 0.003 0.024 11.775 0.00600000000000001 11.778 12.899 0.00199999999999999 12.899 12.932 0 12.929
0.047 0.002 0.049 0.02 0.003 0.023 12.712 0.00899999999999999 12.718 13.247 0.005 13.25 13.322 0 13.318
0.05 0.00199999999999999 0.051 0.023 0 0.023 12.886 0.00700000000000001 12.898 13.659 0.005 13.663 13.526 0 13.529
0.046 0.005 0.051 0.022 0.001 0.023 13.274 0.006 13.277 14.207 0.009 14.213 14.158 0 14.155
0.05 0 0.05 0.019 0.004 0.024 12.581 0.003 12.58 13.693 0.004 13.695 13.589 0 13.586
0.046 0 0.046 0.019 0.003 0.022 12.564 0.005 12.566 13.916 0.004 13.918 13.847 0.001 13.845
0.047 0.002 0.049 0.021 0.003 0.024 12.453 0.006 12.456 13.339 0.002 13.338 13.155 0.001 13.153
0.049 0 0.049 0.021 0.00199999999999999 0.023 12.952 0.005 12.955 13.921 0.004 13.922 13.887 0 13.884
0.049 0.000999999999999994 0.05 0.019 0.005 0.024 12.721 0.005 12.724 13.582 0.006 13.585 13.541 0 13.538
0.045 0 0.045 0.018 0.004 0.022 12.068 0.00700000000000001 12.072 13.872 0.003 13.872 13.846 0 13.844
0.046 0.001 0.046 0.02 0.002 0.023 12.147 0.006 12.15 13.461 0.005 13.463 13.285 0.00199999999999999 13.284
0.049 0.00199999999999999 0.051 0.022 0.001 0.023 12.778 0.005 12.78 13.872 0.00600000000000001 13.875 13.409 0 13.406
0.05 0 0.05 0.021 0.003 0.023 12.864 0.005 12.868 13.864 0.003 13.863 13.851 0 13.848
0.05 0.001 0.051 0.021 0.002 0.023 12.786 0.008 12.791 13.755 0.004 13.757 13.746 0.00199999999999999 13.745
0.045 0.000999999999999994 0.046 0.021 0.003 0.024 11.65 0.007 11.655 12.972 0.009 12.977 12.925 0 12.922
0.045 0.001 0.046 0.021 0.002 0.022 11.941 0.01 11.949 13.354 0.006 13.356 13.361 0 13.358
0.044 0.002 0.046 0.019 0.003 0.022 12.593 0.00600000000000001 12.596 13.915 0.006 13.918 13.872 0 13.869
0.047 0.003 0.05 0.019 0.004 0.023 12.895 0.005 12.897 13.892 0.002 13.891 13.648 0 13.645
0.044 0.002 0.046 0.017 0.005 0.022 11.707 0.003 11.707 13.221 0.005 13.223 13.691 0 13.688
0.049 0.001 0.05 0.02 0.003 0.023 11.938 0.003 11.938 13.117 0.007 13.121 13.356 0 13.354
0.05 0.001 0.05 0.019 0.003 0.023 11.917 0.007 11.92 13.251 0.004 13.253 13.503 0 13.5
0.049 0.001 0.051 0.023 0 0.023 12.116 0.006 12.117 13.35 0.003 13.35 13.292 0 13.29
0.047 0.003 0.05 0.022 0.002 0.023 12.658 0.005 12.667 13.514 0.007 13.529 13.354 0 13.358
0.053 0 0.052 0.02 0.003 0.023 12.76 0.005 12.761 13.712 0.002 13.713 13.597 0.002 13.596
0.048 0.002 0.05 0.021 0.00199999999999999 0.023 12.911 0.021 12.953 13.867 0.013 13.897 13.88 0.01 13.908
0.048 0.002 0.05 0.019 0.004 0.024 12.94 0.005 12.942 13.906 0.002 13.905 13.874 0 13.87
0.048 0.002 0.05 0.021 0.00199999999999999 0.024 12.969 0.00600000000000001 12.972 14.034 0.003 14.034 13.931 0.001 13.929
0.043 0.003 0.046 0.021 0.002 0.022 11.978 0.003 11.977 13.584 0.006 13.587 14.006 0 14.005
0.049 0.001 0.05 0.018 0.005 0.023 12.975 0.005 12.978 14.061 0.009 14.067 13.973 0 13.969
0.044 0.001 0.046 0.019 0.003 0.022 12.078 0.005 12.078 13.727 0.003 13.728 13.663 0 13.661
0.05 0 0.05 0.023 0 0.022 12.751 0.003 12.752 13.821 0.005 13.824 13.325 0 13.322
0.051 0.002 0.053 0.02 0.003 0.024 12.901 0.006 12.904 13.774 0.00600000000000001 13.776 13.745 0 13.743
0.05 0 0.05 0.018 0.005 0.023 12.832 0.008 12.837 13.793 0.008 13.798 13.751 0 13.748
0.051 0 0.051 0.022 0.001 0.023 12.96 0.003 12.96 13.455 0.00700000000000001 13.459 13.277 0 13.274
0.042 0.003 0.046 0.022 0.001 0.022 12.314 0.003 12.314 14.186 0.008 14.192 14.121 0 14.118
0.049 0.001 0.051 0.022 0.002 0.023 13.345 0.006 13.35 14.359 0.003 14.357 13.797 0 13.794
0.052 0.00199999999999999 0.053 0.021 0.002 0.023 12.868 0.009 12.874 13.902 0.007 13.906 13.857 0 13.853
0.05 0.001 0.052 0.022 0.002 0.024 12.619 0.009 12.624 13.447 0.004 13.45 13.441 0 13.437
0.045 0.002 0.046 0.018 0.004 0.022 12.742 0.004 12.742 14.103 0.006 14.107 13.88 0 13.885
0.049 0.001 0.05 0.022 0.001 0.023 12.123 0.004 12.126 12.943 0.005 12.952 12.799 0 12.799
0.049 0.001 0.05 0.021 0.003 0.024 12.074 0.003 12.074 13.058 0.005 13.06 12.982 0.001 12.98
0.046 0 0.046 0.021 0.002 0.022 11.996 0.005 11.999 13.497 0.005 13.497 13.998 0 13.997
0.05 0.002 0.051 0.019 0.005 0.024 12.918 0.004 12.92 13.916 0.003 13.915 13.9 0 13.897
0.052 0 0.051 0.022 0.001 0.024 13.398 0.01 13.405 14.433 0.004 14.434 14.347 0 14.343
0.049 0 0.049 0.022 0.002 0.023 12.953 0.005 12.963 13.667 0.004 13.671 13.537 0 13.539
0.05 0 0.05 0.021 0.002 0.023 13.047 0.003 13.047 13.968 0.003 13.968 13.934 0.00199999999999999 13.933
0.05 0 0.05 0.019 0.004 0.023 12.83 0.003 12.83 13.884 0.005 13.886 13.886 0 13.883
0.049 0.00199999999999999 0.05 0.02 0.003 0.023 12.711 0.004 12.711 13.325 0.006 13.329 13.112 0 13.111
0.043 0.002 0.045 0.023 0 0.023 11.897 0.006 11.9 13.344 0.002 13.344 13.508 0 13.504
0.044 0.001 0.046 0.02 0.003 0.022 11.902 0.00600000000000001 11.905 13.333 0.006 13.337 13.253 0.001 13.251
0.043 0.002 0.046 0.019 0.004 0.022 12.476 0.004 12.476 14.256 0.006 14.259 13.327 0.001 13.327
0.05 0.005 0.054 0.017 0.00600000000000001 0.023 12.445 0.004 12.445 13.709 0.005 13.711 13.178 0 13.177
0.043 0.002 0.045 0.02 0.00199999999999999 0.023 12.081 0.005 12.082 13.869 0.007 13.875 13.827 0.001 13.824
0.051 0 0.051 0.02 0.003 0.023 12.888 0.011 12.897 13.954 0.00399999999999999 13.954 13.45 0 13.447
0.046 0 0.046 0.022 0 0.022 11.82 0.008 11.825 13.551 0.009 13.557 13.787 0.001 13.786
0.048 0.002 0.051 0.021 0.002 0.023 13.04 0.006 13.042 13.98 0.003 13.981 13.704 0.001 13.702
0.046 0 0.046 0.015 0.007 0.022 12.558 0.005 12.559 13.924 0.00899999999999999 13.931 13.851 0 13.848
0.049 0.002 0.051 0.021 0.003 0.024 12.656 0.005 12.658 13.458 0.006 13.462 13.294 0 13.291
0.046 0 0.045 0.02 0.002 0.023 12.049 0.004 12.049 13.595 0.007 13.599 14.052 0 14.051
0.046 0 0.045 0.018 0.005 0.024 11.523 0.00600000000000001 11.533 12.669 0.003 12.677 12.727 0.001 12.729
0.045 0.001 0.047 0.019 0.003 0.022 11.844 0.004 11.846 13.368 0.008 13.373 13.597 0.002 13.597
0.049 0.001 0.05 0.02 0.003 0.023 12.775 0.008 12.78 13.292 0.006 13.295 13.518 0 13.515
0.049 0.001 0.05 0.017 0.007 0.023 12.751 0.007 12.764 13.43 0.003 13.442 13.27 0.002 13.273
0.048 0.002 0.05 0.017 0.00600000000000001 0.023 12.737 0.007 12.74 13.848 0.007 13.853 13.728 0 13.728
0.05 0 0.05 0.019 0.004 0.023 12.814 0.004 12.815 13.77 0.005 13.772 13.737 0.001 13.736
0.05 0 0.049 0.019 0.005 0.024 12.67 0.007 12.674 13.516 0.006 13.52 13.491 0 13.488
0.045 0 0.045 0.019 0.003 0.023 11.952 0.013 11.961 13.282 0.011 13.291 13.252 0 13.248
0.051 0.001 0.051 0.019 0.004 0.023 12.37 0.00899999999999999 12.376 13.461 0.005 13.464 13.995 0 13.992
0.043 0.002 0.046 0.021 0.003 0.023 11.814 0.005 11.816 13.048 0.001 13.047 13.025 0 13.022
0.042 0.003 0.045 0.017 0.005 0.022 12.149 0.003 12.147 13.881 0.006 13.886 13.839 0 13.836
0.048 0.002 0.05 0.023 0 0.023 12.818 0.004 12.82 13.876 0.005 13.876 13.351 0 13.348
0.05 0.001 0.05 0.019 0.004 0.024 13.173 0.004 13.173 14.111 0.004 14.112 14.017 0 14.014
0.05 0.001 0.051 0.022 0.001 0.023 12.885 0.004 12.887 13.953 0.001 13.951 13.926 0.001 13.924
0.048 0.002 0.05 0.022 0.002 0.024 12.617 0.004 12.619 13.261 0.007 13.265 12.925 0 12.922
0.05 0 0.051 0.019 0.005 0.023 12.979 0.004 12.982 13.96 0.007 13.963 13.911 0.001 13.91
0.048 0.002 0.05 0.023 0 0.023 12.894 0.007 12.9 13.881 0.002 13.88 13.834 0.001 13.831
0.053 0.001 0.053 0.022 0.001 0.024 12.754 0.00199999999999999 12.761 13.55 0.005 13.56 13.39 0 13.391
0.05 0.00199999999999999 0.053 0.02 0.003 0.022 12.792 0.009 12.798 13.852 0.004 13.853 13.714 0 13.715
0.048 0.002 0.049 0.018 0.005 0.024 12.759 0.003 12.76 13.233 0.005 13.235 13.041 0 13.037
0.048 0.003 0.051 0.021 0.002 0.023 11.91 0.009 11.923 12.843 0.007 12.85 12.774 0 12.783
0.045 0 0.045 0.015 0.008 0.023 11.827 0.005 11.829 13.447 0.01 13.454 13.437 0 13.435
0.049 0.002 0.05 0.017 0.006 0.023 12.971 0.004 12.973 14.018 0.002 14.016 13.45 0 13.448
0.049 0.001 0.049 0.022 0.001 0.024 12.825 0.005 12.827 13.81 0.004 13.81 13.764 0.002 13.764
0.049 0.002 0.051 0.02 0.003 0.023 13.124 0.006 13.128 14.094 0.003 14.093 13.997 0 13.995
0.044 0.001 0.045 0.021 0.001 0.022 11.968 0.005 11.97 13.391 0.005 13.393 13.299 0.001 13.297
0.043 0.004 0.047 0.02 0.002 0.022 12.022 0.003 12.022 13.426 0.00199999999999999 13.425 13.327 0 13.325
0.049 0.001 0.051 0.019 0.004 0.022 12.658 0.01 12.665 13.686 0.007 13.69 13.822 0 13.82
0.049 0.001 0.05 0.022 0.001 0.022 12.47 0.01 12.477 13.453 0.007 13.457 13.389 0 13.386
0.05 0 0.05 0.017 0.00600000000000001 0.023 12.765 0.006 12.768 13.775 0.005 13.777 13.743 0 13.743
0.048 0.003 0.051 0.019 0.004 0.024 13.079 0.006 13.089 13.767 0.005 13.772 13.645 0.001 13.653
0.049 0.001 0.05 0.019 0.004 0.023 12.797 0.004 12.799 13.791 0.004 13.792 13.709 0 13.707
0.044 0.001 0.046 0.02 0.003 0.022 11.912 0.006 11.916 13.257 0.005 13.258 13.82 0 13.817
0.046 0 0.046 0.019 0.003 0.022 12.488 0.009 12.494 13.912 0.006 13.915 13.871 0 13.868
0.048 0.002 0.05 0.022 0.001 0.023 12.825 0.004 12.826 13.668 0.00899999999999999 13.674 13.418 0 13.415
0.05 0 0.05 0.021 0.00199999999999999 0.023 12.652 0.003 12.651 13.259 0.003 13.261 13.153 0 13.151
0.044 0.001 0.045 0.021 0.001 0.023 11.758 0.009 11.764 13.156 0.003 13.155 13.139 0 13.137
0.052 0 0.051 0.021 0.00199999999999999 0.023 12.778 0.00600000000000001 12.782 13.847 0.006 13.85 13.834 0.001 13.832
0.053 0.001 0.053 0.022 0 0.023 12.791 0.006 12.793 13.863 0.004 13.864 13.824 0.000999999999999994 13.822
0.046 0 0.046 0.021 0.002 0.022 11.874 0.003 11.874 13.219 0.005 13.22 13.205 0.001 13.203
0.049 0.000999999999999994 0.05 0.018 0.005 0.023 11.871 0.007 11.882 12.991 0.006 12.995 12.942 0.001 12.947
0.048 0.00199999999999999 0.05 0.021 0.002 0.023 12.087 0.003 12.087 13.214 0.007 13.219 13.288 0 13.286
0.046 0 0.046 0.02 0.00199999999999999 0.023 11.837 0.005 11.837 13.253 0.006 13.256 13.81 0.001 13.808
0.048 0.002 0.05 0.018 0.006 0.024 12.723 0.008 12.729 13.507 0.007 13.51 13.481 0 13.478
0.047 0.003 0.05 0.018 0.00600000000000001 0.024 12.626 0.006 12.629 13.509 0.008 13.515 13.475 0 13.472
0.053 0 0.053 0.023 0 0.023 12.977 0.003 12.985 13.504 0.007 13.511 13.344 0 13.347
0.052 0.001 0.052 0.021 0.002 0.023 12.89 0.01 12.897 13.859 0.003 13.86 13.805 0 13.802
0.049 0.001 0.05 0.018 0.005 0.023 12.766 0.005 12.768 13.798 0.002 13.797 13.748 0.001 13.746
0.048 0.003 0.051 0.021 0.002 0.023 12.959 0.004 12.96 13.915 0.003 13.915 13.856 0 13.853
0.049 0.001 0.05 0.021 0.002 0.023 12.797 0.003 12.798 13.294 0.00600000000000001 13.297 13.404 0.000999999999999994 13.403
0.046 0.002 0.049 0.022 0.001 0.024 12.818 0.009 12.824 13.76 0.003 13.761 13.741 0 13.738
0.044 0.000999999999999994 0.045 0.022 0.002 0.023 11.794 0.005 11.796 12.964 0.00199999999999999 12.964 13.21 0 13.207
0.048 0.003 0.051 0.017 0.00600000000000001 0.023 12.841 0.005 12.844 13.788 0.007 13.791 13.767 0.001 13.765
0.043 0.002 0.046 0.018 0.004 0.022 12.026 0.003 12.026 13.861 0.006 13.864 13.789 0 13.787
0.048 0.00199999999999999 0.05 0.02 0.003 0.023 12.835 0.005 12.837 13.671 0.005 13.673 13.2 0 13.197
0.049 0.001 0.051 0.023 0.001 0.023 12.972 0.006 12.976 13.967 0.008 13.972 13.948 0 13.944
0.051 0.002 0.053 0.019 0.004 0.023 12.981 0.004 12.981 14.044 0.006 14.047 13.99 0 13.986
0.043 0.003 0.047 0.02 0.002 0.022 12.474 0.009 12.479 13.885 0.004 13.887 13.839 0 13.836
0.05 0 0.051 0.019 0.004 0.022 12.884 0.009 12.89 14.012 0.007 14.016 13.703 0.001 13.701
0.043 0.002 0.045 0.018 0.005 0.022 11.833 0.005 11.835 13.227 0.005 13.229 13.189 0 13.186
0.048 0.002 0.05 0.02 0.004 0.024 11.625 0.003 11.631 12.642 0.011 12.658 12.702 0 12.703
0.048 0.002 0.051 0.02 0.003 0.023 11.999 0.00800000000000001 12.003 13.35 0.005 13.352 13.563 0 13.563
0.05 0 0.05 0.021 0.00199999999999999 0.023 12.745 0.004 12.746 13.222 0.006 13.225 13.138 0 13.135
0.049 0 0.049 0.02 0.004 0.023 12.769 0.008 12.781 13.572 0.00600000000000001 13.584 13.4 0 13.402
0.05 0.001 0.051 0.02 0.003 0.023 12.858 0.005 12.86 13.842 0.008 13.847 13.762 0 13.761
0.049 0.001 0.05 0.019 0.005 0.024 12.769 0.005 12.772 13.825 0.005 13.826 13.667 0.001 13.665
0.049 0.001 0.05 0.019 0.004 0.023 11.918 0.007 11.921 13.084 0.008 13.089 13.052 0 13.049
0.046 0.003 0.05 0.02 0.004 0.023 13.237 0.007 13.242 13.999 0.007 14.003 13.975 0 13.972
0.05 0 0.049 0.02 0.003 0.024 12.927 0.009 12.932 13.701 0.007 13.705 13.702 0 13.7
0.045 0.001 0.046 0.02 0.002 0.022 11.985 0.003 11.985 13.385 0.005 13.387 13.379 0 13.376
0.044 0.001 0.045 0.022 0 0.023 12.158 0.006 12.16 14.013 0.00600000000000001 14.016 13.969 0 13.967
0.046 0 0.046 0.019 0.004 0.023 12.026 0.008 12.032 13.521 0.001 13.518 13.377 0 13.374
0.048 0.002 0.05 0.019 0.004 0.023 12.754 0.004 12.755 13.894 0.005 13.896 13.348 0 13.345
0.05 0.001 0.051 0.02 0.003 0.023 12.824 0.006 12.827 13.797 0.004 13.798 13.772 0 13.77
0.051 0 0.05 0.02 0.003 0.023 13.147 0.005 13.15 14.075 0.004 14.075 14.026 0.001 14.024
0.045 0 0.045 0.016 0.008 0.024 11.692 0.003 11.692 12.973 0.005 12.975 12.892 0 12.89
0.046 0 0.047 0.021 0.002 0.022 11.869 0.006 11.873 13.168 0.005 13.17 13.132 0.001 13.13
0.048 0.001 0.049 0.02 0.004 0.024 12.992 0.005 12.995 13.943 0.003 13.942 13.913 0 13.91
0.049 0.001 0.051 0.02 0.004 0.023 13.099 0.006 13.102 14.072 0.003 14.072 14.02 0 14.018
0.046 0.003 0.05 0.019 0.004 0.023 12.235 0.004 12.235 13.264 0.006 13.267 13.232 0 13.229
0.05 0 0.05 0.018 0.006 0.024 11.944 0.007 11.954 12.695 0.006 12.701 12.676 0 12.679
0.05 0 0.051 0.022 0.002 0.023 12.487 0.009 12.494 13.654 0.005 13.658 13.714 0 13.719
0.042 0.003 0.046 0.02 0.003 0.022 11.9 0.005 11.902 13.28 0.002 13.279 13.436 0 13.434
0.049 0.002 0.051 0.024 0 0.023 12.832 0.004 12.841 13.542 0.006 13.549 13.415 0.001 13.419
0.051 0.001 0.052 0.019 0.004 0.023 12.878 0.005 12.88 13.966 0.004 13.967 13.897 0 13.893
0.047 0.003 0.051 0.021 0.002 0.023 12.828 0.004 12.829 13.814 0.005 13.817 13.795 0.003 13.794
0.05 0 0.051 0.023 0.001 0.023 13.083 0.007 13.087 14.05 0.012 14.059 14.011 0 14.008
0.044 0.002 0.046 0.019 0.004 0.022 11.871 0.004 11.872 13.238 0.003 13.239 13.786 0 13.783
0.049 0.00199999999999999 0.051 0.023 0.001 0.024 12.709 0.008 12.714 13.669 0.008 13.675 13.649 0.002 13.648
0.049 0.003 0.052 0.023 0 0.022 12.892 0.005 12.896 13.938 0.006 13.941 13.838 0.001 13.836
0.044 0 0.045 0.019 0.004 0.023 11.797 0.004 11.797 13.491 0.001 13.489 13.428 0.001 13.427
0.049 0.002 0.051 0.02 0.002 0.022 13.017 0.003 13.017 14.033 0.004 14.034 13.488 0 13.485
0.051 0 0.05 0.022 0.000999999999999994 0.023 12.902 0.004 12.904 13.925 0.005 13.927 13.894 0.001 13.892
0.052 0.001 0.053 0.022 0.001 0.023 13.826 0.006 13.829 14.838 0.004 14.838 14.55 0 14.547
0.052 0 0.052 0.02 0.003 0.023 12.891 0.005 12.894 13.969 0.00600000000000001 13.971 13.942 0 13.938
0.051 0 0.051 0.02 0.003 0.023 12.912 0.008 12.917 14.012 0.004 14.014 13.959 0.001 13.957
0.045 0.001 0.046 0.018 0.004 0.022 11.825 0.003 11.825 13.135 0.006 13.138 13.641 0 13.637
0.049 0 0.049 0.017 0.00600000000000001 0.023 12.781 0.003 12.782 13.872 0.004 13.872 13.862 0 13.859
0.05 0.001 0.05 0.02 0.003 0.023 12.797 0.005 12.801 13.823 0.005 13.825 13.807 0 13.804
0.044 0.001 0.045 0.017 0.006 0.023 11.86 0.005 11.862 13.473 0.001 13.471 14.012 0.001 14.011
0.046 0.003 0.05 0.022 0.001 0.023 11.811 0.007 11.821 12.888 0.007 12.894 12.991 0 12.995
0.048 0.003 0.051 0.019 0.003 0.023 12.078 0.006 12.08 13.212 0.00600000000000001 13.216 13.484 0 13.482
0.049 0.001 0.05 0.021 0.00199999999999999 0.023 12.09 0.00600000000000001 12.091 13.206 0.007 13.211 13.699 0.002 13.697
0.051 0 0.05 0.019 0.004 0.023 12.678 0.004 12.686 13.624 0.004 13.635 13.613 0 13.619
0.051 0.000999999999999994 0.052 0.021 0.002 0.023 12.911 0.003 12.911 13.903 0.004 13.904 13.789 0.002 13.787
0.047 0.00199999999999999 0.048 0.018 0.005 0.023 12.848 0.006 12.858 13.671 0.005 13.683 13.55 0 13.554
0.048 0.002 0.049 0.018 0.006 0.024 12.753 0.004 12.753 13.595 0.006 13.6 13.528 0.001 13.527
0.049 0.001 0.05 0.019 0.004 0.023 12.926 0.00700000000000001 12.931 13.932 0.005 13.935 13.802 0 13.799
0.05 0 0.049 0.02 0.003 0.023 12.806 0.006 12.81 13.244 0.00600000000000001 13.247 13.42 0.000999999999999994 13.418
0.046 0 0.046 0.02 0.002 0.022 11.996 0.005 11.998 13.416 0.002 13.414 13.788 0 13.787
0.045 0 0.044 0.021 0.002 0.024 11.773 0.006 11.775 12.994 0.004 12.996 12.968 0 12.964
0.05 0 0.05 0.021 0.002 0.023 12.376 0.006 12.379 13.629 0.004 13.631 13.487 0.001 13.485
0.043 0.002 0.045 0.017 0.00600000000000001 0.024 12.756 0.007 12.76 13.821 0.004 13.822 13.617 0.001 13.616
0.052 0 0.051 0.021 0.002 0.024 12.922 0.00600000000000001 12.926 13.836 0.004 13.837 13.805 0 13.801
0.05 0.002 0.052 0.02 0.004 0.024 12.727 0.004 12.727 13.521 0.002 13.521 13.511 0 13.508
0.049 0 0.049 0.018 0.006 0.024 12.386 0.006 12.387 12.896 0.003 12.897 12.845 0 12.842
0.045 0.004 0.05 0.021 0.002 0.023 12.771 0.006 12.775 13.319 0.008 13.324 13.553 0.001 13.551
0.05 0.002 0.052 0.017 0.006 0.023 13.132 0.004 13.133 14.095 0.004 14.096 14.069 0.001 14.067
0.049 0.003 0.051 0.018 0.005 0.023 12.928 0.00899999999999999 12.935 13.885 0.00700000000000001 13.889 13.893 0 13.89
0.045 0.001 0.045 0.02 0.002 0.023 11.803 0.006 11.805 13.127 0.008 13.133 13.074 0 13.071
0.05 0 0.05 0.019 0.004 0.023 12.201 0.006 12.21 13.113 0.003 13.115 13.044 0 13.05
0.05 0 0.05 0.022 0.001 0.023 12.229 0.008 12.234 13.142 0.008 13.146 13.234 0.002 13.237
0.049 0.001 0.049 0.021 0.00199999999999999 0.023 12.633 0.007 12.637 13.312 0.005 13.315 13.24 0 13.237
0.05 0.001 0.051 0.019 0.005 0.024 12.857 0.005 12.865 13.714 0.005 13.717 13.559 0.001 13.563
0.048 0.004 0.051 0.022 0.000999999999999994 0.023 12.859 0.00600000000000001 12.863 13.914 0.005 13.915 13.858 0 13.856
0.049 0.001 0.05 0.021 0.003 0.024 12.954 0.006 12.957 13.717 0.007 13.721 13.68 0.001 13.678
0.049 0.002 0.051 0.017 0.006 0.023 12.926 0.007 12.936 13.711 0.00800000000000001 13.719 13.535 0.001 13.546
0.047 0.00199999999999999 0.05 0.022 0.002 0.023 12.142 0.005 12.144 13.099 0.00600000000000001 13.102 13.052 0 13.049
0.046 0.003 0.05 0.018 0.006 0.023 12.492 0.003 12.491 13.145 0.01 13.153 13.107 0 13.104
0.045 0.001 0.046 0.019 0.003 0.023 11.892 0.005 11.892 13.139 0.002 13.139 13.075 0 13.072
0.045 0 0.046 0.02 0.00199999999999999 0.022 12.239 0.004 12.239 14.078 0.004 14.081 13.947 0.00199999999999999 13.946
0.048 0.003 0.051 0.021 0.00199999999999999 0.023 12.882 0.00700000000000001 12.886 13.962 0.006 13.965 13.471 0 13.468
0.046 0.002 0.048 0.02 0.00199999999999999 0.023 12.78 0.004 12.78 13.787 0.008 13.792 13.751 0.002 13.751
0.049 0.002 0.051 0.02 0.003 0.022 12.891 0.004 12.894 13.919 0.003 13.919 13.833 0 13.829
0.048 0.002 0.05 0.022 0.003 0.023 12.964 0.012 12.975 13.947 0.008 13.951 13.921 0 13.918
0.05 0.001 0.051 0.019 0.005 0.023 12.773 0.006 12.777 13.806 0.00600000000000001 13.809 13.795 0 13.792
0.044 0.001 0.045 0.02 0.00199999999999999 0.022 11.888 0.005 11.89 13.458 0.006 13.461 13.615 0.001 13.623
0.049 0.001 0.05 0.02 0.003 0.023 12.332 0.007 12.336 13.243 0.004 13.244 13.19 0.001 13.188
0.045 0 0.046 0.019 0.003 0.022 11.854 0.009 11.858 13.242 0.005 13.245 13.227 0 13.225
0.045 0 0.045 0.02 0.003 0.023 11.856 0.005 11.858 13.306 0.009 13.312 13.3 0.002 13.299
0.051 0 0.051 0.021 0.002 0.023 12.096 0.004 12.097 13.44 0.005 13.443 13.545 0 13.543
0.049 0.002 0.05 0.017 0.006 0.023 11.951 0.00600000000000001 11.961 13.058 0.006 13.064 13.068 0.001 13.072
0.043 0.002 0.045 0.019 0.005 0.023 11.649 0.002 11.647 12.955 0.004 12.956 13.011 0 13.009
0.044 0.002 0.045 0.023 0 0.023 11.935 0.007 11.938 13.348 0.005 13.351 13.437 0 13.433
0.047 0.00199999999999999 0.05 0.02 0.003 0.023 12.451 0.006 12.462 13.383 0.00600000000000001 13.395 13.256 0 13.259
0.049 0.001 0.05 0.02 0.004 0.024 12.921 0.00800000000000001 12.925 13.732 0.006 13.736 13.577 0.00199999999999999 13.58
0.048 0.002 0.05 0.016 0.008 0.024 12.723 0.005 12.725 13.45 0.006 13.46 13.214 0.001 13.219
0.045 0 0.045 0.019 0.003 0.022 11.793 0.00700000000000001 11.796 13.349 0.008 13.354 13.698 0 13.695
0.047 0.003 0.05 0.023 0.001 0.024 12.683 0.005 12.685 13.513 0.005 13.516 13.523 0 13.52
0.052 0.001 0.053 0.02 0.003 0.023 12.689 0.003 12.688 13.627 0.004 13.629 13.569 0 13.565
0.045 0.001 0.046 0.02 0.003 0.022 12.198 0.000999999999999994 12.196 14.074 0.005 14.077 13.965 0.001 13.963
0.048 0.002 0.05 0.022 0.002 0.024 12.705 0.006 12.707 13.529 0.007 13.534 13.136 0 13.133
0.046 0.004 0.05 0.021 0.003 0.024 12.573 0.003 12.572 13.445 0.005 13.449 13.412 0 13.409
0.05 0.000999999999999994 0.051 0.018 0.005 0.023 12.96 0.006 12.963 13.838 0.006 13.842 13.79 0 13.786
0.044 0.002 0.045 0.019 0.003 0.022 11.889 0.01 11.895 13.251 0.006 13.254 13.215 0 13.213
0.045 0.001 0.047 0.022 0.001 0.022 11.81 0.006 11.814 13.2 0.005 13.203 13.174 0 13.17
0.045 0.001 0.046 0.019 0.003 0.022 11.894 0.004 11.895 13.246 0.007 13.251 13.221 0 13.217
0.05 0.001 0.052 0.021 0.00199999999999999 0.022 12.833 0.00700000000000001 12.837 13.88 0.008 13.886 13.827 0.000999999999999994 13.824
0.048 0.002 0.05 0.021 0.004 0.024 12.741 0.00600000000000001 12.745 13.74 0.00199999999999999 13.739 13.743 0.002 13.741
0.047 0.003 0.05 0.021 0.002 0.023 12.998 0.008 13.002 13.53 0.003 13.538 13.118 0 13.117
0.05 0 0.05 0.018 0.006 0.024 11.667 0.002 11.673 12.695 0.004 12.699 12.688 0 12.696
0.05 0.000999999999999994 0.051 0.023 0 0.023 12.158 0.004 12.159 13.34 0.004 13.342 13.506 0.000999999999999994 13.506
0.047 0.003 0.05 0.017 0.006 0.023 12.025 0.006 12.029 13.269 0.005 13.271 13.474 0.002 13.471
0.048 0.002 0.05 0.022 0.002 0.024 11.875 0.003 11.875 12.974 0.007 12.978 13.117 0 13.113
0.048 0.002 0.05 0.022 0.001 0.023 12.897 0.009 12.903 13.897 0.005 13.899 13.744 0.002 13.744
0.049 0.001 0.05 0.019 0.004 0.023 12.84 0.004 12.848 13.6 0.008 13.607 13.458 0 13.465
0.05 0.001 0.051 0.021 0.003 0.023 13.037 0.005 13.041 14.028 0.004 14.028 13.893 0.001 13.892
0.051 0.000999999999999994 0.052 0.019 0.005 0.024 12.385 0.006 12.394 13.094 0.006 13.1 12.933 0 12.945
0.05 0 0.05 0.019 0.004 0.023 12.928 0.007 12.933 13.605 0.00699999999999999 13.609 13.27 0 13.266
0.045 0.001 0.045 0.019 0.003 0.023 11.846 0.00600000000000001 11.849 13.22 0.007 13.224 13.202 0.000999999999999994 13.2
0.045 0.001 0.046 0.019 0.003 0.022 11.738 0.007 11.749 12.958 0.008 12.965 12.805 0 12.814
0.049 0.004 0.053 0.019 0.004 0.023 13.244 0.003 13.244 14.245 0.01 14.252 14.016 0 14.02
0.049 0.00199999999999999 0.051 0.018 0.005 0.023 13.096 0.005 13.098 14.07 0.00600000000000001 14.072 14.001 0 14
0.045 0.001 0.045 0.017 0.005 0.023 12.02 0.001 12.017 13.708 0.006 13.712 13.685 0 13.681
0.049 0.001 0.05 0.021 0.002 0.023 12.816 0.007 12.82 13.781 0.006 13.785 13.284 0 13.28
0.047 0.002 0.05 0.016 0.007 0.023 12.823 0.006 12.826 13.863 0.003 13.862 13.8 0 13.797
0.049 0.00199999999999999 0.05 0.018 0.00600000000000001 0.024 12.667 0.004 12.667 13.474 0.005 13.478 13.477 0 13.473
0.044 0.001 0.046 0.023 0.001 0.023 12.235 0.002 12.233 13.556 0.007 13.56 13.518 0 13.517
0.05 0.001 0.051 0.02 0.004 0.023 13.237 0.004 13.24 14.604 0.00899999999999999 14.61 14.202 0 14.198
0.045 0 0.045 0.022 0.001 0.023 11.665 0.005 11.667 12.987 0.004 12.988 12.923 0.001 12.921
0.048 0.00199999999999999 0.05 0.021 0.002 0.023 11.975 0.001 11.979 12.837 0.006 12.844 12.832 0.001 12.836
0.05 0.000999999999999994 0.05 0.017 0.00700000000000001 0.024 12.163 0.00199999999999999 12.162 13.322 0.003 13.323 13.455 0.001 13.453
0.048 0.002 0.05 0.019 0.004 0.023 12.109 0.005 12.11 13.231 0.006 13.234 13.324 0 13.321
0.049 0.002 0.051 0.019 0.004 0.023 12.371 0.006 12.374 13.513 0.004 13.514 13.619 0 13.616
0.051 0 0.05 0.019 0.003 0.023 12.836 0.007 12.84 13.554 0.008 13.57 13.41 0 13.414
0.05 0 0.05 0.019 0.005 0.023 12.906 0.008 12.913 13.879 0.004 13.879 13.838 0.003 13.839
0.049 0.001 0.05 0.019 0.005 0.023 12.981 0.004 12.983 13.826 0.004 13.835 13.708 0 13.711
0.047 0 0.047 0.02 0.002 0.022 11.934 0.005 11.935 13.41 0.00199999999999999 13.408 13.536 0 13.535
0.047 0 0.047 0.019 0.003 0.022 11.82 0.00800000000000001 11.825 13.181 0.00799999999999999 13.185 13.146 0 13.144
0.045 0.001 0.046 0.017 0.006 0.023 11.77 0.006 11.773 12.979 0.008 12.985 12.976 0 12.973
0.044 0.002 0.045 0.021 0.001 0.023 12.192 0.004 12.193 14.095 0.009 14.102 13.997 0 13.993
0.043 0.004 0.048 0.019 0.003 0.022 12.234 0.031 12.284 13.321 0.016 13.344 13.139 0.011 13.157
0.048 0.002 0.05 0.018 0.006 0.025 12.537 0.003 12.536 13.348 0.003 13.349 12.99 0.000999999999999994 12.987
0.049 0.001 0.05 0.016 0.007 0.023 12.731 0.006 12.733 13.697 0.007 13.702 13.693 0 13.69
0.05 0.000999999999999994 0.051 0.021 0.002 0.023 12.761 0.005 12.764 13.789 0.007 13.793 13.752 0 13.749
0.044 0.001 0.045 0.02 0.003 0.023 11.841 0.003 11.841 13.239 0.006 13.242 13.223 0 13.221
0.044 0.00199999999999999 0.046 0.021 0.002 0.023 12.184 0.003 12.184 13.417 0.009 13.423 13.407 0 13.404
0.046 0 0.046 0.018 0.005 0.022 12.439 0.013 12.459 13.807 0.015 13.827 13.8 0.004 13.806
0.05 0.001 0.051 0.019 0.004 0.023 12.784 0.007 12.788 13.804 0.003 13.804 13.562 0 13.559
0.044 0.002 0.046 0.018 0.004 0.022 11.728 0.00600000000000001 11.73 13.29 0.003 13.289 13.783 0 13.78
0.05 0 0.051 0.02 0.003 0.023 11.876 0.006 11.878 13.127 0.00600000000000001 13.131 13.33 0.003 13.331
0.049 0.001 0.05 0.02 0.003 0.023 11.749 0.00799999999999999 11.759 12.927 0.004 12.937 12.998 0 13
0.048 0.002 0.05 0.02 0.003 0.023 12.051 0.008 12.057 13.315 0.006 13.317 13.605 0 13.602
0.049 0.001 0.05 0.02 0.003 0.023 12.005 0.00600000000000001 12.007 13.237 0.005 13.239 13.488 0 13.485
0.05 0 0.051 0.022 0.00199999999999999 0.023 12.66 0.005 12.668 13.458 0.004 13.461 13.294 0 13.299
0.049 0.002 0.051 0.019 0.004 0.024 12.861 0.005 12.863 13.859 0.003 13.858 13.726 0.002 13.727
0.049 0.002 0.051 0.02 0.003 0.023 12.734 0.009 12.739 13.893 0 13.891 13.814 0 13.814
0.047 0.003 0.05 0.021 0.002 0.023 12.751 0.003 12.759 13.578 0.00600000000000001 13.59 13.34 0 13.342
0.043 0.003 0.046 0.02 0.002 0.022 11.89 0.000999999999999994 11.888 13.278 0.00600000000000001 13.281 13.507 0 13.504
0.05 0 0.05 0.02 0.003 0.024 12.146 0.006 12.148 13.269 0.002 13.268 13.503 0 13.501
0.043 0.002 0.045 0.022 0.000999999999999994 0.023 12.147 0.01 12.153 14.071 0.003 14.072 13.962 0.001 13.96
0.049 0.001 0.05 0.022 0.001 0.023 13.057 0.00899999999999999 13.063 13.996 0.00700000000000001 14 13.52 0 13.517
0.05 0.002 0.051 0.02 0.003 0.023 12.844 0.01 12.851 13.773 0.006 13.777 13.757 0 13.754
0.05 0.003 0.052 0.018 0.005 0.024 12.632 0.003 12.631 13.504 0.006 13.509 13.532 0 13.529
0.048 0.00199999999999999 0.051 0.018 0.005 0.023 12.947 0.003 12.948 13.383 0.005 13.385 13.193 0 13.19
0.05 0.000999999999999994 0.051 0.022 0.002 0.024 12.78 0.004 12.782 13.599 0.004 13.6 13.541 0 13.538
0.049 0.001 0.05 0.019 0.004 0.023 12.904 0.01 12.911 13.761 0.004 13.762 13.723 0 13.719
0.044 0.002 0.046 0.022 0 0.022 12.085 0.008 12.09 13.497 0.005 13.499 13.649 0 13.647
0.049 0.00199999999999999 0.051 0.021 0.002 0.023 12.735 0.004 12.735 13.83 0.006 13.834 13.799 0.001 13.798
0.05 0.001 0.051 0.018 0.005 0.023 12.855 0.005 12.857 13.949 0.007 13.952 13.881 0.000999999999999994 13.879
0.049 0.001 0.05 0.02 0.003 0.023 12.165 0.005 12.167 13.124 0.002 13.123 13.235 0 13.233
0.048 0.00199999999999999 0.05 0.022 0.001 0.023 12.103 0.004 12.11 12.947 0.000999999999999994 12.947 12.964 0.001 12.967
0.05 0 0.05 0.02 0.003 0.023 12.174 0.006 12.176 13.227 0.006 13.23 13.359 0 13.355
0.049 0.002 0.051 0.021 0.002 0.023 12.458 0.007 12.461 13.484 0.008 13.49 13.656 0 13.653
0.048 0.001 0.049 0.021 0.00199999999999999 0.023 12.984 0.008 12.998 13.701 0.007 13.707 13.539 0 13.543
0.047 0.003 0.05 0.02 0.003 0.023 12.624 0.007 12.628 13.655 0.003 13.656 13.603 0 13.599
0.048 0.002 0.049 0.021 0.003 0.025 12.418 0.005 12.42 13.275 0.005 13.282 13.085 0 13.09
0.048 0.002 0.05 0.02 0.003 0.023 12.794 0.003 12.794 13.791 0.001 13.789 13.983 0 13.98
0.05 0 0.05 0.021 0.00199999999999999 0.023 12.281 0.007 12.285 13.288 0.003 13.288 13.423 0 13.419
0.046 0 0.045 0.02 0.00199999999999999 0.023 11.835 0.00700000000000001 11.849 13.287 0.008 13.293 13.244 0 13.241
0.044 0.001 0.045 0.021 0.001 0.022 11.886 0.008 11.891 13.283 0.006 13.286 13.231 0 13.228
0.05 0.00199999999999999 0.051 0.016 0.00700000000000001 0.024 12.621 0.006 12.623 13.764 0.009 13.772 14.127 0 14.123
0.045 0.001 0.046 0.017 0.005 0.022 12.545 0.004 12.546 13.658 0.004 13.661 14.055 0 14.052
0.043 0.001 0.045 0.022 0.001 0.023 11.653 0.004 11.654 12.861 0.00800000000000001 12.866 12.862 0 12.859
0.05 0.003 0.052 0.021 0.002 0.023 12.962 0.00899999999999999 12.969 13.966 0.004 13.966 13.911 0 13.908
0.05 0 0.051 0.019 0.004 0.023 12.808 0.005 12.809 13.836 0.005 13.838 13.786 0 13.783
0.05 0 0.049 0.019 0.004 0.023 12.806 0.003 12.806 13.818 0.00700000000000001 13.823 13.785 0 13.781
0.048 0.002 0.049 0.02 0.004 0.025 12.728 0.005 12.729 13.557 0.004 13.559 13.53 0 13.527
0.048 0.001 0.049 0.022 0.00199999999999999 0.023 13.071 0.005 13.075 14.018 0.003 14.018 13.904 0 13.9
0.048 0.002 0.05 0.018 0.005 0.023 12.776 0.006 12.779 13.602 0.002 13.601 13.583 0 13.58
0.045 0.006 0.051 0.022 0.001 0.023 12.06 0.005 12.069 13.198 0.008 13.21 13.311 0 13.313
0.048 0.00199999999999999 0.05 0.021 0.002 0.023 12.108 0.004 12.109 13.354 0.005 13.356 13.575 0 13.575
0.05 0 0.05 0.021 0.002 0.023 12.057 0.008 12.062 13.187 0.003 13.187 13.457 0 13.453
0.049 0.001 0.05 0.02 0.003 0.023 12.574 0.007 12.577 13.642 0.004 13.643 13.959 0 13.955
0.049 0 0.049 0.019 0.004 0.023 12.739 0.008 12.749 13.562 0.003 13.565 13.413 0 13.419
0.049 0.002 0.051 0.024 0 0.023 13.134 0.00899999999999999 13.14 14.133 0.002 14.133 13.942 0 13.939
0.05 0.001 0.051 0.021 0.003 0.023 12.741 0.009 12.747 13.789 0.006 13.793 13.692 0 13.69
0.047 0.003 0.05 0.017 0.007 0.024 12.438 0.002 12.445 13.183 0.007 13.196 13.047 0 13.05
0.048 0.002 0.05 0.023 0 0.023 12.307 0.007 12.31 13.289 0.002 13.289 13.574 0 13.572
0.05 0.001 0.051 0.021 0.002 0.023 12.157 0.003 12.157 13.302 0.00600000000000001 13.305 13.513 0.00199999999999999 13.513
0.044 0.001 0.044 0.018 0.005 0.024 11.847 0.005 11.849 13.403 0.007 13.406 13.361 0 13.358
0.05 0 0.05 0.019 0.004 0.023 12.784 0.004 12.785 13.653 0.00799999999999999 13.659 13.167 0 13.164
0.05 0.001 0.052 0.021 0.003 0.023 12.749 0.005 12.752 13.789 0.007 13.792 13.784 0.001 13.782
0.052 0 0.051 0.022 0.001 0.023 13.096 0.004 13.098 14.039 0.003 14.039 13.949 0 13.945
0.045 0 0.045 0.02 0.003 0.024 11.678 0.004 11.678 12.975 0.005 12.978 13.29 0 13.286
0.048 0.002 0.05 0.022 0.002 0.024 13.042 0.00799999999999999 13.048 14.128 0.003 14.126 13.996 0.002 13.995
0.049 0.002 0.051 0.021 0.002 0.023 12.955 0.008 12.96 13.951 0.007 13.955 13.9 0.001 13.898
0.048 0.001 0.049 0.02 0.003 0.022 12.897 0.006 12.901 13.968 0.006 13.971 13.942 0 13.939
0.051 0 0.05 0.023 0 0.023 12.978 0.007 12.982 13.941 0.005 13.944 13.861 0.001 13.859
0.049 0.001 0.05 0.02 0.004 0.023 12.613 0.007 12.617 13.728 0.004 13.729 13.701 0 13.699
0.05 0.000999999999999994 0.051 0.022 0.001 0.023 12.423 0.00700000000000001 12.427 13.471 0.003 13.471 13.654 0 13.652
0.05 0.001 0.05 0.02 0.004 0.024 12.403 0.00700000000000001 12.413 13.091 0.003 13.094 13.14 0 13.143
0.048 0.002 0.05 0.019 0.004 0.023 12.335 0.006 12.337 13.326 0.005 13.328 13.484 0 13.481
0.05 0.001 0.051 0.019 0.004 0.023 12.8 0.00600000000000001 12.803 13.639 0.003 13.639 13.932 0 13.929
0.048 0.002 0.051 0.018 0.006 0.023 12.912 0.004 12.915 13.977 0.004 13.978 13.883 0.001 13.88
0.046 0.003 0.05 0.021 0.003 0.023 12.849 0.003 12.858 13.534 0.00600000000000001 13.541 13.355 0.000999999999999994 13.359
0.049 0.001 0.05 0.018 0.006 0.024 12.839 0.007 12.845 13.43 0.003 13.435 13.3 0.001 13.306
0.049 0.001 0.051 0.023 0.001 0.023 12.599 0.007 12.603 13.522 0.002 13.523 13.789 0 13.786
0.048 0.002 0.05 0.02 0.003 0.023 12.245 0.007 12.248 13.082 0.004 13.084 13.242 0 13.239
0.045 0 0.045 0.022 0.001 0.023 11.849 0.003 11.849 13.263 0.006 13.266 13.228 0 13.225
0.043 0.002 0.045 0.02 0.003 0.023 12.409 0.004 12.409 13.625 0.006 13.629 13.589 0.001 13.587
0.049 0.001 0.05 0.023 0 0.023 12.812 0.006 12.816 13.846 0.001 13.845 13.561 0 13.557
0.05 0.001 0.051 0.021 0.002 0.023 12.713 0.007 12.716 13.733 0.006 13.738 13.722 0 13.719
0.051 0 0.051 0.018 0.004 0.023 12.878 0.006 12.882 13.869 0.009 13.874 13.808 0 13.806
0.041 0.005 0.046 0.017 0.005 0.022 12.006 0.004 12.007 13.476 0.004 13.478 13.426 0 13.422
0.047 0.001 0.047 0.016 0.00600000000000001 0.023 11.963 0.008 11.967 13.372 0.005 13.375 13.287 0 13.284
0.044 0.002 0.046 0.017 0.005 0.022 11.952 0.006 11.955 13.412 0.003 13.412 13.333 0 13.33
0.048 0.001 0.049 0.018 0.005 0.023 12.437 0.003 12.437 13.339 0.006 13.342 13.28 0 13.277
0.046 0.003 0.048 0.022 0.002 0.024 12.68 0.001 12.679 13.584 0.002 13.585 13.581 0 13.577
0.05 0.001 0.051 0.02 0.003 0.023 12.768 0.007 12.771 13.792 0.005 13.795 13.697 0 13.695
0.049 0.001 0.05 0.02 0.003 0.023 12 0.004 12.007 13.028 0.004 13.036 13.022 0 13.024
0.049 0.001 0.051 0.022 0.00199999999999999 0.023 12.015 0.009 12.021 13.25 0.002 13.25 13.314 0 13.312
0.049 0.000999999999999994 0.049 0.02 0.003 0.023 12.058 0.002 12.057 13.259 0.008 13.263 13.441 0.001 13.439
0.051 0 0.051 0.02 0.004 0.023 12.456 0.004 12.456 13.52 0.005 13.523 13.753 0.001 13.75
0.045 0.004 0.049 0.021 0.003 0.024 12.608 0.00600000000000001 12.617 13.262 0.004 13.264 13.116 0 13.123
0.05 0.001 0.051 0.02 0.003 0.023 13.314 0.00600000000000001 13.316 14.338 0.005 14.34 14.033 0 14.031
0.05 0.001 0.051 0.022 0.00199999999999999 0.023 12.77 0.007 12.784 13.665 0.00600000000000001 13.676 13.482 0.001 13.485
0.05 0.002 0.052 0.02 0.003 0.023 12.872 0.005 12.874 13.828 0.003 13.828 13.699 0 13.705
0.048 0.002 0.051 0.02 0.003 0.022 12.262 0.005 12.262 13.431 0.011 13.44 13.498 0 13.496
0.05 0.001 0.051 0.023 0 0.023 12.224 0.005 12.227 13.336 0.007 13.339 13.503 0 13.501
0.044 0.002 0.045 0.018 0.004 0.022 11.808 0.003 11.807 13.167 0.006 13.172 13.647 0 13.642
0.043 0.003 0.046 0.021 0.001 0.022 12.438 0.005 12.44 13.905 0.005 13.908 13.891 0.001 13.888
0.051 0 0.05 0.017 0.005 0.023 12.732 0.00899999999999999 12.737 13.815 0.004 13.817 13.595 0 13.592
0.044 0.00199999999999999 0.045 0.02 0.002 0.022 12.96 0.011 12.968 13.987 0.006 13.99 13.96 0 13.957
0.049 0.001 0.05 0.02 0.003 0.023 12.677 0.004 12.677 13.67 0.007 13.675 13.65 0 13.647
0.046 0 0.045 0.018 0.004 0.023 12.48 0.002 12.479 14.384 0.003 14.384 14.361 0.001 14.359
0.049 0.001 0.05 0.019 0.004 0.023 12.983 0.004 12.984 13.994 0.005 13.996 13.534 0 13.531
0.048 0.003 0.05 0.018 0.005 0.023 12.987 0.002 12.988 13.959 0.004 13.96 13.866 0.002 13.864
0.049 0.00199999999999999 0.051 0.021 0.002 0.023 12.889 0.007 12.893 13.903 0.003 13.903 13.888 0.001 13.887
0.045 0.000999999999999997 0.046 0.02 0.002 0.022 11.825 0.006 11.828 13.182 0.004 13.183 13.133 0.001 13.132
0.049 0.002 0.05 0.018 0.005 0.024 12.064 0.006 12.074 13.11 0.00700000000000001 13.116 13.3 0.005 13.312
0.049 0.000999999999999994 0.051 0.022 0.002 0.023 12.146 0.004 12.147 13.334 0.003 13.335 13.647 0 13.645
0.049 0 0.05 0.022 0.001 0.023 12.121 0.005 12.123 13.169 0.01 13.175 13.44 0.001 13.438
0.05 0.001 0.05 0.02 0.003 0.023 12.158 0.007 12.161 13.224 0.005 13.226 13.523 0 13.519
0.049 0.000999999999999994 0.049 0.018 0.005 0.023 12.949 0.003 12.958 13.7 0.005 13.705 13.545 0 13.55
0.049 0.000999999999999994 0.05 0.017 0.00700000000000001 0.023 12.661 0.006 12.665 13.425 0.007 13.43 13.442 0 13.438
0.05 0 0.05 0.021 0.003 0.024 13.111 0.005 13.113 13.998 0.007 14.008 13.781 0 13.78
0.047 0.003 0.05 0.019 0.004 0.023 11.937 0.003 11.937 13.217 0.006 13.22 13.496 0 13.493
0.051 0 0.051 0.02 0.003 0.023 12.333 0.005 12.334 13.443 0.007 13.447 13.835 0 13.833
0.045 0 0.045 0.02 0.002 0.022 11.816 0.00799999999999999 11.82 13.221 0.005 13.224 13.459 0.001 13.456
0.045 0 0.046 0.018 0.004 0.022 12.203 0.007 12.206 14.175 0.002 14.175 14.047 0.001 14.045
0.043 0.003 0.046 0.019 0.003 0.022 12.159 0.004 12.16 13.587 0.00600000000000001 13.59 13.399 0 13.397
0.049 0.00199999999999999 0.05 0.022 0.001 0.023 13.012 0.004 13.014 14.015 0.004 14.016 13.548 0 13.545
0.051 0 0.05 0.021 0.00199999999999999 0.023 12.909 0.001 12.908 13.83 0.00600000000000001 13.832 13.807 0.001 13.806
0.052 0 0.051 0.021 0.00199999999999999 0.023 12.734 0.005 12.736 13.682 0.003 13.683 13.686 0 13.683
0.046 0 0.046 0.02 0.004 0.023 11.872 0.002 11.872 12.98 0.005 12.982 12.969 0.001 12.968
0.042 0.004 0.045 0.021 0.001 0.023 11.911 0.008 11.916 13.389 0.005 13.391 13.302 0 13.299
0.047 0.002 0.05 0.017 0.007 0.024 12.455 0.008 12.459 12.914 0.003 12.914 12.861 0 12.858
0.046 0.003 0.05 0.02 0.004 0.023 12.785 0.007 12.79 13.649 0.00600000000000001 13.653 13.605 0 13.601
0.048 0.002 0.05 0.021 0.002 0.023 12.386 0.004 12.386 13.242 0.00600000000000001 13.245 13.232 0 13.23
0.05 0 0.05 0.02 0.003 0.023 12.373 0.007 12.378 13.095 0.002 13.1 13.048 0 13.052
0.048 0.001 0.05 0.018 0.005 0.024 12.264 0.003 12.263 13.025 0.006 13.029 13.172 0 13.17
0.049 0.001 0.05 0.02 0.004 0.023 12.475 0.009 12.482 13.413 0.005 13.414 13.587 0.001 13.586
0.05 0.001 0.05 0.021 0.003 0.024 12.248 0.005 12.25 12.93 0.002 12.928 13.057 0.001 13.056
0.049 0.000999999999999994 0.051 0.019 0.005 0.023 12.91 0.008 12.921 13.819 0.007 13.825 13.628 0 13.635
0.047 0.004 0.051 0.023 0.001 0.023 12.846 0.004 12.848 13.925 0.007 13.929 13.883 0 13.881
0.042 0.003 0.046 0.021 0.002 0.022 11.771 0.005 11.774 12.953 0.006 12.965 12.825 0.001 12.829
0.05 0 0.05 0.019 0.004 0.023 12.356 0.002 12.354 13.26 0.006 13.264 13.394 0 13.391
0.048 0.003 0.051 0.022 0.001 0.023 12.441 0.008 12.446 13.357 0.007 13.362 13.528 0.002 13.527
0.05 0 0.05 0.021 0.002 0.023 12.219 0.005 12.22 13.089 0.004 13.09 13.057 0 13.054
0.044 0.000999999999999994 0.045 0.021 0.001 0.023 11.948 0.006 11.95 13.839 0.00600000000000001 13.842 13.786 0 13.785
0.05 0 0.051 0.019 0.004 0.022 12.887 0.005 12.891 13.977 0.006 13.979 13.402 0 13.399
0.052 0 0.052 0.017 0.006 0.023 12.765 0.007 12.77 13.837 0.008 13.841 13.838 0.001 13.837
0.049 0.00199999999999999 0.05 0.02 0.003 0.023 12.91 0.003 12.911 13.914 0.006 13.918 13.86 0 13.857
0.043 0.002 0.045 0.018 0.006 0.024 11.733 0.004 11.733 12.974 0.00600000000000001 12.978 13.153 0.001 13.151
0.042 0.004 0.046 0.021 0.001 0.022 11.972 0.00899999999999999 11.978 13.368 0.00700000000000001 13.372 13.522 0 13.519
0.05 0.001 0.05 0.021 0.00199999999999999 0.024 12.919 0.00600000000000001 12.922 13.937 0.004 13.937 13.878 0 13.876
0.048 0.00199999999999999 0.05 0.021 0.002 0.023 12.751 0.004 12.752 13.752 0.006 13.755 13.726 0 13.723
0.044 0.002 0.046 0.02 0.002 0.022 12.083 0.005 12.083 13.802 0.00600000000000001 13.805 14.096 0 14.094
0.045 0.001 0.046 0.018 0.004 0.023 12.102 0.005 12.103 13.442 0.007 13.446 13.389 0 13.386
0.047 0.003 0.051 0.02 0.003 0.023 12.083 0.005 12.09 12.962 0.008 12.97 13.012 0 13.016
0.048 0.002 0.05 0.017 0.006 0.023 12.019 0.004 12.02 13.163 0.002 13.162 13.335 0.003 13.334
0.047 0.00199999999999999 0.05 0.02 0.003 0.023 11.897 0.008 11.902 13.079 0.003 13.078 13.237 0.001 13.235
0.049 0.001 0.051 0.022 0.001 0.023 12.064 0.007 12.067 13.243 0.005 13.245 13.429 0.001 13.427
0.049 0.001 0.05 0.015 0.009 0.023 12.705 0.006 12.707 13.542 0.007 13.548 13.529 0 13.525
0.048 0.004 0.053 0.02 0.003 0.022 12.903 0.005 12.914 13.588 0.007 13.595 13.439 0 13.443
0.044 0.001 0.045 0.02 0.004 0.024 11.5 0.004 11.509 12.635 0.003 12.646 12.873 0 12.877
0.05 0.001 0.05 0.02 0.003 0.023 13.016 0.003 13.017 14.135 0.007 14.141 13.823 0 13.825
0.05 0.001 0.05 0.019 0.004 0.023 12.062 0.007 12.066 13.256 0.00800000000000001 13.261 13.433 0 13.431
0.049 0.001 0.05 0.019 0.005 0.023 12.247 0.006 12.251 13.487 0.003 13.486 13.677 0 13.675
0.042 0.003 0.045 0.021 0.002 0.024 11.875 0.005 11.876 13.108 0.005 13.111 13.043 0.001 13.04
0.048 0.000999999999999994 0.049 0.021 0.004 0.024 12.248 0.004 12.25 13.425 0.003 13.424 13.373 0 13.371
0.043 0.002 0.046 0.017 0.00600000000000001 0.022 12.725 0.00799999999999999 12.729 13.646 0.00600000000000001 13.651 13.841 0 13.838
0.051 0 0.051 0.02 0.004 0.023 12.122 0.003 12.126 12.991 0.009 13.001 12.968 0 12.968
0.051 0.003 0.053 0.02 0.003 0.023 12.255 0.006 12.258 13.337 0.005 13.339 13.492 0 13.49
0.046 0.004 0.051 0.02 0.003 0.023 12.881 0.003 12.882 13.976 0.004 13.975 13.909 0 13.907
0.052 0.002 0.053 0.018 0.006 0.025 12.748 0.00800000000000001 12.751 13.57 0.01 13.579 13.588 0 13.585
0.05 0 0.049 0.018 0.006 0.024 12.55 0.003 12.55 13.283 0.007 13.287 12.948 0 12.945
0.051 0.002 0.053 0.018 0.005 0.023 13.261 0.004 13.263 14.237 0.00799999999999999 14.243 14.213 0.001 14.21
0.05 0.001 0.05 0.021 0.002 0.023 12.984 0.006 12.988 13.946 0.008 13.951 13.893 0 13.89
0.048 0.002 0.05 0.021 0.00199999999999999 0.023 12.051 0.00600000000000001 12.06 13.14 0.006 13.153 13.154 0 13.155
0.049 0.001 0.051 0.018 0.005 0.023 12.065 0.005 12.066 13.282 0.004 13.284 13.375 0 13.374
0.049 0.003 0.051 0.021 0.002 0.023 12.364 0.007 12.369 13.488 0.006 13.49 13.656 0 13.653
0.05 0.002 0.052 0.022 0.001 0.023 12.15 0.003 12.149 13.345 0.002 13.344 13.446 0 13.443
0.051 0.002 0.054 0.021 0.003 0.023 13.007 0.00600000000000001 13.019 13.766 0.00899999999999999 13.775 13.619 0 13.625
0.05 0.003 0.053 0.017 0.00600000000000001 0.022 12.878 0.003 12.88 13.815 0.007 13.818 13.782 0 13.781
0.048 0.002 0.05 0.02 0.003 0.023 12.421 0.007 12.425 13.196 0.004 13.204 12.88 0 12.88
0.05 0.002 0.052 0.022 0.001 0.023 12.201 0.004 12.202 13.248 0.006 13.251 13.394 0 13.391
0.049 0.003 0.053 0.02 0.003 0.023 12.311 0.008 12.315 13.431 0.005 13.433 13.516 0.002 13.516
0.045 0.001 0.046 0.018 0.004 0.022 11.967 0.005 11.969 13.355 0.006 13.358 13.278 0.001 13.277
0.046 0 0.045 0.02 0.002 0.023 12.09 0.005 12.091 13.902 0.003 13.903 13.818 0.001 13.817
0.049 0.001 0.05 0.02 0.004 0.024 12.607 0.004 12.607 13.546 0.007 13.551 13.152 0 13.149
0.053 0.000999999999999994 0.054 0.018 0.005 0.023 12.912 0.007 12.917 13.985 0.008 13.989 13.898 0 13.894
0.047 0.003 0.05 0.023 0.001 0.024 12.514 0.006 12.516 13.449 0.003 13.449 13.433 0.001 13.431
0.046 0.004 0.05 0.015 0.007 0.023 11.788 0.006 11.797 12.842 0.004 12.85 12.873 0.001 12.875
0.051 0 0.051 0.018 0.005 0.023 12.212 0.005 12.215 13.427 0.005 13.429 13.494 0 13.494
0.049 0 0.048 0.021 0.002 0.024 12.81 0.007 12.813 13.821 0.005 13.823 13.803 0 13.8
0.05 0.001 0.05 0.019 0.004 0.024 12.781 0.00199999999999999 12.781 13.63 0.008 13.634 13.624 0 13.621
0.047 0.003 0.049 0.019 0.004 0.024 12.874 0.004 12.875 13.867 0.008 13.871 13.783 0 13.78
0.05 0 0.051 0.021 0.003 0.023 13.115 0.00199999999999999 13.116 14.217 0.005 14.219 14.056 0.001 14.053
0.049 0 0.05 0.02 0.005 0.025 12.002 0.006 12.011 12.855 0.008 12.861 12.846 0 12.851
0.05 0 0.05 0.021 0.002 0.023 12.189 0.006 12.192 13.457 0.005 13.459 13.541 0 13.547
0.05 0 0.05 0.021 0.002 0.023 12.237 0.00799999999999999 12.243 13.364 0.00800000000000001 13.368 13.501 0 13.499
0.048 0.002 0.05 0.02 0.003 0.023 12.11 0.003 12.109 13.141 0.00700000000000001 13.145 13.286 0 13.283
0.051 0 0.051 0.019 0.004 0.022 12.846 0.004 12.857 13.549 0.006 13.555 13.412 0 13.417
0.051 0 0.051 0.021 0.00199999999999999 0.023 14.558 0.00800000000000001 14.562 15.583 0.004 15.584 15.053 0 15.057
0.044 0.000999999999999994 0.046 0.015 0.00700000000000001 0.022 11.567 0.004 11.577 12.976 0.006 12.987 13.197 0.001 13.201
0.049 0.001 0.05 0.021 0.002 0.023 12.655 0.007 12.66 13.82 0.008 13.826 13.561 0 13.564
0.047 0.00199999999999999 0.049 0.019 0.005 0.024 11.942 0.003 11.942 12.933 0.00600000000000001 12.936 13.055 0 13.052
0.05 0 0.05 0.016 0.007 0.023 12.236 0.009 12.242 13.484 0.007 13.488 13.62 0 13.618
0.051 0.001 0.052 0.021 0.00199999999999999 0.023 12.945 0.004 12.947 13.992 0.006 13.995 13.87 0 13.867
0.051 0.001 0.053 0.017 0.006 0.023 12.963 0.008 12.969 14.008 0.009 14.014 13.905 0.001 13.902
0.051 0 0.051 0.018 0.005 0.023 13.145 0.009 13.15 14.199 0.005 14.201 14.067 0.001 14.066
0.049 0.001 0.051 0.02 0.003 0.023 12.893 0.004 12.895 13.858 0.004 13.859 13.83 0.001 13.828
0.045 0 0.045 0.02 0.004 0.024 11.796 0.00600000000000001 11.8 13.064 0.004 13.065 13.056 0.002 13.054
0.045 0.001 0.046 0.017 0.006 0.023 11.766 0.00600000000000001 11.769 13.059 0.008 13.064 13.068 0 13.065
0.046 0 0.046 0.019 0.003 0.022 11.985 0.006 11.988 13.428 0.00700000000000001 13.432 13.399 0 13.396
0.048 0.002 0.05 0.022 0.001 0.023 11.958 0.004 11.965 12.99 0.006 12.995 12.831 0 12.834
0.05 0 0.051 0.017 0.006 0.023 12.003 0.003 12.003 13.159 0.009 13.165 13.133 0.002 13.139
0.043 0.003 0.047 0.021 0.002 0.022 11.913 0.011 11.922 13.418 0.00600000000000001 13.421 13.399 0 13.396
0.049 0.00199999999999999 0.051 0.016 0.00700000000000001 0.022 12.19 0.007 12.195 13.308 0 13.304 13.49 0 13.488
0.052 0.002 0.054 0.023 0.001 0.024 12.597 0.038 12.654 13.458 0.013 13.486 13.728 0.00699999999999999 13.752
0.05 0 0.05 0.019 0.004 0.023 12.198 0.006 12.201 13.274 0.003 13.275 13.545 0 13.542
0.049 0.001 0.05 0.019 0.006 0.024 11.905 0.006 11.908 12.871 0.008 12.876 13.056 0.002 13.055
0.05 0 0.05 0.02 0.003 0.023 12.66 0.008 12.664 13.674 0.00600000000000001 13.679 13.658 0 13.655
0.049 0.002 0.051 0.019 0.004 0.023 12.885 0.002 12.884 13.617 0.007 13.63 13.404 0.001 13.407
0.049 0.001 0.051 0.021 0.002 0.023 12.489 0.008 12.494 13.047 0.007 13.059 12.873 0 12.872
0.049 0.001 0.05 0.022 0.001 0.022 11.908 0.004 11.908 13.09 0.002 13.089 13.187 0 13.191
0.051 0 0.051 0.019 0.004 0.023 12.25 0.008 12.254 13.408 0.00199999999999999 13.407 13.553 0 13.557
0.046 0 0.046 0.02 0.002 0.023 11.981 0.005 11.982 13.371 0.007 13.375 13.316 0 13.313
0.045 0.001 0.046 0.018 0.004 0.022 12.407 0.00600000000000001 12.41 13.792 0.005 13.795 13.767 0 13.764
0.049 0.00199999999999999 0.051 0.02 0.003 0.023 12.863 0.007 12.867 14.025 0.002 14.025 13.651 0.002 13.649
0.043 0.002 0.046 0.018 0.005 0.022 11.874 0.006 11.878 13.198 0.004 13.198 13.161 0.003 13.162
0.046 0 0.046 0.022 0 0.022 12.116 0.004 12.117 13.923 0.006 13.927 13.865 0 13.862
0.049 0.001 0.05 0.02 0.004 0.024 12.936 0.003 12.936 13.97 0.002 13.969 13.404 0.001 13.401
0.051 0 0.051 0.021 0.002 0.023 12.82 0.006 12.823 13.861 0.005 13.863 13.81 0.001 13.808
0.05 0.001 0.051 0.017 0.008 0.024 12.737 0.007 12.741 13.577 0.008 13.583 13.56 0 13.558
0.046 0 0.046 0.017 0.005 0.022 12.594 0.00600000000000001 12.598 13.949 0.005 13.951 13.9 0.001 13.899
0.048 0.003 0.051 0.02 0.003 0.023 13.175 0.003 13.176 14.162 0.012 14.171 13.88 0 13.876
0.043 0.00199999999999999 0.045 0.022 0.001 0.024 11.825 0.007 11.829 13.069 0.005 13.07 13.059 0 13.057
0.05 0.001 0.05 0.017 0.006 0.023 12.303 0.006 12.312 13.003 0.003 13.007 12.988 0 12.989
0.05 0.001 0.05 0.021 0.002 0.023 12.228 0.004 12.229 13.314 0.004 13.316 13.458 0 13.462
0.049 0.001 0.05 0.021 0.002 0.023 12.113 0.006 12.116 13.131 0.005 13.133 13.244 0 13.241
0.047 0.003 0.05 0.02 0.005 0.024 12.042 0.004 12.044 12.991 0.003 12.99 13.119 0 13.116
0.045 0.003 0.048 0.018 0.005 0.023 12.947 0.009 12.962 13.699 0.007 13.707 13.515 0 13.52
0.049 0.001 0.05 0.02 0.003 0.023 12.853 0.005 12.857 13.85 0.007 13.853 13.794 0 13.791
0.047 0 0.047 0.017 0.006 0.023 11.718 0.005 11.731 13.034 0.005 13.043 13.236 0 13.239
0.05 0.002 0.052 0.023 0.001 0.023 12.967 0.007 12.972 13.875 0.007 13.88 13.843 0 13.846
0.05 0 0.05 0.019 0.004 0.023 12.199 0.003 12.2 13.055 0.003 13.063 12.94 0.001 12.945
0.051 0 0.05 0.02 0.003 0.023 12.06 0.006 12.064 13.034 0.006 13.037 13.203 0 13.2
0.049 0 0.048 0.02 0.002 0.023 12.169 0.011 12.195 13.608 0.011 13.637 13.246 0.00399999999999999 13.256
0.044 0.001 0.045 0.021 0.001 0.022 12.64 0.004 12.64 14.47 0.007 14.475 14.412 0 14.409
0.049 0.001 0.051 0.019 0.004 0.022 13.29 0.003 13.29 14.371 0.006 14.374 13.88 0 13.877
0.048 0.002 0.05 0.02 0.003 0.023 12.736 0.004 12.737 13.729 0.004 13.731 13.732 0 13.727
0.05 0.000999999999999994 0.051 0.023 0 0.024 12.891 0.008 12.897 14.063 0.008 14.067 14.001 0 13.998
0.046 0 0.045 0.02 0.00199999999999999 0.022 12.09 0.003 12.09 13.501 0.005 13.503 13.402 0 13.399
0.042 0.004 0.047 0.017 0.006 0.022 11.788 0.009 11.794 13.218 0.00600000000000001 13.221 13.196 0 13.194
0.044 0.001 0.046 0.02 0.003 0.022 12.907 0.005 12.91 14.317 0.008 14.322 14.294 0 14.29
0.049 0.001 0.05 0.021 0.002 0.023 12.77 0.004 12.77 13.808 0.004 13.81 13.615 0 13.612
0.043 0.002 0.045 0.019 0.004 0.022 11.801 0.006 11.804 13.185 0.005 13.188 13.17 0 13.166
0.05 0 0.05 0.023 0 0.023 12.285 0.007 12.29 13.393 0.008 13.398 13.638 0 13.636
0.05 0.001 0.051 0.021 0.00199999999999999 0.023 12.462 0.005 12.464 13.425 0.005 13.436 13.626 0.002 13.633
0.049 0.001 0.05 0.022 0.001 0.023 12.046 0.003 12.047 13.199 0.005 13.2 13.457 0 13.454
0.05 0.001 0.051 0.019 0.003 0.023 12.181 0.01 12.187 13.509 0.008 13.515 13.732 0.002 13.73
0.05 0 0.051 0.022 0.002 0.023 12.933 0.009 12.939 13.997 0.005 13.998 13.916 0 13.917
0.048 0.002 0.05 0.017 0.006 0.023 13.177 0.007 13.187 13.994 0.006 14.005 13.798 0 13.797
0.051 0 0.051 0.021 0.002 0.023 12.543 0.006 12.546 13.296 0.004 13.305 13.089 0 13.089
0.049 0.001 0.05 0.02 0.003 0.023 11.889 0.005 11.897 12.851 0.007 12.859 12.955 0 12.959
0.048 0.00199999999999999 0.05 0.019 0.004 0.023 12.017 0.005 12.018 13.145 0.008 13.15 13.384 0 13.387
0.044 0.001 0.046 0.02 0.00199999999999999 0.022 11.899 0.004 11.907 13.378 0.006 13.391 13.308 0.001 13.317
0.044 0.001 0.045 0.02 0.003 0.023 11.705 0.005 11.707 12.909 0.009 12.915 12.897 0 12.895
0.048 0.00199999999999999 0.051 0.02 0.003 0.023 13.123 0.002 13.123 14.104 0.006 14.106 14.034 0 14.031
0.049 0.00199999999999999 0.051 0.022 0.001 0.023 12.943 0.01 12.95 13.895 0.005 13.897 13.901 0 13.898
0.044 0.001 0.045 0.021 0.003 0.024 11.969 0.006 11.972 13.605 0.004 13.606 13.579 0 13.577
0.051 0 0.05 0.019 0.004 0.023 12.947 0.009 12.953 13.93 0.005 13.932 13.367 0 13.365
0.051 0.001 0.052 0.018 0.005 0.023 12.712 0.005 12.714 13.82 0.007 13.825 13.787 0 13.783
0.05 0.003 0.054 0.02 0.003 0.023 12.919 0.005 12.92 13.895 0.004 13.897 13.842 0.001 13.84
0.052 0.004 0.289 0.02 0.003 0.0229999999999999 12.818 0.001 12.816 13.854 0.005 13.856 13.808 0 13.805
0.051 0.005 0.289 0.022 0.001 0.0229999999999999 13.006 0 13.003 14.015 0.00699999999999999 14.019 13.923 0 13.92
0.046 0.005 0.289 0.018 0.00399999999999999 0.022 11.829 0.00700000000000001 11.833 13.223 0.00700000000000001 13.227 13.17 0.00199999999999999 13.17
0.049 0.000999999999999994 0.05 0.021 0.002 0.023 12.343 0.007 12.352 12.934 0.005 12.94 12.933 0.00199999999999999 12.938
0.048 0.003 0.05 0.02 0.003 0.023 12.395 0.007 12.399 13.54 0.004 13.542 13.66 0 13.657
0.049 0.002 0.05 0.021 0.00199999999999999 0.023 12.368 0.00600000000000001 12.371 13.464 0.006 13.466 13.534 0.002 13.534
0.05 0 0.05 0.021 0.004 0.024 12.312 0.004 12.313 13.058 0.00199999999999999 13.057 13.175 0 13.172
0.051 0 0.051 0.021 0.003 0.023 13.001 0.004 13.011 13.666 0.005 13.671 13.532 0 13.537
0.048 0.002 0.049 0.021 0.003 0.025 12.638 0.007 12.641 13.468 0.009 13.474 13.441 0.000999999999999994 13.44
0.049 0.001 0.051 0.021 0.002 0.023 11.659 0.006 11.671 12.862 0.005 12.871 13.023 0 13.027
0.049 0.000999999999999994 0.05 0.022 0.002 0.024 12.826 0.004 12.827 13.648 0.004 13.649 13.665 0 13.663
0.049 0.001 0.05 0.022 0.002 0.024 12 0.004 12.001 12.744 0.00199999999999999 12.751 12.64 0 12.646
0.048 0.003 0.051 0.019 0.004 0.023 12.258 0.008 12.264 13.305 0.004 13.305 13.428 0.001 13.426
0.045 0.000999999999999994 0.046 0.018 0.005 0.023 11.963 0.00199999999999999 11.963 13.927 0.00600000000000001 13.929 13.93 0 13.928
0.047 0.003 0.05 0.016 0.007 0.023 12.86 0.001 12.859 13.935 0.005 13.937 13.422 0 13.419
0.051 0.001 0.052 0.019 0.004 0.024 12.759 0.006 12.762 13.589 0.00800000000000001 13.594 13.556 0 13.553
0.051 0 0.05 0.022 0.001 0.023 12.835 0.005 12.838 13.801 0.006 13.805 13.785 0 13.782
0.046 0 0.046 0.021 0.001 0.022 12.047 0.003 12.05 13.489 0.012 13.506 13.403 0.008 13.415
0.045 0.001 0.046 0.013 0.00899999999999999 0.022 11.824 0.003 11.824 13.272 0.001 13.269 13.219 0 13.216
0.047 0 0.047 0.018 0.004 0.022 13.028 0.009 13.035 14.24 0.005 14.241 14.19 0 14.187
0.05 0.001 0.051 0.019 0.003 0.023 12.447 0.006 12.448 13.817 0.005 13.821 13.63 0.003 13.629
0.049 0 0.048 0.021 0.003 0.025 12.615 0.004 12.616 13.549 0.005 13.552 13.554 0 13.551
0.05 0 0.05 0.021 0.002 0.023 12.728 0.006 12.731 13.752 0.01 13.759 13.735 0 13.732
0.045 0.004 0.05 0.022 0.003 0.024 11.689 0.009 11.712 12.661 0.022 12.697 12.644 0.026 12.684
0.051 0 0.051 0.02 0.003 0.023 12.158 0.007 12.162 13.438 0.008 13.444 13.555 0 13.555
0.048 0.003 0.051 0.02 0.003 0.023 12.595 0.004 12.596 13.721 0.004 13.722 14.009 0 14.005
0.049 0.001 0.051 0.021 0.00199999999999999 0.023 12.019 0.00600000000000001 12.022 13.234 0.005 13.235 13.41 0 13.407
0.051 0.002 0.053 0.018 0.005 0.024 12.872 0.01 12.886 13.701 0.003 13.708 13.524 0 13.524
0.049 0.003 0.052 0.021 0.002 0.023 12.819 0.004 12.82 13.792 0.003 13.792 13.736 0.002 13.737
0.048 0.003 0.05 0.023 0.000999999999999994 0.024 12.664 0.00800000000000001 12.678 13.42 0.006 13.424 13.301 0 13.307
0.048 0.002 0.051 0.021 0.00199999999999999 0.023 12.045 0.005 12.046 13.28 0.006 13.283 13.449 0 13.453
0.05 0 0.05 0.021 0.002 0.023 11.928 0.004 11.937 12.978 0.009 12.987 13.006 0 13.009
0.045 0.00199999999999999 0.046 0.021 0.001 0.023 11.955 0.01 11.962 13.454 0.006 13.457 13.4 0 13.397
0.048 0.003 0.051 0.019 0.004 0.023 12.876 0.002 12.875 13.931 0.004 13.933 13.851 0 13.847
0.047 0.003 0.05 0.018 0.006 0.024 12.562 0.004 12.562 13.446 0.01 13.454 13.409 0 13.406
0.046 0 0.046 0.018 0.004 0.022 12.161 0.005 12.162 13.928 0.005 13.931 13.864 0 13.86
0.044 0.005 0.05 0.023 0.001 0.024 12.571 0.001 12.568 13.452 0.004 13.454 13.072 0 13.07
0.049 0.001 0.05 0.02 0.003 0.023 12.838 0.000999999999999994 12.836 13.87 0.00600000000000001 13.873 13.826 0 13.823
0.05 0.001 0.051 0.021 0.002 0.023 13.073 0.003 13.073 14.112 0.002 14.112 14.054 0 14.05
0.046 0 0.046 0.02 0.00199999999999999 0.023 12.676 0.00600000000000001 12.677 14.5 0.003 14.501 14.38 0 14.377
0.049 0.001 0.05 0.019 0.004 0.023 12.617 0.004 12.618 13.45 0.005 13.452 13.098 0 13.097
0.05 0.001 0.051 0.019 0.004 0.024 12.879 0.009 12.884 13.862 0.007 13.867 13.836 0.001 13.834
0.053 0.001 0.053 0.021 0.001 0.023 12.875 0.004 12.875 13.887 0.00199999999999999 13.886 13.818 0.004 13.819
0.048 0.002 0.05 0.021 0.003 0.023 11.861 0.00600000000000001 11.87 12.878 0.004 12.882 12.963 0.002 12.969
0.048 0.003 0.051 0.018 0.005 0.023 12.147 0.008 12.153 13.304 0.007 13.307 13.545 0.001 13.551
0.05 0 0.05 0.021 0.002 0.023 12.549 0.006 12.551 13.349 0.00600000000000001 13.356 13.436 0 13.443
0.049 0.002 0.05 0.021 0.00199999999999999 0.024 12.225 0.00800000000000001 12.229 13.375 0.003 13.375 13.647 0 13.645
0.048 0.002 0.049 0.018 0.004 0.023 12.58 0.007 12.591 13.343 0.004 13.348 13.214 0 13.218
0.049 0.000999999999999994 0.05 0.02 0.003 0.023 13.021 0.004 13.023 14.01 0.00800000000000001 14.014 13.881 0 13.886
0.045 0.001 0.047 0.021 0.002 0.022 11.953 0.003 11.96 13.075 0.005 13.082 13.477 0.002 13.483
0.049 0.001 0.05 0.02 0.003 0.023 12.748 0.005 12.75 13.705 0.00600000000000001 13.708 13.743 0.000999999999999994 13.748
0.05 0 0.05 0.021 0.002 0.023 12.176 0.003 12.176 12.913 0.005 12.926 12.972 0 12.975
0.048 0.002 0.05 0.019 0.004 0.023 12.263 0.003 12.262 13.394 0.005 13.396 13.709 0 13.707
0.049 0.001 0.05 0.021 0.002 0.023 12.936 0.001 12.934 14.076 0.003 14.076 13.891 0 13.89
0.044 0.002 0.046 0.016 0.006 0.022 12.166 0.008 12.171 13.54 0.009 13.546 13.531 0 13.529
0.045 0.001 0.046 0.021 0.001 0.022 11.913 0.002 11.912 13.383 0.005 13.385 13.946 0 13.944
0.05 0 0.05 0.02 0.003 0.023 13.134 0.006 13.137 14.083 0.005 14.085 14.01 0 14.006
0.046 0 0.048 0.02 0.003 0.022 12.035 0.005 12.037 13.552 0.006 13.556 13.456 0 13.453
0.044 0.00199999999999999 0.046 0.016 0.006 0.023 11.969 0.00600000000000001 11.972 13.296 0.006 13.298 13.242 0 13.24
0.043 0.002 0.046 0.023 0 0.022 12.006 0.00600000000000001 12.01 13.798 0.004 13.799 13.746 0 13.743
0.048 0.002 0.051 0.021 0.00199999999999999 0.023 12.78 0.006 12.783 13.815 0.005 13.818 13.279 0 13.279
0.049 0.003 0.052 0.02 0.003 0.023 12.886 0.006 12.889 13.866 0.006 13.869 13.857 0.001 13.856
0.052 0.001 0.053 0.018 0.005 0.023 12.944 0.008 12.949 13.92 0.001 13.918 13.855 0 13.852
0.05 0 0.05 0.022 0.001 0.023 12.177 0.011 12.185 13.041 0.003 13.049 13.019 0.002 13.024
0.05 0.001 0.05 0.02 0.003 0.023 12.159 0.006 12.163 13.244 0.004 13.245 13.33 0.001 13.328
0.049 0.001 0.05 0.021 0.002 0.023 12.176 0.006 12.179 12.812 0.003 12.823 12.77 0.001 12.775
0.049 0.001 0.051 0.019 0.005 0.024 12.177 0.007 12.179 13.021 0.007 13.026 13.093 0 13.09
0.048 0.002 0.05 0.022 0.002 0.023 12.965 0.003 12.965 13.713 0.004 13.72 13.482 0 13.488
0.049 0.001 0.05 0.018 0.005 0.023 12.779 0.001 12.778 13.791 0.004 13.792 13.774 0 13.77
0.051 0 0.051 0.019 0.004 0.023 12.8 0.006 12.803 13.191 0.004 13.202 12.922 0 12.92
0.05 0 0.05 0.021 0.002 0.023 12.498 0.006 12.508 13.263 0.008 13.27 13.306 0 13.315
0.048 0.002 0.051 0.021 0.003 0.023 12.321 0.005 12.322 13.39 0.01 13.397 13.499 0 13.499
0.045 0 0.046 0.019 0.004 0.022 11.918 0.003 11.918 13.151 0.006 13.154 13.109 0 13.107
0.045 0 0.045 0.02 0.004 0.022 12.048 0.006 12.052 13.831 0.007 13.834 13.785 0.001 13.784
0.05 0 0.05 0.019 0.005 0.024 12.559 0.004 12.56 13.533 0.001 13.532 13.098 0 13.095
0.05 0.001 0.051 0.017 0.007 0.024 12.726 0.002 12.723 13.592 0.008 13.599 13.612 0 13.609
0.05 0.003 0.051 0.022 0.001 0.023 12.91 0.004 12.913 13.919 0.004 13.919 13.842 0.001 13.84
0.048 0.003 0.05 0.021 0.002 0.023 12.731 0.00600000000000001 12.735 13.161 0.007 13.172 12.821 0 12.819
0.044 0.001 0.046 0.02 0.00199999999999999 0.022 12.031 0.00600000000000001 12.033 13.869 0.005 13.871 13.839 0 13.837
0.048 0.002 0.05 0.021 0.003 0.024 12.736 0.006 12.739 13.523 0.008 13.529 13.121 0 13.117
0.051 0.001 0.052 0.021 0.002 0.023 12.943 0.004 12.945 13.752 0.006 13.754 13.68 0 13.677
0.051 0 0.051 0.02 0.003 0.024 12.899 0.007 12.902 13.943 0.003 13.944 13.82 0.001 13.818
0.045 0 0.045 0.021 0.003 0.024 11.657 0 11.655 12.919 0.003 12.918 13.249 0 13.248
0.048 0.002 0.05 0.02 0.003 0.023 11.901 0.006 11.904 13.162 0.004 13.164 13.414 0 13.412
0.049 0.000999999999999994 0.05 0.021 0.002 0.023 11.867 0.009 11.88 13.011 0.001 13.012 13.154 0 13.165
0.049 0.001 0.05 0.021 0.00199999999999999 0.023 11.825 0.005 11.835 12.97 0.006 12.975 13.095 0 13.103
0.049 0.001 0.05 0.019 0.004 0.023 12.037 0.009 12.042 13.295 0.003 13.295 13.513 0 13.512
0.047 0.003 0.05 0.021 0.002 0.023 12.9 0.008 12.906 13.91 0.005 13.912 13.822 0 13.826
0.05 0 0.05 0.021 0.002 0.023 12.752 0.009 12.774 13.489 0.006 13.495 13.356 0.002 13.362
0.043 0.003 0.047 0.021 0.002 0.022 11.835 0.003 11.843 13.089 0.006 13.095 13.475 0 13.479
0.045 0.005 0.05 0.02 0.004 0.024 12.736 0.007 12.741 13.523 0.001 13.521 13.546 0.001 13.551
0.049 0.001 0.05 0.017 0.006 0.023 11.927 0.005 11.928 12.896 0.00600000000000001 12.909 13.005 0 13.009
0.049 0.002 0.05 0.017 0.005 0.023 12.042 0.005 12.044 13.222 0.006 13.225 13.48 0 13.476
0.043 0.002 0.045 0.017 0.005 0.023 12.058 0.004 12.057 13.465 0.002 13.465 13.285 0 13.281
0.044 0.00199999999999999 0.046 0.02 0.003 0.023 11.872 0.003 11.872 13.305 0.006 13.308 13.24 0 13.237
0.045 0.001 0.046 0.02 0.003 0.023 12.2 0.00899999999999999 12.205 13.678 0.002 13.677 13.569 0 13.567
0.05 0 0.05 0.02 0.003 0.023 12.403 0.008 12.408 13.295 0.006 13.298 13.698 0 13.696
0.051 0.001 0.051 0.02 0.003 0.023 12.698 0.005 12.701 13.795 0.00600000000000001 13.798 13.773 0.001 13.771
0.047 0.005 0.053 0.019 0.004 0.023 12.819 0.00900000000000001 12.825 13.836 0.00399999999999999 13.836 13.787 0.001 13.786
0.043 0.00199999999999999 0.045 0.02 0.003 0.023 12.044 0.003 12.043 13.67 0.005 13.68 13.439 0 13.44
0.05 0 0.05 0.022 0.001 0.023 12.793 0.00199999999999999 12.792 13.806 0.006 13.808 13.12 0 13.124
0.05 0.001 0.051 0.024 0 0.023 13.201 0.005 13.204 14.224 0.005 14.226 14.093 0 14.09
0.048 0.00199999999999999 0.051 0.02 0.003 0.022 12.733 0.006 12.736 13.744 0.011 13.752 13.717 0.001 13.715
0.049 0.001 0.05 0.019 0.004 0.023 12.28 0.007 12.284 13.011 0.00700000000000001 13.024 13.003 0.001 13.006
0.047 0.003 0.05 0.022 0.001 0.023 12.201 0.004 12.201 13.212 0.007 13.217 13.346 0.001 13.345
0.05 0 0.05 0.019 0.004 0.024 12.562 0.006 12.572 13.206 0.004 13.21 13.323 0 13.326
0.047 0.003 0.051 0.02 0.003 0.023 12.424 0.005 12.425 13.371 0.005 13.373 13.518 0 13.515
0.047 0.004 0.051 0.022 0.000999999999999994 0.023 12.814 0.007 12.819 13.82 0.004 13.82 13.751 0.001 13.749
0.048 0.002 0.05 0.023 0.001 0.023 12.847 0.003 12.848 13.566 0.004 13.574 13.363 0.002 13.368
0.05 0 0.05 0.018 0.005 0.023 12.939 0.004 12.94 13.398 0.007 13.411 13.2 0 13.2
0.049 0.001 0.051 0.02 0.003 0.023 12.358 0.007 12.37 13.193 0.004 13.197 13.196 0.001 13.201
0.048 0.002 0.05 0.021 0.003 0.024 12.215 0.006 12.218 13.175 0.009 13.181 13.334 0 13.331
0.045 0.000999999999999994 0.046 0.019 0.003 0.023 12.337 0.007 12.343 13.616 0.008 13.631 13.457 0 13.457
0.046 0 0.046 0.02 0.002 0.022 12.244 0.00600000000000001 12.247 14.131 0.003 14.133 14.039 0 14.034
0.049 0.000999999999999994 0.051 0.02 0.003 0.023 12.931 0.009 12.936 13.997 0.002 13.997 13.514 0.00199999999999999 13.513
0.049 0.001 0.05 0.02 0.003 0.024 12.641 0.004 12.64 13.705 0.00700000000000001 13.71 13.659 0 13.657
0.048 0.002 0.051 0.023 0.001 0.023 13.058 0.008 13.064 14.018 0.008 14.022 13.961 0 13.958
0.042 0.003 0.045 0.019 0.003 0.022 11.794 0.005 11.795 13.186 0.008 13.191 13.442 0 13.439
0.049 0.001 0.05 0.015 0.008 0.023 12.645 0.004 12.644 13.323 0.004 13.325 13.235 0.001 13.233
0.05 0.001 0.05 0.023 0 0.024 12.754 0.004 12.755 13.844 0.008 13.849 13.833 0 13.83
0.05 0.001 0.052 0.021 0.003 0.024 12.935 0.003 12.936 13.904 0.01 13.91 13.856 0 13.853
0.052 0.001 0.053 0.019 0.004 0.023 12.913 0.003 12.915 13.947 0.00800000000000001 13.952 13.924 0 13.921
0.05 0 0.05 0.019 0.004 0.023 12.859 0.01 12.866 13.878 0.00700000000000001 13.882 13.853 0 13.85
0.049 0.001 0.05 0.021 0.003 0.023 11.93 0.007 11.948 12.799 0.005 12.811 12.898 0.001 12.91
0.049 0.00199999999999999 0.05 0.021 0.002 0.023 12.268 0.007 12.272 13.418 0.006 13.422 13.745 0 13.751
0.049 0.001 0.05 0.02 0.004 0.024 12.05 0.006 12.061 12.933 0.004 12.937 13.054 0 13.063
0.05 0 0.051 0.021 0.002 0.023 12.144 0.009 12.15 13.23 0.009 13.235 13.516 0 13.513
0.04 0.006 0.046 0.016 0.00600000000000001 0.023 12.662 0.005 12.672 13.45 0.00700000000000001 13.458 13.322 0 13.327
0.049 0.001 0.05 0.017 0.006 0.023 12.623 0.008 12.628 13.726 0.009 13.733 13.66 0 13.657
0.046 0 0.045 0.018 0.005 0.023 11.658 0.007 11.672 12.989 0.007 13.002 13.333 0 13.334
0.046 0.004 0.05 0.021 0.002 0.024 12.987 0.003 12.988 13.933 0.00600000000000001 13.936 13.802 0 13.805
0.048 0.003 0.051 0.02 0.003 0.023 12.279 0.006 12.282 13.147 0.005 13.159 13.248 0 13.25
0.047 0.003 0.05 0.018 0.004 0.022 11.935 0.004 11.935 13.154 0.003 13.155 13.422 0 13.419
0.047 0.003 0.05 0.02 0.003 0.023 12.833 0.004 12.834 13.968 0.006 13.971 13.927 0 13.924
0.051 0.001 0.052 0.02 0.003 0.024 12.594 0.009 12.598 13.47 0.000999999999999994 13.47 13.419 0 13.415
0.048 0.00199999999999999 0.051 0.021 0.003 0.023 13.013 0.004 13.014 13.987 0.003 13.987 13.924 0 13.922
0.05 0 0.051 0.021 0.002 0.023 12.603 0.009 12.609 13.654 0.003 13.654 13.615 0 13.612
0.044 0.002 0.045 0.02 0.00199999999999999 0.022 12.043 0.004 12.044 13.523 0.005 13.525 13.421 0 13.418
0.046 0 0.045 0.018 0.004 0.023 11.958 0.007 11.961 13.544 0.00900000000000001 13.55 13.519 0 13.516
0.044 0.001 0.046 0.022 0.000999999999999994 0.022 11.931 0.008 11.937 13.781 0.005 13.782 13.793 0 13.792
0.05 0.001 0.051 0.018 0.005 0.023 13.049 0.008 13.053 14.011 0.009 14.018 13.945 0.001 13.942
0.051 0.00199999999999999 0.054 0.022 0.001 0.022 13.149 0.004 13.15 14.241 0.006 14.245 14.093 0 14.088
0.047 0.003 0.05 0.019 0.004 0.023 12.86 0.006 12.863 13.867 0.003 13.867 13.827 0 13.824
0.05 0.002 0.051 0.018 0.005 0.023 12.366 0.007 12.371 13.243 0.005 13.253 13.211 0 13.215
0.05 0.001 0.051 0.021 0.002 0.023 12.364 0.005 12.365 13.299 0.007 13.304 13.502 0 13.5
0.051 0 0.051 0.02 0.003 0.023 12.244 0.008 12.248 13.083 0.003 13.093 13.055 0 13.059
0.05 0 0.051 0.023 0 0.023 12.401 0.005 12.402 13.323 0.004 13.325 13.477 0 13.473
0.051 0.002 0.053 0.023 0.001 0.023 12.704 0.004 12.712 13.494 0.00600000000000001 13.498 13.321 0.002 13.33
0.049 0.001 0.05 0.019 0.005 0.024 12.71 0.005 12.71 13.595 0.005 13.599 13.559 0.002 13.559
0.048 0.003 0.05 0.019 0.004 0.024 12.525 0.005 12.526 13.11 0.01 13.124 12.862 0 12.862
0.049 0.002 0.05 0.021 0.003 0.023 12.469 0.032 12.529 13.26 0.023 13.302 13.299 0.031 13.363
0.046 0.004 0.05 0.016 0.008 0.024 12.091 0.005 12.093 12.97 0.003 12.97 13.085 0.000999999999999994 13.083
0.044 0.000999999999999994 0.045 0.019 0.004 0.023 11.961 0.006 11.972 13.348 0.005 13.36 13.31 0 13.317
0.046 0 0.046 0.021 0.001 0.022 12.153 0.00600000000000001 12.156 13.972 0.003 13.971 13.938 0 13.936
0.046 0.004 0.05 0.019 0.004 0.023 12.965 0.005 12.968 14.024 0.01 14.03 13.501 0.001 13.5
0.052 0.002 0.054 0.018 0.005 0.023 12.885 0.005 12.887 13.891 0.004 13.892 13.801 0.003 13.802
0.05 0.001 0.05 0.021 0.002 0.023 12.798 0.006 12.803 13.753 0.003 13.753 13.725 0 13.722
0.046 0 0.045 0.018 0.004 0.022 12.292 0.002 12.29 14.224 0.003 14.225 14.157 0 14.154
0.049 0.001 0.05 0.021 0.002 0.023 12.939 0.008 12.944 13.927 0.01 13.934 13.473 0 13.47
0.052 0.001 0.052 0.021 0.002 0.023 13.005 0.008 13.01 13.989 0.008 13.994 13.889 0 13.886
0.046 0.004 0.05 0.02 0.004 0.025 12.772 0.003 12.772 13.604 0.003 13.605 13.573 0 13.569
0.049 0.001 0.051 0.02 0.004 0.023 12.929 0.011 12.938 13.931 0.004 13.931 13.898 0 13.895
0.05 0.001 0.051 0.021 0.002 0.023 12.827 0.006 12.83 13.865 0.005 13.867 13.806 0 13.803
0.051 0 0.051 0.02 0.003 0.023 11.993 0.005 12.009 12.835 0.005 12.847 12.846 0.000999999999999994 12.859
0.049 0.002 0.051 0.022 0.001 0.023 12.328 0.006 12.331 13.436 0.005 13.438 13.662 0.001 13.662
0.051 0 0.05 0.019 0.004 0.024 12.331 0.009 12.343 13.199 0.008 13.206 13.238 0.001 13.25
0.049 0.001 0.05 0.023 0.001 0.023 12.159 0.003 12.16 13.234 0.00899999999999999 13.239 13.335 0 13.332
0.048 0.002 0.051 0.022 0.001 0.023 12.745 0.00199999999999999 12.751 13.398 0.005 13.405 13.293 0.001 13.298
0.049 0.001 0.05 0.022 0.001 0.022 12.748 0.007 12.754 13.862 0.006 13.864 13.807 0 13.805
0.046 0.001 0.047 0.022 0.001 0.023 12.169 0.006 12.181 13.514 0.002 13.522 13.785 0 13.788
0.051 0 0.051 0.02 0.003 0.024 12.804 0.005 12.806 13.994 0.005 13.997 13.718 0 13.716
0.048 0.002 0.05 0.02 0.003 0.023 11.999 0.005 12.009 12.963 0.006 12.974 12.972 0 12.971
0.049 0.002 0.051 0.019 0.003 0.022 12.123 0.01 12.129 13.269 0.006 13.273 13.385 0 13.384
0.043 0.002 0.045 0.018 0.004 0.023 12.07 0.004 12.07 13.812 0.007 13.817 13.784 0.002 13.783
0.044 0.001 0.045 0.023 0 0.022 11.712 0.005 11.714 13.147 0.005 13.149 13.106 0 13.103
0.05 0.001 0.05 0.02 0.004 0.023 12.606 0.005 12.609 13.58 0.007 13.584 13.165 0 13.163
0.05 0 0.049 0.02 0.003 0.024 12.872 0.005 12.873 13.699 0.007 13.704 13.669 0 13.665
0.05 0 0.05 0.017 0.00600000000000001 0.024 12.689 0.005 12.69 13.558 0.004 13.559 13.536 0.00199999999999999 13.535
0.045 0.001 0.047 0.016 0.00600000000000001 0.022 11.799 0.005 11.801 13.237 0.006 13.239 13.193 0.001 13.192
0.044 0.002 0.046 0.021 0.001 0.022 12.081 0.004 12.082 13.447 0.01 13.454 13.376 0 13.373
0.043 0.00199999999999999 0.046 0.021 0.002 0.022 11.822 0.004 11.824 13.217 0.006 13.219 13.582 0.001 13.58
0.049 0.001 0.05 0.024 0 0.024 13.084 0.006 13.088 14.118 0.004 14.119 14.045 0 14.041
0.048 0.003 0.05 0.023 0.001 0.024 12.992 0.007 12.998 13.988 0.002 13.986 13.944 0 13.942
0.049 0.001 0.05 0.019 0.004 0.023 11.813 0.007 11.824 12.95 0.004 12.96 13.053 0.001 13.056
0.048 0.002 0.05 0.018 0.005 0.023 12.096 0.009 12.102 13.199 0.004 13.201 13.448 0 13.447
0.05 0.000999999999999994 0.051 0.02 0.003 0.024 12.006 0.003 12.005 12.781 0.004 12.791 12.922 0 12.925
0.047 0.003 0.051 0.02 0.003 0.023 12.122 0.004 12.122 13.47 0.007 13.474 13.783 0.001 13.782
0.05 0.001 0.051 0.02 0.004 0.023 12.941 0.004 12.942 14.004 0.01 14.012 13.908 0 13.906
0.051 0.002 0.053 0.023 0 0.023 12.844 0.007 12.855 13.661 0.006 13.666 13.473 0 13.479
0.049 0.002 0.051 0.019 0.004 0.023 12.652 0.006 12.662 13.116 0.005 13.12 13.036 0.001 13.042
0.048 0.003 0.051 0.018 0.005 0.023 12.136 0.041 12.216 13.138 0.01 13.172 13.335 0.01 13.37
0.048 0.002 0.051 0.02 0.003 0.023 12.02 0.008 12.025 13.174 0.00199999999999999 13.173 13.445 0 13.441
0.043 0.002 0.046 0.02 0.003 0.022 12.042 0.008 12.048 13.476 0.005 13.478 13.393 0 13.39
0.046 0 0.046 0.02 0.00199999999999999 0.022 12.122 0.005 12.124 13.96 0.005 13.964 13.907 0 13.903
0.05 0 0.05 0.02 0.003 0.023 12.756 0.003 12.757 13.736 0.004 13.737 13.265 0 13.263
0.048 0.003 0.051 0.02 0.003 0.023 12.89 0.006 12.893 13.936 0.006 13.939 13.92 0 13.916
0.051 0 0.051 0.02 0.004 0.023 12.78 0.007 12.786 13.842 0.006 13.845 13.815 0.001 13.813
0.05 0 0.05 0.021 0.002 0.023 12.397 0.004 12.397 13.12 0.004 13.121 13.49 0 13.487
0.048 0.002 0.05 0.019 0.004 0.023 12.873 0 12.87 13.867 0.004 13.868 13.828 0 13.825
0.05 0.001 0.051 0.021 0.00199999999999999 0.023 12.911 0.005 12.914 13.896 0.006 13.899 13.8 0 13.797
0.046 0 0.045 0.021 0.000999999999999994 0.023 11.941 0.00600000000000001 11.943 13.64 0.002 13.639 13.977 0.00199999999999999 13.976
0.044 0.006 0.05 0.021 0.003 0.024 15.116 0.007 15.121 16.996 0.002 16.993 17.616 0 17.613
