0.032 0.001 0.033 0.04 0 0.04 13.059 0.012 13.067 14.154 0.004 14.156 13.846 0 13.843
0.031 0.00199999999999999 0.033 0.038 0.001 0.039 13.068 0.008 13.074 14.096 0.001 14.093 14.056 0 14.053
0.033 0.001 0.033 0.038 0.002 0.041 13.106 0.007 13.11 14.191 0 14.188 14.129 0 14.126
0.027 0.005 0.032 0.036 0 0.035 12.621 0.009 12.627 13.733 0 13.73 14.268 0 14.264
0.03 0.00199999999999999 0.032 0.034 0.001 0.036 13.182 0.012 13.19 14.239 0.002 14.239 14.164 0 14.16
0.032 0.003 0.035 0.037 0.001 0.038 13.386 0.015 13.398 14.434 0.002 14.433 14.371 0 14.367
0.031 0.00199999999999999 0.033 0.041 0 0.04 13.05 0.011 13.058 14.082 0.001 14.081 14.045 0 14.041
0.031 0.003 0.034 0.039 0 0.04 13.319 0.01 13.326 14.387 0 14.383 14.34 0 14.338
0.032 0.002 0.033 0.038 0 0.039 13.189 0.011 13.196 14.266 0.001 14.264 14.204 0 14.201
0.031 0.004 0.034 0.038 0.001 0.04 13.267 0.016 13.279 14.401 0 14.398 14.315 0 14.312
0.031 0.003 0.033 0.04 0 0.04 13.182 0.013 13.192 14.269 0.001 14.267 14.201 0 14.198
0.032 0.001 0.034 0.039 0.000999999999999994 0.04 12.996 0.014 13.007 14.036 0 14.033 13.994 0 13.991
0.031 0.002 0.033 0.04 0 0.04 13.155 0.008 13.161 14.222 0 14.218 14.238 0 14.236
0.03 0.002 0.032 0.035 0.001 0.036 12.721 0.016 12.734 13.76 0.001 13.758 13.722 0 13.719
0.031 0.003 0.034 0.039 0 0.039 13.229 0.011 13.237 14.28 0.001 14.285 13.969 0 13.968
0.032 0.00199999999999999 0.034 0.038 0.001 0.039 12.998 0.013 13.008 13.596 0 13.593 13.577 0 13.574
0.031 0.002 0.033 0.039 0.001 0.04 12.999 0.01 13.006 14.248 0.001 14.246 13.976 0 13.973
0.033 0.000999999999999994 0.034 0.036 0.003 0.039 13.189 0.007 13.194 14.266 0 14.262 14.199 0 14.196
0.029 0.004 0.033 0.039 0.001 0.04 13.062 0.015 13.074 14.114 0 14.111 14.017 0 14.014
0.033 0.002 0.034 0.038 0.001 0.04 13.367 0.011 13.375 14.438 0.00199999999999999 14.437 14.398 0 14.395
0.034 0 0.034 0.039 0 0.04 13.271 0.013 13.281 14.378 0.001 14.375 14.312 0 14.31
0.033 0 0.033 0.041 0 0.041 13.118 0.012 13.126 14.162 0.004 14.163 14.114 0 14.112
0.031 0.002 0.034 0.04 0.000999999999999994 0.04 13.129 0.007 13.135 14.21 0.003 14.209 14.143 0 14.14
0.032 0.001 0.034 0.04 0 0.039 13.023 0.006 13.027 13.566 0.002 13.566 13.4 0 13.396
0.034 0 0.034 0.038 0.001 0.04 13.218 0.011 13.226 14.274 0.003 14.274 14.197 0 14.193
0.034 0 0.034 0.037 0.002 0.038 13.325 0.018 13.34 14.407 0 14.404 14.337 0 14.334
0.033 0.001 0.033 0.038 0.002 0.041 12.995 0.016 13.007 14.181 0.002 14.181 14.144 0 14.141
0.033 0.002 0.034 0.039 0 0.04 13.396 0.006 13.398 14.672 0 14.668 14.382 0 14.379
0.033 0.001 0.035 0.039 0 0.039 13.206 0.013 13.216 14.332 0 14.329 14.245 0 14.241
0.031 0.001 0.032 0.033 0.002 0.035 12.757 0.013 12.766 13.774 0 13.771 13.699 0 13.696
0.033 0.001 0.034 0.038 0.002 0.039 12.63 0.016 12.648 13.414 0.001 13.416 13.281 0 13.288
0.029 0.003 0.032 0.036 0.001 0.037 13.034 0.015 13.046 14.043 0.003 14.042 14.084 0 14.082
0.033 0.000999999999999994 0.033 0.039 0 0.039 13.133 0.015 13.146 14.196 0.002 14.195 14.157 0 14.154
0.029 0.004 0.033 0.04 0.001 0.04 13.015 0.01 13.023 14.054 0.001 14.052 14.014 0 14.011
0.031 0.002 0.034 0.039 0.001 0.04 13.267 0.01 13.274 14.406 0.002 14.405 14.355 0 14.352
0.033 0.000999999999999994 0.033 0.041 0.001 0.042 13.152 0.012 13.167 14.018 0.001 14.02 13.851 0 13.858
0.032 0.002 0.034 0.037 0.003 0.039 13.335 0.012 13.345 14.454 0 14.45 14.37 0 14.367
0.031 0.003 0.034 0.035 0.003 0.039 13.094 0.008 13.099 14.185 0 14.182 14.126 0 14.123
0.029 0.005 0.033 0.04 0 0.04 13.231 0.011 13.24 14.342 0 14.338 14.256 0 14.254
0.031 0.001 0.032 0.034 0.003 0.036 12.637 0.009 12.644 13.654 0.003 13.654 14.158 0 14.156
0.033 0 0.033 0.039 0.001 0.04 12.907 0.00899999999999999 12.914 14.023 0.001 14.021 13.979 0 13.975
0.034 0 0.034 0.038 0 0.038 13.426 0.009 13.432 14.458 0 14.454 14.392 0.001 14.39
0.03 0.003 0.034 0.041 0 0.04 13.17 0.013 13.18 14.235 0.003 14.235 14.156 0 14.153
0.032 0.002 0.034 0.04 0 0.039 13.345 0.01 13.352 14.438 0.003 14.438 14.378 0 14.376
0.031 0.003 0.033 0.039 0 0.04 13.138 0.013 13.148 14.243 0 14.24 14.167 0 14.164
0.033 0.002 0.034 0.04 0.001 0.041 13.496 0.013 13.506 14.555 0 14.551 14.493 0 14.49
0.031 0.002 0.033 0.04 0.001 0.04 12.993 0.013 13.003 14.031 0.001 14.03 14.012 0 14.008
0.031 0.003 0.033 0.037 0.00199999999999999 0.04 12.957 0.00800000000000001 12.962 14.007 0.000999999999999994 14.004 13.925 0 13.923
0.032 0.002 0.034 0.04 0.000999999999999994 0.041 13.011 0.012 13.021 14.016 0.001 14.015 13.994 0 13.989
0.031 0.002 0.033 0.038 0.000999999999999994 0.04 12.908 0.01 12.915 13.959 0.004 13.959 13.956 0 13.953
0.032 0.001 0.032 0.034 0.001 0.036 12.6 0.014 12.61 13.665 0 13.663 13.82 0 13.817
0.031 0.00199999999999999 0.033 0.039 0.001 0.04 12.822 0.004 12.824 13.725 0 13.722 13.667 0 13.665
0.032 0.001 0.033 0.039 0.001 0.04 12.983 0.007 12.987 14.17 0 14.166 14.033 0 14.031
0.031 0.001 0.032 0.036 0.001 0.037 12.889 0.013 12.898 14.05 0.001 14.049 13.94 0 13.936
0.032 0 0.032 0.034 0.002 0.036 12.994 0.008 12.999 13.991 0 13.987 13.996 0 13.994
0.033 0 0.033 0.041 0 0.04 13.106 0.014 13.117 14.231 0 14.228 14.183 0 14.18
0.027 0.00600000000000001 0.033 0.039 0 0.039 13.14 0.012 13.149 14.233 0.001 14.231 14.168 0 14.165
0.029 0.006 0.034 0.038 0 0.039 13.239 0.011 13.247 14.328 0 14.325 14.273 0 14.27
0.03 0.004 0.034 0.039 0.001 0.039 13.274 0.011 13.283 14.347 0.001 14.344 14.296 0.001 14.294
0.033 0 0.033 0.04 0 0.04 13.166 0.009 13.171 14.259 0 14.257 13.5 0 13.502
0.031 0.001 0.031 0.035 0.001 0.036 12.52 0.01 12.533 13.908 0.002 13.912 13.757 0 13.76
0.032 0.002 0.034 0.042 0 0.043 13.202 0.019 13.217 13.702 0 13.699 13.633 0 13.63
0.032 0.002 0.033 0.04 0 0.04 13 0.014 13.012 14.127 0.001 14.124 13.988 0 13.986
0.03 0.003 0.033 0.041 0 0.041 12.922 0.008 12.928 13.825 0.003 13.824 13.757 0 13.754
0.032 0.001 0.033 0.038 0.002 0.039 13.018 0.009 13.024 14.1 0 14.097 14.047 0 14.043
0.032 0.000999999999999994 0.033 0.039 0.001 0.04 13.032 0.013 13.042 14.249 0 14.246 14.022 0 14.018
0.031 0.003 0.034 0.04 0 0.039 13.073 0.013 13.084 14.186 0 14.183 14.117 0 14.114
0.03 0.003 0.034 0.04 0 0.04 12.67 0.01 12.676 13.579 0 13.578 13.487 0 13.484
0.032 0.001 0.034 0.038 0.00199999999999999 0.04 13.061 0.005 13.064 13.928 0.000999999999999994 13.926 14.048 0 14.045
0.031 0.001 0.032 0.035 0.002 0.037 13.067 0.005 13.069 14.066 0.002 14.065 14.086 0 14.083
0.032 0.00199999999999999 0.034 0.043 0 0.043 13.356 0.01 13.363 14.519 0 14.516 14.457 0 14.454
0.031 0.003 0.034 0.039 0 0.039 13.296 0.009 13.302 14.368 0.003 14.368 14.322 0 14.319
0.032 0.001 0.033 0.04 0 0.04 13.018 0.008 13.023 14.026 0 14.023 13.96 0 13.957
0.032 0.00199999999999999 0.033 0.038 0.001 0.039 13.102 0.011 13.11 13.916 0.001 13.924 13.705 0 13.707
0.033 0.000999999999999994 0.033 0.039 0.001 0.04 13.342 0.014 13.354 14.435 0.000999999999999994 14.431 14.329 0 14.327
0.029 0.00199999999999999 0.031 0.035 0 0.036 12.813 0.017 12.827 13.801 0.002 13.799 13.726 0 13.723
0.032 0.001 0.033 0.039 0.000999999999999994 0.04 13.039 0.01 13.047 14.118 0.001 14.115 14.069 0 14.066
0.034 0 0.033 0.039 0 0.039 12.985 0.013 12.995 14.052 0.00199999999999999 14.051 13.984 0 13.981
0.032 0.001 0.033 0.04 0.001 0.04 13.129 0.01 13.136 14.201 0.001 14.199 14.131 0.001 14.129
0.03 0.004 0.034 0.037 0.00199999999999999 0.039 13.086 0.014 13.097 14.15 0 14.147 14.055 0 14.052
0.032 0.00199999999999999 0.034 0.04 0 0.04 13.103 0.013 13.114 14.186 0.00199999999999999 14.185 14.152 0 14.149
0.031 0.003 0.034 0.039 0.000999999999999994 0.039 13.232 0.008 13.238 14.304 0 14.301 14.225 0 14.221
0.033 0 0.033 0.039 0.002 0.04 13.113 0.011 13.122 14.193 0.002 14.193 14.099 0 14.094
0.033 0 0.034 0.039 0.002 0.04 12.95 0.007 12.956 13.885 0 13.882 13.994 0 13.991
0.03 0.003 0.033 0.039 0.001 0.04 13.104 0.007 13.109 14.183 0 14.18 14.106 0 14.102
0.032 0.002 0.033 0.037 0.002 0.04 13.009 0.01 13.016 14.105 0.001 14.103 14.087 0 14.083
0.029 0.003 0.031 0.037 0 0.037 13.048 0.01 13.055 14.113 0.001 14.112 14.067 0 14.063
0.031 0 0.032 0.036 0 0.036 12.515 0.008 12.519 13.519 0.002 13.52 13.449 0 13.446
0.032 0.001 0.033 0.04 0 0.04 13.028 0.017 13.042 14.053 0 14.049 13.999 0 13.995
0.032 0.002 0.033 0.038 0.002 0.04 12.938 0.014 12.949 14.07 0 14.067 13.982 0 13.98
0.032 0.002 0.034 0.039 0 0.039 13.242 0.009 13.248 14.313 0 14.31 14.242 0 14.238
0.03 0.003 0.033 0.041 0 0.041 13.085 0.014 13.097 14.165 0.001 14.161 14.09 0 14.088
0.032 0.001 0.034 0.039 0.001 0.04 13.077 0.013 13.087 14.237 0 14.233 14.129 0 14.126
0.032 0.002 0.035 0.037 0.001 0.038 13.383 0.01 13.39 14.436 0 14.433 14.412 0 14.409
0.032 0.002 0.034 0.04 0.001 0.04 13.296 0.014 13.308 14.338 0.001 14.336 14.288 0 14.284
0.031 0.002 0.034 0.039 0.001 0.04 12.915 0.011 12.93 13.836 0.001 13.837 13.658 0 13.661
0.03 0.004 0.034 0.038 0.002 0.04 13.192 0.017 13.206 14.255 0.001 14.253 14.071 0 14.069
0.031 0 0.031 0.036 0 0.036 12.548 0.013 12.556 13.572 0.002 13.572 13.964 0 13.961
0.032 0.002 0.035 0.037 0.000999999999999994 0.038 13.526 0.009 13.531 14.549 0 14.545 14.485 0 14.482
0.032 0.001 0.034 0.04 0 0.04 13.188 0.014 13.199 14.275 0.001 14.272 14.225 0 14.223
0.031 0.003 0.034 0.039 0 0.039 13.564 0.012 13.573 14.589 0.001 14.587 14.503 0 14.501
0.033 0.001 0.034 0.036 0.005 0.04 13.182 0.011 13.191 14.264 0.003 14.263 14.24 0 14.236
0.034 0 0.034 0.039 0 0.04 13.314 0.01 13.322 14.356 0.002 14.354 14.318 0 14.315
0.032 0.002 0.034 0.039 0 0.039 13.286 0.013 13.295 14.205 0.001 14.203 14.271 0 14.268
0.032 0.002 0.034 0.039 0.001 0.04 13.099 0.004 13.1 14.255 0.001 14.253 14.158 0 14.155
0.031 0.001 0.032 0.036 0 0.036 12.668 0.015 12.68 13.707 0 13.705 14.126 0 14.123
0.03 0.004 0.033 0.037 0.004 0.041 12.854 0.009 12.86 14.146 0.004 14.148 14.037 0 14.033
0.031 0.002 0.033 0.038 0.002 0.04 13.019 0.011 13.028 13.936 0.001 13.934 14.051 0 14.047
0.03 0.002 0.032 0.034 0.001 0.035 13.047 0.008 13.052 14.432 0.001 14.43 14.397 0.000999999999999994 14.395
0.028 0.005 0.033 0.039 0 0.04 13.231 0.01 13.238 14.355 0.001 14.353 14.083 0 14.079
0.036 0 0.035 0.039 0 0.04 13.335 0.011 13.343 14.399 0.001 14.396 14.364 0.001 14.363
0.028 0.005 0.033 0.042 0 0.041 13.092 0.014 13.103 14.187 0.001 14.185 14.138 0 14.135
0.032 0.002 0.034 0.039 0 0.04 14.047 0.011 14.053 15.016 0 15.014 14.981 0 14.976
0.03 0.003 0.033 0.039 0 0.039 13.24 0.014 13.251 13.828 0.00199999999999999 13.826 14.052 0 14.049
0.034 0 0.033 0.037 0.002 0.04 12.997 0.009 13.002 14.039 0 14.037 13.976 0 13.972
0.032 0.000999999999999994 0.033 0.04 0.001 0.041 13.077 0.013 13.087 14.135 0.00199999999999999 14.134 14.084 0 14.08
0.033 0.001 0.034 0.04 0.000999999999999994 0.04 13.08 0.014 13.092 14.202 0 14.198 14.138 0 14.136
0.03 0.005 0.035 0.038 0 0.038 13.214 0.019 13.23 14.302 0.001 14.3 14.248 0 14.245
0.033 0 0.033 0.038 0.002 0.04 13.074 0.013 13.085 14.144 0.003 14.144 14.086 0 14.083
0.03 0.003 0.034 0.042 0 0.042 13.146 0.009 13.152 14.282 0.001 14.28 14.237 0 14.232
0.031 0.002 0.033 0.04 0 0.04 13.173 0.018 13.189 14.32 0 14.317 14.272 0 14.268
0.03 0.00199999999999999 0.032 0.041 0 0.04 13.006 0.00800000000000001 13.012 14.063 0.000999999999999994 14.06 14.015 0 14.013
0.033 0.001 0.033 0.038 0.002 0.04 12.955 0.01 12.963 13.983 0.003 13.982 13.942 0 13.94
0.033 0.001 0.033 0.038 0.001 0.039 13.133 0.011 13.142 14.183 0 14.18 14.11 0 14.106
0.033 0.001 0.033 0.038 0.001 0.04 13.126 0.01 13.133 13.713 0.002 13.712 13.651 0 13.647
0.032 0.001 0.033 0.038 0.00199999999999999 0.04 12.924 0.01 12.931 14.022 0.001 14.021 13.993 0 13.99
0.031 0.003 0.034 0.038 0.002 0.04 13.056 0.011 13.064 14.113 0.001 14.111 14.033 0.001 14.03
0.032 0.000999999999999994 0.033 0.04 0.002 0.042 13.041 0.007 13.045 14.15 0.003 14.15 14.09 0 14.086
0.03 0.00199999999999999 0.033 0.04 0.001 0.04 13.091 0.009 13.097 14.165 0 14.162 14.111 0 14.108
0.032 0.001 0.034 0.039 0.001 0.04 13.126 0.012 13.135 14.207 0.001 14.205 14.111 0 14.108
0.033 0.001 0.034 0.039 0.001 0.039 13.282 0.01 13.29 14.36 0 14.357 14.265 0 14.261
0.031 0.00199999999999999 0.034 0.04 0 0.04 13.147 0.008 13.152 14.258 0.001 14.256 14.173 0 14.17
0.033 0.001 0.033 0.04 0 0.04 13.47 0.011 13.478 14.567 0.001 14.565 14.45 0 14.447
0.031 0.003 0.033 0.037 0.002 0.04 12.983 0.014 12.994 13.811 0.003 13.811 13.761 0 13.758
0.034 0 0.034 0.037 0.003 0.04 13.097 0.00600000000000001 13.1 14.12 0 14.117 14.076 0 14.073
0.033 0 0.033 0.04 0.001 0.041 13.078 0.011 13.087 14.202 0.00199999999999999 14.2 14.147 0 14.144
0.032 0.002 0.034 0.039 0.001 0.04 13.122 0.011 13.132 14.211 0.002 14.209 14.145 0 14.142
0.031 0.003 0.034 0.04 0 0.04 13.017 0.00700000000000001 13.021 14 0.004 14.001 13.959 0 13.956
0.031 0.002 0.033 0.04 0 0.041 13.125 0.00899999999999999 13.13 14.051 0.002 14.051 14.04 0 14.036
0.033 0 0.033 0.039 0.001 0.04 13.027 0.012 13.036 14.12 0.001 14.118 14.111 0.001 14.109
0.03 0.002 0.032 0.036 0 0.036 12.562 0.006 12.565 13.582 0.001 13.581 13.514 0 13.511
0.032 0.002 0.034 0.039 0 0.04 13.15 0.009 13.155 14.281 0.002 14.28 14.325 0 14.322
0.03 0.003 0.033 0.039 0 0.04 12.939 0.01 12.946 14.177 0.00199999999999999 14.175 13.892 0 13.889
0.028 0.005 0.033 0.04 0 0.04 13.043 0.007 13.048 14.2 0.001 14.197 14.011 0 14.008
0.032 0.003 0.034 0.037 0.001 0.038 13.357 0.00799999999999999 13.364 14.42 0.001 14.416 14.329 0 14.326
0.031 0.002 0.033 0.039 0.001 0.04 13.123 0.011 13.131 14.154 0.00199999999999999 14.153 14.107 0 14.104
0.03 0.001 0.032 0.035 0.001 0.036 12.996 0.016 13.009 14.273 0 14.269 14.203 0 14.201
0.032 0.001 0.033 0.041 0 0.04 13.26 0.014 13.271 14.358 0 14.355 14.059 0 14.056
0.031 0 0.031 0.035 0.001 0.036 12.481 0.011 12.489 13.342 0 13.339 13.822 0 13.82
0.032 0.000999999999999994 0.033 0.041 0.001 0.042 13.181 0.017 13.196 14.241 0.001 14.238 14.166 0 14.163
0.028 0.005 0.033 0.041 0.001 0.042 13.032 0.011 13.04 14.118 0.001 14.116 14.073 0.001 14.071
0.032 0.001 0.033 0.039 0.000999999999999994 0.04 13.012 0.011 13.021 14.042 0.001 14.039 13.984 0 13.981
0.03 0.003 0.034 0.04 0 0.04 13.274 0.013 13.285 14.373 0.001 14.37 14.295 0 14.292
0.034 0 0.034 0.037 0.001 0.038 13.029 0.00899999999999999 13.035 14.131 0 14.127 14.073 0 14.07
0.026 0.005 0.032 0.036 0 0.036 12.567 0.012 12.576 13.604 0.001 13.602 13.542 0 13.539
0.029 0.005 0.034 0.038 0.001 0.04 13.044 0.012 13.053 14.119 0.001 14.116 14.092 0 14.089
0.03 0.004 0.034 0.038 0.002 0.04 13.154 0.012 13.164 14.224 0 14.221 14.142 0 14.139
0.03 0.004 0.033 0.038 0.00199999999999999 0.04 12.947 0.011 12.956 14.037 0 14.033 13.961 0 13.958
0.033 0.001 0.033 0.038 0.002 0.04 12.948 0.01 12.955 14.092 0.001 14.091 14.04 0 14.036
0.029 0.004 0.034 0.039 0.001 0.04 13.163 0.006 13.165 14.106 0 14.104 14.221 0 14.218
0.032 0.001 0.033 0.04 0 0.04 13.109 0.011 13.117 14.199 0 14.196 14.163 0 14.16
0.031 0.001 0.032 0.036 0 0.036 12.582 0.009 12.588 13.608 0 13.606 13.54 0 13.537
0.033 0.001 0.034 0.039 0 0.039 13.309 0.007 13.313 14.409 0 14.405 14.358 0 14.355
0.033 0.001 0.034 0.038 0.002 0.039 12.862 0.01 12.87 14.003 0.001 14.001 13.938 0 13.933
0.031 0.002 0.033 0.042 0.000999999999999994 0.042 13.17 0.009 13.177 14.253 0.001 14.251 14.18 0 14.176
0.033 0 0.033 0.042 0.000999999999999994 0.042 13.031 0.011 13.039 14.107 0 14.105 14.014 0 14.01
0.033 0.001 0.035 0.039 0.001 0.039 13.354 0.01 13.362 14.458 0 14.454 14.365 0 14.363
0.03 0.004 0.034 0.041 0 0.041 13.218 0.012 13.228 14.325 0 14.321 14.264 0 14.261
0.032 0.001 0.033 0.04 0 0.041 13.034 0.012 13.042 14.079 0 14.076 14.028 0 14.026
0.033 0.001 0.035 0.038 0.000999999999999994 0.039 13.401 0.013 13.411 14.49 0.001 14.488 14.392 0 14.389
0.031 0.003 0.034 0.039 0.001 0.04 12.987 0.014 12.999 13.535 0 13.531 13.492 0 13.489
0.033 0.001 0.034 0.039 0 0.04 13.568 0.014 13.578 14.663 0 14.659 14.606 0 14.604
0.031 0.001 0.032 0.035 0 0.035 12.572 0.012 12.58 13.641 0 13.64 13.576 0 13.573
0.031 0.003 0.033 0.037 0.003 0.04 13.067 0.013 13.078 14.094 0 14.09 14.071 0 14.067
0.03 0.003 0.033 0.041 0 0.041 13.049 0.015 13.063 14.114 0.001 14.11 14.067 0 14.064
0.034 0.001 0.035 0.038 0.001 0.039 13.139 0.014 13.15 14.378 0.001 14.376 14.104 0 14.1
0.032 0.001 0.034 0.038 0.002 0.04 12.98 0.013 12.99 14.089 0 14.086 13.979 0 13.976
0.032 0.001 0.033 0.035 0.001 0.036 12.59 0.013 12.599 13.618 0 13.617 13.747 0 13.744
0.03 0.003 0.034 0.04 0 0.039 13.1 0.009 13.106 14.182 0 14.18 14.175 0 14.171
0.031 0.001 0.032 0.036 0 0.036 12.751 0.015 12.763 13.73 0 13.727 14.178 0 14.175
0.031 0.00199999999999999 0.033 0.038 0.002 0.04 13.114 0.011 13.123 14.003 0.001 14.001 14.037 0 14.036
0.03 0.004 0.034 0.038 0.00199999999999999 0.039 12.88 0.011 12.889 14.101 0 14.098 13.848 0 13.844
0.03 0.003 0.034 0.038 0.001 0.039 13.158 0.01 13.165 13.935 0 13.931 14.218 0 14.216
0.031 0.00199999999999999 0.033 0.04 0 0.04 12.99 0.015 13.004 14.048 0.001 14.045 14.009 0 14.005
0.028 0.005 0.033 0.039 0 0.04 13.154 0.012 13.163 14.241 0.001 14.239 14.178 0 14.175
0.031 0.00199999999999999 0.034 0.04 0.001 0.041 13.036 0.01 13.043 14.06 0.001 14.058 14.015 0 14.012
0.033 0 0.033 0.04 0.001 0.041 13.15 0.01 13.157 14.24 0.002 14.239 14.16 0 14.156
0.03 0.002 0.031 0.034 0.00199999999999999 0.036 12.592 0.008 12.596 13.906 0 13.905 14.228 0 14.224
0.032 0.003 0.034 0.041 0.001 0.041 13.26 0.01 13.268 14.327 0 14.324 14.289 0 14.286
0.029 0.004 0.034 0.039 0.001 0.04 13.121 0.011 13.129 14.201 0.002 14.199 14.146 0 14.144
0.028 0.006 0.034 0.039 0 0.04 13.22 0.009 13.225 14.225 0.001 14.222 14.167 0 14.164
0.033 0.001 0.034 0.039 0.001 0.039 13.551 0.011 13.56 14.657 0 14.654 14.577 0 14.573
0.032 0.002 0.033 0.04 0 0.04 13.215 0.013 13.226 14.299 0.00199999999999999 14.297 14.254 0 14.252
0.034 0 0.033 0.038 0.002 0.041 13.088 0.009 13.093 14.14 0 14.138 14.072 0 14.068
0.029 0.005 0.033 0.04 0 0.04 13.042 0.008 13.049 14.096 0.003 14.094 14.042 0 14.04
0.033 0 0.033 0.04 0 0.04 13.309 0.012 13.319 14.406 0.001 14.403 14.362 0 14.359
0.032 0.00199999999999999 0.034 0.038 0.001 0.04 13.218 0.012 13.227 14.313 0.001 14.31 14.25 0 14.248
0.03 0.002 0.033 0.037 0.003 0.04 12.908 0.016 12.921 14.004 0.002 14.002 13.925 0 13.923
0.032 0.001 0.033 0.04 0 0.04 12.628 0.018 12.642 13.485 0.001 13.484 13.413 0 13.41
0.03 0.004 0.033 0.038 0.001 0.04 12.907 0.015 12.919 13.501 0 13.499 13.431 0 13.428
0.027 0.006 0.033 0.039 0 0.04 12.942 0.011 12.949 13.939 0.001 13.938 13.871 0 13.867
0.03 0.004 0.034 0.039 0 0.039 13.201 0.013 13.213 14.261 0.001 14.257 14.236 0 14.234
0.033 0.001 0.034 0.04 0 0.039 13.184 0.012 13.193 14.287 0 14.285 14.224 0 14.219
0.032 0.001 0.033 0.04 0 0.04 13.131 0.011 13.138 14.208 0.001 14.206 14.153 0 14.149
0.033 0 0.033 0.041 0 0.041 13.035 0.008 13.04 14.11 0 14.107 14.04 0 14.037
0.032 0.002 0.034 0.041 0.001 0.041 13.117 0.015 13.13 14.166 0.001 14.163 14.112 0 14.109
0.033 0.001 0.034 0.039 0 0.04 13.264 0.013 13.273 14.329 0 14.326 14.273 0 14.27
0.03 0.004 0.034 0.041 0 0.041 13.311 0.015 13.323 14.381 0.002 14.38 14.33 0 14.327
0.031 0.002 0.034 0.039 0.001 0.039 13.23 0.008 13.236 13.991 0.001 13.988 13.639 0 13.636
0.031 0.001 0.032 0.035 0.001 0.037 13.042 0.011 13.049 14.15 0.00199999999999999 14.149 14.052 0 14.049
0.032 0.002 0.034 0.04 0.002 0.042 13.179 0.013 13.19 14.229 0.001 14.226 14.196 0 14.193
0.032 0.002 0.035 0.039 0.001 0.039 13.317 0.009 13.324 14.378 0.000999999999999994 14.376 14.309 0 14.306
0.027 0.005 0.032 0.037 0.001 0.038 13.007 0.007 13.012 14.145 0 14.141 14.067 0 14.064
0.03 0.003 0.033 0.039 0.001 0.04 13.094 0.013 13.104 14.23 0 14.227 14.112 0 14.109
0.028 0.004 0.032 0.036 0 0.037 12.981 0.014 12.991 14.223 0 14.221 14.037 0 14.033
0.031 0.003 0.034 0.039 0 0.039 13.167 0.008 13.173 14.279 0.001 14.277 14.217 0 14.213
0.03 0.002 0.032 0.036 0 0.035 12.762 0.014 12.773 13.805 0.001 13.804 13.719 0 13.717
0.032 0.001 0.033 0.04 0 0.04 12.918 0.011 12.927 13.965 0.003 13.965 13.979 0 13.977
0.032 0.001 0.032 0.034 0.001 0.035 12.704 0.012 12.712 13.76 0 13.758 14.098 0 14.095
0.031 0.002 0.034 0.04 0 0.039 13.126 0.00899999999999999 13.133 14.068 0 14.064 14.17 0 14.166
0.029 0.003 0.032 0.036 0 0.036 13.178 0.013 13.189 14.411 0 14.407 14.27 0 14.267
0.028 0.005 0.033 0.041 0 0.04 13.12 0.009 13.127 14.036 0.003 14.035 14.169 0 14.167
0.033 0.001 0.033 0.042 0 0.042 13.036 0.007 13.044 13.899 0 13.902 13.751 0 13.753
0.032 0.000999999999999994 0.033 0.039 0 0.04 13.301 0.008 13.305 14.363 0.001 14.361 14.256 0 14.253
0.031 0.000999999999999994 0.032 0.034 0.001 0.035 13.136 0.009 13.142 14.467 0.001 14.465 14.436 0 14.433
0.033 0.001 0.034 0.039 0 0.039 13.371 0.009 13.377 14.417 0 14.414 14.152 0 14.148
0.031 0 0.032 0.036 0 0.035 12.438 0.011 12.446 13.272 0.001 13.277 13.167 0 13.169
0.033 0 0.034 0.039 0.001 0.039 13.015 0.013 13.025 14.166 0 14.163 14.085 0 14.082
0.033 0.001 0.033 0.039 0 0.039 13.114 0.012 13.124 14.2 0.003 14.2 14.164 0 14.161
0.03 0.004 0.033 0.039 0.001 0.04 13.067 0.01 13.075 14.101 0 14.097 14.057 0 14.055
0.03 0.003 0.033 0.04 0.001 0.042 13.189 0.013 13.198 14.238 0 14.235 14.198 0 14.195
0.031 0.002 0.033 0.04 0 0.041 13.084 0.01 13.091 14.192 0.001 14.19 14.146 0 14.142
0.032 0.002 0.034 0.039 0.001 0.04 13.168 0.01 13.175 14.277 0 14.274 14.263 0 14.26
0.033 0.000999999999999994 0.033 0.039 0.001 0.04 13.012 0.01 13.019 14.113 0.001 14.112 14.092 0.001 14.089
0.033 0 0.034 0.04 0 0.04 13.239 0.011 13.247 14.301 0.003 14.301 14.254 0 14.25
0.031 0.001 0.032 0.036 0.000999999999999994 0.036 12.5 0.01 12.508 13.514 0 13.512 13.513 0 13.51
0.034 0 0.034 0.038 0.002 0.04 12.867 0.009 12.874 13.517 0 13.515 13.424 0 13.42
0.032 0.002 0.034 0.038 0.000999999999999994 0.039 13.042 0.009 13.05 14.143 0 14.139 14.056 0 14.052
0.031 0.003 0.033 0.037 0.002 0.04 13.052 0.013 13.062 14.113 0.002 14.111 14.063 0 14.06
0.031 0.002 0.033 0.041 0.001 0.042 12.968 0.005 12.97 14.05 0 14.048 13.967 0.001 13.964
0.029 0.004 0.033 0.038 0.002 0.04 12.89 0.01 12.897 13.945 0.001 13.943 13.908 0 13.905
0.032 0.002 0.033 0.042 0 0.042 13.13 0.014 13.142 13.923 0.002 13.932 13.763 0 13.765
0.031 0.003 0.034 0.038 0.00199999999999999 0.04 13.086 0.011 13.095 14.216 0 14.213 14.156 0 14.152
0.033 0.001 0.033 0.039 0.001 0.04 13.14 0.01 13.147 14.252 0 14.249 14.199 0 14.195
0.029 0.004 0.033 0.04 0 0.04 13.086 0.008 13.091 14.103 0.002 14.102 14.068 0 14.065
0.029 0.00199999999999999 0.032 0.035 0.002 0.036 12.519 0.008 12.524 13.595 0.002 13.595 14.069 0 14.065
0.03 0.003 0.033 0.036 0.003 0.039 13.068 0.01 13.075 14.18 0.002 14.179 14.069 0 14.066
0.032 0.00199999999999999 0.034 0.039 0.001 0.039 13.402 0.012 13.413 14.5 0 14.496 14.366 0 14.363
0.029 0.005 0.033 0.039 0 0.04 13.464 0.017 13.478 14.655 0 14.652 14.539 0 14.535
0.029 0.003 0.031 0.036 0 0.036 12.388 0.01 12.396 13.428 0.000999999999999994 13.425 13.415 0 13.414
0.03 0.003 0.033 0.039 0.001 0.04 13.165 0.009 13.172 14.193 0.00199999999999999 14.191 14.167 0 14.164
0.031 0.003 0.034 0.04 0 0.04 13.137 0.013 13.147 14.189 0.002 14.188 14.144 0 14.14
0.029 0.003 0.032 0.035 0 0.036 13.124 0.006 13.126 14.165 0 14.161 14.152 0 14.149
0.031 0.003 0.033 0.036 0.003 0.04 13.063 0.006 13.066 14.074 0.001 14.073 13.988 0 13.985
0.033 0 0.032 0.036 0.001 0.037 12.626 0.017 12.64 13.622 0.001 13.621 13.561 0 13.559
0.03 0.003 0.033 0.039 0.001 0.041 12.929 0.011 12.936 14.013 0.002 14.012 13.937 0 13.934
0.027 0.005 0.032 0.035 0.001 0.036 12.501 0.013 12.51 13.54 0.001 13.54 13.896 0 13.893
0.032 0.002 0.033 0.039 0 0.04 13.276 0.013 13.287 14.146 0 14.141 14.3 0 14.297
0.028 0.004 0.032 0.036 0 0.036 13.044 0.006 13.047 14.106 0 14.103 14.096 0 14.092
0.031 0.00199999999999999 0.033 0.04 0 0.04 13.13 0.011 13.139 14.264 0.003 14.263 14.267 0 14.264
0.032 0.001 0.033 0.039 0.000999999999999994 0.04 13.063 0.015 13.075 14.146 0.001 14.144 14.051 0 14.048
0.032 0.001 0.033 0.04 0 0.04 12.96 0.01 12.972 13.787 0.001 13.791 13.637 0 13.64
0.032 0.002 0.034 0.039 0 0.039 13.326 0.015 13.339 14.385 0.003 14.384 14.327 0.00199999999999999 14.326
0.03 0.003 0.033 0.04 0 0.04 13.298 0.017 13.312 14.322 0.001 14.32 14.279 0 14.276
0.033 0.000999999999999994 0.034 0.038 0.001 0.039 13.309 0.014 13.321 13.846 0.000999999999999994 13.844 13.757 0 13.753
0.031 0.001 0.032 0.036 0 0.036 13.169 0.011 13.177 14.223 0 14.22 14.212 0 14.208
0.031 0.003 0.034 0.039 0.001 0.04 13.19 0.014 13.202 14.245 0.00199999999999999 14.243 14.186 0 14.183
0.034 0 0.034 0.039 0.001 0.04 13.004 0.017 13.018 14.118 0.001 14.116 14.035 0 14.032
0.032 0.001 0.033 0.041 0 0.041 12.555 0.011 12.563 13.551 0 13.549 13.487 0 13.485
0.032 0.001 0.033 0.04 0 0.04 12.918 0.012 12.927 14.031 0 14.026 13.919 0 13.916
0.033 0 0.033 0.039 0.001 0.04 12.951 0.008 12.956 14.027 0 14.024 13.86 0 13.859
0.031 0.001 0.032 0.036 0 0.036 13.236 0.013 13.246 14.302 0 14.3 14.217 0 14.219
0.032 0.003 0.035 0.039 0.000999999999999994 0.04 12.95 0.01 12.957 14.028 0 14.025 13.966 0 13.963
0.031 0.002 0.032 0.04 0 0.039 12.832 0.008 12.839 13.659 0.001 13.664 13.503 0 13.508
0.032 0 0.031 0.036 0 0.036 12.551 0.009 12.557 13.593 0.004 13.595 13.518 0 13.514
0.03 0.004 0.034 0.039 0.001 0.04 12.969 0.012 12.978 13.653 0 13.65 13.589 0 13.586
0.031 0 0.031 0.035 0.001 0.036 13.042 0.014 13.053 14.118 0.002 14.117 14.082 0 14.079
0.03 0.003 0.033 0.037 0.002 0.04 13.009 0.017 13.024 14.137 0.00199999999999999 14.135 14.077 0 14.073
0.033 0 0.033 0.036 0.004 0.04 12.994 0.014 13.004 14.164 0.000999999999999994 14.163 14.098 0 14.095
0.032 0.001 0.033 0.041 0.001 0.0419999999999999 13.114 0.00899999999999999 13.121 14.192 0.004 14.191 14.138 0 14.136
0.03 0.002 0.033 0.041 0.001 0.042 13.263 0.013 13.272 14.315 0 14.313 14.242 0 14.238
0.032 0.002 0.033 0.037 0.001 0.039 13.241 0.01 13.248 14.295 0 14.292 14.222 0 14.219
0.031 0.004 0.034 0.038 0.001 0.039 12.937 0.015 12.961 13.843 0 13.844 13.695 0 13.698
0.032 0.00199999999999999 0.034 0.039 0.001 0.04 13.172 0.012 13.182 14.234 0.001 14.232 14.123 0 14.126
0.035 0 0.034 0.038 0 0.038 13.339 0.014 13.35 14.472 0 14.469 14.419 0 14.417
0.032 0.002 0.034 0.04 0 0.04 13.345 0.015 13.358 14.385 0.003 14.384 14.344 0 14.341
0.031 0.001 0.032 0.034 0.001 0.035 12.981 0.016 12.994 14.289 0 14.286 14.249 0 14.247
0.03 0.002 0.032 0.035 0 0.035 12.552 0.021 12.57 13.619 0 13.616 14.124 0 14.122
0.031 0.002 0.034 0.038 0.00199999999999999 0.04 13.061 0.00600000000000001 13.064 14.116 0.001 14.114 13.847 0 13.844
0.032 0 0.032 0.036 0.001 0.036 12.952 0.013 12.963 14.078 0.001 14.076 13.986 0 13.983
0.031 0.003 0.034 0.039 0.001 0.04 12.887 0.014 12.899 14.135 0 14.132 13.909 0 13.906
0.031 0.002 0.034 0.04 0 0.04 13.133 0.013 13.143 14.044 0.001 14.041 14.162 0.001 14.16
0.033 0.002 0.035 0.039 0 0.039 12.913 0.013 12.929 13.837 0.000999999999999994 13.84 13.665 0 13.668
0.03 0.002 0.032 0.036 0 0.036 12.505 0.013 12.515 13.549 0.002 13.548 13.733 0 13.731
0.033 0 0.033 0.039 0.001 0.04 13.022 0.012 13.031 14.09 0.001 14.088 14.053 0 14.05
0.031 0.000999999999999994 0.031 0.035 0.001 0.036 12.555 0.009 12.561 13.733 0.001 13.732 14.202 0 14.199
0.032 0.002 0.033 0.039 0.001 0.04 13.004 0.01 13.011 14.29 0.002 14.289 14.065 0 14.06
0.032 0.001 0.033 0.04 0 0.04 13.13 0.011 13.138 14.042 0 14.039 14.162 0 14.158
0.032 0.001 0.033 0.039 0.001 0.04 12.899 0.009 12.905 14.26 0.000999999999999994 14.258 14.234 0.001 14.233
0.034 0 0.034 0.038 0.001 0.039 13.024 0.00899999999999999 13.03 14.116 0.002 14.115 14.038 0 14.035
0.031 0.003 0.034 0.04 0 0.04 13.138 0.011 13.146 14.211 0 14.208 14.15 0.001 14.148
0.029 0.002 0.031 0.035 0.000999999999999994 0.036 12.664 0.011 12.677 13.923 0 13.923 13.761 0 13.766
0.032 0.001 0.033 0.04 0 0.04 13.045 0.012 13.053 14.208 0.003 14.208 13.585 0 13.588
0.03 0.004 0.033 0.039 0.001 0.041 13.178 0.011 13.185 14.253 0 14.25 14.191 0 14.187
0.031 0.002 0.033 0.04 0 0.04 13.163 0.012 13.172 14.25 0.001 14.248 14.21 0.000999999999999994 14.207
0.032 0.001 0.034 0.038 0.002 0.04 12.965 0.008 12.97 13.503 0.000999999999999994 13.5 13.452 0 13.449
0.03 0.002 0.032 0.035 0 0.036 13.109 0.015 13.121 14.193 0.002 14.191 14.205 0 14.202
0.034 0 0.034 0.039 0.001 0.04 13.002 0.01 13.009 14.054 0.001 14.052 14.009 0 14.006
0.03 0.002 0.031 0.033 0.002 0.036 12.711 0.01 12.716 13.718 0.00199999999999999 13.718 13.665 0 13.662
0.032 0.001 0.034 0.039 0 0.039 13.37 0.01 13.377 14.382 0.001 14.378 14.374 0 14.371
0.029 0.004 0.033 0.038 0.001 0.039 13.113 0.008 13.118 14.176 0 14.173 14.102 0 14.099
0.028 0.003 0.032 0.035 0.001 0.036 12.958 0.015 12.97 14.088 0.001 14.086 14.014 0 14.01
0.032 0.001 0.033 0.04 0 0.04 12.888 0.009 12.896 13.896 0.002 13.893 13.841 0 13.838
0.032 0.001 0.033 0.04 0 0.04 13.007 0.012 13.025 13.81 0.001 13.81 13.679 0 13.687
0.033 0 0.034 0.04 0 0.039 12.778 0.01 12.786 13.567 0 13.563 13.531 0.001 13.529
0.033 0 0.034 0.04 0.000999999999999994 0.04 13.017 0.01 13.024 13.626 0.001 13.625 13.391 0 13.387
0.028 0.005 0.034 0.04 0 0.039 13.192 0.014 13.204 14.344 0.002 14.342 14.274 0 14.27
0.032 0 0.032 0.035 0.001 0.036 13.013 0.01 13.02 14.061 0.001 14.057 13.985 0 13.983
0.03 0.003 0.033 0.038 0.002 0.04 13.11 0.009 13.116 14.161 0 14.158 14.097 0 14.094
0.032 0.001 0.033 0.039 0 0.039 13.098 0.009 13.104 14.215 0 14.212 14.177 0 14.174
0.03 0.003 0.033 0.04 0.001 0.04 13.224 0.009 13.23 14.344 0 14.342 14.263 0 14.26
0.031 0.002 0.033 0.04 0 0.04 13.199 0.011 13.206 14.248 0.001 14.246 14.18 0 14.181
0.031 0.003 0.033 0.04 0 0.04 13.136 0.018 13.152 14.12 0.001 14.126 13.845 0 13.843
0.034 0 0.034 0.04 0.001 0.041 13.163 0.012 13.173 14.262 0.001 14.259 14.199 0 14.196
0.034 0 0.034 0.04 0 0.04 13.238 0.008 13.243 14.32 0 14.315 14.257 0 14.255
0.03 0.003 0.033 0.04 0 0.04 13.07 0.008 13.075 14.076 0.001 14.074 14.038 0 14.035
0.032 0 0.031 0.036 0 0.037 12.952 0.01 12.96 14.231 0.002 14.229 14.166 0 14.163
0.032 0.001 0.033 0.04 0.001 0.04 13.071 0.01 13.08 14.19 0.000999999999999994 14.188 13.909 0 13.906
0.031 0.001 0.032 0.035 0 0.035 12.615 0.014 12.626 13.652 0 13.65 14.106 0 14.103
0.032 0.002 0.034 0.039 0 0.039 13.142 0.017 13.155 14.249 0 14.246 14.052 0 14.05
0.034 0 0.034 0.04 0 0.04 13.267 0.015 13.279 14.329 0.002 14.328 14.198 0.001 14.195
0.03 0.003 0.034 0.04 0 0.04 12.837 0.013 12.853 13.77 0 13.772 13.587 0 13.589
0.031 0.001 0.033 0.034 0.003 0.035 12.674 0.01 12.682 13.735 0 13.733 13.67 0 13.667
0.03 0.00199999999999999 0.032 0.035 0.001 0.036 13.327 0.009 13.333 14.411 0.004 14.41 14.367 0.001 14.366
0.03 0.002 0.032 0.035 0.001 0.036 12.44 0.012 12.449 13.424 0.001 13.422 13.672 0 13.671
0.034 0 0.034 0.038 0.001 0.04 13.116 0.015 13.127 14.555 0 14.552 14.295 0 14.292
0.03 0.004 0.034 0.039 0 0.039 13.157 0.009 13.163 14.149 0 14.146 14.126 0 14.129
0.031 0.002 0.034 0.039 0.000999999999999994 0.04 12.898 0.009 12.905 14.141 0.002 14.14 13.927 0 13.923
0.031 0.001 0.032 0.035 0.001 0.036 12.654 0.013 12.664 14.188 0 14.186 14.087 0 14.084
0.03 0.004 0.034 0.038 0.001 0.04 13.548 0.007 13.551 14.668 0 14.665 14.535 0 14.538
0.034 0 0.034 0.038 0.001 0.039 13.219 0.012 13.235 13.987 0.001 13.987 13.863 0 13.864
0.029 0.004 0.033 0.039 0.00199999999999999 0.041 13.134 0.012 13.144 14.235 0.001 14.233 13.693 0 13.69
0.031 0.00199999999999999 0.034 0.039 0 0.039 13.03 0.01 13.037 14.105 0.002 14.104 14.055 0 14.052
0.032 0.001 0.033 0.041 0 0.041 13.159 0.014 13.17 14.224 0.002 14.223 14.171 0 14.168
0.031 0.002 0.034 0.038 0.002 0.039 13.079 0.01 13.087 13.64 0.001 13.639 13.572 0 13.568
0.03 0.004 0.034 0.04 0 0.039 13.415 0.012 13.424 14.5 0 14.498 14.435 0 14.432
0.031 0.001 0.032 0.034 0.001 0.036 13.155 0.011 13.163 14.215 0 14.212 14.159 0 14.154
0.031 0.003 0.034 0.039 0.001 0.04 13.284 0.013 13.295 14.335 0.003 14.333 14.278 0 14.275
0.031 0.003 0.033 0.037 0.003 0.04 12.993 0.015 13.005 14.044 0.001 14.042 13.998 0 13.995
0.031 0.00199999999999999 0.033 0.041 0 0.04 13.003 0.021 13.032 14.12 0.003 14.125 14.041 0.003 14.043
0.031 0.003 0.033 0.039 0.001 0.04 13.061 0.013 13.071 14.149 0.002 14.148 14.087 0 14.084
0.031 0.003 0.034 0.039 0.001 0.039 13.266 0.011 13.274 14.332 0.001 14.331 14.225 0 14.221
0.031 0.00199999999999999 0.033 0.039 0.001 0.04 13.077 0.012 13.086 14.161 0 14.157 14.066 0 14.063
0.032 0.002 0.034 0.039 0.001 0.048 12.948 0.012 12.959 13.975 0 13.977 13.774 0 13.776
0.028 0.004 0.032 0.035 0.001 0.036 12.474 0.011 12.482 13.504 0.00199999999999999 13.504 13.447 0 13.444
0.033 0.001 0.034 0.039 0.001 0.04 12.789 0.008 12.795 13.529 0.001 13.527 13.498 0 13.494
0.032 0.001 0.034 0.039 0.001 0.039 13.246 0.014 13.258 14.284 0.002 14.281 14.373 0 14.371
0.032 0.002 0.034 0.038 0.000999999999999994 0.039 13.271 0.01 13.277 14.248 0.004 14.249 14.211 0 14.208
0.028 0.005 0.033 0.038 0.000999999999999994 0.038 13.084 0.007 13.089 14.24 0.002 14.239 14.181 0 14.176
0.033 0 0.033 0.039 0.002 0.04 13.156 0.005 13.16 14.245 0.001 14.242 14.161 0 14.158
0.032 0.002 0.034 0.04 0 0.04 13.043 0.013 13.059 13.903 0.001 13.902 13.732 0 13.738
0.032 0.002 0.034 0.039 0 0.039 14.769 0.007 14.773 15.805 0.002 15.803 15.593 0 15.59
0.028 0.004 0.032 0.035 0.001 0.036 12.835 0.009 12.842 14.132 0 14.128 14.07 0 14.068
0.033 0.001 0.034 0.038 0.002 0.04 13.048 0.012 13.058 14.111 0.002 14.11 13.826 0 13.823
0.035 0 0.034 0.037 0.001 0.039 13.294 0.008 13.299 14.349 0.001 14.347 14.255 0 14.251
0.028 0.005 0.033 0.04 0 0.04 12.939 0.015 12.952 13.968 0.00199999999999999 13.967 13.926 0.001 13.924
0.031 0.004 0.035 0.037 0.001 0.038 13.44 0.005 13.441 14.499 0.002 14.499 14.469 0 14.466
0.029 0.005 0.034 0.04 0 0.039 13.294 0.012 13.304 14.37 0 14.366 14.341 0 14.339
0.027 0.005 0.031 0.034 0.00199999999999999 0.036 12.523 0.00700000000000001 12.528 13.576 0.001 13.575 14.042 0 14.038
0.032 0.002 0.033 0.036 0.003 0.04 12.906 0.014 12.917 14.132 0 14.129 13.856 0.001 13.854
0.03 0.003 0.033 0.039 0.001 0.041 13.153 0.01 13.16 14.225 0 14.221 14.217 0 14.215
0.03 0.001 0.031 0.036 0 0.036 12.611 0.011 12.619 13.544 0 13.545 13.357 0 13.359
0.031 0.002 0.033 0.039 0 0.04 13.046 0.011 13.053 14.13 0 14.127 14.061 0 14.057
0.03 0.001 0.032 0.034 0.003 0.036 12.55 0.01 12.556 13.581 0 13.58 14.108 0 14.104
0.031 0.001 0.032 0.036 0 0.036 13.705 0.012 13.714 14.712 0 14.709 14.841 0 14.837
0.031 0.003 0.034 0.039 0 0.039 13.177 0.011 13.185 14.346 0 14.343 14.12 0.001 14.117
0.03 0.001 0.032 0.034 0.002 0.036 12.996 0.015 13.008 14.14 0.001 14.138 14.052 0 14.048
0.031 0.001 0.031 0.036 0 0.036 12.92 0.008 12.927 14.217 0.002 14.216 14.13 0.001 14.126
0.031 0.00199999999999999 0.033 0.04 0 0.04 13.301 0.00700000000000001 13.306 14.535 0.000999999999999994 14.533 14.219 0 14.215
0.031 0.003 0.035 0.04 0.001 0.04 13.123 0.015 13.142 14.044 0 14.049 13.914 0 13.916
0.034 0 0.033 0.039 0.000999999999999994 0.04 13.518 0.012 13.528 14.595 0 14.591 14.417 0 14.416
0.029 0.005 0.034 0.04 0 0.039 13.301 0.013 13.312 14.399 0 14.396 14.34 0 14.337
0.028 0.006 0.033 0.039 0.001 0.041 13.18 0.008 13.184 14.297 0 14.294 14.258 0 14.254
0.033 0.001 0.033 0.038 0.001 0.04 13.072 0.009 13.078 13.606 0 13.603 13.528 0 13.524
0.03 0.003 0.033 0.037 0.003 0.04 13.066 0.015 13.079 14.07 0 14.067 14.009 0 14.006
0.033 0.000999999999999994 0.034 0.039 0 0.039 13.206 0.013 13.216 14.238 0.002 14.236 14.218 0 14.215
0.031 0.003 0.034 0.039 0 0.039 13.001 0.013 13.012 14.029 0 14.025 13.998 0 13.995
0.032 0.001 0.033 0.04 0.001 0.041 13.079 0.01 13.086 14.132 0.002 14.131 14.089 0 14.085
0.031 0.001 0.032 0.033 0.00199999999999999 0.035 12.585 0.01 12.592 13.637 0 13.636 13.674 0 13.67
0.032 0.001 0.033 0.039 0.001 0.04 12.946 0.012 12.955 14.018 0.006 14.021 13.924 0 13.921
0.03 0.003 0.033 0.04 0 0.04 13.074 0.007 13.078 14.228 0.001 14.226 14.171 0.001 14.169
0.032 0.000999999999999994 0.033 0.038 0.002 0.04 12.883 0.00600000000000001 12.886 13.97 0.00199999999999999 13.969 13.871 0 13.868
0.026 0.007 0.034 0.04 0 0.04 12.964 0.007 12.969 14.02 0 14.015 13.928 0 13.925
0.03 0.004 0.034 0.039 0 0.039 12.476 0.009 12.489 13.341 0.001 13.342 13.204 0 13.208
0.032 0.001 0.034 0.039 0.000999999999999994 0.04 13.051 0.016 13.064 13.617 0.003 13.617 13.508 0 13.504
0.03 0.003 0.034 0.04 0 0.039 13.236 0.015 13.249 14.302 0.001 14.298 14.284 0 14.281
0.033 0.001 0.033 0.039 0.001 0.04 12.905 0.013 12.916 14.041 0 14.037 13.94 0 13.936
0.031 0.003 0.034 0.04 0 0.04 13.11 0.013 13.12 14.166 0 14.163 14.078 0 14.075
0.03 0.003 0.034 0.039 0.001 0.04 13.099 0.008 13.103 14.154 0.000999999999999994 14.152 14.08 0 14.077
0.033 0.001 0.034 0.036 0.00199999999999999 0.039 13.035 0.011 13.049 13.898 0 13.899 13.743 0 13.743
0.033 0 0.033 0.04 0.001 0.04 13.138 0.005 13.141 14.269 0 14.265 14.155 0.001 14.154
0.032 0.002 0.035 0.039 0 0.039 13.134 0.01 13.141 14.157 0.001 14.155 14.112 0 14.108
0.031 0.00199999999999999 0.033 0.038 0.002 0.04 13 0.01 13.006 14.072 0 14.07 13.999 0 13.996
0.032 0.003 0.035 0.038 0 0.038 13.528 0.014 13.539 14.705 0.003 14.704 14.649 0 14.646
0.031 0.002 0.034 0.041 0 0.04 13.416 0.012 13.426 14.519 0.00199999999999999 14.518 14.474 0 14.471
0.031 0.001 0.033 0.035 0 0.035 12.741 0.009 12.748 13.739 0 13.735 13.657 0 13.655
0.033 0.001 0.034 0.039 0.000999999999999994 0.04 12.58 0.014 12.589 13.497 0 13.497 13.424 0 13.421
0.03 0.003 0.033 0.038 0.002 0.04 12.892 0.01 12.9 13.759 0 13.756 13.749 0 13.745
0.031 0.001 0.032 0.034 0.001 0.035 12.738 0.011 12.746 13.85 0 13.848 13.831 0 13.827
0.032 0 0.032 0.035 0.001 0.036 12.995 0.013 13.006 14.043 0.001 14.041 14.023 0 14.018
0.03 0.002 0.032 0.034 0.001 0.035 12.62 0.011 12.628 13.65 0 13.648 13.892 0 13.889
0.033 0 0.033 0.04 0 0.039 13.065 0.01 13.073 13.926 0.005 13.928 14.059 0 14.055
0.032 0 0.031 0.036 0 0.037 13.018 0.012 13.027 14.105 0.002 14.104 14.065 0 14.062
0.029 0.004 0.033 0.039 0.001 0.04 13.006 0.01 13.013 14.129 0.003 14.128 13.913 0 13.911
0.03 0.004 0.034 0.039 0.001 0.041 13.418 0.011 13.425 14.469 0 14.467 14.391 0 14.387
0.029 0.004 0.033 0.039 0.002 0.04 13.121 0.014 13.133 14.217 0.001 14.215 14.167 0 14.165
0.031 0.00199999999999999 0.033 0.039 0.001 0.04 13.044 0.01 13.051 14.119 0.001 14.117 14.061 0 14.059
0.031 0 0.032 0.036 0 0.036 12.944 0.015 12.967 14.242 0.031 14.278 14.192 0.00900000000000001 14.21
0.03 0.003 0.034 0.041 0 0.039 13.214 0.005 13.218 14.3 0 14.295 14.016 0 14.013
0.032 0.00199999999999999 0.035 0.038 0 0.037 13.265 0.012 13.275 14.398 0.001 14.394 14.333 0 14.331
0.028 0.006 0.034 0.039 0 0.039 13.198 0.007 13.202 14.253 0.001 14.251 14.191 0 14.189
0.03 0.004 0.033 0.038 0.001 0.04 13.274 0.007 13.278 14.351 0 14.348 14.281 0 14.278
0.032 0.002 0.033 0.039 0.001 0.04 12.869 0.012 12.878 13.974 0 13.971 13.922 0 13.92
0.031 0.001 0.032 0.035 0 0.035 12.674 0.011 12.681 13.719 0 13.717 14.223 0 14.22
0.031 0.001 0.032 0.036 0.001 0.037 13.094 0.012 13.103 14.194 0.001 14.193 14.126 0 14.122
0.03 0.002 0.031 0.034 0.001 0.036 12.563 0.013 12.572 13.591 0.001 13.59 13.579 0 13.576
0.032 0.001 0.034 0.039 0 0.039 12.879 0.017 12.892 14.031 0.004 14.033 13.947 0 13.944
0.031 0.003 0.034 0.038 0.001 0.039 13.588 0.014 13.599 14.664 0.001 14.66 14.546 0 14.543
0.032 0.00199999999999999 0.034 0.04 0 0.039 12.997 0.016 13.011 14.118 0.001 14.116 14.048 0.001 14.046
0.033 0.001 0.033 0.04 0 0.04 12.974 0.006 12.978 14.031 0.001 14.029 14.011 0 14.008
0.031 0.002 0.033 0.04 0 0.04 13.079 0.014 13.09 14.32 0 14.315 14.178 0 14.176
0.029 0.004 0.033 0.04 0 0.04 13.003 0.015 13.015 14.082 0.005 14.084 14.022 0 14.019
0.032 0.002 0.033 0.04 0 0.04 12.629 0.009 12.635 13.638 0 13.635 13.792 0 13.789
0.029 0.005 0.033 0.039 0.001 0.04 12.838 0.01 12.846 13.59 0 13.586 13.55 0 13.548
0.032 0.001 0.034 0.04 0 0.039 13.082 0.009 13.09 14.116 0 14.113 13.842 0 13.845
0.032 0.001 0.033 0.039 0.001 0.04 13.071 0.016 13.083 14.179 0.001 14.178 14.112 0 14.108
0.032 0.002 0.034 0.038 0.001 0.039 13.003 0.008 13.009 14.026 0.001 14.024 14.002 0 13.999
0.033 0.001 0.034 0.039 0 0.039 13.228 0.016 13.241 14.317 0 14.313 14.257 0 14.254
0.028 0.005 0.033 0.038 0.002 0.041 12.994 0.011 13.002 13.882 0.002 13.88 13.853 0 13.85
0.029 0.004 0.033 0.038 0.000999999999999994 0.04 13.243 0.012 13.252 14.269 0.002 14.267 14.213 0 14.21
0.029 0.005 0.034 0.038 0.001 0.039 13.086 0.009 13.093 14.256 0.004 14.256 14.21 0 14.207
0.032 0.001 0.034 0.041 0 0.04 13.026 0.006 13.029 14.045 0 14.042 14.013 0 14.01
0.032 0.003 0.034 0.038 0.001 0.04 13.374 0.016 13.387 14.45 0.001 14.447 14.41 0 14.407
0.033 0 0.033 0.039 0.002 0.04 13.192 0.01 13.199 14.258 0.001 14.256 14.198 0 14.195
0.032 0.00199999999999999 0.034 0.039 0.001 0.04 13.313 0.021 13.331 13.84 0 13.837 13.754 0 13.751
0.031 0.003 0.033 0.038 0.002 0.04 12.56 0.009 12.567 13.559 0.002 13.559 13.504 0 13.501
0.028 0.004 0.032 0.035 0.001 0.036 12.635 0.007 12.638 13.66 0 13.658 13.839 0.001 13.837
0.03 0.004 0.033 0.039 0.001 0.04 12.722 0.011 12.732 13.582 0.002 13.581 13.528 0 13.524
0.03 0.003 0.033 0.039 0.001 0.04 12.995 0.011 13.004 14.042 0.001 14.039 14.061 0 14.058
0.031 0.001 0.032 0.035 0 0.035 12.768 0.00600000000000001 12.771 13.813 0.001 13.811 14.202 0 14.198
0.032 0.001 0.034 0.039 0.001 0.039 13.124 0.008 13.129 14.116 0.001 14.114 14.093 0 14.091
0.03 0.00199999999999999 0.032 0.038 0 0.039 12.977 0.008 12.981 14.149 0.001 14.147 14.086 0 14.083
0.03 0.003 0.033 0.038 0.001 0.04 12.973 0.011 12.982 14.125 0.001 14.122 13.951 0 13.947
0.027 0.005 0.032 0.035 0 0.035 13.404 0.015 13.415 14.548 0.001 14.546 14.491 0 14.487
0.032 0.00199999999999999 0.033 0.039 0 0.04 13.279 0.01 13.286 14.328 0 14.324 14.235 0 14.233
0.032 0.001 0.034 0.039 0.002 0.04 13.001 0.011 13.011 14.103 0.002 14.101 14.044 0 14.041
0.028 0.005 0.033 0.039 0.001 0.04 13.248 0.014 13.259 14.306 0.001 14.304 14.254 0 14.25
0.03 0.002 0.033 0.039 0 0.039 13.227 0.013 13.237 14.327 0.001 14.325 14.278 0 14.274
0.029 0.006 0.034 0.038 0.001 0.04 13.288 0.005 13.29 14.348 0 14.344 14.249 0 14.246
0.029 0.004 0.034 0.04 0 0.039 13.112 0.008 13.117 14.203 0 14.2 14.124 0 14.121
0.032 0.001 0.033 0.039 0.001 0.041 13.065 0.006 13.067 14.093 0.002 14.093 14.063 0 14.059
0.034 0 0.034 0.039 0 0.039 13.196 0.014 13.207 14.343 0.002 14.341 14.214 0.001 14.212
0.032 0 0.032 0.035 0 0.036 13.085 0.013 13.095 14.125 0 14.122 14.075 0 14.071
0.03 0.002 0.032 0.035 0 0.035 12.639 0.013 12.648 13.685 0 13.683 13.617 0 13.614
0.032 0.001 0.033 0.04 0 0.04 12.684 0.015 12.695 13.511 0 13.51 13.455 0 13.452
0.033 0 0.034 0.04 0 0.039 13.243 0.00600000000000001 13.246 14.251 0.00199999999999999 14.251 14.194 0 14.19
0.032 0.002 0.034 0.04 0 0.04 13.118 0.015 13.13 14.256 0 14.252 14.16 0 14.157
0.032 0.001 0.033 0.04 0 0.04 12.894 0.006 12.896 13.987 0.003 13.988 13.896 0 13.893
0.031 0.00199999999999999 0.033 0.04 0.001 0.041 12.902 0.011 12.911 14.014 0.001 14.012 13.919 0 13.916
0.031 0.001 0.031 0.035 0.001 0.037 12.537 0.009 12.542 13.561 0.001 13.56 13.461 0 13.459
0.031 0.00199999999999999 0.034 0.039 0.001 0.039 13.109 0.016 13.123 13.741 0 13.737 13.64 0 13.638
0.033 0.001 0.034 0.039 0 0.039 13.074 0.012 13.084 14.187 0 14.183 14.114 0 14.111
0.031 0.002 0.033 0.039 0.001 0.04 13.064 0.012 13.073 14.177 0 14.174 14.074 0 14.07
0.032 0.001 0.033 0.04 0 0.04 13.129 0.015 13.142 14.225 0 14.223 14.174 0 14.169
0.029 0.005 0.033 0.039 0 0.04 13.536 0.009 13.543 14.612 0.003 14.611 14.541 0 14.538
0.033 0.001 0.033 0.038 0.001 0.04 13.297 0.006 13.3 14.367 0.001 14.365 14.308 0 14.305
0.03 0.003 0.035 0.038 0 0.038 13.597 0.017 13.611 14.747 0 14.743 14.633 0 14.63
0.029 0.005 0.034 0.041 0 0.041 13.157 0.01 13.165 14.24 0 14.236 14.134 0 14.132
0.031 0.003 0.033 0.038 0.002 0.041 13.142 0.011 13.15 14.195 0.001 14.192 14.134 0 14.131
0.032 0 0.032 0.034 0.001 0.035 12.688 0.016 12.701 14.226 0 14.223 14.155 0 14.152
0.029 0.005 0.034 0.039 0 0.039 13.269 0.018 13.284 14.188 0 14.185 13.616 0.001 13.614
0.029 0.003 0.033 0.037 0.002 0.039 13.264 0.011 13.272 14.304 0 14.301 14.251 0 14.247
0.03 0.003 0.033 0.039 0.000999999999999994 0.04 13.119 0.011 13.126 14.211 0.00199999999999999 14.211 14.159 0 14.157
0.032 0.002 0.034 0.04 0.000999999999999994 0.041 13.396 0.019 13.412 14.453 0 14.45 14.454 0 14.451
0.03 0.004 0.034 0.037 0.002 0.039 13.402 0.011 13.411 14.491 0 14.488 14.47 0 14.466
0.031 0.002 0.034 0.04 0 0.039 13.064 0.011 13.073 14.081 0.001 14.079 14.048 0.001 14.046
0.031 0.000999999999999994 0.032 0.035 0.001 0.036 12.582 0.01 12.587 13.617 0.002 13.618 13.554 0 13.551
0.031 0.00199999999999999 0.033 0.038 0.001 0.04 13.057 0.011 13.064 14.148 0 14.145 14.11 0 14.108
0.029 0.003 0.032 0.033 0.003 0.036 12.511 0.015 12.523 13.532 0.001 13.531 13.844 0 13.84
0.03 0.004 0.034 0.039 0 0.039 13.144 0.013 13.154 14.394 0.002 14.392 14.187 0 14.185
0.031 0.003 0.034 0.038 0.001 0.04 13.105 0.009 13.11 14.199 0.000999999999999994 14.197 14.088 0.001 14.086
0.031 0.002 0.033 0.039 0.001 0.04 13.163 0.009 13.169 14.151 0 14.148 14.159 0 14.157
0.027 0.00600000000000001 0.034 0.039 0.001 0.039 13.035 0.017 13.049 14.133 0 14.13 14.07 0 14.067
0.032 0.001 0.034 0.04 0 0.04 13.035 0.008 13.039 14.065 0.001 14.064 14.025 0 14.021
0.032 0.002 0.033 0.039 0 0.04 13.153 0.01 13.159 14.238 0 14.235 14.175 0 14.172
0.03 0.004 0.035 0.038 0.001 0.038 13.225 0.014 13.236 14.301 0 14.298 14.235 0 14.232
0.033 0.001 0.033 0.039 0 0.04 13.659 0.005 13.66 14.699 0.00199999999999999 14.697 14.67 0 14.668
0.03 0.004 0.035 0.037 0.001 0.038 13.272 0.012 13.281 14.324 0 14.32 14.272 0 14.27
0.031 0.003 0.033 0.038 0.002 0.041 13.105 0.009 13.111 14.298 0 14.293 14.275 0 14.272
0.029 0.003 0.032 0.035 0.001 0.036 13.21 0.011 13.218 14.329 0.001 14.327 14.265 0 14.262
0.032 0.002 0.034 0.039 0 0.039 13.213 0.014 13.224 14.237 0 14.241 13.938 0 13.936
0.028 0.00600000000000001 0.033 0.042 0 0.042 13.164 0.012 13.173 14.233 0 14.229 14.176 0 14.174
0.03 0.003 0.033 0.039 0.001 0.041 13.008 0.021 13.026 14.041 0 14.038 13.997 0 13.994
0.031 0.003 0.034 0.039 0.001 0.041 13.311 0.01 13.317 14.419 0.001 14.417 14.35 0 14.347
0.032 0.002 0.034 0.04 0 0.04 14.9 0.018 14.915 16.01 0 16.007 15.784 0 15.781
0.032 0.001 0.033 0.039 0.001 0.04 12.992 0.01 12.999 14.067 0.000999999999999994 14.065 14.04 0 14.037
0.032 0.001 0.034 0.039 0.001 0.04 13.1 0.01 13.107 14.188 0.003 14.187 14.125 0 14.122
0.031 0.002 0.034 0.04 0 0.04 12.997 0.016 13.009 14.071 0.001 14.07 14.031 0 14.027
0.032 0.001 0.034 0.04 0 0.039 13.478 0.016 13.491 14.562 0.001 14.56 14.526 0 14.523
0.031 0.001 0.031 0.033 0.003 0.037 12.551 0.015 12.561 13.568 0 13.567 13.726 0 13.722
0.03 0.004 0.033 0.038 0.001 0.04 12.924 0.011 12.933 13.644 0 13.641 13.591 0.001 13.589
0.03 0.004 0.034 0.038 0.002 0.04 12.968 0.007 12.972 14.107 0 14.104 13.991 0 13.988
0.03 0.003 0.033 0.039 0.001 0.04 12.95 0.011 12.958 14.076 0.001 14.074 13.969 0 13.966
0.032 0.001 0.032 0.038 0.00199999999999999 0.04 13.109 0.011 13.117 14.199 0 14.197 14.129 0.001 14.126
0.033 0 0.033 0.04 0 0.041 13.055 0.01 13.062 14.133 0.001 14.13 14.044 0 14.041
0.032 0.002 0.034 0.041 0 0.041 13.094 0.013 13.105 14.133 0.001 14.131 14.088 0 14.084
0.031 0.002 0.033 0.039 0.001 0.041 13.043 0.006 13.045 14.067 0.003 14.068 14.043 0 14.039
0.03 0.004 0.034 0.04 0.00199999999999999 0.042 13.048 0.00800000000000001 13.054 14.133 0.000999999999999994 14.131 14.061 0 14.058
0.033 0.001 0.034 0.038 0.00199999999999999 0.04 13.072 0.012 13.081 14.079 0.001 14.077 14.029 0 14.026
0.03 0.004 0.034 0.04 0 0.04 13.239 0.014 13.251 14.341 0 14.337 14.026 0 14.023
0.028 0.004 0.032 0.034 0.00199999999999999 0.036 13.007 0.01 13.015 14.148 0 14.149 13.914 0 13.917
0.031 0.001 0.032 0.035 0 0.035 12.733 0.009 12.74 13.753 0.002 13.751 13.705 0 13.702
0.033 0 0.033 0.039 0.001 0.041 12.626 0.012 12.634 13.438 0.001 13.438 13.386 0 13.383
0.031 0.003 0.033 0.039 0 0.04 13.166 0.011 13.173 14.249 0 14.245 14.172 0.000999999999999994 14.17
0.03 0.002 0.032 0.033 0.003 0.037 12.582 0.007 12.584 13.566 0.003 13.567 13.595 0 13.593
0.032 0.000999999999999994 0.033 0.04 0 0.04 12.957 0.011 12.966 14.191 0.003 14.19 13.97 0 13.967
0.031 0.002 0.033 0.04 0 0.039 13.265 0.011 13.275 14.268 0.002 14.266 14.384 0 14.381
0.033 0.001 0.034 0.038 0.001 0.039 13.435 0.015 13.447 14.295 0.002 14.295 14.43 0 14.426
0.031 0.003 0.033 0.038 0.001 0.039 13.421 0.014 13.432 14.507 0.001 14.505 14.439 0 14.435
0.03 0.003 0.033 0.039 0.001 0.04 13.178 0.009 13.185 14.288 0.001 14.286 14.225 0 14.222
0.031 0.003 0.034 0.039 0 0.039 13.301 0.007 13.305 14.461 0 14.458 14.392 0 14.389
0.029 0.003 0.032 0.035 0.001 0.036 13.109 0.012 13.119 14.055 0 14.052 14.101 0 14.098
0.032 0.002 0.034 0.037 0.00199999999999999 0.039 13.188 0.014 13.199 14.227 0.001 14.225 14.185 0 14.182
0.029 0.004 0.033 0.038 0.002 0.04 13.091 0.014 13.102 14.164 0.001 14.162 14.116 0 14.113
0.031 0.003 0.034 0.039 0.000999999999999994 0.04 12.884 0.017 12.899 13.986 0 13.983 13.88 0 13.877
0.031 0.00199999999999999 0.034 0.039 0.001 0.039 13.316 0.009 13.324 14.409 0 14.404 14.264 0 14.262
0.031 0.004 0.034 0.04 0.001 0.042 13.04 0.013 13.05 13.782 0.002 13.789 13.649 0 13.651
0.03 0.00199999999999999 0.031 0.033 0.003 0.037 12.597 0.01 12.603 13.626 0.001 13.625 13.916 0.001 13.913
0.029 0.005 0.034 0.043 0 0.043 13.253 0.014 13.264 14.339 0 14.336 14.274 0 14.269
0.032 0.002 0.034 0.04 0.001 0.04 13.422 0.008 13.428 14.513 0.003 14.513 14.47 0 14.465
0.031 0.00199999999999999 0.034 0.04 0 0.04 12.955 0.009 12.961 13.975 0.001 13.973 13.974 0 13.971
0.029 0.004 0.033 0.037 0.003 0.04 12.963 0.013 12.973 13.978 0.002 13.977 13.937 0 13.933
0.029 0.005 0.033 0.038 0.00199999999999999 0.04 12.906 0.013 12.917 14.013 0.001 14.01 13.951 0 13.949
0.031 0.002 0.033 0.037 0.002 0.04 12.9 0.018 12.915 13.949 0.001 13.947 13.92 0 13.917
0.032 0.00199999999999999 0.034 0.04 0 0.04 13.408 0.014 13.42 14.428 0 14.424 14.395 0 14.392
0.032 0.00199999999999999 0.034 0.038 0.001 0.039 13.139 0.00700000000000001 13.143 14.232 0 14.229 14.221 0 14.218
0.03 0.00199999999999999 0.032 0.035 0 0.035 12.636 0.008 12.639 13.634 0 13.633 13.575 0 13.572
0.031 0.003 0.033 0.039 0.001 0.04 12.656 0.01 12.662 13.589 0 13.587 13.544 0.001 13.542
0.03 0.003 0.033 0.04 0 0.04 12.799 0.007 12.803 13.815 0 13.811 13.844 0 13.842
0.029 0.005 0.034 0.037 0.002 0.039 12.998 0.017 13.013 14.042 0 14.038 14.083 0 14.08
0.032 0.001 0.034 0.039 0 0.039 13.073 0.011 13.081 14.202 0.001 14.199 14.105 0 14.103
0.032 0.001 0.033 0.039 0.001 0.04 13.006 0.006 13.01 14.09 0.001 14.087 13.988 0 13.985
0.027 0.00600000000000001 0.033 0.039 0.00199999999999999 0.041 13.118 0.008 13.125 14.227 0.004 14.227 14.165 0 14.162
0.032 0.002 0.034 0.04 0 0.04 13.374 0.015 13.386 14.418 0.002 14.417 14.337 0 14.334
0.032 0.003 0.034 0.036 0.002 0.039 13.209 0.013 13.218 14.286 0 14.283 14.234 0 14.232
0.033 0.001 0.034 0.04 0 0.04 13.093 0.012 13.101 14.211 0 14.209 14.131 0 14.128
0.032 0 0.032 0.035 0.001 0.036 12.848 0.015 12.86 14.436 0 14.433 14.367 0 14.364
0.031 0.003 0.034 0.037 0.003 0.04 13.163 0.014 13.174 14.236 0.002 14.235 13.694 0 13.691
0.031 0.003 0.034 0.039 0 0.039 12.944 0.011 12.952 13.719 0 13.716 13.665 0 13.662
0.032 0.002 0.033 0.039 0 0.04 13.049 0.007 13.054 14.144 0 14.141 14.076 0 14.073
0.031 0.002 0.033 0.038 0.00199999999999999 0.04 13.079 0.012 13.09 14.1 0.002 14.098 14.057 0 14.054
0.031 0.001 0.032 0.034 0.001 0.035 12.769 0.009 12.776 13.76 0 13.757 13.721 0 13.718
0.027 0.004 0.032 0.037 0 0.036 12.514 0.012 12.523 13.566 0.001 13.565 13.687 0 13.684
0.032 0.000999999999999994 0.033 0.039 0.001 0.04 12.717 0.011 12.725 13.877 0 13.874 13.76 0.001 13.758
0.032 0.001 0.032 0.034 0.001 0.035 12.667 0.019 12.683 13.991 0 13.988 14.528 0 14.524
0.031 0.001 0.032 0.037 0 0.036 12.807 0.012 12.817 13.97 0 13.967 13.927 0 13.924
0.03 0.00199999999999999 0.032 0.036 0.001 0.037 12.959 0.015 12.986 14.085 0.008 14.1 13.973 0.00800000000000001 13.99
0.03 0.003 0.033 0.039 0 0.04 13.072 0.013 13.081 14.001 0 13.998 14.046 0 14.047
0.03 0.002 0.032 0.033 0.003 0.036 12.736 0.00600000000000001 12.741 14.289 0 14.285 14.264 0 14.26
0.032 0.001 0.033 0.039 0.001 0.04 13.025 0.013 13.037 14.122 0.001 14.12 13.605 0 13.602
0.03 0.003 0.034 0.037 0.002 0.039 13.546 0.008 13.55 14.723 0.004 14.725 14.602 0 14.598
0.032 0.001 0.033 0.039 0.001 0.04 13.111 0.011 13.12 13.97 0.00199999999999999 13.969 14.135 0 14.131
0.029 0.004 0.033 0.039 0 0.04 13.025 0.013 13.034 14.093 0.002 14.092 14.063 0 14.061
0.03 0.004 0.034 0.039 0.001 0.04 13.202 0.014 13.212 14.331 0 14.329 14.27 0 14.266
0.031 0.003 0.033 0.037 0.002 0.04 13.071 0.01 13.078 14.163 0 14.16 14.083 0 14.08
0.03 0.00199999999999999 0.032 0.035 0.001 0.036 12.997 0.01 13.006 14.303 0 14.298 14.247 0 14.244
0.029 0.005 0.034 0.038 0.001 0.04 13.234 0.011 13.241 14.324 0 14.321 14.039 0 14.037
0.03 0.002 0.032 0.035 0 0.035 12.697 0.011 12.706 14.116 0.000999999999999994 14.114 14.421 0 14.417
0.031 0.002 0.034 0.041 0.000999999999999994 0.042 13.098 0.013 13.108 14.175 0 14.173 14.109 0 14.105
0.033 0.001 0.033 0.039 0.001 0.041 13.216 0.009 13.222 14.291 0 14.288 14.204 0 14.201
0.032 0.002 0.033 0.039 0 0.04 13.17 0.005 13.171 14.209 0 14.206 14.229 0 14.226
0.03 0.002 0.032 0.035 0.000999999999999994 0.035 13.117 0.009 13.124 14.183 0.003 14.183 14.141 0 14.137
0.029 0.00199999999999999 0.032 0.039 0 0.038 13.16 0.01 13.168 14.239 0 14.235 14.173 0 14.17
0.032 0.001 0.033 0.039 0 0.039 13.271 0.011 13.279 14.472 0 14.469 14.339 0 14.337
0.032 0.002 0.034 0.041 0 0.041 13.281 0.012 13.29 14.357 0 14.355 14.303 0 14.299
0.03 0.002 0.031 0.034 0.002 0.037 12.987 0.019 13.004 14.065 0.003 14.064 13.98 0 13.976
0.031 0.00199999999999999 0.034 0.04 0.001 0.04 12.823 0.011 12.831 13.652 0.001 13.651 13.563 0 13.559
0.033 0 0.034 0.038 0.002 0.04 13.096 0.009 13.103 13.628 0.001 13.626 13.446 0 13.443
0.029 0.00199999999999999 0.031 0.036 0.001 0.037 12.984 0.004 12.986 13.868 0.000999999999999994 13.865 13.757 0 13.754
0.032 0.002 0.034 0.037 0.002 0.04 13.107 0.015 13.119 14.218 0 14.215 14.16 0 14.156
0.03 0.004 0.033 0.04 0 0.04 13.019 0.007 13.024 14.111 0.004 14.112 14.049 0 14.046
0.032 0.000999999999999994 0.033 0.04 0 0.041 13.097 0.012 13.106 14.183 0.001 14.18 14.097 0 14.094
0.032 0.00199999999999999 0.033 0.039 0.001 0.04 13.207 0.011 13.215 14.353 0 14.35 14.243 0 14.24
0.032 0.002 0.033 0.038 0.000999999999999994 0.039 13.143 0.013 13.153 14.202 0 14.199 14.162 0 14.159
0.031 0.003 0.034 0.039 0.001 0.04 13.209 0.014 13.219 14.339 0 14.336 14.273 0 14.27
0.033 0.001 0.034 0.04 0 0.04 13.39 0.012 13.399 14.427 0 14.424 14.371 0 14.368
0.031 0.003 0.033 0.038 0.000999999999999994 0.04 13.042 0.009 13.048 14.16 0.001 14.157 14.106 0 14.103
0.03 0.003 0.033 0.04 0.001 0.041 13.094 0.007 13.099 14.151 0 14.148 14.107 0 14.104
0.033 0.000999999999999994 0.034 0.039 0.001 0.04 13.362 0.016 13.375 14.261 0.001 14.259 13.863 0 13.86
0.032 0.00199999999999999 0.034 0.042 0 0.042 12.97 0.016 12.983 14.033 0.001 14.031 13.995 0 13.991
0.031 0.00199999999999999 0.033 0.042 0 0.042 13.009 0.014 13.02 14.059 0.001 14.057 14.023 0 14.02
0.029 0.003 0.032 0.034 0.00199999999999999 0.036 12.455 0.012 12.464 13.452 0.003 13.453 13.403 0 13.4
0.03 0.001 0.032 0.037 0 0.036 12.416 0.015 12.428 13.432 0.002 13.431 13.385 0.001 13.385
0.031 0.002 0.033 0.04 0 0.04 13.078 0.011 13.087 14.162 0 14.158 14.128 0 14.125
0.031 0.002 0.032 0.034 0.001 0.036 12.928 0.015 12.94 13.949 0 13.947 14.393 0 14.389
0.033 0 0.033 0.04 0 0.04 13.038 0.01 13.045 13.932 0.000999999999999994 13.93 14.067 0 14.063
0.03 0.002 0.032 0.035 0.001 0.036 13.016 0.009 13.023 14.251 0 14.247 14.003 0 14.001
0.03 0.004 0.034 0.039 0 0.039 13.056 0.012 13.065 14.169 0 14.167 14.054 0 14.05
0.031 0.002 0.033 0.043 0 0.043 13.016 0.007 13.021 14.108 0.001 14.106 14.069 0 14.065
0.032 0.002 0.033 0.039 0.000999999999999994 0.04 13.46 0.012 13.47 14.645 0.001 14.642 14.498 0 14.495
0.03 0.004 0.034 0.038 0.002 0.04 12.914 0.00799999999999999 12.919 14.015 0.002 14.014 13.939 0 13.936
0.03 0.003 0.033 0.04 0 0.04 13.037 0.013 13.049 13.988 0 13.984 14.067 0.001 14.065
0.032 0.001 0.033 0.04 0.001 0.04 12.953 0.015 12.965 14.103 0.001 14.101 14.021 0 14.018
0.029 0.005 0.034 0.039 0.00199999999999999 0.0399999999999999 13.605 0.034 13.655 14.69 0.002 14.69 14.557 0.001 14.554
0.031 0.003 0.034 0.039 0 0.039 13.156 0.009 13.162 14.217 0 14.214 14.231 0 14.227
0.031 0.002 0.033 0.039 0.000999999999999994 0.04 13.147 0.017 13.161 14.216 0 14.213 14.147 0 14.144
0.032 0.002 0.034 0.039 0 0.04 13.079 0.01 13.085 14.15 0 14.147 14.071 0 14.068
0.029 0.001 0.031 0.035 0.001 0.036 12.588 0.005 12.589 13.593 0.001 13.592 13.544 0 13.541
0.032 0.002 0.033 0.036 0.003 0.04 12.939 0.01 12.946 14.009 0.004 14.011 13.936 0 13.932
0.024 0.007 0.032 0.036 0 0.036 13.103 0.011 13.11 14.134 0.001 14.132 14.105 0 14.102
0.03 0.001 0.031 0.036 0.001 0.037 12.481 0.012 12.49 13.54 0.001 13.539 13.455 0 13.453
0.033 0.001 0.035 0.038 0.001 0.039 13.252 0.013 13.262 14.321 0.001 14.319 14.33 0.001 14.328
0.031 0.00199999999999999 0.033 0.039 0.001 0.04 12.906 0.00600000000000001 12.91 14.038 0.005 14.039 13.981 0 13.978
0.031 0.002 0.034 0.04 0 0.039 12.823 0.005 12.827 13.936 0 13.932 13.914 0.001 13.911
0.029 0.002 0.031 0.035 0.001 0.036 12.949 0.011 12.957 13.957 0.004 13.958 14 0 13.997
0.031 0.001 0.032 0.036 0 0.036 13.184 0.011 13.193 14.234 0 14.231 14.203 0 14.2
0.03 0.003 0.033 0.035 0 0.035 12.788 0.01 12.796 13.829 0.001 13.827 13.999 0 13.995
0.033 0 0.034 0.04 0 0.039 13.068 0.00799999999999999 13.074 13.671 0.004 13.672 13.627 0 13.623
0.028 0.005 0.034 0.039 0.000999999999999994 0.04 13.188 0.012 13.197 14.292 0.002 14.291 14.225 0 14.22
0.032 0.002 0.034 0.038 0.001 0.039 13.207 0.00899999999999999 13.213 14.238 0 14.235 14.183 0 14.181
0.033 0 0.034 0.041 0 0.04 13.079 0.009 13.087 14.177 0.002 14.174 14.134 0 14.131
0.031 0.00199999999999999 0.033 0.037 0.003 0.04 13.023 0.01 13.03 14.102 0 14.1 14.032 0 14.028
0.028 0.006 0.034 0.037 0.001 0.038 13.075 0.01 13.082 14.134 0 14.131 14.091 0 14.088
0.031 0.002 0.033 0.04 0 0.04 13.004 0.011 13.011 14.065 0.000999999999999994 14.064 14.02 0 14.017
0.03 0.004 0.034 0.039 0.002 0.041 13.109 0.013 13.119 14.213 0.002 14.212 14.161 0 14.158
0.03 0.003 0.034 0.04 0 0.04 13.024 0.01 13.031 14.114 0.002 14.113 14.057 0 14.054
0.03 0.004 0.034 0.04 0 0.04 13.39 0.011 13.398 14.473 0 14.469 14.429 0 14.426
0.031 0.002 0.033 0.039 0.001 0.04 13.209 0.008 13.215 14.297 0 14.294 14.256 0 14.252
0.029 0.003 0.032 0.036 0 0.036 12.571 0.007 12.574 13.826 0.002 13.826 14.168 0.001 14.166
0.033 0.001 0.033 0.038 0.002 0.04 13.072 0.015 13.084 14.191 0 14.189 14.129 0 14.125
0.032 0.00199999999999999 0.033 0.039 0.001 0.041 13.103 0.008 13.109 14.189 0.002 14.188 14.087 0 14.083
0.03 0.003 0.034 0.039 0.002 0.04 13.136 0.014 13.148 14.194 0 14.19 14.122 0 14.12
0.032 0.002 0.033 0.037 0.00199999999999999 0.04 12.752 0.011 12.76 13.562 0.003 13.563 13.491 0 13.488
0.03 0.003 0.033 0.04 0 0.04 13.025 0.012 13.035 14.061 0.002 14.059 14.08 0 14.076
0.032 0.001 0.032 0.036 0 0.036 12.787 0.013 12.797 13.791 0 13.789 13.83 0 13.826
0.03 0.004 0.034 0.039 0 0.039 13.172 0.009 13.178 14.08 0 14.077 14.21 0 14.206
0.028 0.003 0.031 0.036 0.001 0.037 12.978 0.014 12.988 13.925 0.002 13.925 13.983 0 13.98
0.028 0.005 0.033 0.038 0.002 0.04 13.03 0.009 13.036 14.2 0.000999999999999994 14.198 14.005 0 14.002
0.032 0.003 0.034 0.035 0.002 0.038 13.26 0.012 13.268 14.319 0 14.316 14.276 0 14.273
0.033 0 0.033 0.039 0.001 0.04 13.073 0.009 13.078 14.09 0.002 14.089 14.051 0 14.049
0.029 0.002 0.032 0.037 0.00199999999999999 0.04 13.075 0.015 13.086 14.181 0.002 14.18 14.08 0 14.077
0.032 0.002 0.034 0.041 0 0.041 13.286 0.008 13.292 14.309 0.001 14.306 14.227 0 14.224
0.031 0.003 0.033 0.038 0.002 0.04 13.078 0.011 13.086 14.106 0 14.103 14.051 0 14.048
0.032 0.001 0.034 0.04 0.001 0.041 13.017 0.011 13.026 14.04 0.000999999999999994 14.036 13.987 0 13.985
0.031 0.00199999999999999 0.033 0.039 0.001 0.041 13.207 0.008 13.212 14.279 0 14.276 14.176 0 14.172
0.031 0.002 0.033 0.039 0.002 0.041 13.1 0.01 13.107 13.988 0.001 13.987 13.533 0 13.536
0.031 0.004 0.034 0.039 0 0.039 13.239 0.013 13.249 14.291 0 14.289 14.186 0 14.182
0.031 0.00199999999999999 0.033 0.04 0 0.04 13.321 0.017 13.335 14.415 0 14.412 14.36 0 14.356
0.033 0 0.033 0.041 0 0.041 13.099 0.012 13.108 14.176 0 14.172 14.123 0.001 14.122
0.031 0.003 0.033 0.038 0.002 0.04 13.018 0.007 13.023 14.069 0.001 14.066 14.021 0 14.018
0.03 0.00199999999999999 0.032 0.035 0 0.035 12.34 0.00600000000000001 12.343 13.387 0 13.384 13.317 0 13.315
0.034 0 0.034 0.039 0 0.039 12.97 0.008 12.976 14.059 0.001 14.056 13.97 0 13.967
0.03 0.003 0.034 0.04 0 0.04 12.997 0.012 13.005 14.148 0 14.145 14.075 0 14.071
0.031 0.003 0.033 0.038 0.00199999999999999 0.04 12.973 0.011 12.982 14.073 0 14.07 14.01 0.001 14.008
0.031 0.003 0.033 0.039 0 0.04 13.158 0.013 13.167 14.292 0 14.29 14.238 0.001 14.236
0.031 0.003 0.033 0.039 0 0.04 13.121 0.00799999999999999 13.125 14.258 0.002 14.257 14.195 0 14.192
0.031 0.001 0.032 0.035 0 0.035 12.644 0.011 12.651 13.714 0.001 13.713 13.649 0 13.647
0.032 0.002 0.034 0.038 0.002 0.04 12.57 0.011 12.578 13.502 0.001 13.501 13.442 0 13.439
0.029 0.002 0.031 0.034 0.00199999999999999 0.036 13.015 0.014 13.026 14.092 0.002 14.091 14.061 0 14.058
0.034 0.001 0.034 0.037 0.002 0.039 13.123 0.012 13.133 14.258 0.001 14.256 14.219 0 14.215
0.03 0.004 0.034 0.039 0 0.039 13.259 0.008 13.265 14.306 0 14.302 14.252 0 14.249
0.032 0.00199999999999999 0.0339999999999999 0.037 0.002 0.04 13.42 0.013 13.429 14.49 0 14.487 14.446 0 14.443
0.031 0.001 0.034 0.039 0 0.039 13.933 0.011 13.939 15.076 0.003 15.077 14.867 0 14.863
0.032 0.001 0.033 0.039 0.001 0.04 13.113 0.013 13.124 14.192 0 14.188 14.122 0 14.119
0.033 0.001 0.034 0.038 0.001 0.039 13.238 0.008 13.244 14.343 0 14.339 14.286 0 14.283
0.034 0 0.034 0.038 0.001 0.04 13.178 0.01 13.184 14.273 0 14.27 14.197 0 14.195
0.033 0.001 0.034 0.039 0.00199999999999999 0.041 13.082 0.015 13.094 14.159 0.003 14.16 14.073 0 14.069
0.032 0.001 0.033 0.04 0 0.04 13.079 0.014 13.09 14.167 0.001 14.165 14.106 0 14.103
0.029 0.002 0.031 0.034 0.00199999999999999 0.036 12.581 0.009 12.586 13.614 0 13.612 13.531 0 13.528
0.031 0.001 0.032 0.031 0.005 0.036 12.46 0.014 12.471 13.477 0.002 13.477 13.383 0 13.38
0.03 0.002 0.032 0.034 0.00199999999999999 0.036 12.568 0.012 12.577 13.58 0 13.578 13.532 0 13.529
0.03 0.002 0.032 0.034 0.001 0.035 13.216 0.013 13.227 14.304 0.003 14.303 14.267 0 14.264
0.029 0.003 0.032 0.032 0.004 0.036 12.507 0.012 12.515 13.53 0.001 13.53 13.829 0 13.825
0.031 0.003 0.033 0.037 0.003 0.04 13.093 0.01 13.101 14.089 0.002 14.087 14.129 0.000999999999999994 14.127
0.033 0 0.033 0.04 0 0.04 13.111 0.01 13.118 14.02 0 14.017 14.111 0 14.108
0.033 0 0.033 0.039 0 0.039 13.11 0.013 13.12 14.334 0.000999999999999994 14.331 14.075 0 14.073
0.032 0.001 0.033 0.038 0.002 0.04 13.137 0.02 13.154 14.24 0 14.237 14.195 0 14.192
0.031 0.002 0.033 0.039 0.001 0.041 13.14 0.007 13.143 14.177 0.001 14.176 14.132 0 14.129
0.03 0.003 0.033 0.039 0.001 0.04 12.949 0.01 12.956 14.013 0.001 14.01 14.051 0 14.048
0.03 0.004 0.035 0.038 0.001 0.038 13.215 0.003 13.215 14.316 0.003 14.316 14.261 0 14.259
0.033 0.001 0.034 0.04 0 0.04 13.354 0.016 13.368 14.461 0.001 14.458 14.373 0 14.368
0.032 0.002 0.034 0.038 0 0.039 13.027 0.01 13.035 14.097 0.00199999999999999 14.095 14.059 0 14.056
0.033 0.001 0.034 0.039 0 0.039 13.104 0.01 13.112 14.208 0.001 14.205 14.154 0 14.151
0.032 0.002 0.034 0.04 0 0.04 13.308 0.013 13.318 14.531 0.000999999999999994 14.529 14.443 0 14.441
0.032 0 0.032 0.036 0 0.036 12.526 0.012 12.535 13.598 0.000999999999999994 13.597 13.877 0 13.874
0.032 0.00199999999999999 0.034 0.04 0.002 0.042 13.052 0.012 13.061 14.086 0.003 14.086 14.033 0 14.031
0.034 0 0.033 0.038 0.002 0.041 13.09 0.015 13.102 14.163 0.002 14.162 14.091 0 14.088
0.029 0.003 0.031 0.037 0 0.037 13.063 0.008 13.068 14.149 0 14.146 14.104 0 14.101
0.031 0.00199999999999999 0.033 0.035 0 0.035 12.78 0.00700000000000001 12.785 13.803 0.001 13.8 13.934 0 13.932
0.033 0 0.034 0.037 0.002 0.039 12.982 0.008 12.987 14.076 0.002 14.075 14.098 0 14.095
0.031 0.003 0.034 0.038 0.001 0.039 13.203 0.01 13.21 14.252 0 14.25 14.209 0 14.205
0.033 0 0.033 0.039 0 0.039 13.208 0.009 13.214 14.342 0.00199999999999999 14.341 14.305 0 14.302
0.029 0.004 0.033 0.04 0 0.041 12.967 0.014 12.978 14.082 0.002 14.08 14.003 0 14
0.03 0.003 0.033 0.039 0.001 0.04 13.003 0.007 13.007 14.227 0.002 14.225 14.043 0 14.04
0.029 0.003 0.032 0.035 0.001 0.035 13.321 0.007 13.325 14.314 0.001 14.313 14.292 0 14.289
0.031 0.001 0.032 0.035 0 0.036 12.67 0.018 12.684 13.755 0 13.753 13.774 0 13.77
0.03 0.004 0.034 0.039 0.002 0.04 12.855 0.013 12.866 13.542 0 13.54 13.451 0.001 13.448
0.032 0.002 0.034 0.039 0 0.039 12.995 0.011 13.003 14.201 0 14.198 14.108 0 14.105
0.033 0.001 0.033 0.039 0 0.04 13.066 0.008 13.072 14.18 0 14.175 14.19 0.000999999999999994 14.188
0.033 0.000999999999999994 0.034 0.037 0.001 0.039 12.974 0.012 12.982 14.007 0.001 14.006 13.957 0 13.953
0.031 0.002 0.033 0.039 0.002 0.041 13.15 0.015 13.162 14.225 0 14.222 14.179 0 14.176
0.031 0.002 0.034 0.04 0 0.04 13.158 0.011 13.166 14.255 0 14.251 14.208 0 14.206
0.032 0.001 0.033 0.04 0 0.04 13.139 0.014 13.15 14.196 0 14.193 14.135 0 14.132
0.028 0.005 0.034 0.039 0.001 0.04 13.302 0.015 13.313 14.354 0.001 14.353 14.305 0 14.301
0.034 0 0.035 0.039 0 0.038 13.238 0.008 13.243 14.356 0 14.353 14.307 0 14.304
0.033 0.001 0.034 0.04 0 0.039 13.253 0.016 13.267 14.304 0 14.3 14.259 0 14.256
0.033 0 0.033 0.039 0.001 0.041 13.117 0.014 13.128 14.222 0.003 14.222 14.13 0 14.126
0.03 0.003 0.033 0.04 0.000999999999999994 0.04 12.902 0.011 12.911 13.594 0 13.591 13.517 0 13.514
0.033 0.001 0.034 0.04 0 0.039 12.827 0.015 12.84 13.741 0.003 13.74 13.685 0 13.683
0.03 0.00199999999999999 0.032 0.033 0.002 0.035 12.584 0.01 12.59 13.662 0 13.66 13.603 0 13.6
0.032 0.002 0.033 0.04 0 0.04 12.578 0.00899999999999999 12.584 13.485 0.001 13.485 13.432 0.001 13.43
0.031 0.00199999999999999 0.033 0.038 0.002 0.039 12.976 0.009 12.983 14.06 0.001 14.058 13.972 0 13.969
0.03 0.002 0.032 0.035 0.001 0.036 12.412 0.013 12.422 13.449 0.002 13.449 13.423 0 13.421
0.033 0.001 0.033 0.039 0 0.04 13.037 0.011 13.045 14.287 0.003 14.287 14.041 0 14.038
0.03 0.004 0.034 0.039 0.001 0.039 12.961 0.008 12.967 14.092 0.001 14.09 13.943 0 13.939
0.031 0.003 0.033 0.038 0.001 0.039 13.027 0.019 13.043 13.784 0.001 13.782 14.038 0 14.035
0.032 0.002 0.034 0.039 0 0.039 13.347 0.02 13.365 14.395 0.001 14.392 14.485 0.001 14.483
0.031 0.002 0.033 0.039 0.000999999999999994 0.039 13.105 0.014 13.116 14.196 0 14.194 14.108 0 14.105
0.031 0.00199999999999999 0.034 0.039 0.001 0.04 13.209 0.012 13.218 14.299 0 14.296 14.217 0 14.214
0.031 0.002 0.033 0.039 0.001 0.04 12.976 0.009 12.988 14.154 0.002 14.153 14 0 13.997
0.03 0.003 0.033 0.039 0 0.039 13.181 0.014 13.192 14.29 0.002 14.289 14.232 0.000999999999999994 14.23
0.033 0.001 0.033 0.038 0.002 0.041 13.096 0.008 13.102 14.164 0 14.16 14.102 0 14.099
0.034 0 0.034 0.04 0 0.04 13.111 0.012 13.122 14.205 0 14.2 14.139 0 14.136
0.032 0.00199999999999999 0.035 0.041 0 0.041 13.467 0.013 13.477 14.543 0 14.539 14.431 0 14.428
0.032 0.001 0.033 0.04 0 0.041 13.187 0.012 13.195 14.241 0 14.238 14.173 0 14.169
0.03 0.002 0.032 0.036 0 0.036 12.506 0.013 12.514 13.527 0.002 13.528 13.993 0 13.99
0.027 0.006 0.034 0.041 0 0.041 13.254 0.013 13.265 14.323 0.001 14.321 14.242 0 14.239
0.031 0.003 0.033 0.039 0.001 0.04 12.975 0.012 12.985 13.993 0.001 13.992 13.964 0 13.959
0.033 0 0.034 0.039 0.001 0.04 12.986 0.00700000000000001 12.99 14.053 0.00199999999999999 14.052 13.963 0 13.959
0.032 0.002 0.034 0.039 0 0.039 13.853 0.015 13.865 14.916 0.002 14.915 14.822 0 14.819
0.031 0.002 0.034 0.04 0 0.039 12.944 0.006 12.947 13.994 0.001 13.993 13.962 0 13.957
0.031 0.003 0.034 0.038 0.001 0.039 13.224 0.011 13.232 14.302 0.000999999999999994 14.3 14.223 0 14.22
0.033 0.001 0.034 0.039 0 0.039 13.145 0.009 13.151 14.172 0 14.169 14.118 0 14.115
0.033 0 0.032 0.035 0 0.036 13.34 0.014 13.35 14.417 0 14.413 14.331 0 14.327
0.032 0.002 0.034 0.037 0.003 0.04 12.993 0.00899999999999999 13 14.258 0 14.255 14.001 0 13.997
0.031 0.00199999999999999 0.033 0.04 0 0.04 12.916 0.009 12.922 14.079 0.001 14.077 13.987 0 13.984
0.03 0.002 0.032 0.034 0.003 0.036 12.449 0.007 12.454 13.485 0 13.482 13.437 0 13.435
0.029 0.005 0.034 0.037 0.002 0.039 12.671 0.017 12.684 13.662 0 13.66 13.627 0 13.624
0.031 0.001 0.032 0.036 0 0.036 13.228 0.007 13.232 14.301 0 14.297 14.285 0 14.282
0.031 0.001 0.032 0.035 0.001 0.036 13.53 0.011 13.538 14.65 0.001 14.648 14.584 0 14.58
0.032 0 0.033 0.042 0.001 0.043 13.195 0.009 13.201 14.236 0 14.232 14.186 0 14.183
0.031 0.002 0.033 0.041 0 0.04 13.175 0.01 13.182 14.238 0 14.236 14.176 0 14.172
0.03 0.003 0.034 0.038 0.001 0.039 13.053 0.006 13.056 14.109 0 14.106 14.034 0.001 14.031
0.032 0.001 0.033 0.039 0.001 0.04 12.998 0.008 13.004 14.107 0 14.103 14.009 0 14.007
0.029 0.005 0.034 0.038 0.001 0.039 13.168 0.01 13.175 14.101 0.002 14.106 13.849 0 13.854
0.033 0.002 0.034 0.04 0.001 0.04 13.307 0.007 13.312 14.468 0 14.466 14.39 0 14.387
0.029 0.005 0.035 0.039 0 0.039 13.772 0.009 13.778 14.874 0 14.87 14.72 0 14.717
0.031 0.002 0.033 0.038 0.003 0.041 13.171 0.011 13.18 14.263 0 14.258 14.216 0 14.214
0.032 0.002 0.034 0.04 0 0.04 13.304 0.007 13.308 13.833 0.003 13.833 13.765 0.001 13.763
0.029 0.003 0.032 0.035 0 0.036 12.651 0.014 12.661 13.706 0 13.703 13.656 0 13.654
0.026 0.006 0.032 0.035 0.001 0.037 12.43 0.015 12.441 13.625 0.002 13.625 13.783 0 13.779
0.032 0.001 0.033 0.039 0.001 0.04 13.137 0.01 13.145 14.247 0 14.243 14.246 0 14.243
0.03 0.002 0.031 0.035 0.001 0.036 12.519 0.012 12.528 13.653 0 13.651 14.154 0 14.151
0.028 0.004 0.032 0.036 0 0.035 13.059 0.013 13.07 14.344 0.002 14.342 14.185 0 14.183
0.031 0.003 0.034 0.04 0 0.04 13.522 0.011 13.53 14.73 0.001 14.728 14.535 0 14.532
0.03 0.002 0.032 0.035 0.000999999999999994 0.036 13.027 0.011 13.036 14.123 0.001 14.12 14.068 0.002 14.067
0.03 0.003 0.033 0.038 0.002 0.04 12.893 0.013 12.903 14.14 0.00199999999999999 14.139 13.898 0 13.894
0.032 0.001 0.033 0.04 0 0.04 13.397 0.007 13.402 14.431 0.002 14.43 14.362 0 14.358
0.032 0.001 0.034 0.037 0.003 0.039 12.987 0.012 13.002 13.827 0.001 13.832 13.679 0.001 13.681
0.029 0.002 0.032 0.036 0 0.036 13.209 0.013 13.22 14.303 0.001 14.3 14.24 0 14.237
0.031 0.003 0.033 0.038 0.00199999999999999 0.04 13.127 0.015 13.14 14.178 0 14.175 14.117 0 14.113
0.033 0.002 0.034 0.041 0.001 0.043 13.033 0.013 13.042 14.1 0 14.097 14.073 0 14.07
0.033 0.001 0.034 0.038 0.001 0.04 13.177 0.009 13.182 14.18 0.000999999999999994 14.179 14.119 0 14.115
0.029 0.003 0.032 0.034 0.00199999999999999 0.036 12.934 0.011 12.942 14.212 0 14.209 14.123 0 14.12
0.029 0.004 0.033 0.04 0 0.04 13.102 0.009 13.109 14.121 0.001 14.118 13.868 0 13.864
0.032 0.002 0.033 0.039 0 0.039 13.25 0.009 13.256 14.355 0 14.353 14.309 0 14.304
0.031 0.000999999999999994 0.032 0.035 0 0.035 12.679 0.012 12.688 14.063 0 14.062 14.322 0 14.317
0.032 0.002 0.033 0.038 0.001 0.04 13.348 0.013 13.358 14.374 0 14.371 14.301 0 14.298
0.028 0.004 0.032 0.035 0.001 0.036 13.366 0.007 13.369 14.416 0 14.413 14.323 0 14.32
0.032 0.002 0.034 0.039 0 0.039 13.131 0.011 13.138 14.149 0 14.146 14.097 0 14.095
0.029 0.004 0.033 0.037 0.002 0.04 12.967 0.01 12.974 14.042 0.002 14.04 13.962 0 13.96
0.033 0.000999999999999994 0.034 0.04 0 0.04 13.04 0.017 13.055 14.171 0.001 14.169 14.088 0 14.085
0.032 0.002 0.034 0.039 0 0.039 13.117 0.015 13.129 14.202 0 14.199 14.13 0 14.127
0.03 0.004 0.034 0.04 0.001 0.039 13.156 0.013 13.167 14.433 0.001 14.43 14.159 0 14.156
0.028 0.006 0.034 0.038 0.001 0.039 13.553 0.015 13.565 14.625 0 14.622 14.569 0 14.566
0.031 0.003 0.034 0.037 0.002 0.039 12.851 0.01 12.86 13.704 0 13.7 13.633 0 13.629
0.033 0.001 0.034 0.04 0 0.04 13.433 0.013 13.443 13.937 0.000999999999999994 13.935 13.825 0 13.821
0.031 0.002 0.034 0.039 0.001 0.039 12.984 0.01 12.991 14.068 0.003 14.068 14.025 0 14.022
0.029 0.003 0.031 0.035 0.001 0.037 12.76 0.01 12.766 13.806 0.00199999999999999 13.806 13.78 0 13.776
0.03 0.003 0.034 0.038 0.001 0.039 13.251 0.012 13.261 14.343 0 14.339 14.269 0 14.265
0.032 0.001 0.033 0.039 0.001 0.04 13.056 0.012 13.065 14.087 0.002 14.086 14.055 0 14.052
0.034 0 0.034 0.038 0.001 0.038 13.129 0.014 13.14 14.243 0.002 14.243 14.186 0 14.183
0.031 0.00199999999999999 0.033 0.04 0 0.04 13.097 0.011 13.105 14.147 0 14.144 14.095 0 14.093
0.031 0.003 0.034 0.037 0.003 0.039 12.905 0.012 12.922 13.84 0.003 13.842 13.701 0 13.707
0.031 0.00199999999999999 0.034 0.04 0 0.04 13.155 0.012 13.163 14.231 0 14.228 14.138 0 14.136
0.033 0 0.033 0.042 0.001 0.043 13.147 0.006 13.151 14.205 0 14.201 14.151 0.001 14.149
0.031 0.003 0.033 0.039 0 0.04 13.507 0.009 13.512 14.578 0.001 14.576 14.493 0 14.489
0.031 0.004 0.034 0.037 0.002 0.039 13.267 0.008 13.273 14.023 0.001 14.021 13.643 0 13.64
0.03 0.003 0.033 0.039 0 0.04 12.969 0.015 12.981 14.165 0 14.16 14.109 0 14.107
0.031 0.002 0.034 0.038 0.002 0.04 13.093 0.014 13.104 14.206 0 14.203 14.135 0 14.132
0.031 0.00199999999999999 0.034 0.039 0.001 0.04 12.958 0.01 12.965 14.051 0.001 14.048 14.015 0 14.012
0.031 0.001 0.031 0.035 0.001 0.036 12.592 0.009 12.597 13.603 0.001 13.602 13.541 0 13.539
0.03 0.004 0.033 0.037 0.002 0.04 13.047 0.012 13.055 14.2 0.001 14.198 14.105 0 14.102
0.03 0.002 0.032 0.033 0.002 0.036 12.734 0.011 12.742 13.863 0.001 13.86 14.213 0 14.21
0.032 0.001 0.034 0.038 0.002 0.039 12.889 0.01 12.896 14.158 0.00199999999999999 14.158 13.914 0 13.911
0.03 0.003 0.033 0.038 0.001 0.039 13.268 0.013 13.278 14.397 0.001 14.394 14.158 0 14.155
0.031 0.003 0.034 0.04 0 0.04 12.924 0.008 12.929 14.011 0.001 14.01 14.057 0 14.053
0.032 0 0.032 0.035 0.001 0.036 13.141 0.015 13.153 14.262 0 14.259 14.172 0 14.168
0.031 0.00199999999999999 0.033 0.04 0 0.039 13.014 0.012 13.03 13.939 0.003 13.945 13.768 0 13.769
0.032 0.001 0.033 0.039 0.001 0.04 13.268 0.01 13.275 14.318 0.001 14.316 14.19 0 14.189
0.032 0.002 0.034 0.04 0 0.04 13.326 0.012 13.334 14.422 0.001 14.421 14.369 0 14.365
0.032 0.003 0.035 0.038 0 0.038 13.39 0.008 13.395 14.348 0.001 14.352 14.103 0 14.107
0.032 0.002 0.034 0.039 0.001 0.04 13.384 0.013 13.394 14.413 0.002 14.412 14.353 0 14.35
0.032 0.001 0.033 0.039 0.001 0.04 13.266 0.009 13.272 14.349 0 14.346 14.3 0 14.297
0.029 0.003 0.033 0.035 0 0.035 12.623 0.01 12.629 13.664 0.001 13.664 13.608 0 13.605
0.032 0.001 0.034 0.039 0.000999999999999994 0.039 12.976 0.009 12.982 14.075 0 14.072 14.047 0 14.044
0.03 0.002 0.032 0.033 0.003 0.035 13.154 0.017 13.168 14.202 0 14.2 14.146 0 14.143
0.033 0.001 0.034 0.038 0.001 0.038 13.136 0.017 13.152 14.23 0.004 14.231 14.169 0 14.165
0.03 0.003 0.033 0.04 0 0.04 13.168 0.014 13.179 14.254 0 14.251 14.157 0 14.155
0.032 0.001 0.033 0.038 0.001 0.04 12.908 0.013 12.918 14.045 0.002 14.043 13.916 0 13.913
0.029 0.005 0.033 0.038 0.001 0.04 12.994 0.007 12.998 14.05 0.001 14.048 14.002 0 13.998
0.031 0.002 0.033 0.039 0.000999999999999994 0.04 12.798 0.009 12.805 13.924 0 13.922 13.884 0 13.879
0.031 0.003 0.035 0.038 0.001 0.039 13.3 0.006 13.303 14.193 0.002 14.191 14.329 0 14.326
0.032 0.001 0.033 0.04 0 0.04 13.156 0.016 13.169 14.253 0 14.25 14.212 0 14.209
0.031 0.001 0.032 0.036 0.001 0.037 12.449 0.017 12.463 13.469 0.003 13.47 13.633 0 13.63
0.031 0.003 0.034 0.04 0 0.04 12.89 0.011 12.898 13.567 0 13.564 13.522 0 13.519
0.032 0.002 0.033 0.039 0 0.039 13.075 0.013 13.085 14.166 0.001 14.164 14.108 0 14.104
0.034 0 0.034 0.037 0.002 0.04 13.033 0.012 13.042 14.1 0 14.096 14.021 0 14.017
0.033 0.001 0.035 0.039 0 0.038 13.336 0.014 13.356 14.222 0.004 14.225 14.096 0 14.1
0.03 0.003 0.033 0.037 0.003 0.0399999999999999 12.974 0.00899999999999999 12.986 13.866 0.002 13.867 13.707 0 13.713
0.027 0.006 0.034 0.039 0.002 0.04 13.064 0.013 13.074 14.114 0.002 14.113 14.05 0 14.048
0.031 0.00199999999999999 0.034 0.04 0 0.04 13.223 0.013 13.232 14.286 0 14.283 14.225 0 14.223
0.032 0.002 0.034 0.038 0 0.038 13.254 0.007 13.258 14.338 0 14.335 14.265 0 14.262
0.031 0.003 0.034 0.039 0.002 0.04 13.042 0.008 13.048 14.107 0.001 14.105 14.055 0 14.052
0.035 0 0.034 0.037 0.001 0.039 13.164 0.009 13.17 14.199 0 14.196 14.162 0 14.157
0.032 0.002 0.034 0.039 0.000999999999999994 0.04 13.136 0.00800000000000001 13.141 14.221 0.000999999999999994 14.219 14.173 0 14.17
0.027 0.004 0.031 0.035 0.001 0.036 12.589 0.012 12.598 13.943 0 13.94 14.216 0 14.213
0.032 0.001 0.034 0.043 0 0.043 13.288 0.01 13.294 14.471 0.001 14.469 14.396 0 14.393
0.034 0 0.034 0.04 0.001 0.042 13.4 0.01 13.406 14.461 0.001 14.459 14.423 0 14.42
0.031 0.002 0.033 0.039 0.001 0.04 12.684 0.01 12.691 13.45 0 13.448 13.411 0 13.409
0.031 0.002 0.034 0.038 0.003 0.04 13.107 0.012 13.117 14.246 0 14.242 14.128 0 14.126
0.03 0.002 0.032 0.036 0 0.035 12.654 0.011 12.662 13.649 0.001 13.648 13.704 0 13.7
0.028 0.005 0.033 0.038 0.002 0.04 12.951 0.008 12.956 14.219 0.001 14.217 14.16 0 14.157
0.031 0.003 0.034 0.039 0 0.039 13.141 0.012 13.15 14.368 0.000999999999999994 14.366 14.12 0 14.116
0.032 0.001 0.034 0.041 0 0.041 12.816 0.01 12.822 14.043 0.000999999999999994 14.041 14.038 0 14.036
0.026 0.007 0.034 0.038 0.001 0.039 13.235 0.008 13.241 14.311 0 14.307 14.232 0 14.228
0.029 0.003 0.032 0.039 0.001 0.04 13.173 0.009 13.179 14.238 0.001 14.236 14.191 0 14.189
0.032 0.001 0.033 0.041 0 0.041 13.006 0.01 13.014 14.085 0.001 14.083 14.041 0 14.038
0.031 0.003 0.034 0.042 0.001 0.043 13.039 0.01 13.047 14.117 0.002 14.116 14.038 0 14.034
0.033 0 0.033 0.039 0.001 0.04 13.091 0.008 13.104 13.876 0.001 13.877 13.685 0 13.686
0.033 0 0.033 0.038 0.002 0.04 13.127 0.00799999999999999 13.132 14.146 0.001 14.144 14.079 0 14.083
0.031 0.002 0.033 0.035 0 0.035 13.259 0.01 13.266 14.299 0.001 14.297 14.244 0.001 14.242
0.03 0.004 0.033 0.04 0 0.041 13.142 0.008 13.147 14.199 0.002 14.197 14.112 0 14.11
0.031 0.002 0.034 0.04 0 0.039 13.318 0.015 13.33 14.06 0.001 14.059 13.686 0 13.682
0.03 0.003 0.034 0.04 0 0.039 13.021 0.013 13.032 14.026 0.001 14.024 13.97 0 13.967
0.033 0 0.034 0.039 0.001 0.04 13.036 0.013 13.046 14.18 0 14.177 14.082 0 14.078
0.032 0.001 0.034 0.039 0.000999999999999994 0.039 13.328 0.008 13.333 14.361 0.00600000000000001 14.363 14.328 0 14.326
0.031 0.002 0.033 0.041 0.000999999999999994 0.042 13.167 0.012 13.176 14.196 0 14.193 14.147 0.001 14.145
0.028 0.003 0.031 0.035 0.000999999999999994 0.037 12.465 0.00700000000000001 12.468 13.495 0.001 13.494 13.411 0 13.409
0.031 0.003 0.033 0.038 0.001 0.04 13.027 0.009 13.033 14.059 0.000999999999999994 14.057 13.495 0 13.491
0.032 0.002 0.034 0.038 0.001 0.039 13.251 0.009 13.257 14.308 0.002 14.307 14.242 0 14.238
0.029 0.004 0.033 0.04 0.001 0.04 13.038 0.014 13.05 14.126 0 14.122 14.03 0.001 14.028
0.031 0.002 0.034 0.039 0.001 0.04 13.098 0.013 13.108 14.031 0.001 14.029 14.169 0 14.165
0.031 0.001 0.031 0.036 0 0.036 12.443 0.01 12.451 13.476 0.001 13.474 13.429 0 13.427
0.032 0 0.032 0.036 0 0.036 12.566 0.016 12.579 13.643 0 13.641 13.562 0 13.558
0.033 0.001 0.033 0.04 0 0.04 12.637 0.009 12.643 13.586 0 13.584 13.532 0 13.529
0.031 0.003 0.034 0.038 0.001 0.039 13.098 0.014 13.109 14.237 0 14.234 14.16 0 14.156
0.031 0.002 0.033 0.039 0.001 0.04 12.994 0.011 13.002 14.11 0.001 14.108 13.984 0 13.98
0.029 0.005 0.034 0.041 0 0.04 13.194 0.009 13.201 14.297 0.001 14.294 14.233 0 14.23
0.031 0.003 0.034 0.038 0.001 0.039 13.337 0.015 13.349 14.471 0.001 14.469 14.332 0 14.329
0.033 0.001 0.034 0.04 0 0.04 13.194 0.018 13.214 14.042 0 14.041 13.878 0 13.882
0.029 0.004 0.033 0.04 0 0.04 13.214 0.011 13.222 14.291 0 14.288 14.219 0 14.216
0.031 0.001 0.032 0.036 0 0.037 12.59 0.015 12.601 13.614 0.002 13.615 13.556 0.001 13.553
0.028 0.00600000000000001 0.033 0.039 0.00199999999999999 0.042 13.156 0.013 13.166 14.229 0.001 14.227 14.164 0 14.161
0.033 0 0.033 0.04 0.000999999999999994 0.04 13.068 0.013 13.079 14.117 0 14.114 14.069 0 14.067
0.027 0.004 0.031 0.034 0.002 0.036 12.542 0.011 12.55 13.577 0 13.574 13.513 0 13.51
0.03 0.002 0.032 0.036 0 0.035 12.753 0.011 12.762 13.816 0.00199999999999999 13.815 13.719 0 13.716
0.028 0.003 0.031 0.034 0.002 0.036 12.274 0.015 12.289 13.168 0 13.173 13.616 0 13.621
0.033 0.001 0.034 0.039 0 0.039 13.067 0.012 13.076 13.922 0.001 13.92 13.862 0 13.859
0.03 0.002 0.032 0.035 0.001 0.036 12.493 0.013 12.502 13.503 0 13.502 13.638 0 13.634
0.028 0.005 0.034 0.04 0 0.04 13.197 0.009 13.203 14.353 0.000999999999999994 14.35 14.304 0.001 14.303
0.033 0 0.032 0.035 0 0.035 12.593 0.014 12.603 13.772 0 13.771 14.067 0 14.064
0.031 0.002 0.034 0.04 0 0.04 12.996 0.009 13.002 14.142 0 14.138 14.05 0 14.046
0.031 0.002 0.034 0.039 0.001 0.039 13.044 0.013 13.055 13.938 0.003 13.937 14.064 0 14.061
0.029 0.00199999999999999 0.032 0.036 0 0.035 13.542 0.012 13.552 14.699 0 14.695 14.63 0 14.628
0.03 0.001 0.032 0.037 0 0.037 13.064 0.01 13.071 14.057 0 14.054 14.11 0.001 14.108
0.033 0.00199999999999999 0.034 0.039 0 0.039 13.467 0.01 13.474 14.59 0.001 14.588 14.53 0 14.526
0.032 0.001 0.034 0.041 0 0.04 12.984 0.011 12.992 14.017 0.001 14.015 13.962 0 13.959
0.033 0.001 0.033 0.04 0.001 0.041 12.957 0.026 13.001 13.866 0.00600000000000001 13.882 13.747 0.00499999999999999 13.755
0.03 0.001 0.031 0.036 0.001 0.037 12.921 0.007 12.925 14.24 0.002 14.24 14.182 0 14.178
0.031 0.00199999999999999 0.032 0.039 0.001 0.04 13.056 0.014 13.068 14.135 0.002 14.133 13.833 0 13.831
0.028 0.004 0.032 0.035 0.001 0.036 12.549 0.012 12.557 13.967 0.003 13.968 14.24 0 14.237
0.034 0.001 0.035 0.038 0 0.038 14.908 0.013 14.918 15.938 0.002 15.936 15.668 0 15.665
0.032 0.001 0.033 0.04 0 0.041 13.159 0.009 13.164 14.212 0 14.209 14.162 0 14.16
0.03 0.002 0.032 0.035 0.001 0.037 12.399 0.009 12.404 13.741 0.003 13.742 13.984 0 13.981
0.034 0 0.034 0.042 0 0.042 13.32 0.01 13.327 14.412 0.003 14.412 14.33 0 14.327
0.031 0.003 0.034 0.04 0 0.04 13.161 0.009 13.167 14.212 0.002 14.211 14.163 0 14.16
0.032 0.00199999999999999 0.033 0.041 0 0.041 13.15 0.011 13.158 14.21 0.001 14.208 14.121 0 14.118
0.03 0.004 0.036 0.04 0.001 0.0399999999999999 13.116 0.009 13.123 14.218 0.001 14.216 14.157 0 14.153
0.033 0.001 0.033 0.037 0.002 0.04 13.258 0.015 13.27 14.338 0 14.335 14.238 0 14.235
0.032 0.002 0.033 0.039 0 0.04 12.878 0.011 12.887 13.982 0.001 13.98 13.936 0 13.932
0.029 0.004 0.033 0.04 0 0.04 13.081 0.007 13.085 14.124 0.001 14.122 14.08 0 14.077
0.032 0.002 0.034 0.04 0 0.04 13.303 0.016 13.316 14.326 0.003 14.326 14.247 0 14.245
0.031 0.001 0.032 0.037 0.001 0.037 13.129 0.012 13.139 14.149 0 14.146 14.137 0 14.133
0.031 0.002 0.034 0.036 0.003 0.039 13.093 0.009 13.1 14.158 0 14.154 14.061 0 14.059
0.032 0.00199999999999999 0.034 0.04 0.001 0.04 13.026 0.00700000000000001 13.03 13.876 0.00199999999999999 13.875 13.987 0 13.984
0.031 0.003 0.033 0.041 0 0.042 13.122 0.00899999999999999 13.127 13.479 0.001 13.485 13.165 0 13.171
0.032 0.002 0.033 0.037 0.002 0.04 13.213 0.012 13.227 14.039 0 14.041 13.874 0 13.874
0.03 0.003 0.033 0.04 0 0.04 13.08 0.009 13.085 14.093 0.004 14.095 14.007 0 14.005
0.033 0.000999999999999994 0.034 0.042 0 0.042 12.696 0.013 12.706 13.601 0 13.598 13.392 0 13.393
0.031 0.002 0.033 0.038 0.001 0.039 13.121 0.005 13.125 14.158 0.001 14.154 14.085 0 14.082
0.033 0 0.033 0.04 0 0.04 13.287 0.013 13.296 14.305 0.001 14.304 14.246 0 14.243
0.031 0.003 0.033 0.039 0.001 0.04 13.176 0.011 13.185 13.996 0.001 13.994 13.612 0.001 13.609
0.033 0.001 0.034 0.041 0 0.041 13.221 0.01 13.227 14.329 0.001 14.328 14.257 0 14.254
0.034 0 0.034 0.038 0.00199999999999999 0.04 13.192 0.012 13.201 14.252 0 14.249 14.21 0 14.207
0.029 0.005 0.034 0.042 0 0.042 13.422 0.011 13.43 14.131 0 14.128 13.751 0 13.748
0.033 0 0.033 0.039 0.002 0.041 12.667 0.016 12.679 13.814 0 13.812 13.709 0 13.706
0.03 0.001 0.033 0.035 0.00199999999999999 0.037 13.136 0.01 13.143 14.13 0.002 14.129 14.19 0 14.187
0.03 0.002 0.032 0.036 0.001 0.036 12.814 0.01 12.822 13.859 0.000999999999999994 13.857 14.223 0 14.219
0.03 0.00199999999999999 0.033 0.035 0 0.035 13.1 0.01 13.107 14.191 0 14.188 14.149 0 14.146
0.031 0 0.032 0.035 0.001 0.036 12.521 0.009 12.525 13.555 0 13.554 13.459 0 13.456
0.032 0.000999999999999994 0.034 0.039 0.001 0.04 13.026 0.012 13.036 14.07 0 14.068 14.038 0 14.035
0.03 0.004 0.034 0.039 0.000999999999999994 0.04 13.099 0.01 13.107 14.184 0.001 14.181 14.12 0 14.117
0.031 0 0.032 0.035 0.000999999999999994 0.036 12.517 0.011 12.523 13.527 0 13.526 13.551 0 13.547
0.03 0.004 0.033 0.038 0.002 0.04 13.239 0.009 13.245 14.168 0.001 14.167 14.296 0 14.292
0.034 0 0.033 0.038 0.001 0.039 13.177 0.011 13.186 14.141 0 14.137 14.105 0 14.109
0.03 0.004 0.034 0.037 0.002 0.039 12.945 0.007 12.95 14.035 0.002 14.034 13.984 0.001 13.982
0.032 0.002 0.034 0.039 0 0.04 13.173 0.011 13.191 14.055 0.000999999999999994 14.058 13.943 0 13.944
0.034 0 0.034 0.04 0 0.04 13.287 0.01 13.294 14.422 0.001 14.421 14.321 0 14.316
0.034 0 0.034 0.038 0 0.038 13.365 0.007 13.368 14.534 0.002 14.534 14.467 0 14.463
0.034 0 0.034 0.039 0 0.039 13.229 0.01 13.236 14.429 0 14.426 14.369 0 14.366
0.028 0.004 0.032 0.035 0.001 0.036 12.506 0.011 12.513 13.552 0.002 13.552 14.073 0 14.069
0.033 0.001 0.034 0.038 0.00199999999999999 0.039 13.209 0.019 13.227 14.376 0 14.371 14.276 0 14.274
0.03 0.003 0.034 0.04 0 0.04 13.212 0.013 13.222 14.306 0.001 14.303 14.219 0 14.215
0.031 0.001 0.031 0.036 0 0.036 12.505 0.006 12.507 13.544 0.001 13.543 13.456 0 13.453
0.033 0 0.033 0.04 0 0.04 12.898 0.01 12.905 13.973 0 13.97 13.939 0 13.936
0.031 0.001 0.032 0.036 0 0.036 12.53 0.016 12.541 13.566 0.001 13.566 13.507 0 13.504
0.034 0 0.034 0.041 0 0.041 13.169 0.01 13.175 14.242 0 14.239 14.192 0 14.19
0.032 0.002 0.033 0.039 0 0.04 12.939 0.012 12.948 14.023 0.000999999999999994 14.02 13.967 0 13.965
0.032 0.003 0.033 0.038 0.002 0.04 13.154 0.011 13.163 14.237 0.002 14.235 14.12 0.001 14.118
0.031 0.002 0.033 0.039 0.000999999999999994 0.04 13.056 0.009 13.063 14.313 0.003 14.312 14.259 0 14.256
0.032 0.00199999999999999 0.035 0.039 0 0.038 13.121 0.01 13.129 14.194 0 14.19 14.102 0 14.099
0.03 0.004 0.033 0.039 0 0.04 13.148 0.015 13.16 14.235 0 14.231 14.176 0 14.173
0.032 0 0.032 0.035 0.001 0.036 13.01 0.01 13.016 14.106 0.000999999999999994 14.105 14.033 0 14.03
0.032 0.001 0.033 0.039 0.000999999999999994 0.04 12.943 0.011 12.952 13.974 0.003 13.973 13.947 0 13.944
0.029 0.005 0.034 0.038 0.001 0.04 13.403 0.006 13.406 14.701 0 14.697 14.335 0 14.338
0.029 0.004 0.033 0.039 0.001 0.04 12.87 0.015 12.882 13.651 0 13.648 13.579 0 13.577
0.032 0.00399999999999999 0.135 0.038 0.002 0.04 13.112 0.013 13.123 14.216 0 14.212 14.143 0 14.141
0.029 0.005 0.128 0.041 0.001 0.042 13.057 0.011 13.065 14.161 0.001 14.158 14.076 0 14.073
0.031 0.003 0.128 0.041 0.001 0.041 13.398 0.012 13.408 14.572 0 14.567 14.503 0 14.5
0.031 0.003 0.0339999999999999 0.039 0.001 0.04 12.982 0.01 12.989 14.3 0 14.297 14.05 0 14.046
0.03 0.003 0.033 0.039 0.001 0.04 13.102 0.011 13.111 14.18 0.003 14.18 14.141 0 14.137
0.032 0.003 0.034 0.039 0 0.039 13.673 0.008 13.684 14.524 0.001 14.523 14.272 0 14.277
0.031 0.001 0.032 0.035 0.001 0.036 12.5 0.017 12.514 13.586 0 13.583 13.496 0 13.495
0.031 0.002 0.033 0.041 0 0.04 13.311 0.011 13.319 14.384 0.002 14.383 14.307 0 14.303
0.033 0 0.032 0.039 0.000999999999999994 0.041 13.096 0.011 13.105 14.163 0.001 14.159 14.123 0 14.121
0.03 0.004 0.034 0.038 0.001 0.04 13.159 0.008 13.165 13.639 0 13.636 13.573 0 13.569
0.03 0.002 0.032 0.036 0 0.036 13.186 0.005 13.188 14.268 0 14.265 14.263 0 14.259
0.03 0.001 0.031 0.037 0.000999999999999994 0.037 12.448 0.014 12.459 13.576 0 13.575 14.055 0 14.052
0.033 0 0.033 0.036 0 0.036 13.521 0.015 13.533 14.605 0.001 14.603 14.546 0 14.543
0.03 0.002 0.032 0.037 0 0.036 12.59 0.011 12.598 13.881 0.002 13.881 14.045 0 14.041
0.031 0.003 0.033 0.037 0.002 0.04 13.29 0.01 13.297 14.435 0 14.431 14.314 0 14.312
0.032 0.00199999999999999 0.033 0.04 0 0.04 13.068 0.007 13.073 14.145 0.002 14.144 14.081 0 14.077
0.031 0.003 0.035 0.039 0.001 0.04 13.034 0.016 13.047 14.197 0.001 14.194 14.148 0 14.146
0.032 0.001 0.033 0.038 0.00199999999999999 0.04 13.058 0.013 13.068 14.05 0.001 14.048 14.064 0 14.061
0.034 0 0.034 0.038 0.001 0.039 13.29 0.006 13.293 14.208 0.001 14.206 14.336 0 14.333
0.033 0.001 0.034 0.039 0 0.039 13.393 0.011 13.401 14.499 0.001 14.497 14.385 0.002 14.385
0.032 0.002 0.034 0.041 0.001 0.042 13.007 0.01 13.022 13.89 0.00199999999999999 13.891 13.732 0 13.738
0.033 0.001 0.034 0.041 0 0.041 13.597 0.01 13.604 14.672 0 14.668 14.469 0 14.468
0.034 0 0.034 0.039 0 0.039 13.384 0.011 13.393 14.456 0.002 14.454 14.345 0 14.342
0.032 0.001 0.033 0.04 0 0.041 13.007 0.009 13.013 14.071 0.003 14.071 14.032 0 14.028
0.033 0 0.032 0.038 0.00199999999999999 0.041 13.204 0.013 13.214 14.264 0.00199999999999999 14.263 14.177 0 14.174
0.03 0.001 0.031 0.033 0.003 0.036 12.455 0.013 12.465 13.796 0 13.794 14.047 0 14.044
0.033 0.001 0.034 0.038 0.001 0.039 13.204 0.00899999999999999 13.21 14.238 0 14.238 13.984 0 13.988
0.032 0.00199999999999999 0.033 0.038 0.001 0.04 13.456 0.00900000000000001 13.461 14.512 0 14.508 14.471 0 14.475
0.03 0.004 0.033 0.039 0.000999999999999994 0.04 13.019 0.011 13.028 14.112 0 14.11 14.03 0 14.025
0.032 0.002 0.034 0.038 0.001 0.038 13.369 0.01 13.377 14.449 0 14.446 14.365 0 14.362
0.032 0.002 0.033 0.04 0.002 0.043 13.186 0.011 13.193 14.264 0 14.261 14.21 0 14.207
0.034 0 0.034 0.039 0 0.04 13.194 0.009 13.2 14.327 0.001 14.325 14.221 0 14.217
0.031 0.003 0.033 0.039 0.001 0.04 13.019 0.006 13.024 14.072 0.001 14.069 14.013 0 14.01
0.032 0.001 0.034 0.039 0.001 0.04 13.186 0.011 13.195 14.279 0 14.275 14.224 0 14.221
0.033 0.002 0.034 0.037 0.001 0.039 13.239 0.01 13.247 14.388 0.00199999999999999 14.386 14.315 0.001 14.312
0.031 0.003 0.033 0.04 0 0.041 13.209 0.007 13.213 14.284 0.001 14.281 14.181 0 14.177
0.028 0.004 0.032 0.034 0.002 0.037 12.867 0.011 12.875 13.939 0 13.935 13.886 0 13.883
0.028 0.003 0.031 0.037 0 0.037 12.811 0.011 12.819 13.959 0 13.956 13.888 0 13.884
0.032 0.000999999999999994 0.033 0.038 0.002 0.04 13.078 0.011 13.086 14.182 0 14.179 13.938 0.001 13.935
0.033 0.001 0.035 0.039 0.001 0.039 13.227 0.011 13.235 13.799 0 13.796 13.64 0 13.637
0.033 0.000999999999999994 0.035 0.037 0.003 0.04 13.179 0.012 13.188 14.223 0 14.221 14.248 0 14.245
0.029 0.004 0.033 0.038 0.001 0.04 13.042 0.00800000000000001 13.047 13.968 0.001 13.966 13.741 0 13.737
0.033 0.000999999999999994 0.034 0.039 0 0.04 13.184 0.01 13.19 14.44 0.003 14.44 14.362 0 14.359
0.03 0.003 0.033 0.04 0.001 0.041 13.144 0.011 13.152 14.216 0.001 14.214 14.134 0.001 14.137
0.033 0.001 0.034 0.038 0 0.039 13.178 0.01 13.19 13.933 0 13.931 13.793 0 13.794
0.033 0.001 0.034 0.039 0 0.039 12.875 0.01 12.882 13.716 0.001 13.714 13.643 0 13.64
0.033 0 0.033 0.039 0.001 0.04 13.039 0.01 13.047 14.045 0 14.042 14.006 0 14.002
0.031 0.003 0.033 0.039 0.001 0.04 13.139 0.00600000000000001 13.144 14.227 0.004 14.226 14.136 0.001 14.134
0.032 0.00199999999999999 0.034 0.037 0.002 0.04 13.032 0.016 13.045 13.83 0 13.828 13.465 0 13.461
0.031 0.001 0.032 0.036 0 0.036 12.477 0.013 12.487 13.386 0.00199999999999999 13.385 13.318 0 13.316
0.029 0.004 0.034 0.04 0 0.039 12.986 0.021 13.02 14.094 0.00600000000000001 14.101 14.023 0.01 14.041
0.03 0.001 0.031 0.036 0 0.036 12.485 0.00600000000000001 12.487 13.54 0.000999999999999994 13.54 13.778 0 13.775
0.03 0.004 0.034 0.038 0.001 0.039 13.092 0.014 13.104 14.187 0 14.184 14.116 0 14.111
