0.054 0 0.054 0.01 0.001 0.011 9.289 0.007 9.294 9.676 0 9.673 9.588 0 9.586
0.054 0 0.054 0.00999999999999998 0.001 0.011 8.713 0.01 8.72 9.093 0 9.091 9.022 0 9.021
0.052 0.001 0.053 0.01 0.000999999999999994 0.011 8.86 0.008 8.871 9.301 0 9.304 9.24 0.001 9.247
0.053 0 0.053 0.011 0 0.011 9.227 0.011 9.235 9.711 0 9.71 9.548 0 9.546
0.053 0.000999999999999997 0.054 0.011 0 0.011 8.911 0.012 8.921 9.343 0 9.341 9.277 0 9.275
0.053 0 0.053 0.01 0.001 0.011 8.76 0.006 8.763 9.265 0 9.264 9.164 0 9.162
0.052 0.001 0.053 0.012 0 0.012 9.183 0.011 9.192 9.735 0.003 9.735 9.681 0 9.68
0.045 0.002 0.046 0.00999999999999998 0.001 0.011 8.104 0.00899999999999999 8.111 8.503 0 8.501 8.411 0 8.409
0.054 0 0.054 0.01 0.001 0.011 8.894 0.008 8.907 9.274 0.001 9.279 9.304 0.038 9.348
0.053 0 0.053 0.01 0.001 0.011 9.157 0.008 9.163 9.667 0.001 9.667 9.519 0 9.517
0.045 0 0.046 0.00799999999999998 0.003 0.011 8.546 0.011 8.555 9 0 8.998 8.905 0.001 8.905
0.054 0 0.054 0.00900000000000001 0.002 0.011 8.699 0.013 8.71 9.116 0 9.114 8.462 0 8.466
0.052 0.001 0.053 0.013 0 0.013 10.104 0.006 10.107 10.638 0 10.636 10.364 0 10.361
0.07 0 0.069 0.014 0 0.015 11.672 0.017 11.703 12.335 0 12.35 12.444 0 12.458
0.054 0 0.054 0.01 0.000999999999999994 0.011 9.218 0.009 9.225 9.655 0 9.652 9.591 0 9.589
0.048 0 0.047 0.011 0.001 0.012 9.596 0.004 9.599 10.535 0 10.533 10.472 0 10.468
0.053 0.001 0.053 0.011 0.001 0.011 9.252 0.01 9.26 9.681 0.001 9.681 9.406 0 9.403
0.044 0.002 0.046 0.011 0 0.011 8.649 0.012 8.658 9.059 0 9.058 9.16 0 9.158
0.051 0.001 0.112 0.012 0 0.011 9.17 0.01 9.178 9.606 0 9.604 9.443 0 9.442
0.052 0 0.053 0.00800000000000001 0.003 0.011 8.814 0.011 8.823 9.205 0.001 9.204 9.15 0 9.148
0.044 0.002 0.047 0.011 0 0.011 8.604 0.006 8.609 9.01 0 9.008 8.918 0 8.917
0.047 0.001 0.048 0.00999999999999998 0.001 0.011 9.044 0.008 9.05 9.516 0 9.514 9.463 0 9.461
0.047 0 0.047 0.01 0 0.011 8.289 0.01 8.296 8.682 0.001 8.681 8.604 0 8.602
0.053 0 0.053 0.01 0.000999999999999997 0.011 9.239 0.012 9.249 9.672 0 9.67 9.532 0 9.53
0.052 0 0.053 0.01 0.002 0.011 8.77 0.012 8.78 9.226 0 9.223 9.171 0 9.17
0.053 0 0.054 0.01 0.001 0.011 8.817 0.007 8.822 9.228 0.001 9.225 9.167 0.001 9.168
0.052 0 0.052 0.011 0 0.011 8.671 0.008 8.677 9.135 0 9.132 9.015 0 9.014
0.052 0.00199999999999999 0.054 0.011 0 0.011 8.475 0.012 8.485 8.906 0 8.904 8.829 0 8.828
0.054 0.001 0.055 0.01 0.00199999999999999 0.013 10.063 0.00800000000000001 10.069 10.583 0 10.58 10.545 0 10.542
0.056 0 0.056 0.013 0 0.012 10.022 0.003 10.022 10.605 0 10.603 10.574 0 10.572
0.045 0.001 0.046 0.00999999999999998 0.000999999999999994 0.011 8.348 0.01 8.356 8.704 0 8.703 8.639 0 8.636
0.046 0 0.046 0.00999999999999998 0.001 0.011 8.322 0.007 8.327 8.707 0 8.705 8.596 0 8.594
0.054 0 0.054 0.01 0.000999999999999994 0.011 9.29 0.008 9.296 9.734 0 9.732 9.677 0 9.676
0.053 0 0.053 0.011 0 0.011 9.245 0.011 9.254 9.689 0.001 9.687 9.606 0 9.605
0.047 0 0.047 0.01 0.001 0.01 8.589 0.014 8.601 8.917 0 8.916 8.852 0 8.851
0.048 0 0.048 0.01 0.002 0.012 9.587 0.004 9.589 10.424 0 10.423 10.343 0 10.34
0.052 0.001 0.053 0.01 0.001 0.01 8.508 0.006 8.513 8.88 0 8.877 8.814 0 8.812
0.055 0.000999999999999994 0.056 0.013 0 0.013 9.918 0.005 9.92 10.443 0 10.44 10.429 0 10.426
0.045 0.001 0.046 0.00999999999999998 0.001 0.011 8.336 0.013 8.347 9.214 0 9.213 9.248 0 9.246
0.057 0.001 0.058 0.011 0 0.011 9.22 0.008 9.226 9.506 0.001 9.504 8.913 0 8.912
0.051 0.001 0.051 0.011 0 0.012 8.891 0.018 8.907 9.364 0.001 9.362 9.284 0 9.283
0.053 0 0.053 0.012 0 0.012 9.329 0.01 9.336 9.829 0 9.828 9.653 0 9.652
0.054 0 0.054 0.011 0 0.011 8.701 0.01 8.709 9.266 0 9.264 9.137 0 9.135
0.054 0.001 0.055 0.011 0.001 0.012 9.309 0.006 9.314 9.598 0 9.594 9.509 0 9.508
0.046 0 0.046 0.011 0 0.011 8.634 0.009 8.642 9.39 0 9.387 9.34 0 9.338
0.051 0.003 0.054 0.011 0.002 0.013 9.954 0.008 9.96 10.419 0 10.417 9.509 0 9.507
0.046 0 0.045 0.00999999999999998 0 0.011 8.308 0.01 8.316 9.052 0 9.05 8.977 0 8.976
0.052 0 0.053 0.011 0 0.011 8.541 0.012 8.55 8.963 0 8.962 8.628 0 8.627
0.054 0 0.053 0.01 0.001 0.011 9.25 0.013 9.261 9.755 0 9.754 9.715 0 9.714
0.055 0.001 0.055 0.013 0 0.013 10.071 0.006 10.075 10.568 0 10.566 10.326 0 10.323
0.045 0.001 0.047 0.011 0 0.01 8.518 0.012 8.539 8.832 0.005 8.848 8.757 0.035 8.8
0.045 0.001 0.045 0.00999999999999998 0 0.011 8.298 0.004 8.3 9.132 0 9.129 9.133 0 9.132
0.053 0 0.053 0.00900000000000001 0.002 0.011 9.22 0.008 9.225 9.521 0.001 9.521 8.836 0 8.833
0.053 0 0.053 0.012 0.001 0.013 10.054 0.003 10.054 10.569 0 10.567 10.513 0.001 10.511
0.055 0 0.055 0.011 0.001 0.012 10.065 0.005 10.067 10.562 0 10.561 10.468 0 10.464
0.046 0.001 0.046 0.00999999999999998 0 0.011 8.325 0.012 8.336 8.701 0 8.698 8.635 0 8.633
0.045 0.001 0.046 0.00999999999999998 0 0.01 8.55 0.009 8.557 8.923 0 8.921 8.858 0 8.857
0.079 0 0.0780000000000001 0.013 0.002 0.016 13.622 0.011 13.65 12.727 0 12.742 12.62 0 12.633
0.067 0.003 0.071 0.015 0.00199999999999999 0.017 12.838 0.00900000000000001 12.862 13.398 0.001 13.415 13.304 0 13.32
0.067 0.00199999999999999 0.069 0.015 0 0.015 12.027 0.008 12.049 13.138 0.02 13.253 14.947 0.015 15.042
0.047 0 0.046 0.00999999999999998 0 0.011 8.101 0.007 8.106 8.474 0 8.473 8.4 0 8.398
0.046 0.001 0.046 0.011 0 0.011 8.591 0.014 8.603 9.025 0 9.022 8.941 0 8.94
0.045 0.001 0.046 0.00999999999999998 0.001 0.011 8.52 0.007 8.525 8.923 0 8.921 8.861 0 8.859
0.045 0 0.046 0.011 0 0.011 8.386 0.01 8.394 9.068 0 9.066 8.967 0 8.965
0.046 0 0.046 0.011 0 0.011 8.47 0.01 8.478 8.853 0 8.85 8.821 0 8.821
0.052 0.001 0.053 0.011 0 0.011 9.186 0.008 9.192 9.675 0 9.672 9.066 0 9.065
0.045 0.001 0.046 0.011 0 0.011 8.59 0.008 8.596 9.334 0.001 9.333 9.257 0 9.256
0.052 0.00199999999999999 0.053 0.012 0.001 0.013 10.039 0.005 10.041 10.498 0 10.497 9.606 0 9.603
0.052 0 0.052 0.011 0 0.012 8.63 0.012 8.652 9.045 0.009 9.065 8.967 0.003 8.974
0.053 0 0.053 0.011 0 0.011 9.154 0.012 9.164 9.617 0 9.614 9.392 0 9.39
0.045 0 0.046 0.00999999999999998 0.001 0.011 8.255 0.021 8.273 8.656 0 8.654 8.598 0 8.596
0.046 0 0.046 0.00899999999999998 0.001 0.01 8.387 0.011 8.396 8.78 0 8.778 8.678 0 8.676
0.045 0.002 0.046 0.011 0 0.011 8.831 0.012 8.841 9.616 0 9.615 9.539 0 9.538
0.052 0 0.052 0.011 0 0.011 8.822 0.016 8.836 9.188 0 9.186 8.874 0 8.872
0.056 0 0.056 0.013 0 0.013 10.167 0.004 10.169 10.669 0 10.666 10.297 0 10.294
0.052 0.001 0.053 0.011 0 0.011 8.883 0.014 8.894 9.329 0 9.328 9.298 0 9.296
0.047 0 0.047 0.011 0 0.011 9.06 0.006 9.064 9.764 0 9.762 9.69 0 9.688
0.053 0 0.053 0.01 0.001 0.011 8.891 0.009 8.898 9.341 0 9.338 8.994 0 8.993
0.054 0 0.054 0.011 0 0.011 8.583 0.013 8.593 8.968 0 8.966 8.923 0 8.922
0.049 0 0.049 0.011 0.000999999999999994 0.012 9.194 0.005 9.197 9.639 0 9.636 10.073 0 10.072
0.047 0 0.047 0.011 0.001 0.012 9.17 0.004 9.171 9.603 0.001 9.602 10.04 0 10.038
0.052 0.001 0.053 0.011 0 0.011 8.934 0.00899999999999999 8.941 9.406 0 9.404 9.355 0 9.353
0.054 0 0.054 0.011 0 0.011 9.21 0.01 9.219 9.615 0 9.611 9.493 0 9.492
0.053 0.001 0.054 0.00900000000000001 0.002 0.012 9.426 0.007 9.43 9.74 0 9.738 9.662 0 9.661
0.045 0 0.046 0.00999999999999998 0.001 0.011 8.316 0.007 8.32 8.712 0 8.71 8.666 0 8.665
0.044 0.002 0.046 0.011 0 0.01 8.22 0.003 8.222 8.646 0 8.644 8.549 0 8.546
0.046 0 0.046 0.011 0 0.011 8.58 0.005 8.583 8.983 0 8.98 8.989 0 8.988
0.054 0.001 0.056 0.013 0 0.013 10.14 0.004 10.141 10.662 0 10.66 10.334 0 10.332
0.052 0.001 0.053 0.011 0 0.011 9.103 0.013 9.114 9.598 0 9.596 9.481 0 9.48
0.054 0 0.055 0.01 0.002 0.011 8.939 0.007 8.944 9.328 0 9.327 9.243 0 9.241
0.053 0 0.052 0.01 0.000999999999999997 0.011 8.642 0.01 8.651 9.056 0.001 9.054 8.976 0 8.976
0.046 0.001 0.047 0.011 0.001 0.013 9.187 0.004 9.189 10.571 0 10.569 10.516 0 10.513
0.056 0.001 0.056 0.01 0.001 0.011 8.638 0.011 8.647 9.067 0 9.065 8.651 0 8.651
0.056 0.001 0.058 0.011 0.002 0.012 9.974 0.006 9.977 10.525 0 10.523 10.432 0 10.429
0.057 0.001 0.057 0.012 0.000999999999999994 0.013 10.181 0.007 10.186 10.737 0 10.735 10.605 0 10.602
0.043 0.003 0.046 0.00999999999999998 0.001 0.01 8.766 0.006 8.771 9.275 0 9.273 8.618 0 8.617
0.053 0 0.053 0.011 0 0.011 8.68 0.012 8.69 9.383 0 9.381 8.645 0 8.643
0.077 0.003 0.079 0.014 0.000999999999999994 0.016 12.162 0.00700000000000001 12.182 13.351 0 13.367 12.038 0.004 12.223
0.067 0.001 0.069 0.013 0.002 0.015 11.469 0.016 11.498 12.082 0 12.095 11.963 0.00600000000000001 12.155
0.055 0 0.055 0.011 0.002 0.013 9.66 0.005 9.663 9.74 0 9.737 9.638 0 9.637
0.054 0 0.053 0.00800000000000001 0.003 0.011 8.531 0.012 8.541 8.634 0 8.632 8.514 0 8.512
0.044 0.001 0.045 0.011 0 0.011 8.518 0.008 8.523 8.929 0 8.927 8.824 0 8.823
0.056 0 0.056 0.011 0 0.012 9.1 0.013 9.11 9.558 0.001 9.557 9.428 0 9.426
0.057 0.001 0.059 0.01 0.001 0.011 8.898 0.009 8.905 9.38 0 9.377 9.284 0 9.283
0.047 0.001 0.047 0.011 0 0.011 8.286 0.01 8.294 8.733 0 8.731 8.622 0 8.621
0.046 0 0.046 0.00999999999999998 0.001 0.01 8.595 0.011 8.605 9.011 0 9.009 8.905 0 8.904
0.047 0.001 0.048 0.011 0.001 0.012 9.614 0.005 9.616 10.541 0.001 10.542 10.446 0 10.444
0.054 0.004 0.058 0.011 0.002 0.013 9.99 0.006 9.994 10.468 0.001 10.467 9.893 0 9.89
0.058 0 0.057 0.011 0 0.012 9.252 0.011 9.259 9.728 0 9.727 9.574 0 9.571
0.054 0.000999999999999997 0.055 0.01 0.002 0.012 8.769 0.012 8.78 9.168 0 9.166 9.099 0 9.098
0.046 0 0.046 0.00999999999999998 0.001 0.011 8.586 0.004 8.588 9.029 0 9.027 8.919 0 8.918
0.051 0.002 0.052 0.011 0 0.011 8.485 0.007 8.491 8.886 0 8.884 8.893 0 8.891
0.044 0.003 0.047 0.013 0 0.012 9.107 0.005 9.11 9.422 0 9.42 9.377 0 9.375
0.045 0.001 0.047 0.00799999999999998 0.003 0.01 8.561 0.015 8.574 9.305 0 9.302 9.263 0 9.262
0.051 0.001 0.053 0.011 0 0.011 8.656 0.007 8.66 8.915 0 8.912 8.648 0 8.647
0.053 0.000999999999999997 0.053 0.01 0.001 0.012 8.807 0.007 8.812 9.234 0 9.23 9.145 0 9.144
0.055 0.001 0.056 0.013 0 0.013 9.945 0.005 9.948 10.434 0.001 10.433 10.114 0 10.111
0.051 0.002 0.053 0.00900000000000001 0.003 0.011 8.913 0.011 8.924 9.376 0 9.374 9.341 0 9.34
0.053 0.001 0.053 0.011 0 0.012 8.922 0.011 8.931 9.346 0 9.343 9.291 0 9.289
0.052 0.001 0.052 0.011 0 0.011 8.623 0.009 8.63 9.072 0 9.07 8.993 0 8.991
0.053 0.001 0.054 0.011 0 0.011 9.399 0.007 9.403 9.929 0 9.927 9.859 0 9.857
0.044 0.001 0.045 0.00999999999999998 0 0.011 8.139 0.007 8.144 8.499 0 8.496 8.418 0 8.417
0.053 0 0.053 0.011 0 0.011 8.739 0.01 8.747 9.238 0 9.235 9.128 0 9.127
0.052 0.002 0.054 0.012 0.001 0.013 10.148 0.004 10.148 10.624 0.001 10.624 10.267 0 10.265
0.054 0.000999999999999994 0.054 0.011 0 0.011 8.859 0.01 8.867 9.211 0 9.209 9.131 0 9.13
0.052 0 0.053 0.011 0 0.011 8.799 0.008 8.804 9.239 0 9.237 9.163 0 9.162
0.053 0.000999999999999997 0.054 0.011 0 0.011 8.906 0.008 8.912 9.332 0 9.33 9.27 0 9.27
0.052 0.000999999999999994 0.053 0.011 0 0.011 8.728 0.01 8.735 9.18 0 9.179 9.096 0 9.094
0.05 0.000999999999999994 0.051 0.012 0 0.011 8.666 0.016 8.681 9.1 0 9.099 9.031 0 9.029
0.052 0 0.053 0.012 0 0.011 9.118 0.008 9.125 9.568 0 9.565 9.391 0 9.39
0.053 0.001 0.055 0.00800000000000001 0.003 0.011 8.57 0.013 8.58 8.978 0 8.977 8.893 0 8.892
0.045 0.001 0.046 0.00899999999999998 0.001 0.01 8.17 0.005 8.173 9.017 0 9.015 8.984 0 8.982
0.054 0 0.053 0.00800000000000001 0.003 0.011 8.803 0.008 8.808 9.165 0 9.164 8.621 0 8.62
0.054 0 0.055 0.01 0.000999999999999994 0.011 8.886 0.01 8.893 9.333 0.001 9.331 9.252 0 9.251
0.053 0.001 0.054 0.01 0.001 0.011 8.72 0.011 8.729 9.15 0 9.147 9.069 0 9.068
0.045 0.002 0.047 0.011 0 0.011 8.493 0.015 8.506 8.904 0 8.902 8.841 0 8.84
0.046 0 0.046 0.00799999999999998 0.003 0.011 8.559 0.008 8.565 9.04 0 9.038 8.898 0 8.897
0.078 0 0.104 0.015 0 0.016 12.948 0.013 12.977 14.277 0 14.293 12.751 0 12.767
0.078 0.001 0.078 0.016 0.001 0.018 13.83 0.00600000000000001 13.853 14.547 0 14.564 14.271 0 14.286
0.075 0.001 0.076 0.013 0.002 0.016 12.663 0.014 12.692 13.307 0.001 13.325 13.226 0 13.242
0.068 0 0.069 0.015 0 0.015 11.784 0.016 11.846 13.007 0.00699999999999999 13.07 12.381 0.011 12.45
0.046 0 0.046 0.011 0 0.011 8.595 0.012 8.605 9.009 0 9.008 8.938 0 8.937
0.054 0 0.054 0.011 0 0.011 8.602 0.012 8.613 9.066 0 9.063 8.995 0 8.994
0.055 0.001 0.056 0.013 0 0.013 10.083 0.006 10.086 10.621 0.001 10.622 10.153 0 10.149
0.054 0.001 0.056 0.011 0 0.011 8.573 0.007 8.578 9.022 0 9.019 8.935 0 8.934
0.051 0.00199999999999999 0.053 0.01 0.001 0.011 9.23 0.01 9.238 9.7 0.001 9.698 9.482 0 9.479
0.052 0.002 0.054 0.011 0 0.011 8.656 0.014 8.667 9.151 0.001 9.151 9.043 0 9.042
0.052 0.001 0.053 0.011 0 0.011 9.178 0.013 9.189 9.707 0 9.704 9.468 0 9.467
0.047 0 0.046 0.00999999999999998 0.001 0.01 8.295 0.009 8.303 8.689 0 8.687 8.77 0 8.767
0.051 0.002 0.054 0.011 0 0.011 8.739 0.012 8.749 9.208 0 9.205 9.101 0 9.099
0.053 0.001 0.054 0.012 0 0.012 10.011 0.003 10.012 10.472 0 10.47 10.041 0 10.038
0.045 0.001 0.046 0.011 0 0.01 8.193 0.009 8.201 8.624 0 8.62 8.55 0 8.548
0.046 0 0.047 0.011 0 0.01 8.51 0.005 8.513 9.235 0 9.232 9.192 0 9.191
0.053 0 0.053 0.00900000000000001 0.002 0.011 8.811 0.013 8.823 9.278 0.001 9.275 8.866 0 8.865
0.053 0 0.053 0.012 0 0.012 9.125 0.013 9.136 9.618 0 9.615 9.546 0 9.545
0.053 0.001 0.054 0.011 0.001 0.011 8.884 0.013 8.896 9.328 0 9.326 9.291 0 9.289
0.052 0.001 0.053 0.01 0.001 0.011 8.865 0.006 8.869 9.286 0 9.283 9.219 0 9.218
0.055 0.001 0.055 0.012 0.000999999999999994 0.013 10.138 0.01 10.146 10.641 0 10.639 10.231 0 10.229
0.051 0.002 0.053 0.011 0 0.011 8.71 0.011 8.719 9.217 0 9.215 9.101 0 9.099
0.052 0.000999999999999994 0.053 0.01 0.001 0.011 8.814 0.005 8.817 9.136 0 9.133 9.168 0 9.167
0.053 0 0.052 0.011 0 0.012 8.478 0.009 8.484 8.754 0 8.751 8.696 0 8.695
0.047 0 0.046 0.00799999999999998 0.003 0.012 8.651 0.008 8.657 8.974 0 8.972 8.922 0 8.921
0.051 0.000999999999999994 0.052 0.011 0 0.011 9.322 0.008 9.328 9.728 0 9.725 9.678 0 9.677
0.051 0.001 0.053 0.011 0.001 0.011 9.254 0.009 9.261 9.658 0 9.656 9.595 0 9.593
0.051 0 0.051 0.011 0 0.011 8.579 0.012 8.589 9.051 0 9.048 8.949 0 8.948
0.051 0.001 0.052 0.012 0 0.011 8.671 0.015 8.684 9.117 0 9.115 9.001 0 9.001
0.055 0 0.055 0.011 0.001 0.012 9.968 0.008 9.974 10.427 0 10.425 10.033 0 10.03
0.053 0.001 0.054 0.01 0.001 0.011 8.892 0.007 8.896 9.285 0 9.283 9.238 0 9.237
0.053 0 0.053 0.011 0.001 0.011 8.904 0.014 8.918 9.337 0 9.335 9.286 0 9.285
0.052 0.001 0.053 0.01 0.001 0.011 9.268 0.011 9.277 9.688 0 9.686 9.583 0 9.581
0.047 0 0.047 0.01 0.001 0.011 8.727 0.01 8.734 9.182 0 9.18 8.822 0 8.821
0.047 0 0.048 0.013 0 0.012 9.112 0.00600000000000001 9.116 10.524 0 10.522 10.521 0 10.518
0.052 0.003 0.055 0.012 0.001 0.013 10.111 0.004 10.111 10.584 0 10.583 9.686 0 9.683
0.053 0.001 0.054 0.01 0.001 0.012 8.826 0.011 8.834 9.282 0 9.281 9.211 0 9.209
0.052 0.001 0.053 0.011 0 0.011 8.626 0.008 8.632 9.063 0.001 9.062 8.981 0 8.98
0.046 0 0.046 0.01 0.001 0.011 8.4 0.00799999999999999 8.406 8.776 0 8.774 8.864 0 8.861
0.045 0.001 0.046 0.00999999999999998 0.001 0.011 8.294 0.00799999999999999 8.3 8.778 0 8.776 8.745 0 8.742
0.079 0 0.08 0.016 0 0.016 12.285 0.017 12.316 12.912 0 12.927 13.359 0 13.374
0.054 0 0.054 0.011 0 0.011 8.694 0.013 8.705 9.189 0 9.187 9.086 0 9.086
0.045 0.000999999999999994 0.046 0.00999999999999998 0.001 0.011 8.212 0.009 8.219 8.644 0 8.642 8.711 0 8.709
0.052 0.001 0.052 0.01 0.001 0.011 8.579 0.012 8.59 9.029 0 9.027 8.967 0 8.966
0.051 0 0.051 0.01 0.001 0.011 9.208 0.008 9.214 9.721 0 9.718 9.575 0 9.574
0.052 0.001 0.053 0.011 0 0.011 8.796 0.004 8.797 9.199 0 9.197 9.126 0 9.124
0.045 0 0.045 0.00999999999999998 0.001 0.011 8.891 0.011 8.9 9.698 0.001 9.696 9.663 0 9.661
0.049 0.003 0.052 0.011 0 0.012 8.965 0.006 8.968 9.372 0 9.37 9.065 0 9.063
0.045 0.001 0.047 0.011 0 0.011 8.575 0.007 8.578 8.99 0 8.989 9.22 0 9.218
0.055 0 0.055 0.012 0 0.011 8.727 0.009 8.735 9.187 0 9.185 9.099 0 9.098
0.053 0 0.053 0.011 0 0.011 8.669 0.011 8.678 9.123 0 9.121 9.031 0 9.029
0.052 0 0.052 0.011 0 0.011 8.854 0.008 8.86 9.3 0 9.297 9.224 0.001 9.224
0.051 0.001 0.053 0.011 0 0.011 8.72 0.00799999999999999 8.725 9.153 0 9.152 9.058 0 9.057
0.046 0 0.046 0.00999999999999998 0 0.011 8.158 0.008 8.163 8.618 0 8.617 8.66 0 8.657
0.046 0.001 0.047 0.012 0.001 0.012 9.246 0.002 9.246 9.624 0 9.622 9.557 0 9.555
0.067 0.004 0.072 0.017 0.001 0.017 13.419 0.00899999999999999 13.445 14.313 0.002 14.331 14.225 0 14.241
0.074 0.001 0.076 0.015 0.001 0.015 12.598 0.017 12.63 13.155 0.001 13.172 12.979 0 12.995
0.068 0.00199999999999999 0.071 0.014 0.001 0.015 12.014 0.016 12.087 12.146 0.003 12.169 12.324 0.00600000000000001 12.379
0.052 0.001 0.054 0.011 0.001 0.011 8.847 0.013 8.859 9.036 0.002 9.036 8.987 0 8.987
0.046 0 0.047 0.01 0.001 0.01 8.545 0.011 8.554 9.259 0 9.257 9.19 0 9.189
0.051 0.003 0.055 0.013 0 0.012 10.067 0.003 10.068 10.516 0 10.513 9.646 0 9.644
0.054 0.002 0.056 0.013 0 0.013 9.981 0.003 9.981 10.467 0 10.466 10.379 0 10.375
0.044 0.002 0.047 0.00900000000000001 0.00199999999999999 0.011 9.001 0.012 9.011 9.805 0 9.803 9.697 0 9.696
0.052 0.001 0.053 0.01 0.001 0.011 9.135 0.008 9.141 9.582 0 9.579 9.175 0 9.175
0.053 0 0.052 0.013 0 0.013 10.026 0.008 10.032 10.485 0 10.484 10.176 0 10.173
0.056 0.001 0.057 0.01 0.004 0.014 10.078 0.005 10.081 10.704 0 10.701 10.681 0 10.679
0.052 0.001 0.053 0.011 0.000999999999999994 0.011 9.066 0.009 9.074 9.477 0 9.475 9.471 0 9.469
0.052 0.001 0.053 0.011 0 0.011 8.336 0.009 8.344 8.528 0 8.526 8.441 0 8.438
0.054 0 0.053 0.01 0.001 0.011 9.313 0.003 9.315 9.723 0 9.721 9.651 0 9.649
0.054 0.001 0.055 0.01 0.002 0.013 10.075 0.007 10.078 10.563 0 10.562 10.322 0 10.32
0.051 0.002 0.053 0.00900000000000001 0.002 0.011 8.551 0.004 8.553 8.782 0 8.78 8.713 0 8.711
0.051 0 0.051 0.012 0 0.012 9.263 0.007 9.268 9.665 0 9.663 9.506 0 9.505
0.053 0 0.053 0.011 0 0.011 8.557 0.012 8.567 8.931 0.002 8.931 8.849 0 8.848
0.048 0 0.048 0.01 0.003 0.013 9.211 0.007 9.216 9.621 0 9.618 9.564 0.001 9.564
0.044 0.001 0.046 0.011 0 0.01 8.365 0.008 8.372 9.234 0 9.231 9.218 0 9.218
0.052 0.001 0.053 0.011 0 0.011 8.777 0.012 8.787 9.231 0.001 9.229 8.67 0 8.669
0.055 0.001 0.056 0.012 0.001 0.013 10.065 0.006 10.069 10.591 0 10.59 10.547 0 10.544
0.053 0.002 0.056 0.012 0.000999999999999994 0.012 10.215 0.005 10.217 10.675 0 10.674 10.608 0 10.604
0.065 0 0.068 0.013 0 0.013 10.52 0.004 10.521 9.691 0 9.69 9.55 0 9.546
0.046 0.00199999999999999 0.07 0.011 0 0.011 8.577 0.00600000000000001 8.58 8.668 0 8.665 8.612 0 8.61
0.068 0.003 0.072 0.018 0 0.017 14.123 0.005 14.145 14.854 0.001 14.872 15.517 0 15.535
0.052 0.00199999999999999 0.054 0.01 0.001 0.012 8.756 0.01 8.763 9.208 0 9.206 9.121 0 9.121
0.052 0 0.052 0.011 0 0.011 8.578 0.005 8.581 9.044 0 9.042 8.948 0 8.947
0.045 0.001 0.046 0.011 0 0.011 8.574 0.006 8.579 8.987 0.001 8.986 8.871 0 8.869
0.045 0.001 0.045 0.011 0 0.011 8.401 0.009 8.408 8.818 0 8.816 8.746 0 8.744
0.045 0.001 0.046 0.00900000000000001 0.002 0.011 8.593 0.008 8.599 8.995 0 8.992 8.908 0 8.907
0.044 0.002 0.045 0.01 0 0.011 8.365 0.005 8.367 9.101 0 9.1 9.024 0 9.021
0.052 0.001 0.054 0.01 0.001 0.011 8.837 0.007 8.841 9.306 0 9.304 8.888 0 8.888
0.046 0 0.046 0.00800000000000001 0.002 0.011 8.3 0.005 8.302 8.671 0 8.669 8.579 0 8.576
0.052 0 0.052 0.00900000000000001 0.00199999999999999 0.011 9.194 0.01 9.202 9.63 0 9.628 9.505 0 9.504
0.052 0.001 0.053 0.01 0.001 0.011 8.612 0.00799999999999999 8.617 9.048 0 9.046 8.975 0 8.975
0.054 0.000999999999999994 0.054 0.01 0.001 0.011 8.871 0.011 8.88 9.212 0.001 9.211 9.152 0 9.151
0.045 0.00199999999999999 0.048 0.012 0 0.012 9.185 0.00600000000000001 9.189 9.601 0 9.599 9.526 0 9.524
0.05 0.002 0.053 0.011 0 0.011 8.694 0.009 8.7 9.133 0 9.132 9.047 0 9.046
0.053 0 0.053 0.012 0 0.011 8.919 0.023 8.959 9.213 0.00700000000000001 9.23 9.183 0.00899999999999999 9.209
0.047 0 0.046 0.011 0 0.012 8.907 0.00799999999999999 8.912 9.728 0 9.726 9.637 0 9.635
0.054 0.001 0.055 0.013 0 0.013 10.04 0.005 10.042 10.586 0 10.584 9.829 0 9.827
0.054 0 0.054 0.011 0 0.011 8.67 0.00899999999999999 8.677 9.142 0 9.139 9.003 0 9.002
0.045 0 0.046 0.011 0 0.011 8.53 0.01 8.537 8.857 0 8.856 8.766 0 8.764
0.044 0.002 0.046 0.01 0.001 0.01 8.177 0.009 8.185 8.591 0 8.589 8.495 0 8.492
0.054 0 0.055 0.011 0 0.011 9.203 0.009 9.209 9.621 0.001 9.62 9.532 0 9.531
0.054 0 0.053 0.00900000000000001 0.002 0.012 9.177 0.014 9.189 9.62 0.001 9.618 9.511 0 9.51
0.051 0.002 0.053 0.012 0 0.012 9.286 0.012 9.295 9.816 0 9.814 9.455 0 9.453
0.045 0.001 0.046 0.00899999999999998 0.001 0.011 8.52 0.01 8.527 8.861 0 8.863 8.648 0 8.652
0.044 0.00199999999999999 0.045 0.00899999999999998 0.002 0.011 8.171 0.006 8.176 8.575 0 8.573 8.485 0 8.483
0.053 0 0.054 0.011 0.001 0.011 9.277 0.011 9.286 9.715 0 9.712 9.668 0 9.667
0.053 0 0.053 0.00900000000000001 0.00199999999999999 0.011 9.189 0.007 9.194 9.688 0 9.685 9.634 0 9.633
0.045 0.00199999999999999 0.047 0.011 0 0.01 8.282 0.015 8.295 8.706 0 8.705 8.617 0 8.615
0.051 0 0.051 0.011 0.000999999999999994 0.011 8.906 0.005 8.91 9.384 0 9.382 9.307 0 9.305
0.05 0.001 0.051 0.00999999999999998 0.001 0.011 8.641 0.008 8.647 9.054 0 9.052 9.009 0 9.008
0.052 0.001 0.053 0.011 0 0.011 9.189 0.005 9.191 9.642 0 9.639 9.513 0 9.513
0.05 0.003 0.053 0.01 0.001 0.011 8.922 0.005 8.924 9.269 0 9.267 9.199 0 9.198
0.051 0 0.052 0.01 0.002 0.011 9.258 0.008 9.265 9.664 0 9.662 9.641 0 9.641
0.051 0.001 0.053 0.011 0.001 0.011 9.218 0.008 9.225 9.727 0 9.725 9.649 0 9.646
0.045 0 0.046 0.011 0 0.01 8.287 0.014 8.299 9.175 0 9.173 9.18 0 9.178
0.053 0.001 0.054 0.013 0 0.013 9.976 0.004 9.977 10.141 0 10.139 9.446 0 9.444
0.052 0 0.052 0.011 0 0.011 8.898 0.006 8.901 9.322 0 9.32 9.26 0 9.258
0.052 0.001 0.053 0.01 0.001 0.011 8.81 0.015 8.823 9.233 0 9.23 9.155 0 9.154
0.046 0.001 0.046 0.01 0.001 0.011 8.465 0.009 8.472 8.871 0 8.868 8.796 0 8.795
0.044 0.003 0.047 0.013 0 0.012 9.174 0.00600000000000001 9.179 9.531 0 9.527 9.425 0 9.425
0.054 0 0.054 0.00900000000000001 0.00199999999999999 0.012 9.013 0.011 9.022 9.405 0 9.403 9.381 0 9.38
0.052 0.001 0.053 0.01 0.001 0.011 9.225 0.014 9.237 9.648 0 9.646 9.586 0 9.585
0.045 0.001 0.046 0.00899999999999998 0.002 0.011 8.292 0.011 8.301 8.714 0 8.712 8.64 0 8.638
0.046 0 0.046 0.01 0.000999999999999997 0.011 8.648 0.008 8.659 9.009 0.001 9.013 8.888 0 8.892
0.045 0 0.046 0.011 0 0.011 8.18 0.01 8.188 8.542 0 8.54 8.485 0 8.482
0.045 0.00199999999999999 0.048 0.012 0 0.012 8.955 0.006 8.966 9.172 0.001 9.178 8.997 0 8.996
0.053 0.002 0.054 0.011 0 0.012 8.702 0.006 8.705 8.964 0 8.967 8.753 0 8.758
0.052 0.001 0.053 0.00900000000000001 0.00199999999999999 0.011 8.778 0.011 8.787 9.228 0.001 9.227 9.085 0 9.084
0.054 0.001 0.055 0.01 0.001 0.011 8.859 0.011 8.868 9.218 0 9.216 9.18 0 9.179
0.054 0 0.053 0.01 0.001 0.011 9.285 0.00899999999999999 9.292 9.675 0 9.673 9.492 0 9.49
0.053 0.000999999999999994 0.054 0.013 0 0.013 9.997 0.00700000000000001 10.003 10.529 0 10.526 10.154 0 10.151
0.053 0 0.053 0.01 0.001 0.011 8.692 0.007 8.697 9.134 0 9.132 9.026 0 9.024
0.045 0.001 0.046 0.00799999999999998 0.00199999999999999 0.01 8.323 0.009 8.329 8.738 0 8.736 8.658 0 8.657
0.046 0 0.046 0.00999999999999998 0 0.011 8.533 0.005 8.535 8.877 0 8.875 8.796 0 8.795
0.045 0.00199999999999999 0.047 0.013 0 0.013 9.167 0.009 9.175 9.564 0.004 9.57 9.54 0.001 9.541
0.047 0.001 0.048 0.011 0.002 0.012 9.688 0.011 9.698 10.609 0 10.608 10.567 0 10.563
0.052 0.001 0.053 0.00800000000000001 0.003 0.011 9.208 0.007 9.212 9.714 0.001 9.712 9.402 0 9.401
0.054 0 0.054 0.012 0 0.012 8.709 0.012 8.718 9.225 0 9.223 9.068 0 9.066
0.049 0.00199999999999999 0.051 0.012 0 0.011 8.694 0.012 8.706 9.177 0 9.175 9.068 0 9.067
0.051 0.002 0.052 0.00900000000000001 0.002 0.011 8.63 0.005 8.633 9.015 0.001 9.014 8.938 0 8.937
0.052 0 0.053 0.01 0.001 0.011 9.365 0.008 9.369 9.748 0 9.746 9.582 0 9.581
0.053 0 0.053 0.011 0 0.011 8.909 0.009 8.916 9.351 0 9.348 9.293 0 9.293
0.055 0.00199999999999999 0.056 0.01 0.002 0.012 10.202 0.005 10.205 10.515 0 10.513 10.675 0 10.672
0.045 0.001 0.046 0.011 0 0.011 8.378 0.01 8.393 8.58 0.000999999999999994 8.586 8.433 0 8.435
0.047 0 0.046 0.011 0 0.011 8.62 0.006 8.625 9.025 0 9.023 8.974 0 8.973
0.052 0.001 0.053 0.01 0.000999999999999994 0.011 8.94 0.00600000000000001 8.943 9.418 0 9.417 9.374 0 9.371
0.054 0 0.054 0.01 0.002 0.013 10.058 0.005 10.06 10.495 0 10.493 10.156 0 10.152
0.046 0 0.047 0.00800000000000001 0.003 0.011 8.528 0.00799999999999999 8.536 8.815 0 8.813 8.557 0 8.56
0.043 0.002 0.046 0.012 0 0.011 8.908 0.01 8.917 9.68 0 9.677 9.633 0 9.632
0.052 0.001 0.053 0.011 0 0.011 9.21 0.011 9.218 9.719 0 9.716 9.259 0 9.257
0.045 0.001 0.046 0.011 0 0.011 8.584 0.00899999999999999 8.591 9 0 8.998 8.91 0 8.909
0.053 0.001 0.055 0.011 0.000999999999999994 0.011 8.841 0.013 8.855 9.289 0.004 9.297 9.278 0.003 9.282
0.052 0.001 0.053 0.011 0 0.011 9.217 0.012 9.227 9.669 0 9.666 9.51 0 9.509
0.053 0.002 0.055 0.013 0 0.013 9.909 0.006 9.912 10.403 0 10.402 10.339 0 10.335
0.055 0 0.055 0.011 0 0.011 9.166 0.007 9.17 9.558 0 9.556 9.387 0 9.385
0.052 0.001 0.053 0.01 0.001 0.011 8.517 0.012 8.527 8.905 0.001 8.903 8.843 0 8.843
0.052 0.001 0.054 0.012 0 0.011 8.889 0.01 8.898 9.309 0 9.306 9.263 0 9.262
0.053 0.00199999999999999 0.055 0.01 0.003 0.013 10.172 0.006 10.176 10.648 0 10.646 10.247 0 10.244
0.048 0 0.049 0.012 0.001 0.012 9.342 0.008 9.349 10.316 0.001 10.314 10.189 0 10.187
0.046 0 0.046 0.00900000000000001 0.001 0.01 8.215 0.009 8.222 8.711 0 8.709 8.737 0 8.735
0.05 0.002 0.053 0.012 0.001 0.013 10.025 0.008 10.03 10.512 0 10.511 10.141 0 10.139
0.054 0 0.054 0.011 0 0.011 8.897 0.01 8.906 9.339 0 9.337 9.305 0 9.304
0.045 0.001 0.046 0.011 0 0.011 8.207 0.012 8.218 8.637 0.001 8.636 8.686 0 8.684
0.056 0 0.056 0.00900000000000001 0.002 0.011 8.968 0.008 8.973 9.349 0 9.346 9.232 0 9.23
0.052 0.002 0.054 0.011 0 0.011 8.604 0.006 8.608 8.992 0 8.99 8.919 0 8.916
0.053 0.001 0.054 0.011 0 0.011 9.18 0.009 9.187 9.702 0 9.698 9.632 0 9.632
0.053 0 0.053 0.012 0 0.011 8.865 0.012 8.875 9.341 0 9.339 9.266 0 9.264
0.046 0 0.046 0.011 0 0.011 8.502 0.012 8.512 8.899 0 8.895 9.239 0 9.238
0.05 0.001 0.05 0.00900000000000001 0.001 0.011 8.601 0.007 8.606 8.985 0 8.982 8.913 0 8.913
0.05 0.002 0.053 0.011 0 0.011 8.836 0.011 8.844 9.243 0 9.242 9.079 0 9.079
0.054 0 0.054 0.01 0.001 0.011 8.625 0.015 8.638 9.092 0 9.09 9.014 0 9.013
0.052 0 0.053 0.011 0.001 0.011 9.163 0.009 9.171 9.601 0 9.598 9.469 0 9.469
0.047 0.001 0.047 0.011 0.001 0.013 9.149 0.003 9.149 9.603 0 9.6 10.1 0 10.1
0.046 0 0.046 0.00999999999999998 0 0.011 8.157 0.014 8.168 8.58 0.000999999999999994 8.579 8.492 0 8.49
0.045 0.002 0.047 0.011 0.001 0.012 9.212 0 9.21 9.596 0 9.593 9.494 0 9.492
0.047 0.000999999999999994 0.048 0.012 0 0.012 9.578 0.01 9.586 10.425 0 10.424 10.341 0 10.339
0.052 0.001 0.054 0.011 0.001 0.011 9.208 0.00899999999999999 9.215 9.681 0.001 9.678 9.384 0 9.384
0.052 0.002 0.054 0.01 0.000999999999999994 0.012 8.825 0.011 8.832 9.209 0 9.207 9.188 0 9.186
0.046 0.000999999999999994 0.047 0.011 0 0.011 8.924 0.01 8.932 9.641 0 9.639 9.596 0 9.594
0.051 0.001 0.053 0.011 0 0.011 9.157 0.012 9.166 9.503 0 9.501 9.077 0 9.076
0.051 0.000999999999999994 0.051 0.00900000000000001 0.002 0.011 8.912 0.013 8.924 9.252 0 9.25 9.191 0 9.189
0.052 0 0.053 0.012 0 0.011 8.866 0.013 8.877 9.357 0 9.355 9.232 0 9.231
0.053 0 0.053 0.012 0 0.011 8.778 0.012 8.788 9.071 0.001 9.07 9.112 0 9.111
0.052 0.001 0.053 0.00900000000000001 0.002 0.011 8.634 0.007 8.639 8.69 0 8.688 8.617 0 8.614
0.052 0 0.053 0.01 0.00199999999999999 0.011 8.671 0.011 8.68 8.955 0 8.954 8.838 0 8.836
0.047 0.001 0.048 0.013 0 0.013 9.584 0.003 9.587 10.258 0 10.265 10.095 0.000999999999999994 10.101
0.052 0.002 0.054 0.011 0.002 0.013 9.977 0.005 9.979 10.474 0 10.472 9.686 0 9.691
0.053 0 0.054 0.011 0 0.01 8.492 0.014 8.503 8.579 0 8.578 8.422 0 8.42
0.049 0.002 0.051 0.011 0 0.012 9.251 0.008 9.256 9.725 0 9.722 9.634 0 9.633
0.053 0.001 0.054 0.013 0 0.012 9.938 0.004 9.939 10.313 0 10.313 10.094 0 10.091
0.045 0.002 0.048 0.012 0.001 0.012 9.148 0.002 9.147 9.518 0 9.516 9.804 0 9.803
0.052 0 0.051 0.011 0 0.012 9.257 0.005 9.26 9.789 0 9.787 9.589 0 9.587
0.052 0.001 0.053 0.011 0 0.011 8.878 0.011 8.887 9.273 0 9.271 9.251 0 9.249
0.044 0.002 0.046 0.011 0 0.01 8.195 0.014 8.208 8.598 0 8.595 8.529 0 8.526
0.05 0.001 0.051 0.013 0 0.013 9.976 0.009 9.983 10.414 0 10.413 10.066 0 10.064
0.052 0.001 0.053 0.01 0.002 0.011 8.675 0.005 8.679 9.226 0 9.224 9.129 0 9.128
0.046 0 0.046 0.00900000000000001 0.001 0.01 8.276 0.01 8.285 8.704 0.001 8.703 8.674 0 8.672
0.045 0.002 0.047 0.011 0.002 0.013 9.662 0.007 9.666 10.583 0.001 10.582 10.532 0 10.529
0.053 0 0.053 0.00900000000000001 0.002 0.011 8.643 0.011 8.652 9.03 0 9.027 8.879 0 8.879
0.045 0.001 0.046 0.00999999999999998 0 0.011 8.827 0.006 8.831 9.579 0 9.576 9.543 0 9.542
0.057 0 0.057 0.01 0.000999999999999994 0.011 8.894 0.007 8.898 9.254 0.001 9.252 8.953 0 8.953
0.045 0.000999999999999994 0.045 0.00999999999999998 0 0.011 8.075 0.012 8.085 8.427 0 8.424 8.399 0 8.397
0.054 0.000999999999999994 0.054 0.011 0 0.012 9.12 0.012 9.136 9.347 0 9.35 9.114 0 9.117
0.053 0 0.053 0.011 0 0.011 8.608 0.013 8.619 9.049 0 9.046 8.971 0 8.973
0.053 0.00199999999999999 0.055 0.011 0 0.011 8.89 0.01 8.898 9.298 0 9.296 9.241 0 9.239
0.052 0.00199999999999999 0.054 0.012 0.001 0.013 10.056 0.007 10.061 10.534 0 10.531 10.165 0 10.164
0.046 0.001 0.048 0.012 0 0.012 9.118 0.005 9.119 9.554 0.001 9.554 9.518 0 9.517
0.051 0.00199999999999999 0.054 0.01 0.001 0.011 8.356 0.006 8.36 8.568 0 8.565 8.474 0 8.473
0.045 0.001 0.046 0.00999999999999998 0 0.011 8.281 0.00799999999999999 8.287 8.644 0 8.641 8.536 0 8.534
0.052 0 0.051 0.00900000000000001 0.002 0.011 9.174 0.013 9.185 9.617 0 9.615 9.576 0 9.574
0.053 0 0.053 0.011 0 0.01 8.509 0.007 8.514 8.729 0 8.727 8.729 0 8.727
0.052 0.001 0.053 0.011 0 0.011 9.182 0.004 9.184 9.611 0 9.608 9.565 0 9.564
0.05 0.00199999999999999 0.052 0.011 0.001 0.011 9.128 0.009 9.136 9.643 0 9.641 9.524 0 9.521
0.052 0.000999999999999994 0.053 0.011 0 0.011 8.688 0.009 8.694 9.119 0 9.118 9.036 0 9.035
0.047 0 0.047 0.01 0.000999999999999994 0.011 8.794 0.008 8.798 9.074 0 9.072 8.972 0 8.971
0.046 0.001 0.047 0.011 0.00199999999999999 0.013 9.341 0.003 9.343 10.581 0 10.579 10.52 0 10.517
0.053 0 0.054 0.011 0 0.011 8.892 0.008 8.898 9.338 0 9.335 8.841 0 8.84
0.053 0.001 0.054 0.01 0.001 0.011 8.828 0.008 8.834 9.29 0.001 9.288 9.254 0 9.253
0.053 0.001 0.053 0.00800000000000001 0.003 0.011 9.246 0.011 9.255 9.723 0 9.721 9.567 0 9.566
0.046 0 0.046 0.01 0 0.01 8.158 0.01 8.166 8.633 0 8.631 8.588 0 8.586
0.045 0.002 0.047 0.011 0 0.011 8.701 0.01 8.709 9.001 0 8.998 8.88 0 8.879
0.046 0 0.045 0.00899999999999998 0.001 0.011 8.161 0.016 8.176 8.559 0 8.556 8.45 0 8.448
0.051 0 0.051 0.012 0 0.011 8.809 0.012 8.82 9.244 0 9.241 9.153 0 9.152
0.054 0 0.055 0.01 0.001 0.011 9.18 0.015 9.192 9.532 0 9.529 9.511 0 9.509
0.052 0 0.053 0.01 0.000999999999999994 0.011 8.57 0.008 8.575 9.03 0 9.027 8.949 0 8.948
0.053 0.001 0.054 0.01 0.001 0.011 8.663 0.014 8.674 9.055 0 9.053 8.949 0 8.95
0.052 0 0.053 0.011 0 0.011 8.809 0.015 8.822 9.26 0 9.257 9.214 0 9.212
0.054 0 0.054 0.01 0.000999999999999994 0.011 8.715 0.011 8.724 9.227 0 9.225 9.11 0 9.108
0.052 0.001 0.053 0.00900000000000001 0.00199999999999999 0.012 9.305 0.014 9.317 9.776 0 9.774 9.634 0 9.632
0.054 0 0.054 0.011 0 0.011 8.642 0.009 8.649 9.148 0 9.146 9.062 0 9.061
0.045 0 0.046 0.011 0 0.01 8.26 0.006 8.264 8.634 0 8.632 8.685 0 8.683
0.054 0 0.053 0.011 0 0.012 8.942 0.00899999999999999 8.948 9.413 0 9.412 9.359 0 9.358
0.054 0.001 0.054 0.012 0 0.013 10.028 0.004 10.029 10.452 0 10.45 10.111 0 10.108
0.045 0.002 0.047 0.012 0.000999999999999994 0.013 9.094 0.003 9.095 9.473 0.001 9.472 9.382 0 9.38
0.047 0.001 0.248 0.01 0.001 0.011 8.529 0.00799999999999999 8.534 9.531 0 9.529 9.483 0.001 9.482
0.049 0.001 0.05 0.00900000000000001 0.000999999999999994 0.011 8.822 0.009 8.828 9.218 0 9.215 9.185 0 9.185
0.054 0 0.054 0.013 0 0.013 10.084 0.005 10.086 10.395 0 10.392 9.604 0 9.602
0.054 0 0.054 0.01 0.001 0.011 8.807 0.013 8.818 9.333 0 9.331 9.2 0 9.199
0.058 0.00299999999999999 0.073 0.01 0.002 0.011 8.905 0.00900000000000001 8.912 9.319 0 9.315 9.273 0.001 9.274
0.059 0.003 0.073 0.011 0 0.011 8.892 0.00700000000000001 8.897 9.336 0 9.333 9.28 0 9.278
0.06 0.003 0.073 0.01 0.001 0.011 8.869 0.011 8.879 9.303 0 9.3 9.243 0 9.243
0.061 0.002 0.073 0.011 0 0.011 9.308 0.01 9.316 9.685 0.001 9.683 9.555 0 9.553
0.05 0.001 0.051 0.012 0 0.011 8.868 0.006 8.872 9.299 0 9.298 9.246 0 9.244
0.051 0.001 0.053 0.01 0.001 0.01 8.67 0.009 8.677 9.044 0 9.043 8.943 0.001 8.943
0.046 0 0.046 0.00999999999999998 0.001 0.011 8.608 0.012 8.618 8.984 0 8.982 8.951 0 8.949
0.05 0.00199999999999999 0.053 0.011 0 0.011 9.242 0.011 9.249 9.596 0.001 9.596 9.541 0 9.538
0.054 0 0.053 0.01 0.000999999999999994 0.012 9.188 0.014 9.2 9.613 0 9.609 9.581 0 9.58
0.051 0.001 0.052 0.011 0.000999999999999994 0.011 8.666 0.008 8.672 8.911 0 8.91 8.827 0 8.826
0.051 0.001 0.052 0.01 0.001 0.011 9.17 0.008 9.175 9.604 0 9.602 9.481 0 9.479
0.053 0 0.053 0.011 0 0.011 8.672 0.009 8.679 9.068 0 9.066 8.992 0 8.99
0.054 0 0.054 0.011 0 0.011 8.754 0.007 8.759 9.153 0 9.151 9.084 0 9.083
0.052 0.001 0.053 0.011 0 0.011 8.868 0.01 8.876 9.321 0.001 9.32 9.24 0 9.239
0.046 0 0.045 0.011 0 0.011 8.382 0.006 8.386 8.773 0 8.771 8.686 0 8.685
0.045 0 0.046 0.011 0 0.011 8.37 0.012 8.38 8.791 0 8.789 8.737 0 8.737
0.045 0 0.046 0.011 0 0.011 8.353 0.00899999999999999 8.359 8.777 0 8.775 8.699 0 8.697
0.045 0 0.045 0.011 0 0.011 8.613 0.012 8.622 9.075 0 9.074 8.903 0 8.901
0.048 0 0.047 0.011 0 0.011 8.551 0.011 8.561 8.934 0 8.931 8.935 0 8.934
0.044 0.001 0.046 0.011 0 0.011 8.545 0.009 8.551 8.98 0 8.977 8.892 0 8.892
0.046 0.000999999999999994 0.047 0.00799999999999998 0.002 0.011 8.335 0.005 8.338 8.752 0 8.75 8.705 0 8.703
0.045 0.001 0.046 0.01 0.002 0.011 8.944 0.011 8.954 9.728 0 9.726 9.66 0 9.658
0.052 0.001 0.052 0.01 0.001 0.012 9.226 0.007 9.23 9.656 0 9.654 9.216 0 9.214
0.052 0.002 0.054 0.012 0 0.012 9.161 0.008 9.166 9.586 0 9.583 9.464 0 9.464
0.056 0 0.056 0.013 0 0.013 10.109 0.005 10.112 10.64 0 10.638 10.584 0 10.582
0.055 0 0.055 0.013 0 0.012 9.969 0.002 9.97 10.449 0 10.446 10.369 0 10.367
0.051 0.001 0.051 0.011 0 0.012 8.722 0.014 8.734 9.227 0 9.224 9.126 0 9.125
0.053 0 0.053 0.012 0 0.012 9.366 0.007 9.37 9.8 0 9.798 9.578 0 9.576
0.052 0.001 0.053 0.011 0 0.012 8.919 0.009 8.926 9.249 0.001 9.247 9.101 0 9.101
0.044 0.001 0.046 0.011 0 0.01 8.557 0.005 8.561 8.937 0 8.935 8.858 0 8.856
0.052 0.002 0.054 0.01 0.001 0.011 8.834 0.008 8.84 9.267 0 9.265 9.238 0 9.237
0.053 0 0.053 0.011 0 0.011 8.943 0.01 8.951 9.326 0 9.324 9.26 0 9.258
0.053 0.002 0.056 0.012 0.001 0.012 10.061 0.002 10.061 10.545 0.001 10.545 10.296 0 10.292
0.052 0.001 0.053 0.00900000000000001 0.002 0.011 9.258 0.006 9.262 9.657 0 9.654 9.612 0 9.611
0.044 0.00199999999999999 0.045 0.00799999999999998 0.002 0.011 8.302 0.018 8.318 8.671 0 8.67 8.654 0 8.651
0.046 0.001 0.047 0.012 0.000999999999999994 0.013 9.134 0.004 9.137 9.497 0.001 9.496 9.396 0 9.395
0.044 0 0.046 0.01 0.001 0.011 8.539 0.007 8.543 8.936 0 8.934 8.921 0 8.92
0.055 0.001 0.056 0.014 0 0.012 10.104 0.008 10.111 10.644 0 10.641 10.214 0 10.212
0.051 0.002 0.053 0.011 0 0.011 8.705 0.006 8.709 9.145 0 9.143 9.07 0 9.068
0.052 0.002 0.054 0.011 0 0.011 8.623 0.015 8.636 9.03 0 9.029 8.95 0 8.949
0.052 0.001 0.053 0.011 0 0.011 8.801 0.014 8.813 9.243 0 9.241 9.133 0 9.133
0.045 0.001 0.046 0.00899999999999998 0.002 0.011 8.573 0.008 8.579 9.009 0.001 9.009 8.943 0 8.941
0.052 0.001 0.053 0.012 0.000999999999999994 0.013 10.034 0.005 10.036 10.566 0.001 10.565 10.081 0 10.077
0.051 0.00199999999999999 0.053 0.01 0.001 0.011 8.506 0.01 8.514 8.888 0.001 8.888 8.817 0 8.815
0.053 0.001 0.054 0.011 0 0.011 8.761 0.013 8.771 9.223 0 9.222 9.127 0 9.125
0.052 0 0.052 0.011 0 0.011 9.116 0.013 9.127 9.547 0 9.544 9.376 0 9.375
0.046 0 0.046 0.00899999999999998 0.00199999999999999 0.011 8.337 0.008 8.343 8.709 0 8.707 8.667 0 8.664
0.051 0.002 0.053 0.012 0.001 0.013 10.155 0.004 10.156 10.604 0 10.604 10.535 0 10.531
0.054 0.001 0.055 0.012 0 0.013 10.029 0.003 10.029 10.466 0 10.464 10.381 0 10.378
0.053 0 0.053 0.01 0 0.011 8.179 0.01 8.187 8.536 0 8.534 8.455 0 8.452
0.05 0.002 0.052 0.011 0 0.011 8.551 0.012 8.561 9.011 0 9.009 8.932 0 8.931
0.054 0 0.054 0.011 0 0.011 8.71 0.01 8.718 9.163 0 9.161 9.077 0 9.074
0.046 0 0.046 0.00899999999999998 0.001 0.011 8.513 0.007 8.517 8.854 0.001 8.853 8.779 0 8.777
0.046 0.001 0.047 0.00999999999999998 0.001 0.011 8.951 0.009 8.958 9.777 0 9.775 9.679 0 9.678
0.052 0 0.052 0.00900000000000001 0.001 0.011 8.803 0.004 8.804 9.12 0 9.118 8.795 0 8.794
0.047 0.000999999999999994 0.048 0.011 0.001 0.012 9.185 0.004 9.186 9.575 0 9.573 9.527 0 9.526
0.044 0.002 0.046 0.00999999999999998 0 0.011 8.145 0.004 8.147 8.535 0 8.533 8.604 0 8.602
0.046 0 0.046 0.00999999999999998 0 0.01 8.238 0.013 8.249 8.897 0 8.895 8.489 0 8.487
0.053 0.00199999999999999 0.055 0.012 0 0.012 9.133 0.007 9.138 10.333 0 10.331 8.881 0 8.879
0.044 0.003 0.047 0.01 0.001 0.011 8.385 0.01 8.392 9.304 0 9.302 9.323 0 9.322
0.053 0 0.053 0.011 0 0.011 8.804 0.012 8.814 9.157 0 9.154 8.579 0 8.577
0.055 0 0.055 0.01 0.001 0.011 9.179 0.004 9.181 9.634 0 9.632 9.511 0 9.509
0.05 0.002 0.052 0.011 0 0.011 8.642 0.009 8.649 9.073 0 9.071 8.983 0 8.98
0.054 0 0.054 0.00900000000000001 0.00199999999999999 0.011 8.827 0.013 8.838 9.237 0 9.234 9.128 0 9.127
0.051 0.002 0.053 0.011 0 0.011 8.708 0.009 8.716 9.196 0 9.192 9.096 0 9.096
0.045 0.001 0.046 0.00900000000000001 0.002 0.011 8.322 0.005 8.325 8.714 0 8.712 8.659 0 8.657
0.045 0.001 0.046 0.00999999999999998 0 0.01 8.117 0.011 8.127 8.512 0 8.51 8.432 0 8.431
0.044 0.002 0.047 0.00799999999999998 0.003 0.01 8.873 0.014 8.886 9.67 0 9.667 9.623 0 9.622
0.051 0.003 0.054 0.01 0.001 0.011 8.753 0.01 8.76 9.093 0 9.092 9.003 0 9.003
0.052 0.001 0.052 0.011 0 0.011 9.227 0.014 9.238 9.722 0 9.721 9.193 0 9.19
0.054 0 0.054 0.011 0 0.011 8.88 0.014 8.893 9.32 0 9.318 9.266 0 9.264
0.053 0 0.053 0.01 0.001 0.011 8.91 0.008 8.915 9.307 0 9.306 9.263 0 9.261
0.054 0 0.053 0.00900000000000001 0.002 0.012 8.78 0.011 8.789 9.234 0 9.231 9.123 0 9.121
0.052 0 0.052 0.011 0 0.011 8.586 0.006 8.591 8.957 0 8.954 8.878 0 8.876
0.053 0 0.054 0.00900000000000001 0.002 0.011 8.769 0.011 8.778 9.243 0 9.24 9.053 0 9.052
0.046 0 0.046 0.00999999999999998 0.001 0.011 8.642 0.006 8.646 8.998 0 8.995 8.913 0 8.912
0.046 0.003 0.07 0.012 0 0.011 8.225 0.011 8.236 9.199 0.001 9.197 9.082 0 9.081
0.051 0.00199999999999999 0.053 0.012 0 0.011 9.213 0.007 9.219 9.612 0.001 9.611 8.943 0 8.941
0.051 0.003 0.054 0.011 0 0.01 8.815 0.014 8.827 9.258 0 9.256 9.236 0 9.234
0.053 0.001 0.054 0.011 0 0.011 9.218 0.008 9.223 9.694 0 9.691 9.579 0 9.578
0.054 0.002 0.055 0.013 0 0.013 10.075 0.006 10.079 10.608 0 10.606 10.19 0 10.187
0.051 0.001 0.051 0.00899999999999998 0.000999999999999994 0.011 8.835 0.00700000000000001 8.839 9.251 0 9.249 9.167 0 9.164
0.046 0.002 0.047 0.011 0.002 0.013 9.321 0.004 9.323 9.721 0 9.719 9.651 0 9.65
0.052 0.001 0.052 0.011 0 0.011 9.514 0.007 9.518 10.004 0 10.003 9.87 0 9.868
0.052 0.001 0.053 0.011 0 0.011 9.195 0.011 9.204 9.697 0 9.695 9.621 0 9.62
0.045 0 0.046 0.011 0 0.01 8.206 0.013 8.218 8.628 0 8.625 8.653 0 8.651
0.052 0 0.052 0.011 0 0.011 8.587 0.00600000000000001 8.591 8.967 0 8.964 8.893 0.000999999999999994 8.893
0.054 0 0.053 0.01 0.001 0.011 9.154 0.00899999999999999 9.161 9.611 0 9.608 9.384 0 9.384
0.053 0 0.053 0.011 0 0.011 8.763 0.012 8.773 9.21 0 9.209 9.154 0 9.152
0.053 0 0.052 0.01 0.001 0.011 9.14 0.004 9.142 9.692 0 9.69 9.556 0 9.554
0.046 0.001 0.047 0.01 0 0.01 8.584 0.012 8.594 8.965 0.001 8.964 9.173 0 9.171
0.045 0.000999999999999994 0.046 0.00999999999999998 0.001 0.011 8.403 0.01 8.412 9.213 0 9.21 9.101 0 9.099
0.053 0 0.052 0.00800000000000001 0.002 0.011 8.668 0.008 8.674 8.97 0 8.968 8.666 0 8.665
0.052 0.001 0.053 0.011 0 0.012 9.225 0.006 9.228 9.678 0 9.677 9.573 0 9.571
0.053 0.001 0.054 0.00900000000000001 0.002 0.011 9.222 0.012 9.231 9.607 0 9.605 9.571 0 9.57
0.046 0 0.046 0.011 0 0.011 8.239 0.006 8.243 8.624 0.001 8.624 8.525 0 8.524
0.043 0.002 0.046 0.011 0 0.01 8.366 0.011 8.375 8.757 0 8.755 8.676 0 8.675
0.046 0 0.045 0.00999999999999998 0.001 0.011 8.674 0.01 8.683 9.043 0.001 9.042 8.954 0 8.953
0.046 0.001 0.048 0.00999999999999998 0.000999999999999994 0.01 8.427 0.01 8.436 8.889 0.001 8.888 8.803 0 8.802
0.046 0 0.046 0.011 0 0.011 8.512 0.01 8.52 8.912 0 8.909 8.816 0 8.814
0.048 0 0.047 0.012 0 0.013 9.134 0.009 9.141 10.409 0 10.407 10.354 0 10.351
0.053 0 0.053 0.011 0 0.011 8.766 0.007 8.771 9.15 0 9.146 8.621 0 8.62
0.045 0.001 0.046 0.011 0 0.01 8.2 0.008 8.207 8.602 0 8.599 8.639 0 8.637
0.046 0.001 0.047 0.013 0 0.013 9.193 0.007 9.198 10.454 0 10.452 10.454 0 10.451
0.055 0 0.055 0.011 0.00199999999999999 0.012 10.125 0.004 10.128 10.433 0 10.431 9.49 0 9.486
0.053 0.001 0.054 0.011 0.00199999999999999 0.013 9.244 0.005 9.247 9.496 0 9.494 9.392 0 9.391
0.057 0 0.056 0.011 0.000999999999999994 0.013 10.004 0.003 10.004 10.559 0 10.557 10.25 0 10.248
0.052 0.001 0.053 0.00900000000000001 0.002 0.011 8.945 0.009 8.951 9.43 0 9.429 9.41 0 9.407
0.056 0 0.056 0.011 0.002 0.013 9.944 0.01 9.951 10.395 0 10.393 10.35 0 10.347
0.047 0 0.047 0.012 0.001 0.013 9.132 0.005 9.135 10.412 0.000999999999999994 10.412 10.364 0 10.361
0.054 0 0.054 0.011 0 0.011 8.708 0.013 8.719 9.143 0 9.141 8.607 0 8.606
0.053 0.001 0.054 0.011 0 0.011 8.902 0.005 8.905 9.303 0 9.301 9.279 0 9.277
0.051 0.002 0.053 0.01 0.001 0.011 8.874 0.01 8.881 9.291 0 9.29 9.262 0 9.26
0.053 0.00199999999999999 0.055 0.011 0.002 0.013 10.211 0.002 10.209 10.422 0 10.42 10.617 0 10.616
0.055 0 0.055 0.012 0 0.012 9.317 0.007 9.322 9.557 0 9.554 9.462 0 9.461
0.045 0 0.046 0.011 0 0.011 8.599 0.00899999999999999 8.606 8.936 0 8.934 8.833 0 8.83
0.047 0 0.046 0.011 0 0.01 8.356 0.00899999999999999 8.367 9.273 0.008 9.285 9.286 0.001 9.285
0.052 0.001 0.053 0.00900000000000001 0.00199999999999999 0.011 9.139 0.015 9.152 9.543 0 9.541 8.86 0 8.858
0.051 0 0.051 0.011 0 0.011 8.669 0.008 8.675 9.059 0 9.056 8.973 0 8.972
0.053 0 0.053 0.011 0 0.011 9.269 0.017 9.282 9.681 0 9.68 9.482 0 9.48
0.054 0 0.054 0.01 0.001 0.011 8.891 0.011 8.9 9.318 0.001 9.316 9.259 0 9.258
0.052 0.000999999999999997 0.052 0.011 0 0.012 9.285 0.009 9.291 9.682 0 9.679 9.519 0 9.518
0.046 0 0.046 0.00999999999999998 0.001 0.011 8.585 0.008 8.591 9.009 0 9.007 8.946 0 8.945
0.052 0 0.053 0.011 0 0.01 8.627 0.007 8.632 9.007 0 9.005 8.927 0 8.926
0.053 0.001 0.053 0.011 0 0.011 8.846 0.009 8.854 9.204 0.001 9.202 9.131 0 9.13
0.053 0 0.053 0.01 0.001 0.012 8.373 0.01 8.381 8.664 0 8.661 8.583 0 8.582
0.053 0.001 0.054 0.00900000000000001 0.00199999999999999 0.011 8.678 0.011 8.686 9.136 0 9.134 8.991 0 8.991
0.046 0 0.046 0.00999999999999998 0 0.011 8.29 0.00799999999999999 8.295 8.703 0.001 8.702 8.635 0 8.634
0.053 0 0.053 0.01 0.001 0.011 8.768 0.011 8.776 9.236 0 9.235 9.132 0 9.131
0.051 0.004 0.055 0.011 0 0.012 8.759 0.013 8.77 9.238 0 9.235 9.149 0 9.147
0.052 0.000999999999999994 0.053 0.01 0.001 0.011 8.885 0.01 8.892 9.368 0 9.366 9.257 0 9.255
0.055 0 0.054 0.00900000000000001 0.002 0.011 8.897 0.00799999999999999 8.904 9.373 0.001 9.371 9.313 0 9.312
0.052 0.001 0.053 0.011 0 0.011 9.137 0.004 9.139 9.551 0 9.548 9.408 0 9.407
0.046 0.001 0.048 0.012 0.001 0.012 9.117 0.00899999999999999 9.125 9.55 0 9.547 9.442 0.001 9.442
0.054 0 0.054 0.01 0.002 0.013 10.024 0.008 10.029 10.51 0 10.508 10.064 0 10.061
0.053 0 0.052 0.011 0 0.011 8.66 0.009 8.668 9.086 0 9.083 8.985 0 8.984
0.045 0.002 0.048 0.013 0 0.012 9.252 0.000999999999999994 9.251 9.715 0.002 9.714 9.648 0 9.647
0.046 0 0.046 0.011 0 0.011 8.292 0.00899999999999999 8.299 8.72 0 8.718 8.617 0 8.615
0.045 0.001 0.046 0.011 0 0.011 8.532 0.00899999999999999 8.538 8.869 0 8.867 8.788 0 8.787
0.048 0.001 0.054 0.01 0.001 0.011 8.259 0.006 8.264 8.918 0 8.915 8.846 0 8.845
0.051 0.002 0.053 0.011 0 0.011 8.79 0.008 8.796 9.158 0 9.156 8.766 0 8.764
0.054 0.001 0.055 0.011 0 0.011 9.238 0.011 9.246 9.654 0 9.652 9.59 0 9.588
0.055 0 0.055 0.011 0.002 0.013 9.961 0.004 9.963 10.445 0 10.443 10.14 0 10.137
0.053 0.00199999999999999 0.062 0.01 0.001 0.011 9.254 0.006 9.258 9.757 0 9.754 9.674 0 9.672
0.053 0 0.053 0.01 0.001 0.011 9.29 0.01 9.298 9.726 0 9.723 9.668 0 9.667
0.047 0.001 0.049 0.00999999999999998 0.001 0.01 8.223 0.006 8.229 8.598 0 8.594 8.502 0 8.5
0.044 0.000999999999999994 0.046 0.00999999999999998 0.001 0.011 8.221 0.009 8.229 8.618 0 8.616 8.498 0 8.495
0.046 0 0.046 0.011 0 0.011 8.913 0.01 8.921 9.772 0.001 9.771 9.694 0 9.693
0.052 0.00199999999999999 0.055 0.012 0.001 0.012 10.007 0.005 10.01 10.486 0 10.484 9.724 0 9.721
0.054 0 0.054 0.011 0 0.011 8.571 0.005 8.574 9.019 0 9.017 8.884 0 8.883
0.044 0.002 0.046 0.011 0 0.011 8.575 0.011 8.585 9.663 0 9.66 9.64 0 9.639
0.052 0 0.053 0.01 0.001 0.011 8.544 0.009 8.55 8.921 0 8.92 8.458 0 8.456
0.055 0 0.055 0.011 0 0.011 8.877 0.012 8.888 9.296 0 9.293 9.288 0 9.287
0.05 0.003 0.052 0.011 0 0.011 8.829 0.014 8.841 9.223 0 9.221 9.166 0 9.166
0.052 0.001 0.053 0.012 0 0.012 9.128 0.011 9.137 9.689 0 9.686 9.725 0 9.724
0.045 0.001 0.046 0.011 0 0.01 8.303 0.006 8.308 8.67 0.002 8.669 8.58 0 8.579
0.045 0.001 0.045 0.00900000000000001 0.001 0.011 8.168 0.01 8.175 9.058 0 9.057 8.988 0 8.985
0.051 0.001 0.052 0.011 0 0.011 8.644 0.01 8.653 8.824 0 8.821 8.4 0 8.398
0.054 0 0.054 0.00900000000000001 0.00199999999999999 0.011 9.131 0.012 9.141 9.612 0 9.61 9.418 0 9.416
0.053 0.001 0.053 0.01 0.001 0.011 8.698 0.006 8.702 9.129 0 9.128 9.05 0 9.049
0.046 0 0.046 0.011 0 0.011 8.609 0.012 8.619 9.715 0 9.713 9.661 0 9.659
0.052 0.001 0.053 0.011 0 0.011 8.614 0.013 8.624 9.059 0 9.058 8.505 0 8.503
0.053 0.001 0.053 0.00900000000000001 0.00199999999999999 0.011 8.531 0.011 8.541 8.818 0 8.815 8.769 0 8.767
0.053 0 0.052 0.00800000000000001 0.003 0.011 8.86 0.009 8.867 9.253 0 9.251 9.16 0 9.158
0.046 0.005 0.058 0.011 0.000999999999999994 0.011 9.168 0.009 9.175 9.604 0.001 9.602 9.592 0 9.59
0.054 0.001 0.055 0.013 0 0.013 10.038 0.004 10.039 10.592 0 10.59 10.255 0 10.253
0.054 0 0.054 0.012 0 0.012 9.267 0.007 9.272 9.732 0 9.73 9.667 0 9.666
0.053 0 0.053 0.011 0 0.011 9.215 0.005 9.218 9.754 0 9.752 9.68 0 9.679
0.045 0.001 0.046 0.00999999999999998 0.001 0.01 8.273 0.009 8.282 8.692 0 8.69 8.626 0 8.622
0.046 0 0.046 0.00999999999999998 0.001 0.011 8.611 0.012 8.621 9.366 0 9.363 9.321 0 9.32
0.051 0.003 0.054 0.012 0.001 0.013 10.019 0.007 10.022 10.567 0 10.566 9.644 0 9.641
0.053 0.001 0.054 0.01 0.001 0.011 8.593 0.01 8.601 8.997 0 8.994 8.902 0 8.901
0.051 0.000999999999999994 0.052 0.011 0 0.011 8.793 0.009 8.8 9.191 0 9.189 9.091 0 9.089
0.045 0.001 0.046 0.00999999999999998 0 0.011 8.181 0.011 8.189 8.64 0 8.638 8.526 0 8.524
0.054 0 0.054 0.011 0 0.011 8.734 0.01 8.742 9.192 0 9.19 9.096 0 9.094
0.055 0 0.055 0.012 0 0.012 10.037 0.007 10.042 10.572 0 10.57 10.121 0 10.118
0.052 0 0.052 0.01 0.003 0.013 8.839 0.014 8.867 9.315 0.006 9.333 9.29 0.003 9.306
0.047 0.003 0.061 0.011 0.002 0.013 9.225 0.004 9.226 10.61 0 10.608 10.581 0 10.579
0.052 0.001 0.053 0.011 0 0.011 9.151 0.008 9.157 9.556 0 9.553 8.971 0 8.97
0.051 0 0.051 0.00900000000000001 0.002 0.011 8.865 0.008 8.872 9.302 0 9.299 9.257 0 9.256
0.053 0.001 0.053 0.011 0 0.011 8.682 0.009 8.689 9.149 0 9.146 9.089 0 9.088
0.05 0.001 0.051 0.012 0 0.012 10.037 0.002 10.036 10.575 0 10.573 10.375 0 10.372
0.053 0 0.053 0.00900000000000001 0.002 0.011 9.332 0.008 9.338 9.732 0.001 9.73 9.684 0 9.682
0.044 0.001 0.047 0.00800000000000001 0.002 0.01 8.512 0.007 8.516 9.215 0 9.213 9.157 0 9.156
0.051 0.002 0.053 0.01 0.001 0.011 8.739 0.011 8.748 9.201 0 9.198 8.796 0 8.796
0.05 0 0.05 0.011 0.001 0.013 9.158 0.007 9.163 9.554 0.001 9.551 9.479 0 9.478
0.044 0.002 0.047 0.00999999999999998 0 0.01 8.317 0.006 8.321 8.706 0.001 8.705 8.615 0 8.613
0.046 0 0.047 0.011 0 0.011 8.889 0.01 8.896 9.774 0 9.771 9.657 0 9.655
0.055 0 0.054 0.012 0 0.013 10.066 0.008 10.07 10.603 0 10.603 9.844 0 9.841
0.054 0 0.054 0.011 0 0.011 8.788 0.01 8.796 9.159 0 9.157 9.105 0 9.103
0.055 0.001 0.056 0.012 0.001 0.012 10.033 0.005 10.037 10.608 0 10.607 10.152 0 10.149
0.052 0.001 0.052 0.01 0.001 0.011 8.532 0.017 8.548 9.011 0 9.008 8.938 0 8.937
0.053 0.001 0.054 0.01 0.001 0.011 8.95 0.01 8.959 9.39 0.000999999999999994 9.387 9.323 0 9.322
0.053 0 0.053 0.011 0 0.011 8.745 0.006 8.749 9.244 0 9.242 9.14 0 9.139
0.046 0.001 0.047 0.011 0 0.011 8.59 0.012 8.6 9.19 0 9.188 8.964 0 8.963
0.044 0.002 0.046 0.012 0 0.011 8.296 0.018 8.313 8.707 0 8.704 8.622 0 8.621
0.045 0 0.046 0.00999999999999998 0.001 0.011 8.601 0.00899999999999999 8.612 9.657 0.00600000000000001 9.668 9.698 0.003 9.701
0.053 0.001 0.055 0.012 0.001 0.012 10.016 0.006 10.021 10.297 0 10.294 9.529 0 9.527
0.055 0 0.054 0.011 0 0.011 9.202 0.01 9.21 9.66 0 9.658 9.461 0 9.459
0.054 0 0.054 0.01 0.001 0.011 8.684 0.013 8.694 9.088 0 9.086 9 0 8.999
0.045 0.001 0.046 0.011 0 0.011 8.55 0.005 8.553 8.956 0 8.954 8.872 0 8.87
0.045 0.001 0.046 0.00699999999999998 0.004 0.011 8.384 0.01 8.393 8.828 0 8.826 8.728 0 8.726
0.046 0.001 0.047 0.00899999999999998 0.002 0.011 8.595 0.008 8.601 9.006 0 9.003 8.919 0 8.919
0.049 0.003 0.051 0.012 0.001 0.013 10.044 0.004 10.047 10.527 0 10.525 10.268 0 10.265
0.053 0.001 0.053 0.011 0 0.012 9.177 0.006 9.181 9.641 0.001 9.639 9.591 0 9.589
0.044 0.000999999999999997 0.045 0.00900000000000001 0.002 0.011 8.567 0.009 8.575 8.973 0 8.97 9.165 0 9.164
0.051 0 0.051 0.00899999999999998 0.002 0.011 8.959 0.008 8.965 9.432 0 9.429 9.36 0 9.359
0.045 0.001 0.047 0.011 0 0.011 8.541 0.009 8.548 8.975 0 8.973 9.18 0 9.179
0.053 0.000999999999999997 0.054 0.011 0.002 0.013 10.093 0.005 10.095 10.621 0.001 10.621 10.231 0 10.228
0.052 0 0.052 0.011 0.001 0.012 8.675 0.011 8.684 9.174 0 9.172 9.061 0 9.059
0.053 0 0.053 0.00900000000000001 0.001 0.011 8.708 0.005 8.71 9.092 0 9.091 9.015 0 9.012
0.044 0.001 0.046 0.011 0 0.011 8.41 0.011 8.419 9.155 0 9.151 9.061 0 9.061
0.053 0 0.053 0.011 0 0.011 8.674 0.013 8.685 9.131 0 9.129 8.711 0 8.709
0.047 0 0.046 0.01 0.001 0.011 8.616 0.008 8.623 8.978 0 8.976 8.937 0 8.935
0.055 0 0.055 0.01 0.001 0.011 9.238 0.006 9.242 9.733 0 9.731 9.56 0 9.558
0.051 0.001 0.052 0.00900000000000001 0.00199999999999999 0.011 8.677 0.01 8.685 9.123 0 9.121 9.018 0 9.017
0.047 0 0.047 0.011 0.00199999999999999 0.012 9.196 0.003 9.198 9.598 0 9.594 9.496 0 9.495
0.047 0 0.047 0.011 0.001 0.013 9.149 0.002 9.148 9.613 0 9.611 9.515 0 9.514
0.051 0 0.05 0.01 0.001 0.011 9.142 0.012 9.152 9.64 0 9.637 9.512 0.009 9.521
0.051 0.00199999999999999 0.054 0.01 0.001 0.01 8.777 0.009 8.784 9.06 0.001 9.059 8.983 0 8.982
0.05 0.000999999999999997 0.051 0.011 0 0.011 8.783 0.011 8.792 9.203 0 9.2 9.153 0 9.151
0.051 0.001 0.053 0.011 0 0.011 8.822 0.011 8.83 9.261 0 9.258 9.187 0 9.186
0.054 0 0.054 0.012 0 0.012 8.802 0.007 8.807 8.997 0 8.995 8.905 0 8.903
0.053 0 0.053 0.01 0.001 0.011 8.684 0.015 8.697 9.102 0 9.1 9.024 0 9.023
0.052 0.001 0.054 0.011 0.001 0.011 9.217 0.007 9.222 9.598 0 9.596 9.483 0 9.482
0.046 0 0.045 0.011 0 0.011 8.283 0.013 8.295 8.673 0 8.669 8.584 0 8.582
0.051 0.002 0.054 0.01 0.001 0.011 8.558 0.00899999999999999 8.566 8.762 0 8.759 8.714 0 8.712
0.053 0.000999999999999994 0.054 0.011 0 0.011 9.209 0.00800000000000001 9.215 9.771 0 9.768 9.588 0 9.586
0.053 0 0.053 0.011 0 0.011 8.702 0.009 8.708 9.169 0 9.166 9.067 0 9.066
0.055 0 0.055 0.012 0 0.012 9.218 0.009 9.225 9.735 0 9.732 9.681 0 9.679
0.052 0.00199999999999999 0.054 0.012 0.001 0.013 10.092 0.006 10.096 10.604 0 10.601 10.297 0 10.294
0.046 0 0.046 0.00999999999999998 0.001 0.011 8.544 0.00799999999999999 8.551 9.653 0 9.65 9.678 0 9.677
0.052 0.001 0.053 0.011 0 0.011 8.622 0.008 8.628 9.035 0 9.032 8.477 0 8.477
0.053 0.001 0.055 0.012 0 0.011 9.26 0.011 9.269 9.781 0 9.778 9.599 0 9.598
0.052 0 0.052 0.011 0 0.011 8.676 0.012 8.685 9.113 0 9.112 9.029 0 9.028
0.046 0 0.046 0.01 0 0.011 8.733 0.008 8.738 9.146 0 9.144 8.966 0.001 8.966
0.046 0.001 0.047 0.00999999999999998 0.001 0.011 8.728 0.011 8.737 9.478 0 9.475 9.41 0 9.409
0.052 0.002 0.054 0.012 0 0.013 10.022 0.008 10.027 10.527 0 10.526 9.737 0 9.733
0.053 0.001 0.054 0.011 0 0.011 8.658 0.014 8.67 9.082 0 9.08 8.984 0 8.983
0.053 0 0.053 0.01 0.001 0.011 8.837 0.012 8.846 9.276 0 9.274 9.183 0 9.182
0.046 0.001 0.047 0.012 0.000999999999999997 0.012 9.153 0.005 9.155 9.524 0.001 9.523 9.405 0 9.404
0.046 0 0.046 0.00999999999999998 0 0.01 8.426 0.007 8.431 8.814 0 8.811 8.74 0 8.738
0.047 0 0.047 0.011 0 0.011 8.571 0.011 8.58 9.021 0 9.018 8.937 0 8.935
0.045 0.000999999999999994 0.046 0.011 0 0.01 8.523 0.00600000000000001 8.528 8.805 0.00199999999999999 8.804 8.757 0 8.756
0.045 0.001 0.045 0.011 0 0.011 8.335 0.007 8.34 8.778 0 8.775 8.692 0 8.691
0.044 0.002 0.045 0.011 0 0.011 8.328 0.008 8.335 8.747 0 8.745 8.715 0 8.711
0.052 0 0.052 0.011 0.001 0.012 9.252 0.008 9.258 9.728 0 9.725 9.62 0 9.619
0.045 0.001 0.046 0.00999999999999998 0 0.01 8.294 0.00899999999999999 8.302 8.685 0 8.683 8.642 0 8.64
0.052 0 0.053 0.011 0.001 0.011 8.876 0.007 8.882 9.315 0 9.312 9.263 0 9.262
0.045 0.001 0.046 0.011 0 0.011 8.527 0.00899999999999999 8.535 9.563 0 9.561 9.596 0 9.593
0.053 0.002 0.054 0.013 0 0.013 10.042 0.008 10.048 10.244 0 10.243 9.529 0 9.526
0.046 0 0.045 0.00900000000000001 0.001 0.011 8.149 0.015 8.162 8.959 0 8.957 8.921 0 8.918
0.052 0 0.053 0.012 0 0.011 9.234 0.009 9.241 9.496 0 9.494 8.942 0 8.941
0.054 0.001 0.054 0.01 0.001 0.011 8.879 0.012 8.89 9.318 0 9.315 9.281 0 9.279
0.052 0.001 0.053 0.011 0.000999999999999994 0.011 8.72 0.007 8.725 9.179 0 9.177 9.062 0 9.061
0.045 0 0.046 0.011 0 0.011 8.572 0.013 8.586 8.95 0.001 8.952 8.863 0.004 8.873
0.045 0 0.046 0.01 0.001 0.011 8.556 0.011 8.565 8.884 0 8.88 8.824 0 8.824
0.055 0.001 0.055 0.013 0 0.013 10.031 0.008 10.036 10.595 0.001 10.594 10.197 0 10.194
0.053 0.001 0.053 0.00900000000000001 0.00199999999999999 0.011 8.676 0.01 8.684 9.164 0 9.162 9.067 0 9.065
0.045 0.001 0.047 0.011 0 0.01 8.121 0.011 8.13 8.539 0 8.538 8.675 0 8.673
0.046 0.000999999999999994 0.046 0.00800000000000001 0.002 0.011 8.246 0.012 8.255 8.609 0 8.607 8.571 0 8.568
0.046 0 0.047 0.00999999999999998 0.001 0.011 8.341 0.008 8.347 8.729 0 8.727 8.686 0 8.682
0.046 0 0.046 0.011 0 0.011 8.526 0.006 8.531 8.888 0 8.886 9.5 0 9.497
0.056 0 0.056 0.01 0.002 0.013 9.975 0.005 9.976 10.438 0 10.438 10.154 0 10.151
0.051 0.00199999999999999 0.053 0.011 0 0.012 9.206 0.014 9.218 9.664 0 9.661 9.589 0 9.587
0.045 0.001 0.046 0.011 0 0.011 8.343 0.009 8.35 8.704 0 8.701 8.647 0 8.645
0.045 0.001 0.046 0.011 0 0.011 8.161 0.005 8.164 8.54 0 8.538 8.44 0 8.438
0.052 0.00199999999999999 0.054 0.01 0.001 0.011 8.803 0.005 8.805 9.265 0 9.263 9.214 0 9.213
0.052 0.001 0.053 0.01 0.001 0.011 8.697 0.007 8.702 9.165 0 9.162 9.084 0 9.083
0.053 0.001 0.054 0.011 0 0.011 8.766 0.011 8.774 9.226 0.001 9.225 9.131 0 9.129
0.053 0 0.053 0.00900000000000001 0.003 0.011 9.13 0.007 9.136 9.632 0 9.629 9.451 0 9.45
0.053 0 0.054 0.01 0.001 0.01 8.626 0.01 8.635 9.022 0 9.02 8.932 0 8.932
0.049 0.002 0.051 0.013 0 0.013 10.13 0.005 10.133 10.61 0 10.608 10.218 0 10.216
0.053 0.002 0.055 0.011 0 0.011 9.251 0.009 9.258 9.651 0 9.649 9.496 0 9.494
0.053 0 0.052 0.00900000000000001 0.002 0.011 8.579 0.007 8.585 9.022 0 9.019 8.93 0 8.93
0.052 0.001 0.054 0.00900000000000001 0.00199999999999999 0.011 8.743 0.004 8.745 9.094 0 9.092 9.132 0 9.129
0.045 0.001 0.046 0.01 0.000999999999999997 0.011 8.598 0.01 8.61 9.685 0.004 9.689 9.689 0 9.687
0.052 0.000999999999999994 0.053 0.01 0.001 0.011 8.846 0.00700000000000001 8.851 9.263 0 9.261 8.656 0 8.654
0.054 0 0.054 0.01 0.001 0.011 8.702 0.01 8.71 9.129 0 9.127 9.05 0 9.049
0.051 0.003 0.055 0.013 0 0.012 10.056 0.005 10.058 10.594 0.001 10.593 10.155 0 10.153
0.053 0 0.053 0.011 0 0.011 8.463 0.00600000000000001 8.467 8.654 0 8.651 8.566 0 8.565
0.054 0 0.053 0.01 0.000999999999999994 0.011 8.424 0.014 8.437 8.998 0.001 8.996 8.804 0 8.803
0.047 0.002 0.049 0.011 0 0.011 8.477 0.011 8.486 8.974 0 8.972 9.033 0 9.032
0.046 0 0.046 0.011 0 0.011 8.547 0.01 8.555 8.912 0 8.909 8.874 0 8.873
0.044 0.00199999999999999 0.047 0.011 0 0.011 8.245 0.00800000000000001 8.25 8.701 0 8.698 8.583 0 8.582
0.053 0 0.053 0.011 0 0.011 9.161 0.008 9.168 8.92 0 8.917 8.839 0 8.839
0.053 0.001 0.054 0.011 0 0.011 8.795 0.003 8.796 9.285 0 9.282 9.153 0 9.153
0.051 0.002 0.052 0.01 0.001 0.012 9.168 0.009 9.174 9.724 0 9.722 9.504 0 9.503
0.046 0.001 0.046 0.011 0 0.011 8.22 0.007 8.227 8.626 0 8.624 8.556 0 8.554
0.053 0 0.053 0.013 0 0.013 10.054 0.007 10.059 10.568 0 10.566 10.182 0 10.179
0.052 0.001 0.054 0.011 0 0.011 8.831 0.009 8.838 9.218 0.001 9.216 9.159 0 9.158
0.045 0.001 0.046 0.011 0 0.011 8.898 0.01 8.907 9.689 0 9.686 9.602 0 9.6
0.052 0.001 0.053 0.011 0 0.011 8.727 0.007 8.733 9.182 0 9.179 8.852 0 8.85
0.054 0.002 0.055 0.012 0.001 0.013 10.088 0.007 10.093 10.596 0 10.593 10.541 0 10.538
0.055 0 0.055 0.013 0 0.013 10.068 0.005 10.07 10.507 0 10.505 10.429 0 10.427
0.046 0.001 0.048 0.012 0 0.012 9.198 0.004 9.206 9.566 0 9.57 9.477 0 9.481
0.048 0 0.048 0.00999999999999998 0.00199999999999999 0.012 9.361 0.00600000000000001 9.365 9.685 0 9.682 9.627 0 9.625
0.044 0.002 0.046 0.011 0 0.011 8.808 0.009 8.815 9.641 0 9.638 9.571 0 9.57
0.053 0 0.053 0.01 0.000999999999999997 0.011 8.726 0.007 8.731 9.165 0 9.163 8.862 0 8.86
0.048 0 0.048 0.013 0 0.013 9.145 0.008 9.151 9.533 0 9.53 9.507 0 9.505
0.048 0.002 0.049 0.00999999999999998 0.001 0.011 8.916 0.007 8.921 9.371 0 9.368 9.304 0 9.303
0.054 0.001 0.055 0.013 0.000999999999999997 0.014 9.976 0.009 9.982 10.527 0 10.525 10.184 0 10.181
0.044 0.001 0.045 0.011 0 0.011 8.865 0.006 8.869 9.568 0 9.565 9.483 0 9.482
0.053 0 0.053 0.00900000000000001 0.002 0.011 9.177 0.011 9.185 9.653 0 9.651 9.199 0 9.198
0.045 0.001 0.046 0.00799999999999998 0.00199999999999999 0.01 8.159 0.007 8.165 8.478 0 8.475 8.521 0 8.519
0.045 0.001 0.046 0.011 0 0.01 8.273 0.008 8.28 8.683 0 8.681 8.632 0 8.629
0.043 0.003 0.046 0.011 0 0.011 8.587 0.008 8.593 8.988 0 8.986 8.911 0 8.91
0.052 0.003 0.054 0.013 0 0.012 10.029 0.006 10.033 10.521 0 10.52 10.126 0 10.124
0.053 0 0.052 0.01 0.001 0.012 8.702 0.008 8.708 9.159 0 9.157 9.081 0 9.079
0.054 0 0.055 0.012 0 0.011 9.296 0.006 9.3 9.745 0 9.743 9.703 0 9.701
0.052 0.001 0.053 0.012 0 0.011 9.239 0.008 9.244 9.746 0 9.745 9.656 0 9.653
0.053 0 0.053 0.012 0 0.011 9.432 0.009 9.439 9.71 0 9.708 9.776 0 9.774
0.054 0 0.054 0.00900000000000001 0.002 0.011 8.77 0.007 8.775 9.23 0 9.227 9.2 0 9.199
0.048 0 0.048 0.011 0.001 0.013 9.185 0.007 9.19 9.595 0 9.591 9.578 0 9.577
0.052 0 0.053 0.011 0 0.011 8.654 0.00899999999999999 8.661 9.053 0 9.05 8.946 0 8.944
0.046 0 0.046 0.00999999999999998 0.001 0.011 8.285 0.01 8.292 8.672 0 8.671 8.571 0 8.569
0.044 0.002 0.046 0.00999999999999998 0.001 0.011 8.706 0.007 8.711 9.131 0 9.129 9.025 0 9.022
0.057 0 0.058 0.012 0.001 0.013 10.186 0.005 10.188 10.707 0 10.705 10.291 0 10.288
0.048 0 0.047 0.01 0.001 0.011 8.527 0.006 8.532 8.879 0 8.876 8.847 0 8.846
0.053 0.001 0.054 0.01 0.001 0.011 8.787 0.007 8.792 9.235 0 9.232 9.184 0 9.183
0.053 0 0.053 0.01 0.000999999999999994 0.011 8.594 0.008 8.6 8.906 0.001 8.905 8.789 0 8.787
0.055 0 0.055 0.011 0 0.011 9.256 0.01 9.263 9.699 0 9.697 9.64 0 9.638
0.054 0.001 0.055 0.011 0.003 0.013 10.12 0.002 10.121 10.629 0 10.627 10.31 0 10.307
0.046 0.001 0.046 0.00999999999999998 0 0.011 8.16 0.01 8.168 8.594 0 8.592 8.505 0 8.502
0.053 0.002 0.061 0.01 0.001 0.011 8.885 0.00899999999999999 8.892 9.336 0 9.333 9.267 0 9.267
0.052 0.001 0.054 0.011 0 0.011 8.857 0.008 8.863 9.35 0 9.347 9.243 0 9.241
0.053 0.001 0.054 0.01 0.002 0.011 9.365 0.012 9.376 9.894 0 9.892 9.795 0 9.794
0.054 0.001 0.055 0.011 0.000999999999999994 0.013 10.072 0.004 10.073 10.603 0 10.601 10.341 0 10.338
0.045 0.000999999999999994 0.046 0.011 0 0.011 8.635 0.008 8.641 8.987 0 8.984 8.957 0 8.956
0.045 0 0.045 0.00999999999999998 0.001 0.011 8.338 0.01 8.346 9.034 0 9.031 8.945 0 8.944
0.053 0.001 0.055 0.013 0 0.012 10.059 0.004 10.062 10.596 0 10.593 9.639 0 9.637
0.055 0.001 0.057 0.012 0.001 0.012 10.07 0.007 10.075 10.545 0 10.542 10.463 0 10.461
0.055 0.001 0.055 0.00900000000000001 0.003 0.013 10.09 0.007 10.094 10.595 0 10.593 10.532 0 10.529
0.056 0 0.055 0.01 0.001 0.012 8.655 0.008 8.661 9.052 0 9.049 8.982 0 8.981
0.051 0.003 0.054 0.012 0.001 0.012 9.93 0.007 9.936 10.331 0 10.328 9.89 0 9.887
0.045 0.000999999999999994 0.045 0.00799999999999998 0.002 0.011 8.236 0.012 8.246 8.654 0 8.652 8.522 0 8.52
0.047 0.001 0.048 0.012 0 0.012 9.244 0.00799999999999999 9.251 10.607 0 10.604 10.572 0 10.569
0.052 0.001 0.053 0.01 0.001 0.011 8.695 0.009 8.701 9.081 0 9.08 8.653 0 8.651
0.055 0 0.055 0.01 0.001 0.011 8.925 0.006 8.929 9.354 0 9.351 9.326 0.001 9.326
0.052 0.001 0.053 0.01 0.001 0.011 9.137 0.00899999999999999 9.144 9.546 0 9.544 9.442 0 9.44
0.048 0 0.047 0.011 0.000999999999999994 0.012 9.244 0.005 9.247 9.615 0 9.612 9.59 0 9.589
0.047 0 0.048 0.012 0 0.012 9.278 0.007 9.283 10.636 0.001 10.635 10.615 0 10.612
0.052 0.001 0.053 0.00900000000000001 0.002 0.011 8.809 0.007 8.814 9.278 0 9.275 8.838 0 8.838
0.051 0.002 0.053 0.012 0.001 0.013 10.09 0.008 10.096 10.572 0 10.569 10.134 0 10.131
0.053 0.001 0.054 0.01 0 0.01 8.534 0.013 8.545 8.833 0 8.831 8.778 0 8.778
0.046 0 0.045 0.011 0 0.01 8.487 0.003 8.489 8.864 0 8.861 8.768 0 8.767
0.047 0.001 0.048 0.012 0 0.012 9.22 0.006 9.224 9.583 0 9.581 9.513 0 9.511
0.052 0.002 0.054 0.011 0 0.011 8.645 0.006 8.649 9.089 0 9.087 9.009 0 9.008
0.05 0.002 0.052 0.011 0 0.011 9.151 0.003 9.151 9.529 0 9.528 9.366 0 9.364
0.053 0.001 0.054 0.011 0 0.011 8.704 0.014 8.716 9.133 0 9.131 9.07 0 9.069
0.052 0 0.053 0.012 0 0.011 8.912 0.013 8.923 9.366 0 9.364 9.27 0 9.269
0.051 0.003 0.053 0.011 0.001 0.012 8.89 0.01 8.898 9.392 0 9.39 9.336 0 9.335
0.045 0 0.045 0.01 0.001 0.011 8.277 0.009 8.284 9.255 0 9.252 9.277 0 9.276
0.051 0.002 0.053 0.01 0.001 0.011 8.617 0.00899999999999999 8.623 9.056 0 9.054 8.499 0 8.498
0.054 0 0.054 0.011 0 0.011 8.917 0.012 8.927 9.372 0 9.37 9.296 0 9.294
0.052 0.001 0.052 0.01 0.000999999999999997 0.011 8.817 0.01 8.826 9.192 0.001 9.19 9.159 0 9.158
0.045 0.002 0.047 0.011 0.00199999999999999 0.012 9.144 0.005 9.148 9.593 0 9.59 9.504 0 9.503
0.054 0.001 0.055 0.01 0.000999999999999994 0.011 9.167 0.009 9.173 9.658 0 9.656 9.602 0 9.6
0.053 0.001 0.055 0.013 0 0.012 9.949 0.003 9.95 10.305 0.003 10.307 10.034 0 10.03
0.045 0.001 0.046 0.011 0 0.011 8.201 0.013 8.217 9.033 0.00600000000000001 9.04 9.019 0.002 9.021
0.053 0 0.052 0.011 0 0.011 8.86 0.011 8.869 9.22 0 9.218 8.665 0 8.664
0.056 0 0.056 0.01 0.001 0.011 9.28 0.008 9.286 9.719 0.001 9.718 9.579 0 9.577
0.054 0 0.053 0.01 0 0.011 8.57 0.01 8.578 9.029 0 9.027 8.945 0 8.944
0.047 0 0.046 0.011 0 0.011 8.961 0.01 8.969 9.759 0 9.757 9.679 0 9.678
0.053 0.001 0.054 0.011 0 0.011 9.271 0.00899999999999999 9.278 9.645 0 9.643 9.26 0 9.258
0.046 0.001 0.047 0.00799999999999998 0.002 0.011 8.54 0.018 8.555 8.92 0 8.919 8.866 0 8.863
0.051 0 0.052 0.011 0 0.011 8.837 0.009 8.844 9.313 0 9.31 9.254 0 9.254
0.046 0 0.047 0.011 0 0.011 8.22 0.004 8.222 8.688 0 8.687 8.836 0 8.833
0.053 0.001 0.053 0.00900000000000001 0.00199999999999999 0.011 8.885 0.00800000000000001 8.892 9.293 0 9.29 9.242 0 9.241
0.045 0.001 0.046 0.00800000000000001 0.003 0.011 8.559 0.011 8.568 9.673 0 9.671 9.66 0 9.657
0.053 0 0.054 0.012 0 0.011 9.235 0.01 9.244 9.561 0 9.557 8.92 0.001 8.92
0.052 0.001 0.053 0.01 0.001 0.011 9.149 0.013 9.16 9.57 0 9.567 9.471 0 9.469
0.051 0.003 0.054 0.012 0 0.011 8.922 0.01 8.93 9.382 0 9.379 9.338 0 9.337
0.051 0.000999999999999994 0.051 0.011 0 0.011 8.789 0.009 8.796 9.207 0 9.204 9.127 0 9.127
0.053 0 0.053 0.011 0 0.011 8.734 0.009 8.74 9.16 0 9.158 9.049 0 9.048
0.046 0.001 0.047 0.013 0 0.013 9.381 0.005 9.384 9.784 0 9.781 9.708 0 9.707
0.043 0.003 0.046 0.011 0 0.01 8.199 0.012 8.209 9.074 0 9.073 9.054 0 9.052
0.055 0 0.055 0.012 0 0.012 10.041 0.001 10.039 10.169 0 10.168 9.5 0 9.497
0.053 0.002 0.055 0.011 0 0.011 8.82 0.011 8.828 9.291 0 9.289 9.241 0 9.24
0.053 0 0.053 0.01 0.001 0.012 9.197 0.007 9.2 9.676 0 9.675 9.564 0 9.562
0.045 0.001 0.046 0.00999999999999998 0.000999999999999994 0.011 8.579 0.009 8.586 9.001 0 8.998 8.966 0 8.964
0.046 0 0.047 0.013 0 0.012 9.142 0.006 9.145 10.522 0 10.52 10.447 0 10.444
0.054 0 0.055 0.01 0.002 0.012 10.082 0.005 10.084 10.518 0 10.516 9.649 0 9.647
0.054 0 0.054 0.011 0 0.011 8.87 0.011 8.879 9.277 0 9.273 9.236 0 9.235
0.052 0.001 0.053 0.00900000000000001 0.00199999999999999 0.01 8.763 0.014 8.776 9.066 0 9.064 9.011 0 9.01
0.043 0.002 0.046 0.01 0.001 0.01 8.293 0.007 8.298 8.718 0 8.717 8.855 0 8.853
0.054 0 0.054 0.01 0.002 0.012 9.516 0.01 9.524 9.548 0 9.546 9.457 0 9.456
0.054 0.001 0.055 0.011 0.001 0.013 9.981 0.001 9.979 10.546 0.001 10.546 10.273 0 10.271
0.053 0 0.053 0.01 0.001 0.011 9.158 0.013 9.169 9.553 0.001 9.552 9.52 0 9.517
0.052 0.001 0.053 0.013 0 0.013 10.155 0.004 10.156 10.525 0 10.523 10.107 0 10.106
0.053 0 0.053 0.01 0.001 0.011 8.661 0.014 8.673 9.119 0 9.116 9.031 0 9.03
0.054 0.001 0.055 0.013 0 0.013 9.989 0.004 9.99 10.709 0 10.708 10.422 0 10.419
0.056 0 0.056 0.012 0 0.012 10.038 0.00800000000000001 10.044 10.496 0 10.494 10.413 0 10.41
0.054 0.000999999999999994 0.055 0.012 0 0.013 10.123 0.005 10.124 10.619 0 10.617 10.533 0 10.531
0.054 0 0.054 0.01 0.001 0.011 8.569 0.01 8.576 8.867 0 8.866 8.783 0 8.781
0.052 0.001 0.053 0.01 0 0.011 8.642 0.007 8.646 9.049 0 9.046 8.933 0 8.932
0.044 0.001 0.045 0.00899999999999998 0.002 0.011 8.562 0.007 8.567 9.489 0 9.487 9.504 0 9.502
0.054 0.001 0.055 0.01 0.002 0.012 9.983 0.005 9.985 10.208 0 10.206 9.505 0 9.503
0.049 0.001 0.05 0.011 0 0.011 9.115 0.00899999999999999 9.123 9.556 0 9.552 9.5 0 9.5
0.054 0 0.053 0.00800000000000001 0.003 0.011 9.16 0.011 9.169 9.584 0 9.581 9.497 0 9.496
0.044 0.001 0.045 0.011 0 0.011 8.547 0.01 8.555 8.93 0 8.928 8.851 0 8.85
0.045 0 0.045 0.00999999999999998 0.001 0.011 8.554 0.013 8.564 9.652 0 9.65 9.572 0 9.574
0.053 0 0.054 0.012 0 0.011 9.249 0.006 9.253 9.648 0 9.646 8.936 0 8.94
0.055 0 0.056 0.011 0 0.011 8.802 0.009 8.808 9.347 0 9.345 9.24 0 9.238
0.052 0.001 0.054 0.01 0.001 0.011 8.646 0.009 8.653 9.104 0 9.101 9.004 0 9.003
0.045 0.000999999999999994 0.046 0.011 0 0.011 8.095 0.017 8.112 8.524 0 8.523 8.447 0.003 8.45
0.055 0 0.055 0.01 0.002 0.011 8.887 0.008 8.893 9.262 0 9.261 9.182 0 9.18
0.053 0 0.053 0.011 0 0.011 9.173 0.01 9.18 9.565 0 9.564 9.412 0 9.41
0.046 0 0.046 0.00900000000000001 0.001 0.01 8.328 0.007 8.333 8.708 0 8.707 8.665 0 8.663
0.045 0 0.045 0.011 0 0.011 8.243 0.008 8.249 8.641 0 8.639 8.57 0 8.567
0.052 0.001 0.054 0.00800000000000001 0.003 0.011 9.326 0.004 9.328 9.724 0 9.721 9.576 0 9.574
0.056 0 0.056 0.011 0 0.011 8.873 0.012 8.884 9.307 0 9.303 9.235 0.001 9.235
0.053 0 0.054 0.012 0 0.011 8.915 0.011 8.924 9.347 0 9.345 9.28 0 9.28
0.051 0.002 0.053 0.011 0.001 0.012 9.432 0.011 9.442 9.955 0 9.951 9.751 0 9.75
0.056 0 0.055 0.011 0 0.011 8.729 0.00800000000000001 8.735 9.122 0 9.12 9.036 0 9.035
0.051 0.001 0.052 0.011 0 0.011 8.523 0.012 8.533 8.915 0 8.912 8.843 0 8.842
0.046 0 0.046 0.011 0 0.011 8.55 0.005 8.553 9.582 0 9.579 9.609 0 9.608
0.055 0 0.054 0.012 0 0.013 9.894 0.003 9.893 10.08 0.001 10.08 9.373 0 9.371
0.049 0.00199999999999999 0.052 0.01 0.001 0.011 9.194 0.00600000000000001 9.197 9.574 0 9.572 9.505 0 9.503
0.054 0 0.053 0.011 0 0.011 8.849 0.007 8.855 9.311 0 9.307 9.23 0.000999999999999994 9.231
0.045 0.001 0.046 0.01 0.001 0.01 8.686 0.008 8.693 9.101 0 9.098 8.905 0 8.904
0.045 0.001 0.046 0.00999999999999998 0.001 0.01 8.218 0.007 8.224 9.017 0 9.015 9.002 0 9.001
0.052 0.001 0.053 0.01 0.001 0.011 8.873 0.00899999999999999 8.88 9.197 0 9.194 8.648 0 8.647
0.055 0 0.055 0.011 0 0.012 9.206 0.005 9.208 9.686 0 9.683 9.619 0 9.617
0.053 0 0.053 0.01 0.002 0.011 9.17 0.009 9.178 9.637 0 9.635 9.606 0 9.604
0.043 0.003 0.045 0.011 0 0.011 8.316 0.011 8.325 8.675 0 8.674 8.614 0.000999999999999994 8.613
0.045 0.000999999999999994 0.047 0.011 0 0.01 8.242 0.013 8.254 8.615 0 8.613 8.522 0 8.52
0.045 0.001 0.046 0.00900000000000001 0.002 0.011 8.603 0.006 8.607 9.012 0 9.01 9.261 0 9.259
0.056 0.001 0.058 0.011 0 0.011 8.876 0.016 8.889 9.266 0 9.264 9.173 0 9.171
0.057 0.001 0.058 0.011 0 0.011 8.691 0.011 8.7 9.143 0 9.14 9.048 0 9.047
0.048 0 0.048 0.00899999999999998 0.003 0.013 9.2 0.008 9.211 10.587 0.001 10.592 10.575 0 10.579
0.053 0 0.054 0.011 0 0.011 9.259 0.006 9.262 9.767 0 9.764 8.999 0 8.998
0.051 0.001 0.052 0.011 0 0.011 9.309 0.006 9.313 9.692 0.001 9.69 9.515 0 9.513
0.053 0 0.053 0.01 0.001 0.011 8.589 0.007 8.595 9.037 0 9.034 8.959 0 8.958
0.05 0.001 0.051 0.00999999999999998 0.001 0.011 8.879 0.011 8.888 9.422 0 9.419 9.373 0 9.372
0.046 0 0.046 0.00899999999999998 0.002 0.011 8.356 0.008 8.362 8.733 0.001 8.732 8.667 0 8.665
0.046 0 0.046 0.011 0 0.01 8.094 0.004 8.096 8.945 0 8.943 8.961 0 8.96
0.051 0.001 0.053 0.01 0.00199999999999999 0.011 9.181 0.009 9.188 9.451 0 9.448 8.913 0 8.912
0.054 0 0.053 0.01 0 0.011 8.591 0.009 8.598 9.014 0 9.011 8.925 0 8.925
0.051 0.001 0.052 0.01 0.001 0.012 9.255 0.008 9.26 9.628 0 9.625 9.469 0 9.467
0.046 0 0.046 0.00999999999999998 0.001 0.01 8.569 0.011 8.579 9.691 0 9.688 9.681 0 9.68
0.054 0 0.054 0.013 0 0.013 10.086 0.006 10.089 10.278 0.001 10.277 9.505 0 9.502
0.056 0 0.056 0.011 0 0.011 9.315 0.01 9.323 9.787 0.001 9.785 9.576 0 9.575
0.054 0 0.053 0.00800000000000001 0.002 0.011 8.634 0.012 8.644 8.999 0 8.995 8.963 0 8.963
0.05 0.002 0.052 0.01 0.001 0.011 8.639 0.01 8.65 9.1 0 9.098 9.033 0 9.032
0.052 0.001 0.053 0.011 0 0.012 8.743 0.008 8.748 9.178 0 9.177 9.077 0 9.076
0.051 0.000999999999999994 0.052 0.011 0.001 0.012 9.252 0.011 9.261 9.668 0 9.665 9.559 0 9.558
0.052 0.001 0.053 0.01 0.001 0.011 8.891 0.008 8.897 9.312 0 9.31 9.264 0 9.263
0.045 0.000999999999999994 0.046 0.01 0 0.01 8.324 0.00700000000000001 8.329 8.722 0 8.72 8.717 0 8.715
0.051 0.001 0.052 0.01 0.001 0.011 8.351 0.01 8.359 8.57 0 8.568 8.439 0 8.436
0.056 0 0.055 0.011 0 0.011 9.213 0.013 9.224 9.725 0 9.722 9.669 0 9.669
0.053 0 0.053 0.012 0 0.011 9.207 0.008 9.214 9.647 0 9.643 9.631 0 9.63
0.053 0.001 0.054 0.01 0.001 0.011 8.741 0.007 8.746 9.065 0 9.07 8.825 0 8.83
0.052 0.000999999999999997 0.052 0.011 0 0.011 8.666 0.013 8.677 9.161 0 9.159 9.051 0 9.049
0.046 0 0.046 0.00999999999999998 0 0.01 8.158 0.005 8.161 8.558 0 8.556 8.524 0 8.522
0.046 0 0.046 0.011 0 0.011 8.623 0.007 8.628 9.024 0 9.021 8.961 0 8.96
0.046 0 0.045 0.011 0 0.011 8.324 0.006 8.331 9.313 0 9.309 9.301 0 9.3
0.052 0.001 0.054 0.011 0.000999999999999994 0.011 9.014 0.00700000000000001 9.019 9.367 0 9.364 8.824 0 8.823
0.055 0 0.055 0.012 0 0.011 8.892 0.008 8.898 9.336 0 9.335 9.275 0 9.274
0.053 0 0.053 0.012 0 0.012 9.155 0.005 9.158 9.603 0 9.6 9.498 0 9.497
0.045 0.001 0.046 0.00999999999999998 0.001 0.011 8.617 0.007 8.623 9.002 0 8.999 8.935 0 8.934
0.045 0.001 0.046 0.01 0.001 0.01 8.625 0.006 8.629 9.675 0 9.674 9.663 0 9.661
0.052 0.001 0.053 0.011 0 0.011 9.199 0.009 9.206 9.51 0 9.507 8.939 0 8.938
0.053 0 0.054 0.00900000000000001 0.00199999999999999 0.011 9.166 0.011 9.175 9.556 0 9.552 9.513 0 9.512
0.055 0 0.054 0.012 0 0.013 10.039 0.002 10.039 10.514 0 10.511 10.17 0 10.167
0.046 0 0.046 0.01 0.001 0.011 8.544 0.009 8.551 8.955 0.001 8.954 8.877 0 8.876
0.048 0.001 0.048 0.01 0.001 0.011 8.328 0.013 8.34 8.732 0 8.731 8.638 0 8.635
0.05 0.001 0.051 0.011 0 0.011 8.912 0.01 8.919 9.332 0 9.33 9.31 0 9.308
0.053 0 0.053 0.011 0 0.011 9.29 0.012 9.299 9.719 0.002 9.719 9.558 0 9.556
0.046 0 0.046 0.011 0 0.011 8.602 0.00600000000000001 8.606 8.942 0 8.938 9.217 0 9.216
0.046 0 0.046 0.00899999999999998 0.00199999999999999 0.011 8.433 0.011 8.442 9.332 0 9.331 9.365 0 9.364
0.051 0.001 0.052 0.00900000000000001 0.00199999999999999 0.011 8.632 0.01 8.64 8.978 0 8.975 8.514 0 8.514
0.052 0.001 0.053 0.011 0 0.011 8.745 0.009 8.752 9.24 0 9.239 9.14 0 9.138
0.051 0.003 0.052 0.01 0.001 0.011 9.205 0.008 9.211 9.505 0 9.504 9.402 0 9.4
0.052 0.00199999999999999 0.053 0.00900000000000001 0.002 0.012 8.871 0.01 8.878 9.271 0 9.27 9.084 0 9.082
0.047 0.001 0.048 0.012 0.001 0.013 9.113 0.005 9.122 9.3 0.001 9.304 9.037 0 9.037
0.046 0 0.046 0.00999999999999998 0 0.01 8.114 0.009 8.122 8.878 0 8.874 8.865 0 8.864
0.053 0 0.053 0.00700000000000001 0.004 0.011 8.569 0.014 8.58 8.879 0 8.877 8.41 0 8.408
0.052 0.002 0.055 0.012 0.001 0.013 10.039 0.003 10.039 10.494 0 10.491 10.035 0 10.032
0.052 0.003 0.055 0.01 0.001 0.011 8.586 0.006 8.59 9.032 0 9.029 8.962 0 8.962
0.044 0.00199999999999999 0.046 0.011 0 0.011 8.385 0.005 8.387 9.277 0.000999999999999994 9.275 9.284 0 9.284
0.052 0.000999999999999994 0.053 0.01 0.001 0.011 9.133 0.006 9.136 9.453 0 9.451 8.834 0 8.833
0.052 0.001 0.053 0.01 0.000999999999999994 0.011 8.8 0.00600000000000001 8.804 9.184 0 9.181 9.143 0 9.142
0.051 0.00199999999999999 0.053 0.01 0.001 0.012 9.273 0.008 9.277 9.711 0 9.71 9.577 0 9.574
0.051 0.000999999999999997 0.052 0.01 0.001 0.011 9.197 0.009 9.204 9.562 0 9.559 9.522 0.001 9.522
0.055 0.001 0.056 0.011 0 0.011 9.249 0.009 9.255 9.684 0 9.682 9.605 0 9.603
0.053 0.001 0.054 0.011 0 0.011 9.249 0.00199999999999999 9.249 9.755 0 9.753 9.595 0 9.592
0.051 0.002 0.053 0.01 0.001 0.011 8.88 0.006 8.885 9.299 0 9.297 9.268 0 9.266
0.044 0.00199999999999999 0.046 0.00999999999999998 0.001 0.01 8.3 0.009 8.307 8.706 0 8.705 8.675 0 8.672
0.054 0 0.054 0.011 0 0.011 8.564 0.007 8.569 8.789 0 8.787 8.662 0 8.66
0.046 0 0.046 0.01 0 0.011 8.487 0.011 8.495 9.16 0 9.158 9.078 0 9.076
0.053 0 0.053 0.011 0 0.011 8.877 0.011 8.886 9.321 0 9.318 8.882 0 8.881
0.056 0 0.055 0.012 0 0.013 10.035 0.00700000000000001 10.038 10.5 0.000999999999999994 10.5 10.075 0 10.073
0.053 0 0.053 0.01 0.001 0.011 8.708 0.011 8.717 9.122 0 9.12 9.044 0 9.042
0.045 0.001 0.046 0.011 0 0.011 8.181 0.00899999999999999 8.188 8.558 0 8.556 8.603 0 8.601
0.045 0.001 0.046 0.00900000000000001 0.00199999999999999 0.011 8.616 0.008 8.622 8.989 0.001 8.988 8.907 0 8.906
0.045 0.001 0.046 0.011 0 0.011 8.699 0.012 8.709 9.856 0 9.853 9.616 0 9.614
0.045 0.001 0.045 0.01 0.001 0.011 8.312 0.009 8.319 8.716 0 8.713 8.628 0 8.626
0.046 0 0.046 0.00899999999999998 0.002 0.011 8.997 0.006 9.001 9.103 0 9.101 9.237 0 9.237
0.046 0.000999999999999994 0.046 0.00899999999999998 0.001 0.011 8.214 0.009 8.22 9.048 0 9.046 9.064 0 9.063
0.054 0.001 0.055 0.01 0.002 0.013 10.009 0.004 10.009 10.062 0 10.06 9.398 0 9.396
0.046 0 0.046 0.00799999999999998 0.003 0.011 8.57 0.004 8.572 9.534 0 9.532 9.554 0 9.553
0.054 0.001 0.055 0.012 0.001 0.013 10.075 0.005 10.077 10.303 0 10.301 9.575 0 9.573
0.055 0 0.055 0.011 0 0.011 8.831 0.009 8.838 9.284 0 9.282 9.271 0 9.269
0.052 0 0.053 0.00900000000000001 0.003 0.011 9.249 0.006 9.254 9.632 0.001 9.63 9.5 0 9.499
0.044 0.001 0.046 0.00900000000000001 0.002 0.01 8.153 0.006 8.158 8.537 0 8.535 8.474 0 8.471
0.046 0.001 0.047 0.011 0 0.01 8.181 0.012 8.192 8.559 0 8.557 8.489 0 8.487
0.043 0.00199999999999999 0.046 0.00999999999999998 0.001 0.01 8.402 0.009 8.409 9.075 0 9.073 8.978 0 8.976
0.053 0 0.052 0.01 0.000999999999999994 0.011 8.748 0.015 8.762 9.214 0 9.21 8.791 0 8.791
0.045 0.001 0.046 0.011 0 0.011 8.538 0.011 8.547 9.045 0 9.042 8.952 0 8.951
0.051 0.001 0.052 0.01 0.001 0.011 9.287 0.009 9.294 9.741 0 9.739 9.678 0 9.677
0.052 0.003 0.054 0.011 0 0.012 9.303 0.006 9.306 9.802 0 9.8 9.738 0 9.736
0.053 0 0.054 0.011 0.001 0.011 9.221 0.005 9.225 9.622 0 9.62 9.562 0 9.559
0.052 0 0.052 0.012 0 0.011 9.265 0.009 9.271 9.749 0 9.747 9.588 0 9.587
0.053 0.001 0.054 0.011 0 0.011 8.701 0.008 8.707 9.109 0 9.107 9.015 0 9.013
0.051 0.002 0.053 0.01 0.00199999999999999 0.011 8.671 0.00600000000000001 8.675 8.952 0 8.95 8.861 0 8.86
0.045 0.001 0.046 0.00999999999999998 0.001 0.011 8.597 0.00899999999999999 8.604 9.707 0 9.704 9.724 0 9.723
0.052 0.001 0.053 0.01 0.002 0.012 9.213 0.011 9.222 9.656 0 9.653 8.986 0 8.985
0.053 0.002 0.055 0.01 0.001 0.012 8.736 0.012 8.745 9.267 0 9.264 9.144 0 9.143
0.053 0.001 0.054 0.01 0.001 0.011 8.913 0.011 8.921 9.36 0 9.358 9.298 0 9.297
0.045 0 0.045 0.011 0 0.011 8.201 0.008 8.207 8.704 0 8.7 8.589 0 8.588
0.045 0 0.045 0.011 0 0.01 8.167 0.01 8.175 8.922 0 8.92 8.886 0 8.884
0.052 0.001 0.053 0.011 0.001 0.012 9.21 0.007 9.215 9.505 0 9.502 8.918 0 8.917
0.053 0.001 0.055 0.011 0 0.011 9.005 0.01 9.012 9.448 0 9.445 9.406 0 9.406
0.052 0 0.053 0.011 0 0.01 8.848 0.01 8.855 9.235 0 9.232 9.182 0 9.181
0.046 0.00199999999999999 0.048 0.011 0.001 0.012 9.152 0.004 9.153 9.535 0 9.533 9.489 0 9.488
0.054 0.000999999999999994 0.055 0.00900000000000001 0.002 0.011 9.219 0.008 9.225 9.716 0 9.713 9.684 0 9.683
0.053 0.001 0.055 0.013 0 0.013 10.116 0.004 10.117 10.586 0 10.585 10.288 0 10.285
0.053 0 0.053 0.011 0 0.011 8.558 0.009 8.565 9.013 0 9.012 8.929 0 8.928
0.054 0.000999999999999994 0.054 0.00900000000000001 0.002 0.012 9.272 0.009 9.279 9.666 0 9.663 9.467 0 9.465
0.045 0.001 0.046 0.00999999999999998 0.000999999999999994 0.011 8.668 0.00600000000000001 8.671 9.095 0 9.093 8.981 0 8.979
0.053 0.001 0.054 0.012 0 0.011 9.046 0.013 9.057 9.472 0 9.469 9.434 0 9.434
0.052 0.001 0.053 0.01 0.001 0.012 9.266 0.009 9.271 9.733 0 9.731 9.641 0 9.64
0.051 0.000999999999999994 0.052 0.011 0 0.011 9.287 0.004 9.289 9.734 0 9.731 9.57 0 9.569
0.052 0.001 0.053 0.01 0.000999999999999994 0.011 8.815 0.007 8.82 9.24 0 9.237 9.215 0 9.214
0.046 0 0.046 0.01 0.001 0.011 8.663 0.011 8.671 9.094 0 9.091 9.369 0 9.369
0.05 0 0.049 0.01 0 0.011 8.803 0.008 8.809 9.229 0 9.225 9.126 0 9.126
0.045 0.001 0.047 0.00899999999999998 0.002 0.011 8.566 0.007 8.57 9.012 0 9.01 8.897 0 8.895
0.053 0 0.053 0.012 0 0.012 9.267 0.008 9.272 9.699 0 9.697 9.474 0 9.472
0.045 0.003 0.048 0.011 0.002 0.013 9.163 0.004 9.165 10.567 0 10.565 10.518 0 10.515
0.051 0.003 0.054 0.00900000000000001 0.00199999999999999 0.012 9.265 0.009 9.27 9.713 0 9.711 9.046 0 9.045
0.054 0 0.054 0.011 0 0.011 8.826 0.012 8.837 9.264 0 9.26 9.247 0 9.246
0.053 0 0.053 0.00900000000000001 0.002 0.011 9.16 0.01 9.167 9.628 0 9.627 9.467 0 9.465
0.044 0.002 0.045 0.011 0 0.011 8.424 0.01 8.432 9.095 0 9.093 9.01 0 9.008
0.052 0 0.053 0.011 0.001 0.011 9.211 0.009 9.219 9.687 0 9.684 9.056 0 9.054
0.046 0 0.046 0.00999999999999998 0.001 0.011 8.44 0.013 8.45 8.857 0 8.856 8.834 0 8.832
0.048 0 0.047 0.011 0.001 0.012 9.154 0.007 9.16 9.654 0 9.65 9.532 0 9.531
0.054 0.00199999999999999 0.055 0.012 0 0.012 9.262 0.006 9.266 9.772 0 9.77 9.614 0 9.612
0.051 0.002 0.053 0.011 0 0.011 8.897 0.00899999999999999 8.904 9.299 0 9.296 9.284 0 9.282
0.051 0.002 0.053 0.011 0.00199999999999999 0.013 10.046 0.009 10.053 10.587 0 10.584 10.215 0 10.214
0.052 0.000999999999999994 0.053 0.011 0 0.011 8.833 0.009 8.839 9.301 0 9.3 9.241 0 9.24
0.054 0 0.053 0.01 0.001 0.012 9.227 0.011 9.236 9.661 0 9.657 9.565 0 9.565
0.051 0.003 0.054 0.011 0.001 0.011 9.35 0.011 9.36 9.728 0 9.725 9.805 0 9.804
0.051 0.002 0.053 0.011 0 0.011 9.143 0.014 9.154 9.598 0 9.596 9.498 0 9.497
0.051 0.002 0.053 0.011 0 0.011 8.397 0.005 8.4 8.601 0 8.599 8.499 0 8.497
0.046 0 0.045 0.00899999999999998 0.001 0.011 8.138 0.014 8.154 8.556 0 8.56 8.481 0 8.486
0.045 0.001 0.046 0.00899999999999998 0.00199999999999999 0.011 8.339 0.008 8.345 9.21 0 9.207 9.257 0 9.257
0.052 0.003 0.054 0.011 0.001 0.013 10.148 0.003 10.148 10.357 0 10.355 9.707 0 9.705
0.054 0.001 0.055 0.011 0.00199999999999999 0.013 10.112 0.00700000000000001 10.115 10.598 0.001 10.598 10.214 0 10.212
0.052 0.001 0.054 0.00900000000000001 0.002 0.011 8.817 0.011 8.825 9.27 0 9.269 9.168 0 9.166
0.046 0 0.046 0.00999999999999998 0.001 0.01 8.186 0.005 8.189 8.56 0 8.559 8.484 0 8.482
0.045 0 0.046 0.00999999999999998 0.001 0.01 8.188 0.005 8.191 9.02 0 9.018 8.991 0 8.991
0.051 0.003 0.055 0.011 0.00199999999999999 0.013 9.923 0.00600000000000001 9.926 10.195 0 10.194 9.557 0 9.554
0.052 0.000999999999999994 0.053 0.013 0 0.013 10.039 0.005 10.042 10.567 0 10.565 10.165 0 10.161
0.052 0.001 0.053 0.011 0 0.011 8.702 0.011 8.711 9.177 0 9.174 9.081 0 9.08
0.045 0 0.046 0.011 0.000999999999999994 0.011 8.608 0.013 8.618 8.993 0.001 8.992 8.902 0 8.901
0.045 0 0.046 0.011 0 0.011 8.596 0.008 8.601 8.973 0 8.971 8.883 0 8.882
0.047 0 0.047 0.013 0 0.013 9.209 0.005 9.211 9.61 0 9.607 9.515 0 9.514
0.05 0.000999999999999994 0.051 0.011 0 0.011 8.654 0.007 8.659 9.037 0 9.033 8.943 0 8.943
0.05 0.003 0.053 0.011 0 0.011 9.18 0.01 9.188 9.614 0 9.611 9.457 0 9.455
0.052 0.002 0.054 0.011 0 0.011 8.89 0.008 8.896 9.331 0 9.327 9.274 0 9.273
0.052 0 0.052 0.01 0.000999999999999994 0.011 8.789 0.00600000000000001 8.793 9.267 0 9.265 9.229 0 9.227
0.046 0 0.046 0.00899999999999998 0.001 0.011 8.316 0.012 8.325 8.714 0 8.712 8.669 0 8.667
0.053 0 0.054 0.011 0 0.011 8.711 0.016 8.725 9.167 0 9.165 9.039 0 9.04
0.051 0.001 0.052 0.00999999999999998 0 0.011 8.6 0.008 8.605 8.916 0 8.914 8.808 0 8.807
0.046 0 0.046 0.011 0 0.011 8.585 0.007 8.589 8.976 0 8.974 8.926 0 8.925
0.045 0 0.046 0.011 0 0.011 8.542 0.007 8.547 9.545 0 9.541 9.541 0 9.54
0.053 0 0.053 0.011 0 0.011 8.612 0.013 8.622 9.087 0 9.085 8.505 0 8.504
0.055 0 0.055 0.011 0 0.011 8.787 0.004 8.789 9.167 0 9.165 9.115 0 9.113
0.052 0.001 0.054 0.01 0.001 0.011 8.695 0.008 8.701 9.159 0 9.155 9.056 0 9.055
0.046 0 0.045 0.011 0 0.011 8.257 0.009 8.265 9.221 0 9.218 9.163 0 9.162
0.052 0.001 0.053 0.00900000000000001 0.002 0.011 8.714 0.006 8.718 9.084 0 9.082 8.532 0 8.531
0.05 0.004 0.054 0.00999999999999998 0.001 0.011 8.88 0.011 8.888 9.297 0 9.295 9.28 0 9.279
0.053 0 0.053 0.011 0 0.011 9.191 0.011 9.2 9.702 0 9.699 9.499 0 9.498
0.054 0.002 0.055 0.011 0 0.012 9.244 0.013 9.255 9.715 0 9.711 9.642 0 9.642
0.055 0 0.055 0.012 0.001 0.012 10.18 0.006 10.185 10.658 0 10.656 10.334 0 10.331
0.054 0 0.054 0.011 0 0.011 8.871 0.007 8.877 9.282 0.001 9.281 9.24 0 9.238
0.05 0.00199999999999999 0.052 0.011 0 0.011 8.699 0.01 8.707 9.19 0 9.188 9.058 0 9.057
0.045 0.001 0.046 0.00999999999999998 0.001 0.01 8.35 0.00899999999999999 8.358 8.831 0 8.829 9.039 0 9.038
0.055 0.001 0.057 0.011 0.002 0.012 10.224 0.003 10.224 10.697 0 10.695 10.311 0 10.308
0.053 0 0.053 0.011 0.001 0.011 8.756 0.005 8.76 9.219 0 9.217 9.138 0 9.135
0.045 0.001 0.046 0.011 0 0.011 8.701 0.009 8.707 9.041 0 9.04 9.424 0 9.421
0.048 0.001 0.049 0.011 0.001 0.013 9.615 0.005 9.618 10.571 0 10.569 10.532 0 10.529
0.051 0.002 0.054 0.011 0 0.011 8.745 0.006 8.749 9.144 0 9.141 8.897 0 8.897
0.055 0 0.054 0.00900000000000001 0.002 0.011 9.219 0.01 9.228 9.621 0 9.617 9.51 0 9.51
0.053 0 0.053 0.012 0 0.011 8.892 0.007 8.897 9.389 0 9.386 9.323 0 9.323
0.047 0 0.046 0.011 0 0.011 8.325 0.006 8.33 9.23 0 9.228 9.185 0 9.19
0.053 0 0.053 0.011 0 0.011 8.698 0.005 8.7 9.118 0 9.116 8.508 0 8.512
0.052 0.00199999999999999 0.055 0.01 0.001 0.011 8.562 0.009 8.569 9.06 0 9.056 8.971 0.002 8.972
0.053 0 0.053 0.00900000000000001 0.002 0.011 9.172 0.014 9.183 9.635 0.002 9.635 9.409 0 9.407
0.043 0.003 0.046 0.011 0 0.01 8.366 0.005 8.369 8.774 0 8.773 8.698 0 8.695
0.046 0.001 0.048 0.013 0 0.012 9.177 0.006 9.182 10.486 0.001 10.485 10.408 0 10.405
0.053 0 0.053 0.011 0 0.011 8.632 0.008 8.638 9.101 0 9.099 8.677 0 8.677
0.054 0 0.054 0.01 0.001 0.011 9.142 0.011 9.151 9.567 0 9.566 9.52 0 9.518
0.053 0 0.054 0.01 0.001 0.011 9.232 0.007 9.237 9.535 0 9.532 9.493 0 9.492
0.045 0 0.045 0.011 0 0.011 8.496 0.007 8.501 8.884 0 8.882 8.788 0 8.787
0.053 0 0.053 0.01 0.001 0.011 8.549 0.01 8.557 8.73 0 8.728 8.615 0 8.614
0.053 0 0.053 0.011 0 0.011 8.963 0.01 8.971 9.01 0 9.007 8.915 0 8.914
0.053 0.001 0.054 0.011 0 0.01 8.604 0.011 8.613 9.098 0 9.096 9.024 0 9.023
0.052 0.001 0.053 0.011 0 0.011 8.889 0.009 8.895 9.281 0 9.278 9.186 0 9.185
0.052 0.001 0.054 0.00800000000000001 0.003 0.011 8.891 0.013 8.901 9.401 0 9.4 9.36 0 9.358
0.052 0.00199999999999999 0.054 0.01 0.001 0.012 9.291 0.012 9.301 9.741 0 9.739 9.542 0 9.539
0.049 0.000999999999999994 0.05 0.011 0 0.011 8.5 0.005 8.503 8.998 0 8.995 8.907 0 8.906
0.053 0 0.053 0.011 0 0.011 8.69 0.011 8.699 9.173 0 9.169 9.099 0 9.099
0.053 0 0.053 0.01 0.001 0.012 8.852 0.004 8.854 9.287 0 9.285 9.148 0 9.147
0.046 0 0.046 0.00900000000000001 0.000999999999999997 0.01 8.122 0.01 8.13 8.548 0 8.546 8.47 0 8.468
0.046 0 0.046 0.00899999999999998 0.00199999999999999 0.011 8.59 0.007 8.595 9.506 0.001 9.508 9.386 0 9.388
0.052 0.000999999999999994 0.053 0.01 0.001 0.011 8.608 0.009 8.614 9.048 0 9.046 8.399 0 8.403
0.057 0 0.057 0.013 0 0.013 10.082 0.007 10.085 10.508 0.001 10.508 10.085 0 10.082
0.054 0 0.054 0.00800000000000001 0.003 0.011 8.735 0.012 8.744 9.238 0 9.236 9.143 0 9.142
0.046 0.001 0.047 0.012 0 0.013 9.259 0.005 9.26 10.627 0.002 10.628 10.609 0 10.606
0.052 0.001 0.053 0.00900000000000001 0.00199999999999999 0.011 9.201 0.012 9.21 9.703 0 9.701 8.935 0 8.941
0.054 0 0.054 0.011 0 0.011 8.767 0.009 8.774 9.251 0 9.247 9.178 0 9.178
0.054 0.001 0.055 0.01 0.003 0.013 10.015 0.008 10.021 10.512 0 10.51 10.131 0 10.134
0.052 0 0.051 0.01 0.001 0.011 9.208 0.008 9.214 9.602 0 9.599 9.533 0 9.532
