0.262 0.031 0.293 0.251 0.015 0.267 104.087 0.122 104.187 119.958 0.002 119.934 119.806 0 119.78
0.272 0.02 0.291 0.252 0.014 0.267 103.562 0.09 103.636 119.493 0.018 119.483 118.962 0 118.948
0.267 0.026 0.293 0.249 0.017 0.266 102.099 0.13 102.213 118.454 0 118.435 117.669 0 117.655
0.257 0.028 0.285 0.248 0.012 0.259 104.682 0.1 104.76 120.256 0.00600000000000001 120.236 120 0.004 119.977
0.274 0.02 0.293 0.256 0.012 0.268 103.716 0.14 103.835 119.019 0.001 118.999 118.316 0.003 118.296
0.27 0.022 0.291 0.249 0.016 0.265 106.132 0.158 106.265 122.319 0.004 122.298 121.063 0.002 121.035
0.263 0.03 0.293 0.251 0.014 0.265 104.285 0.083 104.35 118.667 0 118.644 118.264 0.002 118.251
0.256 0.037 0.293 0.249 0.018 0.267 105.494 0.112 105.583 121.065 0 121.039 120.646 0.001 120.629
0.267 0.024 0.291 0.251 0.016 0.267 103.895 0.157 104.03 119.686 0 119.666 118.479 0.002 118.456
0.269 0.022 0.289 0.247 0.017 0.264 103.525 0.12 103.624 119.591 0.00600000000000001 119.569 119.606 0.003 119.582
0.257 0.028 0.284 0.245 0.018 0.262 103.511 0.096 103.585 119.335 0 119.309 119.235 0 119.209
0.273 0.027 0.301 0.254 0.016 0.269 105.041 0.119 105.144 120.53 0.077 120.581 120.033 0.001 120.04
0.264 0.022 0.285 0.243 0.016 0.26 103.409 0.075 103.461 118.491 0.001 118.474 118.225 0.002 118.211
0.267 0.024 0.291 0.255 0.011 0.266 103.298 0.094 103.37 118.639 0 118.62 117.618 0 117.592
0.259 0.027 0.286 0.246 0.014 0.26 103.125 0.136 103.237 118.706 0.083 118.761 118.242 0.068 118.29
0.268 0.028 0.297 0.25 0.017 0.267 104.075 0.144 104.196 119.79 0.08 119.842 118.916 0.00700000000000001 118.902
0.27 0.024 0.294 0.25 0.018 0.267 104.166 0.107 104.25 118.869 0.001 118.85 118.495 0.003 118.481
0.268 0.028 0.296 0.251 0.019 0.27 103.464 0.114 103.557 119.644 0 119.618 118.934 0 118.915
0.258 0.032 0.29 0.251 0.013 0.265 104.005 0.085 104.067 120.059 0.001 120.035 120.005 0 119.979
0.27 0.024 0.293 0.254 0.013 0.267 104.282 0.106 104.365 118.173 0 118.154 117.952 0 117.935
0.265 0.023 0.288 0.255 0.00900000000000001 0.264 103.305 0.096 103.379 118.609 0 118.592 117.704 0 117.677
0.267 0.03 0.297 0.256 0.014 0.27 104.014 0.157 104.149 119.732 0.001 119.707 119.094 0 119.075
0.263 0.031 0.294 0.249 0.02 0.268 104.384 0.121 104.481 120.071 0 120.044 119.109 0.001 119.089
0.262 0.029 0.29 0.254 0.011 0.265 103.455 0.093 103.535 119.533 0.001 119.516 118.826 0 118.822
0.266 0.027 0.292 0.247 0.019 0.266 103.029 0.09 103.102 118.308 0 118.279 117.826 0 117.816
0.268 0.024 0.292 0.244 0.022 0.266 101.789 0.089 101.864 117.796 0 117.777 117.074 0.001 117.071
0.267 0.026 0.293 0.249 0.017 0.265 105.119 0.136 105.234 120.964 0.001 120.938 120.984 0 120.957
0.267 0.026 0.294 0.254 0.014 0.268 105.667 0.107 105.75 121.296 0.022 121.292 120.083 0.027 120.089
0.267 0.019 0.285 0.246 0.013 0.259 102.765 0.107 102.858 119.09 0.001 119.076 118.419 0 118.411
0.264 0.027 0.291 0.252 0.012 0.264 103.366 0.08 103.424 119.098 0.001 119.074 118.988 0 118.963
0.261 0.033 0.294 0.25 0.017 0.267 103.762 0.116 103.855 119.854 0 119.827 119.365 0.001 119.348
0.267 0.025 0.293 0.25 0.017 0.267 104.082 0.171 104.23 119.4 0 119.374 118.407 0 118.389
0.267 0.026 0.293 0.254 0.012 0.267 103.801 0.151 103.93 119.518 0.052 119.544 118.519 0.00700000000000001 118.508
0.264 0.032 0.295 0.248 0.02 0.268 103.977 0.138 104.093 119.823 0.061 119.858 119.434 0.004 119.417
0.267 0.026 0.293 0.247 0.019 0.265 104.542 0.143 104.66 120.367 0.032 120.37 119.583 0.053 119.613
0.266 0.028 0.293 0.251 0.015 0.267 103.332 0.105 103.414 119.072 0.013 119.058 118.707 0.026 118.714
0.264 0.026 0.29 0.258 0.00799999999999998 0.266 104.654 0.089 104.721 120.324 0.001 120.299 119.983 0.001 119.964
0.268 0.026 0.294 0.257 0.012 0.269 103.651 0.14 103.769 119.557 0.001 119.539 118.157 0.002 118.135
0.271 0.026 0.296 0.253 0.018 0.271 103.928 0.103 104.008 119.679 0.001 119.653 119.594 0.001 119.567
0.268 0.028 0.295 0.256 0.014 0.27 104.271 0.117 104.365 119.966 0.005 119.946 119.292 0 119.274
0.271 0.02 0.291 0.249 0.015 0.265 103.62 0.107 103.704 119.218 0 119.201 118.066 0.004 118.045
0.277 0.021 0.298 0.243 0.026 0.269 104.238 0.104 104.322 120.752 0.002 120.728 120.231 0.001 120.215
0.267 0.026 0.293 0.247 0.015 0.262 103.357 0.104 103.439 119.017 0 118.996 117.613 0 117.591
0.267 0.027 0.294 0.255 0.013 0.268 101.869 0.095 101.946 117.777 0.00600000000000001 117.761 117.093 0.01 117.109
0.268 0.026 0.294 0.25 0.016 0.265 103.553 0.105 103.634 119.208 0.002 119.182 118.76 0.002 118.741
0.27 0.025 0.295 0.248 0.021 0.269 104.425 0.098 104.5 122.567 0.002 122.542 122.599 0.002 122.574
0.272 0.019 0.291 0.25 0.016 0.266 104.473 0.119 104.568 120.314 0 120.286 120.116 0 120.089
0.264 0.029 0.294 0.246 0.022 0.267 104.263 0.101 104.341 120.01 0 119.984 119.111 0 119.096
0.266 0.026 0.292 0.247 0.018 0.265 103.62 0.118 103.718 119.505 0.003 119.484 119.535 0 119.511
0.266 0.03 0.295 0.247 0.02 0.268 103.739 0.075 103.79 119.238 0.002 119.215 118.711 0 118.69
0.256 0.034 0.29 0.256 0.00800000000000001 0.265 103.601 0.077 103.656 119.494 0 119.468 118.549 0 118.527
0.269 0.028 0.297 0.256 0.011 0.266 106.047 0.184 106.208 121.833 0 121.812 120.759 0.001 120.733
0.264 0.028 0.292 0.256 0.011 0.267 103.665 0.093 103.736 118.98 0 118.955 118.809 0 118.783
0.267 0.022 0.288 0.249 0.014 0.263 104.565 0.127 104.722 123.07 0.054 123.124 122.955 0.003 122.93
0.264 0.024 0.29 0.253 0.012 0.265 103.862 0.098 103.94 119.741 0.002 119.717 119.311 0.001 119.294
0.28 0.022 0.305 0.257 0.019 0.276 107.564 0.077 107.621 123.402 0 123.377 123.152 0.001 123.129
0.27 0.024 0.294 0.253 0.014 0.268 104.492 0.105 104.576 119.666 0 119.641 119.683 0.001 119.661
0.264 0.028 0.292 0.249 0.017 0.265 105.041 0.105 105.122 120.86 0 120.833 120.851 0 120.824
0.262 0.029 0.291 0.246 0.019 0.265 103.439 0.098 103.516 119.113 0.003 119.088 118.988 0.005 118.967
0.271 0.025 0.298 0.248 0.021 0.269 106.607 0.088 106.74 119.91 0.00900000000000001 119.965 119.831 0.00600000000000001 119.884
0.266 0.024 0.29 0.251 0.015 0.266 103.491 0.093 103.568 118.71 0 118.697 117.882 0.001 117.865
0.265 0.03 0.297 0.252 0.017 0.27 104.902 0.104 104.981 120.59 0.005 120.567 120.57 0.002 120.546
0.273 0.021 0.292 0.252 0.013 0.266 104.135 0.155 104.272 119.145 0.001 119.121 118.607 0 118.596
0.262 0.028 0.29 0.252 0.012 0.265 103.664 0.112 103.753 119.388 0.004 119.366 119.307 0 119.281
0.268 0.029 0.296 0.255 0.015 0.269 102.422 0.096 102.503 118.329 0.002 118.304 117.746 0.002 117.734
0.265 0.02 0.285 0.239 0.02 0.259 104.902 0.152 105.03 120.955 0.001 120.928 120.806 0.002 120.786
0.258 0.03 0.288 0.245 0.017 0.262 101.703 0.181 101.866 118.097 0.04 118.121 117.384 0.033 117.406
0.266 0.024 0.29 0.243 0.022 0.265 104.296 0.095 104.369 120.325 0.00700000000000001 120.305 120.295 0.001 120.27
0.268 0.028 0.295 0.25 0.021 0.271 105.122 0.108 105.208 122.511 0.001 122.492 121.997 0 121.979
0.26 0.032 0.291 0.248 0.017 0.265 103.419 0.077 103.471 119.432 0 119.403 119.493 0.001 119.465
0.265 0.024 0.289 0.247 0.017 0.264 102.809 0.137 102.93 117.589 0.038 117.6 117.269 0.023 117.277
0.261 0.03 0.292 0.256 0.00900000000000001 0.265 103.388 0.101 103.466 119.193 0 119.169 119.115 0 119.088
0.27 0.027 0.297 0.256 0.011 0.266 105.382 0.137 105.496 121.225 0.001 121.2 121.094 0.000999999999999945 121.071
0.265 0.025 0.291 0.247 0.017 0.263 103.927 0.122 104.026 120.126 0.005 120.104 120 0 119.973
0.27 0.024 0.294 0.25 0.017 0.267 105.094 0.192 105.262 120.622 0.002 120.606 119.475 0 119.449
0.262 0.03 0.292 0.251 0.014 0.266 103.423 0.099 103.505 118.581 0 118.558 118.22 0 118.204
0.261 0.028 0.289 0.248 0.013 0.262 103.046 0.122 103.142 118.724 0.00700000000000001 118.701 118.727 0.025 118.722
0.263 0.028 0.29 0.249 0.016 0.265 103.24 0.108 103.333 117.509 0 117.482 117.287 0 117.281
0.265 0.028 0.293 0.254 0.014 0.268 104.387 0.092 104.455 120.052 0.03 120.054 119.604 0.028 119.612
0.279 0.022 0.3 0.255 0.018 0.273 104.757 0.129 104.863 122.827 0.002 122.801 122.105 0.005 122.087
0.264 0.028 0.292 0.252 0.011 0.263 103.458 0.132 103.566 119.255 0.066 119.294 119.157 0.052 119.181
0.265 0.026 0.291 0.249 0.014 0.263 103.588 0.108 103.674 119.492 0.054 119.52 119.479 0.025 119.478
0.265 0.027 0.292 0.244 0.022 0.266 103.752 0.09 103.82 119.245 0.003 119.222 119.107 0.001 119.082
0.271 0.022 0.293 0.252 0.015 0.267 103.899 0.07 103.952 118.315 0 118.29 118.304 0 118.295
0.275 0.021 0.296 0.253 0.016 0.27 103.462 0.113 103.561 119.271 0.000999999999999945 119.261 118.537 0 118.535
0.261 0.03 0.291 0.239 0.022 0.26 103.366 0.091 103.438 118.841 0.001 118.814 118.431 0 118.419
0.274 0.024 0.297 0.25 0.017 0.267 103.636 0.084 103.705 120.185 0 120.168 119.431 0.001 119.424
0.261 0.027 0.288 0.248 0.019 0.267 104.628 0.152 104.757 120.041 0.003 120.018 119.973 0 119.946
0.278 0.014 0.292 0.249 0.018 0.267 104.134 0.086 104.199 119.454 0.001 119.428 118.189 0 118.17
0.261 0.029 0.291 0.243 0.018 0.26 102.076 0.099 102.162 118.548 0.002 118.542 117.802 0.003 117.804
0.265 0.027 0.291 0.246 0.02 0.266 105.191 0.166 105.335 120.957 0.002 120.933 120.977 0 120.952
0.274 0.021 0.295 0.252 0.012 0.264 106.099 0.115 106.19 122.024 0.027 122.025 121.501 0.05 121.533
0.268 0.025 0.292 0.254 0.013 0.267 103.717 0.092 103.787 119.52 0.001 119.496 118.675 0 118.656
0.265 0.03 0.295 0.254 0.016 0.27 103.97 0.1 104.046 119.666 0 119.638 118.862 0.002 118.843
0.27 0.023 0.292 0.254 0.012 0.266 103.903 0.091 103.974 119.184 0 119.159 118.176 0 118.157
0.261 0.03 0.291 0.247 0.018 0.265 104.027 0.09 104.093 119.992 0 119.966 119.293 0.002 119.277
0.271 0.024 0.294 0.253 0.013 0.267 103.851 0.087 103.913 119.293 0.023 119.287 118.555 0.029 118.562
0.253 0.04 0.291 0.241 0.024 0.265 103.743 0.111 103.831 119.268 0.001 119.244 119.325 0 119.298
0.257 0.029 0.287 0.254 0.012 0.265 104.473 0.105 104.555 120.214 0.00800000000000001 120.196 120.228 0.003 120.205
0.263 0.024 0.287 0.246 0.014 0.26 103.659 0.105 103.742 119.948 0.035 119.955 119.468 0.039 119.487
0.275 0.018 0.291 0.255 0.011 0.267 103.658 0.094 103.737 118.94 0.042 118.959 118.344 0.00700000000000001 118.343
0.269 0.024 0.292 0.253 0.013 0.267 105.358 0.1 105.432 120.595 0.001 120.566 120.336 0.001 120.31
0.263 0.028 0.291 0.248 0.017 0.265 103.69 0.108 103.775 119.023 0.002 119 118.442 0 118.424
0.266 0.025 0.291 0.26 0.00600000000000001 0.266 103.64 0.087 103.704 119.399 0.005 119.386 118.331 0 118.306
0.267 0.026 0.292 0.256 0.01 0.266 103.609 0.072 103.66 119.325 0 119.298 118.538 0.001 118.523
0.265 0.026 0.292 0.255 0.01 0.265 103.451 0.094 103.523 118.946 0.01 118.938 117.828 0.002 117.805
0.261 0.031 0.291 0.254 0.012 0.266 103.611 0.101 103.689 119.339 0.005 119.317 119.172 0.001 119.146
0.27 0.022 0.292 0.251 0.013 0.264 103.363 0.114 103.453 118.917 0.001 118.89 118.407 0 118.386
0.272 0.018 0.291 0.25 0.016 0.265 104.049 0.124 104.15 119.533 0 119.508 118.736 0 118.717
0.27 0.022 0.292 0.255 0.012 0.267 103.46 0.081 103.519 119.335 0.005 119.312 119.334 0.003 119.309
0.268 0.026 0.293 0.255 0.013 0.268 103.647 0.133 103.758 119.254 0.062 119.291 118.27 0.003 118.255
0.262 0.031 0.294 0.247 0.02 0.267 103.883 0.131 103.994 119.726 0.004 119.706 119.607 0.004 119.587
0.265 0.027 0.292 0.253 0.012 0.265 103.74 0.113 103.83 119.27 0.001 119.245 118.363 0 118.342
0.27 0.022 0.291 0.248 0.017 0.265 104.077 0.096 104.152 119.799 0.027 119.798 118.581 0.04 118.602
0.267 0.028 0.294 0.252 0.016 0.267 104.316 0.11 104.406 120.02 0.073 120.067 119.38 0.07 119.434
0.271 0.027 0.298 0.255 0.016 0.271 105.655 0.093 105.727 121.304 0.016 121.296 121.141 0.002 121.119
0.26 0.027 0.287 0.242 0.019 0.26 105.054 0.101 105.133 121.185 0.019 121.177 120.987 0.026 120.987
0.266 0.034 0.299 0.259 0.01 0.269 105.818 0.159 105.953 121.726 0.00600000000000001 121.706 121.592 0.00600000000000001 121.572
0.27 0.034 0.304 0.256 0.019 0.275 108.161 0.106 108.245 123.92 0.001 123.897 123.746 0 123.722
0.262 0.025 0.286 0.244 0.017 0.261 103.639 0.272 103.942 119.77 0.005 119.764 119.444 0 119.417
0.26 0.029 0.289 0.252 0.014 0.265 104.234 0.113 104.327 119.556 0 119.531 119.327 0.001 119.304
0.27 0.022 0.292 0.244 0.021 0.265 104.243 0.075 104.298 119.528 0 119.506 119.337 0 119.314
0.258 0.028 0.286 0.256 0.00800000000000001 0.264 103.343 0.097 103.426 119.032 0.002 119.008 118.437 0 118.432
0.27 0.023 0.294 0.255 0.013 0.267 103.863 0.098 103.939 119.316 0.003 119.293 119.07 0.019 119.063
0.26 0.029 0.289 0.254 0.00999999999999998 0.264 103.337 0.083 103.398 118.01 0.002 117.993 117.655 0.001 117.638
0.263 0.028 0.291 0.249 0.017 0.266 104.156 0.072 104.206 120.162 0 120.137 120.002 0 119.975
0.247 0.039 0.284 0.243 0.016 0.259 103.622 0.093 103.693 119.402 0 119.377 117.925 0 117.906
0.362 0.045 0.407 0.344 0.022 0.366 142.906 0.165 143.245 164.485 0.003 164.687 164.354 0.002 164.555
0.264 0.025 0.289 0.248 0.018 0.266 103.207 0.104 103.296 118.427 0 118.401 117.852 0.002 117.85
0.275 0.025 0.301 0.258 0.013 0.27 107.324 0.136 107.437 122.704 0.002 122.677 122.453 0.001 122.433
0.264 0.027 0.292 0.244 0.016 0.26 103.383 0.089 103.455 119.262 0.003 119.246 119.234 0 119.214
0.266 0.028 0.294 0.25 0.02 0.27 103.766 0.097 103.841 118.642 0.001 118.624 118.259 0 118.24
0.259 0.033 0.292 0.247 0.018 0.265 103.816 0.102 103.897 119.04 0 119.021 118.575 0 118.557
0.26 0.031 0.291 0.25 0.017 0.267 101.684 0.1 101.765 117.471 0.002 117.453 116.84 0.001 116.841
0.265 0.021 0.285 0.246 0.013 0.258 104.918 0.107 105.001 121.229 0 121.201 121.122 0 121.099
0.274 0.018 0.291 0.246 0.018 0.264 103.909 0.097 103.984 119.123 0 119.1 117.84 0.001 117.819
0.272 0.02 0.291 0.251 0.015 0.266 103.666 0.099 103.744 118.444 0 118.424 118.018 0 118.003
0.268 0.024 0.292 0.251 0.016 0.266 104.711 0.091 104.778 120.444 0.002 120.416 120.584 0 120.555
0.274 0.027 0.3 0.253 0.016 0.269 107.011 0.174 107.162 122.909 0.001 122.884 122.797 0.001 122.773
0.254 0.036 0.29 0.251 0.015 0.266 103.581 0.097 103.655 119.314 0.042 119.331 119.273 0.052 119.3
0.273 0.025 0.298 0.256 0.012 0.268 105.871 0.073 105.919 121.66 0 121.633 120.53 0 120.505
0.265 0.025 0.289 0.243 0.017 0.261 103.496 0.085 103.556 119.602 0.001 119.575 119.469 0 119.441
0.27 0.026 0.295 0.245 0.021 0.266 104.007 0.087 104.07 119.834 0.001 119.809 119.628 0 119.599
0.269 0.02 0.289 0.251 0.018 0.269 102.882 0.08 102.95 118.251 0 118.225 118.075 0 118.072
0.261 0.029 0.29 0.244 0.019 0.263 103.366 0.135 103.479 119.131 0.028 119.134 119.057 0.00600000000000001 119.037
0.268 0.022 0.291 0.248 0.013 0.261 103.839 0.119 103.935 117.959 0.034 117.974 117.605 0.047 117.634
0.269 0.025 0.293 0.251 0.016 0.267 103.265 0.122 103.369 118.217 0 118.188 117.778 0.001 117.766
0.264 0.029 0.293 0.255 0.013 0.267 102.415 0.089 102.491 118.695 0.00900000000000001 118.678 117.936 0.00600000000000001 117.951
0.266 0.027 0.293 0.247 0.02 0.268 104.781 0.138 104.896 120.153 0.005 120.131 120.249 0 120.223
0.265 0.03 0.296 0.257 0.013 0.27 104.176 0.097 104.251 119.411 0 119.385 118.37 0 118.35
0.265 0.026 0.291 0.248 0.013 0.26 103.542 0.1 103.628 119.711 0.022 119.714 119.838 0.032 119.866
0.269 0.025 0.294 0.249 0.018 0.268 103.843 0.098 103.917 119.622 0.001 119.596 119.31 0 119.282
0.266 0.027 0.293 0.25 0.015 0.265 104.086 0.103 104.164 119.728 0.001 119.701 118.819 0.002 118.799
0.264 0.028 0.292 0.257 0.00899999999999998 0.265 103.666 0.085 103.73 119.131 0.003 119.107 119.049 0.003 119.026
0.262 0.029 0.291 0.25 0.015 0.265 104.506 0.086 104.57 120.133 0.038 120.144 119.498 0.001 119.478
0.265 0.028 0.293 0.25 0.017 0.267 103.847 0.09 103.915 119.599 0.001 119.574 119.506 0.001 119.481
0.261 0.031 0.292 0.257 0.00900000000000001 0.266 102.859 0.077 102.92 117.919 0.003 117.897 117.439 0 117.43
0.265 0.026 0.291 0.252 0.012 0.264 103.764 0.137 103.879 119.027 0.028 119.038 117.708 0.044 117.727
0.265 0.026 0.29 0.252 0.013 0.265 103.798 0.097 103.873 119.131 0 119.106 118.336 0 118.32
0.266 0.027 0.293 0.256 0.012 0.268 104.321 0.151 104.45 120.04 0 120.015 118.657 0 118.637
0.259 0.028 0.287 0.245 0.015 0.259 103.082 0.11 103.17 118.977 0.001 118.952 118.473 0.001 118.454
0.264 0.028 0.292 0.254 0.011 0.265 104.1 0.114 104.192 119.92 0.002 119.895 119.04 0 119.022
0.271 0.023 0.294 0.257 0.012 0.269 104.378 0.095 104.449 119.883 0.00700000000000001 119.862 119.794 0.00600000000000001 119.773
0.264 0.029 0.292 0.255 0.00999999999999998 0.265 104.016 0.113 104.106 119.473 0.001 119.444 118.922 0 118.902
0.266 0.026 0.292 0.253 0.012 0.266 103.603 0.155 103.736 119.311 0.051 119.343 118.024 0.056 118.054
0.262 0.031 0.292 0.257 0.00999999999999998 0.268 103.302 0.078 103.358 118.998 0.003 118.976 118.997 0.001 118.972
0.259 0.033 0.292 0.251 0.016 0.266 103.997 0.084 104.058 119.506 0.001 119.481 119.441 0 119.414
0.272 0.02 0.292 0.253 0.014 0.267 103.464 0.15 103.592 119.254 0.001 119.229 118.356 0 118.341
0.27 0.019 0.288 0.25 0.015 0.265 103.644 0.104 103.723 119.061 0.003 119.035 118.858 0 118.83
0.263 0.03 0.293 0.258 0.00999999999999998 0.269 103.813 0.097 103.887 119.317 0.004 119.303 118.278 0.002 118.254
0.267 0.024 0.292 0.247 0.019 0.265 103.737 0.07 103.786 119.37 0 119.344 119.229 0 119.203
0.268 0.025 0.293 0.252 0.016 0.266 103.661 0.107 103.748 119.627 0.002 119.611 118.299 0 118.276
0.265 0.032 0.296 0.252 0.018 0.271 104.278 0.098 104.354 119.373 0.003 119.351 119.051 0.002 119.032
0.261 0.031 0.291 0.251 0.015 0.266 103.53 0.112 103.623 119.204 0 119.18 117.963 0 117.947
0.259 0.026 0.286 0.247 0.013 0.26 104.957 0.1 105.035 120.485 0.002 120.466 119.4 0.003 119.377
0.27 0.026 0.295 0.253 0.012 0.266 106.855 0.155 106.998 121.092 0.003 121.071 120.893 0.001 120.881
0.284 0.016 0.3 0.257 0.015 0.273 105.43 0.094 105.504 120.753 0.031 120.759 120.559 0.053 120.589
0.264 0.028 0.292 0.253 0.015 0.267 103.766 0.122 103.866 119.649 0.003 119.626 118.715 0.00700000000000001 118.703
0.281 0.025 0.306 0.259 0.019 0.278 106.732 0.101 106.811 123.649 0 123.635 122.216 0.003 122.196
0.265 0.025 0.29 0.255 0.011 0.266 104.34 0.099 104.417 119.957 0 119.932 119.856 0 119.831
0.27 0.023 0.293 0.254 0.013 0.267 104.223 0.084 104.287 119.392 0 119.367 119.263 0.001 119.241
0.259 0.033 0.292 0.253 0.014 0.267 105.009 0.088 105.073 120.262 0 120.236 120.37 0 120.343
0.272 0.012 0.284 0.237 0.022 0.259 103.62 0.123 103.72 119.361 0.001 119.335 119.493 0 119.466
0.265 0.029 0.293 0.247 0.02 0.268 104.585 0.156 104.718 120.326 0 120.3 119.532 0.002 119.514
0.275 0.017 0.291 0.247 0.018 0.265 103.381 0.107 103.468 119.629 0 119.604 119.586 0 119.565
0.262 0.028 0.291 0.252 0.012 0.264 103.727 0.099 103.804 119.441 0.001 119.416 119.449 0.001 119.423
0.268 0.025 0.293 0.256 0.01 0.266 103.598 0.11 103.685 117.945 0.004 117.933 118.026 0.005 118.015
0.275 0.017 0.292 0.25 0.016 0.265 103.441 0.106 103.533 117.655 0.001 117.631 117.298 0 117.284
0.259 0.031 0.29 0.252 0.016 0.268 104.461 0.099 104.605 119.999 0.003 120.05 119.702 0.001 119.707
0.268 0.025 0.293 0.248 0.02 0.268 104.476 0.128 104.58 120.061 0.004 120.037 119.691 0.011 119.674
0.264 0.027 0.292 0.254 0.012 0.266 104.448 0.117 104.542 119.882 0 119.854 119.493 0 119.466
0.267 0.025 0.291 0.25 0.014 0.265 103.595 0.104 103.682 119.36 0.003 119.344 119.177 0 119.158
0.266 0.026 0.292 0.248 0.017 0.265 103.256 0.117 103.358 117.747 0.016 117.739 117.462 0.023 117.473
0.266 0.021 0.287 0.239 0.022 0.26 101.621 0.167 101.772 117.605 0.031 117.618 116.993 0.014 117.002
0.259 0.031 0.29 0.255 0.00900000000000001 0.264 104.402 0.102 104.486 119.265 0.001 119.24 118.883 0 118.869
0.273 0.022 0.295 0.254 0.015 0.268 104.267 0.106 104.35 120.289 0 120.26 120.145 0 120.123
0.261 0.026 0.286 0.247 0.012 0.259 103.583 0.091 103.66 118.462 0 118.435 117.987 0.001 117.981
0.264 0.028 0.291 0.247 0.019 0.267 103.687 0.115 103.777 119.659 0.043 119.673 118.864 0.045 118.885
0.265 0.029 0.294 0.254 0.015 0.268 104.527 0.121 104.625 120.098 0 120.074 119.623 0.001 119.606
0.271 0.02 0.292 0.249 0.014 0.263 103.79 0.078 103.846 119.147 0 119.122 119.088 0 119.061
0.263 0.03 0.293 0.247 0.019 0.266 103.383 0.077 103.439 118.72 0 118.702 117.77 0.003 117.748
0.268 0.022 0.29 0.248 0.015 0.264 103.106 0.097 103.187 117.995 0.001 117.971 117.626 0.001 117.627
0.258 0.028 0.286 0.245 0.014 0.258 103.731 0.135 103.843 119.945 0.00600000000000001 119.923 118.642 0.002 118.626
0.262 0.032 0.294 0.249 0.019 0.269 104.266 0.098 104.342 118.476 0.016 118.472 118.591 0.023 118.599
0.26 0.032 0.291 0.241 0.02 0.261 103.729 0.088 103.793 119.242 0 119.214 119.234 0.001 119.208
0.258 0.034 0.292 0.247 0.018 0.265 104.753 0.103 104.834 120.88 0 120.854 120.79 0 120.766
0.267 0.025 0.291 0.249 0.016 0.264 103.71 0.08 103.769 119.418 0.001 119.392 119.351 0.001 119.327
0.259 0.028 0.287 0.244 0.017 0.261 103.441 0.118 103.541 119.229 0.055 119.266 118.566 0.049 118.608
0.265 0.02 0.285 0.249 0.01 0.259 104.98 0.12 105.076 121.008 0.001 120.983 120.909 0.002 120.883
0.269 0.023 0.292 0.257 0.00900000000000001 0.267 103.881 0.099 103.958 119.5 0.004 119.478 119.403 0.002 119.378
0.27 0.024 0.295 0.25 0.02 0.269 104.876 0.105 104.958 120.576 0 120.551 119.602 0 119.583
0.269 0.025 0.294 0.253 0.015 0.267 103.711 0.081 103.769 119.43 0 119.402 118.739 0 118.718
0.273 0.022 0.295 0.256 0.014 0.269 103.906 0.121 104.004 119.568 0.00600000000000001 119.547 118.73 0.001 118.712
0.262 0.032 0.293 0.25 0.016 0.266 105.88 0.113 105.967 121.512 0 121.485 120.419 0 120.396
0.266 0.026 0.292 0.25 0.016 0.267 103.562 0.078 103.627 119.059 0 119.033 118.661 0 118.654
0.267 0.033 0.299 0.255 0.014 0.269 106.03 0.123 106.129 121.784 0.011 121.769 121.602 0.005 121.58
0.258 0.032 0.29 0.253 0.011 0.264 103.745 0.111 103.834 119.508 0.001 119.484 119.382 0 119.356
0.266 0.025 0.29 0.252 0.013 0.264 103.731 0.123 103.833 119.055 0 119.029 119.049 0 119.023
0.261 0.03 0.291 0.254 0.013 0.267 104.368 0.084 104.43 119.446 0 119.429 118.321 0 118.295
0.268 0.025 0.292 0.253 0.016 0.27 104.287 0.1 104.364 119.733 0 119.708 119.721 0 119.695
0.266 0.025 0.291 0.252 0.017 0.268 103.467 0.092 103.538 118.89 0.00600000000000001 118.878 117.643 0.004 117.624
0.369 0.04 0.41 0.347 0.016 0.363 142.535 0.154 142.863 164.396 0.001 164.595 164.214 0 164.412
0.263 0.024 0.287 0.245 0.016 0.261 103.213 0.09 103.281 118.866 0.003 118.85 117.698 0 117.671
0.272 0.021 0.293 0.251 0.018 0.268 103.289 0.07 103.335 118.896 0 118.869 118.857 0.001 118.832
0.264 0.028 0.292 0.238 0.024 0.262 103.971 0.103 104.049 119.697 0 119.668 119.305 0 119.285
0.259 0.033 0.292 0.244 0.023 0.267 103.633 0.092 103.703 119.094 0 119.076 117.78 0 117.755
0.259 0.032 0.29 0.252 0.012 0.264 103.207 0.104 103.29 118.895 0.00700000000000001 118.875 118.828 0.001 118.804
0.274 0.021 0.294 0.253 0.016 0.268 104.386 0.104 104.468 119.612 0.003 119.592 118.617 0.005 118.595
0.26 0.031 0.29 0.246 0.019 0.266 104.835 0.105 104.916 120.176 0.033 120.184 119.404 0.049 119.434
0.267 0.029 0.297 0.254 0.015 0.269 104.002 0.073 104.05 119.551 0.005 119.532 117.961 0.002 117.936
0.264 0.027 0.292 0.252 0.017 0.268 103.141 0.112 103.232 118.892 0.001 118.869 118.742 0.002 118.719
0.259 0.034 0.293 0.257 0.014 0.27 103.781 0.114 103.874 119.024 0.002 119 119.13 0 119.11
0.262 0.03 0.291 0.254 0.014 0.269 103.656 0.08 103.713 119.262 0 119.242 117.906 0.001 117.884
0.271 0.02 0.291 0.251 0.017 0.267 104.712 0.089 104.78 120.197 0.002 120.172 120.061 0.001 120.037
0.27 0.023 0.293 0.253 0.014 0.267 103.669 0.099 103.747 119.286 0.012 119.282 117.923 0.001 117.9
0.264 0.029 0.293 0.25 0.017 0.267 103.67 0.1 103.748 118.991 0.00800000000000001 118.974 118.463 0.004 118.448
0.263 0.022 0.285 0.24 0.019 0.259 103.742 0.104 103.822 119.9 0.019 119.893 119.776 0.004 119.754
0.261 0.033 0.293 0.259 0.00899999999999998 0.268 103.933 0.112 104.024 119.65 0.003 119.626 119.493 0.004 119.471
0.278 0.022 0.3 0.259 0.013 0.271 106.592 0.144 106.713 124.445 0.002 124.419 124.347 0.004 124.323
0.266 0.026 0.292 0.247 0.019 0.266 103.468 0.084 103.532 119.142 0.001 119.119 119.046 0 119.022
0.269 0.024 0.294 0.245 0.023 0.268 104.843 0.109 104.929 120.125 0.001 120.101 120.054 0.003 120.031
0.263 0.033 0.296 0.256 0.015 0.27 104.032 0.087 104.097 119.439 0.001 119.412 119.612 0 119.584
0.267 0.027 0.294 0.248 0.019 0.267 104.275 0.085 104.338 119.826 0.003 119.802 119.771 0 119.744
0.268 0.02 0.287 0.248 0.018 0.267 104.633 0.17 104.779 120.024 0.105 120.101 119.98 0.044 119.996
0.264 0.027 0.291 0.252 0.014 0.266 105.105 0.145 105.226 120.745 0.046 120.762 120.489 0.079 120.54
0.286 0.019 0.305 0.261 0.015 0.276 106.641 0.12 106.75 120.852 0.005 120.839 117.139 0 117.137
0.264 0.027 0.29 0.247 0.019 0.266 104.605 0.101 104.691 120.531 0 120.514 120.467 0 120.449
0.269 0.025 0.294 0.251 0.015 0.266 104.548 0.092 104.621 119.688 0 119.665 119.595 0.003 119.576
0.258 0.035 0.292 0.253 0.014 0.267 103.55 0.082 103.61 119.141 0.001 119.116 119.53 0 119.503
0.26 0.026 0.286 0.251 0.00899999999999998 0.259 103.193 0.114 103.286 118.839 0.001 118.814 118.826 0 118.799
0.263 0.033 0.296 0.256 0.014 0.27 104.524 0.115 104.617 119.815 0.001 119.79 119.357 0.004 119.335
0.262 0.03 0.292 0.246 0.02 0.266 103.978 0.113 104.068 119.716 0 119.69 119.765 0 119.738
0.265 0.024 0.29 0.251 0.015 0.265 103.019 0.133 103.137 117.691 0.002 117.667 117.342 0.002 117.331
0.269 0.018 0.286 0.247 0.018 0.265 104.45 0.096 104.53 118.846 0.001 118.823 118.484 0 118.471
0.265 0.027 0.291 0.247 0.018 0.265 103.255 0.108 103.341 118.938 0.00600000000000001 118.921 118.809 0.002 118.785
0.264 0.026 0.291 0.247 0.019 0.266 104 0.112 104.089 119.273 0.003 119.249 119.154 0.002 119.131
0.268 0.026 0.294 0.251 0.017 0.268 104.201 0.132 104.311 118.586 0.001 118.565 118.553 0.001 118.535
0.264 0.029 0.292 0.251 0.016 0.266 103.575 0.135 103.698 118.277 0 118.251 117.938 0 117.931
0.268 0.018 0.286 0.25 0.014 0.264 103.865 0.12 103.962 118.435 0.001 118.419 118.032 0 118.019
0.269 0.022 0.291 0.255 0.012 0.266 104.476 0.156 104.609 120.504 0.003 120.48 120.444 0.00799999999999995 120.424
0.266 0.027 0.294 0.254 0.011 0.266 105.218 0.077 105.271 120.774 0.001 120.745 120.772 0.001 120.746
0.257 0.033 0.29 0.254 0.011 0.265 103.412 0.091 103.481 118.066 0.00700000000000001 118.053 117.67 0 117.649
0.267 0.02 0.287 0.243 0.018 0.26 103.073 0.108 103.158 118.898 0.001 118.873 118.773 0 118.747
0.263 0.024 0.287 0.249 0.016 0.266 102.963 0.17 103.116 117.965 0 117.939 117.633 0.001 117.622
0.261 0.024 0.285 0.24 0.019 0.259 103.545 0.093 103.615 119.666 0 119.638 119.559 0 119.532
0.262 0.032 0.294 0.251 0.012 0.263 105.2 0.158 105.345 120.442 0.001 120.417 119.916 0 119.917
0.267 0.028 0.295 0.259 0.012 0.27 104.82 0.115 104.914 119.837 0.004 119.812 119.629 0.005 119.624
0.274 0.02 0.294 0.253 0.014 0.266 103.992 0.128 104.098 120.328 0.055 120.358 120.198 0.036 120.208
0.264 0.028 0.291 0.25 0.015 0.266 104.609 0.093 104.68 120.176 0.001 120.151 120.041 0 120.015
0.27 0.021 0.29 0.254 0.011 0.265 104.109 0.084 104.171 119.267 0 119.25 118.517 0 118.491
0.259 0.027 0.286 0.243 0.017 0.26 105 0.147 105.124 120.8 0.042 120.814 120.693 0.051 120.717
0.265 0.028 0.293 0.253 0.015 0.268 103.915 0.081 103.972 119.627 0.004 119.603 119.359 0 119.331
0.249 0.038 0.287 0.25 0.00999999999999998 0.26 103.091 0.147 103.214 118.094 0.00700000000000001 118.08 117.513 0.003 117.49
0.27 0.022 0.292 0.25 0.016 0.267 104.718 0.084 104.778 118.946 0.001 118.928 118.968 0.001 118.951
0.269 0.023 0.292 0.251 0.015 0.266 103.577 0.139 103.694 119.058 0.03 119.062 119.051 0.023 119.048
0.264 0.028 0.292 0.255 0.011 0.266 103.525 0.092 103.594 119.167 0 119.141 119.083 0.001 119.06
0.262 0.023 0.285 0.244 0.014 0.258 102.118 0.115 102.214 118.088 0.001 118.061 117.318 0.003 117.313
0.272 0.02 0.292 0.252 0.015 0.268 103.982 0.091 104.049 119.299 0.005 119.277 119.157 0.003 119.133
0.27 0.023 0.292 0.256 0.012 0.268 103.445 0.107 103.529 119.133 0 119.107 118.974 0.003 118.952
0.274 0.024 0.296 0.262 0.00799999999999998 0.271 104.681 0.122 104.78 120.194 0.001 120.169 119.354 0 119.337
0.27 0.027 0.297 0.258 0.012 0.271 103.908 0.071 103.954 119.389 0.004 119.363 118.834 0.005 118.817
0.272 0.02 0.293 0.255 0.012 0.267 103.85 0.099 103.926 119.43 0.002 119.407 119.419 0.002 119.394
0.26 0.032 0.292 0.254 0.011 0.265 103.883 0.134 103.994 119.673 0 119.647 119.557 0 119.53
0.269 0.023 0.291 0.248 0.018 0.265 103.493 0.087 103.559 119.421 0 119.396 119.328 0 119.302
0.258 0.032 0.291 0.25 0.015 0.264 103.265 0.116 103.36 119.111 0.048 119.133 118.981 0.049 119.004
0.269 0.025 0.293 0.25 0.019 0.269 104.118 0.081 104.177 119.461 0 119.443 118.236 0 118.211
0.268 0.025 0.293 0.249 0.019 0.268 103.845 0.084 103.907 119.448 0 119.422 119.419 0 119.401
0.266 0.026 0.292 0.248 0.017 0.265 105.927 0.125 106.03 121.654 0 121.635 120.358 0 120.335
0.274 0.019 0.293 0.25 0.016 0.267 104.29 0.078 104.344 119.577 0 119.55 119.959 0 119.932
0.266 0.021 0.287 0.241 0.02 0.261 104.975 0.071 105.023 120.622 0 120.602 119.534 0 119.507
0.263 0.032 0.295 0.248 0.018 0.266 104.613 0.115 104.703 120.356 0.002 120.33 119.892 0.001 119.871
0.256 0.028 0.285 0.241 0.02 0.261 104.617 0.115 104.71 120.355 0.041 120.375 119.19 0.044 119.21
0.267 0.022 0.29 0.244 0.019 0.263 103.997 0.104 104.078 119.899 0.048 119.922 119.8 0.00900000000000001 119.789
0.264 0.026 0.291 0.25 0.017 0.266 105.287 0.166 105.429 121.125 0.002 121.1 121.175 0.004 121.151
0.271 0.02 0.292 0.25 0.015 0.265 103.598 0.105 103.681 119.168 0 119.141 118.173 0.001 118.155
0.27 0.023 0.294 0.253 0.016 0.268 103.843 0.111 103.929 119.522 0.051 119.548 117.87 0.052 117.895
0.267 0.026 0.292 0.253 0.012 0.264 103.501 0.108 103.588 119.467 0.00499999999999995 119.447 119.364 0.00600000000000001 119.345
0.26 0.033 0.294 0.251 0.016 0.267 104.696 0.107 104.78 119.86 0.046 119.879 119.916 0.059 119.955
0.266 0.027 0.293 0.249 0.018 0.266 103.734 0.168 103.881 119.013 0.002 118.995 118.308 0 118.283
0.258 0.032 0.29 0.251 0.012 0.263 103.827 0.107 103.911 119.516 0 119.489 119.691 0 119.663
0.255 0.032 0.287 0.247 0.013 0.26 103.998 0.106 104.079 118.522 0.028 118.528 117.93 0.003 117.91
0.267 0.026 0.293 0.244 0.023 0.267 103.916 0.11 104.006 118.358 0.000999999999999945 118.337 118.047 0.002 118.033
0.271 0.024 0.295 0.252 0.015 0.267 104.572 0.082 104.633 119.266 0.001 119.251 118.779 0.003 118.771
0.271 0.02 0.291 0.249 0.015 0.264 103.083 0.127 103.187 118.301 0.002 118.281 117.704 0 117.676
0.265 0.029 0.293 0.247 0.019 0.266 104.091 0.121 104.19 119.152 0.004 119.135 118.718 0 118.693
0.252 0.031 0.284 0.243 0.016 0.259 104.88 0.089 104.945 120.684 0 120.657 120.581 0 120.557
0.257 0.033 0.291 0.258 0.011 0.268 103.93 0.129 104.037 119.812 0 119.786 119.718 0 119.691
0.266 0.03 0.296 0.253 0.016 0.269 105.816 0.08 105.874 124.696 0 124.668 124.55 0 124.522
0.265 0.027 0.293 0.251 0.015 0.265 103.604 0.106 103.69 119.194 0 119.171 119.145 0 119.121
0.357 0.048 0.404 0.345 0.019 0.365000000000001 140.181 0.238 140.612 161.471 0.004 161.719 160.487 0.003 160.749
0.267 0.028 0.295 0.258 0.011 0.269 104.886 0.114 104.978 120.461 0 120.435 120.112 0.013 120.098
0.272 0.026 0.298 0.261 0.012 0.271 103.917 0.084 103.98 119.137 0.004 119.114 118.722 0 118.702
0.262 0.03 0.292 0.252 0.014 0.266 103.846 0.15 104.019 124.491 0.025 124.539 123.887 0 123.858
0.269 0.024 0.294 0.247 0.02 0.266 103.952 0.07 104.001 118.524 0 118.505 118.173 0 118.156
0.268 0.02 0.288 0.248 0.016 0.264 104.289 0.101 104.368 119.885 0 119.86 119.849 0 119.825
0.268 0.029 0.296 0.257 0.013 0.27 105.652 0.105 105.736 121.145 0.068 121.188 120.974 0.071 121.023
0.258 0.028 0.285 0.241 0.023 0.264 103.498 0.105 103.582 119.129 0.049 119.154 119.039 0.066 119.08
0.263 0.028 0.292 0.249 0.017 0.265 104.176 0.133 104.287 120.996 0.001 120.97 120.902 0.002 120.879
0.266 0.025 0.292 0.247 0.014 0.261 103.804 0.091 103.871 119.621 0 119.594 119.558 0 119.53
0.274 0.019 0.293 0.253 0.016 0.268 104.479 0.098 104.556 119.091 0.001 119.071 118.669 0 118.656
0.266 0.025 0.291 0.247 0.019 0.266 103.518 0.097 103.594 119.49 0.005 119.469 119.401 0.002 119.379
0.275 0.019 0.294 0.244 0.019 0.264 102.926 0.078 102.989 117.645 0.002 117.619 117.27 0.001 117.262
0.259 0.031 0.29 0.244 0.019 0.263 102.854 0.09 102.929 117.882 0.004 117.859 117.56 0 117.553
0.264 0.026 0.29 0.246 0.019 0.265 104.249 0.139 104.365 119.966 0.003 119.942 119.391 0.001 119.375
0.268 0.026 0.294 0.254 0.012 0.266 103.615 0.102 103.695 117.859 0.011 117.853 117.902 0 117.882
0.272 0.024 0.296 0.259 0.00999999999999998 0.269 104.218 0.122 104.318 119.861 0.049 119.884 119.781 0.015 119.77
0.258 0.033 0.292 0.255 0.013 0.266 104.235 0.14 104.352 119.492 0.033 119.498 119.271 0.003 119.246
0.269 0.022 0.291 0.251 0.014 0.265 103.371 0.115 103.464 119.225 0 119.198 119.16 0.001 119.134
0.264 0.036 0.3 0.258 0.011 0.267 105.491 0.16 105.63 121.596 0.001 121.569 121.171 0.005 121.158
0.258 0.029 0.287 0.246 0.015 0.26 102.878 0.139 102.993 119.204 0.00600000000000001 119.182 119.214 0.001 119.187
0.261 0.024 0.285 0.244 0.013 0.257 103.774 0.087 103.837 119.721 0 119.693 119.578 0 119.55
0.264 0.031 0.294 0.256 0.012 0.268 103.324 0.096 103.404 118.13 0 118.104 117.814 0.003 117.805
0.268 0.023 0.291 0.244 0.019 0.263 103.922 0.093 103.999 119.098 0.004 119.076 118.643 0.00600000000000001 118.642
0.264 0.028 0.293 0.253 0.014 0.266 103.027 0.099 103.108 118.005 0.001 117.978 117.808 0 117.791
0.27 0.023 0.294 0.25 0.017 0.266 104.422 0.117 104.517 119.562 0.00199999999999995 119.54 119.615 0.002 119.59
0.267 0.025 0.293 0.251 0.016 0.266 103.648 0.123 103.764 119.374 0.066 119.415 119.359 0.058 119.392
0.265 0.028 0.294 0.247 0.02 0.267 103.751 0.125 103.853 119.263 0.004 119.241 119.164 0.001 119.139
0.265 0.026 0.291 0.248 0.017 0.265 103.724 0.107 103.809 118.764 0 118.745 117.878 0.001 117.852
0.267 0.025 0.293 0.252 0.014 0.265 103.5 0.099 103.577 119.119 0 119.09 119.021 0.001 118.996
0.271 0.023 0.293 0.253 0.015 0.269 104.301 0.116 104.393 119.865 0 119.837 119.575 0 119.546
0.265 0.025 0.288 0.243 0.018 0.261 103.087 0.095 103.16 117.572 0 117.552 117.164 0 117.151
0.268 0.026 0.294 0.254 0.012 0.267 105.926 0.119 106.022 120.487 0 120.465 120.507 0.001 120.488
0.261 0.028 0.289 0.246 0.013 0.26 104.468 0.157 104.601 120.606 0 120.58 120.433 0.003 120.411
0.277 0.016 0.293 0.254 0.012 0.266 104.429 0.121 104.528 119.991 0.038 120.003 119.159 0.024 119.165
0.263 0.026 0.29 0.247 0.015 0.262 103.486 0.11 103.577 119.284 0 119.256 118.57 0.001 118.558
0.265 0.027 0.293 0.244 0.023 0.267 103.256 0.139 103.372 119.062 0.017 119.051 118.469 0.036 118.485
0.268 0.027 0.295 0.255 0.014 0.269 102.582 0.085 102.655 119.03 0.004 119.022 118.33 0 118.325
0.26 0.034 0.294 0.252 0.017 0.268 104.232 0.087 104.297 119.856 0 119.831 119.163 0 119.145
0.265 0.023 0.288 0.235 0.025 0.26 103.428 0.155 103.561 119.33 0.061 119.365 119.276 0.002 119.253
0.273 0.023 0.295 0.255 0.014 0.269 104.48 0.148 104.606 120.243 0.002 120.218 119.659 0.001 119.641
0.26 0.03 0.29 0.251 0.014 0.265 102.949 0.085 103.019 118.541 0.001 118.52 118.056 0.001 118.046
0.258 0.033 0.291 0.25 0.015 0.265 105.208 0.091 105.277 120.908 0.001 120.882 120.422 0 120.402
0.261 0.029 0.29 0.252 0.015 0.266 104.926 0.098 105.001 120.443 0 120.426 119.275 0.001 119.252
0.272 0.023 0.295 0.252 0.017 0.269 104.694 0.086 104.757 119.875 0 119.85 119.74 0 119.714
0.267 0.026 0.294 0.256 0.01 0.266 103.475 0.083 103.537 118.999 0.001 118.98 117.732 0.001 117.709
0.269 0.023 0.293 0.251 0.017 0.267 104.179 0.127 104.284 118.348 0.047 118.375 118.371 0.059 118.41
0.259 0.029 0.288 0.25 0.013 0.262 103.277 0.103 103.358 118.922 0.003 118.907 117.724 0.00800000000000001 117.705
0.261 0.038 0.3 0.263 0.00900000000000001 0.272 105.409 0.103 105.487 125.882 0 125.852 124.79 0 124.766
0.272 0.02 0.293 0.25 0.017 0.266 104.021 0.092 104.091 119.216 0.037 119.225 119.164 0.03 119.166
0.265 0.027 0.292 0.25 0.015 0.265 104.363 0.097 104.435 120.054 0.005 120.029 119.668 0.004 119.653
0.266 0.028 0.294 0.252 0.015 0.267 103.585 0.077 103.64 118.994 0.004 118.98 117.662 0 117.637
0.27 0.021 0.29 0.248 0.016 0.264 103.231 0.09 103.299 119.285 0.019 119.278 119.204 0.026 119.205
0.266 0.028 0.294 0.255 0.012 0.267 106.175 0.1 106.251 121.932 0.04 121.944 121.793 0.031 121.797
0.26 0.031 0.292 0.251 0.014 0.264 103.579 0.128 103.686 119.134 0.001 119.11 118.192 0 118.171
0.267 0.028 0.295 0.255 0.015 0.269 103.381 0.116 103.473 119.277 0.031 119.286 117.823 0.001 117.795
0.257 0.028 0.285 0.255 0.013 0.269 103.622 0.091 103.691 118.384 0.001 118.367 117.849 0.002 117.83
0.27 0.024 0.294 0.251 0.017 0.268 103.919 0.074 103.97 119.198 0 119.172 119.053 0.002 119.035
0.266 0.027 0.293 0.246 0.021 0.266 103.941 0.08 104 119.686 0.033 119.692 118.12 0 118.101
0.255 0.033 0.288 0.242 0.02 0.262 104.071 0.153 104.198 119.745 0.012 119.727 119.704 0.001 119.674
0.26 0.029 0.289 0.249 0.014 0.262 103.357 0.083 103.419 118.274 0 118.255 117.787 0.002 117.771
0.255 0.031 0.286 0.247 0.018 0.265 104.558 0.08 104.614 119.386 0.00900000000000001 119.374 118.688 0.001 118.662
0.265 0.026 0.292 0.253 0.015 0.267 104.224 0.103 104.305 118.926 0.001 118.906 118.53 0 118.505
0.266 0.023 0.289 0.247 0.015 0.262 103.338 0.116 103.432 119.379 0.039 119.392 118.534 0 118.515
0.266 0.025 0.29 0.25 0.016 0.266 103.54 0.106 103.624 119.312 0.002 119.288 118.98 0.003 118.962
0.266 0.026 0.292 0.253 0.013 0.266 103.668 0.101 103.746 119.587 0 119.561 118.828 0.001 118.808
0.265 0.026 0.291 0.246 0.02 0.266 104.052 0.081 104.113 119.695 0 119.671 118.516 0 118.5
0.263 0.03 0.291 0.248 0.018 0.266 102.377 0.099 102.464 117.768 0.002 117.749 117.184 0.025 117.213
0.267 0.021 0.288 0.255 0.00699999999999998 0.262 103.404 0.087 103.469 118.972 0.002 118.949 118.915 0.005 118.895
0.251 0.035 0.287 0.247 0.014 0.261 103.196 0.12 103.293 118.891 0 118.865 118.709 0.001 118.683
0.267 0.024 0.291 0.254 0.014 0.267 104.481 0.104 104.565 119.946 0 119.919 119.866 0 119.842
0.261 0.03 0.291 0.252 0.014 0.267 103.878 0.086 103.943 119.237 0 119.213 119.17 0 119.146
0.268 0.025 0.293 0.254 0.014 0.267 104.097 0.137 104.212 118.669 0.001 118.651 118.181 0 118.155
0.275 0.018 0.292 0.25 0.016 0.267 103.871 0.077 103.926 119.423 0 119.397 118.564 0.001 118.544
0.356 0.067 0.423 0.342 0.035 0.377999999999999 142.368 0.176 142.716 164.238 0.003 164.44 164.122 0.001 164.321
0.276 0.02 0.295 0.248 0.019 0.267 103.145 0.126 103.25 118.903 0 118.877 118.831 0 118.807
0.261 0.026 0.286 0.243 0.017 0.261 104.107 0.077 104.16 119.9 0.00600000000000001 119.879 119.144 0.00700000000000001 119.132
0.268 0.027 0.294 0.244 0.025 0.268 104.231 0.22 104.437 119.087 0 119.06 118.855 0 118.845
0.271 0.026 0.297 0.255 0.014 0.269 103.56 0.103 103.641 118.054 0.038 118.072 117.892 0.048 117.921
0.271 0.021 0.292 0.247 0.018 0.265 103.458 0.081 103.517 118.443 0 118.425 118.042 0 118.023
0.264 0.028 0.291 0.252 0.013 0.265 103.268 0.12 103.367 118.815 0 118.791 118.806 0 118.782
0.266 0.028 0.295 0.247 0.02 0.266 103.072 0.089 103.147 117.747 0 117.72 117.439 0 117.425
0.255 0.033 0.288 0.248 0.016 0.265 103.018 0.09 103.094 117.781 0.001 117.756 117.483 0 117.468
0.274 0.019 0.293 0.255 0.013 0.268 103.647 0.125 103.75 119.89 0 119.863 119.771 0.001 119.746
0.264 0.03 0.294 0.254 0.014 0.268 105.192 0.19 105.362 120.793 0 120.77 120.739 0 120.716
0.271 0.024 0.294 0.25 0.016 0.266 102.061 0.149 102.194 117.69 0.004 117.674 117.129 0.003 117.13
0.256 0.03 0.285 0.243 0.016 0.259 103.944 0.091 104.012 119.847 0 119.819 119.638 0.001 119.613
0.258 0.032 0.29 0.25 0.013 0.263 103.168 0.092 103.236 119.156 0 119.128 119.119 0.001 119.092
0.254 0.031 0.285 0.248 0.011 0.259 103.312 0.103 103.393 118.801 0.023 118.805 117.999 0.042 118.016
0.261 0.026 0.286 0.248 0.013 0.261 103.537 0.112 103.626 119.231 0.002 119.209 118.085 0.004 118.062
0.267 0.023 0.29 0.256 0.011 0.266 103.182 0.09 103.258 118.026 0 118 117.777 0 117.768
0.266 0.026 0.29 0.24 0.019 0.26 105.761 0.15 105.898 120.467 0.048 120.488 120.142 0.073 120.213
0.256 0.035 0.291 0.25 0.016 0.265 102.806 0.094 102.882 117.668 0.002 117.64 117.496 0.004 117.487
0.271 0.02 0.29 0.246 0.019 0.265 103.259 0.107 103.346 119.155 0.027 119.156 118.572 0.003 118.556
0.26 0.032 0.293 0.248 0.017 0.265 103.901 0.114 103.993 119.753 0 119.727 119.644 0 119.617
0.274 0.02 0.294 0.244 0.018 0.262 103.408 0.086 103.472 119.499 0.004 119.477 119.415 0 119.389
0.274 0.022 0.296 0.251 0.017 0.268 104.392 0.156 104.527 120.223 0.001 120.197 119.757 0.001 119.739
0.27 0.028 0.298 0.253 0.014 0.267 106.177 0.146 106.299 122.762 0.005 122.74 121.586 0.001 121.567
0.268 0.022 0.29 0.251 0.014 0.265 104.809 0.103 104.89 119.307 0.003 119.288 119.406 0 119.394
0.263 0.024 0.287 0.248 0.011 0.259 102.657 0.099 102.732 117.853 0.002 117.832 117.475 0.005 117.46
0.26 0.031 0.292 0.256 0.00900000000000001 0.264 103.639 0.093 103.711 119.408 0.001 119.383 119.251 0 119.226
0.269 0.022 0.291 0.256 0.011 0.266 104.12 0.096 104.194 119.788 0.026 119.788 119.761 0.048 119.783
0.273 0.021 0.294 0.25 0.017 0.268 102.262 0.101 102.345 118.132 0.00600000000000001 118.109 117.4 0.001 117.394
0.268 0.023 0.291 0.247 0.021 0.267 103.762 0.114 103.853 119.198 0.002 119.173 119.141 0.001 119.114
0.261 0.031 0.292 0.245 0.02 0.265 104.303 0.146 104.426 119.842 0.001 119.817 119.766 0 119.74
0.264 0.028 0.292 0.246 0.02 0.266 104.8 0.105 104.884 120.638 0.00800000000000001 120.62 119.606 0.00600000000000001 119.594
0.274 0.026 0.301 0.26 0.012 0.271 106.163 0.104 106.245 121.89 0.001 121.865 120.849 0 120.83
0.251 0.038 0.289 0.249 0.011 0.26 103.3 0.079 103.357 118.783 0.001 118.766 117.573 0 117.547
0.261 0.03 0.291 0.248 0.015 0.264 103.635 0.085 103.697 119.377 0.00800000000000001 119.36 119.219 0.001 119.199
0.258 0.035 0.293 0.246 0.02 0.266 104.943 0.164 105.084 120.527 0 120.499 120.392 0.001 120.368
0.27 0.027 0.297 0.245 0.021 0.266 105.885 0.105 105.967 121.97 0.051 121.997 121.953 0.043 121.968
0.268 0.023 0.291 0.255 0.011 0.267 104.059 0.086 104.123 119.797 0 119.771 119.577 0.001 119.552
0.26 0.028 0.289 0.246 0.021 0.267 103.719 0.088 103.785 119.074 0 119.057 118.037 0.001 118.012
0.272 0.023 0.295 0.248 0.02 0.268 103.703 0.079 103.76 119.397 0.002 119.373 119.276 0.001 119.251
0.27 0.021 0.291 0.249 0.016 0.265 104.187 0.113 104.279 119.725 0 119.708 118.479 0 118.454
0.268 0.033 0.3 0.254 0.016 0.27 107.19 0.16 107.323 123.012 0.001 122.984 121.895 0 121.871
0.265 0.028 0.294 0.253 0.014 0.266 103.692 0.113 103.782 118.994 0.001 118.969 119.295 0.003 119.278
0.264 0.026 0.289 0.246 0.019 0.265 104.151 0.079 104.208 119.945 0 119.917 119.743 0 119.715
0.263 0.026 0.289 0.249 0.013 0.263 103.517 0.099 103.591 119.022 0.003 118.997 119.307 0.002 119.291
0.261 0.031 0.291 0.254 0.012 0.266 103.703 0.095 103.775 119.392 0 119.376 118.053 0 118.027
0.263 0.028 0.291 0.249 0.019 0.267 104.936 0.113 105.027 120.363 0.005 120.341 120.397 0 120.371
0.272 0.026 0.297 0.255 0.014 0.269 106.163 0.122 106.263 122.597 0 122.569 122.601 0.001 122.572
0.272 0.019 0.291 0.248 0.017 0.265 103.64 0.104 103.722 119.398 0.002 119.374 118.495 0 118.475
0.277 0.016 0.293 0.25 0.018 0.268 104.034 0.069 104.078 119.932 0.001 119.91 118.548 0 118.519
0.255 0.029 0.284 0.252 0.011 0.263 103.28 0.151 103.409 118.85 0.034 118.86 118.862 0.038 118.875
0.274 0.023 0.297 0.252 0.018 0.27 104.62 0.094 104.691 120.234 0 120.214 118.583 0.001 118.56
0.277 0.016 0.292 0.251 0.015 0.266 103.609 0.093 103.681 119.381 0.035 119.392 119.324 0.037 119.336
0.261 0.026 0.287 0.251 0.00999999999999998 0.261 102.967 0.143 103.084 118.705 0.00700000000000001 118.683 118.677 0 118.648
0.267 0.025 0.291 0.248 0.018 0.266 103.514 0.077 103.568 118.819 0.002 118.799 118.001 0.003 117.978
0.261 0.031 0.292 0.253 0.012 0.265 103.835 0.124 103.937 118.71 0.001 118.69 118.296 0 118.271
0.256 0.029 0.285 0.244 0.015 0.258 103.935 0.088 104.002 120.31 0.004 120.288 120.144 0 120.118
0.256 0.034 0.29 0.247 0.013 0.26 103.623 0.084 103.684 119.352 0.005 119.332 119.278 0 119.252
0.274 0.02 0.295 0.254 0.015 0.268 103.82 0.101 103.898 119.626 0.002 119.602 119.639 0.004 119.617
0.267 0.027 0.295 0.251 0.018 0.268 103.979 0.112 104.071 119.249 0.061 119.287 119.195 0.083 119.254
0.262 0.024 0.287 0.246 0.014 0.26 103.533 0.094 103.605 119.777 0.002 119.752 119.557 0.001 119.532
0.272 0.024 0.296 0.253 0.016 0.269 105.074 0.099 105.15 120.183 0.004 120.169 119.279 0.001 119.253
0.266 0.027 0.293 0.249 0.018 0.267 103.209 0.088 103.273 118.937 0 118.911 117.609 0 117.588
0.264 0.024 0.288 0.242 0.018 0.262 102.928 0.137 103.085 118.575 0.001 118.549 118.744 0 118.718
0.266 0.029 0.295 0.251 0.017 0.269 105.14 0.114 105.231 120.729 0 120.703 120.245 0 120.22
0.274 0.019 0.294 0.252 0.017 0.268 103.748 0.165 103.891 119.239 0.011 119.224 118.81 0.001 118.785
0.267 0.024 0.29 0.25 0.014 0.264 103.578 0.129 103.685 119.221 0.04 119.234 119.164 0.053 119.191
0.261 0.032 0.294 0.239 0.022 0.261 103.163 0.112 103.254 118.941 0.016 118.932 118.862 0.014 118.85
0.261 0.028 0.289 0.253 0.013 0.266 104.508 0.126 104.612 119.793 0.004 119.772 119.87 0.001 119.846
0.262 0.029 0.29 0.248 0.017 0.265 103.821 0.084 103.886 119.603 0.001 119.58 119.514 0.001 119.491
0.264 0.029 0.292 0.252 0.015 0.268 105.808 0.107 105.892 120.895 0.002 120.871 120.963 0.001 120.939
0.274 0.027 0.3 0.26 0.014 0.274 104.747 0.082 104.805 120.451 0.004 120.435 120.047 0.005 120.025
0.258 0.029 0.287 0.254 0.015 0.269 104.313 0.098 104.389 119.91 0.002 119.885 118.846 0.001 118.829
0.268 0.022 0.29 0.252 0.015 0.267 104.369 0.111 104.458 120.089 0.002 120.064 120.125 0 120.098
0.268 0.025 0.294 0.251 0.016 0.267 103.999 0.073 104.049 118.44 0.021 118.442 118.444 0.00900000000000001 118.44
0.266 0.025 0.29 0.252 0.012 0.265 104.092 0.082 104.151 119.081 0 119.063 118.698 0 118.687
0.265 0.028 0.292 0.249 0.016 0.265 103.901 0.082 103.961 119.6 0.001 119.576 119.457 0.001 119.433
0.261 0.025 0.286 0.248 0.016 0.264 103.521 0.093 103.598 118.056 0.005 118.035 117.743 0.002 117.732
0.266 0.025 0.29 0.251 0.014 0.265 103.563 0.09 103.637 117.725 0.003 117.703 117.409 0.003 117.396
0.255 0.031 0.286 0.242 0.022 0.265 104.421 0.07 104.467 120.262 0.001 120.237 120.274 0.00199999999999995 120.249
0.262 0.03 0.292 0.249 0.017 0.266 103.249 0.119 103.346 118.934 0.046 118.952 118.858 0.005 118.836
0.264 0.028 0.292 0.244 0.023 0.267 104.443 0.11 104.531 119.971 0 119.943 119.823 0.002 119.798
0.266 0.028 0.294 0.25 0.017 0.267 102.036 0.168 102.188 118.313 0.002 118.291 117.794 0 117.795
0.26 0.027 0.286 0.243 0.016 0.26 104.935 0.088 104.998 120.448 0.029 120.449 120.37 0.035 120.383
0.26 0.031 0.29 0.25 0.014 0.265 102.815 0.065 102.863 117.584 0.001 117.56 117.218 0.002 117.211
0.261 0.023 0.285 0.244 0.015 0.258 103.641 0.11 103.738 119.033 0 119.007 118.48 0 118.481
0.259 0.039 0.299 0.256 0.012 0.268 106.368 0.099 106.447 120.969 0.00700000000000001 120.947 120.641 0.023 120.652
0.271 0.021 0.291 0.249 0.016 0.266 104.207 0.128 104.313 120.145 0 120.119 120.078 0 120.053
0.261 0.024 0.286 0.239 0.021 0.259 103.406 0.08 103.464 119.165 0.00800000000000001 119.147 119.126 0 119.102
0.269 0.025 0.294 0.254 0.014 0.268 103.725 0.131 103.835 119.45 0 119.424 118.324 0.001 118.304
0.264 0.022 0.286 0.244 0.016 0.26 103.943 0.077 103.998 119.188 0 119.168 118.229 0 118.203
0.27 0.023 0.294 0.256 0.011 0.267 104.253 0.139 104.369 120.094 0.004 120.073 119.646 0 119.626
0.27 0.023 0.293 0.256 0.012 0.267 104.203 0.122 104.304 118.274 0.067 118.321 118.348 0.061 118.392
0.266 0.028 0.294 0.246 0.017 0.263 104.999 0.163 105.139 119.941 0.053 119.972 120.342 0.051 120.37
0.259 0.033 0.292 0.252 0.014 0.266 103.493 0.094 103.565 119.452 0 119.427 119.357 0 119.33
0.264 0.027 0.292 0.249 0.016 0.264 104.668 0.113 104.76 120.375 0 120.347 120.197 0 120.172
0.263 0.031 0.293 0.249 0.016 0.266 104.384 0.134 104.493 120.264 0.047 120.289 119.045 0.077 119.094
0.254 0.031 0.285 0.242 0.021 0.263 103.476 0.095 103.548 119.223 0.02 119.216 119.167 0.029 119.17
0.268 0.025 0.292 0.24 0.026 0.266 103.594 0.117 103.689 119.703 0.001 119.678 119.734 0.002 119.71
0.275 0.02 0.295 0.254 0.014 0.268 104.111 0.126 104.214 119.669 0.014 119.658 118.911 0.021 118.915
0.371 0.037 0.407 0.338 0.028 0.368 144.562 0.145 144.882 166.091 0.00900000000000001 166.3 165.958 0.002 166.162
0.264 0.028 0.292 0.251 0.014 0.266 105.551 0.077 105.604 121.146 0 121.12 120.216 0 120.195
0.263 0.029 0.292 0.244 0.018 0.262 103.131 0.079 103.188 119.523 0.002 119.504 118.323 0.001 118.298
0.264 0.029 0.292 0.244 0.021 0.265 103.278 0.094 103.349 119.071 0.001 119.047 118.988 0 118.96
0.27 0.022 0.292 0.249 0.016 0.265 104.115 0.083 104.176 119.761 0.011 119.747 119.747 0.012 119.733
0.268 0.023 0.292 0.25 0.016 0.265 103.437 0.076 103.491 119.103 0.001 119.078 118.972 0.002 118.95
0.263 0.03 0.293 0.254 0.016 0.27 104.176 0.09 104.244 119.549 0.04 119.572 118.251 0.005 118.23
0.266 0.027 0.293 0.252 0.016 0.267 104.068 0.098 104.145 119.62 0.018 119.611 119.489 0.014 119.476
0.268 0.024 0.292 0.251 0.015 0.266 103.422 0.093 103.494 118.986 0 118.969 117.766 0 117.741
0.267 0.026 0.293 0.257 0.011 0.268 104.448 0.09 104.514 119.812 0 119.782 119.037 0 119.015
0.266 0.027 0.293 0.256 0.011 0.266 105.211 0.093 105.281 120.594 0 120.568 120.535 0.001 120.51
0.267 0.027 0.293 0.248 0.019 0.268 103.826 0.1 103.903 119.235 0 119.208 119.313 0.00800000000000001 119.301
0.262 0.026 0.538 0.241 0.018 0.259 104.276 0.089 104.341 119.805 0.004 119.782 119.624 0.002 119.599
0.267 0.027 0.293 0.251 0.018 0.269 104.59 0.128 104.696 119.917 0.003 119.893 119.946 0.002 119.921
0.275 0.025 0.3 0.257 0.013 0.27 106.12 0.097 106.194 121.611 0 121.586 121.339 0 121.312
0.272 0.021 0.293 0.257 0.012 0.27 104.898 0.083 104.956 120.461 0.001 120.435 120.427 0.002 120.404
0.263 0.027 0.29 0.248 0.016 0.264 103.331 0.085 103.393 119.508 0.016 119.497 119.546 0.021 119.54
0.267 0.027 0.294 0.252 0.014 0.266 103.63 0.082 103.688 119.032 0.002 119.006 119.065 0.002 119.047
0.272 0.023 0.296 0.251 0.015 0.265 103.532 0.108 103.619 119.13 0.003 119.114 117.924 0.001 117.899
0.271 0.021 0.292 0.248 0.016 0.264 103.801 0.103 103.882 119.447 0.001 119.422 118.919 0.003 118.904
0.266 0.026 0.293 0.258 0.00799999999999998 0.265 104.581 0.182 104.776 120.346 0 120.318 120.037 0.001 120.017
0.276 0.021 0.297 0.253 0.017 0.27 103.078 0.091 103.156 118.79 0 118.771 118.109 0 118.107
0.267 0.025 0.291 0.254 0.011 0.265 103.228 0.094 103.301 118.444 0 118.425 117.615 0 117.589
0.271 0.024 0.295 0.251 0.017 0.268 104.34 0.117 104.435 119.979 0.003 119.958 119.956 0.00499999999999995 119.936
0.26 0.031 0.291 0.255 0.00900000000000001 0.264 104.692 0.149 104.816 120.246 0.001 120.217 119.693 0 119.663
0.26 0.025 0.286 0.247 0.015 0.262 103.535 0.092 103.603 118.688 0 118.671 117.898 0 117.871
0.271 0.022 0.293 0.254 0.014 0.268 104.067 0.143 104.188 118.811 0.011 118.803 118.299 0.003 118.277
0.262 0.025 0.287 0.243 0.017 0.26 103.485 0.119 103.582 119.458 0.00199999999999995 119.435 119.366 0.001 119.341
0.256 0.031 0.287 0.243 0.016 0.259 103.288 0.094 103.36 119.237 0.001 119.212 119.126 0.001 119.101
0.257 0.034 0.292 0.25 0.016 0.265 103.862 0.099 103.939 119.508 0.003 119.483 119.434 0.002 119.41
0.27 0.021 0.29 0.248 0.017 0.265 104.031 0.125 104.137 119.74 0.005 119.72 119.596 0.002 119.574
0.266 0.027 0.293 0.248 0.02 0.267 103.922 0.098 103.997 119.346 0.001 119.322 118.293 0 118.275
0.257 0.03 0.288 0.245 0.016 0.261 102.748 0.113 102.838 118.813 0.001 118.787 118.595 0 118.57
0.265 0.021 0.286 0.245 0.015 0.26 104.154 0.122 104.253 119.762 0.004 119.739 119.665 0.003 119.642
0.257 0.035 0.292 0.253 0.014 0.268 104.182 0.078 104.236 119.124 0.001 119.098 119 0 118.979
0.254 0.032 0.285 0.244 0.015 0.259 102.717 0.108 102.81 118.427 0 118.402 117.879 0 117.862
0.264 0.029 0.294 0.252 0.016 0.268 104.274 0.122 104.374 119.627 0 119.601 119.265 0.001 119.24
0.265 0.026 0.291 0.248 0.018 0.267 103.411 0.075 103.464 118.98 0.01 118.963 118.932 0 118.906
0.264 0.027 0.292 0.256 0.00999999999999998 0.266 103.477 0.102 103.563 118.188 0.029 118.192 117.796 0.005 117.792
0.266 0.024 0.289 0.25 0.014 0.265 103.391 0.09 103.458 118.904 0 118.875 118.858 0.002 118.833
0.265 0.022 0.287 0.243 0.018 0.261 103.601 0.084 103.665 119.2 0 119.173 119.071 0.001 119.047
0.266 0.029 0.295 0.251 0.015 0.266 105.168 0.126 105.273 120.913 0.001 120.888 120.952 0.001 120.928
0.264 0.027 0.292 0.252 0.016 0.266 104.576 0.09 104.644 120.352 0.003 120.328 120.411 0.002 120.384
0.274 0.02 0.293 0.254 0.014 0.268 103.625 0.103 103.706 119.234 0.003 119.211 119.141 0.003 119.118
0.268 0.024 0.291 0.25 0.015 0.265 103.279 0.126 103.384 118.921 0.048 118.944 118.831 0 118.806
0.257 0.037 0.293 0.245 0.021 0.266 103.85 0.07 103.896 118.543 0 118.524 118.025 0 117.998
0.261 0.032 0.292 0.245 0.021 0.267 104.215 0.097 104.288 120.147 0.004 120.126 120.071 0.005 120.049
0.263 0.023 0.286 0.248 0.016 0.264 103.325 0.134 103.438 118.996 0.00499999999999995 118.976 118.907 0.001 118.883
0.262 0.029 0.291 0.246 0.016 0.261 104.765 0.109 104.858 119.895 0.032 119.901 119.487 0.047 119.524
0.266 0.024 0.29 0.248 0.017 0.265 103.693 0.113 103.791 118.923 0 118.897 118.582 0 118.568
0.266 0.025 0.291 0.253 0.012 0.265 103.711 0.107 103.797 119.088 0.002 119.063 118.622 0 118.606
0.267 0.027 0.294 0.25 0.017 0.268 103.727 0.104 103.808 119.172 0.002 119.153 118.278 0.001 118.255
0.263 0.027 0.29 0.251 0.014 0.265 103.614 0.107 103.698 119.415 0 119.387 119.531 0 119.504
0.262 0.026 0.289 0.247 0.018 0.263 103.882 0.082 103.951 121.245 0.004 121.222 120.8 0.001 120.794
0.261 0.026 0.287 0.251 0.015 0.266 102.47 0.12 102.576 118.307 0.013 118.298 117.678 0.035 117.706
0.263 0.028 0.291 0.247 0.018 0.265 103.548 0.117 103.641 119.078 0.029 119.079 118.956 0.016 118.944
0.271 0.019 0.291 0.248 0.017 0.265 103.515 0.104 103.596 119.48 0 119.452 119.311 0 119.283
0.261 0.033 0.293 0.256 0.012 0.269 103.184 0.089 103.258 117.971 0 117.945 117.64 0 117.624
0.259 0.026 0.285 0.242 0.018 0.26 103.377 0.105 103.468 118.658 0.005 118.637 118.234 0.003 118.23
0.267 0.023 0.29 0.248 0.016 0.264 102.15 0.09 102.22 117.586 0.001 117.56 116.982 0.001 116.968
0.262 0.031 0.293 0.252 0.017 0.268 103.544 0.112 103.635 119.352 0 119.326 119.322 0 119.298
0.266 0.026 0.292 0.249 0.016 0.265 103.861 0.078 103.918 119.669 0 119.642 119.632 0 119.606
0.274 0.017 0.29 0.244 0.014 0.259 103.319 0.164 103.461 118.964 0.04 118.985 117.682 0.065 117.722
0.264 0.022 0.286 0.238 0.021 0.259 104.311 0.119 104.408 119.94 0.022 119.944 119.237 0.025 119.237
0.268 0.024 0.292 0.244 0.021 0.265 103.662 0.122 103.762 119.498 0.002 119.474 119.123 0.005 119.109
0.272 0.02 0.291 0.254 0.014 0.268 103.442 0.113 103.533 119.165 0.003 119.142 119.223 0.003 119.201
0.265 0.024 0.289 0.241 0.024 0.266 103.538 0.137 103.652 119.761 0 119.735 119.095 0 119.076
0.258 0.028 0.286 0.248 0.011 0.259 103.303 0.094 103.372 119.355 0 119.333 117.873 0 117.847
0.268 0.027 0.294 0.253 0.016 0.269 103.799 0.09 103.866 119.664 0 119.638 118.945 0 118.923
0.274 0.018 0.292 0.245 0.019 0.265 103.828 0.102 103.906 119.408 0.003 119.385 119.306 0.003 119.283
0.262 0.031 0.293 0.259 0.00999999999999998 0.269 103.827 0.11 103.914 119.385 0 119.36 118.576 0 118.56
0.265 0.029 0.294 0.261 0.00800000000000001 0.268 104.885 0.124 104.986 120.548 0 120.522 119.859 0 119.842
0.264 0.029 0.293 0.249 0.019 0.268 103.785 0.129 103.891 118.838 0.016 118.832 118.502 0.035 118.509
0.266 0.026 0.292 0.25 0.018 0.269 104.183 0.098 104.258 118.592 0 118.572 118.552 0 118.536
0.265 0.029 0.294 0.243 0.023 0.266 104.319 0.104 104.4 119.932 0.046 119.952 119.463 0.002 119.447
0.27 0.024 0.292 0.247 0.019 0.267 105.092 0.117 105.187 120.932 0 120.905 121.083 0.001 121.06
0.263 0.028 0.29 0.253 0.013 0.266 103.991 0.109 104.078 119.748 0 119.721 119.54 0 119.522
0.272 0.021 0.293 0.252 0.014 0.266 104.062 0.107 104.147 119.361 0.037 119.379 118.08 0.055 118.109
0.267 0.027 0.294 0.247 0.019 0.266 103.998 0.096 104.072 119.557 0 119.531 119.485 0 119.459
0.264 0.03 0.293 0.251 0.016 0.267 103.595 0.094 103.668 119.416 0.001 119.398 118.058 0.002 118.037
0.265 0.029 0.294 0.255 0.013 0.267 104.026 0.109 104.114 119.744 0.001 119.725 118.474 0 118.448
0.269 0.024 0.294 0.25 0.016 0.266 105.025 0.091 105.091 120.577 0 120.547 119.797 0.001 119.777
0.269 0.027 0.295 0.254 0.016 0.27 105.521 0.088 105.586 123.731 0 123.704 123.689 0 123.662
0.262 0.028 0.29 0.253 0.013 0.266 104.488 0.079 104.544 119.907 0.001 119.88 119.742 0.002 119.717
0.267 0.025 0.291 0.249 0.017 0.267 104.097 0.1 104.174 119.667 0.019 119.658 119.468 0.022 119.463
0.267 0.026 0.293 0.255 0.013 0.268 104.289 0.071 104.336 119.425 0 119.399 119.245 0.001 119.219
0.269 0.023 0.292 0.247 0.02 0.266 103.689 0.08 103.748 119.304 0.001 119.278 119.253 0.004 119.231
0.263 0.029 0.291 0.246 0.019 0.266 104.104 0.093 104.172 119.47 0.00600000000000001 119.449 119.439 0.002 119.414
0.271 0.025 0.297 0.255 0.013 0.268 104.359 0.125 104.459 119.416 0.001 119.389 119.349 0 119.326
0.263 0.029 0.292 0.253 0.02 0.273 105.311 0.146 105.435 120.996 0.014 120.99 119.442 0.004 119.424
0.262 0.028 0.29 0.248 0.016 0.264 104.758 0.1 104.836 120.794 0.032 120.799 120.806 0.05 120.831
0.261 0.031 0.291 0.252 0.014 0.265 103.54 0.117 103.634 119.14 0.00700000000000001 119.12 119.233 0.001 119.207
0.269 0.024 0.293 0.249 0.018 0.267 104.401 0.088 104.466 119.499 0.003 119.475 118.844 0.004 118.828
0.271 0.022 0.292 0.256 0.012 0.269 104.139 0.125 104.242 119.765 0 119.747 118.479 0.002 118.456
0.365 0.045 0.41 0.343 0.027 0.371 141.822 0.153 142.147 163.295 0.0349999999999999 163.527 162.407 0.004 162.627
0.267 0.028 0.295 0.251 0.017 0.269 103.915 0.094 103.985 118.887 0.004 118.871 117.945 0 117.921
0.268 0.025 0.292 0.254 0.012 0.266 103.279 0.097 103.356 119.075 0.001 119.051 118.501 0.001 118.486
0.266 0.027 0.294 0.246 0.017 0.264 103.284 0.099 103.358 119.11 0 119.079 119.133 0 119.104
0.272 0.019 0.292 0.251 0.014 0.266 104.095 0.091 104.162 119.836 0 119.816 119.159 0 119.13
0.265 0.029 0.294 0.246 0.02 0.266 105.081 0.102 105.161 120.077 0 120.058 119.086 0.001 119.062
0.265 0.023 0.288 0.248 0.013 0.26 105.567 0.088 105.633 121.099 0.002 121.081 119.775 0.001 119.752
0.259 0.032 0.291 0.251 0.015 0.266 104.257 0.086 104.321 119.883 0.001 119.858 119.434 0 119.414
0.266 0.025 0.291 0.253 0.015 0.266 104.992 0.125 105.094 120.476 0.001 120.45 119.846 0.001 119.827
0.262 0.024 0.286 0.251 0.014 0.264 103.455 0.094 103.529 119.631 0.00700000000000001 119.614 118.578 0.002 118.567
0.269 0.024 0.293 0.257 0.011 0.267 104.739 0.105 104.821 120.514 0 120.487 118.789 0 118.77
0.254 0.031 0.285 0.24 0.019 0.26 103.284 0.085 103.346 119.337 0 119.31 118.999 0 118.973
0.269 0.023 0.291 0.25 0.017 0.267 103.622 0.11 103.71 119.048 0.002 119.023 119.028 0.003 119.004
0.267 0.027 0.293 0.252 0.015 0.267 103.782 0.098 103.857 118.807 0 118.781 118.415 0 118.394
0.27 0.021 0.291 0.247 0.017 0.264 103.649 0.114 103.739 119.324 0.005 119.302 119.215 0 119.187
0.259 0.035 0.293 0.247 0.019 0.267 103.761 0.105 103.844 119.293 0.045 119.311 118.484 0.022 118.487
0.262 0.028 0.29 0.258 0.011 0.269 103.346 0.133 103.456 118.957 0.065 118.996 118.921 0.019 118.914
0.262 0.027 0.288 0.249 0.017 0.266 103.229 0.096 103.31 118.136 0.003 118.115 117.72 0.004 117.716
0.26 0.032 0.292 0.249 0.017 0.265 105.182 0.105 105.264 120.513 0.002 120.486 120.518 0.002 120.492
0.262 0.033 0.294 0.251 0.016 0.266 104.047 0.104 104.131 118.484 0.001 118.468 117.964 0 117.944
0.264 0.026 0.289 0.243 0.021 0.264 104.08 0.084 104.144 119.566 0.003 119.545 119.585 0.003 119.564
0.265 0.029 0.294 0.25 0.016 0.265 103.698 0.132 103.807 118.584 0.003 118.564 118.089 0.003 118.065
0.253 0.039 0.292 0.25 0.015 0.265 103.309 0.12 103.407 119.028 0.038 119.041 118.945 0.056 118.975
0.26 0.026 0.287 0.25 0.012 0.261 103.405 0.093 103.476 118.978 0 118.951 118.551 0.001 118.534
0.261 0.026 0.288 0.249 0.018 0.266 103.75 0.119 103.856 118.639 0.013 118.625 118.115 0.003 118.119
0.265 0.029 0.294 0.253 0.013 0.266 103.38 0.169 103.528 118.934 0.065 118.975 118.487 0.00900000000000001 118.479
0.262 0.029 0.291 0.252 0.013 0.266 103.573 0.101 103.651 118.466 0 118.45 117.97 0.001 117.949
0.268 0.028 0.296 0.244 0.02 0.265 101.931 0.116 102.032 118.142 0.002 118.13 117.409 0.002 117.406
0.26 0.031 0.291 0.248 0.017 0.265 103.955 0.124 104.057 119.624 0.052 119.651 119.545 0.081 119.6
0.265 0.026 0.29 0.25 0.015 0.265 103.106 0.095 103.186 118.141 0.003 118.118 117.816 0.001 117.804
0.264 0.025 0.29 0.243 0.021 0.264 103.836 0.113 103.927 119.368 0.001 119.343 118.426 0 118.409
0.272 0.02 0.292 0.258 0.011 0.269 104.607 0.111 104.704 119.736 0.027 119.737 119.28 0.004 119.272
0.264 0.031 0.294 0.251 0.018 0.269 103.637 0.103 103.72 119.269 0.019 119.262 119.21 0.005 119.188
0.271 0.02 0.29 0.254 0.011 0.264 103.431 0.138 103.546 119.172 0 119.144 119.112 0 119.085
0.264 0.027 0.291 0.244 0.021 0.265 103.377 0.09 103.443 119.253 0.00499999999999995 119.233 119.175 0 119.15
0.263 0.028 0.291 0.248 0.016 0.264 104.532 0.114 104.624 120.446 0 120.422 120.377 0 120.351
0.26 0.03 0.29 0.246 0.018 0.265 103.344 0.115 103.437 118.922 0.002 118.898 118.317 0 118.298
0.266 0.026 0.291 0.252 0.013 0.266 103.717 0.136 103.828 119.503 0.049 119.524 119.442 0.043 119.457
0.264 0.027 0.291 0.248 0.017 0.266 103.448 0.101 103.525 119.126 0 119.099 119.107 0 119.078
0.262 0.027 0.29 0.254 0.012 0.265 103.521 0.093 103.6 118.044 0 118.018 117.676 0.001 117.665
0.251 0.035 0.286 0.244 0.016 0.26 104.373 0.123 104.473 120.393 0.002 120.37 120.348 0 120.32
0.263 0.023 0.284 0.244 0.014 0.259 103.251 0.072 103.298 118.858 0 118.828 118.73 0.001 118.703
0.261 0.03 0.291 0.246 0.02 0.265 103.218 0.147 103.344 118.985 0 118.959 118.49 0 118.472
0.281 0.013 0.295 0.249 0.019 0.267 103.654 0.094 103.726 119.34 0.003 119.317 119.272 0.001 119.248
0.262 0.03 0.292 0.247 0.02 0.267 103.712 0.09 103.78 118.931 0 118.906 118.794 0.001 118.769
0.269 0.023 0.292 0.253 0.00999999999999998 0.263 103.653 0.089 103.72 119.373 0 119.348 119.268 0.004 119.245
0.26 0.024 0.285 0.239 0.019 0.258 104.19 0.093 104.257 119.828 0.026 119.833 118.668 0.044 118.685
0.262 0.028 0.29 0.25 0.015 0.265 103.578 0.099 103.654 119.284 0.001 119.258 119.17 0.001 119.144
0.273 0.021 0.294 0.249 0.02 0.268 104.185 0.087 104.25 119.958 0 119.932 119.733 0.001 119.707
0.267 0.026 0.293 0.247 0.021 0.267 104.644 0.124 104.746 120.115 0.05 120.139 119.709 0.041 119.725
0.26 0.03 0.289 0.25 0.014 0.264 103.158 0.131 103.268 118.601 0 118.575 118.456 0 118.431
0.27 0.022 0.294 0.258 0.00800000000000001 0.266 103.909 0.084 103.971 119.65 0.036 119.66 119.493 0.00600000000000001 119.474
0.258 0.03 0.288 0.243 0.017 0.259 103.893 0.091 103.961 119.241 0.001 119.216 119.12 0.001 119.094
0.267 0.028 0.295 0.251 0.015 0.266 104.507 0.093 104.585 120.847 0 120.83 120.067 0 120.056
0.253 0.034 0.287 0.248 0.013 0.261 104.755 0.088 104.821 120.459 0.02 120.454 120.347 0.033 120.352
0.266 0.027 0.293 0.254 0.016 0.271 104.153 0.102 104.232 119.219 0 119.203 118.176 0.003 118.154
0.264 0.029 0.293 0.25 0.017 0.267 104.093 0.102 104.173 119.338 0.002 119.314 119.25 0.001 119.232
0.264 0.028 0.293 0.252 0.014 0.265 103.803 0.083 103.864 119.154 0.00600000000000001 119.142 117.937 0 117.913
0.27 0.022 0.292 0.249 0.016 0.265 103.913 0.117 104.008 119.5 0.017 119.491 119.451 0.037 119.468
0.264 0.023 0.286 0.244 0.018 0.262 102.035 0.091 102.109 117.645 0.043 117.662 116.983 0.003 116.98
0.267 0.026 0.293 0.246 0.016 0.262 103.776 0.084 103.839 119.097 0 119.072 119.046 0.001 119.022
0.265 0.029 0.295 0.25 0.017 0.266 103.891 0.101 103.968 119.617 0.003 119.591 119.002 0.002 118.984
0.274 0.017 0.291 0.243 0.022 0.265 103.706 0.107 103.79 119.273 0.001 119.256 117.961 0 117.937
0.264 0.021 0.284 0.248 0.014 0.263 103.194 0.112 103.283 118.817 0.001 118.792 118.851 0.002 118.829
0.259 0.034 0.293 0.241 0.019 0.259 104.419 0.112 104.508 119.934 0.049 119.956 119.877 0.056 119.905
0.253 0.033 0.286 0.246 0.013 0.259 103.36 0.101 103.442 118.585 0.041 118.602 118.276 0.001 118.261
0.262 0.023 0.285 0.244 0.015 0.259 103.601 0.102 103.68 119.13 0.046 119.15 119.106 0.039 119.119
0.265 0.024 0.289 0.241 0.018 0.259 103.316 0.082 103.376 119.162 0 119.134 119.144 0 119.118
0.274 0.019 0.293 0.254 0.013 0.267 104.326 0.079 104.381 119.905 0 119.878 118.832 0.001 118.812
0.259 0.031 0.29 0.248 0.017 0.265 105.01 0.12 105.106 120.724 0.005 120.702 120.464 0.001 120.438
0.268 0.027 0.295 0.255 0.014 0.269 103.807 0.083 103.868 119.38 0.004 119.358 119.366 0.00600000000000001 119.346
0.275 0.023 0.299 0.256 0.013 0.269 104.42 0.108 104.505 120.056 0.001 120.031 120.085 0 120.059
0.257 0.03 0.287 0.245 0.015 0.26 103.19 0.131 103.298 119.089 0.023 119.086 118.038 0.004 118.024
0.263 0.028 0.292 0.25 0.015 0.264 103.388 0.11 103.478 119.397 0.003 119.374 119.331 0 119.306
0.269 0.022 0.29 0.248 0.015 0.263 104.58 0.073 104.629 120.559 0 120.532 120.405 0 120.378
0.258 0.03 0.289 0.252 0.011 0.263 103.934 0.11 104.022 119.573 0.001 119.549 119.566 0 119.541
0.267 0.026 0.293 0.25 0.015 0.265 103.542 0.093 103.611 118.942 0 118.913 118.325 0 118.305
0.261 0.024 0.285 0.241 0.018 0.259 103.248 0.084 103.316 118.779 0 118.753 118.221 0 118.206
0.26 0.029 0.288 0.249 0.016 0.266 104.212 0.088 104.276 119.995 0.005 119.974 119.93 0.001 119.906
0.267 0.025 0.292 0.25 0.015 0.265 104.353 0.101 104.431 120.257 0 120.23 120.275 0.001 120.249
0.257 0.029 0.286 0.246 0.013 0.259 103.593 0.105 103.678 119.831 0 119.807 119.788 0 119.764
0.263 0.026 0.289 0.243 0.018 0.261 101.779 0.153 101.916 117.556 0.066 117.597 116.982 0.113 117.084
0.262 0.024 0.286 0.244 0.015 0.259 104.312 0.138 104.466 120.082 0.054 120.109 120.3 0.079 120.354
0.261 0.029 0.29 0.255 0.00900000000000001 0.264 103.511 0.11 103.599 119.44 0.001 119.414 119.3 0 119.275
0.264 0.025 0.289 0.243 0.019 0.262 104.599 0.104 104.68 120.624 0 120.597 120.579 0 120.553
0.261 0.031 0.292 0.247 0.019 0.266 103.722 0.072 103.77 119.112 0.001 119.086 119.012 0 118.985
0.266 0.027 0.293 0.258 0.011 0.269 103.722 0.167 103.867 119.275 0.001 119.25 118.359 0.004 118.343
0.273 0.025 0.298 0.253 0.016 0.268 106.35 0.178 106.504 122.287 0.01 122.272 122.283 0.017 122.271
0.26 0.031 0.291 0.243 0.023 0.266 104.119 0.073 104.169 120.31 0 120.285 120.05 0 120.024
0.27 0.021 0.292 0.251 0.015 0.265 103.399 0.118 103.495 119.177 0.032 119.181 119.152 0.043 119.167
0.262 0.027 0.289 0.253 0.011 0.264 103.54 0.104 103.694 119.209 0.00800000000000001 119.273 119.13 0.004 119.193
0.27 0.025 0.296 0.254 0.011 0.265 105.246 0.076 105.301 121.119 0 121.094 121.035 0.001 121.013
0.267 0.023 0.29 0.247 0.018 0.265 104.2 0.095 104.272 119.75 0.022 119.745 119.696 0.002 119.671
0.269 0.024 0.292 0.252 0.013 0.266 103.595 0.108 103.68 119.145 0.005 119.124 119.09 0.004 119.068
0.266 0.025 0.291 0.25 0.015 0.265 104.708 0.136 104.822 120.076 0 120.051 120.116 0 120.091
0.367 0.036 0.404 0.347 0.023 0.37 142.147 0.194 142.514 163.659 0.003 163.86 163.403 0.001 163.6
0.263 0.026 0.289 0.253 0.016 0.269 103.52 0.152 103.65 119.402 0.062 119.438 119.316 0.074 119.363
0.267 0.025 0.292 0.25 0.016 0.266 103.71 0.12 103.807 119.071 0.002 119.046 118.464 0 118.442
0.271 0.021 0.29 0.255 0.011 0.266 103.414 0.091 103.485 119.129 0.000999999999999945 119.103 118.78 0.001 118.763
0.267 0.019 0.286 0.252 0.012 0.264 105.34 0.087 105.405 121.58 0.001 121.553 120.545 0 120.529
0.259 0.032 0.291 0.253 0.015 0.268 104.245 0.106 104.336 118.821 0.002 118.799 118.502 0.001 118.488
0.265 0.027 0.292 0.251 0.015 0.266 104.753 0.1 104.831 120.367 0 120.341 120.141 0 120.119
0.26 0.031 0.292 0.251 0.015 0.265 103.429 0.176 103.589 119.296 0.002 119.271 119.229 0.001 119.201
0.265 0.026 0.291 0.252 0.012 0.264 103.55 0.11 103.637 119.34 0.003 119.317 119.21 0.002 119.186
0.262 0.028 0.29 0.246 0.017 0.263 103.495 0.158 103.631 119.287 0.032 119.293 119.159 0.00900000000000001 119.142
0.265 0.023 0.289 0.247 0.017 0.265 103.102 0.103 103.182 118.866 0.00600000000000001 118.847 118.831 0.003 118.809
0.257 0.029 0.286 0.252 0.012 0.264 103.052 0.07 103.104 117.566 0 117.542 117.274 0.001 117.258
0.261 0.031 0.293 0.249 0.018 0.267 103.906 0.09 103.973 119.471 0 119.444 119.281 0.001 119.254
0.273 0.021 0.294 0.252 0.014 0.266 103.078 0.089 103.151 117.737 0 117.712 117.351 0 117.342
0.258 0.034 0.291 0.25 0.015 0.265 103.723 0.098 103.799 119.526 0.005 119.506 119.563 0.004 119.541
0.273 0.017 0.289 0.249 0.016 0.264 105.061 0.157 105.193 120.582 0.005 120.557 120.56 0 120.531
0.269 0.024 0.293 0.247 0.018 0.265 104.652 0.119 104.749 120.463 0 120.436 120.359 0 120.334
0.264 0.029 0.294 0.252 0.014 0.266 103.836 0.115 103.928 119.878 0 119.853 119.75 0 119.724
0.259 0.038 0.297 0.257 0.011 0.268 105.492 0.115 105.584 121.27 0.002 121.246 121.292 0.002 121.268
0.253 0.034 0.286 0.247 0.013 0.259 104.22 0.089 104.287 120.019 0.004 119.994 119.268 0.002 119.251
0.259 0.033 0.291 0.256 0.01 0.266 104.266 0.084 104.327 119.887 0.004 119.862 119.746 0.002 119.721
0.268 0.022 0.29 0.249 0.017 0.265 105.707 0.112 105.796 121.28 0 121.252 121.396 0 121.37
0.258 0.035 0.293 0.245 0.021 0.267 103.562 0.121 103.661 119.235 0.005 119.214 119.183 0.005 119.162
0.268 0.026 0.294 0.249 0.019 0.268 105.737 0.087 105.803 120.718 0 120.691 120.377 0 120.353
0.264 0.032 0.295 0.253 0.016 0.27 103.574 0.087 103.639 119.162 0 119.135 119.139 0 119.115
0.275 0.018 0.293 0.248 0.018 0.266 104.496 0.111 104.586 121.815 0 121.787 121.821 0 121.796
0.262 0.032 0.294 0.25 0.016 0.266 104.219 0.116 104.311 119.508 0.00700000000000001 119.494 118.351 0.002 118.326
0.257 0.029 0.287 0.253 0.014 0.267 103.902 0.088 103.973 119.791 0.004 119.773 119.621 0 119.602
0.27 0.02 0.29 0.248 0.017 0.266 103.416 0.121 103.514 119.014 0 118.989 118.939 0 118.913
0.267 0.024 0.29 0.244 0.02 0.265 103.288 0.098 103.363 118.977 0.002 118.954 118.841 0.001 118.816
0.265 0.025 0.291 0.252 0.013 0.264 104.341 0.093 104.412 119.823 0.002 119.8 119.763 0 119.736
0.255 0.034 0.29 0.255 0.012 0.266 104.072 0.113 104.163 119.423 0.003 119.409 118.118 0.001 118.094
0.265 0.028 0.293 0.252 0.014 0.267 103.864 0.099 103.941 119.296 0.003 119.272 119.164 0.003 119.148
0.271 0.02 0.292 0.245 0.015 0.259 103.372 0.11 103.462 118.949 0 118.924 117.811 0.002 117.795
0.263 0.033 0.295 0.257 0.012 0.269 104.577 0.107 104.661 120.227 0.055 120.256 120.095 0.045 120.113
0.261 0.032 0.294 0.247 0.018 0.265 103.474 0.081 103.531 119.153 0.001 119.128 119.048 0.002 119.023
0.257 0.034 0.29 0.244 0.02 0.263 104.809 0.115 104.903 120.221 0.047 120.241 120.067 0.052 120.094
0.264 0.023 0.288 0.248 0.013 0.261 101.957 0.089 102.028 117.539 0.01 117.527 116.912 0.031 116.938
0.266 0.025 0.291 0.248 0.018 0.266 103.354 0.099 103.431 119.506 0 119.48 119.466 0 119.442
0.268 0.027 0.295 0.253 0.015 0.269 104.354 0.091 104.42 119.553 0.002 119.527 118.912 0 118.889
0.269 0.024 0.293 0.26 0.013 0.272 103.806 0.105 103.889 119.976 0 119.958 118.586 0 118.564
0.261 0.03 0.291 0.255 0.011 0.265 104.787 0.098 104.863 120.565 0 120.538 120.248 0.001 120.23
0.257 0.033 0.29 0.249 0.015 0.264 104.536 0.098 104.61 120.137 0.002 120.111 119.201 0.002 119.183
0.264 0.032 0.296 0.254 0.015 0.268 101.501 0.098 101.583 118.12 0 118.102 117.289 0 117.281
0.261 0.029 0.289 0.249 0.015 0.265 103.427 0.094 103.498 119.08 0.001 119.053 118.977 0 118.95
0.261 0.026 0.288 0.247 0.018 0.264 103.396 0.11 103.483 119.149 0.002 119.125 118.811 0.001 118.795
0.271 0.026 0.297 0.26 0.012 0.272 103.953 0.149 104.079 120.324 0.029 120.326 119.306 0.001 119.287
0.26 0.031 0.291 0.246 0.021 0.267 104.277 0.085 104.339 119.656 0.001 119.63 119.632 0 119.604
0.269 0.024 0.293 0.262 0.00699999999999998 0.269 103.821 0.091 103.89 119.486 0.004 119.464 119.458 0.015 119.447
0.267 0.027 0.294 0.252 0.014 0.266 104.927 0.089 104.994 120.364 0 120.338 120.337 0 120.31
0.264 0.029 0.294 0.248 0.019 0.266 104.28 0.077 104.336 119.823 0 119.798 119.712 0 119.687
0.263 0.031 0.294 0.248 0.019 0.267 103.358 0.094 103.429 119.047 0.002 119.021 118.91 0.001 118.884
0.26 0.028 0.286 0.245 0.015 0.26 102.892 0.113 102.985 118.863 0.00600000000000001 118.844 118.806 0.005 118.787
0.275 0.022 0.296 0.251 0.018 0.269 104.127 0.116 104.219 119.222 0.002 119.195 118.568 0.002 118.55
0.268 0.022 0.289 0.245 0.015 0.26 103.344 0.101 103.43 118.262 0.021 118.26 117.906 0 117.895
0.27 0.025 0.294 0.261 0.00600000000000001 0.267 103.62 0.093 103.691 119.433 0 119.408 119.407 0.003 119.384
0.265 0.029 0.294 0.252 0.017 0.269 103.718 0.149 103.844 119.479 0.034 119.486 119.506 0.029 119.509
0.267 0.03 0.296 0.247 0.019 0.266 106.41 0.132 106.52 121.956 0.002 121.936 121.929 0 121.904
0.262 0.03 0.291 0.251 0.017 0.268 104.277 0.094 104.348 120 0.005 119.978 119.049 0.002 119.031
0.262 0.032 0.294 0.256 0.011 0.267 104.657 0.108 104.742 120.248 0.00700000000000001 120.228 120.22 0 120.193
0.268 0.019 0.287 0.248 0.013 0.261 103.85 0.301 104.188 119.738 0.002 119.713 119.773 0.001 119.747
0.265 0.027 0.291 0.252 0.012 0.265 103.832 0.106 103.914 119.193 0.005 119.173 119.073 0.002 119.048
0.26 0.027 0.287 0.249 0.013 0.262 103.194 0.108 103.279 118.897 0.00700000000000001 118.877 118.857 0.013 118.843
0.264 0.028 0.291 0.247 0.018 0.264 103.495 0.101 103.574 119.007 0.004 118.983 118.848 0 118.825
0.271 0.023 0.294 0.249 0.02 0.268 104.805 0.085 104.868 120.286 0.001 120.261 119.566 0 119.546
0.269 0.025 0.294 0.252 0.011 0.263 103.416 0.075 103.469 119.132 0 119.109 119.123 0 119.098
0.267 0.026 0.293 0.25 0.014 0.264 103.496 0.095 103.568 119.101 0 119.075 119.01 0 118.983
0.268 0.021 0.29 0.248 0.017 0.265 103.342 0.075 103.394 119.148 0.001 119.123 119.008 0 118.983
0.264 0.021 0.285 0.242 0.018 0.26 103.572 0.094 103.643 119.293 0 119.265 119.218 0 119.19
0.281 0.032 0.314 0.269 0.014 0.284 110.313 0.153 110.446 126.543 0.055 126.575 126.175 0.039 126.191
0.262 0.025 0.287 0.243 0.019 0.262 103.129 0.273 103.421 118.915 0.041 118.945 118.942 0.004 118.92
0.26 0.031 0.292 0.255 0.014 0.269 103.194 0.137 103.308 118.96 0.003 118.938 118.889 0.001 118.863
0.259 0.035 0.293 0.249 0.017 0.267 103.837 0.107 103.923 119.406 0 119.38 119.347 0.003 119.324
0.273 0.022 0.295 0.255 0.011 0.265 103.947 0.089 104.013 119.448 0 119.42 118.689 0 118.669
0.27 0.023 0.293 0.248 0.018 0.266 104.15 0.099 104.228 119.885 0.003 119.861 119.779 0.004 119.758
0.264 0.023 0.287 0.248 0.013 0.261 103.512 0.096 103.587 119.296 0.003 119.272 118.254 0.002 118.239
0.257 0.031 0.288 0.249 0.017 0.267 103.359 0.104 103.449 118.271 0 118.246 117.882 0.001 117.87
0.265 0.025 0.291 0.256 0.013 0.267 103.86 0.105 103.944 119.63 0.002 119.607 119.467 0.002 119.444
0.269 0.023 0.292 0.243 0.023 0.266 103.589 0.137 103.702 119.207 0.001 119.18 118.638 0 118.617
0.264 0.029 0.291 0.248 0.016 0.264 104.059 0.138 104.175 119.309 0.00699999999999995 119.29 118.989 0.02 118.992
0.264 0.026 0.291 0.254 0.012 0.265 103.506 0.089 103.573 119.226 0 119.201 119.091 0 119.064
0.26 0.031 0.29 0.252 0.012 0.265 103.295 0.075 103.348 118.923 0 118.9 118.787 0 118.762
0.266 0.026 0.291 0.257 0.01 0.267 103.976 0.118 104.079 117.993 0 117.967 117.647 0.001 117.641
0.263 0.03 0.293 0.243 0.019 0.263 103.558 0.112 103.695 119.22 0.001 119.195 119.154 0 119.128
0.269 0.022 0.291 0.251 0.014 0.266 104.698 0.085 104.767 119.393 0.001 119.368 119.063 0.002 119.058
0.267 0.023 0.29 0.246 0.018 0.264 103.943 0.093 104.014 119.554 0 119.527 119.605 0 119.579
0.254 0.031 0.285 0.235 0.023 0.257 103.564 0.09 103.631 119.725 0.001 119.7 119.188 0 119.168
0.261 0.03 0.29 0.248 0.02 0.268 103.399 0.083 103.457 119.059 0.002 119.033 118.956 0 118.927
0.259 0.031 0.29 0.243 0.022 0.264 103.635 0.095 103.709 119.366 0.003 119.343 119.31 0.003 119.288
0.261 0.029 0.29 0.249 0.016 0.266 104.05 0.101 104.128 119.466 0.005 119.445 119.42 0.003 119.397
0.255 0.031 0.287 0.246 0.014 0.259 104.417 0.105 104.499 120.253 0.002 120.23 120.248 0.003 120.225
0.272 0.024 0.297 0.257 0.011 0.267 104.069 0.138 104.183 120.276 0.00399999999999995 120.252 120.14 0.003 120.115
0.271 0.023 0.294 0.253 0.012 0.266 104.765 0.088 104.828 120.216 0.001 120.189 120.223 0.001 120.196
0.278 0.03 0.311 0.261 0.019 0.281 109.58 0.084 109.642 125.712 0.005 125.693 125.55 0 125.525
0.269 0.024 0.294 0.256 0.013 0.269 105.032 0.151 105.158 119.968 0.002 119.947 118.819 0 118.793
0.267 0.027 0.293 0.251 0.016 0.268 105.203 0.133 105.312 121.115 0.00399999999999995 121.091 120.468 0.001 120.45
0.27 0.028 0.298 0.256 0.014 0.27 105.505 0.109 105.591 121.838 0.001 121.812 121.085 0 121.066
0.268 0.026 0.293 0.255 0.012 0.267 103.752 0.097 103.827 119.269 0.014 119.256 118.408 0.003 118.393
0.378 0.027 0.406 0.339 0.029 0.368 143.723 0.187 144.084 165.005 0.003 165.208 165.066 0 165.265
0.262 0.029 0.291 0.256 0.013 0.267 103.561 0.104 103.643 119.211 0 119.186 119.09 0 119.064
0.277 0.016 0.293 0.248 0.018 0.266 103.476 0.086 103.54 119.152 0.001 119.128 119.368 0 119.342
0.265 0.027 0.292 0.248 0.016 0.264 103.644 0.109 103.731 119.316 0 119.296 117.941 0 117.917
0.269 0.019 0.288 0.248 0.015 0.263 103.268 0.11 103.435 119.092 0.029 119.186 118.956 0.03 119.05
0.264 0.029 0.293 0.252 0.017 0.268 104.038 0.105 104.122 119.618 0 119.592 119.532 0 119.506
0.26 0.031 0.291 0.248 0.018 0.266 103.549 0.113 103.641 119.666 0.001 119.641 119.629 0 119.603
0.269 0.021 0.29 0.251 0.014 0.265 104.869 0.094 104.942 120.633 0 120.607 120.663 0.002 120.64
0.263 0.031 0.294 0.256 0.011 0.267 103.609 0.132 103.719 119.246 0.001 119.221 119.082 0 119.065
0.261 0.031 0.292 0.252 0.015 0.267 103.93 0.12 104.028 119.39 0.005 119.376 118.206 0.002 118.183
0.272 0.02 0.293 0.249 0.019 0.267 103.977 0.101 104.057 119.778 0 119.752 119.719 0 119.692
0.275 0.016 0.291 0.249 0.016 0.265 103.835 0.132 103.946 118.979 0.044 119.003 117.744 0.043 117.764
0.261 0.027 0.288 0.244 0.018 0.262 104.034 0.132 104.144 119.752 0.001 119.728 119.629 0.004 119.606
0.268 0.024 0.291 0.245 0.017 0.262 103.666 0.095 103.739 119.311 0.004 119.289 119.369 0.003 119.346
0.262 0.03 0.293 0.252 0.014 0.265 103.408 0.15 103.535 119.051 0.002 119.027 118.606 0 118.588
0.265 0.026 0.291 0.249 0.015 0.264 103.327 0.088 103.392 118.874 0.00600000000000001 118.853 118.828 0.002 118.802
0.257 0.035 0.291 0.25 0.015 0.265 103.542 0.139 103.659 119.145 0 119.12 118.242 0 118.225
0.268 0.026 0.294 0.249 0.016 0.264 105.409 0.083 105.467 121.13 0.001 121.102 120.389 0 120.369
0.268 0.024 0.293 0.253 0.014 0.267 103.849 0.095 103.922 119.555 0.005 119.539 118.365 0 118.341
0.267 0.023 0.291 0.245 0.016 0.26 103.298 0.101 103.377 118.11 0.001 118.093 117.566 0.002 117.542
0.267 0.03 0.296 0.259 0.01 0.268 104.022 0.096 104.097 119.556 0.001 119.531 118.371 0 118.353
0.272 0.02 0.292 0.251 0.017 0.268 103.581 0.13 103.688 119.305 0 119.28 119.255 0 119.228
0.268 0.024 0.292 0.25 0.015 0.265 101.533 0.09 101.604 118.017 0.00600000000000001 118.005 117.361 0.002 117.351
0.264 0.028 0.291 0.249 0.016 0.266 104.012 0.093 104.083 119.843 0 119.818 119.852 0 119.827
0.264 0.027 0.291 0.25 0.019 0.269 104.584 0.131 104.7 120.03 0.001 120.008 119.499 0 119.487
0.271 0.027 0.299 0.258 0.011 0.269 107.38 0.131 107.488 122.967 0.011 122.951 122.943 0.027 122.95
0.264 0.026 0.291 0.255 0.012 0.267 102.628 0.1 102.711 117.894 0.00600000000000001 117.873 117.317 0.001 117.315
0.262 0.03 0.29 0.252 0.014 0.267 104.196 0.079 104.252 119.645 0 119.618 119.497 0.001 119.477
0.273 0.023 0.296 0.248 0.022 0.271 104 0.085 104.063 119.411 0 119.385 119.339 0 119.313
0.268 0.024 0.292 0.246 0.015 0.261 104.784 0.133 104.893 120.473 0.001 120.447 119.754 0 119.735
0.264 0.031 0.295 0.251 0.018 0.269 104.285 0.101 104.364 120.198 0 120.172 119.888 0 119.862
0.268 0.029 0.297 0.256 0.011 0.267 105.518 0.104 105.598 121.008 0.005 120.994 120.059 0.002 120.034
0.26 0.025 0.285 0.246 0.013 0.259 102.954 0.094 103.025 118.722 0.00700000000000001 118.703 119.092 0.002 119.075
0.272 0.023 0.294 0.25 0.016 0.266 104.124 0.152 104.254 119.94 0 119.914 120.365 0.002 120.341
0.271 0.024 0.294 0.245 0.022 0.266 103.736 0.084 103.797 119.131 0.002 119.105 118.444 0 118.423
0.26 0.027 0.287 0.249 0.011 0.26 103.793 0.124 103.901 118.478 0.046 118.499 117.987 0.032 118.014
0.262 0.026 0.289 0.255 0.011 0.266 103.459 0.117 103.554 119.322 0.001 119.297 118.995 0 118.976
0.271 0.021 0.292 0.253 0.013 0.265 104.062 0.089 104.129 119.876 0.035 119.884 119.188 0.002 119.169
0.272 0.021 0.293 0.243 0.022 0.265 103.549 0.104 103.632 119.179 0.014 119.17 118.175 0.005 118.164
0.265 0.027 0.292 0.246 0.022 0.268 104.219 0.091 104.288 120.141 0 120.113 119.38 0.001 119.363
0.263 0.029 0.292 0.246 0.022 0.267 104.105 0.098 104.181 119.775 0.001 119.748 119.782 0 119.756
0.266 0.021 0.286 0.243 0.017 0.261 103.107 0.117 103.203 119.13 0 119.103 118.859 0 118.833
0.265 0.032 0.297 0.251 0.013 0.264 105.648 0.134 105.76 121.777 0.001 121.752 121.724 0.002 121.698
0.264 0.027 0.291 0.254 0.012 0.266 103.73 0.099 103.805 119.432 0 119.405 119.889 0.002 119.868
0.262 0.029 0.29 0.247 0.017 0.265 104.033 0.085 104.095 119.658 0 119.631 119.543 0 119.517
0.266 0.022 0.288 0.244 0.017 0.262 103.692 0.113 103.782 119.497 0 119.469 119.059 0 119.039
0.266 0.026 0.291 0.253 0.012 0.265 103.595 0.075 103.649 119.351 0.001 119.325 119.224 0.003 119.2
0.266 0.029 0.294 0.252 0.015 0.268 104.591 0.096 104.664 120.717 0.002 120.693 119.939 0 119.919
0.271 0.021 0.291 0.25 0.013 0.264 103.798 0.087 103.863 118.312 0.00600000000000001 118.299 117.904 0.004 117.89
0.26 0.033 0.293 0.255 0.012 0.266 103.778 0.099 103.855 119.482 0.001 119.457 119.471 0.002 119.445
0.277 0.021 0.298 0.257 0.011 0.267 106.098 0.142 106.219 121.593 0.003 121.577 120.825 0 120.797
0.262 0.03 0.292 0.251 0.016 0.267 103.425 0.099 103.501 119.182 0.00600000000000001 119.16 118.881 0.001 118.866
0.274 0.018 0.293 0.252 0.014 0.266 103.852 0.122 103.951 119.489 0.013 119.476 119.223 0.004 119.21
0.264 0.029 0.293 0.253 0.015 0.267 103.72 0.102 103.8 119.239 0.002 119.217 118.814 0 118.798
0.271 0.023 0.294 0.256 0.011 0.267 103.044 0.091 103.12 117.657 0.003 117.634 117.303 0.002 117.292
0.268 0.022 0.291 0.25 0.016 0.265 103.633 0.1 103.711 119.346 0.005 119.326 118.411 0.001 118.395
0.274 0.019 0.293 0.25 0.016 0.265 105.743 0.138 105.866 120.265 0.029 120.268 119.811 0.034 119.838
0.268 0.024 0.292 0.251 0.018 0.269 104.696 0.092 104.766 120.592 0.00900000000000001 120.574 120.654 0 120.629
0.276 0.022 0.297 0.252 0.015 0.267 105.036 0.091 105.103 121.299 0.004 121.275 121.153 0.002 121.127
0.263 0.028 0.29 0.242 0.017 0.259 104.447 0.129 104.554 120.668 0.002 120.643 120.469 0 120.443
0.269 0.028 0.297 0.245 0.016 0.261 105.636 0.124 105.737 120.926 0.001 120.901 120.974 0 120.948
0.267 0.023 0.29 0.25 0.013 0.263 104.011 0.108 104.097 119.8 0.001 119.775 118.965 0.001 118.95
0.269 0.024 0.293 0.255 0.012 0.267 104.628 0.121 104.728 120.646 0.001 120.622 120.454 0.001 120.43
0.262 0.026 0.287 0.25 0.017 0.267 103.08 0.164 103.229 118.26 0.053 118.286 117.776 0.054 117.822
0.26 0.034 0.294 0.245 0.023 0.268 103.339 0.097 103.412 119.079 0.003 119.054 119.129 0.00600000000000001 119.108
0.267 0.024 0.29 0.253 0.013 0.265 103.228 0.131 103.346 118.162 0 118.136 117.675 0 117.668
0.268 0.024 0.291 0.249 0.017 0.266 104.38 0.13 104.486 120.086 0 120.058 119.955 0 119.927
0.269 0.026 0.296 0.252 0.013 0.266 105.22 0.13 105.364 121.158 0.02 121.153 121.194 0.027 121.194
0.258 0.021 0.279 0.239 0.017 0.256 102.464 0.087 102.531 118.859 0 118.847 118.013 0 118.002
0.273 0.023 0.295 0.259 0.00999999999999998 0.27 104.982 0.134 105.095 120.74 0.00799999999999995 120.722 120.233 0.005 120.214
0.267 0.024 0.292 0.252 0.014 0.266 103.858 0.094 103.929 119.185 0 119.156 118.604 0 118.584
0.268 0.018 0.286 0.253 0.011 0.264 103.298 0.102 103.378 118.938 0.012 118.925 118.93 0 118.904
0.267 0.024 0.292 0.254 0.013 0.267 104.008 0.09 104.073 121.295 0.000999999999999945 121.266 121.108 0.001 121.079
0.262 0.024 0.286 0.247 0.018 0.265 103.378 0.117 103.473 119.121 0.036 119.132 118.732 0 118.713
0.271 0.022 0.294 0.252 0.014 0.266 103.833 0.083 103.893 119.377 0 119.351 118.959 0.002 118.943
0.264 0.025 0.289 0.251 0.014 0.265 103.792 0.098 103.867 119.506 0.07 119.549 118.804 0.059 118.842
0.262 0.029 0.291 0.249 0.017 0.266 103.592 0.142 103.712 119.247 0.002 119.224 118.899 0.000999999999999945 118.879
0.267 0.031 0.297 0.255 0.011 0.267 104.258 0.156 104.398 120.49 0.057 120.524 119.737 0.024 119.75
0.273 0.019 0.293 0.251 0.014 0.266 103.77 0.117 103.863 119.112 0.001 119.092 117.88 0 117.854
0.252 0.029 0.28 0.244 0.017 0.26 101.574 0.093 101.647 117.72 0.045 117.747 117.073 0.018 117.077
0.269 0.027 0.296 0.26 0.011 0.27 102.931 0.094 103.012 118.824 0.041 118.844 118.122 0.083 118.201
0.27 0.031 0.301 0.258 0.014 0.272 106.645 0.168 106.79 122.142 0.001 122.118 121.074 0 121.054
0.256 0.032 0.288 0.251 0.019 0.27 103.999 0.096 104.072 119.587 0 119.56 118.793 0 118.778
0.272 0.022 0.293 0.25 0.018 0.268 104.046 0.133 104.158 118.958 0.001 118.939 118.931 0.001 118.912
0.27 0.023 0.293 0.255 0.012 0.266 104.212 0.103 104.294 119.51 0.003 119.487 118.907 0.005 118.891
0.267 0.024 0.291 0.243 0.023 0.266 103.611 0.073 103.667 119.227 0 119.207 119.175 0 119.155
0.267 0.023 0.29 0.251 0.014 0.265 103.166 0.091 103.236 118.028 0 118.009 117.418 0 117.396
0.26 0.031 0.289 0.244 0.018 0.263 102.855 0.104 102.938 117.656 0 117.637 117.127 0 117.11
0.264 0.026 0.289 0.249 0.014 0.264 103.478 0.098 103.554 119.289 0.002 119.265 119.225 0.002 119.201
0.259 0.031 0.29 0.244 0.014 0.258 102.321 0.083 102.392 117.726 0.00700000000000001 117.708 117.232 0.00900000000000001 117.241
0.27 0.021 0.291 0.252 0.015 0.267 103.487 0.111 103.576 119.343 0.004 119.321 119.225 0.001 119.201
0.266 0.027 0.294 0.256 0.013 0.269 104.433 0.144 104.555 119.54 0.022 119.535 119.535 0.004 119.514
0.262 0.03 0.292 0.257 0.00999999999999998 0.267 104.601 0.098 104.677 119.97 0.003 119.955 118.801 0 118.775
0.264 0.028 0.293 0.251 0.016 0.266 103.795 0.098 103.871 119.375 0.003 119.353 118.052 0 118.036
0.269 0.028 0.296 0.258 0.011 0.268 103.446 0.091 103.515 118.997 0.014 118.986 118.952 0.036 118.963
0.268 0.024 0.292 0.247 0.019 0.266 103.594 0.087 103.659 119.315 0.001 119.288 118.805 0.001 118.788
0.262 0.028 0.291 0.249 0.016 0.264 103.092 0.087 103.157 119.297 0.002 119.272 119.202 0.003 119.177
0.264 0.022 0.286 0.241 0.022 0.263 103.776 0.138 103.892 119.558 0.005 119.537 118.767 0.003 118.753
0.262 0.031 0.293 0.248 0.018 0.265 104.028 0.104 104.108 119.245 0.00600000000000001 119.223 118.615 0.003 118.596
0.264 0.029 0.292 0.247 0.014 0.262 103.615 0.087 103.679 119.058 0.00600000000000001 119.043 117.759 0.001 117.737
0.273 0.017 0.289 0.251 0.014 0.265 103.576 0.113 103.665 119.148 0.019 119.141 119.11 0.022 119.105
0.267 0.027 0.294 0.257 0.011 0.268 104.841 0.104 104.924 120.536 0 120.509 119.284 0 119.263
0.264 0.027 0.292 0.243 0.022 0.264 103.807 0.128 103.913 119.227 0 119.201 119.175 0 119.149
0.263 0.024 0.287 0.251 0.00900000000000001 0.26 101.567 0.129 101.68 117.74 0.031 117.753 117.015 0.041 117.045
0.267 0.025 0.293 0.253 0.013 0.266 104.07 0.102 104.148 119.829 0.005 119.806 119.706 0.004 119.683
0.271 0.023 0.294 0.254 0.015 0.269 103.673 0.091 103.742 119.321 0.003 119.305 117.898 0 117.876
0.26 0.034 0.294 0.252 0.017 0.269 103.51 0.173 103.666 120.391 0 120.364 119.687 0.001 119.685
0.268 0.023 0.29 0.247 0.018 0.266 103.951 0.08 104.008 119.773 0.002 119.748 119.713 0.001 119.688
0.27 0.02 0.291 0.253 0.012 0.265 103.442 0.129 103.547 119.265 0.087 119.325 118.66 0.064 118.705
0.363 0.046 0.409 0.342 0.027 0.37 143.532 0.181 143.887 164.664 0.054 164.918 164.388 0.051 164.66
0.264 0.032 0.297 0.247 0.018 0.264 104.038 0.092 104.108 119.778 0 119.749 119.736 0 119.709
0.269 0.028 0.297 0.255 0.015 0.269 107.214 0.112 107.303 122.798 0 122.77 122.53 0 122.503
0.274 0.017 0.291 0.249 0.017 0.265 104.207 0.111 104.297 119.666 0 119.64 119.64 0.002 119.616
0.278 0.027 0.309 0.259 0.017 0.277 110.39 0.102 110.472 126.129 0.011 126.117 125.886 0.00600000000000001 125.869
0.263 0.03 0.293 0.251 0.018 0.269 102.693 0.08 102.761 117.532 0.005 117.511 116.996 0.011 117.008
0.267 0.026 0.293 0.258 0.01 0.268 105.055 0.118 105.149 119.847 0.004 119.831 119.212 0.001 119.187
0.267 0.027 0.293 0.251 0.014 0.266 103.714 0.096 103.787 119.039 0 119.021 118.336 0 118.31
0.268 0.023 0.29 0.245 0.022 0.267 101.721 0.094 101.798 117.804 0.004 117.787 117.135 0.004 117.133
0.262 0.032 0.294 0.244 0.021 0.265 104.028 0.082 104.085 119.479 0.003 119.454 118.68 0 118.658
0.257 0.036 0.293 0.25 0.019 0.269 103.392 0.146 103.524 120.436 0.00600000000000001 120.415 120.054 0.002 120.04
0.257 0.034 0.291 0.242 0.018 0.26 103.339 0.087 103.404 119.086 0.005 119.066 119.068 0.002 119.044
0.266 0.027 0.292 0.25 0.015 0.265 104.812 0.107 104.897 120.47 0 120.443 120.415 0.001 120.389
0.269 0.024 0.294 0.25 0.018 0.267 103.913 0.108 104.001 121.104 0 121.081 121.062 0 121.037
0.261 0.027 0.289 0.252 0.016 0.266 104.248 0.085 104.312 120.204 0.004 120.181 119.315 0.002 119.297
0.264 0.027 0.292 0.254 0.013 0.266 104.069 0.12 104.166 119.547 0.004 119.525 119.454 0 119.427
0.271 0.021 0.292 0.25 0.015 0.265 103.641 0.109 103.727 119.245 0.004 119.22 119.138 0 119.111
0.264 0.028 0.292 0.249 0.016 0.266 103.625 0.121 103.723 118.725 0.00599999999999995 118.712 117.95 0.002 117.926
0.257 0.038 0.294 0.25 0.017 0.268 104.159 0.119 104.254 119.956 0.012 119.941 119.969 0.024 119.965
0.261 0.024 0.285 0.241 0.02 0.26 104.65 0.095 104.729 119.009 0.015 118.998 118.754 0.004 118.748
0.255 0.037 0.292 0.249 0.019 0.268 104.451 0.118 104.55 119.059 0.004 119.04 118.749 0.003 118.74
0.269 0.023 0.291 0.25 0.016 0.265 103.966 0.094 104.038 119.769 0.001 119.743 119.699 0 119.672
0.26 0.029 0.288 0.25 0.01 0.261 102.965 0.1 103.042 118.69 0.00700000000000001 118.669 118.139 0.001 118.119
0.259 0.031 0.291 0.247 0.017 0.263 103.748 0.137 103.862 119.243 0.002 119.217 119.264 0.001 119.239
0.274 0.019 0.294 0.251 0.017 0.268 104.03 0.122 104.13 119.704 0.047 119.726 118.894 0.047 118.921
0.264 0.025 0.289 0.248 0.019 0.266 104.406 0.079 104.464 120.178 0.001 120.154 120.037 0.001 120.014
0.261 0.025 0.286 0.241 0.018 0.259 104.332 0.102 104.41 120.089 0.001 120.063 119.975 0 119.948
0.272 0.022 0.293 0.249 0.018 0.268 104.196 0.139 104.313 119.985 0.019 119.979 120.113 0.016 120.101
0.269 0.027 0.296 0.254 0.014 0.268 105.378 0.117 105.473 121.232 0.002 121.208 121.145 0 121.12
0.264 0.028 0.291 0.253 0.014 0.268 104.115 0.082 104.174 120.26 0.002 120.235 119.435 0 119.418
0.273 0.021 0.294 0.254 0.012 0.266 103.754 0.109 103.841 119.233 0.033 119.239 118.591 0.00700000000000001 118.575
0.264 0.029 0.294 0.248 0.019 0.266 103.425 0.137 103.541 119.197 0.034 119.204 118.146 0.022 118.15
0.266 0.027 0.293 0.25 0.017 0.267 103.977 0.136 104.091 120.121 0.021 120.121 118.641 0.003 118.62
0.27 0.021 0.292 0.249 0.014 0.262 104.393 0.104 104.475 120.011 0.001 119.987 119.863 0.001 119.839
0.277 0.016 0.293 0.254 0.013 0.267 104.317 0.101 104.403 118.916 0.003 118.893 118.622 0.001 118.61
0.271 0.022 0.292 0.25 0.012 0.263 103.372 0.092 103.441 119.386 0.014 119.376 118.525 0.001 118.509
0.266 0.027 0.292 0.256 0.012 0.267 106.649 0.095 106.728 121.185 0.002 121.162 120.774 0 120.756
0.266 0.024 0.29 0.251 0.015 0.266 104.008 0.087 104.073 119.515 0.001 119.491 119.376 0 119.351
0.266 0.024 0.291 0.251 0.014 0.264 103.701 0.141 103.818 119.943 0.00699999999999995 119.922 119.753 0.003 119.729
0.262 0.03 0.293 0.243 0.024 0.266 103.339 0.117 103.434 119.422 0.00399999999999995 119.4 119.319 0.001 119.293
0.268 0.024 0.292 0.251 0.015 0.266 103.588 0.098 103.664 119.138 0 119.113 119.041 0 119.015
0.268 0.025 0.293 0.251 0.017 0.267 101.456 0.102 101.543 117.799 0 117.788 117.189 0 117.186
0.268 0.024 0.293 0.251 0.015 0.266 103.572 0.086 103.635 120.882 0.004 120.859 120.797 0 120.769
0.264 0.029 0.293 0.252 0.016 0.267 103.479 0.102 103.559 119.229 0.001 119.206 118.777 0 118.756
0.263 0.026 0.289 0.254 0.012 0.267 104.994 0.078 105.049 120.732 0.004 120.713 119.283 0.000999999999999945 119.259
0.267 0.027 0.294 0.252 0.015 0.267 105.352 0.1 105.429 121.243 0.004 121.22 121.165 0.002 121.145
0.265 0.026 0.291 0.242 0.022 0.265 103.355 0.08 103.41 119.057 0 119.029 118.463 0.001 118.445
0.262 0.027 0.289 0.249 0.013 0.262 103.786 0.143 103.905 119.39 0.034 119.396 119.3 0.003 119.274
0.265 0.031 0.296 0.246 0.017 0.264 103.98 0.064 104.029 118.686 0 118.661 118.423 0 118.41
0.264 0.026 0.29 0.251 0.013 0.264 103.404 0.076 103.458 119.095 0.004 119.073 118.116 0.001 118.097
0.272 0.02 0.292 0.247 0.018 0.265 102.049 0.126 102.156 117.978 0.068 118.025 117.274 0.051 117.311
0.266 0.026 0.292 0.253 0.013 0.266 103.505 0.073 103.552 119.615 0 119.586 119.451 0 119.422
0.27 0.022 0.291 0.248 0.02 0.268 103.598 0.069 103.645 119.447 0.001 119.423 119.34 0 119.314
0.27 0.025 0.295 0.253 0.014 0.266 103.927 0.131 104.044 119.281 0.002 119.257 118.798 0.001 118.794
0.278 0.016 0.294 0.247 0.019 0.266 104.94 0.115 105.03 120.141 0.001 120.12 118.987 0 118.961
0.261 0.03 0.291 0.248 0.018 0.265 101.678 0.141 101.802 117.806 0.003 117.788 116.999 0.005 116.991
0.271 0.026 0.296 0.262 0.00700000000000001 0.27 102.896 0.098 102.978 118.257 0 118.232 117.643 0 117.637
0.266 0.029 0.294 0.248 0.02 0.268 103.901 0.107 103.986 119.654 0.005 119.633 118.822 0.001 118.804
0.27 0.024 0.294 0.248 0.019 0.267 104.07 0.111 104.158 119.575 0.002 119.548 119.154 0.001 119.127
0.265 0.026 0.291 0.249 0.016 0.265 103.481 0.085 103.545 119.083 0 119.056 119.031 0.015 119.02
0.266 0.029 0.294 0.256 0.011 0.268 105.406 0.097 105.48 119.829 0 119.811 119.702 0 119.684
0.27 0.024 0.294 0.246 0.021 0.267 103.977 0.09 104.045 118.325 0.00900000000000001 118.314 118.312 0.00499999999999995 118.299
0.257 0.033 0.291 0.251 0.015 0.266 103.221 0.1 103.304 118.888 0.001 118.868 118.874 0 118.854
0.268 0.027 0.295 0.257 0.012 0.269 104.125 0.098 104.2 119.824 0.001 119.797 119.384 0 119.367
0.259 0.027 0.286 0.244 0.016 0.259 103.117 0.091 103.188 117.883 0.001 117.867 117.45 0 117.434
0.27 0.021 0.291 0.254 0.011 0.265 102.322 0.155 102.462 117.791 0 117.768 117.258 0 117.254
0.265 0.028 0.292 0.253 0.015 0.269 103.868 0.099 103.943 119.687 0 119.661 119.496 0 119.471
0.272 0.028 0.3 0.262 0.00800000000000001 0.27 106.479 0.137 106.593 121.891 0 121.865 121.859 0 121.832
0.264 0.028 0.292 0.247 0.021 0.269 104.452 0.086 104.515 119.3 0 119.283 118.131 0 118.105
0.267 0.025 0.293 0.252 0.016 0.267 103.908 0.093 103.979 119.332 0.003 119.31 119.227 0 119.202
0.263 0.029 0.293 0.248 0.018 0.265 104.432 0.109 104.519 120.053 0.037 120.069 118.593 0.034 118.604
0.258 0.032 0.29 0.249 0.015 0.264 103.753 0.092 103.822 119.428 0.003 119.406 118.141 0.002 118.127
0.264 0.028 0.292 0.248 0.017 0.265 103.809 0.102 103.889 119.4 0.043 119.418 119.394 0.002 119.371
0.274 0.018 0.291 0.251 0.014 0.265 103.396 0.133 103.507 119.089 0 119.065 118.21 0.00800000000000001 118.2
0.265 0.03 0.295 0.256 0.012 0.268 103.776 0.087 103.839 119.865 0 119.836 119.258 0 119.237
0.262 0.026 0.288 0.251 0.016 0.266 103.991 0.118 104.087 119.253 0.003 119.236 117.957 0.005 117.939
0.265 0.03 0.295 0.253 0.014 0.267 103.739 0.131 103.847 119.276 0.001 119.249 119.421 0.002 119.396
0.268 0.028 0.295 0.253 0.014 0.267 103.853 0.116 103.947 119.575 0.005 119.554 118.448 0 118.43
0.266 0.025 0.291 0.246 0.018 0.265 103.358 0.087 103.423 118.939 0.001 118.914 118.83 0.003 118.811
0.269 0.021 0.289 0.252 0.013 0.265 101.807 0.091 101.881 118.325 0 118.306 117.531 0.001 117.521
0.271 0.025 0.296 0.249 0.019 0.267 103.671 0.086 103.734 119.276 0.003 119.251 119.308 0.003 119.285
0.271 0.026 0.296 0.255 0.011 0.267 105.134 0.135 105.252 120.015 0 119.99 119.61 0.001 119.622
0.263 0.028 0.29 0.254 0.011 0.266 104.238 0.104 104.327 119.604 0.001 119.578 119.04 0.003 119.036
0.268 0.025 0.293 0.251 0.017 0.268 104.376 0.099 104.452 119.885 0.052 119.91 119.771 0.062 119.807
0.265 0.025 0.29 0.248 0.017 0.264 103.499 0.138 103.625 118.123 0.031 118.128 117.754 0.001 117.747
0.261 0.031 0.291 0.246 0.019 0.266 105.171 0.125 105.271 120.83 0 120.801 120.889 0 120.863
0.263 0.026 0.289 0.242 0.02 0.262 103.754 0.067 103.798 119.54 0.001 119.514 119.431 0.002 119.406
0.273 0.018 0.291 0.251 0.013 0.264 104.117 0.087 104.181 120.21 0.002 120.184 119.502 0.003 119.485
0.27 0.023 0.292 0.247 0.02 0.267 104.438 0.091 104.506 119.402 0 119.38 118.462 0 118.436
0.258 0.034 0.293 0.255 0.014 0.268 104.217 0.104 104.299 119.103 0.004 119.086 118.359 0.001 118.334
0.261 0.03 0.291 0.252 0.013 0.265 102.788 0.103 102.876 119.365 0.003 119.35 118.892 0.002 118.892
0.268 0.027 0.295 0.255 0.014 0.268 104.249 0.1 104.326 119.514 0.004 119.493 119.128 0.002 119.104
0.269 0.023 0.292 0.253 0.013 0.265 103.882 0.097 103.955 119.265 0.004 119.24 118.522 0 118.503
0.26 0.026 0.286 0.245 0.015 0.26 103.479 0.096 103.553 119.483 0.014 119.472 118.073 0.04 118.093
0.267 0.025 0.291 0.25 0.017 0.267 103.754 0.09 103.822 119.618 0.004 119.597 119.507 0.004 119.484
0.268 0.024 0.292 0.247 0.018 0.265 103.514 0.113 103.604 119.151 0.042 119.166 119.205 0.047 119.226
0.272 0.02 0.292 0.253 0.013 0.266 105.248 0.152 105.379 120.755 0 120.73 120.638 0.001 120.617
0.264 0.026 0.29 0.249 0.017 0.267 103.892 0.109 103.978 119.558 0 119.531 118.61 0 118.593
0.264 0.029 0.292 0.255 0.013 0.268 104.199 0.16 104.336 119.761 0 119.735 119.756 0.001 119.73
0.259 0.032 0.291 0.248 0.017 0.266 103.49 0.109 103.576 118.795 0 118.776 118.021 0 117.995
0.256 0.031 0.286 0.242 0.016 0.259 103.28 0.084 103.348 117.678 0.002 117.655 117.594 0 117.578
0.268 0.023 0.292 0.242 0.02 0.262 102.34 0.148 102.507 119.003 0.005 118.99 118.339 0.002 118.333
0.254 0.033 0.288 0.243 0.023 0.264 103.354 0.127 103.468 118.129 0.022 118.124 117.701 0.039 117.735
0.264 0.024 0.288 0.243 0.019 0.262 103.205 0.127 103.309 119.782 0.003 119.757 119.191 0.002 119.172
0.262 0.029 0.291 0.251 0.015 0.266 104.124 0.091 104.192 119.821 0.003 119.796 119.821 0 119.795
0.269 0.024 0.293 0.258 0.011 0.269 104.097 0.123 104.198 119.212 0 119.187 118.396 0.001 118.378
0.268 0.024 0.293 0.246 0.015 0.261 103.794 0.089 103.861 119.194 0.002 119.172 119.118 0.001 119.095
0.265 0.025 0.29 0.251 0.014 0.265 104.126 0.075 104.177 119.617 0.001 119.589 119.555 0.002 119.529
0.267 0.026 0.293 0.252 0.015 0.267 103.506 0.12 103.603 119.339 0.002 119.314 119.293 0.002 119.268
0.274 0.021 0.295 0.25 0.018 0.268 102.713 0.086 102.785 120.267 0 120.241 119.74 0.001 119.744
0.263 0.028 0.292 0.25 0.014 0.264 105.182 0.17 105.328 120.825 0.001 120.799 120.734 0.003 120.709
0.265 0.02 0.285 0.249 0.012 0.261 103.568 0.125 103.672 119.251 0.001 119.225 119.162 0.001 119.137
0.255 0.032 0.287 0.248 0.016 0.263 103.932 0.15 104.062 119.643 0.002 119.619 119.473 0.004 119.452
0.365 0.038 0.403 0.342 0.019 0.362000000000001 142.275 0.152 142.6 163.822 0.004 164.024 163.696 0.003 163.897
0.27 0.022 0.292 0.254 0.014 0.268 104.023 0.1 104.101 119.689 0 119.663 118.895 0.001 118.875
0.273 0.023 0.295 0.251 0.017 0.269 103.644 0.135 103.757 118.869 0.005 118.855 117.793 0.001 117.768
0.265 0.027 0.293 0.253 0.011 0.264 103.933 0.086 103.996 119.304 0.003 119.28 118.532 0.003 118.514
0.267 0.021 0.289 0.247 0.016 0.263 104.139 0.077 104.194 119.727 0.001 119.706 118.394 0 118.37
0.266 0.026 0.291 0.25 0.014 0.264 103.199 0.104 103.281 118.851 0.001 118.826 119.46 0 119.434
0.263 0.031 0.293 0.252 0.016 0.268 105.05 0.102 105.128 120.707 0.003 120.683 119.628 0.003 119.614
0.256 0.031 0.287 0.248 0.015 0.263 103.573 0.106 103.657 119.221 0.004 119.201 119.261 0 119.237
