0.156 0.01 0.165 0.116 0.011 0.128 55.259 0.032 55.279 63.004 0.005 63.003 62.338 0.002 62.326
0.157 0.01 0.167 0.117 0.012 0.129 55.417 0.032 55.437 63.843 0 63.829 64.017 0 64.003
0.15 0.014 0.163 0.112 0.015 0.127 55.435 0.042 55.466 62.976 0 62.969 62.595 0 62.583
0.153 0.014 0.167 0.112 0.018 0.13 55.08 0.064 55.132 63.107 0.002 63.096 63.073 0 63.059
0.157 0.01 0.167 0.117 0.011 0.129 55.492 0.03 55.509 63.458 0.002 63.446 63.772 0.001 63.761
0.152 0.013 0.165 0.118 0.01 0.128 54.782 0.039 54.809 62.874 0.005 62.866 63.142 0.00499999999999998 63.132
0.154 0.00600000000000001 0.16 0.118 0.01 0.128 54.651 0.033 54.679 62.798 0 62.797 62.473 0.001 62.478
0.15 0.014 0.164 0.113 0.015 0.127 55.447 0.037 55.473 63.543 0 63.528 63.521 0 63.506
0.16 0.00799999999999999 0.167 0.12 0.00800000000000001 0.128 55.247 0.039 55.273 63.284 0.003 63.274 63.279 0 63.265
0.153 0.015 0.168 0.117 0.013 0.129 55.261 0.027 55.275 63.321 0.002 63.309 63.346 0.001 63.331
0.151 0.016 0.168 0.117 0.012 0.129 55.118 0.051 55.156 63.016 0.002 63.004 63 0 62.985
0.152 0.013 0.165 0.115 0.015 0.128 55.795 0.027 55.811 63.468 0 63.462 62.892 0 62.881
0.152 0.013 0.165 0.115 0.013 0.128 55.098 0.051 55.138 63.044 0.001 63.031 62.969 0.001 62.955
0.146 0.015 0.161 0.113 0.014 0.127 54.313 0.036 54.345 62.977 0.001 62.97 62.568 0.002 62.563
0.152 0.015 0.167 0.115 0.014 0.129 54.84 0.032 54.858 62.944 0.003 62.932 62.889 0.001 62.874
0.153 0.014 0.166 0.117 0.012 0.128 54.901 0.03 54.921 63.019 0.002 63.007 62.98 0.001 62.968
0.15 0.017 0.167 0.116 0.012 0.128 55.145 0.022 55.154 63.183 0.001 63.171 62.437 0 62.431
0.155 0.013 0.169 0.117 0.013 0.13 55.503 0.042 55.532 63.537 0 63.525 62.377 0.001 62.37
0.155 0.012 0.167 0.119 0.00899999999999998 0.128 55.484 0.017 55.489 63.726 0.001 63.713 63.72 0 63.707
0.147 0.02 0.166 0.115 0.013 0.129 55.558 0.041 55.585 63.685 0 63.67 63.148 0.001 63.134
0.151 0.015 0.166 0.117 0.012 0.129 54.962 0.046 55.002 63.066 0.003 63.06 62.587 0 62.588
0.152 0.018 0.17 0.119 0.014 0.133 56.456 0.033 56.483 63.717 0.002 63.706 63.764 0 63.762
0.149 0.018 0.167 0.117 0.012 0.128 55.776 0.038 55.802 63.948 0.001 63.936 63.119 0.001 63.114
0.148 0.019 0.167 0.117 0.011 0.128 55.571 0.035 55.593 63.393 0 63.385 62.9 0 62.885
0.149 0.017 0.166 0.111 0.016 0.128 55.117 0.03 55.135 63.106 0.002 63.095 63.24 0.002 63.227
0.15 0.017 0.167 0.117 0.013 0.13 55.045 0.029 55.062 63.196 0 63.183 63.179 0 63.165
0.149 0.016 0.165 0.113 0.015 0.128 55.097 0.037 55.123 63.242 0.001 63.23 63.253 0 63.239
0.151 0.013 0.165 0.114 0.016 0.13 54.726 0.039 54.753 63.244 0 63.238 62.429 0 62.415
0.149 0.013 0.162 0.112 0.016 0.128 55.542 0.039 55.568 63.454 0 63.44 62.855 0.000999999999999973 62.851
0.153 0.00799999999999999 0.161 0.115 0.013 0.128 54.463 0.028 54.479 63.081 0.002 63.07 62.514 0.003 62.513
0.15 0.015 0.165 0.116 0.012 0.128 55.086 0.048 55.122 63.179 0.001 63.167 63.2 0.001 63.187
0.151 0.015 0.166 0.116 0.012 0.128 55.525 0.029 55.541 63.66 0 63.647 63.583 0 63.569
0.151 0.017 0.168 0.118 0.011 0.13 55.117 0.034 55.139 63.24 0.001 63.227 63.2 0.001 63.188
0.151 0.014 0.165 0.117 0.013 0.13 55.149 0.04 55.184 62.423 0.00299999999999997 62.414 62.288 0.002 62.287
0.151 0.015 0.165 0.115 0.013 0.128 55.099 0.028 55.116 63.056 0.001 63.044 62.969 0 62.954
0.153 0.013 0.166 0.115 0.013 0.128 55.201 0.044 55.233 63.278 0.003 63.267 62.961 0.00299999999999997 62.959
0.155 0.00899999999999999 0.164 0.121 0.00700000000000001 0.128 54.871 0.04 54.899 62.351 0.00700000000000001 62.354 62.065 0.00600000000000001 62.067
0.154 0.013 0.167 0.117 0.014 0.132 56.356 0.038 56.38 64.548 0.001 64.536 63.742 0.001 63.738
0.152 0.015 0.168 0.112 0.017 0.129 55.334 0.027 55.348 63.707 0 63.691 62.44 0 62.432
0.155 0.013 0.168 0.121 0.00899999999999999 0.13 55.821 0.02 55.829 64.26 0 64.246 63.179 0 63.172
0.154 0.012 0.166 0.118 0.01 0.128 54.95 0.046 54.983 63.061 0.002 63.049 63.004 0.002 62.992
0.154 0.012 0.166 0.112 0.016 0.128 55.417 0.033 55.437 63.346 0.001 63.342 62.411 0 62.396
0.148 0.017 0.165 0.113 0.015 0.127 54.917 0.065 54.97 63.037 0.02 63.044 62.986 0.038 63.009
0.154 0.011 0.165 0.113 0.015 0.128 54.62 0.032 54.646 62.706 0.017 62.724 62.226 0.017 62.273
0.157 0.012 0.169 0.116 0.016 0.131 55.058 0.038 55.084 62.928 0.004 62.927 62.175 0.002 62.163
0.146 0.016 0.161 0.11 0.019 0.13 55.849 0.039 55.875 63.999 0.001 63.987 63.96 0.001 63.949
0.155 0.01 0.165 0.111 0.017 0.128 55.608 0.04 55.641 62.919 0.001 62.91 62.666 0.001 62.665
0.153 0.013 0.166 0.113 0.015 0.128 55.441 0.037 55.465 63.59 0 63.577 63.471 0 63.457
0.145 0.019 0.164 0.116 0.015 0.132 56.246 0.03 56.263 64.36 0.00199999999999997 64.347 64.307 0.001 64.3
0.148 0.014 0.162 0.115 0.012 0.127 55.203 0.042 55.232 63.283 0.023 63.292 62.584 0 62.579
0.157 0.01 0.168 0.111 0.018 0.129 55.038 0.049 55.074 63.612 0 63.599 63.554 0 63.539
0.145 0.02 0.165 0.119 0.00900000000000001 0.128 54.847 0.034 54.869 62.844 0 62.839 62.109 0 62.095
0.15 0.016 0.166 0.108 0.02 0.128 55.029 0.035 55.053 62.812 0.002 62.808 61.997 0.002 61.985
0.145 0.017 0.162 0.117 0.013 0.13 56.473 0.037 56.497 64.871 0 64.864 64.079 0.004 64.069
0.152 0.014 0.167 0.118 0.01 0.128 55.146 0.052 55.185 62.853 0.00800000000000001 62.847 62.671 0 62.663
0.157 0.00899999999999999 0.166 0.114 0.014 0.128 55.519 0.033 55.54 62.497 0 62.491 62.583 0.001 62.581
0.155 0.012 0.168 0.121 0.011 0.131 56.494 0.035 56.516 64.629 0.001 64.616 64.081 0.001 64.069
0.151 0.015 0.166 0.125 0.004 0.129 54.621 0.029 54.646 62.326 0.003 62.318 62.014 0.002 62.022
0.152 0.013 0.165 0.111 0.016 0.128 55.772 0.029 55.788 63.64 0 63.631 63.101 0 63.085
0.152 0.014 0.165 0.106 0.022 0.129 55.625 0.047 55.662 63.107 0 63.098 62.963 0.004 62.961
0.152 0.015 0.167 0.116 0.012 0.128 54.028 0.019 54.042 62.261 0 62.249 61.953 0.001 61.949
0.149 0.018 0.167 0.117 0.012 0.129 55.848 0.037 55.873 63.959 0.001 63.946 63.258 0.002 63.255
0.153 0.015 0.168 0.115 0.013 0.128 54.823 0.028 54.838 62.595 0 62.589 62.286 0.001 62.272
0.163 0.00900000000000001 0.173 0.116 0.015 0.131 56.293 0.025 56.305 64.128 0.001 64.124 63.416 0 63.402
0.145 0.02 0.165 0.116 0.011 0.127 55.624 0.036 55.652 62.732 0 62.721 62.561 0.003 62.558
0.157 0.013 0.17 0.125 0.00799999999999999 0.133 55.06 0.024 55.077 63.406 0.001 63.395 63.172 0 63.18
0.15 0.011 0.161 0.111 0.015 0.126 55.241 0.036 55.263 63.127 0 63.113 62.84 0 62.83
0.151 0.018 0.17 0.12 0.01 0.13 54.685 0.038 54.711 63.083 0.001 63.07 62.615 0 62.608
0.149 0.016 0.165 0.12 0.00900000000000001 0.129 55.424 0.04 55.451 63.353 0 63.348 62.562 0.003 62.551
0.156 0.00899999999999999 0.165 0.113 0.015 0.128 55.168 0.043 55.198 63.121 0.001 63.109 63.142 0.001 63.128
0.155 0.00899999999999999 0.165 0.116 0.012 0.127 54.915 0.031 54.933 62.952 0.01 62.948 62.969 0 62.954
0.142 0.018 0.161 0.117 0.01 0.127 54.831 0.032 54.851 63.009 0 62.996 63.193 0 63.177
0.149 0.017 0.166 0.111 0.018 0.129 55.672 0.045 55.704 63.818 0 63.804 63.783 0 63.768
0.148 0.015 0.164 0.122 0.00600000000000001 0.127 55.438 0.048 55.474 63.646 0 63.632 63.565 0 63.55
0.153 0.013 0.166 0.111 0.017 0.128 55.239 0.039 55.266 63.376 0 63.362 63.29 0 63.276
0.154 0.00800000000000001 0.162 0.114 0.013 0.126 54.219 0.044 54.256 62.701 0.003 62.697 62.553 0.001 62.559
0.152 0.014 0.165 0.116 0.012 0.128 54.929 0.031 54.948 63.108 0 63.094 63.024 0 63.009
0.155 0.012 0.167 0.115 0.014 0.129 55.469 0.031 55.485 65.052 0.001 65.038 65.066 0.001 65.052
0.148 0.015 0.163 0.121 0.00999999999999998 0.13 56.174 0.035 56.195 64.331 0 64.318 64.272 0.001 64.258
0.152 0.018 0.171 0.12 0.014 0.132 56.319 0.031 56.338 64.07 0.001 64.056 63.65 0 63.645
0.148 0.013 0.16 0.111 0.016 0.127 54.859 0.041 54.887 62.987 0.001 62.976 62.949 0.001 62.936
0.152 0.015 0.167 0.115 0.014 0.128 54.817 0.039 54.844 62.927 0 62.919 62.187 0.003 62.176
0.15 0.017 0.167 0.11 0.018 0.128 55.173 0.044 55.205 63.343 0.001 63.33 63.313 0 63.3
0.151 0.011 0.163 0.114 0.014 0.128 55.499 0.027 55.514 63.471 0 63.463 62.689 0 62.675
0.155 0.013 0.167 0.119 0.00900000000000001 0.129 54.965 0.049 55.002 63.54 0 63.525 63.397 0.003 63.389
0.158 0.013 0.171 0.117 0.017 0.133 56.419 0.034 56.44 64.516 0 64.509 63.818 0 63.805
0.157 0.01 0.166 0.119 0.01 0.129 55.492 0.046 55.535 62.722 0.002 62.712 62.53 0 62.532
0.153 0.013 0.166 0.112 0.016 0.128 55.325 0.04 55.353 62.982 0.001 62.978 62.435 0 62.421
0.15 0.016 0.166 0.117 0.011 0.128 54.983 0.043 55.014 63.37 0.004 63.361 63.28 0.00800000000000001 63.274
0.143 0.017 0.16 0.12 0.00700000000000001 0.127 55.334 0.031 55.353 63.421 0 63.408 63.413 0.001 63.399
0.153 0.013 0.166 0.119 0.01 0.129 55.402 0.03 55.419 63.497 0.002 63.486 63.006 0 62.999
0.153 0.011 0.164 0.113 0.015 0.128 55.898 0.035 55.93 63.309 0 63.296 63.108 0.001 63.113
0.156 0.012 0.168 0.114 0.015 0.129 55.979 0.029 55.996 63.901 0.001 63.888 63.859 0 63.846
0.15 0.012 0.161 0.112 0.017 0.129 55 0.038 55.025 63.158 0 63.146 62.678 0 62.673
0.149 0.018 0.167 0.113 0.015 0.128 55.1 0.068 55.155 63.248 0.00600000000000001 63.239 62.403 0.005 62.398
0.155 0.013 0.168 0.116 0.013 0.129 55.308 0.048 55.343 63.363 0.003 63.352 62.55 0.002 62.546
0.16 0.00699999999999999 0.167 0.119 0.01 0.129 55.147 0.041 55.175 63.269 0 63.254 62.347 0.002 62.344
0.154 0.013 0.167 0.12 0.00900000000000001 0.128 55.03 0.067 55.089 63.071 0.001 63.06 62.873 0.002 62.867
0.154 0.011 0.166 0.114 0.013 0.127 55.69 0.041 55.719 63.789 0 63.775 63.733 0 63.72
0.15 0.016 0.165 0.114 0.014 0.128 54.136 0.036 54.167 62.135 0 62.124 61.76 0.004 61.769
0.15 0.016 0.166 0.113 0.015 0.128 55.289 0.038 55.316 63.269 0.001 63.256 63.136 0.001 63.124
0.152 0.013 0.165 0.114 0.013 0.128 54.849 0.052 54.887 62.735 0.012 62.743 62.057 0.00899999999999998 62.051
0.155 0.01 0.165 0.113 0.015 0.128 54.842 0.056 54.885 63.159 0.00700000000000001 63.154 63.142 0.004 63.132
0.147 0.013 0.16 0.109 0.017 0.127 54.495 0.078 54.561 62.474 0 62.468 62.174 0 62.166
0.153 0.014 0.167 0.118 0.014 0.131 54.867 0.046 54.909 63.171 0.001 63.165 62.77 0 62.764
0.157 0.00900000000000001 0.167 0.115 0.013 0.128 55.133 0.034 55.154 63.742 0 63.728 63.52 0 63.509
0.15 0.013 0.162 0.113 0.014 0.127 54.922 0.05 54.96 63.088 0.002 63.076 62.454 0 62.449
0.15 0.013 0.164 0.117 0.011 0.127 55.51 0.032 55.53 63.456 0 63.45 62.63 0.002 62.619
0.153 0.012 0.165 0.111 0.016 0.127 55.051 0.036 55.074 62.91 0.00699999999999998 62.904 62.858 0.002 62.846
0.154 0.012 0.166 0.115 0.014 0.129 55.175 0.025 55.187 64.219 0.001 64.207 63.513 0.005 63.512
0.153 0.012 0.165 0.117 0.011 0.128 54.788 0.049 54.825 62.901 0.026 62.912 62.307 0.005 62.305
0.153 0.016 0.169 0.119 0.013 0.131 56.664 0.035 56.69 64.166 0 64.159 63.967 0 63.965
0.154 0.014 0.167 0.117 0.012 0.129 55.216 0.04 55.244 63.362 0.001 63.349 62.316 0.001 62.309
0.156 0.012 0.167 0.123 0.00600000000000001 0.13 55.156 0.037 55.181 63.136 0.004 63.126 62.373 0.001 62.368
0.16 0.00700000000000001 0.167 0.114 0.014 0.128 55.378 0.052 55.418 63.499 0.001 63.486 63.512 0 63.498
0.153 0.013 0.166 0.115 0.013 0.128 55.742 0.031 55.764 63.053 0.002 63.044 62.88 0.001 62.883
0.152 0.015 0.167 0.114 0.014 0.128 55.518 0.024 55.53 63.613 0.001 63.6 62.776 0.003 62.773
0.151 0.015 0.165 0.116 0.012 0.128 54.875 0.037 54.899 62.839 0.011 62.843 62.24 0.004 62.229
0.152 0.013 0.165 0.112 0.015 0.127 55.027 0.054 55.068 63.004 0.001 62.999 62.365 0.001 62.352
0.154 0.012 0.166 0.118 0.011 0.129 55.496 0.032 55.521 62.578 0.003 62.57 62.394 0.002 62.39
0.159 0.00800000000000001 0.166 0.117 0.012 0.13 55.121 0.035 55.146 62.505 0.001 62.497 62.325 0 62.317
0.156 0.011 0.167 0.115 0.014 0.129 55.294 0.03 55.311 63.306 0 63.291 63.219 0 63.203
0.15 0.016 0.166 0.115 0.013 0.128 55.739 0.039 55.766 63.938 0.001 63.926 63.175 0 63.169
0.22 0.017 0.237 0.172 0.013 0.186 77.281 0.045 77.419 88.448 0.003 88.558 88.337 0 88.443
0.147 0.018 0.165 0.117 0.011 0.129 55.26 0.028 55.274 63.322 0.002 63.31 62.717 0 62.714
0.151 0.015 0.166 0.113 0.015 0.128 55.244 0.033 55.265 63.275 0 63.261 63.295 0.001 63.281
0.15 0.016 0.166 0.117 0.011 0.128 55.144 0.032 55.163 63.23 0 63.218 62.422 0 62.41
0.145 0.016 0.16 0.112 0.015 0.127 54.436 0.035 54.459 62.596 0.002 62.584 62.593 0 62.579
0.152 0.014 0.166 0.116 0.012 0.128 55.088 0.041 55.116 63.145 0.002 63.133 63.172 0 63.157
0.153 0.011 0.163 0.113 0.014 0.128 55.246 0.034 55.267 63.192 0 63.179 63.16 0 63.144
0.154 0.013 0.168 0.114 0.014 0.128 55.107 0.033 55.127 63.154 0.002 63.143 63.124 0.002 63.111
0.154 0.013 0.166 0.115 0.013 0.129 54.654 0.038 54.687 62.185 0.001 62.174 61.982 0.001 61.979
0.154 0.014 0.167 0.116 0.014 0.13 55.703 0.027 55.717 63.769 0.001 63.757 63.743 0 63.729
0.146 0.017 0.162 0.116 0.011 0.128 55.374 0.033 55.394 64.717 0.002 64.704 64.695 0.001 64.681
0.157 0.00900000000000001 0.166 0.114 0.014 0.129 55.149 0.049 55.185 63.201 0.002 63.188 63.167 0 63.152
0.148 0.016 0.164 0.116 0.014 0.13 55.796 0.042 55.825 64.141 0 64.127 63.603 0.001 63.598
0.152 0.016 0.167 0.115 0.016 0.132 55.892 0.036 55.915 63.954 0.002 63.943 63.899 0.001 63.886
0.153 0.014 0.167 0.117 0.014 0.131 56.013 0.025 56.027 63.923 0 63.917 63.16 0.002 63.149
0.152 0.014 0.166 0.116 0.013 0.129 55.194 0.047 55.229 63.132 0.003 63.122 63.112 0.00299999999999997 63.102
0.151 0.015 0.166 0.117 0.011 0.129 55.587 0.026 55.6 63.771 0.002 63.76 63.673 0 63.659
0.138 0.022 0.16 0.112 0.014 0.126 55.218 0.031 55.237 63.26 0.001 63.247 63.299 0 63.285
0.149 0.011 0.16 0.113 0.013 0.127 54.6 0.028 54.615 62.495 0.002 62.494 62.275 0 62.273
0.15 0.015 0.166 0.116 0.012 0.127 55.012 0.026 55.027 63.168 0 63.162 62.368 0 62.354
0.156 0.00900000000000001 0.165 0.118 0.01 0.128 54.427 0.03 54.451 62.501 0 62.493 62.165 0.004 62.167
0.149 0.017 0.166 0.114 0.014 0.128 54.904 0.037 54.929 63.325 0.001 63.319 62.578 0 62.563
0.154 0.013 0.167 0.118 0.011 0.129 54.656 0.05 54.694 63.123 0 63.116 62.34 0.001 62.328
0.155 0.012 0.167 0.111 0.017 0.128 55.081 0.046 55.113 63.339 0.028 63.354 62.32 0.038 62.349
0.152 0.016 0.168 0.115 0.014 0.129 55.824 0.034 55.846 64.029 0.001 64.016 62.934 0 62.927
0.149 0.013 0.161 0.114 0.013 0.127 54.96 0.045 54.992 63.01 0.014 63.011 62.976 0.004 62.966
0.151 0.016 0.167 0.123 0.00600000000000001 0.129 55.032 0.034 55.054 63.24 0 63.226 63.181 0.002 63.169
0.149 0.017 0.165 0.115 0.012 0.128 54.997 0.03 55.014 63.053 0 63.04 62.998 0.002 62.986
0.148 0.019 0.168 0.118 0.011 0.129 54.624 0.035 54.654 62.388 0 62.378 62.069 0 62.067
0.154 0.012 0.166 0.117 0.01 0.128 55.194 0.044 55.225 63.349 0.00800000000000001 63.345 63.41 0.004 63.4
0.157 0.01 0.167 0.118 0.011 0.128 55.803 0.036 55.826 64.021 0.001 64.009 63.062 0 63.056
0.151 0.015 0.166 0.11 0.017 0.128 54.706 0.052 54.755 62.813 0.002 62.808 62.428 0 62.434
0.147 0.018 0.166 0.114 0.014 0.127 54.886 0.03 54.905 63.141 0.001 63.13 63.071 0 63.056
0.155 0.014 0.169 0.118 0.012 0.129 54.899 0.045 54.932 62.795 0 62.788 62.548 0 62.538
0.151 0.015 0.166 0.117 0.01 0.128 54.284 0.022 54.299 62.333 0 62.325 62.007 0 62.007
0.149 0.014 0.163 0.117 0.01 0.126 55.905 0.028 55.921 64.048 0.002 64.035 63.53 0.001 63.525
0.15 0.016 0.167 0.119 0.00900000000000001 0.127 54.917 0.039 54.944 63.376 0.003 63.366 63.226 0 63.217
0.145 0.021 0.166 0.12 0.00899999999999999 0.128 55.195 0.03 55.214 63.302 0.003 63.291 62.746 0 62.739
0.151 0.015 0.165 0.112 0.016 0.129 54.366 0.028 54.391 62.273 0 62.266 61.912 0.001 61.924
0.15 0.016 0.165 0.116 0.012 0.127 55.173 0.036 55.198 63.341 0 63.328 63.305 0 63.29
0.153 0.015 0.167 0.121 0.012 0.133 56.081 0.053 56.121 64.274 0.001 64.26 63.462 0 63.454
0.153 0.014 0.167 0.118 0.011 0.129 55.385 0.052 55.425 63.583 0.003 63.572 63.585 0.004 63.576
0.152 0.014 0.166 0.114 0.014 0.128 55.637 0.034 55.659 63.7 0.000999999999999973 63.687 62.68 0 62.672
0.151 0.016 0.165 0.118 0.01 0.128 54.969 0.035 54.993 63.14 0.001 63.128 63.131 0.002 63.118
0.152 0.014 0.167 0.121 0.00800000000000001 0.128 55.535 0.035 55.559 63.877 0 63.862 63.164 0 63.159
0.152 0.014 0.166 0.114 0.014 0.128 55.572 0.032 55.59 63.587 0.003 63.583 62.789 0.002 62.776
0.151 0.015 0.166 0.109 0.017 0.127 55.315 0.037 55.34 63.212 0 63.206 62.529 0 62.515
0.156 0.01 0.166 0.115 0.012 0.128 54.935 0.033 54.955 62.55 0 62.544 62.294 0 62.288
0.156 0.011 0.166 0.119 0.00900000000000001 0.128 54.958 0.046 54.991 62.985 0.002 62.975 62.927 0 62.913
0.143 0.023 0.167 0.119 0.01 0.128 54.979 0.029 54.995 63.104 0.001 63.09 63.124 0 63.107
0.145 0.022 0.167 0.117 0.012 0.129 55.479 0.05 55.515 63.383 0.001 63.373 62.874 0.001 62.867
0.156 0.011 0.167 0.12 0.01 0.13 54.89 0.044 54.922 62.945 0.002 62.934 62.907 0.001 62.893
0.158 0.00799999999999999 0.166 0.116 0.013 0.129 54.986 0.044 55.018 63.117 0.002 63.106 63.043 0.001 63.029
0.155 0.012 0.167 0.113 0.014 0.127 55.018 0.046 55.051 63.172 0.00800000000000001 63.166 63.186 0.011 63.182
0.145 0.016 0.161 0.114 0.013 0.126 55.269 0.019 55.276 63.295 0.002 63.284 63.258 0 63.245
0.155 0.013 0.168 0.121 0.011 0.133 56.382 0.043 56.417 64.557 0.002 64.547 64.494 0 64.481
0.151 0.016 0.166 0.118 0.013 0.131 55.801 0.036 55.825 63.901 0 63.887 63.875 0 63.861
0.159 0.01 0.168 0.115 0.014 0.129 54.959 0.037 54.983 63.081 0 63.067 62.983 0 62.968
0.152 0.016 0.168 0.114 0.015 0.129 54.962 0.036 54.986 63.014 0.001 63 62.999 0 62.985
0.152 0.016 0.168 0.115 0.017 0.132 55.978 0.033 55.999 63.45 0.001 63.445 63.175 0 63.169
0.153 0.015 0.168 0.114 0.015 0.129 55.005 0.03 55.023 63.131 0 63.124 62.43 0.001 62.417
0.152 0.017 0.169 0.116 0.013 0.129 54.958 0.034 54.98 62.827 0.003 62.823 62.341 0 62.326
0.157 0.011 0.168 0.117 0.012 0.13 55.541 0.033 55.562 63.667 0 63.653 63.543 0 63.528
0.152 0.015 0.166 0.114 0.015 0.129 56.107 0.05 56.145 63.95 0.001 63.947 63.323 0 63.31
0.156 0.01 0.165 0.112 0.015 0.128 55.43 0.032 55.449 63.606 0 63.593 63.499 0.001 63.487
0.149 0.017 0.165 0.117 0.011 0.128 55.829 0.034 55.85 63.777 0.001 63.774 63.089 0 63.076
0.157 0.01 0.167 0.11 0.019 0.129 55.17 0.037 55.195 63.243 0.002 63.232 63.305 0.002 63.293
0.147 0.021 0.169 0.121 0.01 0.13 55.074 0.036 55.097 62.945 0.002 62.944 62.656 0.001 62.651
0.163 0.00700000000000001 0.17 0.121 0.014 0.134 56.623 0.052 56.663 66.172 0.015 66.174 66.098 0.001 66.087
0.158 0.00900000000000001 0.167 0.121 0.01 0.131 56.417 0.026 56.429 64.608 0 64.594 64.587 0 64.572
0.151 0.015 0.166 0.112 0.015 0.127 54.933 0.041 54.962 63.003 0 62.99 62.972 0.00199999999999997 62.96
0.152 0.014 0.166 0.118 0.011 0.129 55.164 0.023 55.175 63.298 0.001 63.286 63.23 0 63.215
0.151 0.015 0.166 0.115 0.012 0.127 54.728 0.067 54.827 62.796 0.024 62.839 62.458 0 62.464
0.142 0.022 0.164 0.114 0.013 0.127 55.086 0.045 55.118 63.168 0.003 63.159 63.191 0.001 63.179
0.147 0.021 0.168 0.12 0.00899999999999999 0.129 55.081 0.035 55.104 63.18 0.002 63.169 62.226 0.002 62.221
0.154 0.013 0.167 0.111 0.017 0.128 54.167 0.039 54.201 62.256 0 62.244 61.924 0 61.927
0.151 0.014 0.166 0.113 0.014 0.127 55.462 0.023 55.473 63.592 0 63.578 63.518 0.002 63.506
0.153 0.014 0.166 0.113 0.015 0.129 55.332 0.037 55.356 63.553 0 63.541 63.518 0 63.504
0.155 0.01 0.166 0.116 0.012 0.128 53.926 0.029 53.95 62.071 0.003 62.061 61.705 0.001 61.71
0.155 0.011 0.167 0.119 0.00900000000000001 0.128 55.375 0.029 55.391 63.814 0.002 63.801 63.713 0.002 63.708
0.153 0.014 0.167 0.115 0.014 0.13 55.124 0.068 55.178 63.054 0.027 63.068 62.662 0.036 62.695
0.153 0.014 0.167 0.114 0.014 0.127 55.174 0.033 55.195 63.262 0.001 63.249 62.804 0 62.801
0.146 0.017 0.162 0.109 0.016 0.126 54.397 0.028 54.423 62.37 0 62.363 62.064 0 62.068
0.156 0.01 0.165 0.116 0.012 0.129 55.293 0.031 55.311 63.39 0.016 63.393 63.329 0.001 63.321
0.15 0.015 0.166 0.119 0.00899999999999999 0.127 54.956 0.058 55.001 63.046 0.00700000000000001 63.04 62.544 0.003 62.54
0.154 0.013 0.166 0.111 0.017 0.129 55.033 0.028 55.048 63.318 0.004 63.308 63.275 0 63.261
0.153 0.014 0.167 0.118 0.00900000000000001 0.128 55.182 0.029 55.198 63.449 0.002 63.438 63.359 0.003 63.349
0.166 0.013 0.181 0.116 0.017 0.133 58.252 0.035 58.276 66.473 0 66.46 66.345 0 66.331
0.153 0.015 0.168 0.117 0.014 0.131 56.132 0.028 56.148 64.274 0.004 64.264 63.473 0.002 63.471
0.15 0.016 0.167 0.114 0.014 0.127 55.57 0.032 55.589 62.732 0.003 62.73 62.517 0 62.513
0.152 0.015 0.165 0.118 0.00899999999999999 0.128 55.113 0.034 55.135 62.506 0.001 62.503 62.265 0.002 62.264
0.154 0.011 0.165 0.118 0.00999999999999998 0.128 54.95 0.029 54.967 62.182 0.00299999999999997 62.18 62.038 0.001 62.035
0.15 0.018 0.168 0.112 0.018 0.13 55.36 0.034 55.382 63.418 0.001 63.406 63.39 0.001 63.376
0.151 0.014 0.165 0.109 0.019 0.128 55.699 0.04 55.725 63.738 0.004 63.728 63.736 0 63.72
0.15 0.015 0.166 0.111 0.017 0.128 54.91 0.031 54.928 62.998 0.001 62.987 62.414 0 62.406
0.142 0.018 0.161 0.112 0.014 0.126 55.632 0.034 55.652 63.776 0.002 63.764 63.756 0 63.743
0.153 0.00799999999999999 0.161 0.117 0.011 0.128 55.108 0.052 55.147 63.109 0.002 63.097 63.115 0.00499999999999998 63.107
0.146 0.015 0.161 0.121 0.00799999999999999 0.129 54.891 0.024 54.906 62.148 0 62.14 62.083 0.001 62.08
0.148 0.018 0.166 0.113 0.015 0.128 54.902 0.038 54.928 63.066 0.001 63.054 63.064 0.001 63.051
0.144 0.016 0.16 0.117 0.00900000000000001 0.126 55.209 0.036 55.232 63.471 0 63.458 63.524 0 63.509
0.152 0.015 0.167 0.115 0.013 0.128 55.231 0.051 55.269 63.335 0.031 63.352 63.38 0.013 63.497
0.15 0.012 0.162 0.113 0.015 0.128 54.651 0.038 54.676 62.678 0.003 62.667 62.7 0 62.685
0.153 0.015 0.167 0.114 0.014 0.128 55.61 0.028 55.631 63.725 0.001 63.713 63.72 0.001 63.709
0.155 0.011 0.166 0.116 0.013 0.129 54.769 0.04 54.797 63.155 0.001 63.143 63.09 0.001 63.077
0.149 0.014 0.163 0.119 0.00900000000000001 0.128 54.822 0.039 54.849 62.917 0.004 62.913 62.271 0 62.258
0.149 0.017 0.166 0.116 0.012 0.128 55.717 0.027 55.731 63.979 0 63.965 63.945 0 63.931
0.154 0.014 0.168 0.124 0.00699999999999998 0.13 55.259 0.037 55.285 63.287 0 63.282 62.536 0 62.522
0.155 0.013 0.169 0.119 0.014 0.132 56.989 0.036 57.012 65.388 0.00199999999999997 65.377 65.343 0.002 65.33
0.154 0.012 0.166 0.119 0.01 0.128 55.824 0.038 55.85 63.838 0.003 63.827 63.763 0.002 63.752
0.148 0.013 0.161 0.12 0.00599999999999999 0.127 55.094 0.038 55.12 63.202 0.005 63.193 63.199 0.002 63.187
0.155 0.012 0.168 0.117 0.012 0.128 55.148 0.027 55.162 63.131 0 63.126 62.708 0 62.699
0.154 0.014 0.167 0.123 0.01 0.133 56.009 0.033 56.029 64.561 0.001 64.547 64.46 0 64.446
0.152 0.015 0.167 0.117 0.012 0.129 54.823 0.043 54.854 63.001 0.003 62.993 62.883 0 62.868
0.146 0.017 0.163 0.108 0.019 0.128 54.485 0.043 54.514 62.557 0.004 62.552 61.785 0 61.772
0.152 0.00800000000000001 0.16 0.113 0.013 0.126 54.574 0.04 54.608 62.486 0.001 62.478 62.131 0.002 62.131
0.148 0.018 0.167 0.111 0.018 0.128 55.845 0.03 55.863 63.909 0.001 63.898 63.792 0 63.778
0.159 0.01 0.169 0.117 0.013 0.13 55.065 0.052 55.105 63.23 0.005 63.221 62.202 0.002 62.197
0.156 0.011 0.166 0.116 0.012 0.128 54.446 0.044 54.484 62.608 0 62.601 62.324 0 62.32
0.155 0.012 0.167 0.117 0.011 0.128 54.951 0.023 54.962 63.065 0.002 63.053 63.058 0 63.044
0.148 0.018 0.166 0.114 0.013 0.127 55.421 0.021 55.43 63.445 0.001 63.433 63.434 0 63.42
0.153 0.013 0.165 0.119 0.00900000000000001 0.128 55.086 0.031 55.105 63.207 0 63.194 63.157 0.001 63.145
0.152 0.014 0.166 0.117 0.011 0.128 55.383 0.041 55.413 63.531 0 63.518 63.476 0 63.463
0.156 0.011 0.166 0.119 0.00999999999999998 0.129 54.968 0.035 54.991 63.106 0.001 63.093 63.09 0.001 63.076
0.148 0.018 0.166 0.113 0.015 0.128 55.989 0.041 56.018 64.064 0.003 64.052 64.048 0 64.035
0.147 0.016 0.164 0.117 0.013 0.129 55.4 0.026 55.413 63.759 0.004 63.749 63.056 0.00599999999999998 63.056
0.158 0.00799999999999999 0.166 0.123 0.005 0.128 55.295 0.031 55.314 63.54 0 63.526 62.929 0 62.922
0.152 0.015 0.167 0.115 0.015 0.13 56.304 0.037 56.329 64.543 0.002 64.531 64.517 0 64.504
0.152 0.013 0.166 0.117 0.011 0.127 54.162 0.045 54.206 62.182 0 62.171 61.851 0 61.853
0.152 0.00800000000000001 0.16 0.112 0.014 0.126 54.646 0.047 54.7 62.864 0 62.851 62.886 0.001 62.873
0.151 0.00899999999999999 0.159 0.117 0.00899999999999999 0.127 54.782 0.061 54.83 62.955 0.034 62.974 62.412 0.00999999999999998 62.417
0.155 0.00900000000000001 0.163 0.118 0.012 0.13 56.373 0.027 56.388 64.587 0 64.573 64.507 0 64.493
0.15 0.015 0.165 0.112 0.015 0.128 54.795 0.039 54.822 62.939 0.002 62.929 62.942 0.002 62.93
0.151 0.014 0.165 0.115 0.012 0.127 54.177 0.044 54.215 62.045 0.01 62.046 61.757 0.018 61.776
0.156 0.011 0.167 0.117 0.011 0.128 55.159 0.041 55.187 63.545 0.001 63.532 63.464 0.002 63.451
0.146 0.02 0.166 0.115 0.013 0.128 55.75 0.026 55.762 63.168 0 63.163 62.95 0.002 62.948
0.151 0.014 0.166 0.116 0.013 0.129 55.17 0.038 55.203 62.557 0.002 62.548 62.417 0.001 62.414
0.152 0.013 0.165 0.12 0.00800000000000001 0.128 55.339 0.038 55.364 62.625 0.001 62.62 62.404 0 62.394
0.154 0.013 0.167 0.11 0.019 0.129 55.478 0.033 55.499 63.556 0.003 63.545 63.612 0.00199999999999997 63.601
0.149 0.01 0.159 0.114 0.013 0.127 55.191 0.026 55.203 63.247 0.003 63.235 63.257 0.001 63.242
0.152 0.014 0.166 0.117 0.011 0.129 55.462 0.029 55.478 63.679 0 63.666 63.124 0.002 63.118
0.157 0.00899999999999999 0.166 0.12 0.00899999999999999 0.128 55.689 0.05 55.727 63.674 0 63.66 63.683 0 63.669
0.153 0.013 0.167 0.116 0.012 0.128 55.164 0.041 55.192 63.403 0 63.389 63.334 0.004 63.324
0.159 0.00899999999999999 0.168 0.121 0.00799999999999999 0.129 55.233 0.039 55.261 63.221 0.001 63.209 62.604 0 62.598
0.158 0.00699999999999999 0.166 0.108 0.02 0.127 55.304 0.029 55.32 63.272 0.003 63.262 63.205 0 63.189
0.156 0.00899999999999999 0.165 0.117 0.013 0.13 54.769 0.042 54.799 62.924 0 62.912 62.961 0 62.946
0.153 0.013 0.166 0.119 0.01 0.129 54.977 0.062 55.026 63.115 0.015 63.117 63.402 0.00799999999999998 63.395
0.152 0.014 0.166 0.113 0.015 0.128 54.91 0.034 54.932 63.046 0.00700000000000001 63.038 62.98 0.005 62.971
0.149 0.018 0.167 0.116 0.013 0.129 55.307 0.033 55.327 63.558 0 63.544 63.561 0 63.546
0.15 0.012 0.162 0.115 0.011 0.127 54.874 0.037 54.898 63.105 0.004 63.097 63.069 0.002 63.057
0.145 0.016 0.161 0.111 0.016 0.126 55.167 0.036 55.191 63.722 0.002 63.708 63.098 0.001 63.085
0.144 0.017 0.16 0.109 0.018 0.127 55.366 0.03 55.384 63.355 0.001 63.343 63.359 0 63.344
0.146 0.017 0.163 0.115 0.012 0.127 54.695 0.034 54.718 62.576 0.001 62.57 61.96 0.001 61.947
0.147 0.019 0.166 0.118 0.00999999999999998 0.128 54.855 0.028 54.87 63.063 0.002 63.051 63.058 0.003 63.048
0.146 0.017 0.163 0.122 0.00800000000000001 0.129 55.375 0.034 55.398 63.217 0 63.212 62.579 0.00199999999999997 62.567
0.153 0.012 0.165 0.115 0.013 0.127 55.063 0.033 55.085 63.13 0.003 63.119 62.661 0 62.655
0.151 0.014 0.165 0.118 0.01 0.127 54.957 0.038 54.984 63.133 0 63.119 63.051 0 63.037
0.154 0.013 0.168 0.119 0.013 0.131 55.984 0.03 56.001 64.071 0.003 64.061 64.041 0.001 64.029
0.155 0.011 0.166 0.118 0.011 0.129 54.997 0.03 55.015 62.881 0 62.875 62.603 0 62.598
0.148 0.017 0.165 0.116 0.012 0.128 55.298 0.031 55.316 63.317 0.002 63.306 63.245 0.001 63.232
0.156 0.00699999999999999 0.163 0.113 0.015 0.128 55.24 0.046 55.273 63.088 0.003 63.084 62.455 0.002 62.442
0.146 0.019 0.166 0.114 0.013 0.127 54.944 0.034 54.964 63.117 0 63.103 63.134 0 63.121
0.152 0.015 0.166 0.118 0.01 0.128 54.604 0.029 54.628 62.404 0 62.395 62.13 0 62.129
0.154 0.013 0.167 0.117 0.012 0.129 54.923 0.055 54.966 62.967 0.002 62.956 62.926 0.002 62.914
0.157 0.012 0.168 0.12 0.013 0.133 55.989 0.037 56.013 64.151 0 64.139 63.273 0 63.266
0.151 0.016 0.167 0.111 0.018 0.129 54.433 0.048 54.474 62.435 0.002 62.425 62.093 0.001 62.096
0.157 0.00899999999999999 0.166 0.115 0.013 0.128 54.967 0.032 54.987 63.059 0.001 63.046 63.011 0 62.997
0.155 0.012 0.167 0.12 0.00900000000000001 0.129 55.372 0.037 55.397 63.553 0.003 63.543 63.583 0.003 63.572
0.151 0.015 0.166 0.115 0.014 0.129 55.47 0.034 55.492 63.44 0 63.436 62.758 0.001 62.745
0.146 0.02 0.166 0.113 0.016 0.129 55.333 0.039 55.361 63.352 0.00299999999999997 63.343 63.392 0 63.377
0.154 0.012 0.166 0.114 0.014 0.128 55.048 0.031 55.066 62.892 0 62.879 63.186 0 63.171
0.155 0.01 0.165 0.11 0.016 0.125 55.34 0.038 55.366 63.457 0 63.443 63.443 0 63.428
0.149 0.014 0.163 0.121 0.011 0.132 55.034 0.038 55.066 63.265 0.001 63.26 62.907 0.001 62.907
0.149 0.018 0.166 0.118 0.01 0.128 55.186 0.032 55.205 63.334 0.001 63.322 62.953 0 62.946
0.158 0.00900000000000001 0.167 0.116 0.012 0.128 55.868 0.03 55.885 64.246 0 64.232 64.115 0 64.107
0.155 0.01 0.165 0.114 0.013 0.128 54.939 0.039 54.965 63.103 0 63.089 62.549 0 62.544
0.148 0.015 0.162 0.107 0.02 0.128 54.938 0.022 54.948 63.082 0.001 63.07 63.029 0 63.016
0.149 0.016 0.165 0.113 0.014 0.127 54.255 0.039 54.291 62.292 0.001 62.287 61.977 0 61.983
0.147 0.013 0.16 0.12 0.00699999999999999 0.127 54.969 0.03 54.987 62.952 0 62.939 63.069 0 63.055
0.149 0.014 0.163 0.118 0.013 0.13 55.861 0.033 55.881 64.142 0.001 64.129 63.665 0 63.661
0.145 0.015 0.16 0.113 0.013 0.126 55.576 0.045 55.608 63.745 0.003 63.734 63.709 0 63.696
0.147 0.014 0.161 0.116 0.011 0.127 54.99 0.033 55.01 63.417 0.001 63.404 63.34 0 63.325
0.154 0.015 0.169 0.118 0.016 0.134 56.187 0.032 56.207 64.43 0.003 64.419 64.362 0.003 64.351
0.144 0.024 0.168 0.116 0.013 0.13 55.408 0.037 55.432 63.536 0.003 63.525 62.629 0.001 62.625
0.148 0.015 0.162 0.121 0.00899999999999999 0.129 55.292 0.038 55.318 62.817 0.001 62.812 62.561 0 62.555
0.156 0.00700000000000001 0.163 0.12 0.00799999999999999 0.128 55.265 0.03 55.283 62.753 0 62.749 62.527 0 62.523
0.151 0.017 0.167 0.106 0.022 0.128 54.885 0.037 54.91 62.184 0.001 62.181 62.032 0.001 62.025
0.151 0.014 0.165 0.116 0.013 0.129 55.1 0.03 55.118 63.298 0.001 63.286 63.243 0.002 63.23
0.154 0.013 0.168 0.115 0.017 0.131 56.753 0.034 56.773 64.958 0 64.942 64.893 0 64.877
0.15 0.017 0.167 0.12 0.00900000000000001 0.129 55.262 0.028 55.277 63.311 0 63.297 62.712 0.001 62.706
0.156 0.012 0.169 0.122 0.01 0.133 56.091 0.039 56.116 64.566 0.001 64.552 64.485 0.002 64.473
0.152 0.015 0.166 0.118 0.01 0.129 55.553 0.032 55.571 63.633 0 63.621 63.594 0 63.579
0.146 0.014 0.16 0.115 0.012 0.127 54.647 0.033 54.668 62.662 0.002 62.65 62.673 0 62.659
0.147 0.013 0.159 0.115 0.01 0.126 54.864 0.067 54.919 63.036 0.013 63.035 63.002 0.017 63.006
0.155 0.012 0.167 0.119 0.01 0.129 55.414 0.042 55.443 63.33 0.002 63.319 63.539 0.000999999999999973 63.525
0.152 0.014 0.166 0.112 0.016 0.129 54.923 0.049 54.959 62.99 0.002 62.977 62.929 0 62.913
0.155 0.012 0.167 0.119 0.00900000000000001 0.128 55.164 0.034 55.186 63.391 0.001 63.378 63.273 0.004 63.262
0.152 0.013 0.165 0.114 0.014 0.128 54.895 0.043 54.926 63.058 0 63.045 63.081 0 63.067
0.155 0.011 0.166 0.116 0.015 0.131 55.581 0.033 55.601 63.616 0.001 63.605 63.553 0 63.539
0.146 0.017 0.163 0.122 0.00800000000000001 0.13 55.643 0.028 55.658 63.984 0.001 63.969 63.921 0 63.908
0.156 0.00800000000000001 0.163 0.116 0.015 0.131 55.771 0.053 55.814 63.973 0.002 63.963 63.909 0.002 63.898
0.149 0.011 0.16 0.111 0.015 0.126 54.866 0.035 54.889 63.04 0 63.027 63 0 62.986
0.154 0.012 0.167 0.117 0.013 0.129 54.908 0.042 54.937 62.99 0.001 62.978 62.965 0 62.951
0.152 0.015 0.166 0.121 0.00699999999999999 0.129 55.087 0.027 55.101 63.168 0.001 63.164 62.438 0 62.424
0.149 0.016 0.165 0.119 0.00900000000000001 0.127 55.599 0.031 55.617 63.808 0.001 63.797 63.829 0 63.815
0.148 0.018 0.165 0.115 0.012 0.128 54.984 0.03 55.002 63.216 0.003 63.205 63.236 0.003 63.224
0.157 0.01 0.166 0.119 0.01 0.129 55.576 0.033 55.597 63.598 0.002 63.586 63.588 0.003 63.578
0.156 0.013 0.169 0.118 0.012 0.129 54.961 0.046 54.995 62.607 0 62.602 62.318 0.000999999999999973 62.313
0.156 0.01 0.166 0.11 0.017 0.127 55.568 0.032 55.587 63.768 0.002 63.757 63.743 0.002 63.732
0.141 0.021 0.162 0.112 0.015 0.126 55.404 0.028 55.419 63.108 0 63.101 62.418 0 62.404
0.152 0.01 0.162 0.112 0.015 0.127 55.079 0.035 55.102 62.945 0.001 62.94 62.139 0 62.124
0.152 0.014 0.166 0.118 0.011 0.129 55.121 0.062 55.171 63.003 0.003 62.992 62.923 0.00600000000000001 62.914
0.154 0.013 0.167 0.116 0.013 0.129 54.433 0.034 54.463 62.402 0 62.389 62.079 0.004 62.085
0.152 0.014 0.166 0.116 0.013 0.129 55.264 0.04 55.292 63.428 0.001 63.417 63.41 0 63.395
0.153 0.016 0.168 0.111 0.021 0.131 56.014 0.033 56.036 64.265 0.003 64.253 63.218 0.00299999999999997 63.215
0.147 0.021 0.168 0.121 0.00899999999999998 0.13 54.987 0.039 55.021 62.728 0.002 62.717 62.554 0 62.552
0.146 0.019 0.166 0.116 0.012 0.127 54.989 0.063 55.04 63.246 0.003 63.236 63.17 0.001 63.156
0.154 0.012 0.166 0.114 0.015 0.129 54.967 0.029 54.984 63.061 0.001 63.05 63.021 0 63.006
0.154 0.013 0.166 0.116 0.012 0.128 55.387 0.037 55.413 63.558 0 63.545 63.488 0.001 63.476
0.148 0.018 0.166 0.117 0.012 0.129 55.119 0.045 55.152 63.282 0.002 63.271 63.295 0 63.281
0.158 0.00799999999999999 0.166 0.118 0.01 0.128 55.721 0.033 55.742 63.644 0 63.629 63.894 0 63.881
0.157 0.011 0.167 0.114 0.015 0.129 55.229 0.035 55.251 63.314 0.001 63.303 63.329 0 63.313
0.149 0.02 0.168 0.118 0.014 0.132 56.688 0.02 56.694 64.705 0 64.692 64.145 0.001 64.139
0.151 0.015 0.166 0.117 0.011 0.129 55.008 0.034 55.03 63.057 0.003 63.046 62.539 0.002 62.535
0.15 0.015 0.165 0.117 0.011 0.128 55.316 0.046 55.35 63.482 0 63.469 63.441 0.001 63.428
0.152 0.014 0.166 0.117 0.011 0.128 54.281 0.041 54.319 62.19 0.001 62.179 61.893 0 61.904
0.151 0.014 0.166 0.115 0.013 0.128 55.099 0.028 55.115 63.113 0.002 63.101 63.027 0 63.013
0.154 0.012 0.166 0.119 0.00899999999999999 0.128 54.925 0.045 54.957 63.071 0 63.056 62.466 0 62.46
0.152 0.013 0.166 0.115 0.013 0.128 55.848 0.04 55.874 64.111 0 64.098 64.055 0.000999999999999973 64.042
0.159 0.00700000000000001 0.165 0.12 0.00699999999999999 0.128 55.255 0.032 55.275 63.423 0 63.41 63.29 0.002 63.277
0.149 0.013 0.162 0.115 0.014 0.129 54.575 0.028 54.59 62.954 0.001 62.942 62.866 0 62.852
0.156 0.011 0.168 0.119 0.014 0.132 56.755 0.041 56.782 64.301 0 64.294 63.65 0 63.636
0.154 0.012 0.166 0.115 0.012 0.127 55.425 0.036 55.449 63.614 0.001 63.601 63.287 0.001 63.282
0.146 0.014 0.161 0.116 0.011 0.127 55.347 0.041 55.374 62.804 0 62.799 62.531 0.002 62.531
0.141 0.02 0.161 0.113 0.015 0.127 55.678 0.037 55.703 63.11 0.001 63.107 62.814 0 62.807
0.156 0.012 0.168 0.122 0.01 0.132 56.091 0.019 56.097 63.447 0.003 63.444 63.271 0 63.268
0.154 0.011 0.165 0.114 0.014 0.127 55.231 0.032 55.25 63.52 0.001 63.508 63.424 0 63.41
0.146 0.021 0.167 0.113 0.015 0.128 55.12 0.034 55.143 63.163 0.001 63.152 62.795 0.001 62.789
0.146 0.015 0.161 0.114 0.014 0.127 55.683 0.047 55.718 63.858 0.004 63.847 63.834 0.003 63.822
0.156 0.00799999999999999 0.164 0.119 0.012 0.131 56.66 0.033 56.681 64.825 0 64.81 64.796 0 64.782
0.151 0.015 0.166 0.113 0.015 0.127 54.889 0.036 54.913 63.014 0.001 63.003 62.943 0 62.929
0.149 0.013 0.162 0.112 0.015 0.127 55.138 0.029 55.155 63.346 0 63.331 63.103 0.002 63.089
0.146 0.014 0.16 0.109 0.017 0.126 54.573 0.035 54.604 63.04 0.001 63.027 62.792 0 62.778
0.159 0.00900000000000001 0.168 0.121 0.012 0.133 56.718 0.021 56.727 64.904 0.002 64.891 64.873 0.002 64.862
0.151 0.015 0.166 0.113 0.016 0.129 55.209 0.027 55.223 63.007 0.001 62.995 63.134 0.002 63.121
0.155 0.011 0.165 0.12 0.011 0.131 56.509 0.024 56.521 64.631 0 64.616 64.604 0.002 64.59
0.146 0.016 0.162 0.114 0.013 0.128 54.92 0.043 54.951 63.084 0.005 63.074 63.039 0.003 63.028
0.156 0.01 0.166 0.116 0.011 0.127 55.12 0.033 55.138 62.234 0.001 62.226 62.098 0 62.09
0.158 0.01 0.168 0.123 0.00899999999999999 0.132 56.664 0.035 56.686 64.855 0.003 64.844 64.767 0.00700000000000001 64.763
0.153 0.011 0.165 0.113 0.014 0.127 55.63 0.03 55.646 63.855 0.002 63.844 63.843 0 63.83
0.15 0.014 0.165 0.116 0.012 0.128 54.542 0.023 54.557 62.658 0.005 62.657 61.784 0.002 61.775
0.149 0.013 0.163 0.108 0.02 0.128 54.425 0.032 54.445 62.465 0 62.457 61.818 0 61.804
0.145 0.017 0.162 0.119 0.00899999999999999 0.128 54.626 0.035 54.648 62.565 0.002 62.561 61.983 0.003 61.972
0.152 0.014 0.166 0.118 0.01 0.128 55.014 0.034 55.035 62.904 0.001 62.901 62.25 0 62.237
0.153 0.016 0.168 0.121 0.011 0.133 55.988 0.02 55.995 63.803 0 63.798 63.107 0 63.094
0.152 0.014 0.165 0.112 0.016 0.129 55.036 0.032 55.056 63.134 0.001 63.122 63.097 0.002 63.085
0.155 0.011 0.166 0.115 0.013 0.128 54.947 0.064 54.999 63.008 0 62.995 62.576 0.001 62.563
0.152 0.013 0.166 0.115 0.012 0.127 55.198 0.029 55.215 62.904 0.002 62.899 62.465 0 62.453
0.155 0.012 0.167 0.115 0.014 0.128 54.737 0.045 54.77 62.512 0.001 62.508 62.315 0 62.309
0.148 0.019 0.166 0.111 0.019 0.13 56.02 0.023 56.03 64.161 0.001 64.149 64.162 0 64.15
0.152 0.011 0.163 0.114 0.015 0.128 55.736 0.029 55.753 63.924 0.002 63.915 63.843 0 63.83
0.154 0.011 0.166 0.118 0.012 0.129 55.208 0.031 55.226 63.336 0 63.323 62.787 0 62.779
0.157 0.00900000000000001 0.166 0.114 0.014 0.128 55.413 0.022 55.423 62.778 0 62.774 62.604 0 62.594
0.155 0.011 0.166 0.11 0.017 0.127 54.321 0.039 54.355 62.182 0.001 62.17 61.897 0.003 61.902
0.149 0.017 0.167 0.116 0.013 0.128 55.071 0.048 55.107 63.199 0.003 63.189 63.159 0.002 63.148
0.152 0.016 0.168 0.117 0.012 0.129 55.781 0.061 55.831 63.605 0.001 63.594 62.557 0 62.551
0.154 0.014 0.168 0.121 0.00900000000000001 0.13 54.591 0.032 54.615 62.355 0.003 62.346 62.03 0.002 62.032
0.153 0.013 0.166 0.117 0.011 0.128 54.578 0.023 54.595 62.405 0 62.392 62.4 0 62.398
0.154 0.014 0.168 0.113 0.014 0.127 55.849 0.042 55.879 64.053 0.001 64.041 63.976 0 63.962
0.153 0.00799999999999999 0.161 0.112 0.014 0.127 54.84 0.036 54.864 62.937 0.00799999999999998 62.932 62.891 0.002 62.879
0.15 0.016 0.166 0.12 0.00899999999999999 0.129 54.88 0.046 54.913 63.051 0.00599999999999998 63.045 62.468 0.002 62.464
0.152 0.015 0.167 0.118 0.011 0.129 55.425 0.056 55.467 63.491 0.003 63.482 63.408 0.001 63.394
0.149 0.018 0.166 0.117 0.012 0.129 55.173 0.035 55.196 63.16 0.002 63.148 63.143 0.002 63.131
0.153 0.013 0.166 0.114 0.014 0.128 55.348 0.031 55.373 63.365 0.001 63.352 63.075 0 63.08
0.151 0.014 0.165 0.117 0.01 0.128 54.937 0.045 54.97 63.065 0.003 63.054 62.593 0 62.587
0.151 0.014 0.165 0.118 0.01 0.127 54.95 0.032 54.97 62.977 0.001 62.966 62.499 0 62.493
0.154 0.00700000000000001 0.16 0.116 0.011 0.128 54.9 0.037 54.924 62.99 0 62.978 62.975 0 62.961
0.154 0.012 0.166 0.121 0.00700000000000001 0.127 54.662 0.036 54.695 62.742 0 62.736 62.375 0.002 62.378
0.152 0.015 0.167 0.112 0.016 0.128 55.089 0.039 55.116 62.589 0.001 62.585 62.292 0.001 62.283
0.151 0.014 0.165 0.115 0.013 0.127 54.974 0.031 54.992 63.136 0.002 63.124 62.737 0.001 62.73
0.155 0.01 0.165 0.114 0.013 0.128 54.983 0.035 55.005 63.002 0 62.989 62.373 0.004 62.371
0.156 0.00599999999999999 0.162 0.11 0.017 0.127 54.974 0.032 54.994 62.307 0 62.302 62.184 0 62.181
0.15 0.017 0.167 0.118 0.01 0.128 56.14 0.032 56.16 64.171 0 64.164 63.427 0 63.413
0.151 0.016 0.167 0.116 0.013 0.13 54.867 0.031 54.895 62.771 0 62.757 62.486 0.002 62.497
0.149 0.017 0.166 0.12 0.00900000000000001 0.129 54.888 0.03 54.906 63.017 0.002 63.006 62.562 0.001 62.558
0.152 0.015 0.167 0.118 0.013 0.131 56.03 0.031 56.054 63.328 0.002 63.319 63.165 0.003 63.159
0.147 0.017 0.164 0.111 0.016 0.127 55.67 0.027 55.685 63.202 0.002 63.2 63.029 0 63.026
0.158 0.00700000000000001 0.165 0.111 0.017 0.127 55.054 0.047 55.089 62.349 0.017 62.361 62.126 0.001 62.12
0.152 0.014 0.166 0.114 0.014 0.128 55.08 0.044 55.113 63.05 0 63.043 62.421 0.001 62.408
0.149 0.018 0.167 0.114 0.015 0.129 54.923 0.042 54.952 63.228 0.00800000000000001 63.223 62.633 0.002 62.629
0.154 0.014 0.168 0.119 0.01 0.129 55.362 0.046 55.395 63.317 0.005 63.309 62.552 0.001 62.546
0.152 0.015 0.167 0.113 0.016 0.129 55.352 0.023 55.363 64.653 0.001 64.641 63.979 0 63.975
0.147 0.016 0.163 0.114 0.014 0.128 54.512 0.055 54.554 62.456 0.003 62.452 61.919 0.003 61.907
0.15 0.01 0.16 0.113 0.013 0.127 54.559 0.029 54.575 62.863 0.001 62.849 62.41 0 62.403
0.148 0.013 0.161 0.117 0.011 0.128 54.602 0.026 54.615 63.108 0 63.095 62.912 0 62.897
0.152 0.013 0.165 0.112 0.016 0.128 55.455 0.036 55.479 62.959 0 62.952 62.717 0 62.709
0.146 0.02 0.166 0.117 0.012 0.129 55.804 0.033 55.825 64.103 0 64.089 64.056 0 64.043
0.143 0.017 0.161 0.113 0.014 0.127 54.786 0.052 54.824 62.965 0.043 62.996 62.915 0.018 62.917
0.16 0.00899999999999999 0.169 0.118 0.015 0.133 56.557 0.048 56.592 63.966 0.00199999999999997 63.962 63.819 0.001 63.815
0.158 0.00799999999999999 0.167 0.118 0.01 0.128 54.948 0.03 54.964 63.13 0.001 63.116 63.14 0.004 63.128
0.156 0.01 0.165 0.115 0.013 0.128 54.766 0.041 54.795 63.32 0 63.306 63.079 0.001 63.076
0.144 0.016 0.159 0.117 0.00900000000000001 0.126 54.65 0.032 54.671 62.909 0.001 62.897 62.848 0 62.834
0.15 0.013 0.184 0.115 0.012 0.127 55.336 0.023 55.348 63.632 0.001 63.62 63.579 0.001 63.565
0.158 0.00900000000000001 0.166 0.119 0.00899999999999999 0.129 55.369 0.032 55.388 63.377 0 63.364 63.262 0 63.247
0.152 0.013 0.165 0.115 0.015 0.13 56.04 0.039 56.067 64.074 0.003 64.063 63.964 0 63.952
0.154 0.013 0.166 0.114 0.015 0.129 55.267 0.036 55.292 63.385 0.001 63.374 63.304 0.001 63.29
0.156 0.011 0.167 0.116 0.012 0.128 54.934 0.041 54.963 63.054 0.003 63.044 62.966 0.00700000000000001 62.959
0.146 0.018 0.164 0.114 0.014 0.128 55.132 0.035 55.154 63.153 0.001 63.145 62.444 0.001 62.431
0.15 0.012 0.163 0.111 0.018 0.128 54.627 0.046 54.661 62.689 0 62.682 62.02 0.004 62.011
0.152 0.014 0.167 0.114 0.015 0.128 55.319 0.033 55.34 63.187 0.002 63.175 63.407 0.002 63.394
0.152 0.016 0.168 0.122 0.01 0.132 56.501 0.04 56.529 64.242 0.001 64.237 63.671 0 63.658
0.159 0.00700000000000001 0.166 0.114 0.014 0.128 55.544 0.028 55.56 63.616 0.001 63.604 63.986 0.002 63.974
0.159 0.00799999999999999 0.167 0.12 0.01 0.129 55.016 0.047 55.052 63.25 0.016 63.253 63.046 0.001 63.04
0.153 0.013 0.165 0.114 0.014 0.128 54.924 0.036 54.948 63.142 0.002 63.13 63.094 0.003 63.083
0.155 0.013 0.168 0.118 0.011 0.13 55.351 0.027 55.366 63.416 0.001 63.402 63.355 0 63.34
0.155 0.014 0.167 0.115 0.014 0.129 55.221 0.029 55.238 63.29 0.002 63.28 63.113 0.001 63.099
0.15 0.015 0.165 0.117 0.013 0.13 54.468 0.035 54.498 62.425 0 62.414 62.079 0 62.079
0.155 0.013 0.167 0.119 0.01 0.129 55.193 0.026 55.206 63.235 0.001 63.223 63.147 0.001 63.137
0.153 0.012 0.164 0.115 0.014 0.129 55.081 0.054 55.124 62.625 0.025 62.646 62.145 0.017 62.15
0.153 0.015 0.168 0.12 0.012 0.133 55.977 0.034 55.997 64.096 0.003 64.083 64.327 0.001 64.313
0.144 0.017 0.161 0.116 0.01 0.127 55.047 0.064 55.099 63.015 0.023 63.025 63.051 0.033 63.072
0.155 0.012 0.166 0.117 0.011 0.128 54.933 0.041 54.961 63.428 0.001 63.417 63.385 0 63.369
0.155 0.012 0.167 0.116 0.013 0.129 56.073 0.039 56.1 64.172 0.001 64.159 64.059 0.001 64.046
0.155 0.00600000000000001 0.161 0.116 0.01 0.126 54.736 0.033 54.764 62.087 0 62.076 61.963 0 61.962
0.149 0.018 0.167 0.118 0.012 0.13 55.363 0.041 55.391 63.313 0 63.301 63.247 0 63.233
0.161 0.00900000000000001 0.169 0.121 0.013 0.134 56.227 0.025 56.241 64.464 0.001 64.45 64.454 0.001 64.441
0.151 0.014 0.165 0.11 0.016 0.126 54.952 0.047 54.987 63.224 0.00800000000000001 63.218 63.178 0.003 63.167
0.157 0.00899999999999999 0.166 0.112 0.016 0.128 54.246 0.039 54.279 62.099 0 62.09 61.766 0 61.763
0.151 0.015 0.166 0.113 0.015 0.128 55.824 0.039 55.851 63.717 0.005 63.709 64.043 0.001 64.031
0.152 0.014 0.166 0.116 0.011 0.128 55.216 0.029 55.233 62.72 0 62.717 62.29 0 62.277
0.157 0.011 0.168 0.119 0.014 0.133 56.044 0.036 56.067 64.017 0 64.004 64.428 0 64.414
0.157 0.011 0.168 0.117 0.015 0.131 56.231 0.036 56.254 64.492 0 64.478 64.008 0 64.003
0.154 0.012 0.168 0.113 0.015 0.127 55.289 0.044 55.322 63.628 0.003 63.618 63.567 0.002 63.553
0.148 0.015 0.162 0.119 0.00899999999999999 0.128 54.929 0.03 54.948 62.936 0.001 62.933 62.267 0 62.253
0.151 0.015 0.166 0.122 0.00599999999999999 0.127 54.915 0.032 54.935 63.18 0.003 63.171 62.604 0.001 62.597
0.154 0.012 0.166 0.116 0.013 0.129 55.117 0.035 55.143 62.476 0 62.463 62.294 0.001 62.291
0.144 0.016 0.16 0.115 0.011 0.125 54.914 0.035 54.945 62.393 0.002 62.384 62.138 0.002 62.138
0.158 0.011 0.169 0.118 0.012 0.13 55.374 0.045 55.407 63.321 0.017 63.324 63.508 0.001 63.494
0.148 0.014 0.162 0.111 0.016 0.127 55.771 0.042 55.8 63.924 0.001 63.912 63.919 0.001 63.906
0.153 0.00899999999999999 0.161 0.113 0.013 0.126 54.352 0.055 54.394 62.161 0.019 62.173 62.078 0 62.072
0.151 0.013 0.164 0.118 0.01 0.128 55.209 0.03 55.226 63.216 0.002 63.206 62.929 0 62.924
0.148 0.019 0.166 0.113 0.016 0.128 55.428 0.031 55.448 63.511 0.00299999999999997 63.501 63.426 0 63.411
0.147 0.018 0.165 0.115 0.013 0.128 54.967 0.026 54.98 63.059 0 63.047 63.035 0 63.021
0.149 0.017 0.166 0.118 0.01 0.128 55.137 0.06 55.183 62.948 0 62.933 62.744 0 62.729
0.146 0.016 0.162 0.117 0.01 0.126 54.469 0.028 54.485 62.452 0.001 62.448 61.766 0.001 61.753
0.156 0.012 0.168 0.115 0.018 0.133 56.645 0.027 56.659 64.216 0.001 64.21 63.817 0 63.809
0.148 0.014 0.162 0.115 0.013 0.129 54.68 0.042 54.709 62.899 0.002 62.888 62.914 0.001 62.901
0.15 0.017 0.167 0.118 0.01 0.128 55.063 0.034 55.084 63.216 0.003 63.206 63.169 0 63.154
0.149 0.011 0.161 0.118 0.00900000000000001 0.126 55.081 0.042 55.109 63.191 0.001 63.176 62.988 0.001 62.98
0.157 0.00899999999999999 0.166 0.117 0.011 0.127 54.871 0.035 54.894 62.956 0.002 62.944 62.934 0.003 62.921
0.162 0.00800000000000001 0.17 0.121 0.013 0.134 56.559 0.035 56.581 64.206 0.001 64.201 63.792 0.001 63.786
0.15 0.014 0.164 0.111 0.017 0.128 55.306 0.028 55.321 63.489 0.003 63.478 63.43 0 63.415
0.155 0.013 0.168 0.121 0.012 0.132 56.161 0.038 56.187 64.162 0 64.149 64.024 0.001 64.01
0.153 0.013 0.167 0.111 0.018 0.128 56.132 0.027 56.148 65.419 0.002 65.407 65.068 0.001 65.055
0.147 0.014 0.161 0.113 0.014 0.126 54.796 0.028 54.812 62.905 0.001 62.893 62.589 0.003 62.586
0.146 0.017 0.162 0.116 0.011 0.127 54.507 0.041 54.536 62.387 0.003 62.384 62.337 0 62.324
0.152 0.011 0.163 0.117 0.01 0.127 54.422 0.026 54.436 62.404 0.003 62.4 61.66 0.001 61.649
0.154 0.013 0.168 0.114 0.015 0.129 55.351 0.036 55.374 63.436 0.002 63.424 63.495 0 63.48
0.149 0.016 0.165 0.117 0.013 0.129 55.345 0.033 55.366 63.287 0.001 63.275 63.284 0.005 63.275
0.157 0.012 0.168 0.114 0.017 0.132 56.18 0.039 56.205 64.129 0 64.117 64.287 0 64.272
0.157 0.01 0.167 0.114 0.015 0.128 54.961 0.033 54.982 63.82 0.001 63.808 63.703 0.001 63.69
0.151 0.015 0.166 0.117 0.011 0.128 55.483 0.034 55.505 62.852 0.001 62.849 62.745 0 62.739
0.154 0.015 0.169 0.119 0.012 0.131 55.836 0.025 55.849 63.394 0.001 63.382 63.756 0.003 63.751
0.157 0.00800000000000001 0.165 0.113 0.015 0.127 55.467 0.033 55.489 63.397 0 63.383 63.315 0 63.301
0.157 0.01 0.167 0.12 0.01 0.13 54.907 0.038 54.934 63.025 0 63.012 63.065 0.002 63.053
0.16 0.00700000000000001 0.167 0.111 0.017 0.128 55.218 0.035 55.25 62.569 0.002 62.558 62.308 0 62.317
0.151 0.015 0.166 0.115 0.013 0.128 55.341 0.034 55.363 63.375 0 63.361 63.279 0.001 63.266
0.148 0.014 0.162 0.117 0.01 0.128 55.691 0.03 55.708 63.031 0.001 63.029 62.823 0.001 62.818
0.155 0.011 0.166 0.115 0.013 0.128 54.901 0.051 54.939 63.087 0.017 63.09 63.044 0.001 63.031
0.154 0.012 0.165 0.116 0.012 0.127 54.4 0.038 54.427 62.511 0.002 62.499 62.749 0 62.736
0.162 0.00599999999999999 0.168 0.111 0.018 0.128 55.102 0.038 55.128 63.173 0.001 63.161 62.847 0 62.833
0.154 0.011 0.165 0.122 0.01 0.132 55.906 0.024 55.924 63.862 0 63.853 63.477 0 63.478
0.153 0.014 0.166 0.111 0.017 0.128 55.786 0.037 55.81 64.106 0.003 64.094 64.056 0.002 64.045
0.156 0.012 0.168 0.123 0.00600000000000001 0.129 55.382 0.029 55.399 63.292 0.002 63.281 63.248 0.002 63.236
0.145 0.016 0.161 0.111 0.014 0.126 55.213 0.04 55.24 63.866 0 63.853 63.875 0 63.862
0.151 0.016 0.167 0.119 0.011 0.13 55.37 0.038 55.395 63.31 0.002 63.299 63.325 0.001 63.312
0.147 0.018 0.165 0.12 0.00900000000000001 0.128 55.177 0.029 55.195 63.283 0.001 63.271 62.846 0 62.832
0.147 0.019 0.165 0.114 0.013 0.127 54.885 0.033 54.906 63.031 0.002 63.02 62.318 0.001 62.311
0.158 0.00900000000000001 0.166 0.119 0.00899999999999999 0.129 55.086 0.035 55.115 62.832 0 62.818 62.516 0 62.516
0.155 0.01 0.165 0.113 0.014 0.127 55.458 0.028 55.474 62.839 0 62.835 62.601 0 62.594
0.157 0.012 0.169 0.114 0.015 0.129 56.066 0.025 56.079 63.576 0 63.569 62.766 0.001 62.752
0.149 0.013 0.161 0.113 0.013 0.127 55.068 0.061 55.116 63.083 0.033 63.105 63.034 0.01 63.031
0.152 0.015 0.168 0.119 0.01 0.129 55.007 0.04 55.034 62.984 0.001 62.972 63.106 0.001 63.094
0.158 0.01 0.167 0.116 0.012 0.129 55.511 0.034 55.533 63.354 0 63.347 62.781 0 62.769
0.159 0.00599999999999999 0.165 0.116 0.012 0.128 55.118 0.054 55.166 62.387 0.001 62.377 62.191 0 62.184
0.147 0.018 0.166 0.115 0.013 0.127 55.211 0.032 55.232 63.385 0 63.371 63.37 0.001 63.356
0.149 0.014 0.163 0.113 0.014 0.127 55.118 0.034 55.139 63.274 0 63.261 63.279 0 63.264
0.157 0.013 0.169 0.117 0.016 0.134 56.434 0.026 56.446 64.467 0.00199999999999997 64.457 63.929 0 63.924
0.148 0.015 0.162 0.116 0.012 0.129 55.058 0.031 55.076 62.57 0.002 62.564 62.306 0 62.297
0.155 0.011 0.165 0.114 0.014 0.128 55.409 0.024 55.421 64.001 0.00299999999999997 63.992 63.821 0 63.807
0.153 0.011 0.164 0.122 0.00599999999999999 0.128 55.639 0.038 55.665 63.759 0 63.747 63.655 0.001 63.643
0.152 0.015 0.167 0.119 0.00899999999999998 0.128 55.565 0.04 55.593 63.57 0 63.558 63.586 0 63.572
0.154 0.014 0.169 0.12 0.012 0.131 56.382 0.029 56.406 63.685 0.001 63.674 63.438 0.002 63.447
0.156 0.013 0.169 0.118 0.013 0.131 56.046 0.047 56.08 63.745 0.001 63.733 64.24 0 64.226
0.15 0.015 0.166 0.121 0.00799999999999999 0.128 54.989 0.028 55.006 63.275 0.001 63.261 63.217 0 63.202
0.155 0.012 0.167 0.112 0.017 0.129 55.42 0.046 55.454 63.451 0 63.437 63.561 0 63.546
0.152 0.013 0.165 0.121 0.00700000000000001 0.128 55.23 0.029 55.247 63.181 0 63.169 62.407 0 62.4
0.151 0.015 0.166 0.116 0.012 0.128 55.118 0.055 55.162 63.231 0.003 63.221 62.934 0 62.921
0.158 0.00899999999999999 0.166 0.111 0.017 0.128 55.173 0.035 55.197 63.526 0.002 63.516 63.51 0 63.496
0.15 0.016 0.166 0.122 0.00600000000000001 0.127 55.081 0.048 55.118 63.214 0.019 63.22 63.16 0.011 63.156
0.149 0.012 0.161 0.119 0.00700000000000001 0.126 54.431 0.042 54.461 62.562 0.002 62.549 62.77 0 62.756
0.151 0.015 0.166 0.112 0.016 0.128 54.979 0.048 55.013 63.145 0.022 63.152 63.153 0.02 63.156
0.141 0.02 0.161 0.118 0.00899999999999999 0.127 54.992 0.043 55.022 63.188 0 63.176 63.164 0.001 63.15
0.149 0.012 0.161 0.115 0.013 0.128 54.951 0.033 54.978 62.44 0.001 62.427 62.263 0.001 62.257
0.155 0.011 0.166 0.117 0.011 0.128 54.874 0.045 54.906 63.166 0.001 63.154 63.142 0 63.127
0.146 0.018 0.164 0.115 0.013 0.128 55.073 0.037 55.097 62.79 0 62.784 62.212 0.001 62.199
0.15 0.016 0.166 0.116 0.013 0.129 55.659 0.045 55.692 63.598 0.001 63.585 63.558 0.001 63.551
0.154 0.014 0.169 0.117 0.015 0.132 56.631 0.032 56.651 64.729 0 64.714 64.34 0 64.327
0.154 0.016 0.17 0.122 0.01 0.132 56.173 0.108 56.332 64.328 0.017 64.367 63.73 0 63.722
0.158 0.00799999999999999 0.167 0.117 0.011 0.128 55.664 0.035 55.687 63.911 0 63.897 63.861 0 63.847
0.151 0.015 0.165 0.113 0.015 0.129 55.236 0.026 55.251 63.248 0 63.235 62.744 0 62.738
0.149 0.013 0.162 0.108 0.02 0.128 54.896 0.038 54.922 62.955 0.001 62.948 62.452 0.001 62.439
0.154 0.01 0.164 0.113 0.015 0.128 54.463 0.067 54.517 62.366 0.004 62.365 61.641 0.000999999999999973 61.627
0.156 0.011 0.167 0.116 0.012 0.128 54.968 0.043 54.998 62.998 0.004 62.989 62.919 0.001 62.905
0.156 0.013 0.168 0.113 0.016 0.129 55.411 0.038 55.437 63.537 0 63.523 63.493 0 63.478
0.15 0.018 0.169 0.116 0.016 0.132 56.321 0.041 56.348 64.324 0.001 64.312 64.273 0 64.26
0.153 0.013 0.167 0.115 0.014 0.128 55.688 0.033 55.709 63.463 0.003 63.453 63.61 0.002 63.6
0.156 0.012 0.169 0.112 0.016 0.128 55.491 0.047 55.526 63.907 0 63.893 63.821 0.002 63.81
0.154 0.016 0.169 0.119 0.014 0.133 56.568 0.027 56.583 64.266 0.002 64.254 64.885 0 64.871
0.149 0.017 0.167 0.112 0.015 0.127 55.808 0.045 55.841 63.289 0.00199999999999997 63.279 63.639 0 63.626
0.154 0.014 0.169 0.116 0.015 0.131 55.104 0.039 55.131 63.119 0 63.105 63.078 0 63.064
0.148 0.018 0.166 0.114 0.014 0.129 55.072 0.068 55.128 63.19 0.024 63.201 63.137 0.037 63.159
0.15 0.018 0.168 0.113 0.016 0.129 53.977 0.05 54.022 62.433 0.003 62.426 62.044 0.002 62.044
0.146 0.015 0.161 0.117 0.01 0.127 54.616 0.046 54.65 63.412 0.003 63.402 63.312 0.002 63.299
0.154 0.013 0.167 0.112 0.018 0.129 55.964 0.035 55.986 64.232 0.002 64.221 64.208 0.002 64.196
0.158 0.01 0.167 0.111 0.017 0.129 54.539 0.032 54.565 62.645 0 62.633 62.541 0 62.545
0.154 0.014 0.168 0.117 0.012 0.129 55.555 0.034 55.578 62.559 0.001 62.552 62.49 0.003 62.485
0.154 0.013 0.167 0.121 0.00899999999999999 0.129 55.167 0.05 55.205 64.112 0.025 64.123 64.137 0.002 64.124
0.152 0.017 0.168 0.115 0.012 0.127 55.525 0.037 55.55 63.638 0 63.624 63.674 0 63.661
0.158 0.011 0.169 0.121 0.01 0.131 56.273 0.027 56.287 64.235 0.003 64.224 64.168 0 64.154
0.145 0.021 0.167 0.11 0.018 0.128 54.923 0.049 54.959 62.958 0.002 62.948 62.923 0.002 62.91
0.159 0.01 0.169 0.119 0.015 0.134 56.161 0.028 56.175 64.263 0.004 64.254 63.984 0.002 63.972
0.15 0.014 0.163 0.119 0.00900000000000001 0.128 55.697 0.035 55.72 63.028 0.002 63.025 62.776 0 62.773
0.161 0.00599999999999999 0.168 0.122 0.00800000000000001 0.13 56.014 0.046 56.048 65.383 0 65.367 65.263 0 65.249
0.15 0.017 0.167 0.112 0.015 0.127 55.018 0.032 55.038 63.41 0.002 63.399 63.627 0 63.613
0.149 0.018 0.167 0.117 0.011 0.129 55.794 0.033 55.813 63.962 0 63.949 63.875 0 63.861
0.146 0.022 0.168 0.12 0.00900000000000001 0.129 54.975 0.039 55.002 63.092 0.00600000000000001 63.086 63.084 0.003 63.073
0.143 0.017 0.162 0.115 0.012 0.126 55.464 0.029 55.48 63.463 0.003 63.454 63.445 0.001 63.431
0.163 0.00700000000000001 0.17 0.117 0.016 0.132 56.075 0.025 56.089 64.311 0.001 64.298 63.82 0 63.806
0.149 0.017 0.166 0.109 0.019 0.128 55.46 0.025 55.473 63.515 0 63.5 62.482 0.002 62.479
0.144 0.016 0.16 0.112 0.015 0.126 54.374 0.032 54.401 62.256 0 62.243 61.933 0 61.938
0.15 0.015 0.165 0.111 0.017 0.128 54.877 0.027 54.891 62.354 0 62.351 62.097 0.001 62.087
0.148 0.013 0.161 0.11 0.017 0.126 54.913 0.048 54.948 63.096 0 63.083 63.013 0 62.998
0.153 0.013 0.165 0.116 0.012 0.128 55.239 0.026 55.253 63.308 0.001 63.296 62.775 0 62.769
0.146 0.016 0.162 0.113 0.014 0.127 55.399 0.03 55.421 62.712 0.001 62.7 62.53 0 62.524
0.157 0.011 0.167 0.115 0.013 0.128 55.522 0.027 55.536 63.342 0.002 63.33 63.593 0 63.58
0.152 0.014 0.166 0.118 0.011 0.129 54.995 0.043 55.026 62.757 0.018 62.77 62.179 0.03 62.196
0.154 0.014 0.169 0.119 0.01 0.129 55.36 0.084 55.432 63.085 0.004 63.076 63.413 0.003 63.402
0.144 0.017 0.161 0.111 0.015 0.127 55.251 0.024 55.261 63.476 0.001 63.465 63.424 0 63.408
0.153 0.014 0.166 0.117 0.011 0.128 55.646 0.043 55.676 63.861 0.001 63.849 63.975 0.002 63.962
0.155 0.012 0.167 0.11 0.018 0.128 55.033 0.04 55.061 63.063 0.004 63.054 63.3 0.001 63.287
0.152 0.015 0.167 0.113 0.015 0.128 55.011 0.035 55.035 63.113 0.002 63.102 63.317 0.002 63.305
0.143 0.018 0.162 0.115 0.013 0.127 54.553 0.065 54.607 62.491 0.003 62.486 61.627 0.001 61.614
0.149 0.017 0.167 0.113 0.015 0.128 55.597 0.031 55.616 63.473 0.001 63.461 63.768 0.001 63.756
0.15 0.013 0.162 0.114 0.017 0.131 55.944 0.04 55.971 64.083 0 64.069 64.376 0.001 64.363
0.15 0.013 0.163 0.118 0.011 0.129 55.366 0.034 55.386 63.491 0.003 63.48 63.435 0 63.422
0.154 0.011 0.165 0.117 0.012 0.128 55.377 0.036 55.399 63.589 0.00299999999999997 63.576 63.579 0 63.565
0.145 0.016 0.161 0.118 0.00900000000000001 0.127 55.225 0.038 55.258 62.923 0 62.91 62.572 0 62.57
0.155 0.012 0.167 0.111 0.017 0.129 55.64 0.032 55.659 63.822 0.001 63.808 63.737 0.00199999999999997 63.725
0.154 0.013 0.167 0.119 0.00900000000000001 0.128 55.767 0.036 55.79 63.934 0.03 63.95 63.953 0.033 63.972
0.145 0.016 0.161 0.116 0.011 0.128 54.586 0.033 54.605 62.857 0.001 62.852 62.514 0.001 62.5
0.148 0.011 0.16 0.114 0.014 0.126 55.338 0.028 55.355 63.91 0 63.896 63.782 0.001 63.771
0.152 0.015 0.167 0.111 0.017 0.128 55.717 0.041 55.745 63.602 0.00800000000000001 63.604 62.812 0.003 62.8
0.156 0.01 0.168 0.118 0.01 0.127 55.583 0.039 55.611 63.708 0.002 63.697 63.583 0 63.569
0.155 0.012 0.167 0.116 0.012 0.127 55.997 0.038 56.022 63.899 0.002 63.887 63.861 0 63.847
0.156 0.011 0.167 0.114 0.013 0.128 55.158 0.039 55.185 63.13 0.002 63.12 62.589 0.003 62.58
0.156 0.012 0.167 0.118 0.013 0.132 56.05 0.022 56.059 64.082 0 64.067 63.96 0 63.946
0.152 0.01 0.161 0.11 0.016 0.126 54.972 0.022 54.982 63.236 0 63.223 63.217 0 63.202
0.153 0.013 0.167 0.115 0.012 0.127 54.986 0.038 55.012 63.091 0 63.079 63 0 62.984
0.157 0.01 0.166 0.116 0.012 0.128 55.353 0.051 55.391 63.677 0 63.664 63.566 0 63.554
0.151 0.016 0.167 0.117 0.012 0.129 55.219 0.058 55.263 63.072 0.002 63.061 63.23 0 63.216
0.155 0.012 0.166 0.117 0.011 0.128 55.881 0.025 55.895 63.807 0 63.794 63.43 0.002 63.42
0.166 0.013 0.182 0.12 0.014 0.134 58.235 0.036 58.259 66.331 0 66.317 66.783 0 66.769
0.151 0.017 0.168 0.116 0.013 0.128 55.686 0.031 55.705 63.202 0.001 63.196 62.904 0.001 62.891
0.153 0.015 0.167 0.116 0.014 0.13 54.959 0.085 55.032 63.03 0.031 63.047 63.005 0.00700000000000001 62.999
0.153 0.016 0.169 0.118 0.014 0.132 56.152 0.026 56.166 64.529 0 64.515 64.522 0.001 64.51
0.148 0.019 0.167 0.119 0.01 0.129 55.103 0.021 55.111 63.203 0 63.19 63.32 0.001 63.306
0.15 0.017 0.167 0.108 0.019 0.127 55.084 0.035 55.107 61.984 0.03 62.008 61.924 0.027 61.941
0.148 0.013 0.16 0.115 0.012 0.128 55.387 0.036 55.409 63.484 0 63.47 63.522 0.001 63.508
0.146 0.014 0.16 0.113 0.014 0.127 54.902 0.029 54.918 63.468 0 63.456 63.384 0 63.369
0.156 0.011 0.166 0.116 0.011 0.128 55.342 0.028 55.357 63.415 0.001 63.403 63.087 0 63.082
0.151 0.012 0.163 0.119 0.013 0.131 56.693 0.039 56.721 64.779 0.000999999999999973 64.767 64.765 0.002 64.755
0.146 0.02 0.166 0.112 0.016 0.128 54.789 0.026 54.802 62.914 0.001 62.903 62.906 0 62.891
0.146 0.016 0.162 0.117 0.012 0.127 55.753 0.027 55.768 63.826 0.001 63.814 63.677 0.001 63.664
0.147 0.012 0.16 0.114 0.012 0.126 54.608 0.043 54.637 62.509 0.002 62.509 62.2 0.001 62.198
0.156 0.01 0.166 0.118 0.01 0.127 55.089 0.038 55.115 63.239 0.005 63.232 63.138 0.00399999999999998 63.127
0.145 0.02 0.165 0.108 0.02 0.128 55.499 0.029 55.515 63.581 0 63.568 63.597 0 63.583
0.149 0.017 0.166 0.116 0.012 0.127 54.615 0.036 54.645 62.51 0.001 62.497 62.218 0 62.217
0.153 0.013 0.166 0.122 0.00700000000000001 0.128 55.673 0.033 55.695 63.793 0 63.779 63.178 0 63.171
0.155 0.013 0.167 0.117 0.011 0.129 56.041 0.036 56.063 63.957 0 63.945 63.508 0 63.493
0.156 0.011 0.166 0.12 0.00799999999999999 0.129 55.249 0.028 55.264 63.28 0.001 63.267 63.225 0.003 63.214
0.156 0.01 0.165 0.116 0.012 0.128 54.93 0.026 54.945 63.071 0 63.057 63.02 0.001 63.006
0.154 0.014 0.168 0.113 0.017 0.129 55.699 0.036 55.723 63.339 0 63.326 63.606 0 63.593
0.154 0.014 0.167 0.11 0.018 0.128 55.674 0.036 55.698 63.821 0.002 63.808 63.035 0.001 63.029
0.154 0.016 0.169 0.116 0.013 0.13 55.322 0.045 55.354 63.275 0.002 63.265 63.215 0 63.2
0.159 0.011 0.17 0.12 0.00900000000000001 0.128 56.104 0.03 56.122 64.144 0.001 64.131 64.076 0.001 64.063
0.155 0.012 0.166 0.109 0.019 0.129 55.117 0.044 55.148 63.221 0.002 63.21 63.235 0.004 63.225
0.157 0.01 0.167 0.111 0.018 0.129 55.432 0.033 55.453 63.432 0.001 63.42 63.391 0.001 63.378
0.149 0.017 0.166 0.117 0.011 0.128 55.146 0.038 55.172 63.227 0.001 63.215 62.597 0.001 62.592
0.149 0.018 0.167 0.11 0.018 0.128 54.844 0.058 54.889 62.276 0.015 62.284 62.049 0.001 62.041
0.151 0.015 0.167 0.119 0.00899999999999999 0.128 55.206 0.037 55.23 63.1 0.001 63.089 63.333 0 63.318
0.16 0.00800000000000001 0.166 0.122 0.00699999999999999 0.129 55.533 0.031 55.553 63.391 0.001 63.385 62.723 0.004 62.714
0.155 0.012 0.167 0.118 0.011 0.129 55.208 0.029 55.224 62.582 0.003 62.578 62.122 0 62.108
0.143 0.017 0.16 0.107 0.02 0.126 54.459 0.042 54.489 63.071 0.002 63.06 62.784 0.002 62.779
0.149 0.017 0.166 0.118 0.011 0.129 55.599 0.035 55.621 63.782 0 63.769 63.927 0 63.914
0.148 0.018 0.167 0.116 0.013 0.128 55.384 0.031 55.404 63.449 0 63.435 63.572 0 63.559
0.154 0.011 0.166 0.111 0.017 0.127 54.952 0.037 54.976 63.027 0.00199999999999997 63.015 62.957 0 62.942
0.149 0.016 0.165 0.113 0.016 0.129 55.263 0.048 55.297 63.47 0 63.454 63.461 0.00499999999999998 63.45
0.153 0.011 0.165 0.118 0.013 0.131 56.164 0.039 56.189 64.313 0.001 64.302 64.273 0 64.258
0.149 0.018 0.167 0.122 0.00700000000000001 0.13 56.111 0.026 56.123 64.445 0 64.43 64.314 0 64.3
0.149 0.019 0.167 0.117 0.012 0.129 55.394 0.031 55.412 63.551 0.001 63.539 63.525 0 63.51
0.153 0.016 0.169 0.116 0.014 0.13 55.134 0.049 55.17 62.815 0.003 62.812 62.342 0.003 62.331
0.155 0.011 0.166 0.119 0.01 0.128 55.859 0.043 55.89 64.334 0 64.321 64.216 0 64.203
0.154 0.012 0.166 0.112 0.016 0.128 55.592 0.05 55.631 63.675 0.001 63.664 63.532 0 63.519
0.154 0.015 0.168 0.119 0.01 0.129 54.987 0.035 55.01 63.378 0 63.371 62.522 0 62.508
0.151 0.012 0.164 0.115 0.012 0.126 54.918 0.039 54.945 63.089 0 63.076 62.335 0 62.327
0.155 0.014 0.168 0.121 0.00900000000000001 0.13 55.163 0.028 55.178 63.144 0.001 63.132 63.092 0.003 63.08
0.157 0.00900000000000001 0.166 0.113 0.015 0.127 55.1 0.035 55.133 62.709 0.002 62.698 62.504 0.001 62.512
0.148 0.018 0.166 0.111 0.016 0.127 55.047 0.036 55.072 63.065 0.001 63.052 63.003 0.001 62.989
0.155 0.011 0.166 0.113 0.014 0.128 54.815 0.051 54.853 63.023 0 63.02 62.154 0 62.14
0.145 0.015 0.162 0.119 0.00900000000000001 0.127 54.512 0.052 54.552 62.721 0.00900000000000001 62.717 63.316 0.00799999999999998 63.31
0.153 0.012 0.166 0.111 0.016 0.126 55.058 0.03 55.078 63.223 0.018 63.229 63.194 0 63.181
0.16 0.00799999999999999 0.168 0.121 0.011 0.132 56.4 0.029 56.417 64.609 0.005 64.601 64.567 0.00600000000000001 64.558
0.156 0.012 0.168 0.114 0.015 0.129 55.806 0.041 55.835 63.572 0.002 63.566 63.091 0.001 63.078
0.155 0.011 0.166 0.116 0.013 0.129 55.026 0.069 55.082 62.99 0.048 63.026 62.94 0.055 62.982
0.154 0.015 0.169 0.12 0.00999999999999998 0.129 55.131 0.051 55.169 63.347 0.045 63.378 63.26 0.023 63.267
0.154 0.015 0.169 0.116 0.014 0.13 55.552 0.031 55.577 62.892 0.001 62.881 62.771 0 62.768
0.15 0.017 0.167 0.117 0.012 0.129 55.017 0.024 55.029 63.101 0 63.088 63.08 0 63.066
0.157 0.011 0.168 0.113 0.018 0.131 56.045 0.034 56.067 64.06 0.00199999999999997 64.048 64.201 0 64.187
0.156 0.01 0.166 0.119 0.00899999999999999 0.128 55.215 0.034 55.237 63.503 0.003 63.493 62.542 0.004 62.538
0.152 0.014 0.166 0.113 0.016 0.129 55.232 0.042 55.263 63.365 0.004 63.354 62.738 0.002 62.734
0.158 0.01 0.167 0.115 0.013 0.129 55.249 0.034 55.269 63.252 0.001 63.241 63.217 0.00599999999999998 63.207
0.158 0.00800000000000001 0.167 0.114 0.015 0.128 55.102 0.037 55.126 63.177 0.001 63.165 63.16 0 63.145
0.151 0.017 0.169 0.113 0.016 0.128 56.103 0.029 56.119 63.714 0.001 63.709 63.291 0 63.277
0.146 0.013 0.16 0.114 0.015 0.129 55.566 0.031 55.587 63.708 0 63.703 63.281 0.001 63.285
0.145 0.02 0.165 0.113 0.014 0.128 55.45 0.03 55.467 63.583 0 63.57 63.465 0.001 63.452
0.158 0.011 0.168 0.118 0.014 0.132 56.566 0.032 56.586 64.64 0.003 64.628 64.632 0.004 64.621
0.148 0.013 0.162 0.118 0.00799999999999999 0.126 55.178 0.037 55.203 63.233 0.002 63.223 63.233 0.001 63.22
0.151 0.012 0.163 0.113 0.014 0.127 54.764 0.041 54.793 62.885 0.00399999999999998 62.875 62.844 0.002 62.832
0.152 0.01 0.162 0.114 0.013 0.127 55.191 0.04 55.223 63.088 0.003 63.082 62.709 0 62.706
0.142 0.018 0.16 0.116 0.01 0.126 55.541 0.024 55.551 63.763 0.002 63.752 63.177 0 63.171
0.149 0.019 0.168 0.12 0.012 0.133 57.125 0.024 57.136 65.082 0 65.067 64.994 0 64.981
0.149 0.017 0.167 0.117 0.012 0.129 55.082 0.06 55.129 63.104 0.001 63.092 63.058 0 63.044
0.149 0.015 0.165 0.12 0.011 0.131 56.884 0.043 56.914 65.152 0.022 65.16 65.152 0.002 65.14
0.153 0.014 0.167 0.118 0.011 0.129 56.148 0.028 56.163 64.535 0.001 64.522 63.837 0.002 63.834
0.158 0.011 0.169 0.116 0.017 0.132 56.733 0.03 56.751 64.677 0.001 64.665 64.291 0 64.284
0.152 0.013 0.164 0.114 0.012 0.127 54.768 0.035 54.791 62.571 0.003 62.568 62.256 0.002 62.245
0.15 0.017 0.166 0.118 0.01 0.128 54.972 0.033 54.993 63.097 0 63.085 63.084 0 63.069
0.153 0.014 0.167 0.115 0.013 0.128 55.325 0.049 55.364 62.554 0.019 62.568 62.285 0.017 62.293
0.154 0.015 0.169 0.117 0.014 0.13 55.072 0.027 55.088 63.176 0.002 63.163 62.431 0 62.426
0.146 0.015 0.161 0.109 0.018 0.127 55.057 0.06 55.106 63.02 0.026 63.032 62.629 0.035 62.658
0.153 0.014 0.167 0.122 0.00800000000000001 0.13 55.07 0.042 55.098 63.062 0 63.053 62.256 0.002 62.245
0.151 0.015 0.166 0.118 0.01 0.127 55.582 0.034 55.605 63.665 0.002 63.653 63.627 0.001 63.615
0.146 0.014 0.161 0.105 0.022 0.126 55.653 0.043 55.683 63.884 0.004 63.874 63.792 0.003 63.78
0.144 0.017 0.163 0.115 0.016 0.13 55.876 0.04 55.906 64.036 0 64.02 64.08 0 64.066
0.154 0.016 0.169 0.114 0.019 0.133 56.054 0.03 56.072 64.414 0.001 64.4 64.4 0 64.386
0.148 0.015 0.163 0.114 0.016 0.13 56.466 0.025 56.479 64.941 0.002 64.928 64.813 0.001 64.801
0.144 0.022 0.166 0.123 0.00600000000000001 0.129 55.938 0.03 55.955 64.039 0.002 64.028 63.935 0.001 63.922
0.154 0.012 0.165 0.113 0.015 0.129 55.536 0.036 55.559 63.433 0.001 63.421 63.36 0.001 63.345
0.157 0.01 0.166 0.113 0.015 0.128 55.933 0.048 55.97 64.066 0.001 64.053 63.939 0.001 63.926
0.157 0.013 0.171 0.12 0.013 0.133 57.321 0.027 57.334 64.85 0 64.842 64.295 0.001 64.282
0.155 0.011 0.166 0.118 0.01 0.128 55.088 0.034 55.11 63.786 0 63.773 63.691 0.001 63.678
0.152 0.014 0.167 0.118 0.01 0.128 56.189 0.032 56.208 63.882 0.001 63.869 63.461 0 63.454
0.151 0.018 0.169 0.122 0.00700000000000001 0.13 55.535 0.037 55.559 63.694 0 63.681 63.443 0 63.431
0.149 0.013 0.161 0.111 0.016 0.126 54.956 0.044 54.989 63.037 0.002 63.025 63.313 0.002 63.301
0.153 0.014 0.167 0.123 0.00600000000000001 0.129 55.254 0.035 55.277 63.364 0.001 63.351 63.28 0 63.265
0.148 0.019 0.167 0.122 0.00699999999999999 0.13 55.286 0.033 55.307 62.745 0 62.741 62.605 0 62.593
0.154 0.015 0.169 0.12 0.00899999999999999 0.129 55.028 0.053 55.069 63.371 0 63.358 63.275 0.002 63.262
0.152 0.014 0.165 0.118 0.00900000000000001 0.127 54.663 0.058 54.715 62.587 0.001 62.576 62.283 0 62.281
0.157 0.01 0.167 0.114 0.015 0.129 55.497 0.036 55.526 62.906 0.001 62.894 62.69 0.001 62.688
0.153 0.013 0.165 0.113 0.015 0.128 54.939 0.028 54.955 63.049 0.003 63.039 63.009 0.002 62.997
0.152 0.013 0.164 0.118 0.01 0.128 54.304 0.038 54.34 62.43 0.00600000000000001 62.423 62.038 0.00799999999999998 62.054
0.149 0.017 0.166 0.115 0.014 0.129 55.162 0.024 55.174 63.262 0 63.248 62.858 0.004 62.857
0.153 0.013 0.166 0.117 0.011 0.129 55.741 0.025 55.759 62.999 0 62.986 62.757 0 62.756
0.155 0.016 0.171 0.12 0.011 0.13 56.31 0.036 56.333 64.323 0.00299999999999997 64.312 64.132 0 64.124
0.156 0.01 0.166 0.119 0.00900000000000001 0.129 55.488 0.04 55.515 63.582 0 63.569 63.415 0.002 63.411
0.148 0.018 0.166 0.117 0.011 0.128 55.214 0.038 55.244 62.215 0.003 62.207 62.289 0.001 62.282
0.156 0.011 0.168 0.12 0.00900000000000001 0.128 55.842 0.034 55.863 63.952 0 63.939 63.126 0 63.119
0.148 0.016 0.164 0.117 0.011 0.128 55.182 0.042 55.213 63.169 0.00499999999999998 63.161 62.562 0.003 62.559
0.162 0.00700000000000001 0.169 0.12 0.012 0.131 55.313 0.039 55.34 63.321 0.001 63.308 63.273 0.001 63.26
0.159 0.01 0.167 0.118 0.01 0.128 55.102 0.044 55.134 63.242 0.002 63.23 62.675 0 62.669
0.151 0.011 0.161 0.114 0.012 0.126 55.481 0.025 55.494 63.571 0.001 63.559 63.493 0 63.479
0.155 0.011 0.167 0.115 0.014 0.128 55.768 0.034 55.79 63.48 0 63.476 63.093 0.003 63.08
0.154 0.012 0.167 0.119 0.011 0.129 54.25 0.033 54.276 62.205 0.005 62.202 61.86 0.002 61.864
0.153 0.012 0.165 0.115 0.013 0.128 54.966 0.033 54.986 63.133 0.001 63.12 62.638 0.001 62.633
0.153 0.017 0.169 0.118 0.012 0.13 55.059 0.051 55.098 63.152 0.032 63.171 63.077 0.00699999999999998 63.07
0.159 0.012 0.171 0.118 0.012 0.129 54.158 0.028 54.186 62.366 0.001 62.361 62.042 0.002 62.048
0.144 0.016 0.16 0.112 0.014 0.127 55.297 0.027 55.311 63.426 0.001 63.414 63.385 0 63.371
0.156 0.013 0.169 0.12 0.01 0.13 54.905 0.045 54.937 63.041 0.001 63.028 63.009 0 62.994
0.158 0.00899999999999999 0.168 0.116 0.015 0.131 56.685 0.026 56.699 64.963 0 64.949 64.377 0.002 64.372
0.155 0.013 0.167 0.118 0.011 0.13 55.166 0.041 55.193 63.298 0 63.283 62.473 0 62.466
0.155 0.012 0.167 0.122 0.00700000000000001 0.128 55.201 0.044 55.234 62.995 0.003 62.99 62.448 0.00299999999999997 62.438
0.161 0.00800000000000001 0.169 0.122 0.00899999999999999 0.131 56.251 0.035 56.274 64.107 0 64.1 63.449 0 63.438
0.148 0.017 0.165 0.118 0.01 0.129 55.417 0.023 55.428 63.363 0.00900000000000001 63.357 63.314 0.003 63.304
0.159 0.00799999999999999 0.168 0.116 0.013 0.129 55.531 0.047 55.565 63.761 0.003 63.75 63.696 0 63.682
0.153 0.014 0.167 0.115 0.014 0.129 55.168 0.043 55.199 63.197 0.001 63.185 63.123 0.002 63.11
0.147 0.013 0.16 0.116 0.012 0.127 54.858 0.032 54.879 62.206 0.001 62.201 61.999 0 61.993
0.153 0.014 0.167 0.114 0.016 0.13 56.463 0.022 56.474 63.631 0.001 63.625 63.46 0 63.458
0.157 0.00899999999999999 0.166 0.117 0.011 0.128 55.375 0.031 55.394 63.338 0.001 63.33 62.599 0.001 62.587
0.155 0.012 0.166 0.12 0.00899999999999999 0.129 55.665 0.027 55.681 64.008 0 63.993 63.948 0 63.934
0.153 0.016 0.169 0.118 0.015 0.132 55.095 0.041 55.123 63.182 0.003 63.17 63.176 0.001 63.162
0.152 0.014 0.166 0.118 0.00900000000000001 0.128 55.606 0.038 55.629 63.781 0.001 63.767 63.642 0 63.626
0.151 0.016 0.167 0.116 0.013 0.129 55.201 0.041 55.229 63.286 0.001 63.273 63.357 0 63.342
0.149 0.015 0.164 0.12 0.00900000000000001 0.129 55.219 0.033 55.24 62.971 0.001 62.965 62.274 0.001 62.26
0.151 0.015 0.166 0.116 0.012 0.128 55.03 0.031 55.049 62.518 0.002 62.514 62.193 0 62.188
0.155 0.013 0.168 0.118 0.012 0.13 55.232 0.027 55.246 63.043 0.004 63.034 62.739 0.004 62.737
0.149 0.017 0.166 0.113 0.015 0.128 54.978 0.039 55.005 63.086 0.002 63.075 63.025 0.00800000000000001 63.019
0.148 0.013 0.161 0.112 0.015 0.127 55.306 0.028 55.321 63.298 0.037 63.322 63.267 0.015 63.268
0.155 0.013 0.168 0.112 0.019 0.132 56.412 0.04 56.439 64.689 0.001 64.676 64.542 0.002 64.531
0.153 0.015 0.168 0.113 0.016 0.129 55.498 0.037 55.523 63.433 0.02 63.439 63.42 0.002 63.408
0.15 0.018 0.167 0.114 0.015 0.129 55.583 0.034 55.604 63.433 0.001 63.422 63.375 0 63.36
0.157 0.011 0.167 0.115 0.014 0.129 55.399 0.037 55.425 63.491 0.003 63.481 62.851 0 62.844
0.148 0.019 0.167 0.117 0.012 0.129 55.146 0.034 55.168 63.216 0.001 63.211 62.61 0 62.596
0.156 0.011 0.167 0.122 0.00799999999999999 0.129 54.948 0.036 54.979 62.82 0.001 62.808 62.578 0.001 62.577
0.154 0.00700000000000001 0.162 0.112 0.016 0.128 54.229 0.047 54.27 62.081 0.002 62.07 61.754 0.00700000000000001 61.761
0.154 0.00700000000000001 0.161 0.114 0.015 0.127 55.777 0.026 55.791 64.075 0.001 64.063 63.98 0 63.966
0.152 0.013 0.166 0.118 0.011 0.128 55.128 0.034 55.15 63.24 0.001 63.228 63.146 0 63.132
0.152 0.00800000000000001 0.16 0.111 0.015 0.126 54.937 0.037 54.962 63.046 0.002 63.035 62.777 0.001 62.77
0.149 0.011 0.161 0.114 0.013 0.126 54.385 0.025 54.399 62.553 0.003 62.542 62.813 0 62.799
0.148 0.018 0.166 0.114 0.015 0.129 54.994 0.032 55.013 63.105 0.002 63.094 63.074 0 63.059
0.155 0.011 0.166 0.116 0.013 0.129 54.911 0.035 54.934 63.037 0.002 63.026 63.022 0.001 63.009
0.151 0.012 0.162 0.115 0.012 0.128 54.9 0.038 54.927 63.063 0 63.049 62.667 0.001 62.662
0.149 0.016 0.165 0.117 0.011 0.128 55.151 0.031 55.17 62.294 0.017 62.305 62.239 0.00700000000000001 62.237
0.152 0.013 0.165 0.118 0.01 0.128 55.849 0.035 55.872 63.96 0 63.945 63.094 0 63.089
0.148 0.018 0.166 0.119 0.00899999999999999 0.128 55.149 0.051 55.188 63.271 0.011 63.268 63.25 0.018 63.254
0.159 0.00699999999999999 0.166 0.115 0.013 0.127 54.847 0.033 54.867 63.026 0 63.012 62.403 0 62.398
0.149 0.016 0.166 0.113 0.015 0.127 55.657 0.045 55.691 63.79 0 63.777 63.704 0 63.69
0.151 0.016 0.167 0.112 0.017 0.129 55.078 0.054 55.119 62.849 0.001 62.846 62.286 0 62.273
0.146 0.019 0.165 0.116 0.012 0.128 54.343 0.037 54.374 62.211 0.00299999999999997 62.201 61.882 0.003 61.885
0.155 0.01 0.165 0.111 0.015 0.126 55.693 0.031 55.711 63.11 0.002 63.108 62.828 0 62.822
0.15 0.016 0.165 0.116 0.012 0.129 55.375 0.035 55.404 63.287 0 63.279 62.909 0 62.916
0.149 0.02 0.168 0.118 0.013 0.131 55.545 0.032 55.564 63.716 0.002 63.705 63.702 0 63.687
0.152 0.014 0.166 0.114 0.013 0.127 55.947 0.024 55.958 63.514 0.001 63.511 62.908 0 62.895
0.155 0.012 0.167 0.122 0.00800000000000001 0.13 55.826 0.034 55.846 63.705 0 63.691 63.597 0 63.584
0.147 0.021 0.167 0.118 0.011 0.129 56.059 0.04 56.087 64.2 0 64.186 64.101 0 64.087
0.148 0.014 0.162 0.11 0.017 0.127 55.008 0.032 55.029 63.14 0 63.128 63.082 0.001 63.068
0.157 0.00800000000000001 0.165 0.112 0.015 0.127 54.687 0.067 54.742 62.84 0.022 62.848 62.792 0.00800000000000001 62.785
0.151 0.016 0.167 0.118 0.01 0.128 55.116 0.048 55.151 62.941 0.002 62.937 62.515 0 62.503
0.149 0.011 0.161 0.113 0.013 0.126 54.832 0.029 54.85 62.242 0.003 62.238 62.057 0.001 62.05
0.156 0.00899999999999999 0.165 0.111 0.017 0.128 55.17 0.032 55.19 63.284 0.001 63.274 63.25 0.002 63.238
0.15 0.016 0.166 0.116 0.012 0.128 55.04 0.042 55.069 63.177 0.001 63.162 63.12 0.002 63.108
0.15 0.015 0.166 0.114 0.015 0.129 55.041 0.019 55.046 63.099 0.002 63.087 62.794 0.001 62.785
0.156 0.01 0.166 0.118 0.01 0.128 55.54 0.034 55.562 63.311 0 63.304 62.876 0.003 62.865
0.155 0.00900000000000001 0.164 0.115 0.013 0.128 54.921 0.04 54.953 63.038 0 63.023 63.052 0 63.036
0.154 0.012 0.166 0.115 0.013 0.127 55.695 0.032 55.715 63.903 0.001 63.891 63.876 0 63.862
0.151 0.012 0.162 0.114 0.013 0.128 55.73 0.034 55.749 63.697 0.001 63.684 63.743 0 63.727
0.146 0.02 0.167 0.113 0.015 0.128 55.058 0.042 55.087 62.954 0.003 62.953 62.243 0.003 62.232
0.156 0.011 0.167 0.12 0.00799999999999999 0.128 54.917 0.03 54.935 62.914 0.002 62.91 62.205 0.001 62.193
0.152 0.016 0.168 0.116 0.015 0.131 55.582 0.028 55.597 63.618 0.003 63.614 62.882 0 62.87
0.152 0.015 0.167 0.112 0.016 0.128 54.797 0.062 54.846 62.485 0.00899999999999998 62.489 62.11 0.001 62.104
0.154 0.013 0.168 0.119 0.013 0.131 56.589 0.032 56.609 64.702 0 64.688 64.659 0 64.644
0.151 0.015 0.166 0.118 0.01 0.128 55.851 0.027 55.864 63.844 0.001 63.832 63.822 0 63.809
0.149 0.013 0.162 0.114 0.012 0.126 54.975 0.031 54.994 63.107 0.00800000000000001 63.101 63.034 0.002 63.023
0.149 0.012 0.16 0.116 0.01 0.126 55.169 0.049 55.205 62.453 0.028 62.476 62.247 0.038 62.28
0.154 0.014 0.167 0.115 0.013 0.128 55.727 0.026 55.741 63.897 0.001 63.884 63.633 0.002 63.621
0.15 0.015 0.166 0.116 0.012 0.127 54.896 0.032 54.916 63.089 0 63.075 63.165 0.002 63.153
0.15 0.015 0.165 0.121 0.00599999999999999 0.127 54.788 0.046 54.822 62.268 0.003 62.264 61.936 0.00299999999999997 61.929
0.152 0.013 0.166 0.114 0.014 0.128 54.36 0.047 54.401 62.191 0.00600000000000001 62.183 61.922 0.002 61.923
0.152 0.015 0.168 0.118 0.014 0.131 56.842 0.042 56.872 65.196 0.001 65.183 65.196 0 65.183
0.152 0.00899999999999999 0.161 0.115 0.012 0.127 55.159 0.059 55.205 63.448 0.011 63.446 63.41 0.00499999999999998 63.401
0.153 0.013 0.165 0.116 0.011 0.128 55.632 0.033 55.653 64.002 0.001 63.99 63.102 0 63.095
0.149 0.017 0.166 0.114 0.014 0.128 55.285 0.035 55.308 62.888 0 62.883 62.524 0.002 62.512
0.15 0.012 0.162 0.112 0.016 0.128 55.509 0.06 55.556 63.551 0.002 63.543 62.688 0.00600000000000001 62.683
0.146 0.021 0.168 0.122 0.00699999999999998 0.128 54.989 0.033 55.01 63 0 62.986 62.952 0 62.944
0.149 0.018 0.167 0.119 0.011 0.13 56.094 0.027 56.108 64.116 0 64.103 64.083 0 64.07
0.154 0.014 0.168 0.116 0.014 0.13 55.454 0.059 55.499 63.89 0.001 63.878 63.863 0.002 63.852
0.15 0.015 0.166 0.117 0.011 0.127 55.114 0.038 55.141 63.294 0 63.28 62.879 0 62.875
0.155 0.014 0.169 0.124 0.00799999999999999 0.131 56.462 0.038 56.488 63.257 0.001 63.251 63.383 0 63.38
0.148 0.013 0.161 0.11 0.016 0.126 55.833 0.025 55.845 64.226 0.002 64.214 63.649 0.001 63.645
0.158 0.01 0.167 0.115 0.013 0.129 55.143 0.039 55.169 63.332 0 63.32 63.248 0 63.234
0.154 0.013 0.166 0.111 0.016 0.128 55.461 0.029 55.478 63.335 0 63.327 62.048 0 62.035
0.149 0.013 0.161 0.116 0.011 0.128 54.136 0.024 54.155 63.065 0.002 63.056 63.038 0 63.04
0.157 0.01 0.167 0.115 0.014 0.129 55.213 0.044 55.245 63.219 0.002 63.208 63.146 0 63.132
0.151 0.015 0.166 0.118 0.013 0.131 56.365 0.033 56.385 64.628 0.001 64.615 64.495 0 64.488
0.15 0.017 0.167 0.11 0.018 0.128 55.673 0.039 55.7 63.736 0 63.722 63.692 0.001 63.68
0.15 0.012 0.162 0.117 0.011 0.128 55.157 0.034 55.178 63.257 0.001 63.247 63.237 0.001 63.224
0.147 0.014 0.161 0.12 0.00900000000000001 0.128 55.303 0.03 55.321 63.45 0 63.437 62.656 0 62.65
0.152 0.013 0.165 0.12 0.01 0.128 54.805 0.024 54.818 62.379 0.00700000000000001 62.379 62.184 0.004 62.179
0.153 0.016 0.169 0.117 0.012 0.129 55.273 0.035 55.297 62.678 0 62.67 62.439 0.001 62.432
0.147 0.013 0.16 0.112 0.017 0.128 54.102 0.048 54.146 62.518 0.00600000000000001 62.51 62.093 0.003 62.106
0.157 0.011 0.169 0.115 0.014 0.129 55.921 0.028 55.935 63.746 0 63.742 62.976 0 62.962
0.155 0.011 0.166 0.118 0.011 0.129 55.296 0.035 55.319 62.943 0.00900000000000001 62.946 62.586 0 62.572
0.153 0.013 0.166 0.118 0.01 0.127 55.534 0.04 55.563 63.556 0.000999999999999973 63.543 63.739 0 63.726
0.148 0.017 0.165 0.117 0.011 0.127 55.362 0.045 55.402 62.562 0.002 62.552 62.38 0 62.377
0.154 0.013 0.168 0.115 0.015 0.129 55.691 0.037 55.716 63.826 0.002 63.815 63.735 0 63.728
0.154 0.012 0.166 0.114 0.015 0.128 55.149 0.028 55.165 63.188 0.002 63.177 63.122 0.004 63.112
0.151 0.016 0.167 0.121 0.011 0.133 55.886 0.027 55.901 64.085 0.001 64.074 64.027 0 64.013
0.151 0.018 0.168 0.115 0.017 0.132 56.15 0.04 56.176 64.03 0.003 64.029 63.416 0.002 63.402
0.145 0.023 0.168 0.112 0.019 0.131 56.082 0.026 56.094 64.155 0.000999999999999973 64.14 63.516 0 63.509
0.156 0.012 0.168 0.117 0.012 0.129 55.709 0.033 55.728 63.804 0 63.789 63.346 0.001 63.333
0.152 0.014 0.166 0.11 0.018 0.128 54.866 0.067 54.921 63.075 0.002 63.064 63.009 0.003 62.998
0.151 0.015 0.165 0.116 0.012 0.128 55.544 0.023 55.554 63.699 0.001 63.686 63.254 0 63.245
0.154 0.013 0.168 0.119 0.012 0.131 56.269 0.038 56.291 64.479 0.003 64.466 64.398 0.001 64.383
0.149 0.017 0.167 0.117 0.012 0.128 55.373 0.038 55.398 63.488 0 63.475 63.436 0 63.421
0.158 0.011 0.169 0.12 0.01 0.13 56.001 0.026 56.015 63.818 0.002 63.815 63.203 0.002 63.192
0.151 0.011 0.162 0.116 0.012 0.127 54.824 0.056 54.868 62.746 0.022 62.764 62.017 0.002 62.005
0.155 0.013 0.168 0.115 0.018 0.132 56.645 0.022 56.659 63.987 0.001 63.976 63.751 0.001 63.749
0.15 0.015 0.165 0.117 0.011 0.128 54.993 0.035 55.021 62.333 0.001 62.322 62.191 0.002 62.189
0.152 0.016 0.168 0.118 0.013 0.132 56.87 0.029 56.885 64.947 0 64.933 64.872 0 64.858
0.148 0.014 0.161 0.122 0.005 0.127 55.467 0.022 55.477 63.388 0.001 63.38 62.597 0.002 62.587
0.157 0.013 0.171 0.117 0.017 0.134 55.585 0.037 55.616 63.574 0 63.562 63.272 0 63.275
0.153 0.014 0.166 0.116 0.014 0.13 55.06 0.03 55.079 63.23 0 63.216 63.259 0.001 63.246
0.148 0.018 0.166 0.119 0.00899999999999999 0.129 55.476 0.032 55.494 63.692 0.001 63.679 63.66 0 63.647
0.156 0.01 0.166 0.113 0.015 0.129 55.182 0.035 55.204 63.278 0 63.264 63.237 0 63.224
0.153 0.015 0.167 0.112 0.017 0.129 54.919 0.045 54.952 63.503 0.005 63.493 63.098 0.002 63.095
0.154 0.013 0.167 0.115 0.014 0.128 55.517 0.026 55.532 63.82 0 63.806 63.333 0.001 63.328
0.149 0.016 0.165 0.117 0.011 0.128 55.847 0.034 55.868 63.752 0.00600000000000001 63.745 63.514 0 63.507
0.154 0.013 0.167 0.116 0.012 0.128 55.498 0.024 55.51 62.632 0 62.626 62.563 0 62.557
0.144 0.017 0.16 0.111 0.015 0.126 55.695 0.042 55.724 63.87 0.000999999999999973 63.857 63.309 0 63.305
0.155 0.012 0.167 0.122 0.00800000000000001 0.13 55.032 0.037 55.056 63.114 0.033 63.134 63.086 0.02 63.093
0.152 0.01 0.161 0.111 0.015 0.127 55.191 0.03 55.209 63.358 0.00399999999999998 63.349 63.291 0 63.277
0.149 0.017 0.166 0.113 0.015 0.128 54.984 0.05 55.021 63.045 0.001 63.034 63.059 0 63.044
0.154 0.014 0.167 0.116 0.013 0.129 55.484 0.038 55.51 63.7 0 63.687 62.686 0 62.681
0.14 0.02 0.16 0.118 0.00899999999999998 0.127 55.15 0.035 55.173 64.107 0.001 64.094 63.94 0.001 63.927
0.149 0.018 0.168 0.115 0.014 0.128 55.273 0.03 55.292 63.182 0.001 63.169 62.668 0 62.664
0.147 0.014 0.161 0.116 0.012 0.127 55.326 0.035 55.349 63.441 0.002 63.428 63.703 0 63.69
0.147 0.016 0.163 0.118 0.013 0.13 56.711 0.036 56.735 64.803 0.00199999999999997 64.79 64.78 0.003 64.77
0.149 0.014 0.164 0.117 0.015 0.131 55.518 0.039 55.545 63.743 0.001 63.729 63.932 0.001 63.921
0.149 0.011 0.16 0.114 0.012 0.126 55.488 0.033 55.509 63.75 0 63.738 63.657 0.002 63.646
0.142 0.019 0.161 0.12 0.00800000000000001 0.127 55.402 0.033 55.424 63.556 0 63.542 63.49 0 63.476
0.157 0.014 0.171 0.125 0.00900000000000001 0.134 56.362 0.028 56.377 66.025 0.002 66.012 65.501 0 65.487
0.158 0.00900000000000001 0.167 0.118 0.014 0.132 56.219 0.029 56.235 64.391 0 64.377 64.328 0.001 64.316
0.149 0.021 0.17 0.122 0.011 0.133 56.402 0.031 56.419 64.618 0.001 64.607 64.504 0 64.49
0.148 0.017 0.165 0.113 0.016 0.128 55.089 0.037 55.114 62.303 0 62.296 62.118 0.001 62.11
0.146 0.015 0.162 0.114 0.014 0.128 54.996 0.056 55.04 62.485 0.022 62.499 62.135 0.136 62.264
0.155 0.011 0.165 0.109 0.018 0.128 55.084 0.033 55.104 62.879 0.003 62.875 62.256 0.004 62.247
0.148 0.018 0.166 0.11 0.018 0.129 55.414 0.026 55.427 63.194 0 63.181 62.91 0.001 62.903
0.151 0.014 0.164 0.117 0.011 0.128 55.216 0.03 55.236 63.339 0 63.325 63.282 0.001 63.27
0.16 0.00700000000000001 0.166 0.109 0.018 0.128 55.665 0.023 55.676 63.476 0.001 63.471 62.726 0.001 62.713
0.152 0.014 0.165 0.117 0.014 0.132 56.58 0.036 56.601 64.582 0.001 64.578 63.748 0.001 63.735
0.153 0.012 0.166 0.12 0.00800000000000001 0.127 54.083 0.033 54.112 62.056 0 62.041 61.82 0 61.82
0.146 0.02 0.167 0.116 0.015 0.129 55.442 0.029 55.46 63.374 0 63.358 63.352 0 63.337
0.149 0.018 0.167 0.118 0.00999999999999998 0.128 55.173 0.031 55.192 62.827 0.001 62.82 62.601 0.001 62.593
0.152 0.015 0.166 0.115 0.018 0.132 55.497 0.035 55.53 63.407 0.002 63.4 63.063 0.001 63.067
0.158 0.011 0.169 0.116 0.015 0.13 55.262 0.045 55.295 63.235 0.003 63.225 63.195 0 63.179
0.149 0.016 0.165 0.113 0.014 0.128 54.803 0.036 54.827 62.883 0.001 62.871 62.871 0.003 62.86
0.154 0.012 0.167 0.113 0.016 0.128 55.312 0.054 55.353 63.533 0.002 63.522 63.485 0.002 63.473
0.153 0.013 0.166 0.116 0.012 0.128 55.679 0.041 55.704 63.887 0.003 63.88 62.966 0.00199999999999997 62.954
0.153 0.013 0.166 0.116 0.012 0.128 55.287 0.052 55.327 63.413 0.002 63.402 62.622 0 62.614
0.151 0.015 0.166 0.112 0.017 0.129 55.287 0.031 55.306 63.51 0.01 63.513 63.206 0 63.192
0.152 0.014 0.166 0.116 0.012 0.127 55.052 0.031 55.071 63.214 0 63.2 62.692 0 62.684
0.155 0.016 0.171 0.117 0.017 0.133 55.895 0.03 55.921 63.961 0.002 63.951 63.54 0.002 63.542
0.148 0.013 0.16 0.112 0.015 0.127 55.413 0.032 55.432 64.086 0.003 64.076 64.018 0 64.004
0.155 0.013 0.167 0.114 0.013 0.127 55.424 0.032 55.444 62.556 0.001 62.55 62.603 0.001 62.598
0.152 0.016 0.167 0.122 0.00700000000000001 0.129 54.98 0.027 54.995 63.115 0.001 63.102 62.726 0.001 62.721
0.155 0.011 0.166 0.114 0.014 0.128 54.886 0.077 54.951 63.012 0.033 63.032 62.903 0.041 62.93
0.156 0.012 0.168 0.118 0.011 0.129 55.278 0.041 55.306 63.304 0 63.291 62.877 0 62.863
0.154 0.015 0.169 0.119 0.012 0.132 56.848 0.033 56.867 64.949 0 64.935 64.949 0 64.934
0.15 0.016 0.165 0.116 0.011 0.127 54.996 0.041 55.025 63.081 0.002 63.07 63.052 0.003 63.041
0.152 0.013 0.166 0.116 0.012 0.128 54.957 0.034 54.978 63.007 0 62.994 62.985 0 62.972
0.156 0.01 0.166 0.12 0.00899999999999999 0.129 54.842 0.034 54.864 63.018 0.001 63.006 63.013 0.002 62.999
0.149 0.011 0.161 0.114 0.012 0.126 55.018 0.036 55.04 63.666 0 63.653 63.571 0 63.556
0.15 0.016 0.166 0.118 0.00800000000000001 0.126 54.979 0.043 55.01 62.308 0.003 62.305 62.063 0.001 62.054
0.157 0.01 0.167 0.113 0.016 0.129 56.555 0.028 56.569 63.862 0 63.854 63.6 0 63.594
0.148 0.015 0.163 0.114 0.013 0.127 55.401 0.037 55.426 63.547 0.001 63.535 63.466 0.000999999999999973 63.452
0.151 0.011 0.162 0.111 0.017 0.127 53.75 0.046 53.792 61.69 0.00700000000000001 61.686 61.392 0.005 61.407
0.149 0.012 0.161 0.111 0.015 0.126 54.967 0.037 54.992 63.117 0 63.104 63.106 0 63.093
0.152 0.014 0.166 0.116 0.012 0.128 55.642 0.028 55.658 63.768 0.002 63.755 63.307 0 63.295
0.153 0.013 0.166 0.116 0.013 0.129 55.74 0.027 55.754 63.735 0.002 63.724 63.713 0.002 63.7
0.147 0.019 0.167 0.116 0.013 0.129 55.491 0.057 55.535 63.499 0.001 63.487 63.438 0 63.423
0.152 0.015 0.167 0.113 0.015 0.128 55.964 0.047 55.998 63.412 0.002 63.407 63.074 0 63.059
0.151 0.015 0.167 0.115 0.014 0.128 55.753 0.03 55.77 62.94 0 62.934 62.93 0 62.924
0.15 0.016 0.164 0.119 0.00899999999999999 0.128 54.807 0.064 54.86 62.87 0.028 62.887 62.806 0.028 62.82
0.145 0.015 0.161 0.115 0.012 0.126 54.507 0.039 54.534 62.842 0 62.829 63.113 0 63.101
0.152 0.013 0.166 0.11 0.018 0.128 54.935 0.033 54.955 63.083 0 63.069 63.06 0.001 63.047
0.146 0.02 0.166 0.114 0.014 0.128 54.702 0.027 54.722 62.648 0 62.634 62.288 0.059 62.475
0.153 0.013 0.166 0.111 0.018 0.129 54.994 0.032 55.014 63.222 0.004 63.213 63.202 0 63.187
0.156 0.011 0.167 0.117 0.012 0.129 55.535 0.029 55.551 64.501 0.002 64.49 64.517 0 64.501
0.156 0.017 0.433 0.118 0.011 0.128 55.3 0.035 55.324 63.397 0.002 63.387 63.351 0 63.336
0.159 0.014 0.433 0.112 0.016 0.128 55.342 0.043 55.373 63.392 0.003 63.382 63.357 0.001 63.344
0.157 0.015 0.432 0.118 0.013 0.13 55.534 0.038 55.562 64.959 0.004 64.948 64.886 0.00600000000000001 64.88
0.157 0.015 0.432 0.115 0.014 0.129 55.509 0.04 55.538 63.682 0.001 63.671 63.636 0 63.623
0.159 0.00600000000000001 0.165 0.112 0.015 0.127 54.903 0.027 54.918 62.816 0.002 62.812 62.03 0 62.018
0.147 0.014 0.161 0.114 0.013 0.127 54.798 0.034 54.819 63.059 0 63.052 62.239 0.001 62.227
0.152 0.014 0.166 0.114 0.015 0.129 54.989 0.048 55.023 63.11 0 63.096 63.096 0 63.08
0.149 0.017 0.166 0.114 0.014 0.128 55.12 0.03 55.139 62.938 0.001 62.933 62.411 0 62.397
0.147 0.014 0.16 0.114 0.012 0.126 55.305 0.043 55.335 63.401 0 63.387 63.321 0 63.308
0.154 0.014 0.168 0.119 0.01 0.129 55.889 0.039 55.915 63.871 0 63.857 63.125 0.005 63.125
0.149 0.016 0.165 0.118 0.011 0.13 55.819 0.04 55.846 63.742 0.001 63.73 63.735 0.003 63.723
0.152 0.015 0.167 0.11 0.018 0.128 55.794 0.035 55.817 63.895 0 63.881 63.833 0.002 63.821
0.15 0.016 0.166 0.112 0.014 0.126 55.323 0.028 55.337 63.706 0 63.69 63.673 0.001 63.659
0.157 0.012 0.169 0.116 0.016 0.132 56.555 0.026 56.568 65.054 0.002 65.041 65.058 0 65.043
0.149 0.018 0.166 0.115 0.013 0.128 55.051 0.035 55.074 63.101 0.026 63.114 63.057 0.023 63.066
0.149 0.015 0.164 0.121 0.00799999999999999 0.129 55.537 0.033 55.557 63.537 0.002 63.526 63.459 0.003 63.447
0.159 0.00799999999999999 0.167 0.116 0.013 0.129 55.108 0.033 55.129 63.198 0.003 63.187 63.192 0 63.178
0.155 0.013 0.168 0.115 0.015 0.129 55.574 0.039 55.6 63.74 0.00299999999999997 63.731 63.67 0.002 63.657
0.149 0.018 0.165 0.113 0.016 0.129 55.29 0.033 55.313 63.364 0.003 63.353 63.345 0.001 63.332
0.15 0.016 0.167 0.118 0.01 0.128 55.628 0.037 55.652 62.794 0 62.786 62.732 0 62.724
0.151 0.014 0.165 0.113 0.015 0.128 55.232 0.029 55.248 63.175 0.001 63.162 63.076 0 63.062
0.155 0.011 0.166 0.111 0.016 0.128 54.821 0.044 54.851 63.083 0.00299999999999997 63.074 63.065 0.005 63.054
0.157 0.01 0.167 0.119 0.01 0.129 55.865 0.025 55.877 63.78 0 63.767 63.723 0 63.709
0.155 0.013 0.169 0.117 0.016 0.132 56.346 0.035 56.368 63.831 0.001 63.826 63.612 0.001 63.604
0.15 0.016 0.166 0.116 0.013 0.129 55.184 0.034 55.205 63.086 0.003 63.076 63.117 0.00299999999999997 63.106
0.15 0.011 0.16 0.112 0.014 0.127 54.555 0.031 54.574 62.685 0 62.672 62.613 0.002 62.601
0.144 0.022 0.167 0.111 0.017 0.128 55.716 0.036 55.739 63.79 0.003 63.782 63.727 0.001 63.714
0.155 0.01 0.166 0.117 0.01 0.126 57.261 0.044 57.294 65.495 0.016 65.497 65.405 0.00800000000000001 65.399
0.154 0.013 0.167 0.12 0.00800000000000001 0.128 55.131 0.045 55.163 62.82 0.002 62.817 62.013 0.001 62
0.156 0.01 0.166 0.115 0.013 0.128 55.053 0.033 55.074 61.856 0.002 61.851 62.271 0.002 62.267
0.152 0.015 0.167 0.115 0.013 0.128 55.495 0.04 55.524 63.856 0.00899999999999998 63.852 63.832 0 63.819
0.148 0.013 0.162 0.114 0.013 0.126 55.481 0.028 55.498 63.613 0.002 63.601 63.607 0.001 63.594
0.151 0.01 0.161 0.114 0.013 0.128 54.95 0.029 54.965 63.279 0.002 63.269 63.241 0.001 63.228
0.154 0.014 0.168 0.119 0.013 0.132 55.464 0.024 55.482 63.373 0 63.361 63.009 0 63.011
0.155 0.011 0.167 0.114 0.015 0.128 55.521 0.034 55.543 63.841 0.012 63.839 63.503 0.00700000000000001 63.496
0.162 0.00499999999999999 0.167 0.119 0.013 0.133 56.539 0.039 56.565 64.962 0.00499999999999998 64.954 64.845 0 64.83
0.157 0.011 0.167 0.12 0.00800000000000001 0.128 55.88 0.036 55.904 63.997 0 63.983 63.907 0 63.894
0.156 0.01 0.166 0.108 0.02 0.128 54.867 0.034 54.888 62.723 0.001 62.72 62.039 0 62.025
0.151 0.017 0.168 0.119 0.01 0.129 55.119 0.056 55.162 63.233 0 63.219 62.669 0 62.663
0.157 0.01 0.168 0.117 0.012 0.128 54.765 0.032 54.784 62.933 0 62.919 62.85 0.003 62.837
0.157 0.013 0.171 0.118 0.015 0.133 55.991 0.025 56.01 64.281 0 64.274 63.758 0.001 63.761
0.143 0.018 0.161 0.119 0.00899999999999999 0.127 54.899 0.04 54.926 63.103 0.001 63.092 63.045 0 63.031
0.159 0.01 0.169 0.121 0.011 0.132 56.051 0.032 56.069 64.239 0.003 64.228 64.165 0 64.151
0.151 0.01 0.161 0.113 0.013 0.126 55.014 0.022 55.024 63.05 0 63.038 63.434 0.001 63.421
0.153 0.012 0.165 0.116 0.012 0.128 55.527 0.033 55.546 63.579 0 63.563 63.495 0 63.48
0.155 0.014 0.168 0.115 0.014 0.13 55.274 0.031 55.292 63.465 0.002 63.455 62.715 0 62.709
0.144 0.021 0.165 0.115 0.012 0.127 55.181 0.033 55.202 62.241 0 62.235 62.295 0 62.286
0.157 0.00800000000000001 0.165 0.115 0.012 0.127 55.291 0.046 55.324 63.455 0 63.441 63.397 0 63.383
0.16 0.00899999999999999 0.169 0.123 0.01 0.133 57.089 0.022 57.097 65.139 0.00600000000000001 65.131 64.982 0 64.968
0.154 0.012 0.167 0.116 0.012 0.128 55.043 0.056 55.086 63.169 0.001 63.156 63.205 0.001 63.192
0.153 0.012 0.165 0.117 0.011 0.127 55.602 0.04 55.63 63.906 0.004 63.896 63.777 0 63.765
0.155 0.012 0.167 0.112 0.017 0.129 55.088 0.034 55.11 63.028 0.002 63.015 62.999 0.001 62.987
0.152 0.014 0.166 0.114 0.013 0.127 55.16 0.032 55.179 63.23 0.003 63.221 63.208 0.001 63.194
0.15 0.011 0.162 0.117 0.011 0.128 56.19 0.036 56.212 64.462 0.005 64.454 64.322 0.001 64.311
0.156 0.011 0.167 0.117 0.012 0.128 55.469 0.046 55.504 63.493 0.002 63.481 63.423 0 63.409
0.153 0.012 0.165 0.113 0.015 0.128 55.04 0.027 55.054 62.525 0.002 62.523 62.255 0.004 62.254
0.147 0.021 0.169 0.119 0.013 0.132 56.181 0.04 56.208 64.416 0.002 64.404 64.313 0.005 64.303
0.148 0.013 0.161 0.111 0.016 0.127 55.196 0.027 55.21 63.256 0.001 63.244 63.27 0 63.254
0.154 0.013 0.167 0.114 0.017 0.13 55.159 0.025 55.183 62.646 0.002 62.636 62.41 0.001 62.416
0.153 0.013 0.166 0.111 0.016 0.127 55.093 0.053 55.133 63.185 0.002 63.174 63.074 0.003 63.061
0.15 0.018 0.169 0.118 0.014 0.132 56.683 0.029 56.698 64.971 0.002 64.96 65.036 0.001 65.027
0.15 0.016 0.166 0.115 0.012 0.128 54.795 0.042 54.824 62.954 0.00800000000000001 62.949 62.48 0 62.474
0.145 0.016 0.16 0.114 0.012 0.126 55.048 0.047 55.084 63.19 0.001 63.177 63.205 0.001 63.191
0.157 0.018 0.175 0.128 0.005 0.133 57.4 0.034 57.424 65.704 0 65.69 65.533 0 65.52
0.153 0.013 0.166 0.118 0.01 0.129 55.922 0.035 55.945 63.58 0.001 63.574 63.292 0 63.278
0.155 0.015 0.17 0.116 0.014 0.13 54.935 0.028 54.951 63.139 0 63.127 63.069 0.001 63.056
0.146 0.016 0.162 0.117 0.01 0.127 55.342 0.041 55.371 63.657 0.002 63.645 63.53 0 63.517
0.157 0.01 0.166 0.111 0.017 0.128 54.301 0.029 54.324 62.309 0.002 62.298 61.966 0 61.965
0.152 0.013 0.165 0.119 0.00799999999999999 0.127 54.98 0.026 54.995 62.439 0 62.432 62.275 0.001 62.27
0.147 0.013 0.161 0.114 0.013 0.126 55.139 0.035 55.161 63.504 0.001 63.49 63.446 0 63.431
0.152 0.013 0.165 0.116 0.012 0.128 54.879 0.038 54.905 62.927 0.00599999999999998 62.92 62.876 0.003 62.865
0.146 0.016 0.161 0.117 0.01 0.128 54.324 0.035 54.347 63.213 0.003 63.202 63.079 0.001 63.068
0.154 0.013 0.167 0.113 0.016 0.129 55.324 0.034 55.345 63.623 0 63.617 62.897 0.002 62.885
0.152 0.011 0.164 0.118 0.011 0.129 55.037 0.032 55.056 63.099 0.003 63.088 62.618 0.002 62.614
0.151 0.016 0.166 0.114 0.013 0.127 55.363 0.025 55.376 63.61 0 63.596 62.673 0 62.665
0.152 0.013 0.165 0.117 0.012 0.129 56.59 0.026 56.603 65.02 0 65.007 65.034 0.001 65.028
0.155 0.016 0.171 0.124 0.01 0.134 56.233 0.04 56.26 64.385 0.003 64.375 64.324 0.001 64.31
0.149 0.018 0.168 0.118 0.01 0.128 55.547 0.04 55.574 63.523 0.001 63.512 64.388 0 64.374
0.151 0.018 0.17 0.118 0.012 0.129 55.203 0.036 55.228 63.152 0.004 63.143 64.119 0 64.105
0.15 0.017 0.167 0.119 0.01 0.129 55.452 0.038 55.476 63.507 0.001 63.495 63.514 0 63.498
0.154 0.00799999999999999 0.162 0.112 0.017 0.128 54.755 0.066 54.808 62.903 0.005 62.894 63.13 0 63.115
0.151 0.01 0.163 0.112 0.015 0.127 54.77 0.02 54.779 62.893 0 62.879 63.156 0 63.141
0.15 0.01 0.161 0.111 0.017 0.127 54.761 0.037 54.787 62.755 0.001 62.743 62.725 0.002 62.713
0.158 0.00799999999999999 0.166 0.113 0.015 0.128 54.846 0.033 54.873 62.376 0.002 62.365 62.179 0 62.179
0.156 0.011 0.167 0.121 0.00800000000000001 0.129 55.175 0.026 55.187 63.28 0.001 63.268 63.261 0 63.247
0.155 0.012 0.166 0.112 0.016 0.128 55.222 0.033 55.243 63.322 0 63.309 63.339 0.001 63.327
0.146 0.02 0.165 0.115 0.013 0.128 55.16 0.034 55.18 63.523 0.005 63.513 63.477 0.001 63.462
0.148 0.018 0.166 0.112 0.016 0.127 55.322 0.022 55.332 62.399 0.017 62.41 62.392 0.00700000000000001 62.392
0.148 0.017 0.165 0.115 0.013 0.128 54.847 0.028 54.863 62.989 0.003 62.978 62.969 0.003 62.958
0.156 0.00899999999999999 0.166 0.119 0.00900000000000001 0.128 55.406 0.041 55.433 63.659 0.001 63.647 63.648 0.00299999999999997 63.637
0.15 0.017 0.168 0.114 0.015 0.129 55.767 0.04 55.793 63.877 0 63.863 63.782 0 63.768
0.155 0.012 0.166 0.117 0.015 0.132 56.447 0.033 56.469 64.387 0.00800000000000001 64.381 64.262 0.001 64.25
0.15 0.015 0.166 0.116 0.013 0.128 55.4 0.031 55.419 63.459 0 63.446 63.437 0.001 63.425
0.156 0.01 0.165 0.114 0.014 0.128 55.567 0.027 55.583 63.699 0.001 63.687 63.704 0 63.692
0.15 0.016 0.166 0.117 0.011 0.128 55.022 0.027 55.037 63.112 0.002 63.1 63.057 0.001 63.044
0.154 0.012 0.167 0.115 0.014 0.129 55.163 0.035 55.184 62.583 0 62.579 62.353 0 62.348
0.148 0.018 0.166 0.117 0.011 0.127 55.271 0.031 55.29 62.822 0.00399999999999998 62.819 62.473 0.005 62.463
0.158 0.00899999999999999 0.167 0.114 0.015 0.129 55.149 0.034 55.17 63.268 0.004 63.257 63.25 0.001 63.237
0.149 0.017 0.166 0.117 0.011 0.128 55.086 0.026 55.099 62.977 0 62.964 62.934 0 62.919
0.155 0.011 0.165 0.108 0.023 0.131 56.621 0.035 56.644 64.583 0.00299999999999997 64.572 64.478 0.003 64.466
0.153 0.015 0.168 0.123 0.00799999999999999 0.131 55.238 0.058 55.283 63.217 0.003 63.207 63.158 0 63.142
0.157 0.00899999999999999 0.167 0.115 0.013 0.127 54.875 0.041 54.905 62.978 0.003 62.967 63.026 0.002 63.015
0.154 0.00799999999999999 0.162 0.122 0.00800000000000001 0.131 55.855 0.025 55.867 64.246 0.001 64.234 64.254 0 64.243
0.151 0.01 0.161 0.113 0.013 0.126 54.593 0.033 54.614 62.728 0.005 62.721 62.146 0.002 62.144
0.151 0.016 0.167 0.118 0.012 0.129 54.53 0.038 54.561 62.373 0.001 62.366 61.949 0 61.948
0.149 0.014 0.162 0.114 0.016 0.13 56.675 0.028 56.689 64.847 0 64.833 64.818 0.001 64.806
0.152 0.014 0.166 0.115 0.013 0.128 54.855 0.03 54.872 62.901 0.002 62.888 62.948 0.001 62.934
0.153 0.014 0.167 0.111 0.018 0.129 55.15 0.026 55.163 62.294 0.00299999999999997 62.291 62.157 0.001 62.151
0.159 0.00900000000000001 0.168 0.118 0.00999999999999998 0.128 54.736 0.037 54.768 62.482 0.001 62.47 62.616 0 62.615
0.144 0.018 0.162 0.116 0.012 0.128 55.948 0.028 55.964 63.662 0.001 63.656 63.014 0 63.001
