0.053 0.001 0.054 0.011 0 0.012 8.793 0.007 8.797 9.234 0 9.232 9.156 0 9.154
0.052 0.001 0.053 0.011 0.001 0.011 8.809 0.014 8.822 9.281 0 9.278 9.199 0 9.198
0.046 0 0.046 0.00999999999999998 0.001 0.011 8.298 0.011 8.307 8.665 0 8.663 8.594 0 8.592
0.054 0 0.055 0.012 0 0.011 8.779 0.007 8.784 9.205 0 9.202 9.128 0 9.127
0.052 0.001 0.053 0.011 0 0.011 8.768 0.01 8.776 9.206 0 9.203 9.131 0 9.13
0.053 0.002 0.055 0.01 0.002 0.012 8.848 0.006 8.852 9.279 0 9.277 9.203 0 9.201
0.053 0.001 0.053 0.01 0.001 0.011 8.782 0.005 8.785 9.232 0 9.229 9.147 0 9.146
0.052 0.001 0.054 0.012 0 0.011 8.828 0.009 8.835 9.242 0 9.24 8.944 0 8.942
0.047 0 0.047 0.011 0 0.011 8.386 0.008 8.392 8.82 0 8.817 8.707 0 8.705
0.044 0.001 0.045 0.011 0 0.011 8.314 0.01 8.323 8.74 0 8.738 8.653 0 8.652
0.046 0 0.047 0.011 0 0.011 8.374 0.014 8.386 8.809 0 8.808 8.721 0 8.718
0.051 0.001 0.052 0.00900000000000001 0.002 0.011 8.701 0.013 8.718 8.994 0.001 8.998 8.846 0 8.848
0.053 0 0.052 0.01 0.001 0.012 8.907 0.008 8.912 9.335 0 9.332 9.137 0 9.139
0.054 0 0.055 0.01 0.002 0.011 8.764 0.013 8.781 9.015 0 9.019 8.835 0 8.833
0.052 0.001 0.053 0.01 0.000999999999999994 0.011 8.831 0.015 8.844 9.283 0 9.28 9.136 0 9.141
0.052 0 0.052 0.011 0.001 0.012 8.783 0.013 8.799 9.005 0 9.009 8.815 0 8.814
0.052 0.002 0.052 0.00900000000000001 0.00199999999999999 0.011 8.789 0.011 8.799 9.136 0 9.134 9.027 0 9.026
0.045 0.001 0.046 0.00999999999999998 0.001 0.011 8.386 0.007 8.391 8.823 0 8.822 9.093 0 9.091
0.053 0 0.053 0.01 0.001 0.011 8.671 0.007 8.676 8.794 0 8.792 8.678 0 8.676
0.053 0 0.054 0.012 0 0.011 8.869 0.007 8.874 9.112 0 9.109 8.704 0 8.703
0.046 0 0.046 0.00799999999999998 0.003 0.011 8.418 0.008 8.424 8.824 0 8.823 8.722 0 8.718
0.046 0 0.046 0.01 0.001 0.011 8.3 0.013 8.311 8.704 0 8.703 8.607 0 8.603
0.052 0 0.052 0.011 0 0.011 8.793 0.011 8.802 9.249 0.001 9.247 9.161 0 9.16
0.053 0 0.053 0.011 0 0.011 8.787 0.011 8.796 9.23 0 9.227 9.141 0 9.14
0.054 0 0.054 0.00900000000000001 0.00199999999999999 0.011 8.814 0.011 8.823 9.263 0 9.261 9.177 0 9.175
0.053 0 0.053 0.011 0 0.011 8.804 0.008 8.81 9.245 0 9.243 9.168 0 9.167
0.046 0 0.047 0.011 0 0.011 8.356 0.007 8.36 8.778 0 8.777 8.721 0 8.719
0.052 0 0.052 0.011 0.001 0.011 8.793 0.007 8.798 9.225 0.001 9.224 9.138 0 9.136
0.053 0.001 0.053 0.011 0 0.011 8.815 0.006 8.818 9.243 0 9.241 9.158 0 9.158
0.044 0.002 0.046 0.011 0 0.01 8.389 0.01 8.398 8.813 0 8.811 8.708 0 8.707
0.046 0 0.046 0.01 0 0.011 8.321 0.006 8.325 8.762 0 8.76 8.679 0 8.676
0.045 0.001 0.047 0.011 0 0.011 8.448 0.011 8.456 9.281 0.001 9.279 9.273 0 9.272
0.053 0 0.053 0.011 0 0.011 8.818 0.018 8.835 9.146 0 9.143 8.679 0 8.678
0.049 0 0.049 0.011 0 0.011 8.187 0.01 8.202 8.84 0.001 8.847 8.806 0 8.808
0.051 0.002 0.054 0.011 0 0.011 8.801 0.007 8.806 8.899 0 8.9 8.389 0 8.396
0.045 0.001 0.046 0.00999999999999998 0.000999999999999994 0.011 8.434 0.007 8.439 9.272 0 9.269 9.232 0 9.231
0.052 0.001 0.053 0.011 0 0.011 8.797 0.009 8.803 9.178 0 9.176 8.677 0 8.676
0.047 0 0.046 0.00999999999999998 0.001 0.011 8.32 0.016 8.334 8.92 0 8.917 9.159 0 9.158
0.052 0.001 0.054 0.011 0.001 0.011 8.895 0.012 8.905 8.913 0 8.916 8.559 0 8.564
0.045 0.001 0.047 0.01 0.001 0.01 8.392 0.013 8.403 8.692 0 8.691 8.606 0 8.602
0.047 0 0.048 0.00999999999999998 0.002 0.011 8.36 0.009 8.368 9.207 0 9.205 9.182 0 9.181
0.054 0 0.054 0.011 0 0.011 8.76 0.013 8.771 9.124 0 9.122 8.65 0 8.649
0.051 0 0.051 0.011 0 0.011 8.477 0.00800000000000001 8.483 8.749 0 8.747 8.646 0 8.644
0.051 0.001 0.053 0.011 0.001 0.011 8.826 0.011 8.836 9.26 0 9.256 9.178 0 9.177
0.053 0.000999999999999994 0.053 0.011 0 0.011 8.749 0.014 8.762 9.205 0 9.202 9.126 0 9.124
0.046 0.001 0.047 0.01 0.001 0.011 8.319 0.009 8.326 8.746 0.001 8.745 8.665 0 8.663
0.051 0.003 0.054 0.01 0.001 0.011 8.794 0.007 8.799 9.232 0 9.229 9.155 0 9.154
0.053 0.001 0.053 0.011 0 0.011 8.848 0.00899999999999999 8.855 9.289 0 9.287 9.197 0 9.195
0.058 0.000999999999999994 0.06 0.011 0 0.012 8.923 0.00800000000000001 8.929 9.352 0.000999999999999994 9.351 9.264 0 9.262
0.052 0 0.052 0.011 0 0.011 8.844 0.008 8.85 9.299 0 9.297 9.209 0 9.208
0.052 0 0.053 0.00999999999999998 0.002 0.011 8.827 0.008 8.834 9.26 0 9.258 9.178 0 9.177
0.053 0 0.054 0.011 0.001 0.011 8.85 0.011 8.86 9.316 0 9.312 9.219 0 9.219
0.052 0.001 0.053 0.011 0 0.011 8.803 0.007 8.807 9.108 0 9.106 9.015 0 9.013
0.054 0.001 0.055 0.01 0.001 0.012 8.804 0.008 8.809 9.243 0 9.24 9.16 0 9.159
0.053 0 0.054 0.011 0 0.011 8.782 0.015 8.794 9.245 0 9.243 9.153 0 9.151
0.045 0.001 0.046 0.011 0 0.011 8.336 0.008 8.343 8.758 0 8.755 8.718 0 8.716
0.045 0.001 0.046 0.011 0 0.011 8.417 0.01 8.424 8.811 0 8.81 8.721 0 8.719
0.047 0 0.047 0.00899999999999998 0.001 0.011 8.348 0.008 8.353 9.148 0 9.145 9.145 0 9.144
0.058 0.001 0.06 0.01 0.001 0.011 8.782 0.011 8.792 9.218 0.001 9.215 9.142 0 9.142
0.045 0 0.046 0.01 0.000999999999999997 0.01 8.339 0.008 8.346 9.211 0 9.208 9.173 0 9.171
0.052 0.000999999999999994 0.053 0.00800000000000001 0.003 0.012 8.798 0.009 8.804 9.186 0 9.184 8.683 0 8.682
0.051 0.001 0.052 0.011 0.001 0.012 8.872 0.008 8.877 9.306 0 9.304 9.25 0 9.248
0.052 0.001 0.053 0.011 0 0.012 8.789 0.007 8.793 9.241 0 9.239 9.159 0 9.157
0.053 0.001 0.054 0.011 0 0.011 8.764 0.012 8.777 9.194 0.002 9.197 9.121 0.000999999999999994 9.123
0.052 0.000999999999999994 0.053 0.00900000000000001 0.002 0.011 8.837 0.007 8.841 9.252 0 9.251 9.184 0 9.181
0.054 0 0.055 0.012 0 0.011 8.787 0.014 8.798 9.233 0 9.231 9.143 0 9.142
0.052 0.001 0.053 0.011 0.001 0.012 8.811 0.01 8.819 9.26 0 9.257 9.176 0 9.175
0.047 0 0.046 0.01 0.001 0.011 8.496 0.009 8.503 9.205 0 9.203 9.123 0 9.123
0.051 0.001 0.053 0.01 0.000999999999999997 0.011 8.853 0.00600000000000001 8.856 9.201 0 9.199 8.85 0 8.849
0.055 0 0.054 0.011 0 0.012 8.816 0.008 8.823 9.247 0 9.244 9.173 0 9.172
0.053 0 0.053 0.00800000000000001 0.003 0.011 8.813 0.012 8.822 9.232 0 9.231 9.148 0 9.147
0.053 0.001 0.054 0.011 0.001 0.012 8.846 0.011 8.855 9.289 0 9.286 9.194 0 9.193
0.054 0 0.054 0.011 0 0.011 8.786 0.011 8.795 9.247 0 9.244 9.168 0 9.167
0.045 0.001 0.047 0.011 0 0.011 8.388 0.009 8.395 9.249 0 9.246 9.228 0 9.226
0.052 0.001 0.053 0.01 0.001 0.012 8.789 0.009 8.794 9.143 0 9.141 8.668 0 8.668
0.046 0.001 0.047 0.011 0 0.011 8.379 0.008 8.385 8.798 0.001 8.797 8.695 0 8.693
0.045 0.002 0.046 0.00799999999999998 0.003 0.011 8.403 0.009 8.411 8.831 0 8.829 8.742 0 8.74
0.052 0.001 0.052 0.011 0 0.012 8.827 0.009 8.834 9.257 0 9.255 9.176 0 9.173
0.051 0.001 0.053 0.012 0 0.011 8.782 0.008 8.788 9.228 0 9.226 9.143 0 9.141
0.044 0.002 0.045 0.011 0 0.011 8.385 0.007 8.391 8.843 0 8.841 8.741 0 8.738
0.052 0.002 0.054 0.011 0 0.011 8.839 0.00899999999999999 8.846 9.271 0 9.269 9.183 0 9.181
0.046 0 0.046 0.00999999999999998 0.001 0.011 8.353 0.011 8.362 8.76 0 8.758 8.697 0 8.695
0.044 0.002 0.046 0.00899999999999998 0.002 0.011 8.307 0.01 8.315 8.735 0 8.731 8.632 0 8.631
0.053 0.001 0.055 0.012 0 0.011 8.956 0.009 8.964 9.275 0 9.272 9.199 0 9.199
0.053 0 0.053 0.00900000000000001 0.002 0.011 8.81 0.007 8.815 9.233 0 9.231 9.153 0 9.152
0.053 0.001 0.054 0.011 0 0.011 8.807 0.007 8.812 9.235 0 9.232 9.155 0 9.154
0.051 0.00199999999999999 0.052 0.01 0.001 0.012 8.829 0.014 8.841 9.283 0 9.279 9.183 0 9.181
0.053 0 0.053 0.011 0 0.012 8.783 0.011 8.791 9.228 0 9.225 9.142 0 9.141
0.051 0.001 0.051 0.011 0 0.012 8.813 0.00799999999999999 8.819 9.247 0 9.244 9.164 0 9.163
0.052 0.000999999999999997 0.053 0.011 0 0.012 8.837 0.007 8.842 9.275 0 9.272 9.184 0 9.182
0.054 0 0.055 0.011 0 0.011 8.813 0.012 8.824 9.242 0 9.24 9.162 0 9.159
0.054 0 0.053 0.011 0 0.012 8.916 0.013 8.927 9.353 0 9.351 9.251 0 9.249
0.045 0.000999999999999997 0.047 0.011 0 0.01 8.375 0.011 8.384 8.779 0 8.777 8.681 0 8.68
0.055 0 0.056 0.01 0.001 0.011 8.843 0.006 8.846 9.297 0 9.296 9.219 0 9.217
0.052 0.001 0.053 0.011 0 0.012 8.863 0.005 8.866 9.274 0 9.271 9.186 0 9.185
0.045 0.001 0.047 0.011 0 0.011 8.393 0.01 8.401 8.801 0 8.797 8.729 0 8.727
0.043 0.003 0.046 0.011 0 0.011 8.364 0.009 8.371 8.802 0 8.799 8.711 0 8.709
0.054 0 0.054 0.011 0 0.011 8.851 0.005 8.854 9.286 0 9.284 9.199 0 9.197
0.053 0 0.053 0.011 0 0.011 8.829 0.006 8.833 9.264 0 9.26 9.181 0 9.18
0.045 0 0.046 0.011 0 0.011 8.339 0.012 8.349 9.195 0 9.193 9.17 0 9.167
0.053 0 0.053 0.00900000000000001 0.002 0.011 8.77 0.011 8.779 9.171 0 9.169 8.662 0 8.661
0.054 0.001 0.055 0.01 0.001 0.011 8.814 0.015 8.827 9.276 0 9.273 9.18 0 9.18
0.052 0.001 0.053 0.01 0.001 0.011 8.764 0.013 8.776 9.246 0 9.243 9.168 0 9.166
0.055 0 0.055 0.01 0.00199999999999999 0.011 8.801 0.009 8.807 9.128 0 9.126 9.051 0 9.051
0.053 0 0.053 0.011 0 0.011 8.755 0.01 8.763 9.2 0 9.197 9.114 0 9.113
0.045 0.001 0.046 0.00900000000000001 0.002 0.011 8.329 0.012 8.339 8.764 0 8.762 8.671 0 8.669
0.047 0 0.046 0.00999999999999998 0 0.011 8.311 0.012 8.32 8.736 0 8.734 8.647 0 8.646
0.05 0 0.051 0.011 0.001 0.011 8.764 0.01 8.772 9.208 0 9.205 9.117 0 9.116
0.052 0.001 0.053 0.011 0 0.011 8.765 0.013 8.775 9.207 0 9.205 9.118 0 9.116
0.048 0.002 0.05 0.011 0 0.011 8.798 0.012 8.808 9.132 0.001 9.131 9.045 0 9.044
0.052 0.001 0.053 0.01 0.001 0.012 8.798 0.009 8.805 9.252 0.001 9.25 9.139 0 9.139
0.049 0.002 0.052 0.012 0 0.011 8.934 0.01 8.942 9.365 0 9.362 9.286 0 9.285
0.052 0.001 0.053 0.011 0 0.012 8.835 0.008 8.841 9.276 0 9.273 9.197 0 9.196
0.045 0.001 0.046 0.011 0 0.011 8.395 0.016 8.409 9.127 0 9.124 9.106 0 9.105
0.053 0 0.053 0.011 0 0.011 8.776 0.013 8.787 9.116 0 9.114 8.666 0 8.664
0.046 0 0.046 0.01 0.000999999999999997 0.011 8.365 0.013 8.376 8.763 0 8.761 8.689 0 8.686
0.047 0.002 0.048 0.011 0 0.011 8.319 0.007 8.326 8.736 0 8.734 8.67 0 8.668
0.053 0 0.053 0.011 0 0.011 8.769 0.005 8.772 9.094 0 9.091 8.644 0 8.643
0.045 0.001 0.046 0.00999999999999998 0.001 0.011 8.366 0.012 8.376 9.017 0 9.014 8.908 0 8.908
0.047 0 0.046 0.011 0 0.011 8.367 0.01 8.375 8.799 0 8.798 8.712 0 8.709
0.045 0.001 0.046 0.011 0 0.011 8.562 0.012 8.572 9.262 0 9.26 9.187 0 9.185
0.044 0.002 0.046 0.011 0 0.011 8.486 0.019 8.509 8.778 0.003 8.782 8.641 0.003 8.647
0.054 0 0.053 0.01 0.001 0.011 8.78 0.01 8.789 9.216 0 9.214 8.86 0 8.858
0.054 0.000999999999999994 0.055 0.01 0.001 0.011 8.792 0.012 8.801 9.239 0 9.237 9.157 0 9.156
0.054 0 0.054 0.011 0 0.011 8.741 0.008 8.745 9.169 0 9.168 9.08 0 9.079
0.053 0.001 0.055 0.00900000000000001 0.003 0.011 8.915 0.00800000000000001 8.922 9.345 0.00199999999999999 9.343 9.257 0 9.257
0.053 0 0.053 0.01 0.001 0.012 8.818 0.007 8.822 9.25 0 9.247 9.163 0 9.163
0.056 0 0.055 0.011 0 0.012 8.805 0.006 8.808 9.244 0 9.241 9.164 0 9.162
0.052 0.002 0.054 0.01 0.001 0.011 8.832 0.00899999999999999 8.839 9.302 0 9.299 9.212 0 9.211
0.052 0.003 0.055 0.011 0 0.011 8.828 0.006 8.833 9.265 0 9.262 9.192 0 9.192
0.053 0 0.053 0.011 0 0.011 8.789 0.009 8.796 9.222 0 9.221 9.142 0 9.14
0.054 0.001 0.055 0.01 0.002 0.011 8.882 0.012 8.892 9.312 0 9.309 9.234 0 9.233
0.052 0.00199999999999999 0.053 0.012 0 0.011 8.79 0.015 8.804 9.258 0 9.255 9.161 0 9.159
0.055 0 0.055 0.00900000000000001 0.002 0.012 8.862 0.009 8.869 9.285 0.002 9.284 9.188 0 9.187
0.053 0 0.053 0.01 0.002 0.012 8.771 0.01 8.779 9.211 0 9.209 9.136 0 9.135
0.054 0 0.055 0.012 0 0.011 8.871 0.004 8.874 9.305 0 9.303 9.236 0 9.233
0.053 0 0.052 0.011 0 0.011 8.805 0.011 8.815 9.25 0.001 9.248 9.172 0 9.17
0.053 0 0.053 0.011 0 0.011 8.748 0.012 8.758 8.928 0 8.926 8.846 0 8.844
0.047 0 0.047 0.011 0 0.011 8.409 0.009 8.416 8.817 0 8.815 8.741 0 8.739
0.046 0 0.045 0.00999999999999998 0 0.011 8.35 0.013 8.361 9.194 0 9.192 9.166 0 9.165
0.052 0.001 0.053 0.011 0 0.011 8.857 0.009 8.864 9.25 0 9.247 8.745 0 8.744
0.055 0 0.054 0.01 0.000999999999999997 0.011 8.805 0.011 8.815 9.282 0.001 9.28 9.2 0 9.198
0.054 0.001 0.053 0.01 0.000999999999999994 0.011 8.775 0.008 8.781 9.228 0 9.227 9.143 0 9.142
0.044 0.002 0.046 0.00899999999999998 0.00199999999999999 0.011 8.335 0.008 8.341 8.77 0.001 8.769 8.662 0 8.66
0.045 0.001 0.046 0.00999999999999998 0.001 0.011 8.53 0.005 8.534 9.238 0 9.235 9.147 0 9.146
0.052 0.001 0.053 0.00900000000000001 0.00199999999999999 0.011 8.792 0.00700000000000001 8.797 9.115 0 9.112 8.809 0 8.808
0.052 0 0.053 0.01 0.001 0.011 8.796 0.005 8.799 9.246 0 9.242 9.172 0 9.171
0.053 0.001 0.053 0.00900000000000001 0.002 0.011 8.777 0.005 8.78 9.208 0 9.205 9.121 0 9.12
0.053 0 0.053 0.011 0 0.011 8.625 0.01 8.633 8.794 0 8.792 8.694 0 8.693
0.054 0 0.054 0.01 0.002 0.012 8.817 0.009 8.825 9.256 0 9.254 9.156 0 9.154
0.052 0.001 0.053 0.011 0 0.011 8.824 0.006 8.828 9.256 0 9.254 9.16 0 9.16
0.055 0 0.055 0.01 0.00199999999999999 0.012 9.008 0.012 9.017 9.445 0 9.443 9.324 0 9.322
0.052 0.001 0.053 0.011 0.001 0.011 8.765 0.01 8.772 9.212 0 9.21 9.127 0 9.125
0.054 0.001 0.055 0.00900000000000001 0.00199999999999999 0.011 8.832 0.013 8.843 9.307 0 9.305 9.221 0 9.219
0.053 0 0.053 0.01 0.001 0.011 8.809 0.007 8.814 9.255 0 9.252 9.174 0 9.173
0.054 0 0.054 0.011 0 0.011 8.847 0.00899999999999999 8.854 9.291 0 9.287 9.192 0 9.192
0.053 0 0.053 0.011 0 0.011 8.795 0.008 8.801 9.148 0 9.147 9.064 0 9.063
0.044 0.002 0.046 0.00999999999999998 0.001 0.011 8.624 0.01 8.632 9.331 0 9.328 9.255 0 9.255
0.053 0 0.053 0.012 0 0.012 8.786 0.009 8.793 9.223 0 9.221 8.847 0 8.845
0.045 0.000999999999999994 0.046 0.011 0 0.011 8.394 0.011 8.404 8.747 0 8.744 8.65 0 8.648
0.054 0 0.054 0.01 0.000999999999999994 0.011 8.824 0.01 8.832 9.172 0 9.17 9.09 0 9.088
0.053 0 0.054 0.012 0 0.011 8.749 0.007 8.755 9.19 0 9.186 9.109 0 9.108
0.045 0 0.046 0.00999999999999998 0.001 0.011 8.3 0.006 8.304 8.941 0 8.939 8.66 0 8.658
0.044 0.00199999999999999 0.047 0.011 0 0.011 8.548 0.012 8.558 8.751 0 8.749 8.668 0 8.664
0.055 0.000999999999999994 0.057 0.012 0 0.011 8.862 0.013 8.875 9.306 0.005 9.315 9.244 0.001 9.246
0.053 0 0.054 0.011 0 0.011 8.787 0.009 8.794 9.224 0 9.22 9.141 0 9.14
0.053 0.001 0.055 0.00900000000000001 0.002 0.011 8.804 0.012 8.813 9.244 0 9.243 9.152 0 9.15
0.053 0 0.054 0.01 0.001 0.011 8.828 0.01 8.835 9.264 0 9.263 9.185 0 9.182
0.044 0.002 0.047 0.00999999999999998 0.001 0.011 8.557 0.02 8.578 9.271 0.005 9.276 9.193 0.005 9.201
0.057 0.001 0.058 0.011 0 0.011 8.815 0.013 8.826 9.259 0 9.257 9.178 0 9.175
0.057 0.000999999999999994 0.058 0.011 0 0.011 8.818 0.011 8.827 9.257 0 9.254 9.18 0 9.179
0.045 0.001 0.045 0.011 0 0.011 8.35 0.011 8.359 8.793 0 8.791 8.701 0.001 8.699
0.054 0 0.054 0.011 0 0.011 8.805 0.013 8.817 9.255 0 9.253 9.178 0 9.177
0.051 0.001 0.053 0.012 0 0.011 8.767 0.008 8.774 9.225 0 9.222 9.144 0 9.143
0.058 0 0.057 0.01 0.000999999999999994 0.011 8.792 0.01 8.8 9.233 0 9.231 9.156 0 9.155
0.057 0.001 0.058 0.011 0 0.012 8.799 0.006 8.802 9.238 0 9.236 9.148 0 9.146
0.05 0.002 0.052 0.011 0.001 0.012 8.879 0.007 8.884 9.305 0 9.304 9.212 0 9.21
0.054 0.001 0.054 0.01 0.001 0.012 8.811 0.00899999999999999 8.817 9.252 0 9.251 9.179 0 9.176
0.051 0.002 0.053 0.01 0.001 0.011 8.815 0.012 8.825 9.259 0 9.256 8.914 0 8.913
0.054 0.000999999999999994 0.054 0.011 0 0.011 8.823 0.004 8.826 9.263 0 9.26 9.184 0 9.182
0.052 0.001 0.053 0.00900000000000001 0.002 0.011 8.748 0.009 8.755 9.183 0 9.179 9.091 0 9.091
0.046 0 0.046 0.00999999999999998 0.001 0.011 8.33 0.005 8.333 8.758 0 8.755 8.67 0 8.668
0.054 0 0.055 0.012 0 0.011 8.806 0.016 8.821 9.277 0 9.274 9.184 0 9.182
0.051 0.00199999999999999 0.053 0.011 0 0.011 8.767 0.015 8.78 9.084 0 9.081 9.008 0 9.007
0.053 0.00199999999999999 0.054 0.011 0 0.012 8.802 0.011 8.81 9.251 0 9.248 9.164 0 9.163
0.054 0 0.054 0.01 0.001 0.011 8.811 0.009 8.818 9.256 0 9.253 9.175 0 9.174
0.045 0.001 0.046 0.01 0.001 0.011 8.341 0.006 8.345 8.681 0 8.678 8.585 0 8.583
0.045 0 0.046 0.00999999999999998 0.001 0.011 8.333 0.009 8.339 8.685 0 8.683 8.598 0 8.595
0.046 0 0.046 0.00899999999999998 0.00199999999999999 0.011 8.333 0.009 8.34 8.766 0 8.764 8.675 0 8.673
0.054 0.001 0.056 0.01 0.001 0.011 8.936 0.007 8.942 9.387 0 9.385 9.283 0 9.281
0.053 0 0.053 0.01 0.001 0.011 8.824 0.011 8.834 9.257 0 9.254 9.172 0 9.171
0.047 0 0.046 0.011 0 0.011 8.434 0.008 8.44 8.851 0.001 8.851 8.762 0 8.76
0.045 0.001 0.046 0.011 0 0.011 8.621 0.017 8.636 9.321 0 9.318 9.227 0 9.225
0.053 0 0.053 0.00900000000000001 0.002 0.011 8.765 0.009 8.772 9.211 0 9.208 8.877 0 8.876
0.054 0 0.054 0.011 0 0.011 8.759 0.008 8.765 9.216 0 9.214 9.116 0 9.114
0.052 0.001 0.053 0.00900000000000001 0.002 0.011 8.806 0.004 8.807 9.242 0 9.24 9.148 0 9.147
0.054 0.001 0.054 0.011 0 0.012 8.85 0.009 8.857 9.294 0 9.291 9.211 0 9.21
0.052 0.001 0.053 0.01 0.001 0.012 8.779 0.011 8.787 9.229 0 9.228 9.15 0 9.149
0.045 0.000999999999999994 0.046 0.00899999999999998 0.002 0.01 8.371 0.006 8.376 8.986 0 8.983 8.801 0 8.8
0.047 0 0.047 0.011 0 0.01 8.346 0.011 8.356 9.2 0 9.197 9.169 0 9.168
0.053 0 0.053 0.01 0.001 0.011 8.803 0.006 8.806 9.162 0 9.16 8.656 0 8.654
0.046 0.001 0.046 0.00900000000000001 0.002 0.011 8.362 0.014 8.374 8.798 0 8.795 8.704 0 8.703
0.046 0 0.046 0.011 0 0.011 8.387 0.009 8.395 8.8 0 8.798 8.714 0 8.711
0.046 0 0.046 0.01 0.001 0.011 8.578 0.011 8.587 9.229 0 9.227 9.142 0 9.14
0.054 0.001 0.054 0.011 0 0.012 8.892 0.011 8.9 9.338 0 9.335 8.94 0 8.939
0.052 0.000999999999999997 0.054 0.012 0 0.011 8.769 0.012 8.779 9.226 0 9.223 9.122 0 9.122
0.052 0.001 0.053 0.00900000000000001 0.002 0.011 8.834 0.011 8.843 9.295 0 9.291 9.196 0 9.196
0.046 0 0.047 0.011 0 0.01 8.335 0.007 8.34 8.728 0 8.726 8.644 0 8.642
0.045 0.001 0.046 0.011 0 0.011 8.284 0.012 8.294 8.728 0 8.726 8.621 0 8.618
0.044 0.001 0.046 0.01 0.000999999999999997 0.011 8.335 0.016 8.348 9.192 0.001 9.192 9.17 0 9.168
0.05 0.00199999999999999 0.053 0.011 0 0.011 8.846 0.006 8.85 9.197 0.001 9.196 8.715 0 8.714
0.046 0.001 0.046 0.011 0 0.011 8.33 0.008 8.337 8.764 0 8.761 8.64 0 8.638
0.046 0 0.046 0.011 0 0.011 8.352 0.008 8.358 9.227 0 9.225 9.21 0 9.209
0.053 0 0.053 0.01 0.001 0.011 8.8 0.01 8.809 9.194 0 9.19 8.689 0 8.689
0.046 0 0.045 0.011 0 0.011 8.326 0.012 8.336 9.179 0.001 9.178 9.163 0 9.162
0.051 0.002 0.053 0.011 0 0.011 8.873 0.013 8.884 9.216 0 9.214 8.756 0 8.755
0.051 0 0.051 0.011 0 0.011 8.828 0.008 8.835 9.29 0 9.287 9.197 0 9.195
0.052 0.001 0.053 0.011 0 0.011 8.787 0.008 8.793 9.231 0 9.228 9.143 0 9.142
0.046 0.001 0.047 0.011 0 0.011 8.356 0.008 8.363 8.782 0 8.78 8.868 0 8.867
0.053 0.001 0.053 0.011 0 0.012 8.818 0.01 8.825 9.285 0 9.284 9.213 0 9.211
0.052 0.001 0.053 0.00900000000000001 0.002 0.011 8.808 0.011 8.817 9.252 0 9.25 9.176 0 9.174
0.045 0.001 0.046 0.011 0 0.011 8.316 0.013 8.328 8.745 0 8.742 8.65 0 8.648
0.052 0.002 0.054 0.01 0.001 0.011 8.789 0.007 8.794 9.216 0 9.214 9.142 0 9.141
0.053 0 0.053 0.01 0.001 0.011 8.831 0.006 8.834 9.203 0 9.201 9.121 0 9.119
0.045 0.000999999999999994 0.046 0.01 0.001 0.011 8.337 0.008 8.342 8.753 0 8.752 8.708 0 8.706
0.053 0 0.054 0.011 0 0.011 8.837 0.007 8.841 9.26 0 9.258 9.193 0 9.192
0.052 0 0.053 0.012 0 0.011 8.809 0.007 8.813 9.262 0 9.261 9.187 0 9.185
0.043 0.003 0.046 0.011 0 0.011 8.311 0.007 8.318 8.716 0 8.712 8.667 0 8.665
0.045 0.001 0.046 0.01 0.000999999999999997 0.011 8.335 0.011 8.344 8.743 0 8.741 8.656 0 8.654
0.044 0.00199999999999999 0.046 0.011 0 0.011 8.347 0.01 8.356 8.81 0 8.808 8.729 0 8.727
0.045 0.001 0.046 0.00899999999999998 0.002 0.011 8.361 0.014 8.373 8.821 0 8.819 8.734 0 8.732
0.046 0 0.046 0.011 0 0.011 8.652 0.007 8.656 9.361 0 9.359 9.267 0 9.265
0.052 0 0.053 0.011 0.001 0.011 8.809 0.015 8.821 9.252 0 9.25 8.936 0 8.935
0.047 0 0.046 0.00999999999999998 0.001 0.011 8.356 0.008 8.363 8.777 0 8.774 8.742 0 8.74
0.045 0.001 0.046 0.011 0 0.011 8.321 0.005 8.325 8.763 0 8.761 8.688 0 8.686
0.046 0 0.047 0.011 0 0.011 8.421 0.012 8.431 8.85 0 8.848 8.768 0 8.765
0.046 0.001 0.047 0.01 0.001 0.011 8.377 0.005 8.38 8.774 0 8.772 8.699 0 8.697
0.046 0 0.046 0.011 0 0.011 8.389 0.007 8.394 8.793 0 8.791 8.704 0 8.702
0.046 0 0.046 0.00999999999999998 0.001 0.011 8.554 0.016 8.568 8.991 0 8.988 8.836 0 8.836
0.056 0 0.056 0.011 0 0.011 8.812 0.013 8.822 9.248 0 9.246 9.161 0 9.16
0.054 0.001 0.056 0.011 0.001 0.011 8.815 0.016 8.829 9.252 0 9.25 9.166 0 9.164
0.051 0.002 0.053 0.011 0 0.011 8.756 0.00899999999999999 8.761 9.22 0 9.219 9.139 0 9.137
0.053 0 0.053 0.011 0 0.011 8.876 0.007 8.882 9.26 0 9.259 9.177 0 9.174
0.047 0 0.046 0.00699999999999998 0.004 0.011 8.351 0.011 8.36 8.908 0 8.907 9.172 0 9.17
0.053 0.001 0.055 0.011 0 0.011 8.88 0.007 8.884 9.312 0 9.311 9.234 0 9.232
0.052 0.001 0.053 0.011 0 0.011 8.86 0.01 8.869 9.314 0 9.31 9.201 0 9.2
0.046 0.001 0.046 0.011 0 0.011 8.398 0.011 8.407 8.812 0 8.811 8.728 0 8.725
0.048 0 0.047 0.011 0 0.011 8.359 0.013 8.371 8.768 0 8.766 8.656 0 8.654
0.048 0 0.048 0.00900000000000001 0.002 0.011 8.328 0.015 8.341 8.749 0 8.748 8.644 0 8.641
0.044 0.002 0.046 0.00999999999999998 0 0.011 8.335 0.007 8.34 8.696 0 8.694 8.597 0 8.596
0.047 0 0.046 0.00999999999999998 0.001 0.011 8.46 0.007 8.465 8.874 0 8.873 8.771 0 8.769
0.047 0 0.047 0.011 0 0.011 8.375 0.011 8.383 8.813 0 8.811 8.702 0 8.7
0.044 0.002 0.046 0.00999999999999998 0.001 0.011 8.363 0.012 8.374 8.759 0 8.756 8.643 0 8.642
0.044 0.002 0.046 0.01 0.001 0.011 8.341 0.01 8.349 8.754 0 8.751 8.655 0 8.653
0.046 0 0.046 0.00899999999999998 0.002 0.011 8.335 0.012 8.345 8.76 0 8.757 8.688 0 8.686
0.045 0.001 0.046 0.011 0 0.011 8.361 0.01 8.369 8.774 0 8.772 8.7 0 8.699
0.052 0 0.051 0.011 0 0.012 8.486 0.00899999999999999 8.498 8.77 0 8.773 8.896 0 8.901
0.053 0 0.053 0.012 0 0.012 8.856 0.011 8.865 9.32 0 9.317 9.219 0 9.218
0.052 0 0.052 0.011 0 0.012 8.808 0.01 8.815 9.254 0 9.252 9.144 0 9.142
0.054 0 0.054 0.011 0.001 0.012 8.92 0.00799999999999999 8.925 9.381 0 9.379 9.232 0 9.231
0.053 0 0.053 0.01 0.001 0.011 8.765 0.008 8.772 9.215 0 9.211 9.132 0 9.132
0.045 0 0.046 0.00999999999999998 0.000999999999999994 0.011 8.364 0.007 8.369 8.824 0.001 8.822 8.731 0 8.73
0.044 0.001 0.046 0.011 0 0.011 8.346 0.009 8.353 8.888 0 8.886 8.738 0 8.735
0.051 0.00199999999999999 0.053 0.011 0 0.012 8.8 0.007 8.804 8.861 0 8.859 8.669 0 8.668
0.045 0.001 0.046 0.011 0 0.011 8.305 0.006 8.309 8.717 0.001 8.717 8.645 0 8.642
0.057 0.001 0.058 0.011 0.001 0.011 8.76 0.009 8.768 9.248 0 9.245 9.152 0 9.15
0.055 0.002 0.059 0.00900000000000001 0.002 0.011 8.775 0.007 8.779 9.101 0 9.098 9.007 0 9.006
0.044 0.00199999999999999 0.046 0.011 0 0.011 8.303 0.009 8.31 8.754 0 8.752 8.649 0 8.646
0.044 0.000999999999999994 0.046 0.011 0 0.01 8.346 0.009 8.353 8.755 0 8.753 8.679 0 8.677
0.046 0 0.045 0.011 0 0.011 8.392 0.006 8.396 8.782 0 8.781 8.719 0 8.716
0.046 0 0.046 0.011 0 0.011 8.422 0.006 8.425 8.825 0 8.823 8.743 0 8.741
0.046 0 0.046 0.01 0.001 0.011 8.539 0.012 8.548 9.268 0 9.267 9.192 0 9.19
0.05 0.002 0.053 0.011 0 0.011 8.818 0.009 8.824 9.15 0 9.148 8.825 0 8.823
0.045 0.002 0.046 0.00999999999999998 0.001 0.011 8.383 0.008 8.389 8.811 0 8.808 8.74 0 8.738
0.051 0.001 0.053 0.011 0 0.011 8.363 0.014 8.374 8.76 0 8.759 8.702 0 8.698
0.055 0 0.054 0.011 0 0.012 8.461 0.011 8.47 8.896 0 8.894 8.822 0 8.821
0.047 0 0.046 0.00900000000000001 0.002 0.011 8.389 0.008 8.402 8.807 0.000999999999999994 8.812 8.704 0 8.707
0.046 0 0.046 0.00899999999999998 0.00199999999999999 0.011 8.381 0.014 8.394 8.834 0.001 8.832 8.72 0 8.719
0.046 0.000999999999999994 0.046 0.00799999999999998 0.002 0.011 8.351 0.009 8.358 8.778 0 8.776 8.678 0 8.676
0.055 0 0.054 0.00900000000000001 0.002 0.011 8.782 0.008 8.788 9.006 0 9.01 8.809 0 8.814
0.052 0.001 0.053 0.011 0 0.011 8.767 0.009 8.774 9.227 0 9.225 9.114 0 9.113
0.047 0 0.046 0.011 0 0.011 8.413 0.009 8.42 8.827 0 8.825 8.727 0 8.725
0.045 0.001 0.046 0.01 0.000999999999999994 0.011 8.296 0.009 8.304 8.763 0 8.761 8.657 0 8.653
0.054 0 0.054 0.01 0.001 0.012 8.767 0.01 8.774 9.204 0 9.202 9.114 0 9.113
0.052 0.001 0.053 0.01 0.002 0.012 8.818 0.009 8.825 9.251 0 9.248 9.16 0 9.158
0.045 0.001 0.046 0.00800000000000001 0.002 0.011 8.303 0.008 8.308 8.661 0 8.659 8.578 0 8.576
0.045 0.001 0.046 0.011 0 0.011 8.304 0.01 8.313 8.732 0 8.729 8.635 0 8.634
0.045 0 0.046 0.011 0 0.011 8.314 0.009 8.321 8.601 0 8.606 8.395 0 8.401
0.055 0 0.055 0.011 0 0.011 8.842 0.00700000000000001 8.847 9.165 0 9.162 9.084 0 9.083
0.046 0 0.046 0.00899999999999998 0.002 0.011 8.347 0.011 8.358 8.767 0 8.765 8.677 0 8.675
0.045 0.001 0.046 0.011 0 0.011 8.391 0.007 8.396 8.786 0 8.783 8.697 0 8.696
0.048 0 0.047 0.011 0 0.011 8.365 0.011 8.374 8.779 0 8.778 8.693 0 8.689
0.046 0.001 0.047 0.011 0 0.011 8.38 0.009 8.387 8.756 0 8.755 8.668 0 8.666
0.045 0.001 0.046 0.011 0 0.011 8.339 0.014 8.35 8.742 0 8.741 8.657 0 8.654
0.045 0.001 0.046 0.00999999999999998 0.001 0.011 8.43 0.007 8.435 8.874 0 8.871 9.049 0 9.048
0.046 0 0.046 0.00999999999999998 0.000999999999999994 0.011 8.402 0.012 8.413 8.805 0 8.802 8.726 0 8.724
0.054 0 0.054 0.011 0 0.011 8.844 0.011 8.853 9.284 0 9.281 9.193 0 9.192
0.046 0 0.046 0.011 0 0.011 8.5 0.006 8.504 9.214 0 9.211 9.132 0 9.131
0.053 0 0.052 0.011 0 0.011 8.752 0.007 8.757 9.181 0 9.179 8.827 0 8.826
0.044 0.00199999999999999 0.046 0.00999999999999998 0.001 0.011 8.414 0.012 8.424 8.84 0 8.838 8.739 0 8.737
0.046 0 0.046 0.00999999999999998 0 0.011 8.383 0.007 8.388 8.729 0 8.727 8.653 0 8.651
0.056 0 0.056 0.011 0 0.011 8.796 0.009 8.802 9.252 0 9.25 9.16 0 9.159
0.051 0.002 0.054 0.01 0.00199999999999999 0.011 8.797 0.009 8.804 9.251 0 9.249 9.159 0 9.157
0.045 0.003 0.048 0.011 0 0.011 8.601 0.005 8.604 9.314 0 9.312 9.235 0 9.232
0.052 0.00199999999999999 0.053 0.01 0.001 0.012 8.791 0.01 8.799 9.227 0 9.223 8.878 0 8.878
0.052 0 0.051 0.011 0 0.011 8.824 0.011 8.834 9.26 0 9.256 9.167 0 9.167
0.051 0.00199999999999999 0.053 0.011 0 0.011 8.828 0.013 8.84 9.253 0 9.251 9.177 0 9.175
0.056 0.001 0.056 0.011 0 0.011 8.796 0.01 8.804 9.225 0 9.223 9.138 0 9.136
0.053 0 0.053 0.011 0 0.011 8.78 0.007 8.785 9.201 0 9.2 9.127 0 9.124
0.052 0.001 0.053 0.01 0.000999999999999994 0.011 8.695 0.00700000000000001 8.7 8.878 0.001 8.876 8.77 0 8.77
0.045 0.001 0.047 0.00999999999999998 0.001 0.01 8.366 0.01 8.375 8.728 0 8.726 8.814 0 8.812
0.052 0.001 0.053 0.01 0.001 0.012 8.884 0.007 8.888 9.308 0 9.307 9.229 0.001 9.228
0.051 0.002 0.053 0.01 0.001 0.011 8.77 0.012 8.78 9.214 0 9.212 9.138 0 9.136
0.05 0 0.05 0.011 0 0.011 8.811 0.007 8.815 9.232 0 9.23 9.147 0 9.146
0.052 0.001 0.053 0.011 0 0.011 8.836 0.011 8.845 9.185 0.001 9.183 9.092 0 9.091
0.055 0 0.055 0.011 0 0.012 8.803 0.013 8.813 9.225 0 9.222 9.145 0 9.144
0.054 0 0.054 0.01 0.001 0.011 8.801 0.013 8.812 9.232 0 9.23 9.139 0 9.137
0.046 0 0.046 0.00999999999999998 0.001 0.01 8.331 0.006 8.335 9.169 0 9.166 9.161 0 9.16
0.051 0.00199999999999999 0.053 0.00899999999999998 0.002 0.011 8.764 0.008 8.769 9.129 0 9.127 8.673 0 8.67
0.044 0.002 0.046 0.011 0 0.011 8.305 0.009 8.317 8.61 0 8.615 8.443 0 8.447
0.051 0 0.051 0.011 0 0.01 8.793 0.008 8.8 9.163 0 9.16 9.071 0 9.069
0.053 0 0.053 0.011 0 0.011 8.789 0.012 8.797 9.24 0 9.239 9.129 0 9.127
0.045 0.001 0.046 0.00999999999999998 0.001 0.011 8.323 0.018 8.339 8.772 0 8.769 8.761 0 8.76
0.044 0.001 0.046 0.00899999999999998 0.003 0.011 8.35 0.007 8.356 8.793 0 8.79 8.699 0 8.697
0.045 0.000999999999999994 0.047 0.00999999999999998 0.001 0.011 8.438 0.005 8.44 8.862 0 8.86 8.776 0 8.775
0.046 0.001 0.047 0.00999999999999998 0.001 0.011 8.374 0.01 8.383 9.223 0 9.22 9.209 0 9.208
0.053 0 0.053 0.011 0 0.011 8.79 0.014 8.802 9.161 0 9.159 8.677 0 8.675
0.056 0 0.056 0.011 0 0.012 8.848 0.012 8.858 9.277 0 9.273 9.198 0 9.197
0.053 0.001 0.053 0.01 0.001 0.011 8.817 0.011 8.825 9.237 0 9.236 9.152 0 9.151
0.046 0 0.046 0.00999999999999998 0.001 0.011 8.552 0.007 8.557 9.128 0 9.127 9.046 0 9.044
0.05 0.002 0.053 0.011 0.001 0.011 8.814 0.01 8.822 9.243 0 9.24 8.906 0 8.905
0.048 0.001 0.05 0.00900000000000001 0.00199999999999999 0.011 8.403 0.01 8.41 8.787 0 8.785 8.838 0 8.836
0.051 0 0.051 0.012 0 0.012 8.836 0.012 8.852 9.288 0.004 9.294 9.228 0 9.227
0.053 0 0.053 0.01 0.001 0.011 8.815 0.009 8.823 9.262 0 9.261 9.162 0 9.16
0.044 0.001 0.045 0.011 0 0.011 8.36 0.012 8.37 8.738 0 8.736 8.663 0 8.661
0.045 0.001 0.046 0.00999999999999998 0.001 0.011 8.408 0.01 8.416 8.813 0 8.811 8.736 0 8.734
0.046 0 0.046 0.00999999999999998 0.001 0.011 8.355 0.015 8.367 8.823 0.001 8.822 8.724 0 8.722
0.045 0.001 0.046 0.011 0 0.011 8.311 0.006 8.315 9.107 0 9.105 9.062 0 9.06
0.054 0 0.053 0.00900000000000001 0.002 0.011 8.874 0.009 8.881 9.207 0 9.204 8.772 0 8.772
0.045 0.000999999999999994 0.046 0.00999999999999998 0.001 0.011 8.326 0.01 8.334 9.191 0 9.189 9.157 0 9.156
0.053 0 0.053 0.00800000000000001 0.004 0.012 8.909 0.012 8.918 9.281 0 9.279 8.769 0 8.767
0.053 0.001 0.054 0.01 0.001 0.012 8.783 0.014 8.794 9.245 0.001 9.243 9.155 0 9.155
0.052 0.000999999999999994 0.054 0.01 0.001 0.011 8.772 0.008 8.777 9.22 0 9.217 9.149 0 9.147
0.055 0 0.055 0.00999999999999998 0.001 0.011 8.829 0.01 8.837 9.247 0 9.244 9.166 0 9.165
0.053 0.001 0.054 0.01 0.000999999999999994 0.011 8.879 0.011 8.888 9.187 0 9.184 9.106 0 9.106
0.051 0.00199999999999999 0.053 0.011 0 0.011 8.417 0.011 8.427 8.751 0 8.748 8.649 0 8.648
0.055 0 0.055 0.011 0 0.011 8.775 0.01 8.782 9.218 0 9.215 9.134 0 9.133
0.052 0.000999999999999994 0.053 0.011 0 0.012 8.8 0.00600000000000001 8.803 9.226 0 9.223 9.151 0 9.15
0.046 0 0.046 0.011 0 0.011 8.331 0.012 8.342 8.733 0 8.73 8.774 0 8.771
0.044 0.002 0.045 0.011 0 0.011 8.54 0.005 8.543 9.249 0 9.247 9.159 0 9.158
0.052 0.001 0.053 0.011 0 0.011 8.802 0.013 8.815 9.248 0.001 9.246 8.828 0 8.831
0.053 0.003 0.055 0.011 0 0.011 8.881 0.012 8.89 9.218 0 9.216 9.137 0 9.136
0.054 0 0.054 0.011 0 0.011 8.893 0.009 8.9 9.344 0 9.342 9.26 0 9.259
0.053 0 0.053 0.011 0 0.011 8.51 0.013 8.521 8.796 0 8.795 8.708 0 8.704
0.045 0.001 0.047 0.011 0 0.011 8.439 0.011 8.448 9.344 0 9.341 9.298 0 9.296
0.052 0 0.052 0.012 0 0.012 8.805 0.008 8.811 9.206 0.001 9.205 8.688 0 8.686
0.055 0 0.055 0.00900000000000001 0.002 0.011 8.799 0.008 8.806 9.26 0 9.256 9.171 0 9.17
0.051 0.002 0.053 0.012 0 0.012 8.802 0.007 8.807 9.231 0 9.229 9.149 0 9.147
0.045 0.000999999999999997 0.045 0.00900000000000001 0.002 0.011 8.492 0.011 8.502 9.062 0 9.06 8.664 0 8.662
0.053 0 0.053 0.011 0 0.011 8.443 0.009 8.449 8.744 0 8.743 8.632 0 8.629
0.045 0.001 0.047 0.011 0 0.01 8.356 0.013 8.367 8.786 0 8.784 8.664 0 8.662
0.047 0 0.046 0.00999999999999998 0.001 0.011 8.367 0.011 8.377 8.938 0 8.936 9.169 0 9.168
0.05 0.003 0.054 0.011 0 0.011 8.747 0.012 8.757 8.834 0 8.831 8.616 0 8.614
0.045 0.000999999999999994 0.046 0.00999999999999998 0.001 0.011 8.603 0.01 8.611 9.301 0 9.298 9.204 0 9.203
0.052 0.001 0.053 0.011 0.001 0.011 8.854 0.008 8.861 9.298 0 9.294 8.935 0 8.935
0.055 0 0.055 0.01 0.001 0.011 8.85 0.006 8.855 9.316 0 9.313 9.237 0 9.235
0.052 0.001 0.053 0.011 0 0.012 8.794 0.007 8.798 9.248 0 9.245 9.163 0 9.162
0.051 0.000999999999999994 0.051 0.00900000000000001 0.002 0.012 8.808 0.007 8.813 9.25 0 9.247 9.171 0 9.17
0.047 0 0.046 0.01 0 0.011 8.275 0.009 8.282 8.727 0 8.725 9.029 0 9.026
0.045 0 0.046 0.011 0 0.011 8.332 0.004 8.334 8.766 0 8.763 8.665 0 8.663
0.052 0.000999999999999994 0.053 0.01 0.001 0.011 8.792 0.015 8.804 9.252 0 9.25 9.155 0 9.154
0.053 0.001 0.054 0.01 0.000999999999999994 0.011 8.815 0.009 8.821 9.243 0 9.241 9.161 0 9.16
0.054 0 0.053 0.011 0 0.011 8.793 0.007 8.798 9.232 0 9.23 9.153 0 9.152
0.045 0.001 0.046 0.011 0 0.011 8.328 0.01 8.336 8.76 0 8.759 8.694 0 8.69
0.046 0.001 0.046 0.00999999999999998 0.001 0.011 8.388 0.011 8.398 9.241 0 9.238 9.201 0 9.201
0.053 0 0.053 0.00900000000000001 0.002 0.011 8.762 0.011 8.772 9.044 0 9.041 8.568 0 8.566
0.051 0.001 0.052 0.011 0 0.012 8.872 0.012 8.882 9.319 0 9.315 9.24 0 9.24
0.053 0.001 0.053 0.00900000000000001 0.002 0.011 8.787 0.007 8.792 9.23 0 9.228 9.136 0 9.134
0.045 0.001 0.046 0.00799999999999998 0.003 0.011 8.412 0.006 8.416 9.26 0 9.257 8.922 0 8.921
0.047 0 0.047 0.011 0 0.01 8.313 0.007 8.319 9.15 0 9.148 9.142 0 9.139
0.052 0 0.052 0.011 0.000999999999999994 0.012 8.741 0.012 8.751 9.127 0 9.125 8.644 0 8.642
0.055 0.001 0.056 0.011 0 0.011 8.776 0.01 8.784 9.261 0 9.259 9.17 0 9.168
0.053 0 0.054 0.01 0.001 0.011 8.809 0.007 8.814 9.251 0 9.249 9.154 0 9.152
0.047 0.003 0.059 0.01 0.001 0.011 8.372 0.012 8.382 9.254 0 9.252 9.206 0 9.204
0.053 0 0.053 0.011 0 0.011 8.841 0.011 8.85 9.256 0 9.254 8.759 0 8.758
0.054 0 0.054 0.011 0 0.012 8.889 0.009 8.896 9.355 0 9.353 9.263 0 9.261
0.053 0 0.053 0.011 0.001 0.011 8.787 0.012 8.797 9.243 0 9.241 9.152 0 9.151
0.056 0.004 0.072 0.011 0 0.012 8.804 0.012 8.813 9.242 0 9.24 9.144 0 9.142
0.056 0.004 0.072 0.01 0.001 0.011 8.758 0.013 8.767 9.208 0 9.206 9.028 0 9.031
0.046 0 0.046 0.011 0 0.011 8.365 0.009 8.373 8.796 0 8.794 8.767 0 8.763
0.049 0.001 0.05 0.011 0 0.012 8.507 0.008 8.513 8.815 0 8.811 8.7 0 8.699
0.053 0.001 0.054 0.01 0.001 0.011 8.682 0.007 8.686 8.747 0 8.745 8.639 0 8.638
0.045 0.00199999999999999 0.046 0.011 0 0.011 8.336 0.007 8.342 8.748 0 8.746 8.64 0 8.638
0.053 0 0.053 0.01 0.001 0.011 8.781 0.011 8.791 9.228 0 9.224 9.141 0 9.141
0.055 0 0.055 0.01 0.000999999999999994 0.011 8.792 0.013 8.803 9.227 0 9.224 9.139 0 9.138
0.045 0.001 0.047 0.011 0 0.011 8.331 0.007 8.335 9.16 0 9.159 9.142 0 9.139
0.053 0 0.053 0.012 0 0.011 8.83 0.007 8.835 9.218 0 9.216 8.728 0 8.726
0.052 0 0.052 0.011 0 0.012 8.81 0.009 8.816 9.242 0.001 9.24 9.155 0 9.154
0.053 0.001 0.053 0.01 0.001 0.011 8.844 0.009 8.85 9.281 0.001 9.28 9.18 0 9.179
0.044 0.00199999999999999 0.046 0.00999999999999998 0 0.011 8.263 0.012 8.272 8.636 0 8.634 8.554 0 8.553
0.047 0 0.046 0.00999999999999998 0.001 0.011 8.356 0.013 8.367 9.214 0 9.213 9.174 0 9.172
0.05 0.002 0.053 0.011 0 0.011 8.773 0.007 8.777 9.138 0 9.135 8.693 0 8.693
0.044 0.002 0.046 0.00899999999999998 0.00199999999999999 0.011 8.326 0.009 8.333 8.79 0 8.788 9.022 0 9.02
0.044 0.001 0.045 0.00999999999999998 0.001 0.011 8.383 0.008 8.389 8.795 0 8.792 8.7 0.001 8.7
0.046 0 0.046 0.011 0 0.011 8.303 0.011 8.312 8.744 0 8.742 8.667 0 8.665
0.046 0 0.046 0.011 0 0.011 8.376 0.00899999999999999 8.383 8.908 0 8.906 8.757 0 8.755
0.045 0.001 0.047 0.011 0 0.01 8.446 0.007 8.451 8.821 0 8.82 8.747 0 8.743
0.047 0 0.046 0.00799999999999998 0.00199999999999999 0.011 8.361 0.012 8.371 8.82 0 8.818 9.076 0 9.074
0.046 0 0.046 0.011 0 0.011 8.371 0.00600000000000001 8.375 8.803 0 8.8 8.714 0.000999999999999994 8.714
0.044 0.002 0.047 0.00999999999999998 0.001 0.011 8.341 0.01 8.348 8.772 0 8.771 8.703 0 8.701
0.045 0.001 0.046 0.011 0 0.011 8.335 0.011 8.344 8.76 0 8.758 8.656 0 8.653
0.046 0.003 0.0580000000000001 0.011 0.001 0.012 8.561 0.014 8.574 9.251 0.003 9.252 9.166 0 9.164
0.053 0 0.053 0.012 0 0.011 8.841 0.01 8.849 9.283 0 9.28 8.923 0 8.922
0.045 0.001 0.047 0.00999999999999998 0.001 0.011 8.359 0.00799999999999999 8.364 8.767 0 8.765 8.707 0 8.706
0.045 0.000999999999999994 0.046 0.00999999999999998 0.001 0.011 8.394 0.011 8.403 8.822 0 8.821 8.731 0 8.728
0.052 0.001 0.053 0.011 0 0.011 8.664 0.006 8.668 8.784 0 8.782 8.676 0 8.675
0.053 0.001 0.053 0.01 0.000999999999999994 0.012 8.802 0.008 8.808 9.259 0 9.256 9.187 0 9.187
0.053 0 0.053 0.01 0.001 0.011 8.79 0.013 8.801 9.243 0 9.241 9.158 0 9.156
0.046 0 0.046 0.011 0 0.011 8.373 0.004 8.376 8.798 0 8.795 8.736 0 8.734
0.045 0 0.046 0.011 0 0.011 8.325 0.011 8.334 8.744 0 8.742 8.648 0 8.645
0.054 0 0.054 0.01 0.001 0.011 8.776 0.00899999999999999 8.783 9.222 0 9.22 9.146 0 9.144
0.052 0.001 0.053 0.01 0.002 0.011 8.816 0.009 8.823 9.235 0 9.233 9.15 0 9.148
0.051 0.002 0.054 0.01 0.001 0.011 8.691 0.009 8.697 8.798 0 8.796 8.692 0 8.691
0.046 0 0.046 0.00799999999999998 0.002 0.01 8.304 0.016 8.318 8.719 0 8.717 8.638 0 8.636
0.045 0.001 0.047 0.011 0 0.011 8.529 0.011 8.538 9.237 0 9.234 9.155 0 9.154
0.052 0.001 0.053 0.00900000000000001 0.00199999999999999 0.011 8.773 0.008 8.778 9.197 0 9.195 8.827 0 8.826
0.047 0 0.047 0.00899999999999998 0.002 0.01 8.311 0.02 8.33 8.754 0 8.752 8.655 0 8.653
0.049 0.001 0.05 0.011 0 0.011 8.779 0.008 8.784 9.216 0 9.214 9.138 0 9.136
0.054 0 0.053 0.01 0.001 0.011 8.804 0.013 8.815 9.233 0 9.231 9.135 0 9.133
0.044 0.00199999999999999 0.046 0.011 0 0.011 8.327 0.009 8.334 8.77 0 8.768 8.679 0 8.677
0.054 0 0.054 0.011 0 0.011 8.808 0.011 8.817 9.251 0 9.249 9.178 0 9.176
0.051 0.001 0.053 0.012 0 0.011 8.82 0.01 8.828 9.256 0 9.255 9.182 0 9.18
0.046 0 0.046 0.011 0 0.011 8.41 0.013 8.422 8.854 0.001 8.852 8.789 0 8.786
0.046 0 0.046 0.00999999999999998 0.000999999999999994 0.011 8.321 0.011 8.33 8.929 0 8.927 8.69 0 8.689
0.045 0.001 0.046 0.00900000000000001 0.00199999999999999 0.011 8.371 0.009 8.378 9.089 0.001 9.088 8.739 0 8.738
0.045 0.002 0.047 0.011 0 0.011 8.379 0.011 8.388 9.026 0 9.024 8.725 0 8.723
0.045 0.001 0.045 0.011 0 0.011 8.482 0.007 8.487 8.974 0 8.972 8.862 0 8.861
0.046 0 0.046 0.01 0.001 0.011 8.356 0.01 8.365 9.029 0 9.027 8.693 0 8.692
0.046 0 0.046 0.00900000000000001 0.002 0.011 8.349 0.00899999999999999 8.356 8.783 0 8.782 8.743 0 8.74
0.044 0.00199999999999999 0.046 0.011 0 0.011 8.318 0.009 8.325 8.743 0 8.741 8.661 0 8.659
0.045 0.001 0.047 0.011 0 0.011 8.437 0.006 8.441 8.862 0 8.86 8.784 0 8.783
0.046 0 0.046 0.011 0 0.011 8.585 0.01 8.594 9.288 0 9.286 9.21 0 9.207
0.053 0 0.053 0.00900000000000001 0.003 0.011 8.805 0.00600000000000001 8.809 9.237 0 9.236 8.908 0 8.905
0.053 0.001 0.054 0.00900000000000001 0.003 0.011 8.808 0.008 8.814 9.225 0 9.222 9.138 0 9.136
0.052 0.001 0.053 0.00899999999999998 0.002 0.011 8.784 0.016 8.798 9.229 0 9.227 9.143 0 9.141
0.046 0 0.046 0.01 0.001 0.011 8.357 0.006 8.361 8.778 0 8.776 8.69 0 8.688
0.046 0.001 0.046 0.00999999999999998 0.000999999999999994 0.011 8.402 0.014 8.414 9.258 0 9.257 9.233 0 9.23
0.053 0.001 0.053 0.01 0.000999999999999994 0.012 8.854 0.008 8.859 9.212 0 9.21 8.709 0 8.709
0.046 0 0.046 0.00799999999999998 0.003 0.011 8.346 0.014 8.359 8.773 0 8.77 8.699 0 8.697
0.045 0.001 0.046 0.00800000000000001 0.003 0.011 8.413 0.008 8.419 8.835 0 8.833 8.748 0 8.745
0.044 0.002 0.046 0.011 0 0.011 8.351 0.011 8.36 9.209 0 9.206 9.175 0 9.173
0.053 0 0.053 0.00999999999999998 0.001 0.011 8.773 0.009 8.78 9.129 0 9.126 8.646 0 8.645
0.051 0 0.05 0.01 0.000999999999999994 0.011 8.555 0.004 8.557 8.973 0 8.971 8.79 0 8.789
0.045 0.000999999999999997 0.046 0.011 0 0.011 8.372 0.011 8.381 8.776 0 8.774 8.866 0 8.864
0.044 0.002 0.046 0.00999999999999998 0.001 0.011 8.352 0.014 8.364 8.932 0 8.93 9.166 0 9.163
0.044 0.002 0.047 0.00999999999999998 0.001 0.01 8.329 0.004 8.331 8.764 0 8.761 8.653 0 8.652
0.054 0 0.055 0.012 0 0.011 8.816 0.011 8.824 9.26 0 9.258 9.182 0 9.181
0.053 0 0.053 0.01 0.00199999999999999 0.011 8.774 0.011 8.784 9.21 0 9.208 9.122 0 9.119
0.055 0.001 0.055 0.01 0.001 0.012 8.894 0.007 8.898 9.349 0 9.347 9.259 0 9.257
0.053 0 0.053 0.011 0 0.011 8.783 0.012 8.793 9.233 0 9.23 9.152 0 9.151
0.052 0 0.052 0.011 0.001 0.012 8.467 0.01 8.475 8.912 0 8.91 8.87 0 8.868
0.046 0.001 0.047 0.00799999999999998 0.004 0.011 8.444 0.016 8.458 9.184 0 9.182 8.786 0 8.785
0.046 0.000999999999999994 0.047 0.011 0 0.011 8.509 0.01 8.517 9.221 0 9.218 9.14 0 9.139
0.053 0 0.053 0.011 0 0.011 8.761 0.008 8.767 9.125 0 9.123 8.777 0 8.776
0.05 0.002 0.053 0.01 0.001 0.01 8.794 0.007 8.798 8.805 0 8.803 8.606 0 8.605
0.047 0 0.046 0.011 0 0.011 8.356 0.007 8.361 8.807 0 8.805 8.913 0 8.912
0.046 0 0.045 0.011 0 0.011 8.314 0.009 8.322 8.754 0 8.751 8.659 0 8.656
0.052 0.001 0.053 0.011 0 0.011 8.815 0.009 8.822 9.244 0 9.242 9.169 0 9.167
0.054 0 0.053 0.00900000000000001 0.002 0.012 8.842 0.008 8.847 9.275 0 9.272 9.192 0 9.191
0.046 0 0.046 0.00900000000000001 0.002 0.011 8.32 0.013 8.331 9.171 0 9.168 9.141 0 9.139
0.053 0 0.053 0.011 0 0.011 8.856 0.009 8.863 9.199 0 9.196 8.718 0 8.717
0.047 0 0.046 0.011 0 0.011 8.32 0.011 8.33 8.737 0 8.735 8.652 0 8.649
0.049 0 0.049 0.011 0 0.011 8.563 0.008 8.569 8.996 0 8.995 8.835 0 8.833
0.052 0.002 0.054 0.011 0 0.011 8.878 0.011 8.887 9.308 0 9.305 9.225 0 9.224
0.051 0.001 0.053 0.01 0.000999999999999994 0.011 8.794 0.012 8.803 9.241 0 9.239 9.158 0 9.156
0.054 0 0.054 0.011 0 0.011 8.839 0.011 8.846 9.265 0 9.264 9.183 0 9.18
0.053 0 0.052 0.011 0 0.012 8.783 0.012 8.793 9.215 0 9.211 9.139 0 9.139
0.052 0.001 0.054 0.011 0 0.011 8.538 0.013 8.549 8.777 0 8.775 8.677 0 8.674
0.046 0.001 0.046 0.00699999999999998 0.004 0.011 8.559 0.012 8.57 9.27 0 9.266 9.17 0 9.17
0.052 0.001 0.053 0.01 0.000999999999999997 0.011 8.765 0.012 8.774 9.201 0 9.199 8.824 0 8.821
0.046 0 0.046 0.00999999999999998 0.001 0.011 8.374 0.006 8.377 8.786 0 8.784 8.708 0 8.705
0.047 0 0.046 0.011 0 0.011 8.384 0.005 8.387 8.803 0 8.801 8.701 0 8.698
0.046 0 0.047 0.00999999999999998 0.000999999999999994 0.01 8.326 0.008 8.332 8.746 0 8.744 8.679 0 8.676
0.053 0.001 0.054 0.011 0 0.011 8.801 0.011 8.81 9.24 0 9.237 9.164 0 9.163
0.052 0.002 0.053 0.01 0.000999999999999994 0.011 8.79 0.011 8.799 9.113 0 9.111 9.022 0 9.022
0.045 0.001 0.048 0.01 0.001 0.011 8.375 0.012 8.384 9.267 0.001 9.266 9.219 0 9.217
0.053 0 0.053 0.011 0 0.011 8.87 0.007 8.875 9.17 0 9.167 8.656 0 8.655
0.053 0.000999999999999994 0.054 0.012 0 0.011 8.84 0.011 8.85 9.28 0 9.278 9.201 0 9.199
0.051 0.002 0.053 0.011 0 0.011 8.814 0.01 8.82 9.146 0 9.144 9.059 0 9.058
0.044 0.002 0.046 0.011 0 0.011 8.365 0.009 8.372 8.807 0 8.806 8.669 0 8.667
0.046 0.000999999999999994 0.047 0.00899999999999998 0.002 0.011 8.361 0.008 8.367 9.214 0 9.212 9.186 0 9.184
0.052 0 0.053 0.01 0.00199999999999999 0.011 8.808 0.012 8.818 9.168 0 9.166 8.676 0 8.675
0.046 0.001 0.047 0.00999999999999998 0.001 0.011 8.356 0.008 8.363 8.831 0 8.827 8.731 0 8.729
0.046 0 0.046 0.00899999999999998 0.002 0.011 8.407 0.007 8.412 8.831 0 8.829 8.751 0 8.749
0.045 0.001 0.046 0.011 0 0.011 8.345 0.006 8.35 8.864 0 8.862 8.743 0 8.749
0.047 0 0.047 0.00799999999999998 0.003 0.011 8.409 0.005 8.412 9.02 0 9.018 8.752 0 8.749
0.045 0.001 0.046 0.011 0 0.011 8.434 0.003 8.435 9.285 0 9.283 9.256 0 9.254
0.052 0.001 0.053 0.011 0 0.011 8.797 0.005 8.799 9.192 0 9.19 8.694 0.001 8.694
0.055 0 0.054 0.01 0.000999999999999994 0.012 8.838 0.003 8.839 9.285 0.001 9.283 9.203 0 9.202
0.054 0 0.054 0.011 0 0.011 8.861 0.007 8.866 9.289 0 9.287 9.19 0.001 9.19
0.045 0.000999999999999994 0.046 0.011 0 0.011 8.376 0.012 8.386 8.877 0 8.875 9.181 0 9.179
0.046 0 0.046 0.011 0 0.011 8.372 0.01 8.381 9.234 0 9.232 9.198 0 9.197
0.053 0 0.052 0.01 0.001 0.011 8.795 0.008 8.801 9.175 0 9.173 8.687 0 8.686
0.045 0.001 0.046 0.00999999999999998 0.001 0.011 8.329 0.004 8.332 8.779 0 8.776 8.669 0 8.667
0.052 0.002 0.054 0.011 0 0.011 8.796 0.011 8.805 9.248 0 9.246 9.162 0 9.16
0.052 0.001 0.053 0.01 0.001 0.011 8.848 0.011 8.857 9.269 0.001 9.267 9.187 0 9.187
0.05 0 0.058 0.011 0 0.011 8.563 0.008 8.569 9.262 0 9.26 9.169 0 9.168
0.051 0.002 0.053 0.01 0.001 0.011 8.785 0.013 8.795 9.234 0 9.232 8.904 0 8.903
0.055 0 0.054 0.011 0 0.012 8.843 0.012 8.853 9.288 0 9.285 9.211 0 9.21
0.053 0.001 0.054 0.011 0 0.011 8.776 0.00899999999999999 8.783 9.206 0 9.203 9.123 0 9.122
0.046 0.003 0.059 0.011 0 0.012 8.677 0.007 8.682 9.376 0 9.373 9.289 0 9.287
0.053 0 0.053 0.011 0 0.011 8.799 0.01 8.807 9.264 0 9.261 8.965 0 8.964
0.054 0 0.055 0.011 0.001 0.011 8.864 0.008 8.869 9.295 0.001 9.294 9.21 0 9.209
0.053 0 0.054 0.01 0.001 0.011 8.825 0.014 8.836 9.283 0 9.28 9.196 0 9.195
0.053 0 0.053 0.011 0 0.011 8.85 0.01 8.859 8.88 0 8.877 8.721 0 8.721
0.054 0 0.054 0.011 0 0.011 8.833 0.007 8.838 9.274 0 9.272 9.184 0 9.183
0.052 0.001 0.052 0.012 0 0.012 8.836 0.013 8.847 9.303 0 9.301 9.207 0 9.206
0.045 0.002 0.047 0.011 0 0.011 8.429 0.011 8.438 8.835 0.001 8.833 8.743 0 8.741
0.052 0.00199999999999999 0.054 0.011 0.001 0.011 8.807 0.013 8.818 9.242 0 9.241 9.152 0 9.151
0.052 0.001 0.053 0.011 0 0.012 8.835 0.007 8.84 9.291 0 9.288 9.204 0 9.202
0.046 0.000999999999999994 0.046 0.011 0 0.011 8.351 0.01 8.359 8.922 0 8.921 9.188 0 9.186
0.045 0.001 0.047 0.01 0.000999999999999994 0.01 8.368 0.011 8.378 8.791 0 8.788 8.667 0 8.666
0.047 0.00199999999999999 0.057 0.011 0 0.011 8.322 0.01 8.331 9.12 0.002 9.12 9.058 0 9.055
0.053 0 0.053 0.011 0.001 0.012 8.776 0.01 8.784 9.153 0 9.151 8.638 0 8.637
0.055 0 0.054 0.011 0 0.011 8.85 0.011 8.86 9.289 0.00199999999999999 9.287 9.207 0 9.206
0.053 0 0.053 0.01 0.001 0.011 8.77 0.00700000000000001 8.775 9.205 0 9.203 9.128 0 9.127
0.047 0 0.046 0.00999999999999998 0.001 0.011 8.351 0.007 8.356 8.781 0 8.778 8.682 0 8.681
0.044 0.001 0.046 0.011 0 0.011 8.369 0.014 8.38 8.816 0 8.814 8.741 0 8.738
0.046 0.001 0.046 0.00899999999999998 0.001 0.011 8.332 0.012 8.341 8.796 0 8.795 8.694 0 8.691
0.045 0.000999999999999994 0.046 0.011 0 0.011 8.351 0.008 8.356 8.702 0 8.7 8.615 0 8.613
0.054 0 0.054 0.01 0.001 0.011 8.782 0.008 8.788 9.225 0 9.222 9.133 0 9.132
0.053 0 0.052 0.011 0 0.011 8.821 0.009 8.828 9.16 0 9.157 9.067 0 9.066
0.052 0.002 0.055 0.012 0 0.011 8.837 0.004 8.84 9.281 0 9.277 9.196 0 9.195
0.054 0 0.053 0.01 0.001 0.012 8.806 0.013 8.816 9.27 0 9.267 9.193 0 9.192
0.044 0.001 0.046 0.00999999999999998 0.001 0.011 8.371 0.013 8.381 8.786 0 8.784 8.699 0 8.698
0.043 0.004 0.047 0.011 0 0.011 8.581 0.007 8.588 9.281 0.001 9.28 9.209 0 9.209
0.046 0 0.046 0.00999999999999998 0 0.011 8.321 0.01 8.328 8.758 0 8.756 8.671 0 8.669
0.046 0.001 0.047 0.011 0 0.011 8.454 0.012 8.464 8.884 0 8.881 8.816 0 8.815
0.045 0.001 0.047 0.00999999999999998 0.001 0.011 8.3 0.01 8.308 8.725 0 8.723 8.614 0 8.613
0.045 0.001 0.047 0.011 0.001 0.011 8.604 0.006 8.609 9.346 0 9.343 9.261 0 9.26
0.053 0 0.053 0.01 0.001 0.011 8.873 0.01 8.882 9.208 0 9.204 8.845 0 8.845
0.054 0 0.053 0.011 0 0.011 8.813 0.012 8.823 9.256 0 9.253 9.171 0 9.171
0.053 0 0.053 0.01 0.001 0.011 8.819 0.007 8.824 9.254 0 9.252 9.178 0 9.178
0.046 0 0.046 0.011 0 0.011 8.378 0.005 8.381 8.817 0 8.815 9.055 0 9.053
0.051 0.002 0.053 0.01 0.001 0.012 8.868 0.01 8.875 9.007 0 9.004 8.748 0 8.747
0.046 0 0.046 0.011 0 0.011 8.325 0.015 8.338 8.746 0 8.744 8.64 0 8.638
0.047 0 0.046 0.011 0 0.011 8.346 0.005 8.349 8.786 0 8.784 8.718 0 8.716
0.046 0.001 0.047 0.00899999999999998 0.00199999999999999 0.011 8.351 0.009 8.363 8.786 0 8.79 8.681 0 8.686
0.046 0 0.046 0.011 0 0.011 8.33 0.007 8.336 8.75 0 8.748 8.663 0 8.661
0.045 0.00199999999999999 0.046 0.011 0 0.011 8.504 0.01 8.513 9.24 0.001 9.239 9.162 0 9.159
0.052 0.001 0.052 0.011 0 0.011 8.773 0.008 8.779 9.231 0 9.228 8.888 0 8.887
0.045 0.001 0.046 0.011 0 0.011 8.402 0.008 8.408 8.837 0 8.835 8.735 0 8.731
0.047 0 0.047 0.011 0 0.011 8.435 0.005 8.438 8.848 0 8.846 8.762 0 8.76
0.047 0 0.047 0.00800000000000001 0.003 0.011 8.392 0.007 8.397 8.827 0 8.825 8.743 0 8.741
0.046 0 0.046 0.00999999999999998 0.001 0.011 8.339 0.006 8.343 8.757 0.001 8.756 8.675 0 8.672
0.052 0.001 0.053 0.011 0 0.011 8.681 0.004 8.684 8.812 0.001 8.809 8.684 0 8.683
0.057 0 0.057 0.011 0 0.012 8.829 0.011 8.837 9.262 0.001 9.26 9.195 0 9.194
0.053 0 0.054 0.011 0 0.011 8.791 0.009 8.798 9.216 0 9.213 9.136 0 9.135
0.046 0 0.046 0.00899999999999998 0.002 0.011 8.292 0.008 8.298 8.739 0 8.738 8.649 0 8.646
0.045 0.001 0.046 0.00999999999999998 0.001 0.011 8.37 0.01 8.378 8.813 0 8.812 8.69 0 8.693
0.045 0.001 0.046 0.011 0 0.011 8.478 0.01 8.486 8.862 0 8.86 8.792 0 8.791
0.047 0 0.046 0.00899999999999998 0.002 0.011 8.376 0.007 8.382 8.803 0 8.801 8.694 0 8.692
0.055 0 0.055 0.01 0.001 0.012 8.913 0.01 8.919 9.347 0.001 9.346 9.259 0 9.259
0.053 0 0.052 0.01 0.001 0.012 8.838 0.009 8.845 9.278 0 9.274 9.188 0 9.188
0.047 0 0.046 0.00899999999999998 0.00199999999999999 0.011 8.423 0.006 8.427 8.867 0 8.865 8.752 0 8.75
0.046 0 0.045 0.011 0 0.011 8.365 0.012 8.375 8.777 0 8.775 8.67 0.000999999999999994 8.67
0.047 0 0.046 0.00999999999999998 0 0.011 8.318 0.002 8.317 8.714 0 8.713 8.62 0 8.618
0.047 0 0.047 0.00999999999999998 0.001 0.011 8.324 0.007 8.329 8.765 0 8.763 8.664 0 8.662
0.045 0.001 0.046 0.011 0 0.011 8.383 0.005 8.386 8.836 0.001 8.835 8.741 0 8.739
0.052 0 0.052 0.01 0.001 0.011 8.827 0.006 8.832 9.26 0 9.257 9.174 0 9.173
0.048 0 0.047 0.00999999999999998 0.001 0.011 8.344 0.012 8.355 8.769 0 8.766 8.691 0 8.689
0.045 0.001 0.046 0.011 0 0.011 8.371 0.009 8.378 9.236 0 9.234 9.202 0 9.201
0.053 0 0.052 0.011 0 0.011 8.784 0.011 8.792 9.171 0 9.169 8.694 0 8.693
0.055 0 0.055 0.01 0.000999999999999994 0.011 8.837 0.00800000000000001 8.843 9.26 0 9.257 9.175 0 9.174
0.052 0.002 0.053 0.01 0.001 0.012 8.858 0.012 8.868 9.319 0 9.316 9.233 0 9.231
0.046 0 0.045 0.00899999999999998 0.001 0.011 8.32 0.008 8.325 9.186 0 9.185 9.145 0 9.145
0.052 0 0.053 0.01 0.002 0.011 8.798 0.008 8.805 9.177 0 9.174 8.699 0 8.698
0.054 0 0.054 0.00999999999999998 0.001 0.012 8.91 0.006 8.913 9.353 0 9.351 9.276 0 9.275
0.053 0 0.053 0.01 0.001 0.012 8.883 0.012 8.893 9.32 0 9.317 9.245 0 9.244
0.046 0 0.046 0.011 0 0.011 8.314 0.01 8.323 9.133 0 9.131 9.128 0 9.126
0.045 0.002 0.046 0.01 0.000999999999999997 0.011 8.567 0.014 8.579 9.266 0 9.263 9.192 0 9.191
0.052 0.001 0.053 0.011 0 0.011 8.78 0.008 8.786 9.227 0 9.224 8.874 0 8.873
0.046 0 0.046 0.011 0 0.011 8.345 0.008 8.351 8.751 0 8.748 8.678 0 8.675
0.052 0.00199999999999999 0.054 0.011 0 0.011 8.787 0.00700000000000001 8.791 9.221 0 9.22 9.143 0 9.141
0.045 0 0.046 0.00999999999999998 0.001 0.011 8.359 0.012 8.368 8.785 0 8.784 8.705 0 8.702
0.043 0.002 0.046 0.00900000000000001 0.002 0.011 8.391 0.01 8.398 8.821 0 8.819 8.725 0 8.723
0.045 0.001 0.046 0.011 0 0.011 8.365 0.008 8.371 8.702 0.001 8.701 8.598 0 8.595
0.052 0.001 0.053 0.01 0.001 0.012 8.821 0.005 8.823 9.308 0 9.305 8.924 0 8.923
0.046 0.001 0.046 0.00999999999999998 0.001 0.011 8.374 0.006 8.378 9.221 0 9.219 9.188 0 9.187
0.053 0 0.053 0.00900000000000001 0.002 0.011 8.818 0.007 8.823 9.185 0 9.182 8.69 0 8.689
0.053 0 0.052 0.011 0 0.011 8.646 0.009 8.653 9.124 0 9.122 9.038 0 9.037
0.046 0.001 0.047 0.011 0 0.011 8.381 0.006 8.385 8.81 0 8.808 8.737 0 8.735
0.046 0 0.046 0.011 0 0.011 8.396 0.011 8.405 8.771 0 8.768 8.688 0 8.686
0.053 0 0.053 0.00900000000000001 0.00199999999999999 0.011 8.77 0.012 8.779 9.022 0 9.02 8.628 0 8.627
0.045 0.001 0.047 0.011 0 0.01 8.332 0.01 8.34 8.74 0 8.739 8.641 0 8.639
0.044 0.002 0.046 0.00899999999999998 0.00199999999999999 0.011 8.317 0.00600000000000001 8.321 8.742 0 8.74 8.645 0 8.643
0.046 0 0.046 0.01 0 0.011 8.363 0.015 8.375 8.723 0 8.72 8.648 0 8.647
0.052 0.003 0.055 0.01 0.001 0.011 8.775 0.012 8.796 9.277 0.00199999999999999 9.279 9.217 0 9.216
0.052 0 0.053 0.012 0 0.011 8.803 0.014 8.815 9.249 0 9.247 9.168 0 9.166
0.047 0 0.047 0.00899999999999998 0.002 0.011 8.364 0.013 8.375 8.775 0 8.774 8.688 0 8.685
0.045 0.001 0.046 0.011 0 0.011 8.377 0.01 8.384 8.781 0.000999999999999994 8.78 8.691 0 8.69
0.053 0 0.053 0.012 0 0.011 8.846 0.013 8.857 9.277 0 9.275 9.206 0 9.205
0.045 0.001 0.046 0.011 0 0.011 8.45 0.007 8.455 8.883 0 8.881 8.789 0 8.789
0.044 0.002 0.046 0.011 0 0.011 8.364 0.007 8.369 8.722 0 8.721 8.638 0 8.635
0.044 0.002 0.046 0.011 0 0.011 8.359 0.01 8.367 8.79 0 8.788 8.691 0 8.688
0.045 0.002 0.046 0.00999999999999998 0.000999999999999994 0.011 8.363 0.005 8.366 8.79 0 8.788 8.695 0 8.693
0.046 0 0.047 0.00900000000000001 0.002 0.011 8.437 0.013 8.447 9.218 0 9.216 9.247 0 9.246
0.046 0 0.046 0.01 0.001 0.011 8.351 0.008 8.357 8.708 0 8.706 8.644 0 8.641
0.046 0 0.047 0.00799999999999998 0.003 0.011 8.371 0.008 8.376 8.79 0 8.788 8.685 0 8.683
0.045 0.001 0.046 0.011 0 0.011 8.367 0.01 8.374 8.946 0 8.944 9.163 0 9.162
0.047 0 0.046 0.00899999999999998 0.000999999999999994 0.011 8.3 0.004 8.302 8.691 0 8.688 8.606 0 8.605
0.045 0.001 0.046 0.00999999999999998 0 0.011 8.315 0.015 8.327 8.691 0.001 8.69 8.618 0 8.617
0.046 0 0.046 0.011 0 0.011 8.332 0.011 8.341 8.783 0 8.781 8.667 0 8.665
0.056 0 0.055 0.011 0 0.011 8.762 0.01 8.771 9.206 0 9.204 9.13 0 9.128
0.053 0 0.053 0.011 0 0.012 8.811 0.008 8.816 9.258 0 9.257 9.164 0 9.162
0.046 0 0.046 0.00999999999999998 0.001 0.011 8.322 0.012 8.333 8.746 0 8.743 8.647 0 8.646
0.053 0.002 0.055 0.011 0 0.011 8.882 0.02 8.9 9.336 0 9.334 9.252 0 9.25
0.052 0.001 0.053 0.011 0.001 0.011 8.786 0.009 8.793 9.226 0.001 9.225 9.153 0 9.152
0.052 0.000999999999999994 0.052 0.011 0 0.012 8.833 0.011 8.841 9.291 0 9.289 9.206 0 9.206
0.052 0 0.052 0.01 0.002 0.011 8.769 0.01 8.778 9.213 0 9.209 9.127 0 9.127
0.052 0.00199999999999999 0.054 0.01 0.002 0.011 8.854 0.01 8.862 9.282 0 9.28 9.204 0 9.202
0.046 0 0.047 0.00899999999999998 0.002 0.01 8.264 0.011 8.274 8.71 0 8.708 9.114 0 9.113
0.046 0 0.046 0.011 0 0.011 8.356 0.007 8.362 9.29 0 9.288 9.221 0 9.22
0.045 0.002 0.047 0.011 0 0.011 8.379 0.009 8.386 8.787 0 8.785 8.696 0 8.692
0.045 0.001 0.047 0.011 0 0.011 8.388 0.011 8.396 8.83 0 8.828 8.74 0 8.738
0.045 0.001 0.047 0.011 0 0.011 8.283 0.014 8.295 8.714 0 8.71 8.624 0 8.623
0.053 0 0.052 0.00900000000000001 0.002 0.012 8.895 0.006 8.898 8.97 0 8.968 8.749 0 8.748
0.051 0 0.051 0.012 0 0.011 8.869 0.015 8.883 9.312 0 9.309 9.211 0 9.21
0.053 0 0.054 0.01 0.001 0.011 8.827 0.01 8.834 9.27 0 9.269 9.175 0 9.173
0.045 0.001 0.046 0.01 0.000999999999999997 0.011 8.348 0.011 8.357 8.791 0 8.789 8.683 0 8.68
0.054 0.00199999999999999 0.055 0.01 0.001 0.012 8.802 0.012 8.811 9.228 0 9.227 9.151 0 9.15
0.054 0 0.054 0.01 0.001 0.011 8.826 0.011 8.835 9.26 0 9.258 9.175 0 9.174
0.055 0 0.055 0.011 0 0.011 8.801 0.013 8.812 9.261 0 9.258 9.179 0 9.178
0.053 0 0.053 0.01 0.001 0.011 8.834 0.013 8.844 9.272 0 9.27 9.188 0 9.187
0.046 0.001 0.046 0.011 0 0.011 8.348 0.00799999999999999 8.354 9.173 0 9.171 9.161 0 9.159
0.052 0.001 0.053 0.012 0 0.012 8.765 0.01 8.773 8.781 0 8.779 8.683 0 8.682
0.053 0 0.052 0.01 0.001 0.011 8.854 0.006 8.858 9.239 0 9.236 8.743 0 8.742
0.045 0.000999999999999997 0.046 0.00800000000000001 0.002 0.011 8.329 0.007 8.334 8.733 0 8.732 8.65 0 8.647
0.046 0 0.046 0.00999999999999998 0.001 0.011 8.383 0.01 8.392 8.78 0 8.778 8.863 0 8.86
0.046 0.001 0.047 0.011 0 0.011 8.376 0.011 8.385 8.786 0 8.783 8.704 0 8.702
0.046 0 0.047 0.011 0 0.011 8.35 0.014 8.361 9.178 0.001 9.177 9.159 0 9.158
0.053 0 0.052 0.011 0 0.011 8.807 0.007 8.813 9.242 0 9.24 9.111 0 9.109
0.051 0.001 0.052 0.011 0 0.011 8.658 0.01 8.673 8.869 0.001 8.873 8.723 0 8.729
0.055 0 0.054 0.011 0 0.012 8.823 0.011 8.831 9.268 0 9.267 9.186 0.001 9.185
0.053 0 0.053 0.01 0.001 0.011 8.819 0.007 8.825 9.239 0 9.236 9.154 0 9.152
0.054 0.001 0.055 0.01 0.001 0.011 8.789 0.008 8.795 9.216 0 9.213 9.133 0 9.132
0.053 0 0.053 0.011 0.001 0.011 8.812 0.015 8.825 9.273 0 9.272 9.199 0 9.197
0.046 0.000999999999999994 0.046 0.00999999999999998 0.001 0.011 8.34 0.014 8.352 8.777 0 8.775 8.692 0.000999999999999994 8.69
0.053 0.001 0.054 0.011 0 0.011 8.879 0.008 8.884 9.342 0 9.34 9.261 0.001 9.26
0.051 0.001 0.053 0.012 0 0.011 8.902 0.01 8.91 9.354 0 9.352 9.268 0 9.265
0.055 0 0.055 0.011 0 0.011 8.812 0.016 8.827 9.156 0 9.153 9.049 0 9.048
0.053 0 0.053 0.011 0 0.011 8.799 0.01 8.808 9.291 0 9.288 9.186 0 9.184
0.044 0.001 0.045 0.00899999999999998 0.002 0.011 8.398 0.01 8.407 8.823 0 8.821 8.75 0 8.748
0.053 0 0.053 0.011 0 0.011 8.759 0.012 8.77 9.027 0 9.025 8.595 0 8.594
0.044 0.002 0.046 0.011 0 0.011 8.354 0.007 8.359 8.788 0 8.786 8.702 0 8.7
0.045 0.001 0.046 0.00900000000000001 0.002 0.011 8.638 0.009 8.645 9.225 0 9.224 9.156 0 9.154
0.051 0.001 0.053 0.011 0.001 0.011 8.805 0.008 8.812 9.236 0 9.233 8.894 0 8.894
0.045 0.001 0.046 0.011 0 0.01 8.3 0.013 8.312 8.745 0 8.742 8.634 0 8.632
0.047 0 0.047 0.011 0 0.011 8.379 0.007 8.383 8.795 0 8.792 8.702 0 8.701
0.054 0.002 0.055 0.00900000000000001 0.002 0.011 8.827 0.01 8.836 9.27 0 9.269 9.185 0 9.185
0.053 0 0.053 0.011 0 0.011 8.833 0.009 8.84 9.27 0 9.268 9.185 0 9.183
0.045 0.001 0.046 0.00899999999999998 0.002 0.011 8.402 0.011 8.411 9.272 0 9.27 9.233 0 9.231
0.053 0 0.053 0.00900000000000001 0.002 0.012 8.774 0.006 8.778 9.186 0 9.183 8.662 0 8.66
0.055 0 0.055 0.00900000000000001 0.002 0.011 8.81 0.013 8.822 9.272 0 9.27 9.19 0 9.187
0.053 0 0.053 0.011 0 0.011 8.789 0.012 8.8 9.132 0 9.129 9.043 0 9.041
0.046 0.000999999999999994 0.047 0.00700000000000001 0.004 0.011 8.379 0.009 8.386 8.776 0.001 8.775 8.681 0 8.679
0.045 0.001 0.047 0.01 0.001 0.011 8.357 0.007 8.362 8.804 0 8.801 8.718 0 8.717
0.053 0 0.053 0.011 0 0.011 8.832 0.011 8.84 9.173 0 9.171 8.703 0 8.702
0.052 0.002 0.054 0.011 0.000999999999999994 0.011 8.877 0.011 8.886 9.193 0 9.192 9.101 0 9.099
0.052 0.001 0.053 0.011 0 0.011 8.816 0.013 8.827 9.271 0 9.269 9.18 0 9.179
0.054 0 0.054 0.00900000000000001 0.002 0.011 8.822 0.015 8.835 9.27 0 9.268 9.186 0 9.186
0.051 0.002 0.053 0.012 0 0.011 8.789 0.008 8.795 9.224 0 9.222 9.14 0 9.14
0.05 0.002 0.052 0.011 0.000999999999999994 0.011 8.812 0.00600000000000001 8.817 9.242 0 9.24 9.161 0 9.16
0.053 0 0.053 0.011 0 0.011 8.804 0.01 8.812 9.253 0 9.25 9.161 0 9.16
0.046 0 0.046 0.011 0 0.011 8.355 0.009 8.361 8.79 0 8.788 9.097 0 9.096
0.045 0 0.045 0.00999999999999998 0.001 0.011 8.343 0.009 8.35 8.755 0 8.753 8.648 0 8.646
0.043 0.003 0.046 0.00999999999999998 0.001 0.011 8.354 0.012 8.364 9.206 0 9.204 9.191 0 9.189
0.053 0 0.053 0.011 0 0.011 8.732 0.01 8.74 9.093 0.00199999999999999 9.092 8.615 0 8.614
0.046 0.002 0.048 0.011 0 0.011 8.414 0.01 8.422 8.846 0.001 8.844 8.717 0 8.716
0.055 0 0.055 0.01 0.001 0.011 8.858 0.01 8.866 9.327 0 9.323 9.235 0 9.235
0.052 0.001 0.053 0.011 0 0.011 8.794 0.009 8.801 9.237 0 9.235 9.15 0 9.149
0.047 0 0.046 0.00799999999999998 0.003 0.011 8.392 0.01 8.401 8.799 0 8.796 8.945 0 8.943
0.045 0.001 0.046 0.011 0 0.011 8.563 0.00899999999999999 8.57 9.289 0 9.285 9.188 0 9.188
0.054 0.001 0.056 0.00900000000000001 0.003 0.011 8.786 0.00600000000000001 8.789 9.2 0 9.198 8.861 0 8.86
0.056 0 0.056 0.011 0 0.011 8.775 0.01 8.783 9.26 0 9.257 9.173 0 9.172
0.055 0.001 0.056 0.011 0 0.011 8.821 0.009 8.828 9.251 0.001 9.249 9.163 0 9.162
0.053 0.001 0.054 0.012 0 0.011 8.85 0.008 8.856 9.29 0 9.289 9.2 0 9.197
0.052 0.000999999999999997 0.053 0.012 0 0.012 8.949 0.007 8.954 9.383 0 9.38 9.283 0 9.282
0.054 0 0.054 0.00900000000000001 0.002 0.011 8.674 0.012 8.683 8.766 0 8.764 8.659 0 8.658
0.052 0.002 0.054 0.012 0 0.011 8.837 0.011 8.846 9.27 0 9.269 9.18 0 9.178
0.051 0.002 0.053 0.00900000000000001 0.00199999999999999 0.011 8.816 0.008 8.822 9.258 0 9.255 9.179 0 9.178
0.051 0.002 0.054 0.011 0 0.011 8.739 0.00799999999999999 8.745 9.189 0 9.187 9.106 0 9.105
0.052 0 0.052 0.01 0.001 0.011 8.804 0.00899999999999999 8.811 9.13 0 9.127 9.047 0 9.046
0.054 0.001 0.055 0.011 0.001 0.012 8.797 0.035 8.84 9.137 0.00899999999999999 9.154 9.033 0.00600000000000001 9.048
0.053 0 0.053 0.011 0 0.011 8.852 0.008 8.858 9.277 0 9.275 9.189 0 9.188
0.051 0.002 0.053 0.012 0 0.011 8.812 0.011 8.822 9.288 0 9.286 9.2 0 9.199
0.053 0.001 0.054 0.00900000000000001 0.002 0.011 8.832 0.011 8.841 9.261 0 9.259 9.185 0 9.183
0.044 0.00199999999999999 0.046 0.00999999999999998 0.001 0.011 8.352 0.009 8.359 8.789 0 8.788 8.695 0 8.692
0.047 0 0.047 0.00899999999999998 0.00199999999999999 0.011 8.453 0.005 8.455 8.851 0 8.848 8.756 0 8.755
0.054 0 0.054 0.01 0.002 0.011 8.813 0.015 8.828 9.255 0 9.253 9.179 0 9.179
0.054 0.001 0.055 0.011 0 0.011 8.911 0.005 8.913 9.343 0 9.342 9.265 0 9.263
0.053 0.002 0.055 0.01 0.001 0.011 8.791 0.006 8.795 9.215 0 9.213 9.135 0 9.133
0.052 0.001 0.053 0.011 0 0.011 8.753 0.007 8.758 9.193 0 9.19 9.113 0 9.111
0.051 0.00199999999999999 0.053 0.011 0 0.011 8.534 0.00800000000000001 8.54 8.743 0 8.741 8.634 0 8.632
0.047 0 0.047 0.011 0 0.011 8.565 0.008 8.571 9.282 0 9.279 9.196 0 9.195
0.052 0.001 0.054 0.011 0 0.011 8.866 0.009 8.872 9.194 0.001 9.193 8.855 0 8.853
0.046 0 0.046 0.00999999999999998 0.001 0.011 8.296 0.016 8.31 8.716 0 8.714 8.617 0 8.615
0.046 0 0.045 0.00999999999999998 0.001 0.011 8.291 0.007 8.296 8.705 0 8.704 8.612 0 8.609
0.046 0 0.046 0.00999999999999998 0.000999999999999994 0.011 8.542 0.012 8.551 9.317 0 9.316 9.231 0 9.228
0.052 0.000999999999999994 0.053 0.01 0.001 0.011 8.814 0.009 8.82 9.265 0 9.263 8.928 0 8.926
0.055 0 0.055 0.00800000000000001 0.003 0.011 8.844 0.015 8.857 9.263 0 9.26 9.192 0 9.191
0.052 0.001 0.053 0.01 0.001 0.011 8.812 0.01 8.82 9.281 0 9.278 9.203 0 9.201
0.053 0 0.054 0.011 0.001 0.011 8.845 0.009 8.852 9.283 0 9.281 9.198 0 9.197
0.052 0.001 0.052 0.01 0.001 0.012 8.789 0.012 8.799 9.235 0 9.233 9.15 0 9.148
0.045 0.001 0.046 0.00999999999999998 0.001 0.011 8.324 0.014 8.336 8.762 0 8.76 8.861 0 8.858
0.054 0 0.054 0.01 0.001 0.011 8.796 0.00899999999999999 8.804 9.232 0 9.229 9.164 0 9.165
0.05 0.003 0.053 0.00800000000000001 0.003 0.011 8.796 0.011 8.805 9.242 0 9.24 9.163 0 9.161
0.043 0.003 0.046 0.011 0 0.011 8.362 0.015 8.375 8.799 0 8.797 9.064 0 9.063
0.045 0.002 0.047 0.01 0.001 0.011 8.437 0.011 8.446 9.314 0.001 9.313 9.27 0 9.268
0.053 0 0.053 0.011 0 0.011 8.75 0.017 8.765 9.131 0 9.129 8.652 0 8.651
0.046 0 0.046 0.011 0 0.011 8.342 0.015 8.354 8.767 0 8.765 8.669 0 8.667
0.055 0.001 0.056 0.011 0.001 0.012 8.932 0.007 8.936 9.368 0.001 9.367 9.287 0 9.285
0.052 0.001 0.054 0.012 0.001 0.011 8.803 0.012 8.813 9.261 0 9.259 9.176 0 9.175
0.045 0.001 0.046 0.011 0 0.011 8.344 0.006 8.348 8.776 0 8.773 8.84 0 8.839
0.055 0 0.054 0.011 0 0.011 8.884 0.012 8.895 9.314 0 9.31 9.224 0 9.223
0.052 0.001 0.053 0.01 0.001 0.011 8.781 0.013 8.791 9.216 0 9.214 9.129 0 9.128
0.052 0.002 0.055 0.011 0 0.011 8.839 0.011 8.848 9.27 0 9.268 9.187 0 9.185
0.053 0 0.053 0.01 0.001 0.011 8.762 0.011 8.772 9.214 0 9.211 9.127 0 9.125
0.046 0.001 0.047 0.011 0 0.011 8.581 0.01 8.59 9.272 0.001 9.27 9.176 0 9.175
0.054 0 0.053 0.011 0 0.012 8.798 0.011 8.808 9.254 0.001 9.251 8.9 0 8.9
0.055 0 0.055 0.011 0.001 0.012 8.831 0.012 8.841 9.285 0 9.284 9.203 0 9.202
0.054 0 0.054 0.011 0 0.011 8.939 0.007 8.944 9.285 0 9.283 9.194 0 9.194
0.053 0 0.053 0.01 0.001 0.011 8.533 0.01 8.541 8.749 0 8.746 8.65 0 8.648
0.046 0 0.046 0.00999999999999998 0.001 0.011 8.414 0.009 8.421 8.852 0 8.85 8.761 0 8.76
0.052 0.001 0.053 0.01 0.00199999999999999 0.011 8.672 0.005 8.676 8.76 0 8.757 8.658 0 8.657
0.053 0 0.052 0.00900000000000001 0.00199999999999999 0.012 8.769 0.014 8.781 9.206 0 9.204 9.122 0 9.121
0.044 0.002 0.045 0.00899999999999998 0.002 0.011 8.344 0.011 8.354 8.794 0.001 8.794 8.705 0 8.701
0.054 0 0.053 0.00900000000000001 0.00199999999999999 0.011 8.764 0.012 8.775 9.21 0 9.207 9.128 0 9.126
0.045 0.002 0.047 0.01 0.001 0.011 8.447 0.008 8.453 8.853 0 8.851 8.782 0 8.781
0.052 0.002 0.054 0.012 0 0.011 8.864 0.011 8.874 9.314 0 9.314 9.223 0 9.223
0.053 0 0.053 0.00900000000000001 0.002 0.011 8.916 0.00899999999999999 8.922 9.367 0 9.365 9.29 0 9.289
0.046 0 0.047 0.00900000000000001 0.002 0.011 8.619 0.007 8.623 9.307 0 9.305 9.226 0 9.225
0.053 0 0.053 0.01 0.001 0.011 8.796 0.005 8.799 9.227 0 9.225 8.894 0 8.892
0.046 0 0.045 0.01 0.001 0.011 8.357 0.01 8.366 8.848 0 8.844 8.752 0 8.751
0.046 0 0.045 0.011 0 0.011 8.345 0.008 8.352 8.73 0 8.727 8.636 0 8.634
0.053 0 0.054 0.00900000000000001 0.002 0.011 8.494 0.00899999999999999 8.501 8.764 0 8.76 8.678 0 8.676
0.053 0 0.053 0.01 0.002 0.011 8.893 0.008 8.899 9.322 0.001 9.322 9.243 0 9.24
0.054 0 0.054 0.00900000000000001 0.002 0.011 8.776 0.008 8.782 9.21 0 9.208 9.135 0 9.133
0.053 0.002 0.055 0.012 0 0.011 8.944 0.008 8.95 9.379 0 9.376 9.298 0 9.297
0.052 0 0.053 0.012 0 0.011 8.888 0.01 8.895 9.318 0 9.316 9.219 0 9.218
0.051 0.001 0.052 0.011 0.001 0.011 8.874 0.014 8.886 9.341 0 9.34 9.251 0 9.249
0.052 0.000999999999999997 0.053 0.011 0.001 0.012 8.799 0.006 8.803 9.257 0.001 9.255 9.158 0 9.157
0.051 0.000999999999999994 0.051 0.011 0 0.012 8.822 0.011 8.83 9.298 0 9.297 9.214 0 9.213
0.053 0 0.052 0.011 0 0.011 8.813 0.007 8.819 9.244 0.001 9.243 9.162 0 9.161
0.046 0 0.046 0.00999999999999998 0 0.011 8.351 0.013 8.361 8.791 0 8.79 8.702 0 8.7
0.052 0.002 0.053 0.01 0.001 0.011 8.834 0.012 8.844 9.282 0 9.279 9.207 0 9.206
0.051 0.001 0.053 0.01 0.001 0.011 8.796 0.007 8.801 9.236 0 9.232 9.165 0 9.164
0.045 0.001 0.046 0.00999999999999998 0.001 0.011 8.36 0.014 8.372 8.812 0.001 8.811 8.705 0 8.703
0.056 0 0.056 0.011 0.001 0.012 8.943 0.007 8.948 9.378 0 9.376 9.281 0 9.28
0.052 0.003 0.054 0.01 0.000999999999999994 0.011 8.778 0.005 8.781 9.192 0.001 9.19 9.116 0 9.115
0.046 0 0.046 0.011 0 0.011 8.548 0.007 8.553 9.252 0 9.25 9.158 0.000999999999999994 9.158
0.052 0.001 0.053 0.00900000000000001 0.002 0.011 8.801 0.006 8.806 9.226 0 9.223 8.842 0 8.841
0.055 0 0.054 0.011 0 0.012 8.841 0.01 8.848 9.285 0.001 9.284 9.211 0 9.209
0.052 0.001 0.053 0.011 0.001 0.011 8.742 0.01 8.751 9.207 0.001 9.204 9.126 0 9.126
0.046 0 0.046 0.011 0 0.011 8.348 0.011 8.357 8.767 0 8.764 8.784 0 8.782
0.046 0.000999999999999994 0.047 0.00999999999999998 0.001 0.011 8.553 0.011 8.563 9.29 0 9.287 9.206 0 9.204
0.054 0 0.053 0.011 0 0.011 8.888 0.011 8.897 9.244 0 9.243 8.874 0 8.874
0.052 0 0.052 0.011 0 0.011 8.637 0.004 8.639 9.083 0 9.08 9.001 0 9
0.046 0 0.045 0.011 0 0.011 8.342 0.012 8.352 8.724 0 8.722 8.628 0 8.627
0.047 0 0.047 0.01 0.001 0.011 8.34 0.007 8.345 8.744 0 8.743 8.648 0 8.646
0.047 0 0.047 0.011 0 0.011 8.361 0.011 8.371 8.788 0 8.786 8.684 0 8.683
0.045 0.001 0.047 0.00999999999999998 0.001 0.011 8.329 0.012 8.339 9.185 0 9.182 9.16 0 9.159
0.052 0.001 0.052 0.01 0.000999999999999994 0.011 8.802 0.009 8.809 9.163 0 9.161 8.673 0 8.672
0.055 0 0.054 0.01 0.000999999999999994 0.012 8.898 0.007 8.902 9.33 0 9.327 9.25 0 9.249
0.053 0 0.053 0.011 0 0.011 8.801 0.006 8.805 9.246 0 9.243 9.154 0 9.153
0.054 0.001 0.055 0.01 0.001 0.011 8.803 0.01 8.81 9.245 0 9.243 9.16 0 9.158
0.052 0.001 0.052 0.01 0.001 0.011 8.817 0.01 8.826 9.248 0 9.245 9.16 0 9.16
0.045 0.001 0.047 0.011 0 0.011 8.389 0.005 8.392 8.802 0 8.8 8.775 0 8.772
0.045 0.001 0.046 0.00999999999999998 0.001 0.011 8.338 0.014 8.351 8.759 0 8.755 8.671 0 8.669
0.044 0.002 0.046 0.011 0 0.011 8.35 0.012 8.36 8.754 0.000999999999999994 8.753 8.67 0 8.668
0.054 0 0.053 0.011 0 0.012 8.853 0.006 8.857 9.248 0 9.246 9.182 0 9.179
0.052 0.001 0.053 0.011 0 0.012 8.858 0.007 8.862 9.276 0 9.274 9.201 0 9.2
0.046 0 0.046 0.01 0.000999999999999997 0.01 8.384 0.004 8.386 9.265 0 9.264 9.233 0 9.231
0.052 0.001 0.053 0.011 0 0.011 8.772 0.012 8.782 9.151 0 9.148 8.687 0 8.686
0.053 0 0.054 0.011 0 0.011 8.444 0.01 8.451 8.772 0 8.77 8.688 0 8.687
0.045 0.001 0.046 0.011 0 0.011 8.394 0.003 8.395 8.838 0 8.836 8.729 0 8.727
0.051 0.001 0.053 0.011 0 0.011 8.77 0.009 8.777 9.093 0 9.09 9.003 0 9.003
0.055 0.001 0.056 0.01 0.001 0.011 8.822 0.009 8.829 9.255 0 9.253 9.158 0 9.156
0.044 0.000999999999999994 0.046 0.011 0 0.011 8.433 0.007 8.438 8.878 0 8.876 9.026 0 9.025
0.053 0 0.053 0.012 0 0.012 8.858 0.01 8.866 9.317 0 9.315 9.225 0 9.224
0.056 0 0.056 0.01 0.001 0.011 8.809 0.008 8.814 9.257 0 9.256 9.178 0 9.177
0.051 0.001 0.052 0.011 0 0.011 8.875 0.014 8.887 9.333 0 9.331 9.253 0 9.251
0.053 0 0.053 0.012 0 0.012 8.768 0.009 8.774 9.198 0 9.196 9.113 0 9.112
0.044 0.00199999999999999 0.046 0.00999999999999998 0.001 0.011 8.313 0.012 8.323 8.712 0 8.71 8.675 0 8.673
0.053 0 0.053 0.012 0 0.012 8.822 0.007 8.827 9.252 0 9.25 9.169 0 9.167
0.046 0 0.046 0.011 0 0.011 8.358 0.009 8.365 8.779 0 8.777 8.731 0 8.729
0.052 0.001 0.054 0.01 0.001 0.011 8.762 0.009 8.768 9.189 0 9.186 9.11 0 9.109
0.048 0 0.047 0.00900000000000001 0.002 0.011 8.341 0.011 8.35 8.742 0 8.74 8.647 0 8.645
0.046 0 0.046 0.011 0 0.011 8.353 0.013 8.364 8.798 0 8.795 8.699 0 8.697
0.045 0.001 0.046 0.01 0.001 0.011 8.362 0.007 8.367 8.808 0 8.806 8.725 0 8.723
0.047 0 0.046 0.011 0 0.011 8.582 0.013 8.593 9.283 0 9.28 9.189 0 9.189
0.051 0.00199999999999999 0.052 0.01 0.001 0.012 8.774 0.009 8.78 9.208 0 9.207 8.876 0 8.873
0.051 0.001 0.052 0.011 0 0.011 8.805 0.013 8.815 9.13 0 9.128 9.058 0 9.057
0.054 0 0.053 0.01 0.001 0.011 8.812 0.013 8.823 9.259 0 9.258 9.165 0 9.163
0.054 0.001 0.055 0.011 0 0.011 8.874 0.008 8.88 9.341 0 9.339 9.261 0 9.26
0.052 0.001 0.053 0.011 0 0.011 8.787 0.008 8.792 9.227 0 9.225 9.15 0 9.148
0.046 0 0.047 0.011 0 0.011 8.354 0.006 8.358 8.775 0 8.772 8.713 0 8.71
0.053 0 0.053 0.011 0 0.011 8.796 0.005 8.799 9.093 0 9.091 8.681 0 8.68
0.051 0.001 0.052 0.011 0 0.012 8.636 0.014 8.648 8.819 0 8.817 8.697 0 8.696
0.049 0.002 0.052 0.01 0.000999999999999994 0.011 8.8 0.009 8.807 9.23 0 9.226 9.135 0 9.135
0.051 0.001 0.052 0.011 0.000999999999999994 0.012 8.806 0.012 8.816 9.236 0 9.233 9.145 0 9.144
0.046 0.001 0.046 0.011 0 0.011 8.327 0.00799999999999999 8.332 8.74 0 8.738 8.655 0 8.653
0.048 0.000999999999999994 0.049 0.01 0.001 0.011 8.418 0.01 8.426 8.839 0 8.836 8.738 0 8.738
0.046 0 0.046 0.00999999999999998 0.001 0.011 8.546 0.007 8.551 9.261 0 9.259 9.189 0 9.188
0.051 0.002 0.053 0.011 0 0.011 8.772 0.008 8.777 9.1 0 9.099 8.787 0 8.786
0.052 0.001 0.052 0.01 0.001 0.012 8.889 0.01 8.897 9.373 0 9.37 9.268 0 9.267
0.052 0.001 0.053 0.011 0.001 0.011 8.782 0.008 8.788 9.234 0 9.232 9.143 0 9.142
0.044 0.002 0.046 0.011 0 0.011 8.453 0.01 8.46 8.898 0.001 8.897 8.809 0 8.809
0.045 0.001 0.047 0.00999999999999998 0.000999999999999994 0.01 8.305 0.011 8.314 8.717 0 8.716 8.652 0 8.65
0.046 0 0.046 0.011 0 0.011 8.4 0.011 8.408 8.84 0.001 8.84 8.751 0 8.747
0.054 0 0.054 0.012 0 0.011 8.812 0.011 8.823 9.282 0 9.281 9.199 0 9.199
0.053 0 0.053 0.011 0.001 0.011 8.822 0.012 8.832 9.262 0 9.259 9.19 0 9.189
0.047 0 0.047 0.00999999999999998 0.001 0.011 8.55 0.012 8.56 9.26 0 9.258 9.185 0 9.183
0.052 0.001 0.052 0.011 0 0.012 8.754 0.009 8.761 9.175 0 9.173 8.848 0 8.847
0.047 0.000999999999999994 0.048 0.00999999999999998 0.001 0.011 8.365 0.011 8.374 8.759 0 8.758 8.662 0 8.659
0.055 0 0.055 0.011 0 0.012 8.811 0.01 8.819 9.259 0 9.255 9.179 0 9.178
0.052 0.001 0.053 0.01 0.001 0.011 8.896 0.01 8.904 9.343 0 9.341 9.247 0 9.245
0.046 0.001 0.046 0.00899999999999998 0.002 0.011 8.365 0.014 8.378 8.796 0 8.793 8.959 0 8.957
0.053 0.001 0.054 0.01 0.001 0.011 8.799 0.00799999999999999 8.805 9.237 0 9.235 9.157 0 9.156
0.047 0 0.046 0.00799999999999998 0.00199999999999999 0.011 8.327 0.008 8.333 8.738 0 8.736 8.863 0 8.861
0.052 0.001 0.052 0.011 0 0.012 8.897 0.007 8.902 9.335 0 9.332 9.222 0 9.222
0.044 0.00199999999999999 0.046 0.011 0 0.011 8.562 0.009 8.569 9.305 0 9.302 9.212 0 9.211
0.052 0.001 0.053 0.011 0 0.011 8.81 0.008 8.816 9.283 0 9.28 8.908 0 8.907
0.053 0.001 0.054 0.01 0.000999999999999994 0.011 8.825 0.011 8.834 9.272 0 9.27 9.197 0 9.196
0.053 0 0.053 0.01 0.001 0.011 8.801 0.008 8.807 9.225 0 9.224 9.151 0 9.15
0.044 0.00199999999999999 0.046 0.011 0 0.01 8.337 0.006 8.342 8.699 0 8.696 8.798 0 8.796
0.052 0.001 0.054 0.01 0.002 0.012 8.812 0.005 8.815 9.25 0 9.248 9.18 0 9.179
0.051 0.000999999999999994 0.052 0.012 0 0.011 8.759 0.01 8.767 9.197 0 9.196 9.115 0 9.114
0.045 0 0.045 0.011 0 0.011 8.317 0.009 8.324 8.755 0 8.753 8.65 0 8.648
0.046 0 0.046 0.00999999999999998 0.001 0.011 8.342 0.005 8.346 8.778 0 8.775 8.655 0 8.653
0.054 0 0.054 0.01 0.001 0.011 8.799 0.008 8.805 9.263 0 9.261 9.175 0 9.172
0.054 0 0.053 0.011 0 0.011 8.776 0.012 8.786 9.251 0 9.249 9.171 0 9.169
0.053 0.001 0.054 0.01 0.001 0.011 8.945 0.009 8.951 9.4 0 9.398 9.31 0 9.309
0.051 0.002 0.053 0.011 0 0.011 8.809 0.011 8.817 9.238 0 9.236 9.16 0 9.158
0.047 0 0.047 0.00900000000000001 0.002 0.011 8.349 0.017 8.363 8.758 0 8.756 8.883 0 8.881
0.053 0 0.053 0.011 0 0.012 8.595 0.009 8.601 8.77 0 8.767 8.674 0 8.672
0.054 0.001 0.056 0.01 0.001 0.011 8.802 0.006 8.806 9.242 0 9.238 9.155 0 9.155
0.052 0.001 0.053 0.011 0.000999999999999994 0.012 8.828 0.013 8.839 9.292 0 9.29 9.21 0 9.207
0.055 0.003 0.057 0.011 0 0.012 8.602 0.015 8.615 8.822 0 8.82 8.74 0 8.739
0.046 0.002 0.048 0.011 0 0.011 8.524 0.005 8.527 9.254 0 9.252 9.172 0 9.17
0.052 0 0.053 0.012 0 0.011 8.799 0.004 8.801 9.24 0 9.238 8.832 0 8.831
0.052 0.001 0.053 0.011 0 0.012 8.568 0.017 8.583 8.799 0 8.797 8.723 0 8.721
0.046 0.001 0.046 0.00999999999999998 0 0.011 8.335 0.007 8.339 9.179 0 9.178 9.161 0 9.16
0.049 0.003 0.053 0.011 0.001 0.011 8.808 0.01 8.816 9.149 0 9.148 8.703 0 8.702
0.045 0.001 0.046 0.00999999999999998 0.001 0.011 8.391 0.011 8.4 9.246 0 9.243 9.212 0 9.211
0.052 0.001 0.052 0.011 0 0.012 8.896 0.009 8.903 9.271 0 9.267 8.771 0 8.771
0.05 0.002 0.052 0.011 0 0.011 8.798 0.013 8.809 9.241 0 9.238 9.157 0 9.156
0.053 0 0.053 0.012 0 0.012 8.804 0.014 8.816 9.245 0 9.243 9.157 0 9.155
0.046 0 0.046 0.00999999999999998 0.001 0.011 8.336 0.00799999999999999 8.342 8.753 0 8.751 8.681 0 8.679
0.046 0 0.045 0.011 0 0.011 8.374 0.01 8.383 8.799 0 8.795 8.714 0 8.712
0.053 0.001 0.055 0.011 0.001 0.011 9.014 0.011 9.023 9.451 0 9.449 9.338 0 9.336
0.053 0 0.053 0.01 0.001 0.011 8.787 0.011 8.797 9.119 0 9.116 9.049 0 9.047
0.054 0 0.055 0.011 0 0.011 8.831 0.009 8.837 9.28 0.000999999999999994 9.279 9.195 0 9.193
0.052 0.001 0.053 0.00900000000000001 0.00199999999999999 0.011 8.774 0.01 8.783 9.208 0 9.205 9.128 0 9.126
0.052 0.000999999999999994 0.054 0.01 0.001 0.011 8.491 0.012 8.501 8.744 0 8.741 8.625 0 8.624
0.051 0.001 0.051 0.011 0 0.012 8.817 0.01 8.823 9.261 0 9.26 9.186 0 9.183
0.052 0.001 0.053 0.011 0 0.011 8.802 0.012 8.811 9.248 0 9.247 9.166 0 9.164
0.045 0.00199999999999999 0.046 0.00999999999999998 0.001 0.011 8.35 0.005 8.353 8.764 0 8.763 8.909 0 8.906
0.052 0.000999999999999994 0.052 0.00900000000000001 0.002 0.012 8.907 0.012 8.916 9.345 0 9.343 9.272 0 9.271
0.053 0 0.053 0.01 0.001 0.011 8.835 0.009 8.842 9.253 0 9.251 9.172 0 9.171
0.045 0.001 0.046 0.00999999999999998 0.001 0.011 8.375 0.012 8.385 8.773 0 8.771 8.885 0 8.883
0.052 0.000999999999999997 0.053 0.011 0 0.011 8.775 0.008 8.782 9.224 0 9.221 9.145 0 9.143
0.054 0 0.054 0.011 0.001 0.012 8.837 0.011 8.846 9.276 0 9.273 9.201 0 9.201
0.053 0.001 0.054 0.01 0.001 0.011 8.848 0.011 8.857 9.301 0 9.299 9.222 0 9.221
0.052 0.001 0.053 0.01 0.000999999999999994 0.011 8.803 0.00600000000000001 8.807 9.251 0 9.249 9.172 0 9.17
0.046 0 0.046 0.00999999999999998 0.001 0.011 8.347 0.01 8.355 8.762 0 8.76 8.9 0 8.896
0.045 0 0.046 0.011 0 0.011 8.528 0.008 8.533 9.246 0 9.244 9.16 0 9.159
0.054 0 0.053 0.011 0 0.011 8.79 0.01 8.798 9.217 0 9.215 8.857 0 8.856
0.045 0.000999999999999994 0.047 0.00999999999999998 0.001 0.011 8.417 0.008 8.423 8.848 0 8.845 8.756 0 8.755
0.048 0 0.047 0.01 0.001 0.011 8.397 0.011 8.407 8.788 0 8.785 8.702 0 8.7
0.052 0 0.052 0.011 0 0.011 8.831 0.01 8.839 9.264 0.002 9.263 9.171 0 9.171
0.052 0.001 0.053 0.011 0 0.011 8.791 0.007 8.796 9.231 0 9.229 9.142 0 9.141
0.054 0 0.054 0.012 0 0.011 8.859 0.009 8.867 9.333 0 9.331 9.252 0 9.249
0.052 0.000999999999999994 0.053 0.011 0 0.011 8.879 0.015 8.892 9.393 0 9.391 9.288 0 9.286
0.046 0 0.046 0.011 0 0.011 8.334 0.012 8.344 8.7 0 8.699 8.799 0 8.796
0.053 0 0.053 0.00900000000000001 0.002 0.011 8.525 0.011 8.534 8.763 0 8.76 8.654 0 8.653
0.054 0 0.055 0.011 0 0.011 8.825 0.009 8.831 9.255 0 9.254 9.169 0 9.167
0.052 0.000999999999999994 0.053 0.01 0.001 0.012 8.776 0.009 8.783 9.21 0 9.208 9.123 0 9.121
0.051 0.000999999999999997 0.053 0.012 0 0.011 8.545 0.009 8.552 8.759 0 8.757 8.658 0 8.656
0.054 0 0.053 0.01 0.001 0.012 8.886 0.013 8.897 9.362 0 9.36 9.269 0 9.268
0.05 0.002 0.053 0.011 0.001 0.011 8.815 0.00799999999999999 8.821 9.244 0 9.241 9.156 0 9.155
0.051 0.00199999999999999 0.053 0.01 0.001 0.012 8.538 0.01 8.545 8.776 0 8.774 8.654 0 8.652
0.053 0.001 0.055 0.012 0 0.011 8.843 0.00899999999999999 8.85 9.267 0 9.264 9.185 0 9.184
0.052 0.001 0.053 0.01 0.001 0.011 8.789 0.014 8.801 9.246 0 9.244 9.169 0 9.168
0.054 0 0.054 0.011 0 0.011 8.777 0.013 8.788 9.223 0 9.222 9.135 0 9.134
0.053 0 0.052 0.00800000000000001 0.003 0.012 8.785 0.004 8.787 9.223 0 9.221 9.148 0 9.146
0.053 0.000999999999999994 0.054 0.011 0.001 0.012 8.798 0.006 8.802 9.222 0.001 9.22 9.143 0 9.142
0.052 0.000999999999999997 0.054 0.011 0.001 0.011 8.937 0.012 8.947 9.393 0 9.391 9.293 0 9.291
0.045 0.001 0.047 0.00999999999999998 0.001 0.011 8.306 0.005 8.309 8.715 0 8.713 8.65 0 8.648
0.046 0 0.046 0.00899999999999998 0.001 0.011 8.388 0.009 8.395 8.819 0 8.816 8.742 0 8.739
0.053 0.00199999999999999 0.054 0.011 0 0.011 8.811 0.00800000000000001 8.818 9.248 0 9.247 9.168 0 9.168
0.053 0.001 0.053 0.011 0 0.011 8.79 0.007 8.794 9.242 0 9.241 9.165 0 9.163
0.053 0.001 0.054 0.012 0 0.011 8.787 0.008 8.793 9.261 0 9.258 9.194 0 9.193
0.053 0 0.053 0.01 0.001 0.011 8.802 0.016 8.817 9.264 0 9.26 9.195 0 9.195
0.052 0.001 0.053 0.01 0.001 0.011 8.523 0.01 8.53 8.759 0 8.757 8.641 0 8.639
0.055 0 0.055 0.011 0 0.011 8.814 0.019 8.833 9.252 0.007 9.259 9.188 0.001 9.188
0.046 0 0.046 0.011 0 0.011 8.356 0.012 8.365 8.789 0 8.786 8.78 0 8.777
0.053 0.001 0.053 0.00900000000000001 0.00199999999999999 0.011 8.879 0.009 8.886 9.318 0 9.317 9.244 0 9.242
0.052 0 0.052 0.011 0 0.012 8.811 0.012 8.821 9.269 0 9.267 9.19 0 9.189
0.046 0 0.046 0.011 0 0.011 8.331 0.008 8.337 8.785 0 8.783 8.755 0 8.753
0.052 0.001 0.053 0.00900000000000001 0.003 0.011 8.878 0.007 8.884 9.308 0 9.305 9.218 0 9.217
0.056 0 0.055 0.01 0.001 0.012 8.911 0.009 8.918 9.34 0 9.337 9.249 0 9.247
0.052 0.000999999999999994 0.052 0.011 0 0.012 8.82 0.01 8.828 9.155 0 9.152 9.064 0 9.063
0.055 0 0.055 0.01 0.002 0.011 8.835 0.007 8.84 9.279 0 9.277 9.204 0 9.203
0.051 0.00199999999999999 0.053 0.011 0 0.011 8.817 0.012 8.827 9.294 0 9.29 9.18 0 9.179
0.045 0.000999999999999994 0.046 0.011 0 0.011 8.354 0.009 8.36 8.78 0 8.778 8.766 0 8.764
0.052 0.001 0.052 0.011 0 0.012 8.831 0.012 8.84 9.279 0 9.277 9.184 0 9.182
0.052 0.002 0.053 0.00800000000000001 0.003 0.012 8.788 0.006 8.792 9.204 0 9.202 9.127 0 9.125
0.046 0 0.046 0.011 0 0.011 8.381 0.011 8.391 8.796 0 8.793 8.713 0 8.712
0.046 0.000999999999999994 0.047 0.011 0 0.011 8.452 0.01 8.461 8.861 0.001 8.859 8.768 0 8.767
0.051 0.001 0.052 0.011 0 0.011 8.865 0.01 8.873 9.277 0 9.275 9.205 0 9.203
0.051 0.002 0.053 0.01 0.001 0.012 8.783 0.006 8.786 9.217 0 9.215 9.127 0 9.126
0.052 0.000999999999999994 0.053 0.011 0 0.011 8.517 0.005 8.521 8.78 0 8.777 8.664 0 8.662
0.053 0.001 0.054 0.012 0 0.011 8.848 0.008 8.855 9.284 0 9.281 9.196 0 9.195
0.053 0 0.054 0.01 0.001 0.011 8.791 0.013 8.801 9.22 0 9.218 9.143 0 9.142
0.046 0.001 0.047 0.00899999999999998 0.002 0.011 8.326 0.005 8.329 8.745 0 8.743 8.944 0 8.942
0.055 0.002 0.056 0.01 0.001 0.011 8.403 0.01 8.411 8.794 0 8.792 8.686 0 8.684
0.048 0 0.048 0.011 0 0.011 8.418 0.011 8.428 8.842 0 8.84 8.743 0 8.74
0.047 0.001 0.048 0.00900000000000001 0.00199999999999999 0.011 8.38 0.012 8.39 8.772 0.001 8.77 8.665 0 8.664
0.051 0.001 0.052 0.00900000000000001 0.00199999999999999 0.011 8.838 0.00600000000000001 8.841 9.251 0 9.249 9.174 0 9.172
0.053 0 0.053 0.01 0.000999999999999994 0.011 8.81 0.015 8.823 9.249 0 9.246 9.162 0 9.161
0.051 0.000999999999999994 0.053 0.012 0 0.011 8.379 0.008 8.385 8.766 0 8.764 8.66 0 8.658
0.053 0.001 0.055 0.011 0 0.011 8.815 0.008 8.821 9.257 0 9.253 9.173 0 9.172
0.053 0 0.053 0.011 0 0.012 8.774 0.01 8.781 9.226 0 9.224 9.148 0 9.147
0.053 0 0.054 0.012 0 0.011 8.781 0.009 8.788 9.206 0.001 9.205 9.123 0 9.121
0.051 0.002 0.053 0.011 0.001 0.011 8.797 0.009 8.805 9.231 0 9.228 9.134 0 9.132
0.053 0.001 0.054 0.01 0.002 0.011 8.856 0.007 8.86 9.283 0 9.281 9.198 0 9.198
0.053 0 0.052 0.00799999999999998 0.003 0.012 8.783 0.017 8.798 9.236 0.001 9.234 9.147 0 9.146
0.047 0 0.047 0.00900000000000001 0.002 0.011 8.315 0.013 8.326 8.706 0 8.703 8.636 0 8.634
0.046 0.001 0.047 0.01 0.001 0.011 8.416 0.00799999999999999 8.422 8.853 0 8.852 8.762 0 8.758
0.054 0 0.054 0.012 0 0.011 8.8 0.009 8.808 9.258 0 9.258 9.182 0 9.182
0.053 0 0.054 0.00900000000000001 0.002 0.011 8.832 0.008 8.838 9.278 0 9.276 9.201 0 9.199
0.05 0.001 0.051 0.012 0 0.011 8.844 0.006 8.848 9.265 0 9.263 9.185 0 9.183
0.053 0.001 0.053 0.01 0.001 0.011 8.817 0.006 8.822 9.253 0 9.251 9.164 0 9.162
0.054 0.001 0.055 0.00800000000000001 0.003 0.011 8.76 0.009 8.767 9.218 0 9.216 9.132 0 9.13
0.053 0 0.053 0.011 0 0.011 8.811 0.00799999999999999 8.817 9.256 0 9.254 9.167 0 9.166
0.044 0.002 0.047 0.011 0 0.011 8.402 0.00899999999999999 8.408 8.852 0 8.85 8.951 0 8.95
0.051 0.00199999999999999 0.054 0.01 0.001 0.011 8.637 0.015 8.649 8.804 0 8.802 8.707 0 8.705
0.054 0 0.053 0.01 0.000999999999999994 0.012 8.852 0.011 8.86 9.188 0 9.186 9.103 0 9.101
0.052 0.001 0.053 0.01 0.001 0.011 8.824 0.014 8.836 9.262 0 9.259 9.169 0 9.169
0.043 0.003 0.046 0.00999999999999998 0.001 0.011 8.353 0.009 8.361 8.788 0.001 8.787 8.843 0 8.84
0.051 0.002 0.052 0.01 0.001 0.012 8.81 0.007 8.814 9.263 0 9.26 9.169 0 9.169
0.055 0 0.055 0.011 0 0.011 8.937 0.014 8.948 9.389 0 9.387 9.286 0.001 9.285
0.053 0.001 0.054 0.012 0 0.011 8.826 0.00799999999999999 8.834 9.26 0 9.257 9.187 0 9.187
0.052 0 0.053 0.012 0 0.011 8.794 0.00899999999999999 8.802 9.253 0 9.249 9.168 0 9.167
0.045 0.001 0.046 0.01 0.001 0.011 8.382 0.01 8.389 8.776 0.001 8.776 8.862 0 8.858
0.053 0 0.053 0.01 0.001 0.011 8.884 0.011 8.892 9.325 0 9.323 9.227 0 9.226
0.051 0.000999999999999994 0.052 0.011 0 0.011 8.844 0.007 8.849 9.173 0 9.17 9.087 0 9.085
0.047 0 0.046 0.00999999999999998 0.001 0.011 8.368 0.007 8.373 8.791 0 8.789 8.701 0 8.7
0.046 0 0.046 0.00900000000000001 0.001 0.011 8.293 0.01 8.3 8.725 0 8.723 8.647 0 8.644
0.045 0.001 0.047 0.011 0 0.01 8.368 0.005 8.372 9.197 0 9.194 9.17 0 9.168
0.052 0.001 0.053 0.01 0.001 0.012 8.762 0.012 8.771 9.127 0 9.126 8.666 0 8.664
0.053 0 0.053 0.01 0.001 0.012 8.598 0.008 8.603 8.835 0 8.833 8.731 0 8.73
0.055 0 0.055 0.011 0 0.011 8.921 0.01 8.929 9.356 0 9.353 9.217 0 9.223
0.053 0 0.053 0.01 0.001 0.012 8.869 0.012 8.878 9.314 0 9.311 9.244 0 9.243
0.044 0.002 0.047 0.011 0 0.011 8.465 0.008 8.47 8.875 0 8.874 9.006 0 9.003
0.054 0.001 0.056 0.012 0 0.011 8.821 0.008 8.827 9.131 0 9.128 9.043 0 9.042
0.052 0.001 0.053 0.00900000000000001 0.002 0.011 8.832 0.01 8.84 9.271 0 9.269 9.181 0 9.179
0.051 0.00199999999999999 0.053 0.01 0.001 0.011 8.495 0.012 8.506 8.748 0 8.745 8.656 0 8.654
0.045 0 0.046 0.011 0 0.011 8.376 0.01 8.383 9.238 0 9.236 9.212 0 9.21
0.052 0 0.052 0.011 0 0.011 8.78 0.015 8.793 9.176 0 9.173 8.707 0 8.706
0.053 0 0.053 0.01 0.001 0.011 8.515 0.005 8.518 8.761 0 8.758 8.658 0 8.655
0.047 0 0.046 0.01 0 0.011 8.505 0.011 8.514 9.231 0 9.229 9.144 0 9.142
0.052 0.001 0.053 0.011 0 0.011 8.817 0.006 8.821 9.258 0 9.256 8.899 0 8.898
0.044 0.002 0.046 0.011 0 0.01 8.335 0.006 8.339 9.239 0 9.238 9.206 0 9.205
0.052 0.001 0.053 0.011 0 0.011 8.788 0.008 8.793 9.161 0 9.159 8.676 0 8.675
0.053 0.001 0.054 0.011 0.001 0.011 8.776 0.01 8.785 9.204 0 9.201 9.121 0 9.12
0.051 0.002 0.053 0.00900000000000001 0.003 0.011 8.818 0.01 8.826 9.26 0 9.258 9.162 0 9.162
0.044 0.003 0.047 0.011 0 0.011 8.323 0.00899999999999999 8.33 8.732 0 8.731 8.606 0 8.604
0.045 0.002 0.046 0.00899999999999998 0.002 0.011 8.391 0.00899999999999999 8.398 8.819 0 8.817 8.712 0 8.71
0.053 0 0.052 0.00900000000000001 0.00199999999999999 0.011 8.799 0.009 8.809 9.258 0 9.255 9.186 0 9.186
0.052 0.001 0.053 0.011 0 0.011 8.791 0.015 8.803 9.238 0 9.236 9.155 0 9.154
0.051 0 0.051 0.011 0.001 0.011 8.804 0.006 8.808 9.243 0 9.241 9.148 0 9.146
0.053 0.001 0.053 0.01 0.001 0.012 8.753 0.012 8.763 9.197 0 9.194 9.106 0 9.105
0.052 0 0.052 0.011 0 0.011 8.832 0.008 8.838 9.251 0 9.25 9.165 0 9.163
0.053 0 0.053 0.011 0.001 0.011 8.799 0.01 8.807 9.242 0 9.239 9.16 0 9.159
0.045 0.001 0.046 0.00999999999999998 0.001 0.011 8.342 0.012 8.352 8.731 0 8.729 8.888 0 8.886
0.052 0.001 0.053 0.01 0.001 0.011 8.57 0.008 8.576 8.675 0.000999999999999994 8.679 8.421 0 8.425
0.052 0 0.052 0.011 0 0.011 8.859 0.012 8.87 9.285 0 9.282 9.205 0 9.204
0.044 0.00199999999999999 0.046 0.00999999999999998 0.001 0.011 8.325 0.006 8.328 8.785 0 8.784 8.896 0 8.894
0.051 0.001 0.053 0.011 0 0.011 8.824 0.008 8.83 9.145 0 9.143 9.064 0 9.063
0.047 0 0.047 0.00900000000000001 0.001 0.011 8.584 0.008 8.59 9.308 0 9.305 9.224 0 9.223
0.052 0.001 0.054 0.01 0.002 0.011 8.812 0.01 8.821 9.252 0 9.249 8.876 0 8.874
0.053 0 0.053 0.01 0.001 0.012 8.789 0.013 8.798 9.225 0 9.223 9.144 0 9.142
0.053 0 0.053 0.01 0.001 0.012 8.834 0.014 8.845 9.272 0 9.269 9.184 0 9.183
0.044 0.002 0.046 0.011 0 0.011 8.351 0.01 8.359 8.797 0 8.794 8.939 0 8.938
0.054 0 0.054 0.011 0 0.011 8.827 0.013 8.838 9.254 0 9.252 9.167 0 9.165
0.052 0.001 0.052 0.011 0 0.012 8.789 0.01 8.796 9.214 0 9.211 9.122 0 9.121
0.045 0.001 0.046 0.00999999999999998 0.000999999999999994 0.011 8.35 0.009 8.357 8.777 0 8.776 8.705 0 8.703
0.045 0.001 0.046 0.011 0 0.011 8.398 0.013 8.408 8.834 0 8.833 8.756 0.000999999999999994 8.754
