0.053 0.001 0.054 0.011 0.001 0.011 9.446 0.008 9.452 9.463 0 9.461 9.826 0 9.823
0.053 0.000999999999999994 0.054 0.011 0 0.012 8.988 0.011 8.997 9.213 0 9.209 9.37 0 9.368
0.053 0 0.054 0.011 0 0.011 8.853 0.008 8.858 9.201 0 9.199 9.137 0 9.136
0.052 0.002 0.054 0.00999999999999998 0.001 0.011 9.192 0.008 9.198 9.615 0 9.612 9.558 0 9.557
0.053 0 0.054 0.011 0.001 0.011 8.958 0.012 8.968 9.289 0 9.286 9.218 0 9.217
0.054 0 0.054 0.011 0 0.011 8.751 0.014 8.763 9.189 0 9.187 9.116 0 9.115
0.054 0.001 0.054 0.00900000000000001 0.002 0.012 9.283 0.007 9.287 9.753 0 9.752 9.687 0 9.684
0.052 0.00199999999999999 0.055 0.011 0 0.011 8.691 0.012 8.701 9.104 0.002 9.102 9.029 0 9.029
0.05 0.001 0.051 0.011 0 0.011 9.007 0.013 9.017 9.406 0 9.404 9.277 0 9.283
0.054 0 0.053 0.01 0.001 0.012 9.286 0.007 9.29 9.773 0 9.77 9.614 0 9.613
0.052 0 0.052 0.011 0 0.011 9.382 0.013 9.393 9.856 0 9.853 9.63 0 9.629
0.052 0.001 0.053 0.01 0.000999999999999994 0.012 8.818 0.008 8.823 9.265 0 9.263 9.194 0 9.192
0.053 0.00199999999999999 0.055 0.013 0 0.013 10.01 0.002 10.01 10.448 0 10.446 10.369 0 10.366
0.052 0.000999999999999994 0.053 0.01 0.001 0.012 8.828 0.008 8.833 9.263 0 9.261 9.222 0 9.22
0.053 0.001 0.055 0.01 0.001 0.011 9.173 0.01 9.181 9.568 0 9.565 9.516 0 9.515
0.053 0.002 0.055 0.012 0.001 0.013 10.023 0.005 10.026 10.486 0 10.484 10.381 0 10.378
0.046 0.001 0.046 0.00900000000000001 0.001 0.011 9.192 0.009 9.199 9.547 0 9.544 9.42 0 9.418
0.053 0.001 0.054 0.012 0 0.012 9.281 0.00799999999999999 9.286 9.713 0 9.711 9.569 0 9.567
0.054 0 0.054 0.011 0 0.011 9.365 0.011 9.373 9.849 0 9.847 9.712 0 9.71
0.053 0 0.053 0.011 0.000999999999999994 0.012 9.073 0.013 9.083 9.488 0 9.486 9.472 0 9.469
0.053 0.001 0.054 0.01 0.001 0.011 9.392 0.009 9.398 9.496 0.001 9.494 9.837 0 9.837
0.052 0.001 0.053 0.011 0 0.012 9.027 0.01 9.037 9.837 0.004 9.841 9.446 0 9.444
0.054 0 0.054 0.011 0 0.011 8.815 0.011 8.824 9.314 0.002 9.314 9.257 0 9.255
0.055 0 0.054 0.012 0 0.012 9.389 0.009 9.396 9.799 0 9.797 9.699 0 9.698
0.052 0.002 0.053 0.011 0 0.011 8.857 0.006 8.861 9.275 0 9.273 9.227 0 9.226
0.053 0 0.053 0.011 0.001 0.012 8.857 0.013 8.869 9.301 0.001 9.299 9.236 0 9.236
0.052 0.001 0.054 0.011 0.001 0.011 8.742 0.01 8.751 9.163 0 9.16 9.073 0 9.072
0.053 0 0.054 0.011 0 0.011 8.619 0.008 8.624 9.035 0 9.033 8.958 0 8.957
0.048 0 0.048 0.013 0 0.012 9.304 0.004 9.306 10.71 0 10.708 10.692 0 10.69
0.055 0 0.056 0.012 0.001 0.013 10.145 0.005 10.146 10.601 0 10.6 9.61 0.001 9.608
0.047 0.002 0.05 0.01 0.001 0.011 8.665 0.008 8.671 9.554 0 9.552 9.315 0 9.313
0.051 0.002 0.054 0.011 0 0.011 8.822 0.011 8.834 9.078 0 9.081 8.903 0 8.907
0.055 0 0.055 0.011 0.001 0.012 9.329 0.01 9.336 9.755 0 9.753 9.705 0 9.703
0.046 0.001 0.047 0.01 0.001 0.011 9.335 0.004 9.336 9.557 0 9.555 9.684 0 9.682
0.053 0.001 0.054 0.011 0.001 0.012 9.244 0.01 9.251 9.618 0 9.616 9.555 0 9.552
0.045 0.003 0.049 0.012 0.001 0.012 9.953 0.009 9.96 10.464 0 10.462 10.45 0 10.447
0.052 0.001 0.053 0.011 0 0.011 8.542 0.016 8.556 8.972 0 8.97 8.895 0 8.893
0.054 0.001 0.056 0.012 0.001 0.013 10.016 0.004 10.016 10.503 0.000999999999999994 10.503 10.459 0 10.456
0.052 0.001 0.054 0.01 0.001 0.011 8.927 0.01 8.934 9.343 0 9.34 9.284 0 9.283
0.052 0.001 0.053 0.011 0.001 0.011 9.278 0.007 9.282 9.635 0 9.634 9.474 0 9.472
0.053 0.000999999999999994 0.054 0.01 0.001 0.011 8.901 0.012 8.911 9.239 0 9.237 9.33 0 9.328
0.046 0.001 0.047 0.011 0 0.011 9.009 0.01 9.017 9.77 0 9.767 9.373 0 9.371
0.045 0.001 0.047 0.00999999999999998 0.001 0.011 8.903 0.008 8.909 9.241 0 9.239 9.124 0 9.121
0.055 0 0.056 0.012 0.001 0.012 10.037 0.004 10.039 10.508 0.001 10.508 10.384 0 10.381
0.059 0 0.06 0.00900000000000001 0.003 0.011 8.88 0.008 8.887 9.328 0 9.325 9.283 0 9.281
0.047 0.001 0.049 0.00999999999999998 0.00199999999999999 0.012 9.987 0.007 9.991 10.407 0 10.405 10.371 0 10.368
0.054 0 0.053 0.011 0 0.011 8.645 0.011 8.655 9.081 0 9.078 8.97 0 8.969
0.044 0.002 0.045 0.011 0 0.011 8.185 0.021 8.21 8.588 0.015 8.604 8.501 0.00399999999999999 8.51
0.046 0 0.046 0.00999999999999998 0.001 0.011 8.661 0.006 8.665 9.068 0 9.065 8.993 0 8.992
0.056 0 0.055 0.011 0.002 0.013 9.798 0.005 9.801 10.757 0 10.754 10.261 0 10.258
0.053 0 0.053 0.011 0 0.011 9.346 0.008 9.353 9.5 0 9.496 9.809 0 9.807
0.054 0 0.053 0.00900000000000001 0.002 0.012 8.809 0.017 8.824 9.239 0 9.237 9.211 0 9.209
0.047 0 0.047 0.00900000000000001 0.002 0.012 9.168 0.004 9.17 9.098 0 9.094 8.91 0 8.91
0.053 0.002 0.056 0.012 0.001 0.013 9.993 0.00199999999999999 9.993 10.466 0 10.463 10.418 0 10.416
0.048 0 0.048 0.013 0 0.013 10.178 0.004 10.179 10.645 0 10.643 10.595 0 10.592
0.053 0.001 0.054 0.01 0.000999999999999994 0.011 8.805 0.01 8.813 8.974 0 8.971 9.177 0 9.175
0.045 0.001 0.047 0.011 0.001 0.011 9.277 0.01 9.286 9.63 0 9.627 9.617 0 9.616
0.053 0.001 0.077 0.011 0.001 0.012 9.048 0.013 9.059 9.837 0 9.835 9.36 0 9.358
0.044 0.003 0.048 0.00799999999999998 0.004 0.012 9.205 0.01 9.213 9.634 0 9.631 9.564 0 9.561
0.044 0.002 0.046 0.011 0 0.011 8.689 0.013 8.7 9.138 0 9.136 9.049 0 9.048
0.053 0 0.053 0.01 0.001 0.011 8.604 0.011 8.613 9.084 0 9.081 8.966 0 8.965
0.054 0 0.055 0.011 0 0.011 9.325 0.005 9.327 9.748 0 9.745 9.678 0 9.677
0.046 0.001 0.046 0.00899999999999998 0.002 0.011 9.16 0.01 9.168 9.629 0 9.628 9.551 0 9.548
0.051 0.002 0.053 0.011 0 0.011 8.66 0.011 8.669 9.116 0.001 9.116 9.04 0 9.037
0.055 0 0.055 0.011 0 0.011 9.312 0.008 9.318 9.768 0 9.765 9.743 0 9.741
0.053 0 0.053 0.01 0.001 0.011 9.306 0.00899999999999999 9.312 9.743 0 9.741 9.653 0 9.651
0.053 0.001 0.054 0.011 0 0.011 8.918 0.009 8.924 9.377 0 9.375 9.312 0 9.31
0.054 0.001 0.055 0.011 0.002 0.013 10.19 0.004 10.192 10.671 0 10.669 10.311 0 10.308
0.053 0.001 0.054 0.00800000000000001 0.002 0.011 8.749 0.007 8.754 8.818 0 8.815 8.996 0 8.994
0.059 0 0.059 0.011 0.001 0.012 9.03 0.008 9.034 9.84 0 9.837 9.34 0 9.338
0.045 0.001 0.047 0.00999999999999998 0.000999999999999994 0.011 8.881 0.01 8.889 9.282 0 9.279 9.235 0 9.233
0.054 0 0.053 0.011 0 0.011 8.825 0.008 8.831 9.253 0 9.252 9.194 0 9.191
0.054 0 0.055 0.012 0 0.012 9.37 0.008 9.376 9.854 0.001 9.851 9.784 0 9.784
0.053 0 0.054 0.00900000000000001 0.002 0.011 8.688 0.006 8.692 9.408 0 9.405 9.013 0 9.012
0.049 0 0.049 0.00999999999999998 0.002 0.013 9.984 0.006 9.986 10.467 0 10.465 10.446 0 10.444
0.052 0.001 0.053 0.011 0 0.012 8.993 0.011 9.001 9.191 0 9.189 9.406 0 9.405
0.05 0.002 0.052 0.011 0.001 0.012 9.396 0.01 9.404 9.755 0 9.752 9.62 0 9.619
0.052 0.000999999999999994 0.054 0.011 0 0.011 8.94 0.011 8.947 9.386 0 9.385 9.295 0 9.293
0.052 0.001 0.054 0.012 0 0.011 8.626 0.009 8.633 9.092 0 9.09 9.027 0 9.025
0.056 0 0.055 0.011 0.002 0.013 9.997 0.004 10 10.454 0 10.452 10.314 0 10.311
0.047 0.001 0.048 0.012 0.001 0.013 10.089 0.007 10.095 10.524 0 10.521 10.469 0 10.466
0.051 0.003 0.054 0.011 0 0.011 8.875 0.012 8.884 9.31 0 9.307 9.255 0 9.254
0.054 0.001 0.055 0.011 0 0.011 9.365 0.007 9.37 9.815 0 9.812 9.716 0 9.715
0.054 0 0.053 0.011 0 0.011 9.447 0.009 9.454 9.73 0 9.727 9.674 0.000999999999999994 9.674
0.052 0.001 0.054 0.011 0 0.011 9.11 0.003 9.111 9.467 0 9.464 9.396 0 9.395
0.054 0 0.053 0.011 0 0.011 8.758 0.009 8.766 9.236 0 9.233 9.147 0 9.145
0.052 0.000999999999999994 0.054 0.011 0 0.011 9.313 0.007 9.318 9.738 0 9.734 9.573 0 9.571
0.056 0 0.056 0.013 0 0.013 10.225 0.002 10.224 10.345 0 10.343 10.558 0 10.555
0.046 0.001 0.047 0.011 0 0.011 9.148 0.009 9.153 9.659 0 9.656 9.622 0 9.62
0.045 0.001 0.046 0.00999999999999998 0.001 0.011 8.868 0.01 8.877 9.254 0 9.25 9.16 0 9.159
0.054 0 0.054 0.011 0 0.011 8.748 0.01 8.755 9.211 0 9.209 9.144 0.001 9.144
0.056 0.001 0.056 0.013 0 0.013 10.193 0.008 10.199 10.662 0.000999999999999994 10.66 10.625 0 10.623
0.047 0 0.047 0.00999999999999998 0 0.01 8.496 0.009 8.503 9.147 0 9.144 8.931 0 8.93
0.056 0 0.056 0.012 0.001 0.013 9.985 0.006 9.989 10.547 0 10.545 10.371 0 10.368
0.055 0 0.055 0.013 0 0.013 10.237 0.004 10.239 10.291 0 10.289 10.676 0 10.674
0.045 0.001 0.046 0.011 0 0.011 8.218 0.012 8.228 9.107 0 9.104 9.114 0 9.113
0.054 0 0.053 0.011 0 0.011 8.796 0.005 8.799 9.166 0 9.164 8.655 0 8.653
0.054 0 0.054 0.01 0.001 0.011 8.745 0.01 8.753 9.181 0 9.179 9.041 0 9.04
0.046 0 0.047 0.011 0 0.011 8.701 0.012 8.71 9.077 0 9.076 8.993 0 8.992
0.054 0.002 0.056 0.012 0.001 0.012 9.964 0.00199999999999999 9.965 10.422 0 10.42 10.372 0 10.369
0.054 0 0.054 0.00900000000000001 0.002 0.012 8.919 0.011 8.928 9.355 0 9.353 9.282 0 9.28
0.054 0.001 0.055 0.011 0 0.011 9.236 0.017 9.25 9.776 0 9.774 9.708 0 9.707
0.054 0 0.054 0.011 0 0.011 9.283 0.007 9.287 9.803 0 9.8 9.725 0 9.723
0.055 0 0.054 0.00900000000000001 0.00199999999999999 0.012 8.788 0.012 8.798 9.06 0 9.058 9.049 0 9.046
0.054 0 0.053 0.011 0 0.011 8.836 0.01 8.845 8.976 0 8.972 9.229 0 9.229
0.053 0 0.053 0.011 0 0.012 9.376 0.01 9.384 9.807 0 9.803 9.74 0 9.738
0.054 0.001 0.055 0.013 0 0.013 10.21 0.004 10.211 10.652 0.00199999999999999 10.652 10.361 0 10.358
0.055 0.001 0.055 0.013 0 0.013 10.203 0.009 10.209 10.459 0 10.459 10.431 0 10.427
0.053 0.001 0.054 0.01 0.001 0.011 9.454 0.007 9.459 9.502 0.002 9.501 9.822 0 9.82
0.053 0 0.054 0.011 0 0.011 8.692 0.008 8.696 9.056 0.001 9.055 8.993 0 8.992
0.054 0 0.054 0.011 0.001 0.012 9.392 0.013 9.403 9.899 0 9.896 9.797 0 9.796
0.047 0 0.048 0.011 0 0.01 8.9 0.008 8.907 9.342 0 9.338 9.315 0 9.315
0.048 0.001 0.049 0.012 0.001 0.013 10.083 0.004 10.084 10.347 0 10.345 10.6 0 10.597
0.053 0.001 0.054 0.011 0 0.011 8.857 0.009 8.865 9.138 0 9.134 9.067 0.001 9.067
0.047 0 0.046 0.00899999999999998 0.001 0.011 8.296 0.01 8.303 9.14 0 9.138 9.137 0 9.135
0.051 0.00199999999999999 0.054 0.011 0 0.011 8.977 0.009 8.984 9.241 0 9.238 8.715 0 8.714
0.053 0.002 0.055 0.012 0.001 0.013 9.979 0.006 9.981 10.442 0 10.441 10.434 0 10.43
0.052 0.002 0.054 0.01 0.002 0.011 8.866 0.008 8.873 9.293 0 9.29 9.221 0 9.22
0.054 0 0.054 0.00900000000000001 0.002 0.011 8.98 0.009 8.987 9.34 0 9.337 9.326 0 9.325
0.046 0 0.047 0.011 0 0.01 8.687 0.011 8.696 9.068 0 9.065 9.004 0 9.003
0.053 0.000999999999999997 0.054 0.011 0 0.012 9.416 0.007 9.42 9.888 0 9.885 9.719 0 9.716
0.053 0 0.053 0.011 0 0.011 8.712 0.009 8.719 9.118 0 9.116 9.06 0 9.058
0.055 0 0.055 0.011 0 0.011 8.796 0.005 8.799 9.12 0 9.118 9.133 0 9.132
0.058 0.002 0.06 0.012 0.000999999999999994 0.013 10.299 0.005 10.301 10.779 0 10.776 10.43 0 10.428
0.057 0.001 0.058 0.01 0.001 0.011 9.001 0.013 9.012 9.449 0 9.445 9.375 0 9.375
0.045 0.00199999999999999 0.047 0.00999999999999998 0.001 0.011 8.723 0.009 8.729 9.442 0 9.44 9.048 0 9.046
0.054 0 0.053 0.011 0 0.011 8.706 0.013 8.717 9.364 0 9.361 9.081 0 9.079
0.053 0.001 0.054 0.01 0.001 0.011 8.652 0.01 8.66 9.128 0 9.126 9.056 0 9.053
0.054 0 0.054 0.011 0 0.011 8.651 0.007 8.655 9.1 0 9.098 9.017 0 9.015
0.055 0 0.055 0.01 0.000999999999999994 0.012 9.383 0.008 9.388 9.862 0 9.86 9.774 0 9.771
0.053 0.001 0.055 0.00900000000000001 0.00199999999999999 0.011 8.817 0.00600000000000001 8.82 9.183 0 9.182 9.111 0 9.11
0.053 0.001 0.054 0.011 0 0.011 8.719 0.005 8.722 9.098 0 9.096 9.09 0 9.088
0.051 0.003 0.055 0.011 0 0.011 8.666 0.008 8.672 9.119 0 9.115 9.039 0 9.039
0.051 0.001 0.052 0.011 0 0.011 8.974 0.007 8.979 9.38 0 9.378 9.289 0.001 9.288
0.054 0 0.053 0.01 0.001 0.011 8.771 0.01 8.779 9.231 0 9.229 9.145 0 9.144
0.053 0 0.053 0.012 0 0.011 8.866 0.012 8.876 9.283 0 9.281 9.215 0 9.213
0.045 0.002 0.047 0.011 0 0.011 9.197 0.013 9.207 9.633 0 9.631 9.556 0 9.554
0.047 0 0.047 0.01 0.001 0.011 9.256 0.006 9.259 9.704 0 9.702 9.622 0 9.62
0.056 0.003 0.059 0.012 0.001 0.013 9.997 0.006 10.001 10.444 0 10.442 10.373 0 10.37
0.055 0 0.054 0.011 0 0.012 9.358 0.00600000000000001 9.361 9.751 0 9.748 9.643 0 9.642
0.053 0.001 0.053 0.011 0 0.011 8.821 0.007 8.826 9.28 0 9.277 9.187 0 9.185
0.054 0 0.054 0.00900000000000001 0.00199999999999999 0.011 9.246 0.011 9.254 9.775 0 9.773 9.554 0 9.551
0.053 0 0.053 0.01 0.001 0.011 8.671 0.011 8.68 9.136 0 9.134 9.039 0 9.037
0.046 0.002 0.048 0.013 0 0.013 10.036 0.007 10.041 10.455 0 10.453 10.609 0 10.606
0.046 0.000999999999999994 0.047 0.00899999999999998 0.001 0.011 8.573 0.007 8.578 9.134 0 9.131 8.943 0 8.941
0.046 0 0.046 0.00999999999999998 0.001 0.011 9.239 0.007 9.243 9.573 0.001 9.572 9.506 0 9.505
0.045 0.001 0.046 0.00999999999999998 0.001 0.011 8.684 0.009 8.691 9.102 0 9.101 9.032 0 9.029
0.051 0.003 0.055 0.01 0.002 0.011 9.258 0.012 9.268 9.774 0 9.772 9.66 0 9.658
0.053 0.001 0.054 0.01 0.001 0.012 8.846 0.006 8.849 9.288 0 9.287 9.296 0 9.293
0.053 0.001 0.055 0.011 0 0.011 8.602 0.007 8.607 9.269 0.001 9.266 8.927 0 8.931
0.055 0.001 0.055 0.013 0 0.013 9.958 0.007 9.962 10.498 0 10.496 10.43 0 10.428
0.046 0.001 0.047 0.00899999999999998 0.001 0.01 8.253 0.01 8.261 9.154 0 9.152 9.077 0.001 9.076
0.053 0 0.053 0.011 0.001 0.011 8.928 0.008 8.934 9.228 0 9.227 8.748 0 8.746
0.052 0.002 0.053 0.01 0.001 0.011 8.969 0.011 8.978 9.109 0.000999999999999994 9.107 9.303 0 9.302
0.052 0.002 0.055 0.011 0 0.011 9.278 0.01 9.285 9.754 0 9.752 9.687 0 9.685
0.053 0.001 0.055 0.00900000000000001 0.002 0.011 8.857 0.016 8.869 9.323 0 9.322 9.27 0 9.268
0.052 0.001 0.054 0.011 0 0.011 8.815 0.008 8.821 9.164 0 9.16 9.101 0 9.1
0.055 0.001 0.056 0.011 0.002 0.012 9.965 0.007 9.97 10.454 0 10.453 10.411 0 10.408
0.055 0 0.055 0.012 0 0.011 8.936 0.008 8.943 9.373 0 9.37 9.258 0 9.257
0.051 0.002 0.053 0.01 0.000999999999999994 0.011 8.806 0.008 8.812 9.161 0 9.159 9.034 0 9.032
0.053 0.001 0.055 0.01 0.001 0.011 8.924 0.015 8.936 9.25 0.001 9.25 9.194 0 9.192
0.046 0.001 0.046 0.00899999999999998 0.002 0.011 9.021 0.011 9.03 9.771 0 9.769 9.731 0 9.729
0.054 0 0.054 0.01 0.001 0.011 9.349 0.011 9.358 9.762 0 9.759 9.306 0 9.304
0.049 0 0.049 0.011 0 0.011 9.298 0.004 9.298 9.512 0.001 9.512 9.65 0 9.648
0.046 0 0.046 0.00999999999999998 0.000999999999999994 0.011 8.712 0.007 8.716 9.145 0 9.143 8.993 0 8.992
0.054 0 0.054 0.01 0.000999999999999994 0.011 8.805 0.009 8.812 9.261 0 9.258 9.183 0 9.182
0.055 0.000999999999999994 0.057 0.013 0 0.012 10.127 0.00600000000000001 10.131 10.583 0.000999999999999994 10.581 10.49 0 10.488
0.054 0 0.054 0.00900000000000001 0.00199999999999999 0.011 8.734 0.01 8.741 9.405 0 9.403 9.042 0 9.04
0.053 0.001 0.054 0.01 0.002 0.011 8.855 0.00899999999999999 8.863 9.26 0 9.256 9.185 0 9.184
0.044 0.002 0.045 0.011 0 0.011 8.641 0.008 8.648 9 0 8.996 8.994 0 8.993
0.046 0 0.046 0.011 0 0.011 8.454 0.016 8.467 8.864 0 8.862 8.78 0 8.778
0.054 0.001 0.055 0.013 0 0.013 9.98 0.006 9.983 10.466 0 10.464 10.369 0 10.366
0.053 0.003 0.056 0.012 0.001 0.013 9.991 0.01 9.998 10.481 0.001 10.479 10.34 0 10.337
0.054 0 0.054 0.011 0.001 0.011 8.82 0.013 8.832 9.246 0 9.244 9.229 0 9.227
0.053 0.001 0.054 0.011 0 0.011 8.668 0.011 8.677 9.106 0 9.105 8.873 0.001 8.88
0.053 0.001 0.054 0.011 0 0.011 8.929 0.01 8.936 9.354 0 9.352 9.341 0 9.34
0.052 0 0.053 0.011 0.001 0.011 8.93 0.012 8.94 9.391 0 9.389 9.326 0 9.324
0.053 0 0.053 0.011 0 0.011 8.973 0.005 8.976 9.389 0 9.386 9.351 0 9.35
0.047 0 0.046 0.01 0 0.011 8.735 0.008 8.74 9.15 0 9.148 9.054 0 9.051
0.045 0 0.046 0.011 0 0.01 8.307 0.012 8.317 8.745 0 8.744 8.663 0 8.66
0.046 0 0.045 0.011 0 0.011 8.192 0.007 8.197 8.62 0 8.617 8.567 0 8.565
0.054 0.001 0.055 0.011 0 0.011 9.15 0.014 9.161 9.761 0 9.759 9.601 0 9.6
0.054 0 0.055 0.01 0.001 0.011 8.845 0.012 8.854 9.235 0 9.233 9.185 0 9.184
0.052 0.002 0.054 0.011 0 0.012 9.334 0.011 9.342 9.677 0.000999999999999994 9.675 9.649 0 9.648
0.046 0.001 0.047 0.011 0 0.011 8.91 0.012 8.92 9.272 0 9.27 9.23 0 9.228
0.053 0 0.054 0.011 0.000999999999999994 0.011 9.421 0.011 9.431 9.569 0 9.566 9.89 0 9.888
0.053 0.001 0.054 0.011 0 0.011 8.68 0.01 8.688 8.983 0 8.98 8.904 0 8.903
0.046 0 0.046 0.011 0 0.011 8.275 0.014 8.286 8.56 0 8.558 8.462 0 8.459
0.046 0.001 0.046 0.011 0 0.011 8.439 0.005 8.442 8.83 0 8.827 8.796 0.001 8.796
0.046 0 0.047 0.00899999999999998 0.002 0.011 8.836 0.007 8.841 9.275 0 9.271 9.248 0 9.248
0.055 0 0.054 0.01 0.001 0.011 8.721 0.009 8.727 9.171 0 9.169 9.062 0 9.061
0.054 0.002 0.055 0.013 0 0.013 10.076 0.00899999999999999 10.082 10.503 0 10.501 10.451 0 10.449
0.047 0.001 0.048 0.012 0.001 0.013 10.009 0.005 10.012 10.448 0 10.446 10.364 0 10.362
0.044 0.00199999999999999 0.047 0.00999999999999998 0.001 0.011 9.216 0.006 9.22 9.624 0 9.621 9.593 0 9.592
0.053 0 0.052 0.012 0 0.011 8.992 0.008 8.999 9.4 0 9.397 9.386 0 9.384
0.052 0.001 0.054 0.012 0 0.011 9.31 0.009 9.317 9.713 0 9.711 9.632 0 9.63
0.054 0 0.055 0.011 0 0.011 8.926 0.008 8.93 9.372 0 9.371 9.313 0 9.312
0.054 0.001 0.054 0.011 0.001 0.013 10.152 0.008 10.157 10.63 0.004 10.632 10.21 0 10.207
0.056 0 0.056 0.00900000000000001 0.004 0.013 9.809 0.00199999999999999 9.809 10.742 0.002 10.743 10.14 0 10.136
0.045 0.002 0.047 0.01 0.001 0.011 9.165 0.007 9.169 9.607 0 9.604 9.561 0 9.56
0.053 0.001 0.054 0.011 0 0.011 9.25 0.007 9.255 9.748 0 9.745 9.631 0 9.63
0.055 0.000999999999999994 0.056 0.013 0 0.013 10.201 0.004 10.203 10.669 0 10.666 10.633 0 10.631
0.048 0 0.048 0.011 0.002 0.013 9.968 0.008 9.973 10.471 0.004 10.473 10.44 0 10.437
0.053 0.000999999999999994 0.054 0.011 0 0.011 9.042 0.008 9.047 9.223 0.001 9.222 9.422 0 9.421
0.047 0.000999999999999994 0.047 0.00899999999999998 0.002 0.011 8.728 0.007 8.733 9.184 0 9.181 9.103 0 9.101
0.052 0.001 0.054 0.011 0 0.012 9.177 0.01 9.184 9.654 0 9.651 9.576 0 9.575
0.048 0 0.048 0.012 0.001 0.012 9.275 0.005 9.278 10.493 0 10.495 10.297 0 10.3
0.052 0.001 0.054 0.012 0 0.011 8.997 0.006 9.002 9.424 0 9.421 8.756 0 8.76
0.054 0.001 0.054 0.011 0 0.012 9.352 0.006 9.354 9.585 0.002 9.586 9.689 0 9.687
0.054 0 0.054 0.01 0.001 0.011 8.594 0.01 8.603 9.004 0 9.001 8.956 0 8.955
0.046 0.002 0.049 0.013 0 0.012 10.011 0.01 10.019 10.486 0 10.484 10.457 0 10.455
0.046 0.001 0.047 0.011 0 0.011 8.957 0.007 8.962 9.369 0 9.366 9.304 0 9.303
0.054 0 0.054 0.012 0 0.011 8.722 0.01 8.73 9.143 0 9.141 9.073 0 9.072
0.054 0.001 0.055 0.012 0.001 0.013 9.973 0.008 9.977 10.438 0.001 10.438 10.369 0 10.366
0.052 0.001 0.054 0.013 0 0.012 10.179 0.003 10.179 10.662 0 10.66 10.633 0 10.63
0.054 0.001 0.055 0.011 0.001 0.013 10.143 0.00199999999999999 10.141 10.664 0 10.662 10.606 0 10.604
0.047 0 0.046 0.00900000000000001 0.001 0.011 8.494 0.009 8.5 9.242 0 9.24 9.162 0 9.16
0.055 0 0.054 0.012 0.001 0.013 10.135 0.009 10.141 10.604 0 10.603 9.692 0 9.689
0.054 0 0.054 0.011 0.000999999999999994 0.012 8.667 0.009 8.675 9.257 0 9.255 8.996 0 8.994
0.054 0 0.053 0.011 0 0.012 8.768 0.012 8.777 9.176 0 9.174 9.09 0 9.088
0.052 0.002 0.054 0.011 0 0.012 9.18 0.004 9.181 9.614 0 9.611 9.547 0 9.547
0.053 0 0.054 0.01 0.000999999999999994 0.011 8.861 0.005 8.863 9.267 0 9.265 9.212 0 9.212
0.055 0.001 0.055 0.01 0.001 0.011 9.415 0.01 9.423 9.824 0 9.821 9.768 0 9.768
0.046 0 0.047 0.011 0 0.01 8.703 0.009 8.709 9.06 0 9.058 8.93 0 8.929
0.046 0 0.047 0.011 0 0.011 8.831 0.01 8.838 9.508 0 9.506 9.162 0 9.16
0.054 0 0.054 0.01 0.000999999999999994 0.011 8.836 0.009 8.843 9.241 0.002 9.24 9.188 0 9.187
0.051 0.001 0.052 0.011 0 0.011 9.286 0.007 9.291 9.746 0 9.744 9.599 0 9.598
0.052 0.002 0.054 0.011 0 0.011 8.695 0.013 8.706 9.11 0 9.109 9.019 0 9.017
0.053 0.001 0.053 0.011 0 0.011 8.687 0.011 8.703 9.176 0 9.179 8.731 0 8.734
0.054 0.001 0.056 0.012 0.001 0.013 10.029 0.004 10.03 10.497 0 10.495 10.403 0 10.401
0.047 0 0.047 0.00999999999999998 0.001 0.011 8.719 0.006 8.723 9.181 0 9.179 9.078 0.001 9.076
0.052 0.000999999999999994 0.054 0.011 0.001 0.011 9.124 0.007 9.128 9.653 0 9.652 9.567 0 9.564
0.052 0.001 0.054 0.011 0 0.011 9.254 0.009 9.26 9.641 0 9.638 9.568 0 9.568
0.055 0.001 0.055 0.013 0 0.013 10.053 0 10.052 10.433 0 10.431 10.367 0 10.363
0.051 0.000999999999999994 0.052 0.011 0 0.011 8.735 0.00600000000000001 8.743 9.095 0 9.098 8.919 0 8.923
0.054 0 0.053 0.011 0 0.012 9.373 0.008 9.379 9.822 0 9.819 9.584 0 9.581
0.054 0 0.055 0.011 0 0.011 8.795 0.009 8.802 9.271 0 9.267 9.17 0 9.17
0.052 0.000999999999999994 0.052 0.011 0 0.012 9.212 0.00600000000000001 9.216 9.695 0 9.692 9.517 0 9.516
0.047 0 0.047 0.011 0 0.011 9.032 0.007 9.036 9.807 0 9.806 9.466 0 9.463
0.053 0.000999999999999994 0.053 0.01 0.001 0.011 9.058 0.013 9.069 9.817 0 9.814 9.374 0 9.373
0.05 0.003 0.053 0.011 0.001 0.012 9.123 0.009 9.13 9.629 0 9.626 9.561 0 9.56
0.054 0 0.054 0.011 0 0.011 8.661 0.011 8.67 9.097 0 9.094 9.018 0 9.017
0.063 0 0.062 0.011 0 0.012 9.418 0.009 9.423 9.782 0 9.78 9.719 0 9.717
0.053 0.001 0.054 0.011 0 0.011 9.054 0.01 9.06 9.53 0 9.529 9.485 0 9.483
0.044 0.00199999999999999 0.046 0.011 0 0.011 8.813 0.007 8.817 9.357 0.001 9.356 9.161 0 9.159
0.05 0 0.05 0.011 0 0.011 9.025 0.007 9.03 9.395 0 9.392 9.359 0 9.358
0.044 0.002 0.046 0.00899999999999998 0.001 0.01 8.255 0.006 8.259 9.093 0 9.09 9.073 0.001 9.073
0.052 0.00199999999999999 0.054 0.012 0 0.011 9.313 0.009 9.32 9.505 0.001 9.503 8.965 0 8.965
0.053 0.001 0.054 0.01 0.000999999999999994 0.011 9.055 0.012 9.066 9.142 0 9.139 9.437 0 9.435
0.053 0 0.053 0.011 0 0.011 9.215 0.012 9.225 9.5 0 9.497 9.445 0 9.444
0.054 0 0.055 0.011 0 0.011 9.177 0.009 9.183 9.666 0 9.664 9.569 0 9.567
0.053 0 0.054 0.011 0.001 0.011 8.833 0.007 8.84 9.093 0 9.097 8.952 0 8.957
0.054 0.002 0.055 0.013 0 0.013 9.964 0.005 9.966 10.467 0 10.465 10.409 0 10.407
0.054 0 0.054 0.011 0 0.012 8.908 0.014 8.918 9.306 0 9.305 9.257 0 9.255
0.054 0 0.054 0.011 0 0.011 9.022 0.006 9.025 9.452 0 9.45 9.393 0 9.393
0.053 0 0.053 0.011 0 0.011 8.916 0.006 8.919 9.365 0.001 9.364 9.29 0 9.289
0.048 0 0.048 0.011 0.00199999999999999 0.012 9.741 0.003 9.742 10.612 0.002 10.612 10.553 0 10.549
0.052 0.000999999999999994 0.053 0.011 0 0.011 8.935 0.00600000000000001 8.939 9.334 0 9.331 9.187 0 9.186
0.053 0.00199999999999999 0.054 0.011 0 0.011 9.389 0.009 9.396 9.468 0 9.465 9.79 0 9.79
0.048 0 0.048 0.011 0 0.011 8.815 0.007 8.82 9.469 0 9.466 9.191 0 9.189
0.046 0 0.047 0.01 0.000999999999999994 0.011 9.268 0.011 9.276 9.697 0 9.694 9.629 0 9.628
0.053 0 0.054 0.011 0.001 0.011 8.738 0.011 8.748 9.18 0 9.176 9.115 0 9.114
0.05 0 0.05 0.01 0.00199999999999999 0.012 10.163 0.003 10.163 10.657 0 10.655 10.624 0 10.621
0.051 0.00199999999999999 0.054 0.00900000000000001 0.002 0.011 8.875 0.007 8.878 9.014 0 9.013 9.202 0 9.201
0.049 0 0.05 0.01 0.001 0.01 8.646 0.01 8.654 9.109 0 9.107 9.024 0 9.022
0.055 0 0.055 0.011 0 0.011 8.95 0.012 8.959 9.383 0 9.38 9.358 0 9.357
0.052 0.002 0.053 0.01 0.001 0.011 9.318 0.012 9.328 9.639 0.001 9.638 9.488 0 9.486
0.054 0.002 0.055 0.011 0.00199999999999999 0.013 9.928 0.005 9.932 10.659 0 10.657 10.261 0 10.257
0.046 0 0.046 0.011 0.001 0.012 8.817 0.009 8.824 9.195 0 9.192 9.105 0 9.103
0.047 0 0.047 0.00900000000000001 0.001 0.011 8.907 0.01 8.914 9.324 0 9.321 9.294 0 9.293
0.048 0 0.048 0.011 0 0.011 9.146 0.012 9.155 9.633 0 9.631 9.614 0 9.613
0.056 0 0.056 0.011 0.002 0.013 10.052 0.01 10.059 10.54 0 10.538 10.483 0 10.481
0.053 0.00199999999999999 0.054 0.012 0.001 0.013 10.018 0.00600000000000001 10.022 10.325 0.001 10.324 10.243 0 10.24
0.051 0.000999999999999997 0.053 0.011 0 0.011 9.306 0.005 9.309 9.744 0 9.741 9.621 0 9.62
0.053 0 0.053 0.01 0.002 0.011 8.836 0.009 8.843 9.283 0 9.28 9.204 0 9.203
0.045 0.001 0.046 0.011 0 0.011 8.293 0.00700000000000001 8.299 9.136 0 9.133 9.148 0 9.147
0.053 0 0.053 0.01 0.001 0.011 8.761 0.006 8.764 9.086 0 9.084 8.597 0 8.596
0.047 0 0.047 0.00999999999999998 0.001 0.011 9.066 0.013 9.077 9.744 0 9.741 9.531 0 9.53
0.053 0.001 0.053 0.011 0 0.012 8.867 0.012 8.875 9.406 0 9.403 9.238 0 9.238
0.047 0.001 0.048 0.012 0.001 0.013 9.981 0.005 9.983 10.533 0 10.531 10.435 0 10.433
0.046 0.001 0.047 0.011 0 0.011 9.208 0.01 9.215 9.641 0 9.639 9.515 0 9.514
0.046 0.001 0.047 0.01 0.001 0.011 9.168 0.009 9.175 9.643 0 9.641 9.568 0 9.566
0.048 0 0.048 0.011 0 0.01 9.054 0.009 9.061 9.497 0 9.494 9.459 0 9.458
0.055 0.001 0.056 0.013 0 0.013 9.86 0.003 9.861 10.829 0 10.827 10.246 0 10.243
0.053 0.001 0.054 0.01 0.002 0.012 9.17 0.008 9.176 9.587 0 9.584 9.521 0 9.519
0.05 0.001 0.052 0.01 0.001 0.011 9.307 0.011 9.316 9.582 0.000999999999999994 9.58 9.545 0 9.544
0.052 0.002 0.054 0.011 0 0.011 9.435 0.009 9.441 9.851 0 9.849 9.728 0 9.726
0.046 0.001 0.047 0.011 0 0.011 9.286 0.008 9.291 9.504 0 9.502 9.692 0.000999999999999994 9.691
0.053 0.001 0.054 0.01 0.001 0.011 8.866 0.004 8.868 9.161 0.000999999999999994 9.16 9.122 0 9.12
0.054 0.003 0.057 0.012 0 0.012 9.294 0.007 9.299 9.729 0 9.726 9.645 0 9.644
0.048 0 0.048 0.012 0 0.013 10.088 0.01 10.096 10.56 0.002 10.559 10.549 0 10.547
0.06 0 0.06 0.012 0 0.012 9.209 0.007 9.213 9.611 0 9.609 9.514 0 9.512
0.053 0.001 0.053 0.00900000000000001 0.00199999999999999 0.011 8.744 0.015 8.757 9.162 0 9.159 9.094 0 9.094
0.053 0 0.053 0.01 0.000999999999999997 0.011 8.982 0.01 8.99 9.381 0 9.378 9.292 0 9.291
0.053 0.00199999999999999 0.056 0.011 0.002 0.013 10.239 0.004 10.239 10.693 0.002 10.693 10.641 0 10.639
0.054 0.002 0.056 0.011 0.000999999999999994 0.013 10.161 0.004 10.162 10.661 0 10.658 10.594 0 10.592
0.053 0 0.054 0.011 0 0.011 8.859 0.007 8.863 9.062 0 9.061 9.201 0 9.199
0.052 0.002 0.055 0.012 0.00199999999999999 0.013 9.718 0.007 9.723 10.657 0.001 10.655 10.254 0 10.251
0.047 0 0.047 0.00699999999999998 0.003 0.01 8.882 0.011 8.891 9.26 0 9.257 9.228 0 9.227
0.054 0 0.053 0.00900000000000001 0.002 0.012 8.747 0.013 8.758 9.141 0 9.137 9.064 0 9.064
0.05 0.003 0.053 0.00899999999999998 0.00199999999999999 0.011 8.864 0.00800000000000001 8.87 9.144 0 9.142 9.056 0 9.055
0.055 0 0.054 0.011 0 0.012 8.792 0.011 8.801 9.234 0 9.231 9.175 0 9.174
0.046 0.000999999999999994 0.048 0.00799999999999998 0.003 0.011 9.217 0.009 9.223 9.639 0.002 9.638 9.65 0 9.648
0.046 0.001 0.048 0.011 0 0.011 8.813 0.01 8.82 9.451 0 9.449 9.068 0 9.066
0.051 0.002 0.053 0.012 0 0.012 9.375 0.01 9.383 9.823 0 9.82 9.639 0 9.638
0.052 0.001 0.053 0.01 0.001 0.012 8.806 0.01 8.813 9.248 0 9.246 9.153 0 9.151
0.054 0 0.054 0.011 0 0.011 8.836 0.008 8.843 9.305 0.000999999999999994 9.303 9.204 0 9.203
0.052 0.001 0.053 0.01 0.001 0.011 8.578 0.007 8.583 9.019 0 9.016 8.925 0 8.924
0.055 0 0.055 0.00900000000000001 0.002 0.011 9.176 0.008 9.181 9.616 0 9.614 9.568 0 9.566
0.046 0.003 0.049 0.012 0 0.012 9.96 0.002 9.96 10.38 0 10.378 10.313 0 10.31
0.053 0.001 0.053 0.01 0.001 0.011 8.593 0.01 8.601 8.962 0 8.961 8.857 0 8.856
0.057 0 0.057 0.01 0.003 0.012 10.246 0.005 10.249 10.717 0.001 10.716 10.661 0 10.658
0.054 0.001 0.055 0.012 0.001 0.013 10.251 0.007 10.255 10.743 0 10.741 10.67 0 10.666
0.053 0.001 0.054 0.011 0 0.011 9.163 0.007 9.168 9.598 0 9.595 9.565 0 9.563
0.046 0 0.046 0.00999999999999998 0.001 0.011 8.38 0.01 8.387 9.191 0 9.19 9.216 0 9.215
0.054 0 0.054 0.011 0 0.011 9.34 0.009 9.347 9.506 0 9.504 8.933 0 8.931
0.055 0 0.055 0.01 0.001 0.011 9.41 0.006 9.414 9.467 0 9.465 9.748 0 9.745
0.046 0 0.047 0.011 0 0.011 8.8 0.015 8.812 9.326 0.001 9.323 9.132 0 9.131
0.048 0 0.048 0.011 0 0.011 8.688 0.015 8.701 9.161 0 9.159 9.069 0 9.066
0.054 0 0.053 0.011 0 0.012 8.709 0.011 8.716 9.195 0 9.193 9.133 0 9.133
0.052 0.000999999999999994 0.054 0.011 0 0.011 8.961 0.01 8.968 9.287 0.001 9.285 9.265 0 9.264
0.055 0 0.054 0.011 0 0.012 9.226 0.01 9.234 9.694 0 9.691 9.627 0 9.626
0.054 0.000999999999999994 0.055 0.013 0 0.013 10.022 0.007 10.027 10.489 0.001 10.488 10.428 0 10.425
0.056 0 0.056 0.013 0 0.012 9.778 0.005 9.781 10.757 0 10.756 10.204 0 10.201
0.053 0.001 0.054 0.00900000000000001 0.002 0.011 8.847 0.013 8.856 9.302 0 9.301 9.245 0 9.243
0.054 0 0.054 0.01 0.001 0.011 9.254 0.01 9.261 9.755 0 9.752 9.581 0 9.58
0.054 0.002 0.056 0.013 0 0.013 9.958 0.007 9.963 10.465 0 10.462 10.437 0 10.435
0.054 0.000999999999999994 0.055 0.012 0.001 0.013 9.978 0.00700000000000001 9.982 10.471 0 10.469 10.424 0 10.421
0.053 0.001 0.054 0.011 0 0.011 9.257 0.007 9.261 9.752 0 9.749 9.537 0 9.535
0.044 0.003 0.047 0.011 0 0.01 8.819 0.01 8.828 9.148 0 9.146 9.126 0 9.125
0.046 0 0.047 0.011 0 0.01 8.681 0.006 8.685 9.131 0 9.129 9.015 0 9.014
0.052 0.001 0.053 0.012 0.001 0.013 10.178 0.006 10.181 10.638 0 10.636 10.248 0 10.245
0.051 0.00199999999999999 0.053 0.01 0.001 0.011 8.746 0.009 8.753 9.239 0 9.237 9.163 0 9.161
0.054 0 0.054 0.011 0 0.011 8.868 0.007 8.872 9.253 0 9.251 9.222 0 9.22
0.055 0.001 0.055 0.011 0.00199999999999999 0.013 10.117 0.004 10.119 10.49 0.002 10.49 10.156 0 10.154
0.052 0.001 0.053 0.011 0 0.011 8.781 0.008 8.787 9.233 0 9.23 9.166 0 9.165
0.054 0 0.054 0.01 0.001 0.012 9.346 0.011 9.354 9.46 0 9.458 9.804 0 9.803
0.045 0.002 0.046 0.00999999999999998 0.001 0.01 8.724 0.009 8.731 9.277 0 9.274 8.9 0 8.899
0.053 0.000999999999999997 0.054 0.011 0 0.011 8.731 0.012 8.741 9.065 0 9.062 9.106 0 9.104
0.047 0 0.047 0.011 0 0.011 9.265 0.008 9.27 9.692 0 9.69 9.626 0 9.624
0.045 0.000999999999999997 0.046 0.01 0.001 0.011 8.733 0.008 8.739 9.148 0 9.145 9.06 0 9.06
0.055 0 0.055 0.011 0 0.011 9.059 0.011 9.068 9.468 0.000999999999999994 9.467 9.406 0 9.404
0.056 0 0.056 0.013 0 0.013 9.988 0.004 9.989 10.475 0.001 10.474 10.419 0 10.417
0.047 0.001 0.048 0.012 0.001 0.013 9.982 0.01 9.989 10.421 0 10.419 10.396 0 10.394
0.053 0 0.053 0.011 0 0.011 8.759 0.006 8.763 9.081 0 9.079 8.995 0 8.992
0.051 0.00199999999999999 0.053 0.011 0 0.011 8.93 0.012 8.94 9.353 0 9.35 9.233 0 9.232
0.054 0 0.054 0.011 0 0.012 9.211 0.004 9.213 9.606 0.001 9.603 9.544 0 9.544
0.054 0 0.054 0.00800000000000001 0.003 0.011 8.657 0.011 8.666 9.049 0 9.048 9.003 0 9.002
0.059 0.001 0.06 0.012 0 0.012 9.175 0.007 9.18 9.554 0.001 9.552 9.508 0 9.507
0.046 0.001 0.047 0.011 0 0.011 9.102 0.00899999999999999 9.109 9.583 0 9.581 9.537 0 9.536
0.054 0 0.054 0.011 0 0.011 8.733 0.009 8.74 9.134 0 9.133 9.066 0 9.063
0.053 0.002 0.054 0.011 0 0.012 9.334 0.005 9.336 9.72 0 9.717 9.657 0 9.656
0.054 0.001 0.055 0.00900000000000001 0.003 0.013 10.153 0.008 10.157 10.604 0 10.602 10.315 0.001 10.314
0.052 0.00199999999999999 0.054 0.011 0 0.012 8.883 0.00700000000000001 8.888 9.281 0 9.278 9.201 0 9.199
0.051 0.001 0.052 0.01 0.001 0.011 9.065 0.009 9.072 9.528 0 9.525 9.468 0 9.467
0.051 0.002 0.053 0.01 0.001 0.011 9.287 0.01 9.295 9.743 0 9.739 9.61 0 9.61
0.048 0 0.047 0.00999999999999998 0 0.011 8.694 0.01 8.702 9.062 0 9.059 8.999 0 8.997
0.053 0 0.054 0.011 0.001 0.011 9.174 0.009 9.181 9.737 0 9.734 9.456 0 9.455
0.054 0 0.053 0.00900000000000001 0.00199999999999999 0.011 8.575 0.012 8.585 9.261 0 9.258 8.871 0 8.871
0.052 0.002 0.054 0.01 0.001 0.011 8.729 0.008 8.734 9.194 0.000999999999999994 9.193 9.129 0 9.127
0.053 0.001 0.054 0.012 0 0.012 9.225 0.01 9.233 9.635 0 9.632 9.609 0 9.607
0.045 0.001 0.046 0.00999999999999998 0.001 0.011 8.386 0.008 8.392 9.078 0 9.076 8.989 0 8.988
0.053 0 0.053 0.012 0 0.011 8.798 0.013 8.809 9.256 0 9.254 8.829 0 8.828
0.053 0.003 0.055 0.01 0.001 0.011 9.013 0.009 9.019 9.406 0 9.404 9.377 0 9.375
0.053 0 0.054 0.00900000000000001 0.002 0.011 8.772 0.008 8.778 9.238 0 9.237 9.167 0 9.165
0.053 0.001 0.054 0.012 0 0.011 9.299 0.008 9.306 9.723 0 9.72 9.576 0 9.574
0.047 0 0.047 0.00999999999999998 0.000999999999999994 0.011 8.67 0.012 8.68 9.26 0 9.257 9.06 0 9.059
0.046 0.002 0.048 0.01 0.001 0.01 8.773 0.009 8.781 9.135 0 9.132 9.062 0 9.06
0.054 0 0.054 0.011 0 0.011 8.963 0.006 8.967 9.385 0 9.383 9.318 0 9.316
0.048 0.001 0.048 0.011 0.001 0.013 10.101 0.005 10.103 10.567 0 10.564 10.55 0 10.549
0.048 0 0.048 0.011 0.001 0.012 9.96 0.007 9.965 10.428 0 10.426 10.376 0 10.373
0.046 0.001 0.048 0.011 0 0.011 9.166 0.01 9.173 9.586 0.001 9.585 9.516 0 9.514
0.046 0.002 0.047 0.01 0.000999999999999994 0.011 8.85 0.01 8.858 9.318 0 9.316 9.288 0 9.287
0.056 0 0.056 0.012 0.000999999999999994 0.013 9.889 0.00600000000000001 9.893 10.495 0.001 10.494 10.656 0 10.653
0.045 0.002 0.047 0.011 0 0.01 8.285 0.016 8.306 9.146 0.004 9.152 9.136 0.001 9.138
0.053 0.001 0.053 0.011 0 0.011 8.937 0.008 8.943 9.181 0.000999999999999994 9.18 8.649 0 8.648
0.049 0.004 0.054 0.011 0 0.011 8.678 0.01 8.686 9.383 0 9.38 9.004 0 9.003
0.054 0 0.054 0.01 0.002 0.011 8.993 0.01 9.002 9.182 0.001 9.18 9.296 0 9.294
0.054 0 0.054 0.011 0 0.012 9.275 0.011 9.284 9.663 0 9.66 9.586 0 9.584
0.054 0 0.054 0.011 0 0.011 8.966 0.008 8.972 9.371 0 9.369 9.328 0 9.327
0.053 0 0.053 0.011 0 0.011 8.767 0.007 8.772 9.214 0 9.211 9.093 0 9.092
0.055 0 0.055 0.01 0.001 0.012 9.307 0.011 9.314 9.752 0 9.75 9.747 0 9.745
0.045 0.000999999999999994 0.045 0.011 0 0.011 8.656 0.009 8.664 8.988 0 8.985 8.924 0 8.923
0.046 0 0.046 0.00999999999999998 0.001 0.011 8.679 0.01 8.687 9.085 0 9.083 9.048 0 9.046
0.052 0.002 0.054 0.011 0 0.011 9.353 0.009 9.359 9.43 0 9.427 9.757 0 9.755
0.047 0 0.047 0.01 0.001 0.011 9.198 0.009 9.205 9.598 0.001 9.595 9.538 0 9.537
0.046 0.001 0.047 0.01 0 0.011 8.609 0.006 8.612 9.191 0 9.189 9.063 0 9.063
0.046 0 0.047 0.011 0 0.01 8.707 0.012 8.717 9.117 0 9.115 9.039 0 9.038
0.053 0.001 0.054 0.01 0.001 0.011 8.943 0.008 8.948 9.379 0 9.377 9.272 0 9.27
0.045 0.002 0.047 0.00999999999999998 0.000999999999999994 0.011 8.859 0.00600000000000001 8.862 9.312 0 9.311 9.194 0 9.192
0.051 0.002 0.054 0.012 0 0.011 8.882 0.009 8.889 9.278 0 9.276 9.221 0 9.22
0.054 0 0.055 0.011 0 0.011 9.013 0.008 9.019 9.463 0 9.459 9.413 0 9.413
0.045 0.001 0.046 0.011 0 0.011 8.632 0.011 8.641 9.071 0 9.069 8.945 0 8.943
0.045 0.001 0.046 0.00700000000000001 0.004 0.011 8.606 0.011 8.614 9.023 0 9.021 8.943 0 8.942
0.055 0 0.055 0.01 0.001 0.011 9.321 0.004 9.322 9.6 0 9.598 9.686 0 9.684
0.054 0.001 0.054 0.011 0 0.011 8.758 0.008 8.765 9.351 0.001 9.348 9.254 0 9.254
0.047 0 0.047 0.01 0.001 0.011 9.179 0.008 9.185 9.594 0 9.592 9.54 0 9.538
0.053 0.000999999999999994 0.054 0.011 0 0.011 9.347 0.01 9.355 9.752 0 9.749 9.701 0 9.699
0.052 0.00199999999999999 0.054 0.01 0.001 0.011 9.378 0.004 9.379 9.897 0 9.895 9.723 0 9.721
0.054 0.002 0.056 0.011 0.002 0.013 10.227 0.005 10.229 10.619 0 10.617 10.561 0 10.559
0.055 0.001 0.056 0.011 0.001 0.012 10.142 0.004 10.144 10.606 0 10.604 10.242 0 10.239
0.053 0 0.054 0.011 0 0.011 8.75 0.011 8.758 9.189 0 9.186 9.116 0 9.116
0.053 0.001 0.054 0.01 0.001 0.011 9.038 0.007 9.043 9.78 0 9.777 9.302 0 9.3
0.054 0 0.054 0.01 0.000999999999999994 0.011 8.876 0.01 8.885 9.304 0 9.301 9.232 0 9.23
0.052 0.002 0.054 0.011 0 0.011 9.223 0.008 9.229 9.636 0 9.634 9.602 0 9.6
0.052 0.002 0.054 0.01 0.001 0.011 8.896 0.007 8.901 9.298 0 9.296 9.259 0 9.257
0.052 0.002 0.054 0.01 0.001 0.011 8.928 0.007 8.934 9.201 0.000999999999999994 9.199 9.129 0 9.127
0.054 0.001 0.055 0.012 0.000999999999999997 0.013 10.093 0.003 10.094 10.552 0.001 10.551 10.477 0 10.474
0.054 0.00199999999999999 0.054 0.00900000000000001 0.002 0.011 9.294 0.009 9.301 9.668 0.001 9.667 9.612 0 9.61
0.053 0.001 0.054 0.011 0 0.012 9.066 0.012 9.074 9.482 0.001 9.482 9.413 0 9.41
0.051 0.003 0.054 0.013 0 0.013 10.182 0.006 10.185 10.67 0.001 10.669 10.392 0 10.389
0.053 0 0.053 0.01 0.002 0.012 9.286 0.00600000000000001 9.289 9.755 0 9.753 9.733 0 9.731
0.054 0.001 0.055 0.013 0 0.013 9.75 0.005 9.752 10.723 0 10.721 10.149 0 10.146
0.054 0 0.054 0.01 0.001 0.011 8.633 0.007 8.638 9.363 0 9.36 9.027 0 9.026
0.052 0.001 0.054 0.00900000000000001 0.003 0.011 8.789 0.00799999999999999 8.795 9.219 0.002 9.219 9.135 0 9.134
0.05 0.001 0.052 0.011 0 0.011 9.013 0.009 9.022 9.442 0 9.44 9.383 0 9.381
0.053 0 0.053 0.01 0.001 0.011 9.294 0.008 9.301 9.766 0 9.763 9.637 0.001 9.637
0.056 0.001 0.057 0.013 0 0.012 10.118 0.005 10.121 10.647 0.001 10.646 10.59 0 10.587
0.052 0.001 0.054 0.00900000000000001 0.00199999999999999 0.011 8.701 0.008 8.706 9.152 0 9.15 9.068 0 9.067
0.053 0 0.053 0.01 0.001 0.011 8.786 0.006 8.79 9.194 0.001 9.193 9.1 0 9.098
0.055 0 0.055 0.011 0 0.011 9.025 0.011 9.033 9.858 0 9.856 9.41 0 9.408
0.054 0 0.054 0.01 0.001 0.011 8.9 0.00799999999999999 8.905 9.27 0 9.268 9.186 0 9.185
0.052 0.003 0.055 0.013 0 0.013 10 0.006 10.003 10.457 0 10.455 10.415 0 10.412
0.056 0 0.056 0.013 0 0.013 10.056 0.004 10.057 10.515 0 10.514 10.481 0 10.479
0.052 0.002 0.053 0.011 0 0.011 8.665 0.008 8.672 9.094 0 9.091 8.979 0 8.977
0.054 0 0.053 0.01 0.000999999999999994 0.011 8.595 0.00800000000000001 8.601 9.041 0 9.039 8.944 0 8.943
0.053 0.000999999999999994 0.054 0.01 0.001 0.011 8.743 0.009 8.75 9.223 0 9.221 9.152 0 9.15
0.053 0.001 0.055 0.012 0 0.011 9.434 0.011 9.444 9.863 0 9.859 9.804 0 9.803
0.047 0 0.047 0.01 0 0.01 8.604 0.00600000000000001 8.608 9.676 0.001 9.674 9.659 0 9.657
0.052 0.002 0.054 0.011 0 0.011 9.012 0.011 9.022 9.419 0 9.415 8.764 0 8.763
0.055 0 0.055 0.013 0 0.012 10.098 0.005 10.101 10.291 0 10.289 10.368 0 10.365
0.052 0.001 0.054 0.012 0 0.011 8.761 0.008 8.767 8.93 0 8.929 9.091 0 9.088
0.053 0.001 0.054 0.011 0 0.011 8.722 0.00799999999999999 8.728 8.91 0 8.908 9.033 0 9.03
0.052 0.002 0.053 0.011 0 0.012 9.236 0.006 9.24 9.652 0.001 9.65 9.579 0 9.578
0.053 0.001 0.054 0.011 0 0.011 8.895 0.006 8.899 9.309 0 9.306 9.258 0 9.257
0.054 0 0.054 0.01 0.001 0.012 8.865 0.014 8.875 9.283 0 9.282 9.244 0 9.242
0.053 0 0.053 0.011 0.001 0.011 9.31 0.005 9.313 9.748 0 9.746 9.642 0.001 9.642
0.053 0 0.053 0.011 0 0.011 8.73 0.011 8.739 9.192 0 9.189 9.079 0 9.079
0.046 0 0.046 0.01 0.001 0.011 8.735 0.006 8.74 9.459 0 9.455 9.34 0 9.339
0.052 0.000999999999999994 0.054 0.011 0 0.011 8.765 0.013 8.776 9.224 0 9.221 8.877 0 8.875
0.053 0.001 0.054 0.01 0.001 0.011 8.863 0.011 8.871 9.268 0 9.266 9.199 0 9.198
0.052 0.002 0.054 0.011 0 0.012 8.681 0.013 8.691 9.134 0.001 9.133 9.032 0 9.03
0.048 0 0.048 0.011 0 0.011 9.208 0.008 9.214 9.635 0 9.632 9.602 0 9.601
0.049 0 0.05 0.011 0 0.011 8.91 0.015 8.922 9.327 0 9.326 9.286 0 9.284
0.046 0 0.046 0.01 0.001 0.011 9.306 0.008 9.311 9.797 0 9.796 9.722 0.001 9.72
0.053 0.001 0.055 0.00900000000000001 0.003 0.012 9.031 0.008 9.037 9.154 0 9.151 9.369 0 9.368
0.052 0.001 0.053 0.011 0 0.012 8.959 0.012 8.971 9.089 0.005 9.096 9.354 0.009 9.366
0.054 0 0.054 0.012 0 0.011 8.794 0.01 8.803 9.217 0 9.214 9.121 0 9.119
0.052 0.001 0.053 0.011 0.001 0.012 8.621 0.01 8.629 9.113 0 9.11 9.068 0 9.067
0.051 0.002 0.054 0.00700000000000001 0.004 0.011 8.704 0.005 8.706 9.085 0 9.084 9.056 0 9.053
0.051 0.001 0.052 0.012 0 0.011 9.392 0.006 9.396 9.823 0 9.82 9.678 0 9.677
0.053 0.001 0.053 0.011 0 0.011 8.824 0.01 8.832 9.311 0.001 9.31 9.221 0 9.219
0.052 0.001 0.053 0.012 0 0.012 9.189 0.012 9.198 9.606 0 9.604 9.566 0 9.564
0.053 0.001 0.054 0.011 0 0.011 8.917 0.006 8.921 9.347 0 9.344 9.319 0 9.318
0.054 0 0.054 0.01 0.001 0.012 9.129 0.008 9.133 9.616 0 9.615 9.584 0 9.583
0.044 0.003 0.047 0.011 0.00199999999999999 0.013 9.994 0.008 9.999 10.47 0 10.468 10.422 0 10.418
0.054 0 0.054 0.011 0 0.012 8.959 0.008 8.964 9.383 0 9.38 9.281 0 9.279
0.054 0 0.054 0.013 0 0.013 10.193 0.005 10.195 10.679 0.001 10.679 10.406 0 10.403
0.052 0.001 0.053 0.011 0 0.012 9.323 0.017 9.337 9.762 0 9.759 9.678 0 9.677
0.045 0.001 0.047 0.00899999999999998 0.002 0.011 9.3 0.008 9.306 9.74 0 9.737 9.675 0 9.674
0.046 0 0.046 0.01 0.001 0.011 8.735 0.009 8.742 9.166 0 9.163 9.074 0 9.073
0.05 0.002 0.052 0.01 0.001 0.011 8.68 0.012 8.69 9.103 0 9.1 9.044 0 9.043
0.053 0 0.053 0.01 0.001 0.011 9.263 0.009 9.27 9.767 0 9.764 9.551 0 9.55
0.054 0 0.054 0.012 0 0.011 8.764 0.007 8.769 9.125 0 9.124 9.01 0 9.008
0.053 0 0.054 0.011 0.001 0.011 9.158 0.01 9.167 9.497 0 9.494 9.458 0 9.457
0.05 0.002 0.052 0.012 0 0.011 9.377 0.008 9.383 9.796 0 9.793 9.676 0 9.675
0.052 0 0.053 0.011 0.001 0.011 8.748 0.01 8.757 9.209 0 9.206 9.136 0 9.135
0.048 0 0.048 0.01 0.001 0.011 8.776 0.01 8.784 9.283 0 9.281 9.146 0 9.145
0.047 0 0.047 0.011 0 0.011 9.246 0.007 9.251 9.648 0.001 9.646 9.594 0 9.593
0.046 0.000999999999999994 0.046 0.00999999999999998 0.001 0.011 9.219 0.01 9.228 9.611 0.001 9.609 9.603 0 9.602
0.053 0 0.054 0.01 0.002 0.011 8.895 0.01 8.903 9.317 0 9.314 9.226 0 9.225
0.051 0.002 0.054 0.012 0 0.012 8.94 0.007 8.944 9.38 0 9.378 9.273 0 9.272
0.054 0 0.054 0.01 0.001 0.011 9.195 0.007 9.2 9.583 0 9.581 9.547 0 9.544
0.056 0 0.056 0.01 0.001 0.011 8.963 0.009 8.97 9.423 0 9.419 9.378 0 9.378
0.052 0.001 0.054 0.00900000000000001 0.00199999999999999 0.011 9.3 0.00600000000000001 9.303 9.716 0.000999999999999994 9.715 9.586 0 9.584
0.047 0.001 0.049 0.012 0.001 0.012 10.215 0.007 10.221 10.136 0.00199999999999999 10.136 10.593 0 10.59
0.053 0 0.054 0.011 0.001 0.012 8.825 0.013 8.835 9.247 0 9.245 9.192 0 9.191
0.053 0 0.053 0.011 0.001 0.011 8.727 0.013 8.738 9.113 0 9.11 8.992 0 8.992
0.055 0 0.055 0.011 0.00199999999999999 0.013 9.993 0.009 10 10.437 0.001 10.436 10.396 0 10.392
0.05 0 0.05 0.011 0.001 0.012 10.197 0.005 10.199 10.681 0 10.68 10.623 0 10.62
0.055 0.001 0.056 0.013 0 0.013 9.989 0.005 9.992 10.457 0 10.455 10.391 0 10.388
0.052 0.003 0.055 0.012 0.001 0.013 9.983 0.007 9.988 10.343 0 10.341 10.32 0 10.317
0.051 0.003 0.055 0.01 0.001 0.011 8.783 0.012 8.793 9.353 0 9.351 9.163 0 9.161
0.054 0.001 0.055 0.013 0 0.013 9.945 0.003 9.945 10.52 0.001 10.519 10.381 0 10.378
0.054 0.001 0.055 0.00900000000000001 0.004 0.013 10.151 0.004 10.152 10.343 0 10.342 10.364 0 10.361
0.045 0.000999999999999994 0.047 0.00999999999999998 0.001 0.01 8.587 0.011 8.597 9.301 0 9.297 8.93 0 8.929
0.053 0 0.054 0.01 0.002 0.011 8.854 0.005 8.857 9.212 0 9.209 9.144 0 9.143
0.046 0 0.046 0.011 0 0.011 8.909 0.004 8.911 9.294 0 9.291 9.273 0 9.272
0.052 0.003 0.055 0.013 0 0.013 10.048 0.004 10.049 10.397 0.001 10.396 10.351 0 10.348
0.048 0 0.048 0.012 0 0.013 9.931 0.00600000000000001 9.935 10.312 0 10.309 10.245 0 10.243
0.052 0 0.052 0.011 0 0.011 9.348 0.008 9.354 9.743 0.000999999999999994 9.742 9.672 0 9.67
0.052 0.00199999999999999 0.054 0.011 0 0.011 8.998 0.008 9.004 9.448 0 9.446 9.376 0 9.374
0.055 0 0.054 0.011 0 0.012 9.078 0.011 9.087 9.841 0 9.839 9.455 0 9.454
0.053 0 0.054 0.011 0 0.011 8.644 0.011 8.653 9.143 0 9.14 9.033 0 9.033
0.054 0 0.054 0.011 0 0.011 9.217 0.006 9.22 9.495 0 9.492 9.426 0 9.425
0.054 0 0.054 0.01 0.001 0.011 8.96 0.011 8.97 9.387 0 9.383 9.323 0 9.322
0.055 0 0.054 0.01 0.001 0.012 9.223 0.008 9.228 9.646 0.001 9.644 9.558 0 9.557
0.053 0.001 0.053 0.011 0 0.012 9.214 0.012 9.223 9.696 0 9.695 9.609 0 9.607
0.046 0 0.047 0.011 0 0.011 8.775 0.013 8.785 9.063 0 9.061 8.986 0 8.985
0.054 0 0.053 0.011 0 0.011 8.777 0.006 8.781 9.391 0 9.389 9.143 0 9.141
0.054 0 0.054 0.011 0 0.012 8.876 0.012 8.886 9.104 0 9.101 9.282 0 9.281
0.047 0 0.047 0.00999999999999998 0.001 0.011 8.73 0.009 8.736 9.176 0 9.174 9.117 0 9.114
0.046 0.001 0.047 0.011 0 0.011 8.88 0.008 8.886 9.352 0 9.349 9.313 0 9.313
0.052 0.001 0.053 0.01 0.001 0.011 8.775 0.008 8.781 9.236 0.001 9.235 9.199 0 9.198
0.053 0.001 0.054 0.011 0 0.012 8.786 0.007 8.791 9.191 0 9.188 9.116 0 9.115
0.047 0 0.047 0.00900000000000001 0.002 0.011 8.865 0.009 8.872 9.313 0 9.311 9.233 0 9.231
0.051 0.001 0.052 0.00999999999999998 0.000999999999999994 0.011 8.975 0.00800000000000001 8.981 9.437 0 9.434 9.375 0 9.374
0.053 0 0.053 0.01 0.001 0.011 9.363 0.006 9.367 9.806 0.001 9.804 9.655 0 9.654
0.048 0.001 0.049 0.011 0.002 0.012 9.822 0.006 9.826 10.542 0.00199999999999999 10.542 10.377 0 10.375
0.055 0.001 0.056 0.013 0 0.013 10.038 0.005 10.041 10.511 0 10.509 10.502 0 10.498
0.047 0 0.046 0.00900000000000001 0.001 0.011 8.292 0.005 8.294 8.714 0 8.713 8.625 0 8.623
0.049 0 0.048 0.012 0 0.013 9.966 0.008 9.971 10.401 0 10.4 10.328 0 10.324
0.054 0 0.054 0.011 0 0.011 8.685 0.007 8.69 9.076 0 9.074 9.006 0 9.004
0.053 0.001 0.054 0.012 0 0.012 9.209 0.007 9.214 9.621 0 9.619 9.524 0 9.522
0.053 0.001 0.054 0.01 0.000999999999999994 0.011 8.797 0.009 8.804 9.258 0 9.256 9.171 0 9.169
0.052 0.002 0.054 0.00900000000000001 0.002 0.011 8.844 0.006 8.848 9.219 0 9.217 9.166 0 9.165
0.054 0 0.054 0.011 0 0.012 9.144 0.01 9.152 9.795 0 9.793 9.449 0 9.446
0.047 0.000999999999999997 0.048 0.01 0.002 0.013 9.955 0.005 9.957 10.376 0 10.374 10.568 0 10.565
0.054 0 0.054 0.01 0.001 0.012 9.144 0.01 9.152 9.789 0 9.785 9.526 0 9.525
0.054 0 0.053 0.00800000000000001 0.003 0.012 9.662 0.013 9.672 9.763 0 9.76 10.046 0 10.045
0.056 0.001 0.057 0.012 0 0.012 8.789 0.005 8.792 9.206 0 9.203 9.142 0 9.141
0.054 0 0.053 0.01 0.001 0.011 8.735 0.009 8.743 9.079 0 9.076 8.97 0 8.969
0.045 0.001 0.047 0.00999999999999998 0.001 0.011 9.205 0.009 9.211 9.54 0 9.538 9.442 0 9.44
0.051 0.004 0.055 0.013 0 0.013 10.003 0.004 10.004 10.486 0 10.484 10.416 0 10.414
0.054 0 0.053 0.00800000000000001 0.003 0.012 8.88 0.009 8.886 9.349 0 9.346 9.238 0 9.237
0.052 0.001 0.053 0.01 0.001 0.011 9.371 0.005 9.373 9.787 0 9.785 9.613 0.001 9.612
0.044 0.003 0.047 0.011 0 0.011 8.683 0.012 8.693 8.954 0 8.953 8.961 0 8.959
0.047 0 0.047 0.011 0 0.011 8.904 0.011 8.913 9.263 0 9.26 9.227 0 9.224
0.054 0 0.054 0.011 0 0.011 8.928 0.011 8.937 9.353 0 9.35 9.329 0 9.328
0.047 0 0.047 0.011 0 0.011 9.165 0.01 9.173 9.603 0.001 9.601 9.553 0 9.551
0.052 0.002 0.055 0.012 0 0.011 8.921 0.01 8.929 9.21 0 9.213 9.024 0 9.027
0.053 0.000999999999999994 0.055 0.011 0 0.011 8.782 0.005 8.785 8.875 0 8.872 9.034 0 9.033
0.054 0 0.054 0.011 0 0.011 8.792 0.006 8.796 9.23 0 9.228 9.176 0 9.175
0.046 0 0.046 0.011 0 0.011 8.683 0.012 8.692 9.128 0 9.125 9.061 0 9.06
0.052 0.002 0.053 0.011 0 0.012 8.785 0.008 8.79 9.165 0 9.163 8.966 0 8.964
0.053 0 0.054 0.01 0.002 0.011 9.223 0.007 9.229 9.816 0 9.813 9.462 0 9.461
0.047 0.001 0.048 0.00800000000000001 0.002 0.01 8.631 0.01 8.639 9.204 0 9.201 8.943 0 8.942
0.054 0 0.053 0.01 0.001 0.011 8.499 0.013 8.51 9.127 0 9.125 8.815 0 8.813
0.053 0.001 0.053 0.01 0.001 0.011 8.884 0.008 8.89 9.269 0 9.267 9.265 0 9.264
0.052 0.000999999999999997 0.053 0.011 0 0.012 9.161 0.008 9.166 9.582 0.001 9.581 9.546 0 9.544
0.055 0 0.055 0.013 0 0.013 10.029 0.004 10.031 10.454 0 10.453 10.392 0 10.388
0.047 0 0.046 0.00999999999999998 0.000999999999999994 0.011 9.157 0.008 9.163 9.613 0 9.611 9.574 0 9.573
0.054 0 0.054 0.012 0 0.012 9.371 0.00799999999999999 9.377 9.893 0 9.89 9.73 0 9.728
0.053 0 0.052 0.011 0 0.012 8.813 0.008 8.819 9.241 0 9.238 9.199 0 9.197
0.054 0.001 0.054 0.01 0.001 0.011 8.788 0.01 8.795 9.374 0 9.373 9.151 0 9.149
0.052 0.003 0.056 0.01 0.003 0.013 9.995 0.007 9.998 10.514 0 10.513 10.473 0 10.469
0.054 0 0.054 0.01 0.001 0.011 8.616 0.011 8.625 9.269 0.001 9.269 8.953 0 8.952
0.047 0.006 0.053 0.00999999999999998 0.001 0.011 8.908 0.011 8.916 9.325 0 9.323 9.277 0 9.275
0.055 0 0.055 0.01 0.000999999999999994 0.011 8.635 0.014 8.648 9.087 0 9.084 8.999 0 8.997
0.046 0.001 0.047 0.011 0 0.011 8.839 0.006 8.843 9.234 0 9.232 9.15 0 9.147
0.069 0.002 0.073 0.016 0.002 0.017 13.657 0.003 13.676 14.438 0 14.455 14.411 0 14.428
0.051 0.003 0.054 0.011 0 0.011 9.187 0.007 9.191 9.633 0 9.632 9.604 0 9.603
0.046 0.001 0.048 0.012 0.001 0.012 9.312 0.008 9.318 9.676 0 9.674 9.607 0.001 9.606
0.047 0 0.047 0.012 0 0.011 9.36 0.00899999999999999 9.367 9.583 0 9.581 9.49 0 9.488
0.053 0.000999999999999997 0.054 0.01 0.002 0.012 8.766 0.006 8.77 9.464 0 9.462 9.125 0 9.123
0.045 0.001 0.047 0.01 0.001 0.011 8.692 0.008 8.698 9.284 0 9.28 9.111 0 9.111
0.049 0.002 0.051 0.012 0.001 0.013 9.925 0.011 9.932 10.68 0 10.679 10.433 0 10.429
0.055 0 0.077 0.011 0.001 0.011 9.216 0.01 9.224 9.564 0.001 9.563 9.581 0 9.579
0.053 0 0.054 0.011 0 0.011 8.845 0.008 8.851 9.245 0 9.242 9.202 0 9.201
0.044 0.002 0.046 0.011 0 0.011 8.776 0.016 8.79 9.182 0 9.179 9.102 0 9.102
0.054 0.001 0.055 0.012 0.001 0.013 10.057 0.003 10.058 10.537 0 10.535 10.445 0.001 10.443
0.048 0 0.047 0.01 0.001 0.011 8.787 0.008 8.793 9.215 0 9.213 9.183 0 9.182
0.055 0 0.055 0.011 0 0.011 9.269 0.011 9.278 9.742 0 9.739 9.616 0 9.615
0.046 0.003 0.049 0.011 0.002 0.012 9.961 0.00199999999999999 9.961 10.429 0.001 10.429 10.411 0 10.408
0.053 0.001 0.054 0.011 0 0.011 8.923 0.013 8.935 9.322 0 9.318 9.179 0 9.178
0.044 0.003 0.047 0.012 0.001 0.013 9.306 0.007 9.311 10.662 0 10.66 10.621 0 10.618
0.047 0 0.047 0.011 0 0.01 8.817 0.007 8.823 9.065 0 9.061 9.107 0 9.106
0.046 0.001 0.047 0.00899999999999998 0.002 0.011 8.986 0.012 8.997 9.369 0 9.365 9.342 0 9.341
0.075 0.001 0.076 0.014 0.001 0.015 11.959 0.006 11.979 12.59 0 12.605 12.49 0 12.504
0.052 0.002 0.054 0.00900000000000001 0.00199999999999999 0.011 8.64 0.01 8.648 9.102 0 9.1 9 0 8.999
0.044 0.002 0.046 0.00999999999999998 0.000999999999999994 0.01 8.428 0.00600000000000001 8.433 8.807 0 8.805 8.73 0 8.727
0.054 0 0.054 0.00900000000000001 0.002 0.012 9.195 0.004 9.196 9.714 0 9.711 9.136 0 9.135
0.047 0.002 0.049 0.012 0.001 0.013 10.222 0.005 10.224 10.423 0 10.421 10.839 0 10.835
0.047 0 0.047 0.00999999999999998 0.001 0.011 9.243 0.005 9.246 9.671 0 9.668 9.61 0 9.609
0.046 0.001 0.047 0.011 0 0.011 8.635 0.005 8.638 9.232 0 9.229 8.943 0 8.941
0.048 0.001 0.048 0.01 0.001 0.011 9.272 0.011 9.28 9.65 0 9.648 9.577 0 9.574
0.046 0 0.046 0.011 0 0.011 8.927 0.011 8.935 9.293 0 9.292 9.188 0 9.186
0.053 0.001 0.053 0.011 0 0.012 9.191 0.005 9.193 9.618 0 9.616 9.542 0 9.539
0.054 0.002 0.056 0.00900000000000001 0.004 0.013 10.035 0.008 10.039 10.525 0 10.524 10.449 0 10.447
0.054 0 0.054 0.011 0 0.011 9.224 0.007 9.229 9.635 0 9.632 9.588 0 9.588
0.053 0.001 0.054 0.011 0 0.012 9.298 0.005 9.3 9.737 0 9.734 9.7 0 9.699
0.05 0 0.05 0.011 0 0.011 8.84 0.007 8.843 9.303 0 9.301 9.178 0 9.176
0.053 0 0.053 0.011 0 0.012 9.228 0.01 9.235 9.668 0 9.665 9.56 0 9.559
0.054 0.001 0.056 0.013 0 0.013 10.344 0.002 10.343 10.418 0.000999999999999994 10.417 10.771 0 10.769
0.053 0 0.053 0.011 0 0.011 8.739 0.009 8.746 9.147 0 9.145 9.037 0 9.036
0.075 0.001 0.076 0.014 0.001 0.015 11.964 0.008 11.986 12.499 0.000999999999999994 12.515 12.396 0 12.41
0.06 0.001 0.06 0.011 0 0.011 8.703 0.008 8.711 9.022 0 9.019 8.927 0 8.926
0.044 0.002 0.046 0.011 0 0.011 8.332 0.003 8.333 8.728 0 8.725 8.645 0 8.643
0.054 0.001 0.055 0.012 0 0.012 9.396 0.008 9.402 9.748 0 9.746 9.723 0 9.721
0.054 0 0.053 0.01 0.001 0.011 9.329 0.004 9.332 9.811 0 9.807 9.742 0 9.741
0.053 0.001 0.053 0.011 0 0.011 8.897 0.009 8.904 9.064 0 9.062 9.261 0 9.259
0.055 0 0.055 0.012 0.001 0.013 9.788 0.004 9.791 10.704 0 10.701 10.156 0 10.154
0.054 0.00199999999999999 0.056 0.013 0 0.013 10.014 0.005 10.017 10.289 0 10.287 10.26 0.000999999999999994 10.258
0.06 0 0.06 0.00900000000000001 0.002 0.011 9.289 0.008 9.295 9.473 0 9.47 9.596 0 9.594
0.047 0 0.046 0.00799999999999998 0.003 0.011 8.881 0.009 8.889 9.268 0 9.265 9.211 0 9.209
0.054 0 0.053 0.011 0 0.011 8.841 0.011 8.851 9.304 0 9.301 9.283 0 9.281
0.052 0.001 0.053 0.011 0 0.012 8.877 0.01 8.885 9.221 0 9.218 9.162 0 9.161
0.054 0 0.054 0.011 0 0.012 9.276 0.00199999999999999 9.275 9.685 0 9.682 9.644 0 9.643
0.051 0.002 0.054 0.012 0 0.011 8.753 0.01 8.762 9.198 0 9.195 9.147 0 9.145
0.054 0 0.054 0.011 0 0.012 9.27 0.012 9.279 9.695 0 9.693 9.722 0 9.72
0.053 0.001 0.054 0.011 0.000999999999999994 0.011 8.868 0.01 8.876 9.285 0 9.283 9.217 0 9.215
0.053 0 0.054 0.011 0.001 0.011 8.843 0.011 8.852 9.3 0 9.298 9.268 0 9.266
0.053 0.002 0.054 0.011 0 0.012 9.442 0.007 9.446 9.589 0 9.587 9.868 0 9.867
0.053 0 0.053 0.011 0 0.011 8.689 0.009 8.696 9.063 0.001 9.061 8.913 0 8.912
0.075 0.002 0.076 0.016 0 0.016 12.62 0.015 12.649 13.259 0 13.275 13.194 0 13.209
0.051 0.001 0.052 0.012 0.001 0.012 9.493 0.00899999999999999 9.5 9.76 0 9.758 9.624 0 9.621
0.057 0 0.056 0.011 0 0.012 9.391 0.00700000000000001 9.396 9.465 0 9.461 9.742 0 9.742
0.053 0.001 0.054 0.011 0 0.011 8.644 0.014 8.656 9.186 0.001 9.185 8.873 0 8.871
0.054 0 0.055 0.01 0.001 0.011 9.348 0.01 9.355 9.522 0 9.519 9.827 0 9.826
0.052 0.001 0.054 0.01 0.000999999999999994 0.011 8.614 0.01 8.621 9.059 0 9.056 8.932 0 8.937
0.054 0 0.054 0.01 0.001 0.011 8.752 0.007 8.757 9.171 0 9.169 9.139 0 9.138
0.052 0.002 0.054 0.00800000000000001 0.003 0.011 8.869 0.007 8.873 9.177 0 9.176 8.96 0 8.966
0.055 0 0.056 0.012 0.001 0.013 10.005 0.008 10.01 10.444 0 10.443 10.386 0 10.383
0.053 0 0.053 0.00900000000000001 0.00199999999999999 0.012 8.729 0.00700000000000001 8.733 9.244 0 9.241 9.147 0 9.146
0.052 0.001 0.054 0.00900000000000001 0.00199999999999999 0.011 8.853 0.007 8.858 9.279 0 9.276 9.198 0 9.196
0.056 0 0.056 0.011 0.00199999999999999 0.013 10.088 0.002 10.087 10.633 0 10.632 10.566 0 10.562
0.052 0.00199999999999999 0.054 0.011 0 0.011 8.828 0.008 8.834 9.277 0 9.273 9.192 0 9.192
0.054 0 0.054 0.011 0 0.012 9.359 0.01 9.367 9.767 0 9.764 9.715 0 9.712
0.054 0.001 0.054 0.01 0.001 0.011 9.371 0.011 9.381 9.772 0 9.768 9.106 0 9.105
0.054 0 0.054 0.011 0 0.012 8.678 0.004 8.679 9.257 0 9.256 8.998 0 8.997
0.053 0.001 0.054 0.011 0 0.011 8.897 0.013 8.908 9.297 0 9.294 9.231 0 9.23
0.051 0.002 0.052 0.011 0.001 0.012 9.215 0.00899999999999999 9.221 9.629 0.001 9.628 9.589 0 9.587
0.074 0.002 0.076 0.015 0 0.015 12.122 0.00899999999999999 12.145 12.729 0 12.744 12.592 0 12.607
0.044 0.003 0.047 0.00999999999999998 0.001 0.011 8.935 0.012 8.944 9.292 0 9.291 9.242 0 9.24
0.053 0 0.054 0.012 0 0.011 9.356 0.009 9.362 9.444 0 9.442 9.759 0 9.756
0.054 0.001 0.055 0.012 0.001 0.013 10.064 0.007 10.068 10.426 0.002 10.426 10.496 0 10.494
0.047 0 0.047 0.00999999999999998 0 0.011 8.655 0.00799999999999999 8.66 9.12 0 9.118 9.024 0 9.022
0.053 0.001 0.054 0.011 0.001 0.011 9.416 0.003 9.417 9.508 0 9.504 9.715 0 9.715
0.053 0.001 0.053 0.01 0.001 0.011 8.722 0.013 8.734 9.399 0 9.395 9.071 0 9.071
0.052 0.002 0.054 0.01 0.002 0.012 8.772 0.007 8.777 9.225 0 9.223 9.123 0 9.122
0.054 0 0.054 0.01 0.001 0.011 9.206 0.004 9.208 9.697 0 9.694 9.621 0 9.619
0.053 0 0.054 0.012 0 0.011 9.206 0.007 9.212 9.628 0 9.625 9.62 0 9.619
0.055 0.001 0.056 0.013 0 0.013 9.988 0.003 9.988 10.411 0 10.409 10.274 0 10.28
0.055 0 0.054 0.00900000000000001 0.002 0.011 8.74 0.008 8.746 9.183 0 9.181 9.078 0 9.077
0.057 0 0.057 0.01 0.001 0.011 8.667 0.003 8.668 9.111 0 9.108 9.006 0 9.005
0.053 0.001 0.054 0.011 0 0.011 8.749 0.01 8.757 9.222 0 9.219 9.183 0 9.182
0.047 0 0.047 0.01 0.001 0.011 8.901 0.01 8.91 9.257 0 9.254 9.226 0 9.224
0.054 0 0.054 0.00900000000000001 0.002 0.011 9.088 0.00899999999999999 9.094 9.833 0 9.831 9.424 0 9.422
0.048 0 0.048 0.011 0.000999999999999994 0.012 9.996 0.005 9.998 10.457 0 10.456 10.424 0 10.421
0.052 0.001 0.055 0.011 0.000999999999999994 0.011 9.124 0.005 9.127 9.573 0 9.571 9.482 0 9.48
0.047 0 0.047 0.011 0 0.011 8.833 0.009 8.84 9.234 0 9.231 9.207 0 9.206
0.075 0.000999999999999994 0.076 0.015 0 0.016 11.822 0.016 11.85 12.456 0 12.471 12.288 0 12.303
0.053 0.001 0.054 0.012 0 0.011 8.802 0.006 8.806 9.189 0.001 9.189 9.139 0 9.138
0.054 0 0.053 0.011 0 0.012 8.77 0.01 8.778 9.05 0 9.048 9.171 0 9.169
0.053 0 0.053 0.011 0.000999999999999997 0.011 8.923 0.015 8.936 9.056 0 9.055 9.286 0 9.283
0.053 0.000999999999999994 0.054 0.01 0.001 0.011 9.304 0.009 9.31 9.742 0 9.74 9.623 0 9.621
0.051 0.000999999999999997 0.053 0.011 0.001 0.011 8.746 0.013 8.758 9.219 0 9.217 9.126 0 9.124
0.056 0 0.055 0.011 0.001 0.013 9.742 0.007 9.747 10.713 0.001 10.712 10.172 0 10.169
0.054 0 0.054 0.011 0 0.012 9.012 0.008 9.017 9.801 0 9.798 9.35 0 9.349
0.046 0.001 0.047 0.011 0 0.012 8.777 0.01 8.783 9.028 0 9.026 9.099 0 9.098
0.054 0 0.054 0.01 0.001 0.011 8.664 0.008 8.67 9.044 0 9.042 8.92 0 8.919
0.053 0 0.054 0.012 0 0.011 9.244 0.013 9.256 9.663 0 9.66 9.633 0 9.631
0.054 0 0.054 0.01 0.001 0.012 8.963 0.009 8.97 9.439 0 9.437 9.38 0 9.378
0.052 0.00199999999999999 0.054 0.011 0 0.011 8.67 0.009 8.677 8.997 0 8.995 8.909 0 8.906
0.046 0.001 0.047 0.011 0.001 0.013 9.261 0.008 9.266 9.747 0 9.745 9.675 0.001 9.675
0.045 0.001 0.046 0.011 0 0.011 8.528 0.00899999999999999 8.535 8.823 0 8.82 8.793 0 8.792
0.052 0.002 0.054 0.011 0 0.011 8.594 0.009 8.601 8.993 0 8.989 8.961 0 8.961
0.054 0 0.054 0.01 0.001 0.012 8.881 0.003 8.881 9.278 0 9.276 9.193 0 9.191
0.052 0.001 0.053 0.00900000000000001 0.00199999999999999 0.011 9.318 0.016 9.332 9.741 0 9.738 9.644 0 9.644
0.053 0 0.054 0.011 0 0.011 8.805 0.009 8.811 9.225 0 9.223 9.167 0 9.166
0.051 0.001 0.052 0.011 0 0.012 9.054 0.008 9.06 9.818 0 9.815 9.394 0 9.393
0.053 0.001 0.054 0.011 0 0.011 8.832 0.01 8.839 9.304 0 9.302 9.226 0 9.225
0.053 0.001 0.054 0.011 0 0.011 9.119 0.009 9.126 9.636 0 9.632 9.482 0 9.482
0.056 0 0.055 0.011 0 0.011 8.714 0.006 8.718 9.149 0 9.147 9.097 0 9.095
0.072 0 0.071 0.015 0.002 0.017 13.664 0.01 13.692 14.29 0 14.305 14.179 0 14.197
0.054 0 0.055 0.011 0 0.011 8.853 0.012 8.862 9.287 0 9.285 9.233 0 9.231
0.053 0 0.054 0.01 0.002 0.012 9.159 0.013 9.169 9.606 0 9.604 9.535 0 9.533
0.053 0 0.053 0.011 0 0.011 8.672 0.012 8.682 9.107 0 9.105 8.994 0 8.993
0.054 0.001 0.056 0.012 0.001 0.013 10.3 0.008 10.307 10.717 0 10.715 10.65 0 10.648
0.055 0 0.055 0.011 0.001 0.013 10.147 0.006 10.149 10.661 0.001 10.66 10.609 0 10.608
0.047 0.001 0.048 0.00999999999999998 0.002 0.013 9.879 0.007 9.882 10.49 0 10.488 10.489 0 10.486
0.055 0.001 0.055 0.01 0.00199999999999999 0.013 9.725 0.004 9.726 10.613 0.001 10.612 10.108 0 10.105
0.053 0 0.054 0.01 0.002 0.011 9.326 0.00799999999999999 9.332 9.416 0 9.413 9.712 0 9.71
0.053 0.001 0.053 0.01 0.001 0.012 8.741 0.007 8.746 9.25 0 9.247 9.117 0 9.117
0.056 0 0.055 0.011 0.001 0.013 10.043 0.007 10.048 10.499 0 10.497 10.476 0 10.473
0.046 0.001 0.047 0.00999999999999998 0.001 0.011 8.861 0.012 8.87 9.294 0 9.292 9.218 0 9.217
0.049 0 0.048 0.011 0.000999999999999994 0.012 9.958 0.009 9.966 10.522 0 10.52 10.411 0 10.407
0.053 0.001 0.055 0.011 0 0.011 9.254 0.009 9.26 9.65 0 9.648 9.537 0 9.534
0.054 0 0.054 0.01 0.001 0.011 9.239 0.009 9.246 9.715 0 9.711 9.633 0 9.632
0.056 0 0.0569999999999999 0.012 0 0.011 8.792 0.00600000000000001 8.796 9.221 0 9.218 9.161 0 9.16
0.054 0.003 0.058 0.01 0.001 0.011 8.901 0.008 8.906 9.337 0 9.335 9.292 0 9.29
0.052 0.00199999999999999 0.053 0.01 0.001 0.011 9.306 0.012 9.317 9.484 0 9.481 9.668 0 9.666
0.071 0.001 0.072 0.016 0.001 0.017 13.765 0.007 13.788 14.471 0 14.488 14.326 0 14.343
0.053 0.001 0.053 0.00900000000000001 0.002 0.012 8.758 0.007 8.763 9.252 0 9.249 9.188 0 9.187
0.054 0 0.054 0.01 0.001 0.011 9.548 0.01 9.556 10.001 0 9.998 9.99 0 9.987
0.053 0.001 0.054 0.011 0 0.011 9.304 0.012 9.313 9.815 0 9.813 9.714 0 9.712
0.052 0.001 0.053 0.00900000000000001 0.002 0.011 9.316 0.007 9.32 9.72 0.00199999999999999 9.72 9.669 0 9.667
0.056 0.000999999999999997 0.056 0.011 0 0.012 8.868 0.011 8.876 9.229 0 9.227 9.292 0 9.29
0.056 0 0.056 0.013 0 0.013 10.279 0.005 10.282 10.222 0 10.22 10.719 0 10.715
0.049 0 0.049 0.00900000000000001 0.002 0.01 8.529 0.011 8.537 9.277 0 9.275 8.894 0 8.892
0.054 0.000999999999999994 0.054 0.011 0 0.011 8.725 0.011 8.734 9.161 0 9.159 9.082 0 9.081
0.053 0.001 0.054 0.01 0.001 0.011 9.261 0.005 9.263 9.668 0.001 9.668 9.623 0 9.621
0.047 0.001 0.048 0.011 0.001 0.013 9.966 0.007 9.97 10.314 0 10.312 10.308 0 10.305
0.054 0 0.054 0.011 0 0.011 9.122 0.006 9.126 9.478 0 9.475 9.47 0 9.469
0.046 0.001 0.047 0.011 0 0.01 8.821 0.01 8.829 9.237 0 9.235 9.162 0 9.161
0.053 0.001 0.054 0.012 0 0.012 9.263 0.006 9.266 9.668 0.001 9.666 9.585 0 9.584
0.051 0.000999999999999994 0.052 0.011 0 0.011 9.362 0.01 9.37 9.765 0.001 9.762 9.724 0 9.723
0.053 0.002 0.055 0.011 0.002 0.013 10.162 0.00899999999999999 10.169 10.618 0 10.615 10.324 0 10.322
0.054 0 0.053 0.00900000000000001 0.002 0.012 8.652 0.01 8.659 9.164 0 9.162 9.037 0 9.036
0.053 0.001 0.055 0.011 0.001 0.011 8.977 0.011 8.987 9.351 0 9.348 9.307 0 9.305
0.068 0.000999999999999994 0.069 0.014 0 0.014 11.722 0.01 11.745 12.34 0 12.354 12.206 0 12.221
0.054 0 0.054 0.011 0 0.012 9.21 0.008 9.216 9.648 0 9.645 9.522 0 9.52
0.056 0.001 0.057 0.012 0.001 0.013 10.348 0.007 10.352 10.977 0.001 10.976 10.896 0 10.893
0.054 0 0.055 0.012 0 0.011 9.313 0.007 9.318 9.712 0 9.709 9.542 0 9.541
0.051 0.001 0.053 0.011 0 0.011 8.623 0.013 8.634 9.05 0 9.048 8.972 0 8.97
0.054 0.003 0.056 0.01 0.002 0.012 9.798 0.003 9.799 10.633 0.002 10.633 10.095 0 10.092
0.053 0.002 0.056 0.013 0 0.013 10.277 0.005 10.279 10.191 0 10.188 10.708 0 10.705
0.048 0.000999999999999997 0.048 0.012 0 0.013 9.887 0.005 9.889 10.519 0 10.516 10.443 0 10.44
0.047 0 0.047 0.00999999999999998 0.001 0.01 8.725 0.01 8.733 9.11 0 9.107 9.007 0 9.006
0.053 0.00199999999999999 0.055 0.013 0 0.013 9.924 0.007 9.929 10.403 0.001 10.402 10.305 0 10.302
0.054 0 0.054 0.01 0.001 0.011 8.767 0.005 8.77 9.142 0 9.14 9.053 0 9.051
0.055 0.001 0.055 0.013 0 0.014 10.038 0.005 10.041 10.479 0 10.477 10.404 0 10.401
0.054 0 0.053 0.01 0.001 0.011 8.679 0.007 8.684 9.145 0 9.143 9.055 0 9.053
0.054 0 0.054 0.011 0 0.012 8.869 0.012 8.879 9.269 0 9.266 9.255 0 9.252
0.052 0.001 0.053 0.011 0 0.011 9.293 0.01 9.3 9.74 0 9.738 9.697 0 9.695
0.054 0.001 0.055 0.013 0 0.013 10.171 0.008 10.176 10.667 0 10.665 10.35 0 10.348
0.047 0.001 0.048 0.013 0 0.013 10.078 0.003 10.078 10.423 0.001 10.422 10.593 0 10.592
0.053 0.002 0.055 0.011 0 0.012 8.927 0.011 8.935 9.297 0 9.295 9.261 0 9.26
0.045 0.003 0.048 0.013 0 0.013 10.086 0.006 10.09 10.495 0 10.492 10.423 0 10.42
0.076 0.001 0.076 0.013 0.002 0.015 11.687 0.029 11.729 12.265 0.002 12.282 12.157 0.002 12.173
0.054 0 0.054 0.01 0.000999999999999994 0.011 9.253 0.005 9.256 9.687 0 9.684 9.597 0 9.595
0.059 0.003 0.062 0.013 0 0.013 9.999 0.007 10.004 10.469 0.001 10.469 10.327 0 10.324
0.053 0.002 0.055 0.011 0 0.012 8.882 0.013 8.892 9.314 0 9.313 9.244 0 9.241
0.046 0 0.047 0.00899999999999998 0.002 0.011 9.114 0.004 9.115 9.775 0 9.773 9.408 0 9.406
0.048 0 0.048 0.01 0.001 0.011 8.626 0.009 8.633 9.229 0 9.226 8.932 0 8.931
0.045 0.001 0.046 0.011 0 0.011 8.917 0.01 8.925 9.323 0 9.319 9.303 0 9.302
0.043 0.003 0.047 0.011 0 0.01 8.866 0.01 8.875 9.275 0 9.273 9.178 0 9.175
0.054 0 0.054 0.01 0.001 0.011 8.822 0.009 8.828 9.25 0 9.248 9.212 0 9.211
0.053 0.001 0.054 0.012 0 0.011 8.698 0.009 8.705 9.14 0.001 9.139 8.987 0 8.985
0.045 0.001 0.046 0.01 0.001 0.011 8.982 0.009 8.989 9.376 0 9.375 9.286 0 9.284
0.045 0.002 0.047 0.011 0 0.011 8.802 0.019 8.819 9.283 0 9.28 9.243 0 9.242
0.056 0 0.055 0.012 0.000999999999999997 0.013 10.114 0.004 10.116 10.482 0 10.479 10.402 0 10.4
0.052 0.002 0.054 0.011 0 0.011 9.146 0.009 9.153 9.535 0 9.533 9.498 0 9.496
0.078 0 0.078 0.016 0.002 0.018 13.692 0.005 13.713 14.384 0 14.401 14.389 0 14.405
0.045 0.002 0.047 0.011 0 0.011 8.841 0.01 8.849 9.318 0 9.316 9.147 0 9.145
0.046 0.000999999999999994 0.047 0.011 0 0.011 8.857 0.01 8.864 9.156 0 9.162 8.959 0 8.964
0.053 0.001 0.054 0.01 0.001 0.011 9.244 0.006 9.248 9.617 0.00199999999999999 9.617 9.56 0 9.559
0.052 0.002 0.054 0.011 0 0.011 8.778 0.011 8.787 9.245 0 9.243 9.1 0 9.1
0.047 0 0.047 0.011 0 0.011 9.107 0.013 9.118 9.83 0 9.828 9.415 0 9.413
0.052 0.001 0.053 0.011 0 0.011 9.144 0.011 9.152 9.761 0 9.759 9.453 0 9.451
0.055 0 0.055 0.01 0.001 0.011 9.12 0.012 9.13 9.882 0 9.879 9.492 0 9.49
0.053 0 0.054 0.01 0.002 0.011 8.69 0.012 8.7 9.389 0 9.386 9.033 0 9.032
0.053 0.001 0.054 0.012 0 0.011 8.677 0.01 8.685 9.15 0 9.148 9.074 0 9.074
0.053 0.001 0.054 0.011 0 0.011 8.844 0.011 8.853 9.261 0 9.257 9.231 0 9.231
0.047 0 0.047 0.00900000000000001 0.002 0.011 9.201 0.016 9.214 9.629 0 9.627 9.577 0 9.575
0.053 0 0.054 0.012 0 0.011 9.242 0.01 9.25 9.672 0 9.669 9.617 0 9.615
0.053 0.001 0.054 0.011 0 0.011 9.302 0.004 9.303 9.713 0 9.711 9.638 0.001 9.637
0.055 0 0.1 0.01 0.00199999999999999 0.011 8.886 0.008 8.893 9.28 0 9.278 9.241 0 9.239
0.053 0 0.053 0.01 0.000999999999999997 0.011 8.768 0.013 8.778 9.311 0 9.309 9.158 0 9.157
0.053 0 0.053 0.011 0 0.011 8.644 0.009 8.651 9.098 0 9.096 8.983 0 8.982
0.055 0 0.055 0.012 0.000999999999999997 0.013 10 0.01 10.015 10.427 0.001 10.433 10.406 0 10.411
0.045 0.001 0.046 0.01 0.001 0.011 8.537 0.008 8.543 9.249 0 9.247 8.851 0 8.849
0.049 0 0.048 0.012 0 0.012 9.778 0.008 9.783 10.458 0 10.456 10.392 0 10.39
0.054 0 0.054 0.011 0 0.012 8.847 0.009 8.854 9.293 0 9.29 9.259 0 9.258
0.053 0.001 0.054 0.00900000000000001 0.002 0.011 9.185 0.004 9.186 9.619 0 9.617 9.575 0 9.573
0.048 0 0.047 0.011 0 0.011 9.224 0.014 9.237 9.669 0 9.666 9.672 0 9.671
0.056 0 0.055 0.012 0 0.013 9.967 0.006 9.971 10.409 0.001 10.407 10.418 0 10.415
0.054 0.001 0.055 0.013 0 0.013 9.998 0.00199999999999999 9.998 10.501 0 10.499 10.392 0 10.389
0.053 0.001 0.053 0.00800000000000001 0.003 0.011 8.844 0.015 8.858 9.222 0 9.218 9.185 0 9.184
0.053 0.001 0.054 0.00900000000000001 0.002 0.011 8.925 0.009 8.931 9.322 0 9.32 9.295 0 9.294
0.053 0.00199999999999999 0.055 0.011 0.001 0.011 8.872 0.008 8.879 9.398 0 9.395 9.125 0 9.123
0.054 0.00199999999999999 0.057 0.012 0.001 0.012 9.938 0.003 9.94 10.529 0 10.526 10.285 0 10.283
0.047 0.002 0.049 0.012 0.000999999999999994 0.012 9.976 0.004 9.978 10.487 0 10.485 10.416 0 10.414
0.046 0.001 0.048 0.011 0 0.011 9.129 0.006 9.131 9.514 0.001 9.513 9.48 0 9.478
0.046 0.002 0.049 0.013 0 0.012 10.009 0.004 10.012 10.392 0 10.389 10.422 0 10.42
0.075 0.001 0.077 0.013 0.00199999999999999 0.015 11.787 0.011 11.811 12.383 0 12.398 12.232 0 12.246
0.046 0.002 0.049 0.012 0.001 0.012 10.038 0.008 10.043 10.387 0.002 10.387 10.354 0 10.351
0.047 0.001 0.048 0.013 0 0.013 10.014 0.00600000000000001 10.018 10.447 0 10.446 10.45 0 10.448
0.053 0.002 0.056 0.012 0.001 0.012 10.04 0.006 10.05 10.471 0 10.477 10.331 0 10.336
0.051 0.002 0.053 0.00900000000000001 0.003 0.011 8.836 0.007 8.842 9.073 0 9.071 9.126 0 9.124
0.054 0 0.055 0.011 0 0.011 8.702 0.006 8.706 9.125 0 9.123 9.036 0 9.034
0.053 0.001 0.055 0.01 0.002 0.011 9.215 0.01 9.224 9.618 0 9.615 9.567 0 9.566
0.054 0.001 0.055 0.012 0.001 0.013 10.134 0.005 10.136 10.568 0.001 10.568 10.548 0 10.545
0.053 0.001 0.053 0.00900000000000001 0.002 0.012 9.208 0.006 9.211 9.658 0.001 9.657 9.625 0 9.623
0.055 0 0.054 0.011 0 0.012 9.374 0.00600000000000001 9.378 9.79 0 9.786 9.721 0 9.72
0.052 0.001 0.053 0.011 0 0.012 9.237 0.01 9.244 9.667 0 9.664 9.498 0 9.504
0.054 0 0.053 0.011 0 0.012 9.252 0.00199999999999999 9.251 9.729 0 9.726 9.596 0 9.595
0.052 0.001 0.054 0.012 0 0.011 9.32 0.01 9.327 9.574 0 9.572 9.477 0 9.475
0.053 0 0.054 0.011 0.001 0.011 8.828 0.009 8.836 9.26 0 9.257 9.149 0 9.147
0.053 0.001 0.055 0.011 0.001 0.011 8.784 0.005 8.788 9.238 0 9.236 9.128 0 9.126
0.053 0 0.053 0.00999999999999998 0.001 0.011 8.697 0.008 8.703 9.086 0.001 9.085 8.943 0 8.941
0.046 0 0.046 0.011 0 0.011 8.83 0.012 8.839 9.221 0 9.219 9.164 0 9.162
0.046 0.001 0.046 0.011 0 0.011 9.23 0.009 9.236 9.673 0 9.67 9.579 0 9.577
0.053 0.001 0.054 0.011 0 0.011 8.887 0.01 8.895 9.325 0 9.322 9.192 0 9.191
0.075 0 0.076 0.015 0 0.015 11.883 0.01 11.906 12.447 0 12.461 12.351 0 12.366
0.045 0.002 0.047 0.011 0 0.011 9.103 0.007 9.108 9.708 0 9.705 9.476 0 9.474
0.053 0 0.054 0.011 0.001 0.011 8.897 0.007 8.903 9.192 0 9.189 9.159 0 9.158
0.053 0.001 0.054 0.01 0.001 0.011 8.982 0.006 8.986 9.37 0 9.367 9.291 0 9.29
0.054 0 0.053 0.011 0 0.012 9.2 0.009 9.207 9.589 0 9.586 9.529 0 9.528
0.054 0 0.054 0.00800000000000001 0.003 0.011 8.709 0.012 8.721 9.11 0.002 9.113 9.044 0.005 9.052
0.053 0.001 0.053 0.011 0 0.011 8.586 0.011 8.596 9.037 0 9.034 8.939 0 8.938
0.052 0.002 0.054 0.01 0.002 0.011 9.183 0.014 9.196 9.619 0 9.617 9.604 0 9.602
0.046 0.002 0.049 0.013 0 0.012 9.947 0.004 9.95 10.339 0 10.336 10.323 0 10.32
0.048 0 0.048 0.011 0 0.011 9.168 0.005 9.172 9.607 0.001 9.604 9.604 0 9.603
0.054 0 0.054 0.011 0 0.011 8.95 0.006 8.953 9.367 0 9.365 9.296 0 9.295
0.052 0.00199999999999999 0.053 0.00900000000000001 0.002 0.012 9.141 0.011 9.15 9.61 0 9.608 9.588 0 9.586
0.053 0.001 0.054 0.01 0.001 0.011 8.606 0.009 8.613 9.096 0 9.093 9.007 0 9.007
0.063 0 0.063 0.011 0 0.011 9.354 0.012 9.363 9.657 0 9.656 8.933 0.001 8.932
0.055 0 0.054 0.00900000000000001 0.002 0.011 9.318 0.007 9.323 9.72 0.001 9.718 9.679 0 9.677
0.052 0.002 0.054 0.012 0 0.011 9.204 0.007 9.21 9.612 0.001 9.609 9.563 0 9.562
0.046 0.001 0.047 0.011 0 0.011 8.845 0.011 8.854 9.224 0 9.221 9.225 0 9.224
0.048 0 0.048 0.01 0.001 0.01 8.734 0.015 8.748 9.242 0 9.239 9.14 0 9.138
0.073 0.002 0.075 0.015 0.001 0.016 12.614 0.011 12.639 13.081 0.000999999999999994 13.097 12.994 0 13.009
0.054 0 0.054 0.011 0 0.011 8.912 0.013 8.923 9.311 0 9.307 9.22 0 9.22
0.054 0 0.053 0.011 0 0.012 8.726 0.01 8.734 9.176 0 9.172 9.047 0 9.047
0.054 0.000999999999999994 0.056 0.013 0 0.013 10.015 0.008 10.02 10.49 0 10.49 10.423 0 10.421
0.053 0 0.053 0.01 0.00199999999999999 0.012 9.204 0.007 9.216 9.666 0 9.67 9.495 0 9.5
0.054 0 0.054 0.011 0 0.011 9.199 0.005 9.201 9.616 0 9.614 9.597 0 9.595
0.046 0.001 0.047 0.011 0 0.011 8.62 0.009 8.627 9.002 0 8.998 8.937 0 8.936
0.054 0 0.053 0.011 0 0.011 8.87 0.011 8.88 9.301 0 9.299 9.232 0 9.23
0.053 0.001 0.054 0.011 0 0.011 8.902 0.014 8.914 9.33 0.001 9.327 9.316 0 9.316
0.052 0.001 0.054 0.01 0.001 0.011 8.537 0.011 8.546 8.981 0 8.978 8.885 0 8.885
0.053 0.000999999999999994 0.054 0.01 0.001 0.011 9.321 0.002 9.322 9.794 0 9.791 9.719 0 9.717
0.055 0 0.054 0.011 0 0.011 8.805 0.011 8.814 9.281 0.001 9.28 9.193 0 9.192
0.054 0 0.054 0.01 0.001 0.011 9.371 0.01 9.379 9.637 0.000999999999999994 9.635 9.603 0 9.602
0.051 0.003 0.054 0.011 0.001 0.012 9.221 0.014 9.233 9.642 0.001 9.64 9.581 0 9.58
0.056 0 0.056 0.012 0 0.013 9.989 0.004 9.99 10.44 0 10.437 10.413 0 10.409
0.047 0 0.047 0.011 0 0.011 9.304 0.01 9.312 9.756 0 9.753 9.657 0 9.655
0.054 0 0.054 0.01 0.001 0.011 8.8 0.00899999999999999 8.807 9.164 0 9.162 9.08 0 9.079
0.053 0.001 0.053 0.011 0 0.011 8.683 0.008 8.689 9.135 0 9.133 9.004 0 9.003
0.052 0.002 0.054 0.011 0 0.012 8.752 0.01 8.759 9.133 0 9.131 9.058 0 9.056
0.053 0 0.053 0.011 0.001 0.012 9.24 0.009 9.247 9.614 0 9.61 9.573 0 9.573
0.053 0.001 0.054 0.011 0 0.011 8.885 0.008 8.891 9.289 0 9.287 9.214 0 9.213
0.051 0.002 0.053 0.00900000000000001 0.002 0.011 8.793 0.016 8.807 9.193 0 9.191 9.157 0 9.155
0.052 0.001 0.053 0.01 0.000999999999999994 0.011 8.745 0.007 8.749 9.217 0 9.214 9.095 0 9.095
0.054 0 0.054 0.01 0.001 0.011 9.328 0.009 9.333 9.758 0 9.757 9.594 0 9.591
0.047 0 0.047 0.011 0 0.011 9.253 0.009 9.259 9.705 0 9.703 9.674 0 9.672
0.053 0.001 0.054 0.00900000000000001 0.002 0.011 8.746 0.011 8.755 9.113 0 9.111 9.035 0 9.033
0.052 0.001 0.054 0.012 0 0.011 8.738 0.013 8.749 9.156 0 9.154 9.062 0 9.06
0.043 0.003 0.046 0.00999999999999998 0.000999999999999994 0.011 8.488 0.01 8.496 9.11 0 9.107 8.774 0 8.773
0.046 0.001 0.047 0.00999999999999998 0.001 0.011 9.245 0.009 9.25 9.688 0 9.685 9.662 0 9.662
0.053 0.000999999999999994 0.054 0.01 0.001 0.011 8.903 0.008 8.909 9.334 0 9.332 9.289 0 9.288
0.045 0.001 0.046 0.011 0 0.011 8.93 0.007 8.935 9.361 0 9.357 9.27 0 9.27
0.048 0 0.047 0.00900000000000001 0.002 0.011 8.882 0.007 8.887 9.307 0 9.304 9.254 0 9.253
0.053 0.001 0.054 0.012 0 0.011 9.162 0.003 9.162 9.634 0 9.633 9.577 0 9.574
0.045 0.00199999999999999 0.047 0.01 0.001 0.011 9.237 0.013 9.247 9.533 0 9.53 9.467 0 9.467
0.047 0 0.047 0.011 0 0.01 9.22 0.008 9.227 9.626 0.001 9.623 9.521 0 9.521
0.05 0.002 0.053 0.011 0.001 0.011 9.352 0.008 9.358 9.751 0 9.75 9.754 0 9.752
0.052 0.002 0.054 0.011 0 0.011 9.338 0.01 9.345 9.755 0 9.753 9.705 0 9.704
0.056 0 0.056 0.013 0 0.013 10.171 0.007 10.175 10.64 0 10.638 10.592 0.001 10.59
0.053 0 0.054 0.012 0 0.011 9.246 0.004 9.249 9.627 0.001 9.624 9.588 0 9.587
0.054 0 0.054 0.00900000000000001 0.003 0.011 8.873 0.005 8.876 9.301 0 9.299 9.261 0 9.26
0.046 0 0.047 0.011 0 0.01 8.958 0.003 8.958 9.319 0 9.317 9.266 0 9.264
0.051 0.001 0.052 0.00999999999999998 0.001 0.012 9.388 0.005 9.39 9.784 0.002 9.784 9.687 0 9.685
0.052 0.001 0.053 0.011 0.001 0.011 9.372 0.009 9.379 9.73 0.001 9.728 9.704 0 9.703
0.054 0 0.053 0.00999999999999998 0.001 0.011 8.826 0.009 8.833 9.348 0 9.346 9.228 0 9.227
0.053 0 0.054 0.012 0 0.011 8.683 0.011 8.692 9.138 0 9.135 9.044 0 9.043
0.053 0 0.054 0.011 0.001 0.011 8.694 0.007 8.698 9.113 0 9.112 9.039 0 9.037
0.046 0.000999999999999994 0.047 0.00999999999999998 0.001 0.011 9.226 0.01 9.234 9.619 0 9.616 9.587 0 9.585
0.049 0 0.049 0.011 0 0.011 8.968 0.013 8.979 9.403 0 9.4 9.391 0 9.39
0.055 0 0.055 0.013 0 0.013 9.948 0.003 9.948 10.403 0 10.402 10.373 0 10.369
0.052 0 0.052 0.01 0.000999999999999994 0.011 8.87 0.007 8.875 9.295 0 9.292 9.181 0 9.18
0.053 0.002 0.054 0.01 0.001 0.011 8.739 0.006 8.743 9.189 0.001 9.188 9.082 0 9.081
0.055 0.001 0.056 0.012 0 0.013 10.107 0.004 10.107 10.632 0 10.631 10.56 0 10.557
0.053 0 0.053 0.011 0 0.011 8.585 0.011 8.595 9.025 0 9.021 8.938 0 8.937
0.054 0 0.054 0.011 0 0.011 8.878 0.006 8.882 9.3 0 9.296 9.263 0 9.261
0.055 0.003 0.057 0.01 0.001 0.012 9.199 0.008 9.204 9.606 0 9.604 9.562 0 9.559
0.053 0.000999999999999994 0.054 0.011 0 0.011 8.954 0.00700000000000001 8.959 9.382 0 9.379 9.352 0 9.351
0.053 0 0.053 0.011 0.000999999999999994 0.011 9.182 0.008 9.189 9.676 0.001 9.674 9.514 0 9.513
0.055 0 0.054 0.011 0 0.012 9.09 0.008 9.096 9.774 0 9.77 9.403 0 9.401
0.054 0 0.054 0.012 0 0.012 9.335 0.011 9.345 9.707 0 9.703 9.646 0 9.645
0.057 0 0.057 0.01 0.001 0.011 9.187 0.004 9.19 9.58 0 9.576 9.462 0 9.462
0.056 0 0.056 0.01 0.001 0.011 8.976 0.01 8.984 9.368 0 9.366 9.339 0 9.336
0.045 0.001 0.046 0.011 0 0.011 8.885 0.008 8.891 9.316 0 9.315 9.23 0 9.228
0.048 0 0.048 0.01 0.001 0.011 8.801 0.01 8.81 9.247 0 9.244 9.16 0 9.158
0.053 0.001 0.054 0.01 0.001 0.011 8.838 0.01 8.846 9.195 0 9.192 9.13 0 9.129
0.055 0 0.056 0.01 0.00199999999999999 0.011 9.014 0.011 9.024 9.467 0 9.464 9.421 0 9.42
0.053 0.00199999999999999 0.056 0.011 0.001 0.012 10.169 0.005 10.171 10.631 0.002 10.631 10.255 0 10.253
0.053 0 0.054 0.012 0 0.011 8.776 0.013 8.787 9.259 0 9.256 8.677 0 8.676
0.065 0 0.064 0.011 0 0.012 9.311 0.007 9.316 9.78 0.001 9.777 9.482 0 9.481
0.054 0 0.054 0.011 0.001 0.011 9.343 0.009 9.35 9.716 0.001 9.715 9.581 0 9.579
0.054 0 0.054 0.011 0 0.011 9.359 0.012 9.369 9.462 0 9.46 9.789 0 9.787
0.054 0.001 0.055 0.011 0 0.011 9.103 0.005 9.105 9.25 0.001 9.249 9.46 0 9.458
0.054 0 0.054 0.011 0 0.011 9.114 0.015 9.131 9.886 0.001 9.887 9.483 0.004 9.492
0.05 0.001 0.052 0.00999999999999998 0.000999999999999994 0.011 8.726 0.005 8.729 9.149 0 9.145 9.083 0 9.082
0.052 0.002 0.054 0.013 0 0.013 10.171 0.001 10.169 10.625 0.002 10.625 10.185 0 10.182
0.054 0.001 0.055 0.01 0.001 0.011 9.299 0.011 9.308 9.613 0 9.61 9.679 0 9.678
0.055 0 0.056 0.011 0.002 0.013 10.031 0.005 10.034 10.522 0 10.52 10.471 0 10.468
0.074 0.000999999999999994 0.076 0.014 0.001 0.016 12.07 0.01 12.093 12.464 0 12.485 12.162 0 12.183
0.055 0 0.054 0.011 0 0.011 9.264 0.01 9.271 9.634 0 9.632 9.585 0 9.583
0.048 0 0.047 0.011 0 0.011 8.759 0.014 8.772 9.156 0 9.153 9.162 0 9.16
0.054 0.001 0.055 0.00900000000000001 0.002 0.011 8.737 0.008 8.743 9.213 0.000999999999999994 9.212 9.14 0 9.139
0.047 0 0.046 0.01 0.001 0.011 8.726 0.013 8.738 9.134 0 9.131 9.024 0 9.023
0.055 0 0.054 0.01 0.001 0.011 8.791 0.003 8.793 9.214 0 9.212 9.172 0 9.169
0.054 0 0.053 0.011 0 0.011 9.132 0.004 9.134 9.537 0 9.536 9.438 0 9.435
0.053 0 0.053 0.01 0.002 0.012 9.273 0.00899999999999999 9.279 9.655 0 9.653 9.614 0 9.612
0.052 0.001 0.054 0.011 0.001 0.011 8.985 0.01 8.993 9.831 0 9.828 9.398 0 9.397
0.052 0.00199999999999999 0.053 0.012 0 0.012 9.35 0.01 9.358 9.733 0 9.73 9.685 0 9.683
0.051 0.001 0.052 0.01 0.001 0.012 9.386 0.009 9.392 9.812 0 9.81 9.616 0 9.613
0.053 0.001 0.054 0.01 0.001 0.011 8.83 0.014 8.842 9.26 0 9.258 9.171 0 9.169
0.053 0 0.053 0.00900000000000001 0.002 0.012 9.338 0.009 9.343 9.529 0 9.527 9.732 0 9.73
0.052 0.002 0.054 0.012 0 0.012 9.433 0.007 9.437 9.501 0 9.499 9.846 0 9.844
0.046 0 0.046 0.011 0 0.011 9.106 0.009 9.113 9.753 0 9.749 9.52 0 9.519
0.056 0 0.056 0.012 0.001 0.011 8.793 0.011 8.803 9.275 0 9.273 9.177 0 9.175
0.053 0.001 0.054 0.011 0 0.011 8.961 0.014 8.973 9.393 0 9.39 9.299 0 9.297
0.055 0 0.054 0.01 0.001 0.011 8.823 0.013 8.834 9.254 0 9.252 9.131 0 9.13
0.053 0 0.054 0.011 0 0.011 8.746 0.007 8.751 9.144 0 9.142 9.042 0 9.041
0.077 0 0.076 0.015 0 0.016 12.597 0.012 12.622 13.25 0.001 13.267 13.13 0 13.145
0.047 0 0.047 0.00899999999999998 0.00199999999999999 0.011 8.998 0.016 9.012 9.345 0 9.342 9.321 0 9.319
0.054 0.001 0.055 0.011 0 0.011 9.178 0.006 9.182 9.607 0.001 9.605 9.509 0 9.508
0.054 0.00199999999999999 0.055 0.012 0 0.013 10.232 0.00600000000000001 10.235 10.185 0 10.184 10.687 0 10.684
0.053 0.001 0.054 0.011 0 0.012 9.157 0.005 9.16 9.643 0 9.639 9.645 0 9.644
0.048 0 0.048 0.013 0 0.013 9.954 0.008 9.961 10.473 0 10.47 10.437 0 10.434
0.054 0 0.054 0.011 0 0.011 8.555 0.011 8.563 9.002 0 9.001 8.89 0 8.888
0.053 0.001 0.054 0.01 0.001 0.011 9.225 0.011 9.234 9.638 0 9.634 9.574 0 9.574
0.053 0 0.054 0.01 0.00199999999999999 0.011 9.211 0.007 9.216 9.627 0 9.624 9.554 0 9.552
0.047 0.002 0.048 0.00999999999999998 0 0.011 8.736 0.009 8.743 9.457 0 9.455 9.101 0 9.099
0.052 0.002 0.054 0.01 0.001 0.011 9.222 0.006 9.226 9.611 0 9.608 9.668 0 9.667
0.051 0.000999999999999994 0.052 0.01 0.001 0.012 9.359 0.008 9.363 9.844 0 9.842 9.665 0.001 9.664
0.053 0 0.053 0.011 0 0.011 8.936 0.012 8.946 9.369 0 9.367 9.334 0 9.332
0.055 0 0.054 0.01 0.001 0.011 9.038 0.006 9.042 9.814 0 9.812 9.363 0 9.361
0.053 0.001 0.054 0.01 0.000999999999999994 0.011 8.765 0.009 8.771 9.452 0 9.45 9.135 0 9.132
0.054 0 0.054 0.011 0 0.011 9.288 0.008 9.293 9.403 0 9.401 9.571 0 9.568
0.052 0 0.052 0.01 0.002 0.012 9.39 0.005 9.393 9.868 0 9.865 9.76 0 9.758
0.05 0.004 0.055 0.011 0.00199999999999999 0.013 10.167 0.00700000000000001 10.17 10.615 0 10.614 10.355 0 10.352
0.054 0 0.054 0.011 0 0.012 9.363 0.003 9.362 9.778 0 9.776 9.752 0 9.75
0.072 0.001 0.073 0.016 0 0.016 12.192 0.015 12.22 12.737 0.001 12.753 12.679 0 12.694
0.053 0.001 0.054 0.011 0 0.012 9.248 0.008 9.254 9.653 0 9.649 9.583 0 9.581
0.057 0 0.056 0.011 0 0.011 8.924 0.009 8.931 9.419 0 9.416 9.245 0 9.244
0.054 0 0.054 0.011 0 0.012 9.445 0.00700000000000001 9.45 9.511 0 9.507 9.779 0 9.779
0.047 0 0.047 0.011 0 0.011 8.798 0.012 8.808 9.262 0 9.26 9.205 0 9.203
0.049 0 0.049 0.012 0.001 0.012 9.962 0.005 9.964 10.428 0.00199999999999999 10.429 10.363 0 10.361
0.045 0.002 0.048 0.00900000000000001 0.002 0.011 9.229 0.009 9.236 9.733 0 9.73 9.639 0 9.637
0.046 0.001 0.047 0.00800000000000001 0.003 0.011 9.032 0.014 9.044 9.354 0 9.351 9.324 0 9.323
0.055 0.001 0.055 0.011 0.001 0.013 10.059 0.005 10.06 10.487 0.003 10.489 10.424 0 10.421
0.053 0 0.053 0.011 0.000999999999999994 0.011 8.868 0.007 8.874 9.33 0 9.328 9.352 0 9.35
0.047 0.001 0.047 0.00999999999999998 0.001 0.011 9.164 0.011 9.174 9.651 0 9.647 9.532 0 9.532
0.057 0 0.057 0.01 0.001 0.012 9.305 0.008 9.311 9.842 0 9.838 9.761 0 9.76
0.057 0 0.057 0.011 0 0.011 9.305 0.008 9.311 9.819 0 9.817 9.72 0 9.718
0.059 0 0.059 0.01 0.001 0.011 8.743 0.009 8.751 9.214 0 9.21 9.07 0 9.069
0.046 0 0.046 0.00900000000000001 0.002 0.011 8.466 0.008 8.472 9.185 0 9.183 8.801 0 8.799
0.054 0 0.055 0.011 0 0.011 8.797 0.01 8.805 9.454 0 9.452 9.196 0 9.194
0.054 0.001 0.055 0.012 0.000999999999999994 0.013 9.938 0.005 9.94 10.571 0 10.569 10.201 0 10.198
0.054 0 0.054 0.012 0 0.013 10.155 0.003 10.154 10.622 0 10.62 10.264 0 10.262
0.053 0 0.053 0.011 0.001 0.011 8.92 0.012 8.93 9.363 0 9.36 9.277 0 9.276
0.046 0.001 0.047 0.00899999999999998 0.002 0.01 8.659 0.011 8.668 9.082 0 9.079 9.007 0 9.007
0.069 0.002 0.071 0.014 0.001 0.015 11.828 0.008 11.849 12.474 0.001 12.489 12.387 0 12.402
0.047 0.001 0.048 0.011 0.00199999999999999 0.013 9.984 0.005 9.986 10.488 0 10.487 10.486 0 10.483
0.059 0 0.059 0.013 0 0.013 10.467 0.005 10.469 10.93 0 10.929 10.883 0 10.879
0.054 0 0.054 0.00900000000000001 0.00199999999999999 0.011 8.897 0.004 8.899 9.094 0 9.092 9.279 0 9.277
0.047 0 0.047 0.011 0 0.011 9.01 0.01 9.018 9.801 0 9.799 9.329 0 9.328
0.046 0.001 0.047 0.011 0 0.011 9.217 0.012 9.227 9.689 0 9.687 9.569 0 9.567
0.056 0 0.055 0.012 0.000999999999999997 0.013 10.039 0.006 10.043 10.529 0.001 10.527 10.486 0 10.483
0.055 0 0.056 0.011 0.001 0.011 8.76 0.013 8.771 9.169 0 9.167 9.064 0 9.062
0.046 0 0.046 0.00999999999999998 0.001 0.012 9.299 0.008 9.304 9.683 0 9.68 9.666 0 9.665
0.053 0 0.053 0.01 0.001 0.011 8.914 0.007 8.919 9.309 0 9.305 9.243 0 9.243
0.047 0 0.047 0.011 0 0.011 8.758 0.011 8.767 9.247 0 9.244 9.29 0 9.289
0.053 0.001 0.054 0.011 0 0.011 8.85 0.009 8.856 9.239 0 9.237 9.173 0 9.171
0.053 0 0.053 0.011 0 0.011 8.567 0.01 8.575 9.011 0 9.01 8.905 0 8.904
0.047 0 0.047 0.011 0 0.011 8.633 0.01 8.641 9.378 0 9.375 8.965 0 8.964
0.053 0 0.053 0.011 0.000999999999999997 0.012 9.015 0.005 9.018 9.815 0 9.812 9.391 0 9.389
0.05 0.001 0.051 0.012 0 0.012 9.335 0.01 9.342 9.799 0 9.797 9.665 0 9.663
0.052 0.001 0.054 0.012 0 0.011 8.839 0.009 8.846 9.335 0 9.332 9.213 0.000999999999999994 9.213
0.077 0 0.076 0.014 0.000999999999999994 0.016 12.145 0.00900000000000001 12.168 12.672 0 12.687 12.576 0 12.591
0.053 0.001 0.054 0.01 0.000999999999999994 0.011 8.72 0.009 8.726 9.138 0 9.136 9.06 0 9.058
0.058 0 0.058 0.011 0 0.011 8.916 0.008 8.921 9.359 0 9.358 9.296 0 9.294
0.046 0 0.046 0.011 0 0.011 8.391 0.009 8.398 8.776 0 8.773 8.678 0 8.677
0.053 0 0.054 0.01 0.001 0.011 8.927 0.006 8.93 9.218 0.001 9.217 9.223 0 9.222
0.054 0 0.054 0.011 0 0.011 9.348 0.004 9.35 9.419 0 9.417 9.72 0 9.718
0.055 0.001 0.055 0.01 0.001 0.012 9.208 0.006 9.212 9.617 0.003 9.617 9.571 0 9.57
0.055 0 0.055 0.01 0.003 0.012 9.967 0.003 9.968 10.418 0 10.416 10.408 0 10.406
0.047 0 0.047 0.011 0 0.01 8.914 0.01 8.923 9.296 0 9.293 9.25 0 9.249
0.052 0.002 0.054 0.012 0 0.011 8.8 0.01 8.808 9.289 0 9.286 9.137 0 9.135
0.054 0 0.054 0.011 0 0.011 8.843 0.01 8.853 9.171 0 9.176 8.959 0 8.963
0.054 0.002 0.056 0.013 0 0.013 10.017 0.004 10.019 10.477 0 10.476 10.443 0 10.439
0.054 0 0.054 0.011 0 0.011 8.66 0.005 8.663 9.115 0 9.112 8.982 0 8.981
0.046 0 0.045 0.011 0 0.011 8.667 0.01 8.676 8.994 0.001 8.992 8.915 0 8.913
0.06 0 0.06 0.00900000000000001 0.003 0.012 10.129 0.009 10.135 10.605 0 10.603 10.18 0 10.177
0.058 0 0.058 0.011 0 0.011 8.78 0.015 8.793 9.206 0 9.204 9.144 0 9.142
0.053 0.000999999999999994 0.054 0.011 0.001 0.012 9.182 0.00700000000000001 9.186 9.581 0 9.578 9.465 0 9.464
0.053 0.000999999999999994 0.054 0.01 0.001 0.011 8.858 0.011 8.867 9.338 0 9.335 9.202 0 9.2
0.053 0.001 0.053 0.00800000000000001 0.003 0.011 8.866 0.008 8.872 9.277 0 9.276 9.221 0 9.22
0.053 0.001 0.053 0.011 0 0.011 8.754 0.005 8.756 9.18 0 9.178 9.12 0 9.119
0.046 0.001 0.047 0.00999999999999998 0 0.01 8.639 0.012 8.649 9.096 0 9.093 8.989 0 8.988
0.052 0.003 0.055 0.00900000000000001 0.003 0.011 9.457 0.011 9.466 9.895 0 9.893 9.748 0 9.746
0.053 0 0.053 0.011 0 0.011 9.019 0.009 9.024 9.401 0 9.4 9.402 0 9.4
0.072 0 0.071 0.016 0.001 0.017 13.806 0.006 13.828 14.523 0.001 14.541 14.326 0 14.344
0.046 0 0.047 0.01 0.001 0.011 8.696 0.011 8.705 9.137 0 9.133 9.024 0 9.024
0.053 0 0.054 0.011 0.001 0.011 9.351 0.007 9.356 9.518 0 9.515 9.76 0 9.759
0.046 0.001 0.048 0.011 0 0.011 9.209 0.007 9.213 9.629 0 9.626 9.582 0 9.581
0.048 0 0.049 0.012 0 0.011 9.202 0.014 9.214 9.667 0 9.665 9.573 0 9.571
0.047 0 0.046 0.00899999999999998 0.001 0.011 8.823 0.011 8.831 9.305 0 9.303 9.232 0 9.231
0.052 0.002 0.054 0.012 0 0.011 9.202 0.008 9.209 9.606 0 9.604 9.541 0 9.539
0.054 0 0.053 0.01 0.001 0.011 8.617 0.007 8.623 9.121 0 9.119 8.919 0 8.917
0.052 0.001 0.053 0.01 0.00199999999999999 0.012 8.848 0.011 8.857 9.223 0 9.221 9.173 0 9.172
0.054 0 0.053 0.011 0 0.012 8.935 0.003 8.936 9.248 0 9.245 9.205 0 9.204
0.046 0.001 0.047 0.011 0 0.011 8.683 0.008 8.689 8.927 0.001 8.926 8.821 0 8.82
0.05 0.001 0.051 0.011 0 0.011 8.71 0.013 8.72 9.146 0 9.143 9.066 0 9.065
0.053 0 0.053 0.01 0.001 0.011 8.832 0.007 8.836 9.261 0 9.26 9.196 0 9.194
0.046 0.001 0.046 0.00899999999999998 0.001 0.011 8.415 0.008 8.421 8.809 0 8.807 8.727 0 8.725
0.046 0 0.047 0.011 0 0.011 8.483 0.012 8.493 9.105 0 9.101 8.771 0 8.771
0.046 0 0.047 0.011 0 0.011 9.191 0.006 9.193 9.592 0 9.589 9.602 0 9.6
0.046 0.001 0.046 0.00799999999999998 0.002 0.011 8.619 0.012 8.629 9.102 0 9.1 9.005 0 9.003
0.046 0.002 0.048 0.012 0.001 0.013 10.111 0.004 10.112 10.539 0 10.538 10.464 0 10.461
0.053 0.001 0.054 0.01 0.001 0.011 8.839 0.005 8.842 9.274 0 9.271 9.177 0 9.175
0.055 0 0.054 0.00900000000000001 0.003 0.012 10.136 0.002 10.135 10.599 0 10.597 10.181 0 10.179
0.075 0.001 0.076 0.011 0.004 0.016 12.771 0.015 12.799 13.356 0 13.373 13.232 0 13.247
0.044 0.003 0.047 0.011 0 0.011 8.797 0.012 8.807 9.16 0 9.157 9.103 0 9.102
0.054 0.001 0.055 0.012 0.001 0.013 9.782 0.004 9.784 10.729 0.001 10.728 10.185 0 10.182
0.054 0 0.054 0.00800000000000001 0.003 0.012 9.374 0.005 9.376 9.447 0 9.445 9.766 0 9.765
