0.022 0 0.023 0.013 0.001 0.014 8.875 0.006 8.879 9.325 0 9.323 9.21 0 9.209
0.022 0.001 0.023 0.013 0 0.013 10.1 0.005 10.105 11.03 0 11.028 10.749 0 10.745
0.022 0 0.022 0.013 0.001 0.015 9.184 0.004 9.186 9.593 0.001 9.591 9.501 0 9.5
0.021 0.001 0.022 0.012 0.002 0.014 8.829 0.008 8.835 9.209 0 9.206 9.219 0 9.218
0.021 0.002 0.023 0.013 0 0.013 9.805 0.003 9.805 10.112 0 10.11 9.948 0 9.946
0.021 0 0.021 0.012 0.00199999999999999 0.014 8.654 0.009 8.661 9.015 0 9.012 9.056 0 9.055
0.023 0 0.022 0.012 0.003 0.015 9.286 0.009 9.292 9.64 0 9.638 9.569 0 9.568
0.024 0.001 0.025 0.014 0 0.014 10.629 0.008 10.635 11.043 0 11.041 10.659 0 10.656
0.024 0.001 0.027 0.013 0.001 0.014 10.323 0.007 10.327 10.982 0 10.98 10.666 0 10.664
0.018 0.003 0.021 0.012 0.002 0.014 8.5 0.007 8.505 8.927 0 8.925 8.81 0 8.808
0.02 0.001 0.021 0.011 0.003 0.014 8.653 0.007 8.659 9.092 0 9.089 9.018 0 9.017
0.023 0.002 0.024 0.013 0.000999999999999994 0.014 10.42 0.004 10.422 10.983 0 10.982 10.885 0 10.882
0.021 0.001 0.022 0.013 0.001 0.014 9.045 0.004 9.047 9.418 0 9.416 9.375 0 9.373
0.021 0 0.021 0.012 0.002 0.014 9.041 0.007 9.046 9.382 0.001 9.381 9.348 0 9.346
0.024 0 0.024 0.014 0 0.014 10.415 0.009 10.422 10.886 0 10.884 10.712 0 10.71
0.019 0.003 0.021 0.01 0.003 0.014 8.991 0.005 8.992 9.483 0 9.48 9.249 0 9.249
0.021 0.001 0.023 0.013 0 0.013 9.675 0.006 9.678 9.987 0 9.986 9.926 0 9.923
0.023 0 0.023 0.014 0.001 0.015 9.677 0.007 9.681 10.034 0 10.032 9.988 0 9.986
0.02 0.003 0.023 0.013 0 0.013 9.622 0.004 9.622 9.962 0 9.961 9.929 0 9.927
0.021 0.001 0.021 0.012 0.001 0.014 8.828 0.006 8.831 9.184 0 9.182 9.328 0 9.326
0.022 0 0.022 0.013 0 0.013 9.63 0.005 9.633 9.986 0 9.984 9.927 0 9.924
0.022 0.000999999999999997 0.023 0.012 0.002 0.015 9.586 0.009 9.592 9.94 0 9.939 9.924 0 9.921
0.022 0 0.022 0.013 0.001 0.014 8.684 0.009 8.691 8.878 0 8.876 8.785 0 8.783
0.021 0.001 0.023 0.014 0 0.014 9.28 0.009 9.286 9.701 0 9.699 9.648 0 9.645
0.023 0 0.022 0.00900000000000001 0.005 0.015 9.227 0.008 9.232 9.608 0 9.605 9.559 0 9.559
0.022 0 0.023 0.013 0.002 0.014 9.201 0.008 9.208 9.594 0 9.591 9.515 0.001 9.514
0.021 0 0.021 0.011 0.003 0.014 8.883 0.007 8.888 9.268 0.001 9.266 9.274 0 9.273
0.021 0 0.022 0.012 0.002 0.014 8.944 0.004 8.946 9.246 0 9.243 9.19 0 9.188
0.02 0.001 0.021 0.013 0.001 0.014 8.538 0.011 8.547 8.876 0.000999999999999994 8.875 8.807 0 8.806
0.022 0.001 0.022 0.013 0.001 0.015 9.015 0.007 9.019 9.296 0.001 9.295 9.231 0 9.23
0.023 0 0.023 0.011 0.003 0.014 9.013 0.007 9.017 9.467 0 9.465 9.443 0 9.441
0.021 0.001 0.022 0.014 0 0.015 8.92 0.01 8.926 9.35 0 9.348 9.274 0 9.273
0.022 0.001 0.022 0.011 0.001 0.013 9.526 0.004 9.527 10.923 0 10.921 10.881 0 10.878
0.024 0 0.024 0.013 0.001 0.014 10.457 0.005 10.459 10.862 0 10.86 9.764 0 9.762
0.022 0.001 0.023 0.013 0.00199999999999999 0.014 9.268 0.009 9.276 9.739 0 9.737 9.677 0 9.675
0.021 0 0.021 0.011 0.003 0.014 8.839 0.006 8.844 9.532 0.001 9.53 9.475 0 9.473
0.023 0.001 0.024 0.013 0.001 0.014 10.41 0.005 10.413 10.851 0 10.85 9.931 0 9.927
0.022 0.001 0.024 0.013 0 0.012 9.551 0.005 9.554 9.889 0 9.886 9.842 0 9.84
0.023 0 0.023 0.013 0 0.013 9.563 0.006 9.566 9.83 0 9.828 9.776 0 9.775
0.023 0.001 0.025 0.014 0 0.014 10.318 0.007 10.322 10.701 0 10.7 10.76 0 10.757
0.021 0 0.021 0.013 0.001 0.014 8.62 0.005 8.622 8.932 0 8.93 8.854 0 8.854
0.019 0.002 0.021 0.011 0.00199999999999999 0.014 8.854 0.011 8.861 9.197 0 9.195 9.176 0 9.175
0.021 0 0.021 0.011 0.003 0.014 8.703 0.008 8.708 9.012 0 9.01 8.891 0 8.89
0.021 0.002 0.023 0.012 0 0.013 9.46 0.00899999999999999 9.465 9.801 0 9.8 9.776 0 9.773
0.021 0.002 0.022 0.013 0.001 0.015 9.051 0.012 9.061 9.46 0.002 9.459 9.393 0 9.392
0.02 0.001 0.021 0.013 0.001 0.014 8.879 0.01 8.887 9.656 0 9.653 9.561 0 9.56
0.022 0 0.023 0.013 0.002 0.014 9.008 0.013 9.02 9.422 0.001 9.42 9.047 0 9.045
0.019 0.003 0.022 0.01 0.003 0.014 9.635 0.007 9.639 9.904 0.001 9.903 9.723 0 9.721
0.021 0 0.021 0.013 0.001 0.014 8.895 0.01 8.902 9.304 0 9.302 9.188 0 9.186
0.021 0.00199999999999999 0.023 0.013 0 0.012 9.468 0.00600000000000001 9.473 9.867 0 9.863 9.773 0 9.772
0.023 0 0.022 0.012 0.00199999999999999 0.015 9.505 0.008 9.51 9.862 0 9.859 9.83 0 9.829
0.022 0 0.021 0.012 0.002 0.014 8.537 0.009 8.543 8.9 0.00199999999999999 8.9 8.87 0 8.869
0.02 0 0.02 0.011 0.003 0.014 8.788 0.005 8.791 9.192 0 9.19 9.471 0 9.469
0.021 0.001 0.022 0.014 0.001 0.015 8.882 0.009 8.889 9.309 0 9.307 9.271 0 9.27
0.022 0.001 0.024 0.013 0 0.013 9.55 0.00899999999999999 9.556 9.868 0 9.866 9.78 0 9.779
0.022 0.00199999999999999 0.023 0.014 0 0.015 9.77 0.00700000000000001 9.775 9.843 0 9.841 9.77 0 9.766
0.022 0 0.023 0.014 0.001 0.015 9.651 0.009 9.657 9.974 0 9.973 9.955 0 9.952
0.02 0.001 0.022 0.011 0.003 0.014 9.16 0.005 9.162 9.612 0 9.61 9.527 0 9.525
0.023 0 0.023 0.012 0.003 0.014 9.549 0.012 9.559 9.988 0 9.986 9.788 0 9.786
0.021 0.001 0.023 0.011 0.004 0.015 9.554 0.006 9.558 9.912 0 9.91 9.886 0 9.884
0.02 0.00199999999999999 0.022 0.012 0.002 0.015 9.236 0.004 9.238 9.624 0 9.62 9.57 0 9.568
0.021 0.001 0.021 0.013 0.000999999999999994 0.015 9.2 0.005 9.201 9.51 0 9.508 9.458 0 9.457
0.022 0.001 0.022 0.013 0.001 0.015 9.501 0.01 9.509 9.945 0 9.943 9.927 0 9.925
0.024 0 0.024 0.014 0 0.014 10.432 0.008 10.437 10.921 0 10.919 10.563 0 10.559
0.022 0 0.022 0.012 0.002 0.015 9.153 0.01 9.16 9.589 0 9.588 9.517 0 9.514
0.023 0 0.023 0.012 0.002 0.014 9.563 0.009 9.569 9.978 0.001 9.978 9.93 0 9.927
0.021 0.000999999999999994 0.022 0.012 0.003 0.015 9.71 0.011 9.719 10.137 0 10.135 10.011 0 10.008
0.021 0.001 0.022 0.012 0.002 0.015 9.25 0.002 9.249 9.636 0 9.634 9.626 0 9.624
0.021 0.002 0.023 0.012 0.00199999999999999 0.015 9.119 0.013 9.129 9.572 0 9.571 9.52 0 9.518
0.021 0.001 0.022 0.012 0.00199999999999999 0.015 9.229 0.014 9.241 9.69 0 9.687 9.595 0 9.593
0.023 0 0.022 0.012 0.002 0.015 9.278 0.006 9.281 9.693 0 9.69 9.644 0 9.643
0.02 0.004 0.025 0.013 0.001 0.014 10.408 0.008 10.412 10.69 0 10.69 10.761 0 10.757
0.02 0.001 0.021 0.012 0.002 0.014 8.484 0.009 8.49 9.419 0 9.417 9.401 0 9.399
0.022 0 0.022 0.013 0.000999999999999994 0.014 9.495 0.014 9.507 9.736 0 9.733 9.108 0 9.107
0.023 0 0.023 0.014 0.001 0.014 9.21 0.009 9.218 9.603 0 9.599 9.596 0 9.595
0.021 0 0.022 0.012 0.002 0.014 8.77 0.019 8.787 9.434 0 9.43 9.371 0 9.371
0.022 0 0.022 0.011 0.003 0.015 9.574 0.01 9.583 9.993 0 9.991 9.44 0 9.437
0.023 0 0.023 0.013 0.002 0.015 9.58 0.007 9.585 10.012 0 10.011 9.878 0 9.875
0.019 0.002 0.021 0.013 0.000999999999999994 0.014 8.616 0.00600000000000001 8.62 9.007 0 9.005 8.916 0 8.915
0.021 0 0.021 0.013 0.001 0.014 8.903 0.005 8.906 9.188 0 9.186 9.126 0 9.124
0.021 0 0.022 0.014 0 0.014 9.262 0.00600000000000001 9.266 9.694 0 9.691 9.573 0 9.572
0.019 0.002 0.021 0.011 0.003 0.014 8.551 0.00700000000000001 8.556 8.94 0 8.938 8.861 0 8.859
0.02 0.000999999999999994 0.021 0.013 0.001 0.013 8.548 0.01 8.556 8.928 0 8.926 8.834 0 8.832
0.022 0 0.023 0.015 0 0.014 9.01 0.009 9.018 9.424 0 9.42 9.361 0 9.361
0.021 0 0.023 0.011 0.003 0.014 8.886 0.005 8.889 9.25 0 9.248 9.176 0 9.174
0.021 0.001 0.022 0.014 0 0.014 9.058 0.005 9.061 9.479 0 9.477 9.391 0 9.389
0.019 0.00199999999999999 0.021 0.012 0.002 0.014 8.637 0.003 8.637 9.11 0 9.108 8.91 0 8.909
0.021 0.001 0.021 0.014 0 0.014 8.858 0.01 8.865 9.222 0 9.22 9.231 0 9.231
0.02 0.001 0.021 0.014 0 0.014 8.585 0.009 8.591 8.972 0 8.97 8.844 0 8.844
0.022 0 0.022 0.011 0.003 0.014 8.68 0.011 8.689 9.064 0 9.061 9.001 0 9
0.023 0 0.024 0.013 0 0.013 9.749 0.004 9.75 10.202 0 10.2 10.117 0 10.114
0.022 0 0.022 0.012 0.002 0.014 8.635 0.011 8.644 9.033 0 9.031 8.961 0 8.96
0.019 0.002 0.021 0.013 0.001 0.014 8.694 0.008 8.7 9.086 0 9.084 8.993 0 8.991
0.022 0.001 0.023 0.013 0 0.012 9.649 0.011 9.659 10.033 0 10.031 10.001 0.001 9.998
0.023 0 0.023 0.012 0.001 0.013 9.653 0.007 9.659 10.059 0 10.056 10.035 0 10.032
0.021 0 0.021 0.013 0.001 0.014 8.627 0.004 8.629 9.021 0 9.019 8.99 0 8.988
0.021 0.001 0.021 0.012 0.00199999999999999 0.014 9.515 0.006 9.52 9.967 0 9.966 9.645 0 9.642
0.022 0 0.022 0.011 0.003 0.014 8.823 0.00899999999999999 8.831 9.218 0 9.216 9.194 0 9.191
0.021 0 0.021 0.013 0.001 0.014 8.971 0.007 8.977 9.324 0 9.32 9.358 0 9.357
0.022 0 0.023 0.014 0.001 0.014 9.174 0.01 9.182 9.642 0 9.639 9.618 0 9.618
0.019 0.003 0.022 0.013 0.000999999999999994 0.014 8.973 0.01 8.981 9.242 0 9.241 9.136 0 9.134
0.021 0.001 0.022 0.013 0.002 0.014 9.546 0.008 9.553 10.008 0.001 10.006 9.93 0.001 9.929
0.018 0.005 0.023 0.013 0 0.013 9.703 0.01 9.711 10.074 0 10.072 9.993 0 9.99
0.022 0 0.021 0.014 0 0.015 8.974 0.01 8.981 9.312 0 9.31 9.189 0 9.187
0.022 0 0.022 0.014 0 0.015 9.567 0.009 9.573 10.03 0.001 10.03 9.809 0 9.806
0.022 0 0.022 0.013 0.001 0.014 9.209 0.01 9.216 9.636 0 9.634 9.563 0 9.561
0.021 0.00199999999999999 0.023 0.013 0.001 0.014 9.318 0.007 9.323 9.58 0 9.578 9.512 0 9.51
0.023 0 0.023 0.013 0.001 0.014 9.099 0.01 9.112 9.203 0.001 9.207 9.467 0.002 9.473
0.023 0 0.023 0.012 0.001 0.013 9.646 0.00899999999999999 9.652 9.984 0 9.982 9.904 0 9.902
0.021 0 0.022 0.014 0.001 0.014 9.66 0.003 9.66 9.974 0 9.972 9.814 0 9.813
0.022 0 0.022 0.012 0.00199999999999999 0.014 9.166 0.009 9.173 9.549 0 9.547 9.493 0 9.491
0.022 0.002 0.024 0.014 0 0.014 10.53 0.007 10.535 10.808 0 10.807 10.967 0 10.964
0.023 0.001 0.024 0.013 0.001 0.014 10.348 0.006 10.35 10.309 0 10.308 10.89 0 10.887
0.021 0.001 0.021 0.012 0.001 0.014 8.536 0.005 8.539 8.905 0.001 8.904 8.836 0 8.833
0.022 0 0.022 0.013 0.001 0.014 9.198 0.004 9.199 9.51 0.001 9.509 9.489 0 9.487
0.021 0.001 0.022 0.013 0.001 0.014 9.45 0.01 9.458 9.931 0 9.928 9.827 0 9.825
0.022 0 0.023 0.012 0.00199999999999999 0.014 8.814 0.00700000000000001 8.819 9.423 0 9.419 9.342 0 9.341
0.021 0.00199999999999999 0.023 0.012 0 0.013 9.593 0.008 9.598 10.003 0 10.001 9.886 0 9.883
0.019 0.003 0.022 0.012 0.002 0.014 9.598 0.006 9.602 10.054 0 10.052 9.93 0 9.927
0.022 0 0.021 0.014 0.001 0.015 9.161 0.012 9.171 9.616 0.000999999999999994 9.614 9.562 0 9.561
0.022 0.002 0.025 0.012 0.002 0.014 10.537 0.006 10.541 11.016 0 11.013 10.731 0 10.729
0.021 0.001 0.022 0.014 0 0.014 8.839 0.005 8.841 9.188 0 9.186 9.116 0 9.115
0.022 0.002 0.023 0.013 0 0.014 10.464 0.009 10.47 10.921 0 10.919 10.555 0 10.552
0.021 0.001 0.022 0.014 0.001 0.014 9.197 0.011 9.206 9.589 0 9.587 9.547 0 9.545
0.023 0.001 0.024 0.014 0 0.014 10.317 0.005 10.32 11.027 0 11.025 10.922 0 10.919
0.022 0 0.022 0.012 0.00199999999999999 0.014 8.649 0.003 8.65 9.041 0 9.038 8.939 0 8.938
0.021 0.001 0.023 0.012 0.00199999999999999 0.014 9.555 0.009 9.561 9.996 0 9.995 9.835 0 9.832
0.02 0.000999999999999994 0.021 0.013 0.002 0.014 9.169 0.009 9.177 9.585 0 9.582 9.531 0 9.53
0.021 0.001 0.023 0.013 0.002 0.014 9.38 0.007 9.385 10.026 0 10.024 10.027 0 10.026
0.02 0.001 0.021 0.014 0 0.014 8.698 0.006 8.702 9.049 0 9.046 8.961 0 8.96
0.022 0.00199999999999999 0.023 0.014 0 0.014 10.461 0.004 10.462 10.868 0 10.866 10.626 0 10.623
0.022 0 0.022 0.013 0.001 0.015 9.558 0.013 9.568 9.941 0 9.94 9.917 0 9.913
0.025 0 0.024 0.014 0 0.014 10.296 0.007 10.3 10.726 0 10.725 10.922 0 10.919
0.02 0.00199999999999999 0.022 0.012 0.002 0.014 8.843 0.01 8.851 9.953 0 9.95 9.969 0 9.968
0.021 0.001 0.023 0.014 0.001 0.014 9.638 0.006 9.642 9.868 0 9.866 9.124 0 9.122
0.021 0.001 0.022 0.012 0.002 0.014 9.56 0.012 9.57 9.877 0 9.874 9.806 0 9.804
0.022 0.000999999999999994 0.023 0.012 0.002 0.014 9.625 0.005 9.627 10.056 0 10.054 9.942 0 9.94
0.022 0 0.023 0.014 0.001 0.014 9.435 0.013 9.446 9.722 0 9.719 9.962 0 9.962
0.021 0 0.021 0.011 0.003 0.014 8.868 0.005 8.871 9.23 0 9.227 9.134 0 9.133
0.022 0 0.022 0.012 0.00199999999999999 0.014 9.063 0.009 9.07 9.497 0 9.494 9.433 0 9.432
0.021 0.001 0.022 0.013 0.001 0.014 8.933 0.008 8.939 9.384 0 9.381 9.317 0 9.315
0.021 0 0.021 0.014 0 0.013 8.478 0.00799999999999999 8.484 8.91 0 8.908 8.819 0 8.817
0.022 0 0.021 0.012 0.002 0.014 9.117 0.01 9.126 9.443 0 9.44 9.333 0 9.332
0.02 0.001 0.021 0.013 0.001 0.014 8.893 0.006 8.897 9.191 0 9.189 9.117 0 9.115
0.02 0.002 0.023 0.014 0.001 0.014 9.445 0.005 9.448 9.862 0 9.86 10.029 0 10.027
0.018 0.003 0.021 0.012 0.002 0.014 8.639 0.007 8.644 9.555 0 9.552 9.564 0 9.563
0.021 0.001 0.022 0.014 0.001 0.015 9.017 0.009 9.024 9.434 0 9.431 8.85 0 8.849
0.02 0.001 0.021 0.013 0.001 0.013 8.436 0.011 8.446 8.807 0 8.805 8.752 0 8.75
0.021 0.001 0.022 0.013 0.001 0.014 8.63 0.006 8.634 8.955 0 8.952 8.884 0 8.883
0.022 0 0.022 0.012 0.002 0.014 8.93 0.009 8.938 9.274 0 9.27 9.177 0 9.177
0.021 0.001 0.022 0.012 0.001 0.014 8.406 0.00799999999999999 8.411 9.301 0 9.298 9.239 0 9.238
0.024 0 0.025 0.014 0 0.014 10.45 0.006 10.453 10.537 0 10.534 9.894 0 9.893
0.022 0.00199999999999999 0.024 0.013 0 0.013 10.447 0.007 10.451 10.896 0.001 10.894 10.646 0 10.644
0.022 0 0.022 0.012 0.00199999999999999 0.014 9.597 0.00700000000000001 9.602 9.996 0 9.994 9.94 0 9.937
0.021 0.001 0.022 0.014 0.001 0.014 9.148 0.009 9.156 9.697 0 9.695 9.502 0 9.5
0.02 0.001 0.021 0.011 0.003 0.014 8.789 0.011 8.798 9.909 0 9.906 9.899 0 9.897
0.022 0 0.022 0.012 0.002 0.015 9.526 0.012 9.536 9.942 0 9.94 9.13 0 9.127
0.02 0.001 0.022 0.014 0.001 0.015 9.087 0.014 9.098 9.396 0 9.394 9.328 0 9.327
0.022 0 0.022 0.014 0 0.014 8.88 0.00600000000000001 8.885 9.326 0 9.323 9.217 0 9.216
0.022 0 0.023 0.012 0.00199999999999999 0.014 9.292 0.009 9.299 9.509 0 9.506 9.505 0 9.504
0.02 0.001 0.021 0.011 0.003 0.014 8.83 0.011 8.838 9.961 0 9.959 9.96 0 9.958
0.022 0 0.023 0.015 0 0.014 9.57 0.01 9.578 9.845 0 9.843 9.161 0 9.159
0.02 0.002 0.022 0.012 0.00199999999999999 0.014 9.172 0.016 9.185 9.59 0 9.587 9.509 0 9.507
0.02 0.002 0.022 0.012 0.002 0.014 8.91 0.00799999999999999 8.915 9.338 0 9.335 9.285 0 9.285
0.021 0.002 0.022 0.012 0.002 0.015 9.161 0.008 9.166 9.583 0 9.582 9.619 0 9.618
0.021 0.000999999999999994 0.022 0.015 0 0.015 9.055 0.012 9.065 9.506 0 9.502 9.459 0 9.457
0.02 0.002 0.022 0.011 0.004 0.014 9.54 0.008 9.545 9.86 0 9.859 9.766 0 9.763
0.021 0 0.022 0.014 0 0.014 8.821 0.00600000000000001 8.825 9.207 0.001 9.205 9.128 0 9.128
0.02 0.001 0.022 0.013 0.001 0.014 8.843 0.007 8.847 9.313 0 9.312 9.16 0 9.157
0.021 0.001 0.022 0.013 0.001 0.014 8.612 0.012 8.625 9.045 0.009 9.064 8.934 0.003 8.941
0.02 0.000999999999999994 0.022 0.012 0.002 0.014 8.876 0.01 8.883 9.263 0 9.261 9.217 0 9.215
0.021 0 0.022 0.014 0 0.014 8.79 0.008 8.796 9.195 0.001 9.193 9.075 0 9.073
0.019 0.003 0.021 0.011 0.003 0.014 8.825 0.007 8.831 9.207 0 9.203 9.104 0 9.103
0.021 0.001 0.021 0.01 0.003 0.014 8.798 0.01 8.805 9.194 0 9.192 9.134 0 9.132
0.02 0.001 0.022 0.013 0.001 0.014 8.799 0.006 8.802 9.19 0 9.188 9.119 0 9.117
0.021 0.002 0.023 0.013 0 0.013 9.68 0.00600000000000001 9.684 10.063 0 10.061 10.011 0 10.009
0.021 0 0.021 0.00900000000000001 0.005 0.014 8.725 0.01 8.733 9.176 0 9.173 9.03 0 9.03
0.021 0.001 0.021 0.011 0.003 0.014 9.025 0.009 9.032 9.453 0 9.45 9.354 0 9.353
0.02 0.001 0.021 0.013 0.002 0.015 9.212 0.009 9.218 9.61 0 9.608 9.56 0 9.558
0.021 0 0.021 0.012 0.002 0.014 9.03 0.008 9.037 9.387 0 9.385 9.307 0 9.304
0.022 0 0.022 0.013 0.001 0.015 9.26 0.006 9.263 9.621 0 9.619 9.572 0 9.571
0.02 0.003 0.023 0.012 0 0.012 10.011 0.01 10.018 10.947 0 10.945 10.924 0 10.921
0.021 0 0.021 0.00800000000000001 0.006 0.014 9.023 0.009 9.03 9.485 0 9.482 9.37 0 9.368
0.024 0 0.024 0.014 0 0.014 10.474 0.003 10.474 10.972 0 10.971 10.407 0 10.404
0.023 0 0.022 0.013 0.002 0.015 9.261 0.01 9.274 9.63 0.006 9.643 9.515 0.002 9.522
0.021 0 0.021 0.013 0.001 0.014 8.767 0.00600000000000001 8.772 9.172 0 9.169 9.075 0 9.073
0.021 0.000999999999999994 0.022 0.014 0.001 0.015 9.06 0.004 9.062 9.497 0.001 9.495 9.434 0 9.434
0.021 0.002 0.023 0.012 0 0.013 10.05 0.003 10.049 10.943 0 10.942 10.907 0 10.904
0.021 0 0.021 0.011 0.003 0.014 8.898 0.005 8.901 9.273 0.001 9.271 9.216 0 9.215
0.02 0.003 0.022 0.014 0 0.015 9.017 0.00799999999999999 9.022 9.443 0 9.441 9.356 0 9.354
0.02 0.001 0.021 0.013 0.000999999999999994 0.014 8.742 0.007 8.747 9.053 0 9.05 8.988 0 8.987
0.02 0.001 0.021 0.015 0 0.015 9.16 0.008 9.166 9.598 0 9.595 9.464 0 9.463
0.02 0.002 0.022 0.013 0.00199999999999999 0.014 8.889 0.00600000000000001 8.892 9.335 0 9.334 9.208 0 9.206
0.018 0.003 0.022 0.013 0.001 0.014 9.069 0.005 9.071 9.437 0.000999999999999994 9.436 9.364 0 9.362
0.021 0.001 0.022 0.013 0.000999999999999994 0.014 8.899 0.007 8.905 9.353 0 9.35 9.268 0 9.267
0.022 0.001 0.023 0.012 0.002 0.014 9.559 0.008 9.565 9.931 0 9.929 9.831 0 9.828
0.02 0.001 0.021 0.012 0.002 0.014 8.918 0.01 8.926 9.341 0 9.337 9.233 0 9.232
0.02 0.002 0.022 0.015 0 0.014 9.181 0.009 9.188 9.613 0 9.61 9.496 0 9.495
0.022 0 0.022 0.014 0 0.014 8.947 0.012 8.958 9.386 0.001 9.383 9.369 0 9.368
0.018 0.00199999999999999 0.021 0.011 0.003 0.014 8.663 0.005 8.664 9.029 0 9.027 8.922 0 8.922
0.022 0 0.022 0.013 0.001 0.015 9.192 0.01 9.2 9.6 0 9.597 9.547 0 9.546
0.021 0.001 0.022 0.013 0.001 0.015 9.553 0.009 9.56 10.015 0 10.013 9.873 0 9.869
0.022 0.001 0.023 0.011 0.000999999999999994 0.013 9.562 0.00600000000000001 9.565 9.996 0 9.995 9.892 0 9.888
0.022 0 0.022 0.01 0.004 0.014 9.195 0.01 9.202 9.628 0 9.626 9.507 0 9.505
0.022 0 0.022 0.014 0 0.014 8.975 0.007 8.98 9.455 0 9.452 9.401 0 9.399
0.021 0 0.021 0.013 0.000999999999999994 0.014 8.636 0.00600000000000001 8.64 9.351 0.000999999999999994 9.349 9.272 0 9.271
0.022 0 0.022 0.015 0 0.015 9.244 0.01 9.252 9.629 0 9.627 9.15 0 9.149
0.02 0.001 0.021 0.013 0.001 0.014 8.842 0.01 8.849 9.16 0 9.159 9.098 0 9.096
0.022 0 0.022 0.01 0.003 0.014 8.843 0.009 8.849 9.212 0.001 9.21 9.136 0 9.135
0.021 0 0.022 0.013 0.00199999999999999 0.015 9.491 0.01 9.498 9.912 0.001 9.91 9.766 0 9.764
0.021 0.001 0.022 0.014 0.002 0.014 9.018 0.00799999999999999 9.025 9.341 0 9.339 9.235 0 9.233
0.02 0.001 0.021 0.012 0.002 0.014 8.842 0.006 8.846 9.222 0.001 9.22 9.149 0 9.148
0.021 0 0.021 0.014 0 0.014 8.583 0.009 8.59 8.913 0 8.911 8.847 0 8.846
0.023 0 0.023 0.014 0.001 0.014 9.037 0.005 9.041 9.468 0 9.464 9.408 0 9.407
0.022 0 0.022 0.014 0 0.014 8.931 0.00899999999999999 8.939 9.27 0.002 9.27 9.152 0 9.149
0.02 0.001 0.021 0.013 0.001 0.014 8.822 0.011 8.832 9.196 0 9.193 9.11 0 9.109
0.02 0.00199999999999999 0.021 0.012 0.002 0.014 8.875 0.013 8.887 9.194 0 9.191 9.134 0 9.133
0.021 0 0.021 0.012 0.002 0.014 8.844 0.015 8.86 9.951 0.005 9.957 9.931 0 9.928
0.022 0 0.022 0.015 0 0.015 8.852 0.013 8.863 9.325 0 9.323 8.742 0 8.739
0.022 0 0.022 0.013 0.001 0.014 9.545 0.005 9.547 9.985 0 9.983 9.908 0 9.906
0.023 0 0.024 0.014 0 0.014 10.505 0.015 10.516 10.964 0 10.963 10.614 0 10.61
0.021 0.00199999999999999 0.023 0.012 0 0.013 9.42 0.006 9.424 10.85 0.001 10.848 10.794 0 10.791
0.022 0 0.022 0.012 0.002 0.014 9.311 0.009 9.318 9.74 0 9.737 9.151 0 9.15
0.022 0 0.022 0.014 0.000999999999999994 0.014 9.032 0.008 9.038 9.456 0 9.454 9.408 0 9.406
0.02 0.00199999999999999 0.022 0.014 0 0.014 9.105 0.00800000000000001 9.11 9.517 0 9.515 9.452 0 9.45
0.021 0 0.021 0.013 0.001 0.014 8.853 0.006 8.856 9.936 0.001 9.936 9.916 0 9.914
0.022 0 0.022 0.013 0.002 0.014 9.582 0.007 9.587 9.923 0 9.921 9.184 0 9.182
0.021 0.001 0.022 0.013 0.001 0.014 9.155 0.006 9.16 9.578 0 9.574 9.513 0 9.512
0.022 0 0.022 0.014 0.001 0.014 8.909 0.004 8.911 9.349 0 9.346 9.273 0 9.273
0.02 0.001 0.021 0.014 0 0.014 8.801 0.00899999999999999 8.809 9.94 0 9.936 9.936 0 9.935
0.022 0 0.023 0.013 0.00199999999999999 0.014 9.573 0.01 9.581 9.923 0 9.921 9.17 0 9.168
0.021 0.001 0.022 0.013 0.00199999999999999 0.014 9.564 0.011 9.574 9.984 0 9.982 9.887 0 9.884
0.021 0.001 0.021 0.01 0.005 0.015 8.899 0.01 8.906 9.369 0 9.367 9.281 0 9.281
0.022 0 0.022 0.012 0.001 0.014 8.834 0.00600000000000001 8.838 9.15 0 9.148 9.078 0 9.077
0.02 0.001 0.029 0.014 0.001 0.014 9.142 0.013 9.176 9.179 0.071 9.261 9.132 0.026 9.166
0.02 0.001 0.021 0.01 0.004 0.014 8.71 0.009 8.717 9.089 0 9.087 9.033 0 9.031
0.022 0 0.023 0.012 0.002 0.014 9.29 0.008 9.295 9.624 0.001 9.624 9.538 0 9.536
0.022 0 0.022 0.014 0.000999999999999994 0.014 9.238 0.004 9.241 9.683 0 9.679 9.588 0 9.588
0.021 0.001 0.022 0.012 0.002 0.014 8.984 0.019 9.006 9.328 0.00699999999999999 9.345 9.247 0.00600000000000001 9.26
0.021 0.00199999999999999 0.022 0.013 0.001 0.014 9.617 0.003 9.618 10.017 0.001 10.017 9.993 0 9.99
0.022 0.002 0.024 0.013 0.001 0.014 10.443 0.005 10.445 10.918 0 10.916 10.65 0 10.646
0.022 0 0.021 0.014 0 0.014 9.253 0.005 9.257 9.887 0 9.884 9.826 0 9.823
0.02 0.000999999999999994 0.021 0.012 0.002 0.014 8.643 0.01 8.651 9.101 0.001 9.099 8.965 0 8.97
0.022 0 0.022 0.011 0.003 0.014 8.926 0.011 8.935 9.381 0 9.379 9.086 0 9.085
0.021 0 0.021 0.013 0.001 0.014 8.914 0.012 8.923 9.252 0 9.25 9.153 0 9.152
0.021 0.001 0.022 0.013 0.001 0.014 9.168 0.002 9.168 9.587 0 9.584 9.527 0 9.525
0.022 0.001 0.024 0.014 0 0.013 10.383 0.009 10.39 10.854 0 10.853 10.476 0 10.472
0.021 0 0.021 0.011 0.003 0.014 8.56 0.011 8.569 8.951 0 8.948 8.867 0 8.866
0.022 0 0.022 0.011 0.003 0.015 9.254 0.008 9.26 9.658 0.001 9.655 9.609 0 9.609
0.022 0 0.022 0.012 0.002 0.015 9.134 0.00899999999999999 9.14 9.562 0 9.56 9.475 0 9.472
0.022 0 0.021 0.012 0.000999999999999994 0.014 8.583 0.01 8.591 8.945 0 8.943 8.895 0 8.892
0.02 0.001 0.021 0.012 0.002 0.014 8.836 0.005 8.839 9.236 0 9.235 9.131 0 9.129
0.021 0.001 0.022 0.012 0.002 0.014 9.049 0.003 9.05 9.469 0 9.465 9.415 0 9.415
0.02 0.002 0.022 0.015 0 0.014 9.115 0.005 9.117 9.549 0 9.547 9.489 0 9.487
0.021 0 0.021 0.013 0.001 0.015 8.534 0.01 8.542 8.928 0 8.925 8.793 0 8.791
0.023 0 0.023 0.013 0 0.013 9.563 0.006 9.566 10.935 0 10.933 10.884 0 10.881
0.022 0 0.022 0.012 0.00199999999999999 0.014 9.071 0.00600000000000001 9.075 9.512 0 9.508 9.085 0 9.085
0.021 0.00199999999999999 0.024 0.014 0 0.014 10.51 0.008 10.514 10.968 0.001 10.968 10.56 0 10.557
0.02 0.002 0.022 0.012 0.003 0.015 9.168 0.004 9.169 9.593 0.002 9.593 9.532 0 9.53
0.02 0.00199999999999999 0.025 0.013 0.002 0.016 9.527 0.017 9.543 9.943 0.005 9.949 9.765 0.011 9.777
0.021 0.000999999999999994 0.025 0.014 0.001 0.015 9.034 0.012 9.044 9.48 0.001 9.479 9.392 0 9.39
0.02 0.002 0.025 0.012 0.002 0.015 9.043 0.013 9.053 9.478 0 9.476 9.414 0 9.412
0.022 0 0.025 0.012 0.003 0.015 9.598 0.01 9.606 10.025 0 10.023 9.875 0 9.872
0.022 0.002 0.041 0.014 0 0.014 10.396 0.039 10.436 10.816 0.003 10.819 10.393 0.004 10.398
0.02 0.000999999999999994 0.04 0.013 0.001 0.015 9.02 0.005 9.022 9.449 0 9.447 9.388 0 9.388
0.021 0.001 0.022 0.012 0.002 0.014 9.538 0.006 9.541 10.028 0 10.027 9.948 0 9.946
0.023 0.002 0.03 0.014 0 0.014 10.422 0.007 10.427 10.861 0 10.859 10.59 0 10.587
0.019 0.002 0.021 0.014 0 0.014 8.803 0.015 8.815 9.21 0 9.208 9.097 0 9.096
0.023 0 0.023 0.013 0 0.013 10.047 0.006 10.051 10.927 0 10.924 10.875 0 10.873
0.023 0 0.022 0.01 0.004 0.015 9.522 0.004 9.524 9.958 0 9.955 9.729 0 9.728
0.021 0 0.021 0.013 0.001 0.013 8.766 0.006 8.77 9.153 0 9.151 9.36 0 9.359
0.021 0.001 0.023 0.013 0.002 0.014 9.035 0.009 9.044 9.462 0.004 9.467 9.456 0 9.455
0.022 0 0.022 0.013 0.00199999999999999 0.014 9.004 0.008 9.011 9.455 0 9.452 9.419 0 9.418
0.021 0.001 0.022 0.014 0.001 0.015 9.053 0.009 9.06 9.502 0 9.499 9.439 0 9.438
0.021 0.003 0.024 0.014 0 0.014 10.464 0.006 10.466 10.919 0 10.917 10.464 0 10.461
0.022 0 0.022 0.013 0.001 0.014 9.174 0.00799999999999999 9.18 9.579 0 9.577 9.561 0 9.559
0.022 0.001 0.022 0.012 0.002 0.015 9.207 0.007 9.212 9.613 0 9.61 9.557 0 9.555
0.021 0.00199999999999999 0.022 0.012 0.002 0.015 9.604 0.005 9.606 10.04 0 10.038 9.861 0 9.858
0.021 0.001 0.022 0.012 0.00199999999999999 0.014 9.044 0.00800000000000001 9.049 9.456 0 9.454 9.418 0 9.417
0.022 0.001 0.024 0.014 0 0.013 9.71 0.005 9.713 9.878 0 9.876 9.81 0 9.808
0.022 0.001 0.023 0.013 0 0.012 9.506 0.005 9.51 9.903 0.001 9.9 9.815 0 9.813
0.02 0.001 0.021 0.014 0 0.014 8.826 0.009 8.833 9.131 0 9.129 9.037 0 9.036
0.019 0.002 0.021 0.011 0.003 0.014 8.771 0.00600000000000001 8.775 9.177 0 9.175 9.152 0 9.151
0.022 0.000999999999999994 0.023 0.013 0.001 0.014 9.243 0.011 9.252 9.63 0 9.627 9.569 0 9.568
0.022 0 0.022 0.013 0.001 0.015 9.485 0.008 9.49 9.92 0 9.917 9.796 0 9.795
0.022 0.001 0.023 0.013 0 0.013 10.077 0.005 10.08 10.871 0 10.869 10.802 0 10.799
0.021 0.001 0.022 0.013 0.001 0.014 9.213 0.007 9.218 9.61 0 9.607 9.419 0 9.418
0.02 0.002 0.023 0.016 0 0.014 9.339 0.009 9.346 9.753 0 9.75 9.689 0 9.688
0.022 0.000999999999999994 0.023 0.012 0.002 0.014 9.289 0.004 9.291 9.693 0.002 9.692 9.645 0 9.644
0.022 0 0.022 0.011 0.003 0.015 9.223 0.009 9.229 9.671 0 9.668 9.599 0 9.599
0.022 0.000999999999999994 0.024 0.014 0 0.014 10.485 0.005 10.486 10.882 0 10.88 10.477 0 10.475
0.021 0.003 0.024 0.013 0 0.014 10.464 0.005 10.466 10.906 0 10.903 10.609 0 10.607
0.022 0 0.022 0.013 0.00199999999999999 0.015 9.538 0.003 9.538 9.958 0 9.958 9.929 0 9.925
0.02 0.001 0.022 0.013 0.001 0.014 8.899 0.007 8.904 9.199 0 9.197 9.134 0 9.132
0.022 0 0.023 0.013 0.001 0.014 9.277 0.00899999999999999 9.284 9.683 0 9.68 9.578 0 9.577
0.021 0.001 0.022 0.014 0 0.014 9.202 0.007 9.206 9.463 0 9.461 9.407 0 9.405
0.021 0.001 0.022 0.012 0.001 0.013 9.454 0.008 9.46 9.828 0 9.825 9.768 0 9.766
0.023 0 0.023 0.013 0.001 0.014 9.295 0.007 9.3 9.672 0 9.669 9.608 0 9.607
0.022 0 0.022 0.013 0.001 0.014 9.638 0.009 9.645 10.056 0 10.054 9.878 0 9.875
0.022 0 0.022 0.013 0.002 0.015 9.662 0.006 9.665 10.006 0 10.004 9.845 0 9.843
0.022 0 0.023 0.011 0.003 0.014 8.934 0.004 8.935 9.387 0 9.385 9.303 0 9.302
0.021 0.001 0.022 0.012 0.003 0.015 9.633 0.005 9.636 10.004 0.001 10.003 9.869 0 9.867
0.022 0 0.022 0.01 0.005 0.014 9.212 0.01 9.219 9.597 0 9.595 9.562 0 9.56
0.022 0 0.023 0.015 0 0.014 9.519 0.011 9.529 9.963 0 9.96 9.901 0 9.899
0.021 0.002 0.022 0.012 0.003 0.014 9.598 0.009 9.605 9.978 0 9.977 9.966 0 9.963
0.021 0 0.021 0.012 0.00199999999999999 0.014 8.587 0.005 8.59 8.939 0 8.936 8.876 0 8.875
0.021 0 0.021 0.011 0.003 0.014 8.625 0.007 8.63 9.623 0 9.62 9.564 0 9.562
0.021 0.001 0.022 0.013 0.001 0.014 8.991 0.007 8.996 9.39 0 9.388 8.801 0 8.799
0.022 0 0.022 0.013 0.000999999999999994 0.014 9.5 0.007 9.505 9.936 0 9.932 9.776 0 9.774
0.022 0 0.022 0.011 0.003 0.014 9.033 0.009 9.039 9.452 0 9.45 9.404 0 9.402
0.021 0.000999999999999997 0.022 0.014 0.001 0.014 9.233 0.01 9.242 9.661 0 9.657 9.593 0 9.592
0.022 0 0.022 0.013 0.001 0.015 9.56 0.006 9.564 10.026 0.004 10.028 9.889 0 9.886
0.022 0 0.023 0.012 0.00199999999999999 0.014 9.58 0.006 9.584 10.009 0 10.007 9.835 0 9.831
0.022 0 0.023 0.014 0.001 0.014 9.185 0.006 9.19 9.632 0 9.629 9.564 0 9.562
0.022 0 0.022 0.013 0.001 0.015 9.105 0.00899999999999999 9.111 9.537 0 9.535 9.461 0 9.459
0.021 0.001 0.022 0.014 0 0.015 8.992 0.006 8.995 9.39 0 9.388 9.373 0 9.37
0.02 0.002 0.023 0.012 0.002 0.014 9.23 0.007 9.233 9.564 0 9.563 9.457 0 9.455
0.021 0.001 0.022 0.013 0.001 0.014 8.943 0.011 8.952 9.348 0 9.346 9.293 0 9.291
0.019 0.00199999999999999 0.021 0.014 0 0.014 8.654 0.007 8.659 9.624 0 9.621 9.642 0 9.641
0.021 0.001 0.022 0.013 0.001 0.014 9.201 0.005 9.203 9.538 0 9.535 8.867 0 8.866
0.022 0 0.022 0.012 0.003 0.015 9.563 0.006 9.567 9.949 0 9.946 9.812 0 9.81
0.02 0.002 0.022 0.015 0 0.015 9.046 0.005 9.048 9.447 0 9.445 9.39 0 9.389
0.019 0.002 0.022 0.011 0.003 0.014 9.279 0.004 9.28 10.043 0 10.04 10.003 0 10.002
0.02 0.001 0.022 0.015 0 0.014 9.049 0.013 9.059 9.353 0 9.352 9.104 0 9.102
0.021 0.000999999999999994 0.022 0.011 0.003 0.014 8.931 0.007 8.936 9.367 0 9.364 9.284 0 9.283
0.022 0 0.022 0.014 0.001 0.015 9.036 0.008 9.042 9.457 0 9.455 9.391 0 9.389
0.021 0 0.021 0.012 0.002 0.013 8.888 0.008 8.894 9.631 0 9.628 9.552 0 9.551
0.022 0 0.022 0.011 0.003 0.014 9.181 0.006 9.184 9.608 0 9.606 9.176 0 9.175
0.021 0.001 0.022 0.013 0.001 0.015 9.177 0.007 9.182 9.574 0 9.572 9.51 0 9.507
0.019 0.003 0.022 0.012 0.003 0.014 9.077 0.00700000000000001 9.083 9.512 0 9.509 9.44 0 9.438
0.021 0.002 0.022 0.012 0.00199999999999999 0.015 9.631 0.009 9.636 9.882 0 9.882 9.726 0 9.722
0.022 0 0.022 0.013 0.001 0.014 8.883 0.011 8.893 9.328 0 9.324 9.217 0 9.216
0.021 0 0.021 0.013 0 0.014 8.602 0.004 8.604 9.57 0 9.568 9.553 0 9.551
0.021 0.001 0.022 0.012 0.00199999999999999 0.015 8.959 0.008 8.964 9.322 0 9.319 8.719 0 8.718
0.022 0.000999999999999994 0.023 0.012 0 0.012 10.115 0.004 10.117 10.999 0 10.997 10.93 0 10.927
0.023 0.001 0.024 0.014 0 0.014 10.49 0.009 10.497 10.925 0.001 10.924 10.356 0 10.353
0.022 0.001 0.022 0.013 0.001 0.014 9.105 0.005 9.108 9.484 0 9.482 9.462 0 9.461
0.022 0 0.023 0.011 0.004 0.014 9.706 0.007 9.71 10.154 0 10.153 9.954 0 9.952
0.021 0.001 0.022 0.012 0.00199999999999999 0.014 9.232 0.009 9.239 9.677 0.001 9.675 9.556 0 9.556
0.02 0.00199999999999999 0.022 0.012 0.002 0.015 9.576 0.008 9.58 9.985 0 9.985 9.816 0 9.812
0.021 0.001 0.022 0.014 0.001 0.015 9.233 0.008 9.238 9.649 0 9.647 9.595 0 9.593
0.022 0.002 0.024 0.014 0 0.014 10.467 0.003 10.467 10.942 0 10.941 10.515 0 10.512
0.02 0.002 0.022 0.012 0.00199999999999999 0.015 9.277 0.011 9.285 9.649 0 9.647 9.551 0 9.549
0.02 0.002 0.022 0.014 0.001 0.014 9.013 0.007 9.018 9.412 0 9.41 9.384 0 9.382
0.02 0.001 0.021 0.011 0.003 0.014 8.581 0.008 8.587 9.572 0 9.57 9.567 0 9.565
0.022 0.000999999999999997 0.022 0.013 0.001 0.014 9.598 0.011 9.607 9.848 0 9.845 9.168 0 9.168
0.022 0 0.023 0.011 0.003 0.014 9.046 0.005 9.048 9.48 0 9.477 9.418 0 9.417
0.022 0 0.022 0.013 0.000999999999999994 0.014 9.588 0.008 9.593 9.906 0 9.904 9.748 0 9.746
0.022 0 0.022 0.013 0.000999999999999994 0.015 9.311 0.005 9.313 9.72 0 9.717 9.663 0 9.662
0.02 0.002 0.023 0.013 0.001 0.015 9.597 0.006 9.6 10.025 0 10.023 9.908 0 9.905
0.023 0.001 0.024 0.013 0.001 0.014 10.569 0.005 10.571 11.028 0 11.025 10.644 0 10.642
0.022 0 0.022 0.012 0.002 0.014 9.231 0.006 9.235 9.626 0 9.624 9.608 0 9.605
0.022 0 0.023 0.012 0.003 0.014 9.204 0.007 9.209 9.62 0 9.618 9.535 0 9.533
0.023 0 0.022 0.014 0 0.014 9.542 0.008 9.548 9.972 0 9.97 9.846 0 9.844
0.021 0 0.021 0.013 0.001 0.014 8.873 0.008 8.879 9.527 0 9.525 9.482 0 9.481
0.022 0 0.022 0.014 0.001 0.015 9 0.011 9.008 9.445 0 9.443 9.079 0 9.077
0.023 0 0.023 0.013 0 0.013 9.508 0.007 9.513 9.922 0 9.918 9.862 0 9.862
0.019 0.002 0.021 0.013 0.001 0.014 8.839 0.004 8.841 9.226 0 9.223 9.11 0 9.108
0.02 0.001 0.021 0.011 0.003 0.014 8.59 0.009 8.597 8.963 0 8.96 8.889 0 8.888
0.02 0.001 0.022 0.013 0.000999999999999994 0.014 8.877 0.005 8.879 9.228 0 9.226 9.45 0 9.448
0.02 0.001 0.021 0.011 0.003 0.014 8.54 0.008 8.546 8.941 0 8.938 9.019 0 9.018
0.021 0.003 0.024 0.014 0 0.013 10.484 0.00800000000000001 10.489 10.925 0 10.923 10.647 0 10.644
0.022 0 0.022 0.012 0.00199999999999999 0.014 9.587 0.011 9.596 9.984 0 9.982 9.956 0 9.953
0.024 0 0.024 0.014 0 0.014 10.446 0.00800000000000001 10.452 10.934 0 10.932 10.499 0 10.496
0.022 0 0.022 0.013 0.002 0.014 9.115 0.00600000000000001 9.118 9.531 0 9.53 9.468 0 9.465
0.024 0 0.023 0.013 0 0.014 10.434 0.004 10.436 10.883 0 10.881 10.472 0 10.469
0.019 0.002 0.022 0.013 0.002 0.014 9.063 0.009 9.07 9.448 0 9.446 9.391 0 9.389
0.021 0.001 0.022 0.014 0.001 0.014 9.246 0.008 9.253 9.601 0 9.599 9.585 0 9.583
0.023 0 0.024 0.013 0.001 0.014 10.371 0.001 10.37 10.804 0 10.802 10.437 0 10.434
0.02 0.003 0.022 0.012 0.002 0.014 9.089 0.004 9.092 9.217 0 9.213 9.119 0 9.118
0.022 0 0.022 0.014 0.001 0.015 9.271 0.007 9.275 9.49 0 9.489 9.434 0 9.431
0.021 0.004 0.026 0.013 0.001 0.014 10.402 0.006 10.406 10.85 0 10.846 10.408 0 10.406
0.021 0.001 0.025 0.012 0.003 0.015 8.995 0.008 9.001 9.446 0 9.443 9.393 0 9.392
0.022 0 0.025 0.012 0.003 0.015 9.188 0.005 9.191 9.646 0 9.643 9.541 0 9.54
0.022 0 0.025 0.014 0.001 0.015 9.144 0.006 9.148 9.581 0 9.578 9.502 0 9.501
0.019 0.003 0.022 0.014 0.001 0.015 9.675 0.006 9.679 10.101 0 10.099 10.009 0 10.006
0.024 0 0.024 0.014 0 0.013 10.399 0.006 10.403 10.843 0 10.841 10.589 0 10.586
0.021 0.001 0.022 0.012 0.001 0.013 9.515 0.006 9.518 9.907 0 9.905 9.838 0 9.837
0.023 0 0.023 0.013 0.001 0.014 9.592 0.005 9.596 9.978 0 9.975 9.943 0 9.942
0.02 0.002 0.022 0.014 0.001 0.015 9.546 0.01 9.553 9.987 0 9.985 9.935 0 9.933
0.022 0.001 0.022 0.011 0.003 0.015 9.555 0.013 9.565 9.975 0 9.973 9.76 0 9.758
0.02 0.001 0.022 0.013 0.002 0.014 8.889 0.00899999999999999 8.896 9.253 0 9.25 9.118 0 9.117
0.021 0 0.023 0.014 0.001 0.015 9.353 0.013 9.363 9.77 0 9.768 9.673 0 9.671
0.022 0 0.022 0.015 0 0.015 8.976 0.005 8.979 9.412 0.001 9.41 9.356 0 9.356
0.022 0 0.022 0.013 0.002 0.014 9.167 0.008 9.173 9.592 0 9.589 9.502 0 9.502
0.022 0 0.022 0.012 0.002 0.014 9.009 0.006 9.013 9.321 0 9.318 9.246 0 9.245
0.022 0 0.022 0.01 0.004 0.015 9.509 0.008 9.514 9.974 0 9.972 9.882 0 9.88
0.022 0 0.023 0.013 0.002 0.015 9.598 0.008 9.603 10.082 0.001 10.082 10.014 0 10.011
0.022 0 0.022 0.011 0.003 0.015 9.004 0.008 9.009 9.418 0 9.415 9.355 0 9.354
0.021 0.001 0.022 0.013 0.001 0.014 9.194 0.01 9.201 9.626 0 9.624 9.526 0 9.524
0.022 0.001 0.023 0.013 0 0.013 9.478 0.009 9.485 9.838 0 9.834 9.812 0 9.811
0.021 0.001 0.022 0.014 0 0.014 9.541 0.006 9.545 9.969 0 9.967 9.912 0 9.91
0.022 0.001 0.022 0.014 0 0.015 9.258 0.012 9.267 9.684 0 9.681 9.6 0 9.599
0.021 0.001 0.022 0.014 0 0.014 8.972 0.011 8.981 9.339 0.001 9.338 9.282 0 9.28
0.02 0.000999999999999994 0.021 0.013 0.001 0.015 9.33 0.01 9.337 10.121 0 10.118 10.077 0 10.075
0.021 0.001 0.023 0.014 0.001 0.014 9.236 0.011 9.246 9.682 0 9.678 9.326 0 9.326
0.024 0 0.024 0.013 0 0.013 10.379 0.007 10.383 10.825 0 10.823 10.46 0 10.457
0.022 0 0.022 0.013 0.002 0.014 9.25 0.008 9.255 9.708 0 9.706 9.655 0 9.653
0.021 0.001 0.021 0.014 0 0.015 9.545 0.007 9.55 9.969 0 9.967 9.911 0 9.907
0.02 0.002 0.022 0.013 0.00199999999999999 0.015 9.507 0.007 9.512 9.933 0 9.93 9.896 0 9.895
0.021 0 0.021 0.012 0.001 0.014 8.916 0.003 8.917 9.612 0 9.609 9.585 0 9.584
0.022 0 0.022 0.012 0.002 0.015 9.516 0.009 9.523 9.983 0 9.981 9.43 0 9.427
0.024 0 0.024 0.014 0 0.014 10.415 0.009 10.422 10.869 0 10.867 10.431 0.001 10.428
0.022 0 0.022 0.011 0.003 0.014 8.981 0.009 8.987 9.431 0 9.429 9.408 0 9.407
0.021 0 0.021 0.012 0.002 0.014 9 0.011 9.009 9.306 0 9.304 9.212 0 9.21
0.022 0 0.022 0.015 0 0.015 9.598 0.00600000000000001 9.601 10.042 0 10.041 9.9 0 9.896
0.021 0.001 0.022 0.014 0.001 0.015 9.209 0.009 9.216 9.622 0 9.619 9.579 0 9.578
0.021 0.001 0.022 0.014 0.001 0.014 9.153 0.008 9.159 9.606 0 9.604 9.539 0 9.536
0.022 0 0.022 0.012 0.003 0.015 9.2 0.012 9.21 9.638 0 9.636 9.574 0 9.572
0.02 0.002 0.021 0.014 0 0.014 8.664 0.005 8.667 9.028 0 9.026 8.964 0 8.963
0.021 0 0.022 0.012 0.002 0.013 8.814 0.009 8.821 9.182 0 9.18 9.098 0 9.096
0.02 0.002 0.023 0.014 0.001 0.014 9.588 0.005 9.59 10.022 0 10.02 9.966 0.001 9.965
0.022 0 0.022 0.013 0.001 0.015 9.635 0.006 9.638 10.032 0 10.03 9.97 0 9.968
0.021 0 0.021 0.011 0.003 0.014 8.916 0.00700000000000001 8.922 9.62 0 9.616 9.553 0 9.552
0.021 0.001 0.022 0.012 0.002 0.015 9.269 0.007 9.272 9.686 0 9.685 9.239 0 9.236
0.023 0 0.022 0.013 0.002 0.015 9.561 0.007 9.565 9.86 0.001 9.859 9.794 0 9.793
0.022 0.001 0.022 0.013 0.001 0.015 9.557 0.005 9.559 9.988 0 9.987 9.873 0 9.871
0.021 0.001 0.022 0.014 0.001 0.015 9.22 0.007 9.224 9.624 0 9.623 9.549 0 9.546
0.021 0 0.021 0.012 0.001 0.014 8.436 0.006 8.439 8.84 0 8.838 8.858 0 8.857
0.019 0.003 0.022 0.01 0.004 0.014 9.023 0.009 9.03 9.446 0 9.443 9.375 0 9.374
0.02 0.001 0.021 0.013 0 0.014 8.87 0.008 8.875 9.606 0.001 9.605 9.576 0 9.574
0.022 0 0.022 0.011 0.003 0.015 9.184 0.009 9.191 9.621 0 9.618 9.22 0 9.219
0.022 0 0.022 0.014 0 0.014 9.238 0.012 9.248 9.684 0 9.681 9.617 0 9.616
0.022 0 0.022 0.013 0.002 0.014 9.476 0.006 9.48 9.977 0 9.975 9.839 0 9.838
0.022 0 0.022 0.013 0.001 0.013 8.874 0.005 8.878 9.941 0.001 9.939 9.9 0 9.899
0.022 0 0.022 0.013 0.002 0.015 8.899 0.012 8.909 9.355 0 9.352 8.717 0.001 8.717
0.022 0.002 0.024 0.013 0.001 0.014 9.557 0.007 9.561 9.863 0 9.859 9.778 0 9.778
0.019 0.002 0.021 0.011 0.003 0.014 8.523 0.008 8.529 8.965 0 8.962 8.896 0 8.895
0.019 0.00199999999999999 0.021 0.013 0.001 0.014 8.949 0.007 8.954 9.237 0 9.233 9.186 0 9.186
0.023 0 0.023 0.013 0.002 0.014 9.569 0.012 9.58 10.018 0 10.016 9.81 0 9.807
0.022 0 0.022 0.014 0.001 0.014 8.977 0.006 8.981 9.437 0 9.435 9.36 0 9.358
0.022 0 0.022 0.013 0.002 0.015 9.501 0.01 9.508 9.962 0 9.961 9.897 0 9.894
0.022 0.002 0.024 0.014 0 0.013 10.492 0.001 10.492 10.917 0.002 10.917 10.56 0 10.557
0.025 0 0.025 0.014 0 0.014 10.662 0.00799999999999999 10.667 11.108 0 11.106 11.009 0 11.007
0.021 0.003 0.024 0.013 0 0.013 10.461 0.007 10.467 10.962 0 10.959 10.895 0 10.892
0.019 0.002 0.022 0.013 0.001 0.013 8.5 0.009 8.507 8.921 0 8.919 8.827 0 8.827
0.022 0 0.022 0.015 0 0.015 9.258 0.008 9.264 9.576 0 9.573 9.462 0 9.46
0.022 0.001 0.023 0.014 0 0.014 10.4 0.004 10.401 10.859 0 10.858 10.444 0 10.441
0.021 0.001 0.022 0.01 0.004 0.014 9.061 0.006 9.065 9.436 0 9.434 9.393 0 9.391
0.022 0 0.022 0.013 0.002 0.014 9.223 0.007 9.228 9.519 0 9.517 9.486 0 9.485
0.02 0.001 0.021 0.00899999999999998 0.005 0.014 8.857 0.000999999999999994 8.855 9.205 0 9.203 9.118 0 9.117
0.02 0 0.021 0.011 0.003 0.013 8.452 0.008 8.458 8.847 0 8.845 8.784 0 8.782
0.022 0.000999999999999994 0.023 0.013 0 0.013 9.497 0.003 9.498 9.83 0 9.827 9.766 0 9.764
0.023 0 0.023 0.013 0 0.013 9.472 0.008 9.477 9.839 0 9.837 9.765 0 9.763
0.023 0 0.023 0.012 0.000999999999999994 0.013 9.515 0.008 9.522 9.868 0 9.864 9.818 0 9.816
0.022 0.001 0.022 0.013 0.001 0.015 9.207 0.00600000000000001 9.21 9.614 0 9.612 9.562 0 9.56
0.022 0 0.022 0.013 0.001 0.014 9.19 0.008 9.197 9.569 0 9.565 9.531 0 9.53
0.023 0 0.022 0.012 0.002 0.015 9.639 0.008 9.643 9.989 0 9.988 9.925 0 9.922
0.022 0 0.023 0.013 0.002 0.014 9.528 0.01 9.535 10.013 0 10.012 9.94 0 9.937
0.022 0.001 0.023 0.012 0.00199999999999999 0.014 9.037 0.00600000000000001 9.04 9.413 0 9.41 9.383 0 9.382
0.021 0.002 0.022 0.012 0 0.013 9.462 0.007 9.466 9.811 0 9.808 9.863 0 9.862
0.022 0 0.022 0.011 0.003 0.015 9.136 0.011 9.144 9.538 0 9.536 9.47 0 9.469
0.021 0.001 0.021 0.012 0.00199999999999999 0.014 8.967 0.012 8.977 9.244 0 9.243 9.165 0 9.163
0.02 0.003 0.023 0.012 0.001 0.013 9.428 0.004 9.43 9.835 0 9.832 9.739 0 9.739
0.02 0.001 0.021 0.012 0.002 0.014 8.562 0.009 8.57 8.934 0 8.932 8.867 0 8.866
0.023 0 0.022 0.013 0.001 0.015 8.526 0.005 8.533 8.68 0 8.682 8.521 0 8.524
0.021 0.001 0.022 0.014 0.001 0.015 9.631 0.006 9.634 10.021 0 10.02 9.903 0 9.9
0.021 0.001 0.022 0.012 0.002 0.014 9.513 0.008 9.52 9.863 0 9.86 9.72 0 9.719
0.021 0 0.021 0.014 0 0.014 8.416 0.007 8.421 8.718 0 8.716 8.601 0 8.599
0.021 0.000999999999999994 0.022 0.013 0.001 0.015 9.014 0.006 9.017 9.426 0 9.424 9.378 0 9.376
0.022 0 0.022 0.013 0.001 0.014 9.509 0.004 9.511 9.905 0 9.902 9.755 0 9.761
0.02 0.001 0.021 0.012 0.002 0.013 8.815 0.006 8.819 9.474 0 9.471 9.458 0 9.457
0.022 0 0.022 0.013 0.001 0.015 9.107 0.01 9.115 9.563 0 9.559 9.135 0 9.134
0.023 0.001 0.024 0.014 0 0.014 10.425 0.003 10.426 10.889 0 10.887 10.475 0 10.472
0.022 0 0.022 0.013 0.001 0.014 9.174 0.006 9.178 9.583 0 9.581 9.518 0 9.516
0.019 0.003 0.022 0.013 0.002 0.014 9.226 0.005 9.23 9.679 0 9.675 9.589 0 9.588
0.021 0.001 0.022 0.01 0.005 0.015 9.559 0.009 9.566 10.018 0.001 10.017 9.865 0 9.861
0.022 0 0.022 0.013 0.002 0.015 9.57 0.012 9.579 10.009 0 10.007 9.954 0 9.952
0.022 0.002 0.024 0.014 0 0.014 10.454 0.004 10.456 10.841 0.000999999999999994 10.84 10.545 0 10.542
0.021 0.002 0.023 0.013 0 0.013 9.422 0.005 9.426 9.828 0 9.825 9.754 0 9.752
0.021 0 0.021 0.011 0.003 0.014 8.387 0.007 8.398 9.169 0 9.171 9.119 0 9.121
0.021 0 0.022 0.012 0.003 0.014 9.072 0.008 9.077 9.287 0 9.287 8.611 0 8.617
0.019 0.002 0.022 0.013 0.001 0.014 9.322 0.005 9.324 10.139 0 10.138 10.069 0 10.067
0.021 0.001 0.022 0.014 0 0.015 9.159 0.01 9.166 9.589 0 9.587 9.252 0 9.251
0.018 0.003 0.021 0.012 0.002 0.014 8.539 0.008 8.546 8.929 0 8.926 9.201 0 9.2
0.02 0.001 0.021 0.013 0.001 0.014 9.071 0.007 9.084 9.623 0.002 9.627 9.408 0 9.411
0.02 0.002 0.022 0.015 0 0.015 9.212 0.008 9.218 9.602 0 9.599 9.101 0 9.103
0.021 0 0.022 0.013 0.001 0.013 9.189 0.056 9.246 9.965 0.004 9.971 9.893 0.004 9.897
0.022 0.002 0.023 0.013 0 0.014 10.432 0.009 10.438 10.849 0 10.847 10.037 0 10.034
0.022 0 0.022 0.011 0.003 0.014 9.208 0.006 9.211 9.643 0 9.641 9.581 0 9.579
0.021 0.001 0.022 0.014 0.000999999999999994 0.015 9.572 0.007 9.577 9.998 0 9.996 9.853 0 9.851
0.019 0.005 0.024 0.014 0 0.015 10.476 0.003 10.476 10.884 0 10.882 10.45 0 10.446
0.022 0.001 0.022 0.012 0.00199999999999999 0.015 9.061 0.01 9.068 9.467 0 9.465 9.407 0 9.406
0.022 0 0.022 0.015 0 0.015 9.674 0.006 9.678 10.052 0 10.05 9.828 0 9.825
0.021 0.001 0.022 0.013 0.001 0.014 8.932 0.007 8.937 9.291 0 9.29 9.165 0 9.164
0.023 0.002 0.024 0.014 0 0.014 9.983 0.005 9.987 9.974 0 9.972 9.904 0 9.902
0.022 0 0.022 0.014 0.001 0.015 9.586 0.004 9.588 9.97 0 9.968 9.831 0 9.828
0.022 0 0.022 0.012 0.003 0.014 9.056 0.005 9.06 9.487 0 9.484 9.429 0 9.428
0.023 0 0.023 0.014 0 0.014 10.388 0.005 10.39 10.762 0 10.76 10.334 0 10.332
0.021 0 0.021 0.00900000000000001 0.005 0.014 8.843 0.005 8.846 9.251 0 9.249 9.112 0 9.111
0.02 0.001 0.022 0.013 0.00199999999999999 0.014 8.913 0.01 8.921 9.345 0 9.344 9.271 0 9.268
0.021 0 0.021 0.013 0.001 0.014 8.896 0.006 8.901 9.949 0 9.946 9.964 0 9.961
0.022 0 0.022 0.01 0.004 0.014 9.021 0.014 9.032 9.456 0 9.454 8.851 0 8.85
0.021 0.001 0.022 0.015 0 0.015 9.57 0.008 9.576 10.004 0 10.002 9.915 0 9.912
0.022 0.002 0.024 0.014 0 0.014 10.453 0.003 10.453 10.892 0 10.889 10.608 0 10.606
0.023 0.001 0.024 0.014 0 0.014 10.405 0.005 10.407 10.863 0 10.861 10.495 0 10.493
0.021 0.001 0.022 0.012 0.003 0.014 9.168 0.007 9.173 9.587 0 9.584 9.548 0 9.548
0.021 0 0.021 0.012 0.002 0.014 8.663 0.00600000000000001 8.667 9.363 0 9.361 9.265 0 9.263
0.022 0.001 0.022 0.014 0 0.014 9.106 0.008 9.111 9.54 0 9.539 9.126 0 9.124
0.022 0.003 0.025 0.014 0 0.014 10.579 0.002 10.579 10.998 0 10.996 10.531 0 10.528
0.021 0.001 0.022 0.014 0.001 0.014 9.05 0.01 9.057 9.501 0.001 9.501 9.463 0 9.461
0.022 0.001 0.023 0.013 0 0.013 9.463 0.003 9.464 9.792 0 9.788 9.74 0 9.739
0.02 0.000999999999999994 0.022 0.012 0.002 0.014 9.217 0.008 9.222 10.044 0 10.041 9.951 0 9.951
0.022 0 0.023 0.015 0 0.014 9.253 0.008 9.259 9.705 0 9.703 9.354 0 9.351
0.022 0 0.022 0.013 0.000999999999999994 0.014 9.086 0.00600000000000001 9.09 9.472 0.00199999999999999 9.472 9.413 0 9.411
0.02 0.002 0.022 0.015 0 0.014 9.001 0.006 9.005 9.379 0 9.376 9.335 0 9.334
0.02 0.001 0.021 0.011 0.002 0.014 8.471 0.01 8.478 8.843 0 8.842 8.791 0 8.789
0.021 0.001 0.022 0.014 0.001 0.015 9.296 0.008 9.301 9.737 0 9.735 9.674 0 9.672
0.022 0 0.022 0.014 0.001 0.014 9.626 0.009 9.632 10.049 0 10.048 9.888 0 9.885
0.02 0.001 0.02 0.014 0 0.014 8.833 0.01 8.842 9.469 0.001 9.468 9.423 0 9.42
0.022 0.001 0.024 0.014 0 0.014 10.419 0.007 10.423 10.872 0 10.869 9.973 0 9.972
0.022 0 0.023 0.013 0.002 0.014 9.037 0.01 9.045 9.338 0 9.336 9.29 0 9.288
0.022 0 0.022 0.014 0.000999999999999994 0.014 9.611 0.009 9.618 10.004 0 10.003 9.826 0 9.823
0.019 0.002 0.022 0.012 0.00199999999999999 0.013 8.727 0.009 8.735 9.436 0 9.433 9.398 0 9.397
0.023 0 0.022 0.013 0.001 0.015 9.592 0.006 9.594 9.991 0 9.989 9.431 0 9.428
0.022 0 0.023 0.013 0.00199999999999999 0.014 9.712 0.004 9.714 10.123 0 10.121 10.03 0.001 10.028
0.022 0 0.022 0.013 0.001 0.015 9.49 0.009 9.497 10.016 0 10.015 9.918 0 9.914
0.02 0.001 0.021 0.013 0.000999999999999994 0.014 8.874 0.00800000000000001 8.881 9.219 0 9.217 9.14 0 9.137
0.021 0 0.021 0.01 0.004 0.014 8.57 0.015 8.583 9.513 0.001 9.511 9.533 0 9.532
0.022 0 0.022 0.011 0.003 0.014 9.241 0.006 9.245 9.581 0 9.578 8.932 0 8.931
0.022 0.001 0.023 0.012 0 0.013 9.477 0.012 9.487 9.868 0 9.864 9.833 0 9.831
0.023 0 0.022 0.011 0.004 0.015 9.363 0.008 9.368 9.807 0 9.806 9.683 0 9.681
0.024 0 0.024 0.013 0 0.014 10.386 0.002 10.384 10.836 0 10.834 10.489 0 10.486
0.021 0.000999999999999997 0.022 0.013 0.002 0.014 8.972 0.012 8.982 9.394 0 9.391 9.339 0 9.337
0.019 0.003 0.022 0.014 0.001 0.015 9.077 0.004 9.079 9.509 0 9.505 9.432 0 9.431
0.021 0 0.021 0.013 0.001 0.014 8.563 0.01 8.572 9.287 0 9.284 9.174 0 9.173
0.021 0.001 0.022 0.014 0 0.014 8.898 0.014 8.909 9.341 0 9.339 8.928 0 8.926
0.021 0.001 0.022 0.013 0.001 0.014 9.172 0.006 9.175 9.597 0 9.595 9.528 0 9.526
0.022 0 0.023 0.013 0.002 0.014 9.188 0.012 9.197 9.603 0 9.601 9.535 0 9.533
0.02 0.001 0.022 0.013 0.000999999999999994 0.013 9.166 0.009 9.174 9.887 0 9.883 9.781 0 9.78
0.021 0.001 0.022 0.015 0 0.014 8.989 0.01 8.997 9.455 0 9.453 9.12 0 9.118
0.022 0 0.023 0.013 0.002 0.015 9.618 0.01 9.626 10.086 0 10.084 9.95 0 9.947
0.021 0.001 0.023 0.00900000000000001 0.005 0.014 9.024 0.01 9.032 9.437 0 9.433 9.393 0 9.393
0.021 0 0.021 0.013 0.001 0.013 8.968 0.01 8.977 9.311 0 9.309 9.197 0 9.195
0.022 0 0.022 0.014 0.001 0.014 9.305 0.012 9.314 9.726 0 9.724 9.63 0 9.629
0.019 0.00199999999999999 0.022 0.012 0.003 0.014 8.94 0.011 8.949 9.375 0 9.373 9.316 0 9.314
0.022 0 0.022 0.013 0.001 0.015 9.126 0.007 9.131 9.538 0.002 9.538 9.491 0 9.488
0.021 0.001 0.022 0.011 0.003 0.014 9.174 0.004 9.175 9.49 0 9.487 9.417 0 9.417
0.021 0 0.021 0.012 0.002 0.014 8.519 0.009 8.525 8.875 0 8.873 8.806 0 8.806
0.023 0 0.022 0.011 0.003 0.015 9.212 0.009 9.219 9.641 0 9.639 9.567 0 9.565
0.022 0 0.022 0.012 0.002 0.015 9.026 0.008 9.032 9.425 0.000999999999999994 9.423 9.378 0 9.377
0.02 0.001 0.021 0.00700000000000001 0.00600000000000001 0.014 8.592 0.007 8.597 9.316 0 9.313 9.235 0 9.234
0.02 0.003 0.022 0.012 0.002 0.015 9.523 0.007 9.528 10 0 9.998 9.349 0 9.347
0.021 0.001 0.022 0.011 0.003 0.014 8.969 0.009 8.977 9.425 0 9.423 9.349 0 9.346
0.022 0.001 0.022 0.014 0 0.015 9.14 0.005 9.143 9.535 0 9.531 9.47 0 9.47
0.021 0.00199999999999999 0.023 0.014 0.001 0.014 9.584 0.003 9.586 9.998 0 9.996 9.919 0 9.916
0.022 0 0.022 0.013 0.000999999999999994 0.015 9.658 0.008 9.662 10.044 0 10.042 9.973 0 9.971
0.019 0.004 0.023 0.012 0.001 0.013 9.534 0.007 9.538 9.925 0 9.922 9.833 0 9.832
0.02 0.001 0.021 0.012 0.002 0.014 8.42 0.005 8.426 8.693 0 8.697 8.489 0 8.494
0.022 0.001 0.023 0.013 0 0.013 9.519 0.005 9.522 10.909 0 10.907 10.872 0 10.869
0.022 0 0.022 0.013 0.001 0.014 9.526 0.011 9.535 9.97 0 9.968 9.281 0 9.279
0.02 0.001 0.021 0.01 0.004 0.014 8.492 0.008 8.497 8.862 0.001 8.862 8.778 0 8.777
0.02 0.001 0.022 0.013 0.001 0.014 9.186 0.008 9.192 9.976 0 9.973 9.919 0 9.918
0.021 0.000999999999999994 0.022 0.014 0 0.014 9.52 0.00800000000000001 9.526 9.943 0 9.94 9.467 0 9.466
0.021 0.001 0.022 0.011 0.003 0.015 9.226 0.01 9.234 9.667 0 9.665 9.578 0 9.575
0.024 0 0.024 0.014 0 0.013 10.362 0.009 10.368 10.797 0 10.795 10.45 0 10.448
0.023 0 0.022 0.014 0 0.015 9.565 0.008 9.57 9.988 0 9.986 9.833 0 9.831
0.022 0 0.022 0.012 0.002 0.014 8.991 0.005 8.993 9.4 0 9.397 9.355 0 9.355
0.018 0.004 0.022 0.012 0.002 0.015 9.594 0.009 9.599 10.018 0 10.017 9.84 0 9.838
0.021 0.001 0.021 0.012 0.002 0.015 8.904 0.006 8.908 9.229 0 9.225 9.119 0 9.119
0.023 0 0.022 0.011 0.003 0.015 9.593 0.003 9.593 9.98 0 9.978 9.957 0 9.954
0.023 0 0.024 0.014 0 0.014 10.453 0.007 10.456 10.881 0.002 10.881 10.576 0.000999999999999994 10.574
0.022 0.002 0.023 0.014 0 0.014 10.532 0.005 10.534 10.976 0 10.974 10.667 0 10.665
0.021 0.001 0.021 0.013 0.000999999999999994 0.014 8.612 0.008 8.618 8.992 0 8.99 8.895 0 8.893
0.02 0.001 0.022 0.015 0 0.014 9.503 0.011 9.513 9.941 0 9.938 9.882 0 9.88
0.021 0.002 0.022 0.014 0 0.014 9.569 0.007 9.573 9.967 0 9.966 9.925 0 9.922
0.022 0 0.022 0.013 0.000999999999999994 0.015 9.659 0.009 9.665 10.104 0 10.102 10.008 0 10.005
0.023 0 0.023 0.012 0.000999999999999994 0.013 9.526 0.00600000000000001 9.53 9.92 0 9.917 9.863 0 9.862
0.022 0 0.022 0.014 0.000999999999999994 0.015 9.633 0.007 9.638 10.03 0 10.028 9.986 0 9.984
0.02 0.002 0.022 0.013 0.00199999999999999 0.015 9.496 0.009 9.503 9.913 0 9.91 9.872 0 9.871
0.022 0 0.022 0.014 0.001 0.015 9.592 0.006 9.597 10.031 0 10.028 9.896 0 9.893
0.021 0.001 0.022 0.011 0.003 0.015 9.199 0.00600000000000001 9.201 9.591 0 9.589 9.52 0 9.519
0.019 0.002 0.021 0.011 0.003 0.014 8.865 0.01 8.873 9.996 0 9.994 9.965 0 9.963
0.023 0.000999999999999997 0.024 0.014 0 0.014 10.462 0.004 10.463 10.676 0 10.673 9.87 0 9.867
0.022 0 0.022 0.014 0 0.014 9.249 0.003 9.25 9.667 0 9.664 9.566 0 9.564
0.021 0.001 0.022 0.014 0.001 0.014 9.004 0.007 9.009 9.407 0 9.406 9.381 0 9.378
0.022 0 0.021 0.012 0.003 0.015 9.173 0.003 9.174 9.614 0 9.611 9.565 0 9.564
0.021 0.001 0.022 0.013 0.001 0.015 9.214 0.00799999999999999 9.22 9.544 0 9.54 9.492 0.001 9.493
0.021 0.002 0.022 0.013 0.001 0.015 9.109 0.011 9.116 9.415 0 9.413 9.363 0 9.362
0.022 0 0.022 0.013 0.001 0.015 9.56 0.006 9.564 9.957 0 9.955 9.768 0 9.765
0.019 0.003 0.021 0.00900000000000001 0.004 0.013 8.673 0.008 8.679 9.014 0 9.012 9.104 0 9.102
0.021 0 0.021 0.014 0 0.014 8.931 0.00899999999999999 8.938 9.681 0 9.678 9.581 0 9.58
0.02 0.004 0.024 0.014 0 0.014 10.373 0.01 10.381 10.848 0 10.845 9.978 0 9.976
0.021 0.002 0.023 0.00900000000000001 0.005 0.014 9.111 0.008 9.117 9.308 0 9.306 9.229 0 9.227
0.023 0.001 0.024 0.014 0 0.014 10.487 0.007 10.49 10.918 0 10.917 10.876 0 10.873
0.024 0 0.024 0.014 0 0.014 10.546 0.007 10.55 10.995 0 10.993 10.923 0 10.92
0.022 0 0.022 0.012 0.002 0.014 9.525 0.008 9.53 9.942 0 9.941 9.882 0 9.879
0.021 0.003 0.024 0.013 0 0.014 10.431 0.009 10.436 10.871 0 10.869 10.595 0 10.593
0.02 0.001 0.022 0.013 0.001 0.013 8.421 0.009 8.429 8.813 0 8.809 8.719 0 8.718
0.021 0 0.021 0.012 0.00199999999999999 0.014 8.639 0.011 8.647 8.993 0.001 8.992 8.951 0 8.95
0.021 0.002 0.023 0.012 0.002 0.014 9.228 0.008 9.235 9.645 0 9.641 9.586 0 9.585
0.019 0.00199999999999999 0.022 0.013 0.002 0.014 8.946 0.012 8.957 9.402 0.001 9.4 9.321 0 9.319
0.02 0.004 0.024 0.014 0 0.014 10.43 0.003 10.43 10.861 0 10.859 10.48 0 10.477
0.022 0.001 0.023 0.011 0.003 0.014 9.248 0.008 9.254 9.667 0 9.664 9.599 0 9.598
0.022 0 0.022 0.014 0.001 0.014 9.093 0.006 9.098 9.481 0 9.478 9.445 0 9.444
0.021 0.001 0.022 0.012 0.00199999999999999 0.014 9.186 0.006 9.19 9.618 0 9.615 9.519 0 9.518
0.023 0 0.022 0.013 0.001 0.015 9.317 0.007 9.32 9.696 0 9.694 9.605 0 9.603
0.022 0 0.022 0.012 0.002 0.015 8.974 0.005 8.976 9.397 0 9.395 9.335 0.001 9.334
0.021 0.001 0.021 0.011 0.002 0.014 9.22 0.004 9.222 10.024 0 10.021 9.956 0 9.955
0.022 0 0.022 0.013 0.001 0.015 9.582 0.01 9.589 9.92 0 9.919 9.447 0 9.444
0.022 0 0.022 0.011 0.003 0.014 9.035 0.006 9.038 9.429 0 9.428 9.406 0 9.404
0.022 0 0.022 0.012 0.002 0.014 9.206 0.007 9.211 9.584 0 9.581 9.528 0 9.528
0.022 0 0.023 0.013 0.002 0.014 9.631 0.007 9.636 10.071 0 10.07 9.975 0 9.972
0.021 0.001 0.022 0.014 0.001 0.015 9.535 0.005 9.538 9.943 0 9.942 9.849 0 9.847
0.02 0.001 0.021 0.013 0 0.014 8.463 0.005 8.465 9.343 0 9.341 9.405 0 9.403
0.021 0.001 0.022 0.014 0 0.014 9.172 0.007 9.176 9.462 0 9.46 8.844 0 8.843
0.02 0.00199999999999999 0.022 0.015 0 0.015 9.568 0.00600000000000001 9.572 9.991 0 9.989 9.86 0 9.857
0.022 0 0.022 0.014 0 0.014 9.154 0.006 9.157 9.457 0 9.454 9.421 0 9.421
0.023 0.001 0.024 0.014 0 0.014 10.398 0.00899999999999999 10.405 10.833 0.001 10.831 10.412 0 10.409
0.021 0.001 0.022 0.012 0.003 0.015 9.142 0.005 9.145 9.587 0 9.584 9.539 0 9.538
0.018 0.003 0.021 0.012 0.002 0.014 8.611 0.009 8.618 8.937 0.001 8.936 8.874 0.001 8.873
0.022 0.001 0.023 0.013 0 0.013 10.091 0.007 10.097 10.959 0 10.956 10.89 0 10.888
0.021 0.000999999999999997 0.022 0.014 0.001 0.015 9.569 0.004 9.57 9.988 0 9.987 9.716 0 9.713
0.022 0 0.023 0.012 0.003 0.014 9.22 0.005 9.223 9.624 0 9.622 9.597 0 9.595
0.022 0 0.022 0.014 0.001 0.014 9.573 0.01 9.582 9.987 0 9.984 9.853 0 9.851
0.021 0.001 0.021 0.011 0.00199999999999999 0.014 8.426 0.005 8.428 8.794 0 8.793 8.705 0 8.703
0.021 0 0.021 0.01 0.004 0.014 8.99 0.00799999999999999 8.995 9.756 0.001 9.754 9.666 0 9.665
0.021 0.001 0.022 0.014 0.001 0.015 9.532 0.00899999999999999 9.538 9.985 0 9.984 9.508 0 9.506
0.022 0 0.022 0.014 0 0.015 8.99 0.011 8.999 9.39 0 9.387 9.355 0 9.354
0.023 0.001 0.024 0.012 0.002 0.014 10.415 0.008 10.419 10.89 0 10.889 10.457 0 10.453
0.02 0.001 0.021 0.01 0.004 0.014 8.793 0.006 8.797 9.895 0 9.892 9.915 0 9.913
0.022 0 0.022 0.01 0.004 0.015 9.182 0.009 9.188 9.57 0 9.568 8.888 0 8.886
0.021 0 0.021 0.012 0.002 0.014 8.459 0.007 8.464 8.86 0.001 8.86 8.762 0 8.759
0.02 0.001 0.021 0.011 0.003 0.014 8.515 0.005 8.518 8.908 0 8.907 8.815 0 8.813
0.022 0.001 0.022 0.01 0.004 0.014 9.001 0.008 9.008 9.41 0 9.407 9.383 0 9.381
0.022 0 0.022 0.013 0.001 0.015 9.05 0.011 9.059 9.457 0 9.454 9.407 0 9.406
0.023 0 0.022 0.012 0.002 0.015 9.63 0.008 9.634 10.004 0 10.003 9.868 0 9.866
0.022 0 0.022 0.013 0.001 0.014 9.156 0.00899999999999999 9.163 9.591 0 9.588 9.52 0 9.518
0.022 0 0.023 0.011 0.003 0.014 9.513 0.012 9.523 9.946 0 9.942 9.766 0 9.765
0.02 0.002 0.022 0.014 0 0.014 9.013 0.008 9.019 9.406 0.001 9.404 9.338 0 9.337
0.02 0.00199999999999999 0.022 0.014 0.001 0.015 8.976 0.009 8.982 9.389 0 9.387 9.344 0 9.341
0.023 0 0.022 0.013 0.001 0.014 9.679 0.014 9.691 10.024 0 10.022 9.822 0 9.819
0.022 0.001 0.022 0.014 0 0.014 9.217 0.006 9.22 9.641 0 9.64 9.575 0 9.572
0.023 0 0.022 0.012 0.002 0.014 9.223 0.009 9.229 9.643 0 9.641 9.581 0 9.579
0.021 0 0.021 0.013 0.001 0.014 8.944 0.009 8.951 9.668 0 9.666 9.627 0 9.625
0.022 0.001 0.022 0.014 0 0.015 9.148 0.005 9.15 9.531 0 9.53 9.157 0 9.154
0.022 0 0.022 0.013 0.000999999999999994 0.014 8.961 0.007 8.964 9.352 0 9.351 9.297 0 9.296
0.022 0 0.022 0.01 0.004 0.015 8.946 0.009 8.952 9.394 0 9.392 9.306 0 9.305
0.022 0.001 0.022 0.013 0.001 0.015 9.599 0.006 9.601 10 0 9.999 9.989 0 9.987
0.023 0.001 0.023 0.014 0 0.014 10.415 0.003 10.415 10.862 0 10.86 10.56 0 10.558
0.021 0.001 0.022 0.013 0.002 0.015 9.56 0.011 9.568 9.955 0 9.954 9.848 0 9.845
0.022 0 0.022 0.014 0 0.014 9.191 0.007 9.196 9.616 0 9.613 9.557 0 9.556
0.021 0 0.021 0.013 0.001 0.014 8.902 0.004 8.904 9.233 0 9.23 9.2 0 9.199
0.022 0.002 0.024 0.014 0 0.014 10.444 0.009 10.45 10.911 0 10.909 10.641 0 10.639
0.022 0 0.023 0.013 0.002 0.014 9.636 0.009 9.643 10.008 0.002 10.008 10.024 0 10.021
0.019 0.003 0.022 0.015 0 0.015 9.056 0.007 9.061 9.508 0 9.505 9.434 0 9.433
0.02 0.003 0.022 0.014 0 0.015 9.351 0.01 9.358 9.76 0 9.758 9.637 0 9.635
0.021 0 0.022 0.012 0.002 0.014 8.94 0.005 8.942 9.648 0 9.645 9.596 0 9.595
0.021 0.001 0.022 0.012 0.003 0.015 9.548 0.002 9.548 9.953 0 9.951 9.461 0 9.458
0.024 0 0.025 0.014 0 0.014 10.367 0.005 10.37 10.847 0.002 10.846 10.404 0 10.401
0.022 0.001 0.022 0.012 0.00199999999999999 0.015 9.041 0.00600000000000001 9.045 9.484 0 9.482 9.404 0 9.402
0.022 0 0.021 0.012 0.001 0.014 8.823 0.005 8.825 9.9 0 9.898 9.945 0 9.943
0.022 0 0.022 0.01 0.004 0.014 9.153 0.004 9.155 9.548 0 9.545 8.877 0 8.876
0.022 0 0.022 0.011 0.003 0.014 9.231 0.01 9.238 9.635 0 9.633 9.582 0 9.58
0.023 0.001 0.023 0.014 0 0.014 10.449 0.008 10.455 10.889 0 10.888 10.472 0 10.469
0.021 0 0.021 0.013 0.000999999999999994 0.014 8.582 0.011 8.591 8.928 0 8.925 8.98 0 8.979
0.019 0.002 0.021 0.011 0.003 0.014 9.012 0.008 9.017 9.726 0 9.724 9.646 0 9.644
0.024 0 0.024 0.014 0 0.014 10.421 0.006 10.424 10.831 0 10.829 9.97 0 9.968
0.023 0.001 0.024 0.013 0.001 0.015 9.755 0.006 9.758 9.897 0 9.895 9.816 0 9.814
0.021 0 0.021 0.014 0 0.014 8.912 0.012 8.921 9.258 0 9.256 9.154 0 9.153
0.02 0.002 0.022 0.015 0 0.015 9.61 0.00600000000000001 9.614 9.958 0 9.955 9.887 0 9.885
0.021 0.001 0.022 0.013 0.001 0.014 9.237 0.008 9.243 9.639 0.001 9.638 9.574 0 9.571
0.022 0 0.022 0.013 0.001 0.015 9.6 0.007 9.603 9.956 0 9.956 9.946 0 9.943
0.021 0.001 0.022 0.013 0.001 0.014 9.501 0.011 9.51 9.896 0 9.893 9.843 0 9.842
0.02 0.001 0.022 0.01 0.004 0.013 8.886 0.003 8.888 9.24 0.002 9.24 9.187 0 9.185
0.021 0 0.021 0.014 0 0.014 8.502 0.004 8.504 8.842 0 8.84 8.773 0 8.771
0.019 0.003 0.022 0.013 0.00199999999999999 0.014 8.992 0.007 8.997 9.422 0 9.421 9.358 0 9.356
0.022 0.002 0.024 0.012 0.000999999999999994 0.014 10.387 0.00700000000000001 10.391 10.837 0 10.834 10.377 0 10.375
0.023 0 0.023 0.012 0.003 0.014 9.535 0.003 9.536 9.965 0 9.964 9.769 0 9.767
0.021 0.001 0.022 0.011 0.003 0.014 8.939 0.014 8.952 9.358 0 9.355 9.284 0 9.281
0.024 0 0.024 0.014 0.001 0.014 10.489 0.005 10.491 10.922 0 10.921 10.514 0 10.511
0.022 0 0.022 0.013 0.001 0.014 9.231 0.006 9.235 9.546 0 9.543 9.467 0 9.466
0.022 0 0.022 0.013 0.001 0.014 9.076 0.011 9.084 9.469 0.001 9.468 9.428 0 9.427
0.022 0.001 0.024 0.015 0 0.014 10.491 0.006 10.494 10.934 0 10.932 10.483 0 10.48
0.021 0 0.021 0.011 0.002 0.014 8.541 0.009 8.548 8.909 0 8.907 8.86 0 8.858
0.021 0 0.021 0.013 0.001 0.014 8.875 0.003 8.875 9.213 0 9.211 9.181 0 9.18
0.023 0 0.022 0.011 0.003 0.014 9.16 0.007 9.165 9.612 0 9.609 9.517 0 9.517
0.024 0 0.023 0.013 0.001 0.014 10.382 0.00899999999999999 10.389 10.872 0 10.87 10.472 0 10.469
0.021 0.001 0.022 0.012 0.002 0.014 9.233 0.007 9.238 9.615 0 9.612 9.54 0 9.538
0.021 0.001 0.022 0.014 0.001 0.015 9.155 0.01 9.163 9.566 0 9.563 9.501 0 9.5
0.022 0 0.021 0.011 0.003 0.014 8.623 0.005 8.627 8.993 0 8.99 8.922 0 8.92
0.02 0.001 0.021 0.00999999999999998 0.003 0.014 8.596 0.01 8.604 8.987 0 8.985 8.914 0 8.913
0.023 0 0.022 0.013 0.001 0.015 9.241 0.008 9.247 9.702 0 9.699 9.653 0.001 9.652
0.019 0.003 0.022 0.013 0.001 0.014 9.176 0.004 9.178 9.588 0 9.586 9.506 0 9.504
0.021 0.000999999999999994 0.022 0.012 0.002 0.015 9.218 0.00600000000000001 9.222 9.608 0 9.605 9.551 0 9.549
0.021 0.00199999999999999 0.022 0.013 0.001 0.015 9.122 0.007 9.127 9.559 0 9.557 9.489 0 9.486
0.021 0.001 0.022 0.014 0.001 0.015 9.049 0.003 9.05 9.482 0 9.478 9.432 0 9.431
0.021 0.000999999999999994 0.022 0.012 0.002 0.014 9.205 0.006 9.209 9.532 0 9.529 9.424 0 9.423
0.019 0.004 0.023 0.013 0.001 0.014 9.566 0.00899999999999999 9.572 10.041 0 10.04 9.859 0 9.856
0.022 0 0.023 0.013 0.001 0.014 9.221 0.009 9.228 9.633 0 9.629 9.572 0 9.572
0.021 0 0.021 0.013 0.001 0.014 8.637 0.006 8.641 8.986 0 8.984 8.913 0 8.912
0.02 0.001 0.021 0.013 0.001 0.014 8.593 0.006 8.598 8.942 0 8.939 8.876 0 8.876
0.021 0 0.02 0.012 0.002 0.014 8.625 0.012 8.636 9.222 0 9.219 9.12 0 9.119
0.02 0.002 0.022 0.013 0.001 0.015 9.545 0.008 9.549 9.92 0 9.917 9.307 0 9.307
0.022 0.001 0.023 0.013 0.001 0.014 10.429 0.007 10.433 10.957 0 10.955 10.541 0 10.538
0.022 0 0.022 0.013 0.001 0.014 9.227 0.007 9.231 9.646 0 9.643 9.591 0 9.591
0.024 0 0.023 0.013 0 0.014 10.389 0.008 10.393 10.867 0 10.866 10.493 0 10.489
0.021 0.001 0.022 0.014 0.001 0.015 9.17 0.008 9.176 9.589 0 9.586 9.55 0 9.548
0.021 0.002 0.023 0.013 0 0.013 10.057 0.005 10.06 10.859 0 10.857 10.776 0 10.773
0.022 0.001 0.024 0.014 0 0.014 10.447 0.005 10.448 10.918 0 10.917 10.329 0 10.326
0.022 0 0.022 0.013 0.001 0.014 9.506 0.005 9.509 9.984 0 9.982 9.866 0 9.864
0.02 0.00199999999999999 0.023 0.012 0.003 0.014 9.551 0.006 9.554 10.013 0 10.012 9.916 0 9.914
0.02 0.001 0.022 0.012 0.002 0.013 9.281 0.004 9.284 10.048 0 10.044 9.983 0 9.982
0.021 0.001 0.022 0.015 0 0.014 9.045 0.007 9.049 9.472 0 9.469 9.209 0 9.208
0.021 0.000999999999999994 0.022 0.014 0.001 0.014 9.597 0.01 9.605 9.958 0 9.957 9.939 0 9.936
0.022 0 0.022 0.012 0.002 0.015 9.577 0.012 9.587 10.004 0 10.002 9.987 0 9.983
0.02 0.001 0.021 0.012 0.002 0.014 8.918 0.005 8.921 9.874 0 9.872 9.884 0 9.882
0.022 0 0.022 0.011 0.004 0.015 9.177 0.005 9.18 9.55 0 9.547 8.868 0 8.867
0.022 0 0.022 0.00800000000000001 0.006 0.014 9.217 0.009 9.224 9.614 0 9.611 9.561 0 9.561
0.021 0.001 0.022 0.012 0.002 0.015 9.544 0.007 9.549 9.922 0 9.918 9.817 0 9.816
0.022 0 0.022 0.013 0.001 0.014 9.205 0.007 9.209 9.475 0 9.474 9.438 0 9.436
0.023 0 0.023 0.013 0.000999999999999994 0.014 10.432 0.005 10.435 10.872 0 10.87 10.462 0 10.459
0.021 0.001 0.023 0.013 0 0.013 10.014 0.007 10.018 10.891 0 10.889 10.821 0 10.818
0.02 0.002 0.022 0.013 0.00199999999999999 0.015 8.994 0.00700000000000001 8.999 9.424 0 9.422 9.323 0 9.32
0.022 0 0.021 0.012 0.001 0.013 8.859 0.009 8.866 9.64 0 9.637 9.514 0 9.513
0.022 0 0.022 0.014 0 0.014 9.481 0.005 9.484 9.813 0 9.811 9.329 0 9.329
0.021 0.001 0.023 0.012 0.002 0.014 9.573 0.008 9.578 9.975 0 9.973 9.892 0 9.89
0.022 0 0.022 0.015 0 0.014 9.179 0.007 9.184 9.598 0 9.597 9.547 0 9.544
0.022 0 0.022 0.014 0.001 0.015 9.674 0.00799999999999999 9.68 10.053 0 10.052 9.946 0 9.943
0.02 0.002 0.021 0.014 0.001 0.014 9.28 0.005 9.283 9.682 0 9.679 9.598 0 9.597
0.022 0.001 0.023 0.013 0 0.012 10.011 0.011 10.019 10.94 0 10.939 10.882 0 10.878
0.021 0.001 0.022 0.012 0.003 0.014 9.485 0.008 9.492 9.904 0 9.901 9.621 0 9.62
0.022 0.000999999999999997 0.022 0.012 0.001 0.013 9.467 0.005 9.471 9.884 0 9.88 9.8 0 9.8
0.02 0.00199999999999999 0.022 0.013 0 0.013 9.493 0.002 9.493 9.899 0 9.896 9.804 0 9.802
0.022 0 0.021 0.014 0.000999999999999994 0.015 9.112 0.011 9.12 9.56 0 9.558 9.504 0 9.502
0.022 0 0.022 0.014 0.000999999999999994 0.015 9.102 0.008 9.108 9.536 0 9.534 9.476 0 9.474
0.023 0 0.023 0.012 0.00199999999999999 0.014 9.555 0.00600000000000001 9.559 9.987 0 9.985 9.888 0 9.886
0.02 0.00199999999999999 0.022 0.014 0.001 0.014 9.173 0.012 9.184 9.529 0 9.525 9.492 0 9.492
0.021 0.000999999999999994 0.022 0.013 0.002 0.015 9.035 0.011 9.043 9.476 0 9.473 9.434 0 9.433
0.022 0 0.023 0.012 0.002 0.014 9.492 0.008 9.498 9.942 0 9.939 9.792 0 9.791
0.019 0.002 0.021 0.011 0.003 0.014 8.947 0.005 8.95 9.294 0 9.291 9.253 0 9.252
0.02 0.002 0.022 0.011 0.002 0.014 8.894 0.005 8.895 9.244 0 9.242 9.434 0 9.433
0.021 0.001 0.022 0.012 0.002 0.014 9.026 0.003 9.027 9.49 0 9.486 9.452 0 9.452
0.022 0 0.022 0.011 0.003 0.015 8.984 0.011 8.992 9.436 0 9.434 9.385 0 9.384
0.018 0.003 0.022 0.013 0.00199999999999999 0.015 8.936 0.008 8.942 9.27 0 9.267 9.176 0 9.174
0.022 0 0.022 0.013 0.000999999999999994 0.015 8.956 0.007 8.96 9.388 0.001 9.386 9.314 0 9.314
0.021 0 0.021 0.011 0.003 0.014 8.82 0.01 8.828 9.924 0 9.922 9.921 0 9.919
0.022 0 0.022 0.015 0 0.014 8.904 0.014 8.917 9.351 0 9.348 8.689 0 8.688
0.021 0 0.021 0.013 0.000999999999999994 0.014 8.901 0.007 8.906 9.265 0 9.262 9.112 0 9.111
0.023 0.001 0.024 0.013 0.001 0.014 9.718 0.003 9.72 9.907 0 9.905 9.848 0 9.845
0.024 0 0.024 0.013 0.001 0.014 10.49 0.011 10.497 11.011 0 11.009 10.578 0 10.575
0.021 0.001 0.022 0.012 0.002 0.015 9.177 0.004 9.179 9.597 0 9.594 9.559 0 9.557
0.019 0.003 0.022 0.015 0 0.015 9.222 0.005 9.224 9.683 0 9.681 9.541 0 9.539
0.022 0 0.022 0.013 0.001 0.015 8.93 0.006 8.933 9.385 0 9.383 9.307 0 9.305
0.023 0 0.024 0.013 0.001 0.013 10.427 0.008 10.433 10.839 0 10.837 10.428 0 10.426
0.022 0 0.022 0.014 0 0.015 9.072 0.008 9.078 9.515 0 9.513 9.472 0 9.469
0.022 0.001 0.022 0.012 0.00199999999999999 0.014 9.573 0.009 9.583 10.064 0.001 10.064 9.87 0 9.867
0.021 0.001 0.022 0.013 0.000999999999999997 0.014 8.978 0.005 8.981 9.453 0 9.45 9.391 0 9.391
0.023 0 0.023 0.012 0.002 0.014 9.562 0.007 9.566 9.963 0 9.962 9.83 0 9.827
0.02 0.002 0.022 0.014 0.001 0.014 9.222 0.009 9.228 9.506 0.001 9.506 9.443 0 9.44
0.022 0.001 0.023 0.014 0 0.014 9.588 0.011 9.596 10.024 0 10.023 9.93 0 9.927
0.021 0.002 0.023 0.013 0.000999999999999994 0.014 9.574 0.009 9.581 10.073 0 10.071 9.976 0 9.973
0.021 0 0.021 0.014 0 0.014 8.598 0.007 8.604 9.562 0 9.558 9.608 0 9.606
0.022 0 0.022 0.014 0 0.015 9.182 0.00899999999999999 9.188 9.518 0 9.515 8.865 0 8.865
0.022 0 0.022 0.015 0 0.015 9.578 0.008 9.583 9.979 0.001 9.98 9.936 0 9.932
0.022 0 0.022 0.014 0 0.014 9.578 0.012 9.588 10.043 0 10.041 9.984 0 9.981
0.02 0.002 0.022 0.011 0.003 0.015 9.574 0.002 9.572 9.944 0 9.943 9.768 0 9.765
0.021 0.001 0.022 0.014 0.001 0.014 9.012 0.012 9.023 9.419 0 9.416 9.386 0 9.384
0.021 0.001 0.022 0.012 0.002 0.014 8.907 0.008 8.913 9.35 0 9.348 9.272 0 9.27
0.022 0 0.022 0.015 0 0.014 9.547 0.01 9.556 9.976 0 9.974 9.813 0 9.81
0.022 0 0.022 0.012 0.00199999999999999 0.014 9.479 0.007 9.484 9.887 0 9.884 9.802 0 9.8
0.022 0 0.022 0.013 0.002 0.015 9.523 0.00899999999999999 9.529 9.94 0 9.939 9.908 0 9.906
0.022 0.00199999999999999 0.024 0.013 0.001 0.013 10.48 0.003 10.482 10.928 0 10.925 10.482 0 10.48
0.021 0.002 0.022 0.013 0.001 0.014 9.095 0.008 9.1 9.486 0 9.484 9.44 0 9.438
0.023 0 0.022 0.012 0.002 0.015 9.177 0.01 9.185 9.624 0 9.621 9.564 0 9.562
0.019 0.003 0.022 0.011 0.004 0.015 9.639 0.009 9.645 10.035 0 10.034 9.907 0 9.905
0.02 0.003 0.022 0.012 0.002 0.014 9.521 0.013 9.531 9.773 0 9.771 9.692 0 9.69
0.021 0.001 0.022 0.014 0 0.015 9.084 0.00600000000000001 9.087 9.469 0 9.467 9.437 0.001 9.436
0.021 0.001 0.022 0.011 0.003 0.014 9.584 0.00700000000000001 9.589 9.926 0 9.923 9.879 0 9.877
0.021 0.001 0.023 0.011 0.003 0.014 9.54 0.005 9.542 9.954 0 9.952 9.873 0 9.871
0.021 0 0.021 0.014 0 0.014 8.751 0.005 8.754 9.44 0 9.439 9.356 0 9.353
0.022 0 0.022 0.01 0.005 0.014 9.151 0.008 9.158 9.419 0 9.416 9.04 0 9.039
0.022 0 0.022 0.014 0.001 0.014 9.143 0.012 9.153 9.632 0 9.629 9.579 0 9.578
0.021 0.001 0.022 0.012 0.002 0.015 9.138 0.006 9.141 9.597 0 9.595 9.54 0 9.539
0.022 0.001 0.022 0.014 0 0.014 9.542 0.003 9.543 9.944 0 9.943 9.929 0 9.926
0.021 0.001 0.022 0.014 0.001 0.015 9.565 0.011 9.574 9.982 0 9.98 9.948 0 9.945
0.021 0.000999999999999994 0.022 0.015 0 0.014 9.207 0.00600000000000001 9.21 9.649 0 9.647 9.556 0 9.553
0.021 0.001 0.022 0.014 0.001 0.015 9.609 0.007 9.614 9.949 0 9.947 9.801 0 9.798
0.022 0 0.022 0.013 0.001 0.014 9.246 0.007 9.251 10.053 0 10.05 10.007 0 10.006
0.021 0.001 0.023 0.013 0.00199999999999999 0.014 9.599 0.007 9.604 10.01 0 10.008 9.507 0 9.504
0.023 0 0.022 0.014 0 0.015 9.268 0.01 9.276 9.677 0 9.673 9.643 0 9.642
0.021 0.001 0.022 0.012 0.002 0.015 9.571 0.005 9.573 9.945 0 9.943 9.836 0 9.834
0.021 0 0.021 0.012 0.001 0.014 8.718 0.009 8.724 9.47 0 9.468 9.431 0 9.429
0.022 0 0.022 0.011 0.003 0.014 9.015 0.005 9.017 9.402 0 9.4 9.045 0 9.043
0.021 0 0.021 0.013 0.001 0.014 8.649 0.008 8.655 9.357 0 9.355 9.275 0 9.274
0.023 0.001 0.024 0.014 0 0.014 10.445 0.005 10.449 10.883 0.001 10.881 9.947 0 9.945
0.021 0.002 0.023 0.014 0 0.014 9.54 0.01 9.548 10.006 0.000999999999999994 10.005 9.954 0 9.952
0.022 0 0.022 0.012 0.002 0.014 9.529 0.011 9.537 9.91 0 9.908 9.898 0 9.895
0.021 0 0.021 0.012 0.002 0.014 8.829 0.006 8.833 9.963 0 9.962 9.922 0 9.919
0.024 0 0.024 0.014 0 0.014 10.422 0.002 10.422 10.568 0 10.567 9.746 0 9.743
0.021 0 0.021 0.013 0.001 0.013 8.731 0.01 8.74 9.434 0 9.432 9.381 0 9.378
0.021 0.001 0.022 0.014 0 0.014 9.169 0.006 9.172 9.578 0.001 9.577 9.135 0 9.133
0.023 0 0.023 0.013 0.001 0.014 9.21 0.012 9.22 9.707 0 9.704 9.581 0.001 9.581
0.022 0 0.022 0.013 0.001 0.015 8.912 0.01 8.92 9.345 0 9.343 9.277 0 9.275
0.022 0.001 0.023 0.013 0 0.013 10.038 0.007 10.042 10.958 0 10.955 10.888 0 10.885
0.022 0 0.022 0.012 0.002 0.014 9.521 0.014 9.532 9.874 0 9.872 9.566 0 9.564
0.021 0 0.021 0.011 0.002 0.014 8.626 0.008 8.632 9.014 0 9.012 8.936 0 8.933
0.02 0.001 0.021 0.01 0.004 0.014 8.842 0.007 8.847 9.227 0 9.224 9.12 0 9.125
0.021 0 0.021 0.012 0.002 0.014 9.309 0.008 9.315 10.052 0 10.049 10.018 0 10.016
0.024 0 0.023 0.014 0 0.014 10.504 0.00600000000000001 10.507 10.943 0 10.941 10.111 0 10.108
0.021 0 0.021 0.011 0.003 0.014 9.312 0.008 9.319 10.137 0 10.133 10.076 0 10.074
0.023 0.001 0.024 0.014 0 0.014 10.426 0.006 10.429 10.867 0 10.865 10.106 0 10.104
0.024 0 0.024 0.013 0.001 0.014 10.374 0.009 10.381 10.837 0 10.834 10.42 0 10.418
0.022 0 0.022 0.013 0.001 0.015 9.043 0.006 9.047 9.495 0 9.492 9.429 0 9.428
0.022 0 0.022 0.013 0.001 0.014 8.865 0.009 8.872 9.346 0 9.343 9.278 0 9.277
0.021 0.001 0.022 0.012 0.003 0.015 8.936 0.008 8.942 9.396 0 9.393 9.325 0 9.324
0.022 0.001 0.023 0.012 0 0.013 10.063 0.008 10.069 10.93 0 10.927 10.888 0 10.884
0.021 0.001 0.022 0.011 0.003 0.014 9.037 0.008 9.043 9.436 0 9.432 9.316 0 9.315
0.022 0 0.022 0.014 0.001 0.014 9.555 0.007 9.559 9.959 0 9.959 9.898 0 9.895
0.024 0 0.024 0.014 0 0.014 10.51 0.009 10.516 10.931 0 10.929 10.644 0 10.641
0.02 0.001 0.021 0.00999999999999998 0.004 0.014 8.975 0.007 8.981 9.614 0 9.611 9.586 0 9.585
0.023 0.001 0.024 0.014 0 0.014 10.533 0.003 10.534 10.972 0 10.97 10.017 0 10.013
0.022 0 0.022 0.014 0.001 0.015 9.738 0.008 9.743 10.134 0.001 10.134 10.071 0 10.068
0.024 0 0.023 0.013 0.001 0.014 10.413 0.005 10.416 10.846 0 10.843 10.59 0 10.587
0.021 0.001 0.022 0.012 0.003 0.015 9.226 0.004 9.227 9.653 0 9.651 9.56 0 9.557
0.022 0 0.023 0.01 0.004 0.014 9.572 0.009 9.578 9.975 0 9.973 9.812 0 9.809
0.022 0.001 0.023 0.012 0.001 0.013 10.034 0.00799999999999999 10.039 10.891 0.001 10.891 10.845 0 10.841
0.021 0.002 0.022 0.012 0.002 0.015 9.577 0.012 9.587 10.014 0 10.013 9.72 0 9.717
0.021 0.001 0.022 0.012 0.00199999999999999 0.014 8.948 0.004 8.95 9.284 0 9.281 9.188 0 9.187
0.021 0.001 0.022 0.012 0.003 0.014 9.049 0.003 9.051 9.358 0 9.354 9.29 0 9.29
0.022 0 0.022 0.013 0.00199999999999999 0.014 9.192 0.00600000000000001 9.197 9.5 0 9.497 9.466 0 9.464
0.022 0.000999999999999994 0.024 0.014 0 0.014 10.368 0.00600000000000001 10.37 10.839 0 10.838 10.426 0 10.422
0.021 0.003 0.024 0.014 0 0.014 10.486 0.008 10.492 10.921 0 10.918 10.861 0 10.858
0.024 0 0.023 0.014 0 0.014 10.482 0.009 10.488 10.933 0 10.931 10.866 0 10.863
0.021 0.000999999999999994 0.022 0.011 0.004 0.014 9.609 0.005 9.612 9.988 0 9.987 9.904 0 9.901
0.019 0.003 0.022 0.014 0.001 0.014 9.176 0.005 9.178 9.558 0 9.557 9.515 0 9.512
0.02 0.003 0.023 0.014 0 0.014 9.553 0.01 9.56 9.96 0 9.959 9.808 0 9.805
0.021 0.000999999999999997 0.022 0.014 0.001 0.014 9.03 0.008 9.036 9.445 0 9.442 9.355 0 9.353
0.018 0.003 0.022 0.013 0.001 0.013 8.855 0.007 8.86 9.948 0 9.947 9.952 0 9.949
0.022 0.001 0.022 0.01 0.004 0.014 9.007 0.01 9.015 9.407 0 9.405 8.789 0 8.788
0.022 0 0.022 0.014 0 0.014 8.777 0.00899999999999999 8.784 9.561 0 9.559 9.489 0 9.487
0.022 0.002 0.024 0.014 0 0.014 10.448 0.01 10.455 10.893 0.001 10.892 9.968 0 9.965
0.022 0.001 0.023 0.014 0.001 0.015 10.362 0.005 10.365 10.766 0 10.763 10.399 0 10.397
0.022 0 0.022 0.013 0.00199999999999999 0.014 9.148 0.015 9.162 9.596 0 9.593 9.55 0 9.549
0.022 0 0.022 0.013 0.002 0.015 9.556 0.011 9.565 9.947 0 9.946 9.956 0 9.953
0.024 0 0.024 0.013 0.000999999999999994 0.014 10.42 0.003 10.42 10.879 0 10.878 10.541 0 10.539
0.021 0 0.021 0.014 0 0.014 8.638 0.008 8.644 9.315 0 9.313 9.222 0 9.22
0.021 0.001 0.022 0.012 0.00199999999999999 0.015 8.916 0.00800000000000001 8.921 9.341 0 9.34 8.957 0 8.954
0.02 0 0.021 0.011 0.002 0.014 8.807 0.005 8.809 9.462 0 9.46 9.276 0 9.281
0.022 0 0.022 0.012 0.002 0.014 9.044 0.01 9.052 9.458 0 9.456 9.079 0 9.077
0.023 0.001 0.023 0.013 0 0.014 10.38 0.00700000000000001 10.384 10.823 0 10.821 10.411 0 10.409
0.022 0 0.022 0.014 0 0.014 9.177 0.01 9.185 9.615 0 9.612 9.546 0 9.545
0.022 0 0.023 0.014 0.000999999999999994 0.015 9.654 0.008 9.659 10.106 0 10.105 9.9 0 9.897
0.02 0.002 0.022 0.014 0.001 0.014 8.974 0.013 8.985 9.448 0 9.445 9.364 0 9.362
0.023 0 0.022 0.014 0 0.014 9.298 0.009 9.306 9.724 0 9.72 9.687 0 9.686
0.024 0 0.025 0.013 0.001 0.013 10.504 0.008 10.51 10.975 0 10.972 10.544 0 10.542
0.022 0.001 0.023 0.013 0 0.013 9.54 0.008 9.547 9.95 0 9.947 9.859 0 9.858
0.019 0.002 0.021 0.00900000000000001 0.005 0.014 8.511 0.007 8.516 8.885 0 8.883 8.815 0 8.813
0.022 0.001 0.022 0.013 0 0.013 9.549 0.003 9.551 9.941 0 9.939 9.87 0 9.867
0.021 0 0.021 0.012 0.002 0.014 8.645 0.006 8.649 9.6 0 9.597 9.606 0 9.605
0.024 0 0.023 0.014 0 0.014 10.36 0.008 10.366 10.534 0 10.532 9.786 0 9.784
0.021 0.00199999999999999 0.024 0.014 0 0.014 10.45 0.003 10.45 10.91 0.001 10.909 10.863 0 10.859
0.022 0.001 0.024 0.013 0.001 0.014 10.41 0.006 10.412 10.855 0 10.853 10.796 0 10.794
0.023 0.001 0.024 0.014 0 0.014 10.418 0.009 10.425 10.866 0 10.864 10.434 0 10.43
0.022 0 0.022 0.011 0.003 0.014 8.993 0.004 8.996 9.435 0.001 9.433 9.373 0 9.371
0.022 0 0.022 0.014 0.001 0.015 9.179 0.007 9.182 9.621 0 9.619 9.521 0 9.519
0.022 0 0.022 0.012 0.002 0.015 9.213 0.006 9.216 9.596 0 9.594 9.545 0 9.542
0.023 0 0.022 0.014 0.001 0.015 9.684 0.006 9.688 10.085 0 10.084 10.011 0 10.007
0.022 0.00199999999999999 0.024 0.014 0 0.013 10.454 0.009 10.462 10.929 0 10.927 10.666 0 10.663
0.021 0.001 0.022 0.013 0.00199999999999999 0.015 9.534 0.01 9.541 9.931 0 9.93 9.876 0 9.873
0.021 0.003 0.023 0.013 0 0.014 10.479 0.004 10.48 10.934 0 10.932 10.619 0 10.616
0.022 0 0.023 0.013 0.001 0.014 9.574 0.008 9.58 9.982 0 9.98 9.898 0 9.894
0.02 0.002 0.023 0.015 0 0.014 9.521 0.014 9.533 9.925 0 9.923 9.853 0 9.851
0.021 0 0.022 0.014 0 0.014 8.654 0.008 8.66 9.37 0 9.366 9.329 0 9.328
0.021 0.001 0.023 0.013 0.00199999999999999 0.014 9.084 0.011 9.092 9.515 0 9.513 9.091 0 9.091
0.022 0 0.022 0.012 0.00199999999999999 0.014 9.081 0.00600000000000001 9.085 9.521 0 9.519 9.496 0 9.494
0.02 0.002 0.022 0.013 0.002 0.014 9.182 0.009 9.189 9.607 0 9.604 9.552 0 9.551
0.02 0.002 0.022 0.013 0.002 0.015 9.289 0.00799999999999999 9.293 9.686 0 9.685 9.65 0 9.647
0.02 0.001 0.022 0.013 0.002 0.014 9.172 0.007 9.176 9.572 0 9.57 9.479 0 9.479
0.022 0 0.022 0.013 0.001 0.014 9.166 0.006 9.168 9.632 0 9.631 9.566 0 9.563
0.022 0 0.022 0.013 0.001 0.014 9.054 0.006 9.058 9.447 0.001 9.446 9.421 0 9.42
0.022 0 0.022 0.014 0 0.014 9.61 0.009 9.616 10.016 0 10.014 10.007 0 10.005
0.022 0 0.022 0.011 0.003 0.015 9.585 0.006 9.588 10.023 0 10.021 9.951 0 9.948
0.022 0 0.021 0.013 0.001 0.014 8.871 0.008 8.877 9.963 0 9.961 9.951 0 9.948
0.022 0 0.022 0.012 0.002 0.015 9.126 0.008 9.132 9.54 0 9.536 8.849 0 8.849
0.021 0.000999999999999994 0.023 0.013 0 0.013 10.006 0.008 10.01 10.885 0 10.884 10.85 0 10.846
0.023 0.001 0.024 0.014 0 0.014 10.456 0.005 10.457 10.956 0 10.955 10.365 0 10.362
0.024 0 0.024 0.014 0 0.014 10.416 0.008 10.421 10.852 0 10.85 10.415 0 10.412
0.022 0 0.023 0.013 0.001 0.014 9.034 0.01 9.041 9.463 0 9.462 9.398 0 9.396
0.021 0 0.021 0.011 0.003 0.014 8.647 0.005 8.65 9 0 8.998 9.28 0 9.278
0.022 0 0.023 0.012 0.000999999999999997 0.013 9.535 0.005 9.537 9.923 0 9.921 10.662 0 10.66
0.019 0.00199999999999999 0.021 0.00900000000000001 0.004 0.014 8.706 0.011 8.715 9.385 0 9.383 9.316 0 9.314
0.023 0.000999999999999997 0.024 0.014 0 0.014 10.385 0.003 10.385 10.824 0 10.822 9.866 0 9.863
0.021 0.001 0.022 0.011 0.004 0.014 9.487 0.008 9.494 9.292 0 9.288 9.192 0 9.192
0.022 0 0.023 0.013 0.002 0.014 9.15 0.00799999999999999 9.157 9.237 0 9.235 9.116 0 9.113
0.022 0 0.021 0.012 0.001 0.014 8.672 0.007 8.676 9.026 0 9.024 8.921 0 8.92
0.019 0.002 0.021 0.014 0 0.013 8.81 0.01 8.818 9.042 0 9.04 9.049 0 9.048
0.02 0.002 0.023 0.01 0.005 0.014 9.026 0.01 9.034 9.449 0 9.448 9.398 0 9.395
0.023 0.001 0.023 0.014 0 0.014 10.523 0.006 10.527 10.962 0 10.959 10.468 0 10.466
0.022 0 0.022 0.015 0 0.015 8.954 0.00899999999999999 8.96 9.412 0 9.411 9.35 0 9.348
0.022 0 0.022 0.012 0.003 0.015 9.545 0.011 9.554 9.993 0 9.991 9.806 0 9.803
0.021 0.001 0.022 0.013 0.002 0.015 9.299 0.008 9.304 9.575 0 9.573 9.489 0 9.489
0.021 0.001 0.022 0.015 0 0.014 9.565 0.012 9.575 10.026 0.001 10.026 9.853 0 9.85
0.022 0 0.023 0.012 0.002 0.014 9.69 0.007 9.694 10.139 0 10.138 10.126 0 10.122
0.021 0.00199999999999999 0.023 0.015 0 0.015 10.397 0.006 10.4 10.843 0 10.841 10.657 0 10.654
0.02 0.002 0.022 0.013 0.002 0.015 9.25 0.008 9.255 9.671 0 9.668 9.644 0 9.643
0.021 0.001 0.022 0.012 0.004 0.015 9.556 0.004 9.558 9.946 0 9.944 9.855 0 9.852
0.022 0.00199999999999999 0.024 0.013 0 0.013 10.485 0.005 10.487 10.945 0 10.943 10.52 0 10.517
0.022 0 0.022 0.012 0.00199999999999999 0.014 9.084 0.013 9.093 9.454 0 9.453 9.405 0 9.403
0.02 0.002 0.023 0.015 0 0.014 9.613 0.012 9.622 10.059 0 10.057 9.978 0 9.976
0.022 0.001 0.023 0.015 0 0.014 10.407 0.007 10.413 10.797 0 10.795 10.51 0 10.507
0.022 0 0.022 0.013 0.001 0.014 9.635 0.00899999999999999 9.641 10.045 0 10.045 9.974 0 9.97
0.022 0 0.022 0.014 0 0.015 9.572 0.006 9.574 9.988 0 9.988 9.94 0 9.937
0.021 0.001 0.022 0.011 0.003 0.014 9.015 0.01 9.023 9.338 0 9.335 9.239 0 9.238
0.022 0 0.022 0.013 0.001 0.014 9.202 0.006 9.204 9.606 0 9.605 9.52 0 9.518
0.022 0 0.022 0.011 0.003 0.014 8.625 0.00700000000000001 8.63 9.587 0 9.584 9.555 0 9.554
0.022 0 0.021 0.011 0.003 0.015 9.129 0.006 9.133 9.507 0 9.504 8.835 0 8.833
0.021 0.001 0.022 0.013 0.000999999999999994 0.014 9.004 0.00700000000000001 9.009 9.426 0 9.424 9.358 0 9.357
0.021 0.001 0.022 0.011 0.003 0.014 9.201 0.005 9.202 9.587 0 9.586 9.481 0 9.479
0.022 0 0.022 0.012 0.002 0.014 8.97 0.01 8.978 9.446 0 9.443 9.394 0 9.393
0.021 0.001 0.022 0.012 0.002 0.015 8.887 0.007 8.89 9.328 0 9.326 9.244 0 9.244
0.02 0.001 0.022 0.012 0.00199999999999999 0.013 9.253 0.011 9.263 9.927 0 9.924 9.812 0 9.811
0.022 0.001 0.023 0.011 0.003 0.014 9.257 0.011 9.266 9.709 0.001 9.708 9.319 0 9.316
0.021 0.001 0.022 0.014 0.001 0.014 9.237 0.00899999999999999 9.245 9.643 0 9.64 9.565 0 9.564
0.022 0 0.022 0.013 0.000999999999999994 0.015 9.046 0.01 9.054 9.48 0 9.476 9.439 0 9.438
0.022 0 0.021 0.012 0.00199999999999999 0.015 9.22 0.011 9.229 9.624 0 9.622 9.556 0 9.554
0.019 0.003 0.022 0.012 0.002 0.015 9.58 0.008 9.585 9.891 0 9.888 9.747 0 9.745
0.022 0 0.022 0.015 0 0.015 9.066 0.003 9.065 9.427 0 9.426 9.36 0 9.357
0.021 0.001 0.022 0.012 0.002 0.015 9.556 0.013 9.565 9.96 0 9.959 9.807 0 9.804
0.022 0 0.022 0.014 0 0.014 9.166 0.00899999999999999 9.172 9.648 0 9.646 9.572 0 9.57
0.023 0 0.024 0.014 0 0.014 10.441 0.007 10.444 10.921 0.001 10.92 10.487 0 10.485
0.02 0.001 0.022 0.013 0.001 0.014 8.482 0.00799999999999999 8.487 8.866 0 8.864 8.819 0 8.818
0.02 0.001 0.021 0.014 0 0.014 8.861 0.012 8.871 9.237 0 9.234 9.301 0 9.3
0.022 0 0.022 0.013 0.002 0.015 9.052 0.008 9.057 9.45 0 9.448 9.403 0 9.401
0.022 0 0.022 0.011 0.003 0.014 9.043 0.01 9.051 9.444 0 9.441 9.386 0 9.385
0.021 0.001 0.022 0.013 0.001 0.014 8.69 0.009 8.697 8.987 0 8.986 8.884 0 8.882
0.021 0.004 0.024 0.014 0 0.014 9.521 0.006 9.525 9.853 0 9.85 9.784 0 9.783
0.022 0 0.022 0.014 0 0.014 9.593 0.009 9.598 10.023 0.001 10.024 9.904 0 9.901
0.022 0 0.022 0.015 0 0.014 9.184 0.004 9.187 9.579 0 9.576 9.528 0 9.527
0.021 0.003 0.023 0.013 0.001 0.014 10.438 0.004 10.441 10.945 0.001 10.944 10.491 0 10.487
0.022 0 0.022 0.014 0 0.015 8.992 0.006 8.995 9.443 0 9.44 9.367 0 9.367
0.022 0 0.022 0.013 0.002 0.015 9.233 0.007 9.237 9.548 0 9.545 9.454 0 9.454
0.023 0.001 0.024 0.014 0 0.014 10.533 0.004 10.533 10.977 0 10.975 10.515 0 10.513
0.019 0.00199999999999999 0.021 0.013 0.001 0.014 8.458 0.007 8.463 9.391 0 9.388 9.386 0 9.385
0.021 0.003 0.024 0.013 0 0.014 10.398 0.006 10.4 10.45 0 10.448 9.799 0 9.797
0.02 0 0.021 0.014 0 0.014 8.921 0.011 8.929 9.629 0 9.627 9.611 0 9.609
0.02 0.002 0.022 0.014 0 0.015 9.545 0.009 9.552 9.997 0 9.994 9.391 0 9.39
0.022 0 0.022 0.012 0.002 0.014 9.56 0.005 9.563 9.962 0 9.96 9.943 0 9.94
0.021 0.003 0.024 0.014 0 0.014 10.4 0.005 10.402 10.731 0 10.73 10.443 0 10.439
0.021 0.001 0.022 0.013 0.001 0.015 9.603 0.005 9.605 10.047 0.001 10.047 9.992 0 9.989
0.02 0.002 0.022 0.012 0.003 0.015 9.591 0.001 9.59 10.01 0 10.008 9.951 0 9.948
0.021 0 0.022 0.013 0.002 0.014 9.158 0.011 9.168 9.591 0 9.588 9.51 0 9.509
0.021 0.000999999999999994 0.022 0.011 0.003 0.014 9.622 0.009 9.629 9.989 0 9.987 9.83 0 9.828
0.024 0.001 0.024 0.014 0 0.014 10.494 0.004 10.495 10.903 0 10.901 10.497 0 10.495
0.02 0.001 0.022 0.013 0.00199999999999999 0.014 9.21 0.00600000000000001 9.214 9.512 0 9.511 9.487 0 9.485
0.021 0.001 0.022 0.013 0.000999999999999994 0.014 8.916 0.00600000000000001 8.92 9.38 0 9.377 9.298 0 9.297
0.022 0 0.022 0.013 0.000999999999999994 0.015 9.172 0.011 9.18 9.59 0 9.588 9.5 0 9.498
0.022 0.001 0.023 0.013 0.001 0.015 10.436 0.004 10.437 10.925 0 10.922 10.562 0 10.56
0.021 0.001 0.022 0.013 0.000999999999999994 0.015 9.306 0.01 9.313 9.749 0 9.746 9.645 0 9.644
0.022 0.001 0.023 0.011 0.001 0.013 9.441 0.005 9.443 9.847 0.002 9.847 10.7 0 10.697
0.019 0.002 0.021 0.013 0.001 0.014 8.61 0.00799999999999999 8.616 9.009 0 9.006 9.426 0 9.425
0.022 0.002 0.024 0.013 0.001 0.014 10.439 0.004 10.439 10.901 0.001 10.901 10.855 0 10.852
0.023 0 0.023 0.012 0.002 0.014 10.528 0.001 10.526 10.969 0 10.967 10.901 0 10.897
0.023 0.001 0.024 0.014 0 0.014 10.081 0.003 10.082 9.908 0 9.906 9.806 0 9.803
0.02 0.002 0.022 0.012 0.003 0.014 9.498 0.004 9.5 9.103 0 9.1 9.035 0 9.034
0.022 0 0.022 0.012 0.003 0.014 9.129 0.011 9.139 9.554 0 9.552 9.49 0 9.488
0.024 0 0.024 0.014 0 0.014 10.46 0.007 10.465 10.932 0.001 10.931 10.466 0 10.463
0.021 0 0.021 0.014 0 0.014 8.624 0.007 8.629 8.995 0 8.994 8.894 0 8.892
0.021 0 0.02 0.012 0.002 0.014 8.623 0.01 8.631 8.985 0 8.983 8.917 0 8.915
0.021 0.001 0.022 0.014 0 0.015 9.049 0.01 9.055 9.447 0 9.445 9.39 0 9.388
0.021 0.001 0.022 0.01 0.005 0.014 9.61 0.006 9.614 10.055 0.001 10.053 9.844 0 9.843
0.02 0.001 0.022 0.014 0 0.013 8.83 0.007 8.835 9.216 0 9.214 9.131 0 9.13
0.02 0.001 0.021 0.013 0.000999999999999994 0.014 8.812 0.008 8.818 9.188 0 9.186 9.09 0 9.088
0.023 0.001 0.024 0.013 0 0.014 10.43 0.01 10.437 10.948 0.000999999999999994 10.947 10.904 0 10.901
0.024 0 0.024 0.014 0 0.014 10.462 0.005 10.463 10.927 0.001 10.927 10.875 0 10.873
0.02 0.001 0.021 0.012 0.002 0.014 8.446 0.00799999999999999 8.452 8.854 0 8.852 8.799 0 8.798
0.02 0.001 0.021 0.013 0.001 0.014 8.841 0.007 8.846 9.172 0 9.169 9.114 0 9.113
0.024 0 0.024 0.014 0 0.014 10.472 0.004 10.473 10.914 0 10.912 10.489 0 10.486
0.022 0 0.022 0.013 0.002 0.014 9.042 0.011 9.051 9.501 0 9.499 9.433 0 9.431
0.021 0 0.021 0.01 0.003 0.014 8.519 0.008 8.524 8.856 0 8.854 8.76 0 8.758
0.02 0.001 0.021 0.012 0.001 0.014 8.418 0.015 8.43 8.782 0 8.78 8.713 0 8.712
0.022 0 0.022 0.012 0.002 0.014 9.284 0.007 9.289 10.053 0 10.05 9.987 0 9.986
0.021 0.000999999999999994 0.022 0.014 0.001 0.015 9.191 0.01 9.199 9.64 0 9.636 9.272 0 9.272
0.022 0 0.022 0.013 0.002 0.014 9.511 0.008 9.518 9.98 0 9.977 9.949 0 9.948
0.021 0.002 0.023 0.00900000000000001 0.005 0.014 9.467 0.009 9.474 9.958 0 9.955 9.878 0 9.877
0.022 0 0.022 0.012 0.002 0.015 9.71 0.005 9.711 10.081 0 10.079 10.05 0 10.048
0.021 0.001 0.023 0.014 0.001 0.014 9.585 0.006 9.588 10.004 0 10.002 9.946 0 9.944
0.022 0 0.022 0.014 0 0.013 8.789 0.006 8.794 9.903 0 9.9 9.911 0 9.909
0.022 0 0.023 0.013 0.001 0.014 8.987 0.007 8.992 9.415 0 9.413 8.768 0 8.766
0.022 0.002 0.024 0.014 0 0.014 10.573 0.004 10.575 11.032 0 11.03 10.533 0 10.53
0.022 0 0.022 0.013 0.001 0.015 8.972 0.01 8.978 9.436 0 9.435 9.372 0 9.371
0.023 0 0.023 0.012 0.001 0.013 10.087 0.008 10.092 10.947 0 10.944 10.876 0 10.873
0.023 0.000999999999999994 0.024 0.013 0.001 0.015 10.445 0.00600000000000001 10.447 10.777 0.001 10.777 10.222 0 10.22
0.018 0.003 0.021 0.01 0.004 0.014 9.302 0.005 9.305 10.069 0 10.066 9.984 0 9.982
0.022 0 0.022 0.013 0.001 0.015 9.529 0.007 9.534 9.974 0 9.972 9.498 0 9.494
0.021 0 0.021 0.012 0.001 0.014 8.871 0.011 8.879 9.627 0 9.625 9.527 0.001 9.527
0.021 0.001 0.022 0.00900000000000001 0.00600000000000001 0.015 8.955 0.011 8.964 9.409 0 9.406 9.031 0 9.03
0.023 0 0.023 0.014 0.001 0.015 9.662 0.007 9.666 10.045 0 10.043 9.955 0 9.953
0.022 0 0.023 0.013 0.001 0.014 9.293 0.002 9.293 9.744 0 9.741 9.726 0 9.725
0.021 0.002 0.023 0.012 0 0.013 9.46 0.006 9.464 10.86 0 10.858 10.816 0 10.813
0.021 0.001 0.022 0.013 0.001 0.014 8.861 0.007 8.865 9.303 0 9.301 8.817 0 8.817
0.023 0 0.023 0.014 0 0.014 9.278 0.009 9.285 9.697 0 9.693 9.605 0 9.605
0.023 0 0.022 0.011 0.003 0.015 9.294 0.01 9.301 9.703 0 9.7 9.674 0 9.673
0.022 0.001 0.022 0.012 0.002 0.014 9.132 0.005 9.135 9.581 0 9.578 9.497 0 9.496
0.023 0.001 0.024 0.014 0 0.013 10.434 0.009 10.44 10.894 0 10.893 10.521 0 10.518
0.022 0.001 0.023 0.012 0.001 0.013 9.542 0.004 9.544 9.91 0 9.907 9.856 0 9.854
0.02 0.000999999999999997 0.022 0.013 0.001 0.013 8.609 0.012 8.619 8.969 0 8.967 8.939 0 8.937
0.021 0.001 0.021 0.014 0 0.015 9.518 0.01 9.532 9.763 0 9.765 9.503 0 9.504
0.021 0.001 0.022 0.012 0.00199999999999999 0.014 9.019 0.00700000000000001 9.024 9.495 0.001 9.493 9.406 0 9.408
0.021 0.001 0.021 0.011 0.002 0.014 8.49 0.009 8.497 8.848 0 8.844 8.758 0 8.757
