0.151 0.016 0.166 0.121 0.005 0.126 53.252 0.036 53.277 60.619 0.003 60.616 60.433 0.001 60.429
0.151 0.01 0.161 0.117 0.00900000000000001 0.126 53.339 0.037 53.364 61.387 0.013 61.387 61.376 0.021 61.384
0.148 0.013 0.161 0.112 0.014 0.126 53.421 0.036 53.446 61.505 0 61.493 61.511 0 61.499
0.147 0.017 0.164 0.119 0.00700000000000001 0.127 53.089 0.034 53.111 61.226 0 61.213 61.232 0.001 61.219
0.155 0.011 0.167 0.114 0.013 0.127 53.585 0.027 53.6 61.658 0.001 61.645 60.982 0.001 60.978
0.15 0.015 0.165 0.111 0.015 0.126 53.528 0.039 53.554 61.602 0 61.586 61.287 0.002 61.275
0.148 0.012 0.16 0.114 0.011 0.126 53.188 0.04 53.215 60.887 0 60.882 60.648 0 60.641
0.15 0.01 0.16 0.113 0.014 0.127 53.478 0.034 53.5 61.856 0.001 61.843 61.816 0.001 61.803
0.152 0.015 0.167 0.117 0.01 0.128 53.803 0.077 53.869 61.701 0 61.686 61.71 0.001 61.699
0.157 0.00799999999999999 0.166 0.114 0.013 0.126 53.393 0.047 53.429 61.613 0 61.599 61.587 0.002 61.576
0.156 0.00800000000000001 0.164 0.117 0.00899999999999999 0.126 53.591 0.042 53.621 61.713 0 61.698 61.653 0 61.64
0.147 0.017 0.164 0.115 0.011 0.125 53.191 0.046 53.226 61.297 0.002 61.287 61.239 0.001 61.226
0.151 0.014 0.165 0.115 0.013 0.127 53.269 0.032 53.29 61.094 0 61.091 60.373 0.002 60.361
0.154 0.011 0.164 0.111 0.014 0.126 53.283 0.042 53.312 61.522 0.004 61.513 61.494 0 61.479
0.151 0.014 0.164 0.119 0.00900000000000001 0.128 53.692 0.041 53.72 61.7 0 61.686 61.612 0.001 61.601
0.151 0.013 0.165 0.116 0.01 0.125 53.603 0.048 53.639 61.533 0.003 61.522 61.496 0.004 61.487
0.153 0.013 0.166 0.111 0.015 0.127 53.579 0.044 53.611 61.295 0 61.281 61.605 0 61.593
0.152 0.013 0.165 0.116 0.012 0.128 53.272 0.039 53.299 61.349 0 61.336 61.302 0 61.288
0.151 0.014 0.164 0.113 0.013 0.127 53.522 0.067 53.577 61.477 0.035 61.498 61.477 0.04 61.503
0.149 0.018 0.167 0.114 0.014 0.128 53.589 0.032 53.609 61.531 0.001 61.518 61.528 0.002 61.517
0.157 0.011 0.167 0.118 0.01 0.129 53.823 0.029 53.839 61.734 0 61.721 60.589 0.002 60.586
0.148 0.018 0.166 0.113 0.013 0.126 53.67 0.06 53.718 61.784 0.018 61.787 61.52 0.03 61.538
0.154 0.011 0.165 0.111 0.017 0.129 53.669 0.049 53.705 61.649 0.014 61.649 61.635 0.00499999999999998 61.628
0.152 0.015 0.167 0.118 0.00899999999999998 0.127 53.673 0.041 53.703 61.601 0 61.587 61.64 0 61.627
0.155 0.011 0.166 0.113 0.014 0.127 53.574 0.036 53.597 61.223 0.00299999999999997 61.22 60.546 0.003 60.535
0.151 0.014 0.165 0.116 0.01 0.126 53.28 0.053 53.322 60.742 0.001 60.735 60.502 0 60.495
0.153 0.012 0.166 0.115 0.013 0.128 53.426 0.037 53.452 61.294 0.000999999999999973 61.28 61.257 0 61.244
0.152 0.012 0.164 0.11 0.016 0.126 53.245 0.034 53.267 61.272 0.001 61.259 61.238 0.002 61.226
0.154 0.012 0.165 0.115 0.01 0.125 53.329 0.026 53.344 61.419 0 61.406 61.036 0.00399999999999998 61.034
0.146 0.017 0.163 0.105 0.02 0.125 53.392 0.073 53.454 62.052 0 62.038 62.008 0.002 61.998
0.155 0.012 0.167 0.117 0.011 0.129 53.504 0.06 53.552 61.335 0.057 61.378 61.465 0.002 61.456
0.148 0.018 0.166 0.116 0.011 0.126 53.521 0.053 53.564 61.555 0.002 61.543 61.125 0.001 61.115
0.15 0.015 0.165 0.114 0.012 0.126 53.593 0.029 53.617 61.041 0 61.03 60.835 0.001 60.834
0.203 0.023 0.227 0.147 0.026 0.174 72.273 0.053 72.424 83.561 0.001 83.66 82.627 0.001 82.744
0.153 0.012 0.165 0.115 0.012 0.127 53.282 0.05 53.32 61.292 0 61.277 61.242 0.00199999999999997 61.231
0.148 0.013 0.161 0.109 0.018 0.127 52.787 0.061 52.835 61 0 60.986 60.376 0 60.366
0.149 0.011 0.161 0.109 0.017 0.125 53 0.047 53.036 61.602 0.016 61.605 61.54 0.027 61.554
0.147 0.017 0.164 0.12 0.00600000000000001 0.126 53.185 0.043 53.22 60.583 0 60.572 60.447 0.001 60.441
0.15 0.014 0.164 0.114 0.012 0.127 53.257 0.039 53.283 61.396 0.001 61.384 61.311 0 61.297
0.14 0.02 0.161 0.119 0.00800000000000001 0.126 53.49 0.046 53.523 62.238 0 62.222 62.137 0 62.122
0.145 0.015 0.159 0.112 0.016 0.127 53.16 0.051 53.199 61.273 0.002 61.261 61.263 0.003 61.251
0.159 0.00800000000000001 0.166 0.116 0.011 0.127 53.65 0.051 53.691 61.385 0 61.37 61.191 0 61.187
0.146 0.016 0.162 0.115 0.012 0.127 53.538 0.033 53.558 62.915 0.001 62.904 62.874 0 62.863
0.148 0.017 0.165 0.119 0.00700000000000001 0.127 53.249 0.066 53.303 61.293 0 61.28 61.266 0.001 61.253
0.151 0.013 0.165 0.116 0.01 0.126 53.42 0.038 53.446 61.562 0 61.548 61.578 0 61.566
0.147 0.018 0.166 0.118 0.00899999999999998 0.127 53.502 0.051 53.541 61.493 0.002 61.482 61.472 0.001 61.46
0.154 0.013 0.167 0.114 0.014 0.127 53.724 0.037 53.75 61.88 0 61.866 61.389 0 61.375
0.155 0.012 0.166 0.117 0.011 0.128 53.46 0.034 53.483 61.815 0.003 61.801 61.261 0.002 61.256
0.148 0.017 0.165 0.117 0.01 0.127 53.35 0.044 53.382 61.092 0.00999999999999998 61.098 60.594 0.00600000000000001 60.586
0.15 0.015 0.165 0.116 0.011 0.127 53.682 0.06 53.73 61.497 0.00700000000000001 61.498 60.914 0.003 60.904
0.145 0.019 0.165 0.115 0.012 0.126 53.309 0.043 53.342 61.384 0.001 61.371 61.362 0.002 61.351
0.152 0.013 0.166 0.114 0.013 0.127 53.504 0.035 53.532 60.786 0 60.774 60.593 0.002 60.591
0.153 0.013 0.165 0.115 0.011 0.127 53.499 0.052 53.54 61.621 0.002 61.61 61.548 0.001 61.538
0.153 0.011 0.165 0.116 0.01 0.126 53.362 0.038 53.389 60.665 0.00800000000000001 60.665 60.459 0.002 60.456
0.153 0.013 0.166 0.114 0.013 0.127 53.686 0.062 53.736 60.599 0 60.593 60.727 0.000999999999999973 60.72
0.157 0.00800000000000001 0.165 0.118 0.00899999999999999 0.127 53.327 0.031 53.343 60.824 0.01 60.829 60.667 0.002 60.654
0.15 0.014 0.163 0.113 0.012 0.126 53.066 0.039 53.093 61.214 0.001 61.2 61.148 0 61.134
0.147 0.013 0.16 0.109 0.015 0.125 52.973 0.046 53.007 60.99 0.00199999999999997 60.985 60.507 0 60.494
0.157 0.011 0.167 0.115 0.013 0.129 53.513 0.077 53.577 61.163 0.00999999999999998 61.162 60.869 0.01 60.873
0.156 0.00800000000000001 0.165 0.115 0.012 0.127 53.288 0.061 53.335 61.26 0 61.244 61.193 0.003 61.181
0.153 0.012 0.164 0.117 0.00800000000000001 0.126 53.295 0.043 53.325 61.283 0 61.27 61.211 0 61.198
0.158 0.00700000000000001 0.165 0.116 0.011 0.126 53.274 0.046 53.309 61.233 0.03 61.249 61.209 0.037 61.233
0.149 0.01 0.159 0.112 0.012 0.125 53.16 0.037 53.186 61.389 0 61.375 61.35 0.001 61.338
0.149 0.016 0.165 0.116 0.012 0.127 53.343 0.029 53.36 61.449 0.001 61.435 60.751 0 60.747
0.151 0.015 0.166 0.118 0.00900000000000001 0.127 52.894 0.03 52.912 61.74 0.004 61.73 61.682 0 61.669
0.155 0.00900000000000001 0.164 0.112 0.014 0.127 53.337 0.035 53.36 61.502 0 61.488 61.402 0.001 61.391
0.143 0.016 0.159 0.108 0.018 0.126 53.269 0.025 53.283 61.182 0 61.168 61.196 0.001 61.183
0.151 0.013 0.164 0.106 0.02 0.126 53.198 0.043 53.228 61.304 0.001 61.291 61.298 0 61.283
0.146 0.014 0.16 0.111 0.014 0.126 53.221 0.057 53.266 61.294 0.001 61.281 61.305 0.003 61.293
0.15 0.013 0.163 0.116 0.01 0.126 53.552 0.058 53.598 61.525 0 61.509 61.487 0.003 61.478
0.152 0.013 0.165 0.113 0.013 0.125 53.556 0.04 53.584 61.475 0 61.46 61.466 0 61.453
0.149 0.018 0.167 0.111 0.017 0.129 53.365 0.052 53.41 60.539 0 60.527 60.742 0 60.742
0.154 0.011 0.166 0.115 0.014 0.128 53.349 0.026 53.364 61.393 0.004 61.383 60.764 0.003 60.762
0.15 0.014 0.164 0.116 0.011 0.128 53.606 0.049 53.643 61.533 0 61.517 61.529 0 61.516
0.152 0.014 0.167 0.116 0.012 0.127 53.652 0.056 53.696 61.466 0 61.452 61.434 0.001 61.422
0.151 0.015 0.166 0.12 0.00700000000000001 0.127 53.682 0.041 53.711 61.736 0 61.722 61.207 0 61.194
0.155 0.012 0.167 0.117 0.012 0.129 53.836 0.059 53.883 62.903 0.001 62.889 62.859 0.001 62.847
0.15 0.015 0.165 0.113 0.014 0.127 53.545 0.031 53.564 61.54 0.001 61.527 61.511 0.001 61.499
0.151 0.017 0.167 0.113 0.015 0.128 53.863 0.032 53.883 61.311 0 61.297 60.955 0.001 60.952
0.155 0.01 0.165 0.114 0.013 0.127 53.526 0.031 53.544 60.784 0 60.776 60.473 0.00600000000000001 60.464
0.155 0.011 0.166 0.115 0.012 0.127 53.305 0.061 53.354 61.391 0 61.377 61.383 0 61.369
0.148 0.018 0.165 0.117 0.01 0.127 53.85 0.036 53.873 61.902 0.001 61.89 61.88 0 61.867
0.149 0.011 0.16 0.114 0.012 0.126 53.209 0.051 53.254 60.509 0.003 60.5 60.383 0.00299999999999997 60.384
0.156 0.00899999999999999 0.165 0.118 0.00900000000000001 0.128 53.53 0.049 53.568 61.443 0 61.428 61.458 0 61.446
0.153 0.013 0.165 0.115 0.013 0.128 53.218 0.087 53.293 61.282 0.033 61.302 61.205 0.024 61.215
0.151 0.014 0.165 0.114 0.012 0.127 53.376 0.04 53.405 61.474 0.001 61.461 61.137 0 61.125
0.148 0.011 0.159 0.11 0.015 0.126 53.227 0.046 53.261 60.862 0.001 60.86 60.443 0.002 60.433
0.153 0.013 0.166 0.112 0.014 0.126 53.529 0.035 53.553 61.18 0.005 61.172 61.546 0.012 61.544
0.158 0.012 0.169 0.118 0.01 0.128 53.389 0.043 53.42 61.365 0.013 61.364 61.325 0 61.312
0.144 0.016 0.16 0.113 0.012 0.125 52.873 0.038 52.899 60.968 0 60.953 60.372 0 60.364
0.147 0.013 0.16 0.112 0.013 0.125 53.35 0.03 53.368 61.682 0 61.667 61.632 0 61.619
0.155 0.01 0.165 0.116 0.011 0.127 53.105 0.033 53.127 61.303 0.002 61.293 61.246 0 61.234
0.15 0.015 0.164 0.116 0.011 0.127 53.382 0.035 53.405 61.644 0.001 61.633 61.609 0 61.596
0.148 0.011 0.159 0.114 0.011 0.125 53.122 0.045 53.154 61.469 0.016 61.471 61.454 0.000999999999999973 61.439
0.15 0.015 0.165 0.116 0.011 0.126 52.939 0.062 52.989 60.925 0 60.912 60.883 0.002 60.87
0.157 0.01 0.167 0.115 0.012 0.127 53.512 0.032 53.532 61.165 0 61.152 61.337 0.001 61.332
0.153 0.00699999999999999 0.16 0.118 0.00900000000000001 0.127 53.266 0.05 53.304 61.277 0 61.264 61.222 0.003 61.211
0.153 0.013 0.166 0.115 0.012 0.127 53.443 0.027 53.458 61.386 0 61.373 61.375 0.001 61.362
0.152 0.013 0.165 0.117 0.00900000000000001 0.126 53.193 0.044 53.225 61.237 0 61.223 61.184 0 61.172
0.155 0.013 0.168 0.112 0.017 0.129 53.589 0.036 53.614 61.696 0 61.681 61.316 0.002 61.307
0.151 0.014 0.165 0.119 0.01 0.128 53.433 0.049 53.47 61.476 0.001 61.465 61.384 0.002 61.374
0.15 0.015 0.166 0.118 0.00900000000000001 0.127 53.637 0.04 53.663 61.626 0 61.61 61.325 0.00199999999999997 61.314
0.152 0.00800000000000001 0.16 0.112 0.013 0.126 53.24 0.059 53.287 61.024 0.002 61.02 60.445 0.002 60.434
0.154 0.011 0.165 0.114 0.013 0.126 53.203 0.039 53.23 61.229 0.002 61.218 60.625 0 60.618
0.154 0.01 0.165 0.121 0.00700000000000001 0.127 53.423 0.074 53.487 61.527 0 61.512 61.382 0.002 61.381
0.161 0.00600000000000001 0.166 0.117 0.011 0.128 53.306 0.04 53.338 60.666 0.015 60.672 60.531 0.017 60.542
0.156 0.012 0.168 0.115 0.014 0.129 53.507 0.034 53.53 61.427 0 61.414 61.428 0 61.417
0.158 0.00700000000000001 0.165 0.108 0.018 0.126 53.216 0.048 53.253 61.446 0.001 61.433 61.349 0.001 61.337
0.146 0.021 0.167 0.117 0.01 0.127 53.403 0.056 53.446 61.02 0 61.014 60.79 0.001 60.776
0.152 0.014 0.166 0.118 0.01 0.127 53.353 0.043 53.39 60.401 0.001 60.39 60.742 0.001 60.741
0.151 0.015 0.166 0.115 0.013 0.127 53.564 0.05 53.602 61.676 0.001 61.662 61.4 0.00299999999999997 61.399
0.15 0.015 0.165 0.115 0.012 0.126 52.885 0.061 52.941 60.492 0 60.479 60.314 0 60.315
0.157 0.01 0.167 0.118 0.01 0.127 53.903 0.039 53.937 60.763 0.002 60.754 60.909 0 60.906
0.152 0.013 0.164 0.119 0.00700000000000001 0.127 53.239 0.027 53.253 61.588 0.002 61.574 61.615 0 61.6
0.154 0.011 0.165 0.12 0.00800000000000001 0.127 53.322 0.049 53.36 61.316 0.001 61.303 61.359 0.002 61.349
0.144 0.015 0.159 0.115 0.011 0.125 53.187 0.023 53.199 61.294 0.001 61.281 61.285 0.003 61.275
0.144 0.02 0.164 0.115 0.012 0.127 53.627 0.03 53.646 61.52 0 61.506 61.471 0.003 61.462
0.151 0.015 0.166 0.114 0.013 0.127 53.511 0.033 53.532 61.652 0 61.637 61.567 0 61.553
0.155 0.012 0.167 0.117 0.011 0.128 52.05 0.042 52.091 60.098 0 60.089 60.411 0 60.416
0.152 0.011 0.164 0.116 0.012 0.127 53.1 0.038 53.128 61.271 0 61.256 61.213 0.001 61.201
0.151 0.013 0.165 0.115 0.013 0.128 53.256 0.046 53.289 61.355 0 61.34 61.276 0.001 61.263
0.139 0.021 0.16 0.109 0.016 0.125 53.195 0.038 53.223 61.24 0 61.227 61.322 0 61.308
0.153 0.012 0.165 0.114 0.013 0.127 53.202 0.054 53.243 61.312 0.002 61.3 61.347 0 61.332
0.148 0.014 0.162 0.116 0.00900000000000001 0.125 53.488 0.062 53.538 61.483 0.001 61.47 61.424 0.002 61.413
0.147 0.018 0.165 0.111 0.016 0.128 53.52 0.031 53.539 61.617 0 61.602 61.525 0 61.512
0.149 0.017 0.167 0.116 0.012 0.128 53.347 0.033 53.373 60.838 0 60.826 60.954 0.003 60.951
0.15 0.015 0.164 0.116 0.01 0.127 53.228 0.037 53.253 61.214 0 61.2 60.594 0.002 60.591
0.152 0.013 0.164 0.114 0.014 0.127 53.509 0.046 53.546 61.486 0.001 61.472 60.716 0.002 60.711
0.15 0.017 0.166 0.114 0.014 0.128 53.678 0.034 53.699 61.719 0 61.705 61.692 0.001 61.681
0.148 0.018 0.165 0.106 0.02 0.127 53.472 0.035 53.493 60.651 0.002 60.647 60.376 0.000999999999999973 60.363
0.15 0.015 0.164 0.111 0.015 0.127 53.474 0.035 53.499 61.708 0.001 61.695 61.661 0.001 61.649
0.154 0.015 0.169 0.118 0.012 0.13 53.988 0.038 54.013 61.66 0 61.647 61.325 0.002 61.322
0.15 0.017 0.167 0.116 0.011 0.126 53.18 0.03 53.199 61.167 0 61.153 61.184 0.002 61.172
0.149 0.018 0.167 0.119 0.01 0.128 53.234 0.036 53.259 61.336 0 61.321 61.235 0.002 61.222
0.154 0.012 0.166 0.115 0.011 0.126 53.108 0.038 53.143 60.579 0.001 60.566 60.456 0 60.46
0.154 0.012 0.166 0.12 0.00800000000000001 0.128 53.459 0.038 53.484 61.522 0 61.508 61.516 0 61.504
0.151 0.016 0.167 0.115 0.013 0.128 53.381 0.044 53.413 61.429 0.001 61.417 61.36 0.003 61.35
0.154 0.011 0.166 0.117 0.011 0.128 53.391 0.032 53.412 61.388 0 61.374 61.331 0 61.319
0.148 0.015 0.164 0.115 0.01 0.125 53.394 0.113 53.635 61.303 0.025 61.374 61.112 0 61.108
0.156 0.01 0.166 0.115 0.012 0.127 53.457 0.049 53.494 60.386 0.039 60.418 60.53 0.032 60.549
0.148 0.017 0.165 0.121 0.00800000000000001 0.128 53.93 0.058 53.977 63.401 0.028 63.416 63.283 0.013 63.287
0.155 0.013 0.167 0.121 0.00700000000000001 0.128 53.774 0.037 53.8 61.796 0.003 61.785 61.803 0.002 61.792
0.15 0.00899999999999999 0.16 0.112 0.014 0.125 52.911 0.025 52.925 61.014 0 60.998 60.608 0.001 60.6
0.151 0.013 0.165 0.115 0.011 0.126 53.274 0.064 53.327 61.622 0 61.609 61.629 0.001 61.618
0.149 0.012 0.161 0.117 0.00900000000000001 0.125 53.887 0.068 53.944 61.759 0.001 61.746 61.743 0 61.731
0.148 0.012 0.16 0.119 0.00700000000000001 0.126 53.126 0.057 53.17 61.626 0.001 61.612 61.563 0.003 61.551
0.143 0.015 0.158 0.115 0.01 0.125 52.645 0.04 52.675 60.782 0.02 60.787 60.705 0.029 60.72
0.151 0.014 0.166 0.114 0.012 0.126 53.623 0.034 53.645 61.258 0 61.252 60.677 0 60.664
0.15 0.014 0.165 0.113 0.015 0.127 53.301 0.047 53.336 61.514 0 61.501 61.503 0 61.489
0.149 0.016 0.166 0.113 0.014 0.127 53.233 0.053 53.275 61.295 0.012 61.292 61.271 0.019 61.277
0.157 0.00900000000000001 0.165 0.116 0.011 0.127 53.24 0.05 53.279 61.27 0.001 61.259 61.268 0.002 61.255
0.153 0.014 0.167 0.118 0.00899999999999999 0.127 53.324 0.032 53.344 61.385 0 61.37 61.336 0 61.323
0.147 0.018 0.164 0.11 0.017 0.127 53.27 0.031 53.289 61.245 0.001 61.234 61.231 0.001 61.218
0.153 0.012 0.166 0.111 0.016 0.126 53.477 0.049 53.513 61.592 0 61.577 61.038 0.003 61.027
0.151 0.013 0.164 0.117 0.01 0.126 53.205 0.031 53.224 60.95 0.001 60.947 60.401 0.001 60.389
0.155 0.011 0.166 0.114 0.012 0.127 53.494 0.051 53.533 61.479 0.003 61.468 61.462 0.002 61.452
0.142 0.018 0.161 0.116 0.00800000000000001 0.124 53.317 0.034 53.339 61.397 0.003 61.387 61.366 0.001 61.354
0.15 0.015 0.165 0.117 0.01 0.127 53.311 0.029 53.328 61.36 0.003 61.351 61.334 0.003 61.324
0.149 0.016 0.165 0.117 0.01 0.127 53.746 0.053 53.787 61.837 0.01 61.833 61.927 0.003 61.918
0.153 0.012 0.165 0.115 0.011 0.127 53.352 0.055 53.395 61.388 0.016 61.392 61.321 0.001 61.31
0.155 0.012 0.166 0.116 0.01 0.127 53.29 0.048 53.327 61.41 0.001 61.397 61.316 0.002 61.306
0.153 0.012 0.164 0.116 0.011 0.127 53.114 0.053 53.156 61.143 0 61.13 61.183 0 61.17
0.155 0.012 0.167 0.114 0.014 0.128 53.543 0.047 53.584 60.528 0.002 60.518 60.674 0 60.67
0.158 0.00800000000000001 0.166 0.116 0.012 0.127 53.27 0.038 53.296 60.882 0 60.873 60.755 0.004 60.746
0.145 0.013 0.158 0.117 0.00700000000000001 0.124 52.152 0.044 52.193 60.373 0.002 60.371 59.994 0 59.994
0.153 0.013 0.167 0.116 0.012 0.128 53.36 0.033 53.381 61.44 0.001 61.426 61.36 0.002 61.352
0.152 0.015 0.166 0.111 0.017 0.128 53.181 0.055 53.225 60.506 0.00600000000000001 60.506 60.342 0 60.334
0.152 0.011 0.168 0.116 0.00900000000000001 0.125 52.304 0.039 52.333 60.446 0.001 60.441 60.12 0.001 60.122
0.151 0.014 0.164 0.116 0.011 0.127 53.369 0.057 53.414 61.167 0.036 61.189 61.269 0.016 61.272
0.149 0.016 0.165 0.116 0.011 0.128 53.646 0.033 53.666 61.69 0 61.678 61.656 0 61.642
0.145 0.016 0.161 0.117 0.00899999999999999 0.126 53.137 0.055 53.188 61.286 0 61.272 61.267 0.001 61.255
0.144 0.016 0.159 0.112 0.012 0.125 53.373 0.074 53.434 61.322 0 61.307 61.365 0 61.352
0.15 0.015 0.165 0.117 0.00899999999999999 0.126 53.438 0.059 53.485 60.671 0.025 60.692 60.841 0.028 60.868
0.149 0.011 0.16 0.109 0.017 0.126 53.162 0.045 53.196 61.246 0 61.233 61.228 0.00199999999999997 61.216
0.155 0.00899999999999999 0.165 0.117 0.00900000000000001 0.126 53.357 0.058 53.401 61.408 0.002 61.396 61.34 0.002 61.329
0.147 0.017 0.164 0.11 0.016 0.126 53.188 0.074 53.251 61.294 0.001 61.282 61.206 0 61.193
0.149 0.015 0.164 0.115 0.011 0.126 53.214 0.038 53.24 61.325 0.001 61.311 61.276 0 61.262
0.148 0.016 0.164 0.111 0.015 0.126 53.432 0.04 53.459 61.451 0.002 61.439 61.365 0.002 61.354
0.154 0.011 0.165 0.118 0.01 0.128 53.12 0.064 53.178 60.559 0.001 60.547 60.407 0 60.406
0.149 0.018 0.167 0.115 0.013 0.127 53.14 0.041 53.177 61.216 0 61.202 61.302 0 61.298
0.149 0.012 0.161 0.116 0.011 0.125 53.239 0.034 53.263 61.616 0.001 61.603 60.982 0.00299999999999997 60.98
0.15 0.015 0.165 0.115 0.012 0.126 53.575 0.026 53.59 61.512 0.001 61.498 61.499 0.002 61.488
0.152 0.012 0.164 0.113 0.013 0.126 53.766 0.038 53.792 61.592 0 61.577 60.943 0.001 60.938
0.151 0.017 0.168 0.117 0.012 0.129 53.902 0.039 53.931 61.73 0 61.717 61.698 0.001 61.686
0.155 0.011 0.166 0.119 0.00800000000000001 0.127 53.563 0.034 53.585 61.042 0 61.034 60.495 0 60.48
0.149 0.019 0.167 0.114 0.014 0.128 53.071 0.038 53.098 61.202 0.001 61.19 61.207 0 61.193
0.15 0.017 0.167 0.117 0.00999999999999998 0.127 53.597 0.027 53.613 61.223 0.001 61.21 60.897 0.001 60.89
0.15 0.015 0.166 0.117 0.01 0.127 53.231 0.042 53.261 61.335 0.001 61.322 61.317 0 61.303
0.151 0.015 0.166 0.109 0.018 0.126 53.378 0.034 53.4 61.467 0 61.454 61.401 0 61.387
0.146 0.015 0.161 0.111 0.014 0.125 53.046 0.033 53.074 60.549 0.001 60.537 60.376 0.002 60.375
0.15 0.01 0.16 0.113 0.012 0.125 53.301 0.032 53.321 61.358 0 61.345 61.283 0.002 61.271
0.16 0.00600000000000001 0.166 0.119 0.00799999999999999 0.127 52.885 0.036 52.918 60.476 0 60.462 60.328 0 60.328
0.154 0.012 0.166 0.114 0.014 0.128 53.248 0.034 53.271 61.281 0 61.268 61.292 0 61.278
0.153 0.013 0.166 0.122 0.005 0.127 53.636 0.03 53.655 60.96 0 60.954 60.671 0 60.658
0.15 0.014 0.163 0.112 0.014 0.127 53.616 0.031 53.636 61.733 0 61.718 61.688 0.002 61.676
0.15 0.016 0.166 0.115 0.012 0.127 53.603 0.032 53.623 61.688 0 61.674 61.667 0 61.656
0.155 0.012 0.167 0.115 0.014 0.129 53.371 0.029 53.388 61.446 0 61.432 61.41 0.001 61.398
0.149 0.012 0.16 0.115 0.013 0.128 53.206 0.031 53.226 61.357 0 61.343 61.358 0.001 61.345
0.149 0.013 0.163 0.116 0.013 0.128 53.164 0.043 53.195 62.488 0.003 62.476 61.853 0 61.845
0.162 0.003 0.165 0.116 0.01 0.126 53.342 0.061 53.392 61.545 0.001 61.532 61.504 0.004 61.496
0.148 0.011 0.16 0.116 0.00899999999999999 0.125 53.098 0.063 53.148 61.622 0.027 61.634 61.517 0.015 61.518
0.148 0.012 0.159 0.113 0.012 0.125 53.076 0.042 53.105 61.142 0 61.128 61.094 0.002 61.082
0.155 0.01 0.165 0.118 0.00899999999999999 0.127 53.538 0.041 53.57 61.187 0 61.181 60.656 0 60.643
0.151 0.015 0.166 0.117 0.011 0.128 53.559 0.042 53.591 62.352 0 62.338 62.365 0 62.353
0.158 0.01 0.167 0.12 0.00800000000000001 0.129 53.817 0.046 53.85 61.844 0.001 61.832 61.214 0.002 61.211
0.156 0.01 0.165 0.113 0.013 0.126 53.175 0.05 53.215 61.282 0 61.269 61.298 0 61.284
0.137 0.022 0.159 0.115 0.00900000000000001 0.124 53.148 0.052 53.189 61.302 0 61.288 61.252 0 61.239
0.153 0.012 0.165 0.119 0.00800000000000001 0.127 53.479 0.045 53.51 61.478 0 61.464 61.051 0 61.036
0.15 0.014 0.164 0.115 0.011 0.126 53.502 0.04 53.531 61.12 0 61.114 60.602 0 60.589
0.154 0.013 0.167 0.113 0.014 0.127 53.705 0.059 53.752 61.863 0 61.85 61.826 0.002 61.815
0.155 0.01 0.166 0.116 0.011 0.126 53.583 0.057 53.629 61.664 0.001 61.65 61.573 0.001 61.563
0.155 0.011 0.166 0.112 0.015 0.127 53.323 0.039 53.351 61.335 0 61.321 61.252 0 61.238
0.153 0.012 0.165 0.114 0.013 0.127 53.418 0.045 53.452 61.325 0 61.311 61.338 0.002 61.328
0.147 0.019 0.166 0.118 0.01 0.128 53.165 0.04 53.194 61.304 0.001 61.292 61.312 0.001 61.299
0.151 0.014 0.166 0.116 0.012 0.128 53.451 0.054 53.493 61.523 0 61.51 61.428 0.002 61.417
0.154 0.00900000000000001 0.162 0.111 0.015 0.126 53.465 0.04 53.494 61.471 0 61.458 61.474 0 61.462
0.151 0.015 0.167 0.115 0.013 0.128 53.149 0.041 53.183 60.46 0.002 60.451 60.62 0.001 60.616
0.151 0.014 0.165 0.115 0.011 0.127 53.377 0.03 53.393 60.805 0 60.8 60.646 0 60.629
0.145 0.014 0.159 0.113 0.013 0.126 52.359 0.049 52.411 60.432 0.005 60.429 60.116 0.00900000000000001 60.129
0.151 0.013 0.163 0.115 0.012 0.127 53.483 0.046 53.519 61.469 0.027 61.48 61.471 0.012 61.47
0.157 0.00799999999999999 0.165 0.109 0.017 0.126 52.906 0.028 52.93 60.384 0.001 60.373 60.176 0 60.174
0.15 0.015 0.165 0.111 0.015 0.126 53.275 0.041 53.303 61.211 0.00299999999999997 61.198 61.251 0.002 61.238
0.145 0.015 0.16 0.117 0.00799999999999998 0.125 53.466 0.027 53.482 61.462 0 61.448 61.393 0.001 61.381
0.152 0.013 0.165 0.115 0.012 0.127 53.779 0.031 53.798 61.827 0 61.813 61.83 0.002 61.819
0.148 0.014 0.162 0.112 0.014 0.126 53.209 0.033 53.231 61.375 0 61.361 61.359 0.001 61.347
0.148 0.017 0.165 0.118 0.01 0.127 53.326 0.055 53.37 61.426 0 61.411 61.306 0.003 61.296
0.153 0.012 0.165 0.114 0.012 0.127 53.277 0.042 53.313 60.246 0.01 60.245 60.54 0.00800000000000001 60.548
0.153 0.011 0.164 0.112 0.015 0.127 53.224 0.036 53.247 61.345 0 61.33 61.433 0.001 61.421
0.15 0.017 0.167 0.116 0.012 0.129 53.545 0.035 53.568 61.55 0 61.535 61.524 0.001 61.511
0.153 0.013 0.166 0.118 0.00900000000000001 0.127 53.499 0.036 53.523 61.498 0 61.482 61.497 0.004 61.489
0.148 0.019 0.167 0.115 0.013 0.128 53.407 0.039 53.434 61.141 0 61.128 60.965 0 60.957
0.153 0.015 0.167 0.116 0.013 0.13 53.352 0.043 53.383 61.458 0 61.444 60.904 0.002 60.902
0.153 0.011 0.163 0.108 0.018 0.127 53.551 0.041 53.581 61.473 0 61.459 60.93 0.001 60.923
0.152 0.013 0.165 0.115 0.011 0.126 53.583 0.035 53.606 61.591 0 61.577 61.521 0.001 61.509
0.149 0.01 0.159 0.113 0.011 0.124 53.271 0.033 53.292 61.192 0 61.179 61.253 0.001 61.239
0.154 0.011 0.165 0.113 0.014 0.127 53.587 0.054 53.63 61.686 0.00900000000000001 61.68 61.633 0.001 61.621
0.157 0.00899999999999999 0.167 0.112 0.016 0.128 53.926 0.034 53.948 61.782 0.001 61.768 61.767 0.002 61.755
0.147 0.015 0.161 0.116 0.01 0.126 53.54 0.039 53.568 61.64 0 61.628 60.873 0 60.867
0.151 0.016 0.167 0.122 0.00600000000000001 0.128 53.603 0.033 53.623 61.111 0 61.105 60.577 0.001 60.562
0.149 0.011 0.16 0.116 0.00799999999999999 0.124 53.157 0.032 53.177 61.335 0.001 61.323 61.25 0.002 61.238
0.149 0.018 0.167 0.119 0.00899999999999998 0.128 53.543 0.034 53.566 61.307 0 61.293 60.835 0.001 60.832
0.144 0.015 0.159 0.112 0.013 0.125 53.248 0.056 53.292 61.335 0 61.322 61.281 0 61.265
0.146 0.02 0.165 0.117 0.00899999999999998 0.126 53.272 0.084 53.344 61.462 0 61.448 61.364 0 61.351
0.152 0.013 0.165 0.116 0.011 0.127 53.38 0.051 53.425 60.689 0.001 60.678 60.508 0.002 60.506
0.157 0.01 0.166 0.119 0.00900000000000001 0.129 53.431 0.042 53.461 61.41 0.016 61.411 61.448 0.00700000000000001 61.443
0.147 0.014 0.161 0.115 0.011 0.127 52.429 0.032 52.455 60.742 0.001 60.737 60.408 0 60.404
0.151 0.013 0.165 0.117 0.01 0.127 53.26 0.032 53.28 61.52 0.004 61.51 61.489 0.00800000000000001 61.485
0.151 0.014 0.165 0.116 0.012 0.127 53.421 0.031 53.441 60.719 0.001 60.714 60.708 0 60.697
0.153 0.011 0.163 0.117 0.00899999999999999 0.127 53.539 0.036 53.562 61.429 0 61.417 61.458 0.003 61.447
0.156 0.011 0.167 0.115 0.012 0.126 53.704 0.042 53.736 62.065 0.001 62.051 61.961 0 61.948
0.145 0.014 0.16 0.113 0.012 0.125 53.38 0.05 53.418 61.577 0.001 61.567 61.539 0 61.526
0.145 0.015 0.159 0.111 0.014 0.125 52.841 0.034 52.863 61.16 0 61.145 60.618 0 60.61
0.145 0.019 0.164 0.114 0.013 0.126 53.489 0.042 53.52 61.503 0.002 61.491 61.466 0.001 61.455
0.148 0.012 0.159 0.113 0.011 0.125 52.858 0.047 52.892 61.316 0 61.3 61.264 0 61.25
0.147 0.012 0.159 0.115 0.01 0.125 52.601 0.062 52.651 60.857 0.003 60.846 60.799 0.005 60.79
0.16 0.00699999999999999 0.167 0.114 0.014 0.127 53.618 0.063 53.67 61.035 0.001 61.029 60.872 0.001 60.861
0.149 0.015 0.163 0.111 0.014 0.126 53.167 0.05 53.204 61.182 0 61.168 61.137 0.004 61.128
0.155 0.012 0.167 0.115 0.013 0.127 53.549 0.051 53.589 61.452 0 61.438 60.255 0 60.248
0.15 0.013 0.163 0.113 0.013 0.125 53.168 0.031 53.188 61.217 0 61.203 61.223 0 61.21
0.147 0.017 0.165 0.117 0.00999999999999998 0.126 53.333 0.033 53.355 61.368 0.001 61.36 60.574 0.004 60.566
0.153 0.011 0.164 0.114 0.011 0.125 53.206 0.042 53.236 60.848 0.003 60.846 60.435 0.002 60.425
0.151 0.014 0.165 0.115 0.011 0.125 53.216 0.042 53.247 61.237 0 61.224 60.754 0 60.749
0.148 0.013 0.161 0.113 0.013 0.126 53.814 0.052 53.856 62.177 0.00600000000000001 62.169 62.148 0.004 62.14
0.156 0.011 0.166 0.11 0.015 0.126 53.319 0.051 53.357 61.444 0.026 61.456 61.386 0.031 61.405
0.146 0.013 0.159 0.114 0.011 0.125 53.341 0.032 53.362 61.376 0 61.362 61.356 0 61.343
0.149 0.017 0.166 0.118 0.00900000000000001 0.127 53.928 0.065 53.98 62.298 0.00600000000000001 62.29 62.292 0.00299999999999997 62.283
0.148 0.013 0.16 0.11 0.015 0.125 53.268 0.047 53.304 61.314 0.002 61.303 61.303 0 61.289
0.151 0.013 0.165 0.117 0.01 0.126 53.217 0.04 53.246 61.471 0.001 61.459 61.459 0 61.446
0.15 0.015 0.165 0.116 0.011 0.126 53.271 0.028 53.295 60.771 0 60.758 60.563 0 60.565
0.155 0.00899999999999999 0.166 0.116 0.011 0.127 53.435 0.03 53.453 61.588 0 61.575 61.472 0.002 61.462
0.151 0.015 0.166 0.119 0.00900000000000001 0.127 53.352 0.039 53.385 60.609 0.00299999999999997 60.6 60.889 0 60.887
0.15 0.015 0.165 0.117 0.01 0.127 53.361 0.025 53.372 61.003 0 60.996 60.705 0 60.69
0.15 0.013 0.164 0.112 0.014 0.125 52.368 0.041 52.402 60.334 0 60.328 60.034 0.001 60.039
0.151 0.015 0.166 0.116 0.011 0.127 53.856 0.039 53.883 61.686 0.001 61.672 61.646 0 61.633
0.138 0.022 0.16 0.11 0.015 0.125 53.17 0.037 53.197 61.219 0 61.206 61.19 0.002 61.179
0.145 0.019 0.165 0.117 0.00999999999999998 0.126 53.237 0.041 53.265 61.308 0.001 61.294 61.246 0 61.231
0.15 0.015 0.165 0.117 0.00900000000000001 0.126 53.199 0.031 53.218 61.466 0.001 61.453 61.38 0 61.368
0.153 0.011 0.164 0.113 0.013 0.126 53.615 0.03 53.633 61.715 0 61.701 61.677 0 61.665
0.148 0.016 0.164 0.116 0.011 0.127 53.28 0.041 53.311 61.309 0.001 61.295 61.263 0 61.25
0.156 0.01 0.165 0.12 0.00800000000000001 0.127 53.391 0.034 53.414 61.605 0 61.591 61.529 0 61.514
0.152 0.014 0.166 0.116 0.013 0.128 54.056 0.044 54.089 60.807 0.003 60.806 61.131 0 61.127
0.153 0.013 0.166 0.114 0.014 0.129 52.476 0.056 52.527 60.6 0.042 60.636 60.244 0.017 60.261
0.152 0.012 0.165 0.12 0.00699999999999999 0.126 53.428 0.046 53.464 61.399 0 61.385 61.398 0 61.386
0.156 0.01 0.166 0.115 0.013 0.127 53.54 0.035 53.563 61.546 0.001 61.532 61.48 0.004 61.472
0.147 0.019 0.166 0.114 0.013 0.127 53.851 0.043 53.882 62.033 0 62.018 61.978 0 61.966
0.148 0.017 0.165 0.113 0.014 0.127 53.401 0.039 53.434 60.253 0.002 60.244 60.59 0 60.584
0.154 0.00899999999999999 0.162 0.111 0.016 0.127 53.468 0.053 53.509 61.595 0 61.582 60.974 0.002 60.97
0.151 0.014 0.165 0.117 0.011 0.128 53.772 0.039 53.8 61.68 0 61.665 61.077 0 61.071
0.152 0.014 0.165 0.121 0.00600000000000001 0.127 53.581 0.037 53.607 61.509 0.001 61.494 61.526 0 61.514
0.152 0.012 0.164 0.116 0.01 0.126 53.289 0.04 53.318 61.255 0 61.24 61.173 0.002 61.162
0.155 0.011 0.165 0.114 0.013 0.128 53.266 0.042 53.297 61.299 0 61.284 61.299 0.003 61.289
0.156 0.01 0.166 0.114 0.014 0.128 53.701 0.038 53.728 61.742 0.001 61.729 61.727 0.002 61.716
0.154 0.013 0.167 0.121 0.00700000000000001 0.129 54.786 0.035 54.807 62.082 0 62.077 61.804 0.001 61.791
0.153 0.012 0.164 0.111 0.014 0.126 53.212 0.039 53.24 61.124 0 61.11 61.197 0.001 61.184
0.154 0.011 0.164 0.107 0.019 0.126 53.19 0.035 53.213 61.241 0 61.227 61.285 0.001 61.273
0.147 0.02 0.167 0.116 0.012 0.128 53.542 0.034 53.565 61.184 0 61.17 60.903 0 60.897
0.155 0.011 0.166 0.117 0.012 0.129 53.256 0.035 53.279 61.279 0.001 61.266 61.292 0 61.278
0.154 0.011 0.166 0.113 0.015 0.127 53.279 0.046 53.314 61.33 0 61.316 61.318 0 61.304
0.155 0.01 0.165 0.115 0.011 0.126 53.163 0.034 53.191 60.508 0.004 60.501 60.28 0.004 60.278
0.151 0.014 0.165 0.111 0.015 0.127 53.125 0.068 53.181 61.201 0.018 61.204 61.143 0.001 61.132
0.151 0.014 0.165 0.113 0.013 0.126 52.719 0.054 52.767 60.741 0 60.729 60.565 0.003 60.566
0.153 0.014 0.166 0.117 0.01 0.128 53.57 0.045 53.602 60.665 0.001 60.662 60.76 0.002 60.75
0.148 0.016 0.164 0.115 0.012 0.127 53.581 0.059 53.628 61.584 0.055 61.625 61.55 0.05 61.588
0.154 0.013 0.167 0.118 0.011 0.129 53.788 0.033 53.809 61.962 0 61.948 61.871 0 61.858
0.145 0.013 0.159 0.113 0.014 0.125 53.216 0.037 53.242 61.203 0 61.189 60.841 0 60.836
0.145 0.016 0.16 0.113 0.013 0.125 52.767 0.057 52.812 60.964 0.001 60.951 61.124 0.001 61.116
0.151 0.014 0.164 0.115 0.012 0.127 53.578 0.028 53.594 61.453 0.001 61.441 61.368 0 61.363
0.145 0.014 0.159 0.116 0.00900000000000001 0.125 53.188 0.034 53.209 61.253 0 61.238 61.21 0 61.195
0.144 0.015 0.16 0.111 0.014 0.124 52.656 0.045 52.69 60.775 0.025 60.786 60.729 0.017 60.732
0.148 0.018 0.165 0.116 0.01 0.127 53.576 0.073 53.637 60.792 0.024 60.81 60.511 0.00399999999999998 60.501
0.15 0.01 0.16 0.112 0.013 0.125 52.45 0.053 52.501 60.64 0.001 60.631 60.361 0.00599999999999998 60.378
0.154 0.012 0.166 0.117 0.012 0.129 53.706 0.039 53.733 61.756 0 61.742 61.795 0.002 61.784
0.148 0.017 0.165 0.109 0.018 0.127 53.601 0.037 53.627 61.639 0 61.626 60.364 0.001 60.357
0.149 0.011 0.16 0.115 0.01 0.125 53.23 0.033 53.251 61.374 0 61.362 61.355 0.002 61.342
0.148 0.017 0.166 0.118 0.00900000000000001 0.127 53.797 0.032 53.818 62.236 0.001 62.222 62.274 0 62.262
0.146 0.022 0.168 0.119 0.011 0.129 54.042 0.041 54.071 64.418 0.001 64.414 64.081 0.002 64.075
0.15 0.017 0.167 0.116 0.012 0.128 53.386 0.065 53.44 61.469 0 61.455 61.456 0 61.443
0.148 0.017 0.164 0.116 0.012 0.128 53.362 0.045 53.396 61.427 0 61.414 61.408 0 61.395
0.154 0.011 0.165 0.116 0.011 0.126 53.342 0.036 53.367 61.482 0.002 61.471 61.409 0.003 61.399
0.147 0.018 0.165 0.113 0.015 0.127 53.281 0.057 53.327 61.315 0 61.301 61.319 0 61.306
0.157 0.00900000000000001 0.166 0.122 0.00600000000000001 0.128 53.58 0.05 53.618 61.543 0 61.53 61.468 0.001 61.456
0.156 0.011 0.167 0.116 0.011 0.127 53.563 0.052 53.604 62.591 0 62.578 62.584 0.001 62.573
0.154 0.011 0.164 0.114 0.012 0.126 53.368 0.062 53.419 61.336 0 61.322 61.383 0.001 61.371
0.154 0.01 0.165 0.113 0.014 0.126 53.369 0.047 53.404 61.202 0 61.197 60.609 0.003 60.599
0.158 0.00900000000000001 0.166 0.118 0.00899999999999999 0.128 53.199 0.031 53.224 60.53 0 60.518 60.819 0 60.815
0.145 0.015 0.16 0.119 0.00600000000000001 0.124 52.268 0.038 52.304 60.407 0 60.399 60.105 0.001 60.11
0.153 0.014 0.167 0.112 0.016 0.128 53.513 0.06 53.56 61.066 0 61.059 61.193 0.001 61.179
0.153 0.012 0.165 0.117 0.01 0.127 53.219 0.05 53.257 61.386 0.001 61.373 61.436 0 61.423
0.148 0.017 0.165 0.11 0.017 0.128 53.45 0.036 53.474 61.433 0.023 61.444 61.431 0.03 61.447
0.151 0.014 0.165 0.115 0.011 0.126 53.236 0.054 53.277 61.268 0.014 61.266 61.398 0.002 61.385
0.152 0.014 0.166 0.11 0.018 0.128 52.484 0.059 52.541 60.62 0.014 60.624 60.238 0.00599999999999998 60.257
0.152 0.011 0.162 0.119 0.00800000000000001 0.128 52.598 0.065 52.66 60.566 0 60.555 60.291 0 60.304
0.155 0.011 0.165 0.118 0.01 0.129 53.115 0.034 53.143 60.741 0 60.729 60.487 0.001 60.489
0.151 0.015 0.167 0.12 0.00800000000000001 0.127 53.377 0.023 53.387 61.354 0.002 61.342 61.363 0 61.35
0.152 0.014 0.166 0.114 0.012 0.126 53.33 0.049 53.367 60.445 0.003 60.444 60.324 0 60.318
0.146 0.017 0.161 0.114 0.012 0.127 53.336 0.034 53.362 61.389 0.002 61.377 61.405 0.001 61.393
0.152 0.011 0.163 0.116 0.00900000000000001 0.125 53.746 0.031 53.765 61.741 0.023 61.749 61.692 0 61.679
0.154 0.013 0.166 0.114 0.013 0.128 53.416 0.038 53.44 61.28 0 61.267 61.308 0 61.295
0.152 0.013 0.165 0.113 0.015 0.128 53.175 0.051 53.22 60.372 0.002 60.362 60.562 0 60.56
0.155 0.01 0.166 0.119 0.00899999999999999 0.127 53.356 0.031 53.376 61.389 0.001 61.376 60.881 0 60.878
0.149 0.016 0.164 0.113 0.013 0.126 53.854 0.045 53.887 61.663 0.017 61.666 61.019 0.028 61.04
0.157 0.00899999999999999 0.166 0.122 0.005 0.127 53.541 0.039 53.567 61.584 0.001 61.572 61.484 0.002 61.472
0.15 0.014 0.164 0.114 0.014 0.127 53.348 0.054 53.392 61.336 0.055 61.377 61.349 0.042 61.379
0.145 0.016 0.16 0.112 0.014 0.126 53.485 0.032 53.506 61.534 0 61.52 61.555 0 61.544
0.152 0.014 0.166 0.113 0.014 0.127 53.704 0.032 53.723 60.667 0 60.659 60.754 0.002 60.747
0.145 0.019 0.164 0.11 0.015 0.125 53.239 0.046 53.274 61.253 0.003 61.242 61.346 0.004 61.337
0.149 0.011 0.16 0.112 0.013 0.125 53.47 0.032 53.49 61.772 0 61.759 61.845 0 61.833
0.149 0.018 0.167 0.118 0.012 0.129 53.775 0.045 53.809 61.344 0.028 61.357 61.056 0.001 61.051
0.148 0.016 0.164 0.117 0.00900000000000001 0.126 53.237 0.038 53.263 61.361 0.001 61.349 61.337 0 61.322
0.151 0.015 0.165 0.107 0.018 0.126 52.969 0.035 52.992 61.205 0.001 61.191 61.446 0.002 61.434
0.144 0.017 0.16 0.109 0.016 0.126 52.965 0.039 53.001 60.597 0.002 60.584 60.371 0.001 60.372
0.146 0.019 0.164 0.112 0.014 0.126 53.26 0.033 53.282 61.132 0 61.117 61.112 0.002 61.101
0.144 0.015 0.159 0.117 0.00800000000000001 0.126 53.142 0.063 53.192 61.297 0 61.291 60.797 0 60.784
0.15 0.015 0.164 0.114 0.012 0.127 53.278 0.059 53.324 61.358 0 61.346 61.318 0.001 61.304
0.156 0.00900000000000001 0.165 0.11 0.016 0.126 53.448 0.047 53.484 61.638 0 61.624 61.662 0 61.649
0.151 0.015 0.166 0.115 0.015 0.13 53.641 0.047 53.676 61.773 0 61.757 61.744 0.003 61.733
0.147 0.012 0.16 0.112 0.015 0.126 52.754 0.05 52.792 60.862 0.001 60.85 60.875 0.003 60.862
0.152 0.014 0.165 0.117 0.00900000000000001 0.127 53.473 0.036 53.497 60.978 0 60.972 60.407 0.001 60.394
0.143 0.017 0.16 0.113 0.011 0.125 53.581 0.027 53.595 61.285 0.001 61.272 61.221 0 61.21
0.142 0.017 0.16 0.114 0.011 0.125 53.241 0.026 53.256 61.288 0 61.273 61.242 0 61.23
0.15 0.015 0.165 0.115 0.012 0.127 53.609 0.053 53.65 61.449 0.039 61.474 60.589 0.036 60.619
0.146 0.018 0.165 0.115 0.012 0.126 53.285 0.037 53.31 61.358 0 61.344 61.318 0.002 61.307
0.15 0.016 0.166 0.111 0.016 0.127 53.482 0.05 53.52 61.259 0.002 61.247 61.33 0.001 61.319
0.153 0.011 0.164 0.111 0.015 0.126 53.2 0.058 53.247 61.006 0 61 60.486 0 60.473
0.149 0.012 0.161 0.111 0.014 0.125 53.493 0.041 53.522 61.315 0 61.302 61.26 0.003 61.251
0.147 0.019 0.166 0.113 0.014 0.127 53.467 0.042 53.497 61.529 0.003 61.519 61.526 0.002 61.515
0.149 0.017 0.166 0.113 0.014 0.127 53.333 0.035 53.357 61.474 0.001 61.462 61.422 0 61.409
0.149 0.011 0.16 0.108 0.017 0.126 53.427 0.036 53.451 61.488 0.002 61.477 61.392 0 61.378
0.148 0.017 0.165 0.121 0.00600000000000001 0.127 53.152 0.048 53.189 61.278 0.012 61.276 61.229 0.002 61.218
0.154 0.012 0.165 0.117 0.00900000000000001 0.126 53.268 0.043 53.299 61.384 0.005 61.375 61.424 0.003 61.414
0.147 0.014 0.161 0.111 0.016 0.127 53.262 0.041 53.29 61.423 0 61.41 61.512 0 61.499
0.149 0.012 0.16 0.111 0.014 0.125 53.344 0.032 53.366 61.428 0.001 61.416 61.428 0.002 61.417
0.146 0.014 0.16 0.115 0.01 0.125 53.277 0.065 53.329 61.358 0.001 61.345 61.309 0 61.294
0.15 0.015 0.165 0.112 0.015 0.127 53.983 0.041 54.012 62.348 0 62.332 62.285 0 62.272
0.151 0.015 0.165 0.118 0.00899999999999999 0.128 53.409 0.037 53.44 60.502 0.002 60.495 60.693 0.001 60.691
0.145 0.015 0.161 0.116 0.01 0.126 52.391 0.025 52.412 60.374 0 60.368 60.037 0.004 60.046
0.152 0.00900000000000001 0.161 0.11 0.016 0.126 53.254 0.046 53.288 61.436 0 61.422 61.385 0 61.372
0.152 0.013 0.165 0.119 0.00700000000000001 0.126 53.39 0.047 53.426 61.453 0.000999999999999973 61.441 61.357 0.003 61.348
0.151 0.013 0.164 0.111 0.015 0.126 53.273 0.031 53.291 61.387 0.001 61.373 61.382 0.001 61.367
0.146 0.015 0.161 0.108 0.016 0.124 53.397 0.033 53.418 61.535 0 61.521 61.505 0.001 61.494
0.15 0.014 0.164 0.114 0.013 0.127 53.283 0.06 53.331 61.318 0 61.305 61.292 0 61.279
0.15 0.014 0.164 0.113 0.013 0.126 53.246 0.041 53.275 61.29 0 61.277 61.274 0.001 61.261
0.146 0.013 0.16 0.117 0.01 0.126 53.384 0.041 53.414 61.48 0.003 61.469 61.649 0 61.636
0.15 0.01 0.159 0.111 0.013 0.124 53.159 0.04 53.187 61.495 0.001 61.482 61.528 0 61.515
0.152 0.011 0.163 0.11 0.016 0.126 53.633 0.032 53.653 61.613 0 61.6 61.566 0.001 61.553
0.154 0.011 0.165 0.117 0.011 0.128 53.663 0.072 53.722 61.545 0.003 61.535 61.517 0.001 61.505
0.15 0.015 0.166 0.114 0.013 0.126 52.899 0.033 52.928 60.345 0 60.332 60.482 0.001 60.482
0.153 0.012 0.165 0.109 0.017 0.126 53.216 0.052 53.255 61.246 0.039 61.271 60.62 0.028 60.644
0.15 0.014 0.165 0.115 0.012 0.127 53.622 0.033 53.643 61.831 0 61.816 61.186 0 61.179
0.157 0.00900000000000001 0.165 0.123 0.004 0.127 53.504 0.034 53.527 61.433 0.001 61.419 61.422 0.00299999999999997 61.411
0.152 0.012 0.165 0.114 0.012 0.126 53.204 0.041 53.233 60.937 0.003 60.933 60.529 0.001 60.517
0.148 0.011 0.159 0.112 0.014 0.126 53.321 0.036 53.346 61.392 0 61.378 61.38 0.002 61.37
0.148 0.019 0.167 0.114 0.014 0.128 53.54 0.051 53.58 61.224 0.001 61.211 60.842 0.002 60.837
0.147 0.018 0.164 0.117 0.01 0.127 53.351 0.034 53.373 61.399 0.00399999999999998 61.389 61.002 0.002 60.996
0.149 0.017 0.166 0.118 0.00900000000000001 0.127 53.367 0.035 53.389 61.181 0.001 61.169 61.499 0.001 61.487
0.153 0.011 0.165 0.117 0.00900000000000001 0.125 53.43 0.032 53.456 60.611 0 60.6 60.492 0.002 60.497
0.139 0.021 0.16 0.118 0.00800000000000001 0.126 52.259 0.05 52.305 60.346 0 60.334 59.972 0.002 59.975
0.143 0.016 0.159 0.11 0.016 0.126 52.135 0.037 52.168 60.882 0 60.872 60.427 0.003 60.435
0.14 0.02 0.161 0.11 0.015 0.125 53.668 0.082 53.738 61.628 0.019 61.633 61.57 0.031 61.593
0.153 0.00700000000000001 0.16 0.111 0.015 0.126 53.417 0.046 53.451 61.747 0.001 61.735 61.716 0 61.705
0.146 0.014 0.16 0.118 0.00800000000000001 0.127 53.444 0.035 53.467 61.523 0.002 61.512 61.577 0.005 61.571
0.149 0.015 0.165 0.114 0.013 0.127 53.243 0.032 53.262 60.859 0.003 60.853 60.501 0.001 60.491
0.15 0.01 0.16 0.113 0.013 0.126 52.823 0.077 52.888 60.965 0 60.951 60.917 0 60.903
0.149 0.016 0.166 0.11 0.016 0.126 53.459 0.058 53.504 61.015 0.016 61.025 60.557 0.00800000000000001 60.552
0.148 0.012 0.16 0.113 0.011 0.124 53.217 0.052 53.257 61.374 0 61.361 61.364 0.003 61.353
0.145 0.019 0.163 0.117 0.00900000000000001 0.127 53.349 0.041 53.379 61.371 0.023 61.38 60.739 0.042 60.775
0.152 0.014 0.166 0.116 0.012 0.127 53.669 0.038 53.695 61.634 0.001 61.621 60.408 0 60.402
0.142 0.019 0.162 0.113 0.013 0.126 53.404 0.026 53.419 61.497 0.001 61.484 61.512 0 61.499
0.149 0.015 0.164 0.116 0.012 0.127 53.139 0.037 53.165 61.239 0.001 61.227 61.158 0 61.145
0.152 0.015 0.166 0.117 0.011 0.128 53.822 0.032 53.843 61.569 0 61.555 61.755 0 61.742
0.157 0.01 0.167 0.113 0.014 0.127 53.465 0.046 53.499 60.846 0.001 60.841 60.429 0.002 60.419
0.145 0.02 0.166 0.113 0.015 0.128 53.395 0.044 53.426 61.042 0 61.036 60.503 0.001 60.491
0.157 0.00799999999999999 0.165 0.113 0.015 0.126 53.211 0.043 53.249 60.528 0 60.517 60.403 0.004 60.408
0.15 0.014 0.164 0.115 0.011 0.126 53.319 0.031 53.338 61.382 0 61.369 61.32 0.003 61.31
0.146 0.016 0.161 0.114 0.012 0.127 53.302 0.061 53.351 61.388 0 61.374 61.389 0 61.377
0.147 0.014 0.16 0.118 0.00800000000000001 0.126 53.818 0.042 53.848 61.877 0.001 61.864 61.783 0.002 61.773
0.149 0.011 0.16 0.11 0.015 0.125 53.349 0.034 53.372 61.307 0 61.293 61.336 0 61.324
0.151 0.00900000000000001 0.16 0.111 0.014 0.125 53.637 0.033 53.658 61.662 0.001 61.65 61.669 0 61.656
0.148 0.013 0.161 0.111 0.014 0.125 53.206 0.052 53.245 61.211 0 61.198 61.274 0 61.26
0.151 0.014 0.165 0.113 0.013 0.127 53.34 0.033 53.361 61.467 0.002 61.456 61.478 0.001 61.466
0.151 0.014 0.165 0.114 0.013 0.127 53.372 0.026 53.385 61.362 0 61.347 61.36 0.003 61.35
0.151 0.014 0.165 0.113 0.014 0.127 53.334 0.032 53.354 61.443 0 61.429 61.325 0 61.31
0.15 0.015 0.165 0.112 0.015 0.127 53.166 0.059 53.219 60.499 0 60.486 60.68 0.001 60.683
0.15 0.01 0.159 0.113 0.012 0.125 52.166 0.042 52.207 60.34 0 60.331 59.924 0 59.932
0.151 0.015 0.167 0.114 0.013 0.128 53.393 0.064 53.444 61.652 0.001 61.64 61.566 0.001 61.553
0.151 0.014 0.164 0.116 0.011 0.127 53.225 0.043 53.256 61.41 0 61.398 61.395 0.001 61.383
0.152 0.012 0.164 0.111 0.016 0.126 53.386 0.03 53.404 61.494 0 61.477 61.478 0 61.464
0.154 0.011 0.165 0.115 0.012 0.126 53.216 0.042 53.268 61.587 0.003 61.576 61.525 0.001 61.514
0.146 0.018 0.163 0.118 0.00900000000000001 0.127 53.172 0.028 53.189 61.336 0.002 61.324 61.265 0 61.253
0.156 0.00900000000000001 0.165 0.116 0.012 0.127 53.676 0.058 53.722 61.697 0 61.683 61.634 0.001 61.621
0.154 0.012 0.166 0.117 0.01 0.127 53.512 0.037 53.543 60.447 0.001 60.437 60.785 0 60.78
0.151 0.012 0.163 0.118 0.01 0.128 53.801 0.036 53.825 61.71 0 61.696 61.651 0 61.638
0.145 0.018 0.163 0.113 0.013 0.126 53.423 0.026 53.438 61.441 0 61.427 61.005 0.001 61.003
0.149 0.017 0.166 0.119 0.00800000000000001 0.128 53.521 0.064 53.573 61.508 0.021 61.513 61.46 0.013 61.461
0.148 0.016 0.164 0.118 0.00899999999999999 0.127 54.019 0.037 54.043 62.045 0 62.03 61.45 0.004 61.448
0.151 0.013 0.164 0.119 0.00700000000000001 0.127 53.362 0.061 53.41 61.176 0 61.169 60.498 0.003 60.488
0.154 0.011 0.165 0.12 0.00700000000000001 0.127 53.319 0.041 53.349 61.194 0 61.186 60.579 0 60.566
0.147 0.017 0.165 0.112 0.016 0.126 53.586 0.042 53.618 61.764 0.002 61.751 61.766 0 61.754
0.151 0.014 0.166 0.116 0.012 0.128 53.436 0.039 53.462 61.556 0 61.544 61.494 0.002 61.482
0.148 0.017 0.165 0.113 0.013 0.126 53.357 0.04 53.386 61.359 0 61.345 61.395 0.001 61.383
0.145 0.014 0.159 0.116 0.01 0.126 53.505 0.025 53.517 61.692 0 61.676 61.625 0 61.61
0.149 0.017 0.166 0.114 0.014 0.128 53.516 0.065 53.571 61.305 0 61.291 60.986 0 60.978
0.155 0.011 0.165 0.106 0.02 0.127 53.531 0.057 53.581 61.049 0.026 61.061 60.989 0 60.986
0.15 0.016 0.166 0.116 0.00999999999999998 0.127 53.254 0.042 53.283 61.273 0.002 61.26 61.638 0.001 61.626
0.149 0.017 0.165 0.11 0.017 0.126 53.142 0.047 53.186 60.557 0.001 60.546 60.376 0.001 60.376
0.148 0.018 0.165 0.111 0.014 0.126 52.345 0.056 52.397 60.541 0 60.531 60.191 0.003 60.2
0.145 0.014 0.159 0.113 0.011 0.129 52.073 0.035 52.099 60.662 0 60.655 60.319 0 60.321
0.144 0.015 0.159 0.111 0.015 0.126 54.201 0.03 54.22 62.062 0 62.047 62.028 0.001 62.016
0.152 0.013 0.165 0.116 0.011 0.127 53.383 0.048 53.419 61.083 0 61.069 61.304 0 61.291
0.15 0.015 0.165 0.115 0.012 0.127 53.175 0.03 53.192 61.233 0.001 61.219 61.145 0.001 61.132
0.155 0.01 0.165 0.114 0.012 0.126 53.398 0.041 53.428 60.592 0.002 60.585 60.373 0.001 60.362
0.143 0.017 0.161 0.115 0.011 0.126 53.059 0.03 53.076 61.242 0.001 61.23 61.216 0 61.2
0.15 0.017 0.167 0.118 0.00800000000000001 0.126 53.396 0.023 53.408 61.391 0 61.376 61.4 0.001 61.389
0.153 0.014 0.167 0.119 0.011 0.129 53.561 0.035 53.585 61.568 0 61.554 60.955 0 60.951
0.153 0.012 0.165 0.113 0.014 0.127 53.465 0.042 53.495 61.467 0.004 61.457 60.264 0.001 60.258
0.15 0.015 0.165 0.113 0.014 0.127 53.366 0.034 53.389 61.609 0 61.595 61.608 0 61.596
0.152 0.014 0.166 0.116 0.012 0.127 53.475 0.036 53.499 61.617 0 61.604 61.545 0.002 61.534
0.147 0.018 0.164 0.111 0.015 0.127 53.265 0.04 53.293 61.435 0.001 61.422 61.401 0.001 61.39
0.154 0.01 0.164 0.115 0.011 0.125 53.159 0.037 53.185 61.239 0.001 61.227 61.246 0.001 61.234
0.156 0.011 0.167 0.115 0.013 0.128 53.469 0.052 53.51 61.052 0 61.046 60.676 0.001 60.662
0.157 0.00799999999999999 0.166 0.117 0.01 0.126 53.588 0.038 53.613 61.652 0.001 61.638 61.584 0.002 61.57
0.149 0.016 0.165 0.118 0.00899999999999999 0.126 53.347 0.036 53.373 61.067 0 61.059 60.761 0.001 60.751
0.155 0.01 0.165 0.117 0.00899999999999998 0.127 53.149 0.038 53.185 60.678 0 60.665 60.494 0 60.497
0.156 0.00899999999999999 0.164 0.11 0.016 0.126 53.242 0.038 53.268 61.257 0.001 61.245 61.267 0.004 61.258
0.146 0.015 0.16 0.111 0.014 0.126 53.411 0.032 53.431 61.431 0 61.417 61.413 0 61.4
0.148 0.013 0.162 0.114 0.012 0.126 53.741 0.046 53.775 61.854 0 61.84 61.891 0 61.879
0.151 0.013 0.164 0.115 0.012 0.126 53.15 0.054 53.194 61.433 0.004 61.423 61.392 0.004 61.384
0.153 0.012 0.164 0.111 0.015 0.126 53.248 0.034 53.272 60.799 0 60.792 60.576 0 60.568
0.15 0.015 0.165 0.111 0.016 0.127 53.152 0.044 53.185 61.377 0.001 61.364 61.324 0 61.311
0.152 0.015 0.166 0.115 0.011 0.126 53.351 0.045 53.39 60.286 0.005 60.28 60.581 0 60.573
0.144 0.015 0.159 0.115 0.00900000000000001 0.125 52.464 0.043 52.504 60.548 0.001 60.541 60.179 0.003 60.19
0.145 0.016 0.16 0.113 0.012 0.125 53.304 0.03 53.323 61.324 0 61.309 61.284 0 61.274
0.156 0.00799999999999999 0.164 0.113 0.014 0.126 53.238 0.034 53.261 61.423 0.001 61.411 61.365 0.001 61.355
0.152 0.013 0.165 0.115 0.012 0.128 53.27 0.027 53.284 60.717 0 60.708 60.431 0 60.42
0.158 0.00700000000000001 0.164 0.114 0.011 0.126 53.211 0.038 53.238 61.253 0.003 61.241 61.231 0.002 61.219
0.146 0.014 0.16 0.113 0.014 0.126 53.251 0.033 53.274 61.272 0 61.258 61.231 0.002 61.219
0.146 0.013 0.16 0.114 0.01 0.124 53.197 0.032 53.216 61.291 0.00399999999999998 61.282 61.298 0.002 61.286
0.151 0.014 0.165 0.112 0.015 0.127 53.388 0.028 53.403 61.404 0 61.39 61.354 0.000999999999999973 61.342
0.147 0.012 0.159 0.112 0.013 0.125 53.337 0.063 53.393 61.375 0.011 61.372 61.442 0.018 61.447
0.149 0.016 0.164 0.112 0.015 0.126 53.635 0.039 53.662 61.683 0 61.669 61.618 0.002 61.607
0.144 0.016 0.159 0.109 0.016 0.125 52.781 0.064 52.833 60.819 0.003 60.807 60.766 0.003 60.754
0.149 0.016 0.165 0.116 0.011 0.127 53.582 0.042 53.611 61.425 0.001 61.413 61.436 0 61.422
0.152 0.015 0.166 0.116 0.011 0.127 53.32 0.028 53.343 60.428 0 60.416 60.539 0.001 60.538
0.156 0.00900000000000001 0.165 0.112 0.016 0.127 53.365 0.047 53.401 61.572 0 61.558 60.945 0.002 60.94
0.154 0.01 0.163 0.118 0.00800000000000001 0.127 53.528 0.069 53.585 61.476 0 61.462 60.804 0.003 60.8
0.149 0.019 0.168 0.115 0.012 0.127 53.562 0.045 53.595 61.569 0 61.555 61.539 0 61.526
0.152 0.012 0.165 0.115 0.012 0.126 53.309 0.041 53.338 61.227 0.001 61.221 60.654 0.002 60.643
0.146 0.019 0.165 0.121 0.00699999999999998 0.128 53.429 0.032 53.449 61.611 0.00600000000000001 61.604 61.526 0.003 61.516
0.147 0.017 0.164 0.114 0.012 0.126 53.126 0.044 53.159 61.192 0 61.178 61.25 0.002 61.238
0.158 0.00799999999999999 0.167 0.118 0.01 0.127 53.536 0.047 53.571 61.567 0.001 61.554 61.468 0.001 61.456
0.147 0.02 0.167 0.118 0.01 0.128 53.567 0.042 53.597 61.316 0.001 61.303 61.047 0.002 61.043
0.147 0.015 0.162 0.114 0.011 0.125 53.302 0.051 53.347 60.527 0.002 60.516 60.372 0.002 60.37
0.148 0.019 0.167 0.116 0.013 0.129 53.468 0.032 53.488 61.306 0.00199999999999997 61.294 61.403 0 61.389
0.154 0.00700000000000001 0.162 0.11 0.018 0.126 53.335 0.049 53.38 60.547 0 60.537 60.444 0 60.439
0.152 0.012 0.164 0.118 0.00799999999999999 0.126 52.504 0.041 52.54 60.56 0 60.551 60.213 0 60.216
0.149 0.011 0.16 0.114 0.011 0.125 52.04 0.039 52.075 60.778 0.00900000000000001 60.777 60.31 0.00299999999999997 60.316
0.152 0.013 0.164 0.115 0.012 0.127 53.768 0.051 53.808 62.041 0 62.027 61.993 0.001 61.982
0.148 0.013 0.162 0.117 0.00899999999999999 0.125 53.243 0.039 53.271 61.287 0 61.274 61.234 0.001 61.221
0.145 0.019 0.164 0.116 0.012 0.127 53.2 0.046 53.234 61.331 0 61.315 61.246 0.003 61.234
0.145 0.018 0.162 0.118 0.01 0.128 52.788 0.023 52.8 60.884 0 60.869 60.859 0 60.845
0.149 0.017 0.166 0.118 0.01 0.128 53.69 0.033 53.711 61.274 0.003 61.271 60.752 0 60.739
0.152 0.014 0.167 0.114 0.014 0.128 53.363 0.027 53.379 61.422 0 61.408 61.322 0.002 61.311
0.152 0.013 0.165 0.116 0.00900000000000001 0.125 53.418 0.036 53.443 61.393 0 61.379 60.929 0.001 60.924
0.15 0.016 0.166 0.115 0.012 0.128 53.612 0.04 53.64 61.665 0 61.651 60.668 0 60.662
0.146 0.015 0.16 0.112 0.014 0.125 53.543 0.035 53.566 61.526 0 61.514 61.527 0 61.514
0.153 0.015 0.166 0.114 0.013 0.127 53.232 0.037 53.258 61.379 0.001 61.366 61.375 0.001 61.364
0.142 0.019 0.161 0.113 0.013 0.126 53.374 0.042 53.405 61.479 0.011 61.476 61.424 0.01 61.421
0.151 0.014 0.164 0.11 0.016 0.127 53.431 0.029 53.448 61.418 0.002 61.407 61.411 0.004 61.403
0.148 0.017 0.164 0.119 0.00799999999999999 0.127 53.36 0.027 53.376 61.203 0 61.196 60.562 0 60.549
0.152 0.013 0.165 0.115 0.013 0.127 53.55 0.049 53.588 60.606 0 60.601 60.814 0 60.809
0.148 0.017 0.166 0.12 0.00800000000000001 0.127 53.461 0.044 53.495 61.554 0 61.54 61.516 0.003 61.506
0.15 0.016 0.166 0.112 0.016 0.128 53.268 0.029 53.285 61.459 0.003 61.448 61.388 0 61.376
0.147 0.013 0.16 0.115 0.00900000000000001 0.125 53.275 0.028 53.29 61.312 0.001 61.3 61.243 0 61.229
0.154 0.011 0.164 0.119 0.00700000000000001 0.127 53.25 0.048 53.287 61.368 0 61.355 61.326 0 61.312
0.148 0.018 0.166 0.119 0.00899999999999999 0.128 53.435 0.042 53.466 61.694 0 61.681 61.671 0 61.658
0.144 0.016 0.159 0.113 0.012 0.126 53.139 0.078 53.204 61.16 0 61.147 61.144 0.002 61.132
0.149 0.015 0.163 0.116 0.011 0.127 53.706 0.054 53.749 61.667 0.001 61.654 61.666 0.002 61.655
0.155 0.013 0.167 0.119 0.00900000000000001 0.128 53.592 0.04 53.62 61.475 0.00700000000000001 61.468 61.49 0.002 61.479
0.16 0.00799999999999999 0.168 0.115 0.012 0.128 53.497 0.034 53.518 60.635 0 60.628 60.788 0.002 60.785
0.149 0.01 0.159 0.115 0.01 0.125 52.35 0.048 52.395 60.5 0 60.491 60.103 0.002 60.111
0.157 0.00800000000000001 0.165 0.116 0.011 0.127 53.239 0.028 53.256 61.349 0.001 61.335 61.338 0 61.325
0.148 0.012 0.16 0.111 0.014 0.125 52.862 0.041 52.899 60.548 0 60.535 60.334 0.002 60.337
0.153 0.013 0.165 0.111 0.015 0.126 53.228 0.028 53.243 61.523 0 61.507 61.487 0 61.473
0.155 0.011 0.165 0.115 0.012 0.127 53.454 0.036 53.479 61.744 0.001 61.731 61.688 0.002 61.677
0.152 0.013 0.165 0.11 0.016 0.127 53.394 0.055 53.437 61.392 0 61.377 61.34 0.001 61.329
0.148 0.016 0.163 0.113 0.013 0.126 53.212 0.037 53.237 61.337 0.001 61.324 61.326 0 61.312
0.155 0.01 0.166 0.117 0.011 0.128 53.291 0.038 53.316 61.44 0.001 61.427 60.79 0.00299999999999997 60.784
0.15 0.011 0.161 0.115 0.011 0.126 53.28 0.051 53.319 61.414 0.001 61.401 61.418 0.001 61.405
0.152 0.00800000000000001 0.16 0.112 0.013 0.125 53.627 0.039 53.653 61.635 0 61.619 61.562 0.004 61.552
0.154 0.012 0.165 0.116 0.011 0.127 53.417 0.049 53.453 61.485 0 61.469 61.42 0.001 61.407
0.147 0.014 0.162 0.113 0.014 0.126 52.78 0.034 52.802 60.842 0.002 60.828 61.286 0.00199999999999997 61.274
0.15 0.015 0.165 0.108 0.019 0.127 53.602 0.024 53.615 61.49 0 61.475 61.457 0 61.445
0.147 0.017 0.165 0.11 0.017 0.127 53.93 0.066 53.982 61.96 0 61.946 61.923 0 61.91
0.152 0.012 0.165 0.117 0.01 0.126 53.422 0.047 53.457 61.426 0 61.412 61.366 0 61.352
0.156 0.01 0.166 0.119 0.00899999999999999 0.127 52.965 0.035 52.996 60.31 0 60.298 60.453 0 60.45
0.154 0.013 0.167 0.122 0.00600000000000001 0.128 53.31 0.046 53.345 61.393 0.023 61.402 60.863 0.017 60.875
0.15 0.014 0.165 0.112 0.015 0.127 53.73 0.039 53.756 61.679 0.003 61.667 61.037 0.001 61.033
0.151 0.014 0.166 0.111 0.016 0.126 53.514 0.043 53.545 61.481 0.034 61.501 61.456 0.004 61.448
0.149 0.018 0.167 0.114 0.014 0.128 53.87 0.043 53.902 61.506 0 61.491 61.111 0 61.106
0.143 0.015 0.16 0.115 0.011 0.125 53.125 0.161 53.306 60.332 0.086 60.451 60.29 0.06 60.376
0.146 0.016 0.162 0.111 0.014 0.125 53.166 0.081 53.235 61.332 0.029 61.347 61.25 0.001 61.237
0.148 0.017 0.165 0.116 0.01 0.126 53.608 0.055 53.658 61.131 0 61.119 60.996 0.002 60.996
0.144 0.016 0.159 0.113 0.011 0.125 52.361 0.036 52.393 60.342 0.001 60.335 60.078 0.002 60.082
0.147 0.013 0.16 0.109 0.015 0.124 51.79 0.035 51.822 60.529 0 60.518 60.212 0.001 60.213
0.151 0.013 0.164 0.115 0.012 0.127 53.357 0.032 53.378 61.267 0 61.253 61.212 0 61.198
0.153 0.013 0.165 0.115 0.012 0.128 53.951 0.045 53.985 62.027 0.001 62.013 61.826 0.001 61.824
0.153 0.012 0.165 0.114 0.013 0.126 53.513 0.06 53.562 61.496 0 61.483 61.435 0.001 61.423
0.147 0.018 0.166 0.119 0.00899999999999999 0.127 53.245 0.04 53.273 61.321 0 61.309 61.251 0 61.242
0.146 0.015 0.161 0.118 0.00899999999999999 0.127 53.209 0.041 53.237 61.243 0.001 61.228 61.223 0.002 61.21
0.146 0.019 0.164 0.114 0.013 0.127 53.377 0.072 53.438 61.678 0.018 61.682 61.65 0.012 61.65
0.147 0.013 0.16 0.12 0.005 0.125 53.044 0.042 53.074 61.339 0 61.325 61.309 0 61.295
0.148 0.017 0.166 0.116 0.01 0.126 53.527 0.027 53.543 61.121 0 61.114 60.604 0.001 60.593
0.15 0.016 0.166 0.112 0.014 0.126 53.377 0.054 53.419 61.471 0 61.458 61.435 0 61.422
0.15 0.011 0.161 0.112 0.014 0.126 53.326 0.039 53.354 61.556 0 61.542 60.968 0 60.962
0.151 0.015 0.165 0.115 0.011 0.127 53.831 0.033 53.851 61.871 0 61.858 60.642 0.003 60.639
0.152 0.013 0.165 0.116 0.011 0.127 53.257 0.045 53.289 61.259 0 61.247 61.261 0 61.247
0.154 0.011 0.165 0.121 0.00600000000000001 0.127 53.253 0.041 53.282 61.358 0.001 61.344 61.321 0.001 61.307
0.164 0.012 0.176 0.117 0.015 0.132 53.91 0.04 53.938 60.983 0.001 60.97 60.944 0 60.931
0.154 0.01 0.164 0.115 0.012 0.127 53.157 0.029 53.175 61.368 0.001 61.358 61.327 0.001 61.314
0.15 0.016 0.165 0.12 0.00900000000000001 0.129 53.327 0.055 53.371 61.224 0.001 61.217 60.695 0 60.682
0.143 0.018 0.161 0.115 0.011 0.126 53.199 0.061 53.252 60.508 0 60.5 60.378 0 60.375
0.156 0.00899999999999999 0.165 0.112 0.014 0.125 53.356 0.038 53.382 61.439 0 61.426 61.425 0 61.412
0.152 0.013 0.165 0.11 0.016 0.126 53.219 0.039 53.246 61.306 0.01 61.302 61.236 0.00799999999999998 61.231
0.153 0.012 0.165 0.115 0.011 0.126 53.162 0.089 53.259 61.306 0.015 61.324 61.247 0.001 61.234
0.15 0.015 0.165 0.111 0.015 0.126 53.219 0.058 53.264 61.331 0.003 61.322 61.231 0.001 61.219
0.148 0.012 0.16 0.111 0.014 0.125 53.209 0.064 53.262 61.343 0.00600000000000001 61.335 61.435 0.00299999999999997 61.425
0.151 0.015 0.166 0.116 0.012 0.128 53.447 0.067 53.502 62.584 0.014 62.584 62.523 0.001 62.511
0.151 0.015 0.167 0.114 0.013 0.127 53.062 0.042 53.1 60.742 0 60.729 60.861 0 60.86
0.141 0.017 0.159 0.113 0.013 0.125 52.65 0.019 52.667 60.559 0 60.547 60.164 0.005 60.173
0.151 0.015 0.166 0.113 0.014 0.127 53.391 0.053 53.432 61.45 0.013 61.449 61.389 0.013 61.388
0.155 0.01 0.165 0.116 0.011 0.128 53.381 0.041 53.41 61.424 0 61.412 61.402 0.001 61.391
0.148 0.017 0.165 0.119 0.00899999999999999 0.126 53.28 0.027 53.295 61.345 0 61.33 61.424 0.001 61.41
0.146 0.018 0.165 0.117 0.00899999999999999 0.126 53.291 0.031 53.31 61.429 0 61.414 61.393 0 61.382
0.142 0.016 0.159 0.114 0.011 0.124 53.264 0.049 53.302 61.381 0.001 61.368 61.347 0 61.333
0.154 0.015 0.169 0.117 0.00999999999999998 0.128 52.991 0.048 53.026 61.157 0.001 61.143 61.121 0 61.106
0.148 0.012 0.159 0.111 0.014 0.126 53.434 0.046 53.467 61.265 0 61.253 61.202 0.001 61.19
0.154 0.00899999999999999 0.164 0.113 0.014 0.126 53.623 0.026 53.637 61.758 0 61.744 61.667 0 61.654
0.152 0.015 0.167 0.115 0.012 0.128 53.555 0.033 53.576 61.521 0 61.506 61.492 0 61.479
0.149 0.015 0.165 0.114 0.012 0.126 53.342 0.038 53.374 60.279 0 60.267 60.615 0.00199999999999997 60.612
0.154 0.012 0.165 0.117 0.012 0.128 53.495 0.049 53.533 62.49 0 62.476 62.029 0.002 62.027
0.154 0.011 0.166 0.113 0.015 0.127 53.668 0.033 53.689 61.634 0 61.619 61.045 0.00199999999999997 61.041
0.149 0.017 0.166 0.116 0.012 0.128 53.673 0.052 53.714 61.472 0.018 61.475 61.51 0.001 61.498
0.151 0.013 0.164 0.116 0.011 0.126 53.58 0.038 53.608 61.525 0.002 61.512 61.509 0.001 61.498
0.151 0.014 0.165 0.11 0.016 0.127 53.783 0.059 53.829 61.782 0.004 61.773 61.748 0 61.736
0.152 0.015 0.167 0.116 0.011 0.127 53.6 0.033 53.622 61.335 0 61.321 60.971 0.001 60.965
0.145 0.017 0.162 0.117 0.00899999999999999 0.125 53.236 0.055 53.28 61.34 0 61.326 61.346 0.005 61.337
0.151 0.015 0.166 0.116 0.011 0.127 53.479 0.047 53.514 61.388 0.002 61.375 61.336 0 61.324
0.153 0.012 0.165 0.117 0.01 0.127 53.3 0.029 53.325 60.842 0.00199999999999997 60.833 60.6 0.003 60.605
0.149 0.01 0.16 0.119 0.00699999999999999 0.126 52.319 0.03 52.345 60.364 0.002 60.359 60.037 0 60.031
0.147 0.012 0.159 0.113 0.012 0.124 51.948 0.05 51.993 60.637 0.015 60.643 60.24 0.015 60.26
0.144 0.015 0.159 0.114 0.011 0.125 53.221 0.035 53.246 61.311 0.004 61.302 60.871 0.002 60.869
0.148 0.017 0.165 0.117 0.011 0.128 53.396 0.039 53.423 61.444 0.002 61.434 61.391 0.001 61.378
0.148 0.013 0.161 0.11 0.016 0.127 53.145 0.041 53.173 61.263 0.003 61.251 61.166 0.001 61.151
0.148 0.011 0.159 0.115 0.011 0.127 53.061 0.042 53.091 61.199 0 61.184 61.182 0 61.166
0.153 0.013 0.166 0.112 0.015 0.127 53.621 0.031 53.641 60.934 0.001 60.928 60.701 0.001 60.688
0.154 0.01 0.165 0.115 0.011 0.126 53.286 0.035 53.31 61.416 0 61.401 61.344 0 61.332
0.146 0.019 0.165 0.112 0.015 0.127 53.318 0.036 53.342 61.368 0 61.356 60.656 0 60.651
0.149 0.017 0.165 0.114 0.013 0.127 53.436 0.077 53.503 61.492 0.035 61.513 60.316 0.015 60.325
0.154 0.013 0.167 0.114 0.014 0.127 53.158 0.063 53.211 61.141 0 61.127 61.108 0.001 61.095
0.148 0.019 0.166 0.114 0.013 0.127 53.271 0.036 53.295 61.243 0 61.229 61.2 0.00199999999999997 61.188
0.144 0.016 0.16 0.115 0.00899999999999999 0.124 53.31 0.045 53.343 61.431 0.005 61.421 61.361 0 61.347
0.149 0.016 0.165 0.112 0.014 0.126 53.052 0.068 53.13 61.328 0.00600000000000001 61.318 61.324 0.011 61.321
0.148 0.017 0.165 0.11 0.016 0.125 53.734 0.032 53.756 61.564 0.001 61.557 61.035 0.001 61.025
0.15 0.016 0.165 0.118 0.00900000000000001 0.127 53.386 0.032 53.408 61.481 0 61.468 61.465 0 61.453
0.146 0.016 0.161 0.116 0.01 0.127 53.2 0.061 53.258 60.906 0.001 60.894 60.721 0 60.727
0.147 0.018 0.165 0.116 0.011 0.127 53.266 0.04 53.294 61.218 0 61.204 61.232 0.001 61.22
0.152 0.015 0.166 0.117 0.012 0.128 53.479 0.047 53.516 61.388 0.002 61.376 61.331 0.002 61.32
0.155 0.01 0.164 0.115 0.011 0.127 53.217 0.033 53.238 61.346 0 61.333 61.294 0 61.281
0.159 0.00899999999999999 0.167 0.115 0.012 0.127 53.452 0.042 53.483 61.54 0.00199999999999997 61.528 61.495 0.002 61.485
0.149 0.016 0.164 0.115 0.011 0.127 53.242 0.054 53.284 60.81 0.00800000000000001 60.814 60.407 0.002 60.399
0.154 0.011 0.166 0.116 0.011 0.127 53.494 0.031 53.514 61.345 0 61.331 61.275 0 61.262
0.157 0.00800000000000001 0.165 0.119 0.00800000000000001 0.127 53.243 0.04 53.272 61.259 0 61.246 61.217 0 61.204
0.154 0.01 0.164 0.116 0.011 0.126 53.305 0.045 53.338 61.399 0.021 61.404 61.374 0.027 61.386
0.149 0.013 0.162 0.116 0.01 0.126 52.791 0.041 52.829 61.646 0.035 61.67 61.34 0.021 61.369
0.149 0.011 0.16 0.109 0.016 0.125 52.856 0.029 52.883 60.541 0.001 60.529 60.232 0.002 60.243
0.156 0.013 0.169 0.116 0.012 0.127 53.192 0.059 53.24 61.625 0.001 61.612 61.582 0.004 61.573
0.146 0.017 0.163 0.114 0.012 0.126 53.565 0.043 53.596 61.539 0 61.526 61.535 0 61.521
0.154 0.011 0.165 0.113 0.013 0.127 53.55 0.058 53.596 61.507 0 61.493 61.482 0.002 61.47
0.145 0.019 0.164 0.116 0.00999999999999998 0.125 53.442 0.028 53.459 61.658 0 61.644 61.611 0 61.598
0.153 0.013 0.166 0.113 0.015 0.128 53.363 0.052 53.409 60.552 0 60.542 60.714 0.003 60.715
0.154 0.011 0.165 0.111 0.017 0.128 53.494 0.032 53.522 60.65 0.001 60.639 60.491 0 60.489
0.148 0.015 0.163 0.114 0.013 0.127 53.424 0.032 53.451 60.798 0 60.784 60.552 0 60.55
0.149 0.016 0.165 0.117 0.00999999999999998 0.127 53.676 0.034 53.698 61.61 0 61.596 61.564 0 61.55
0.15 0.014 0.165 0.117 0.01 0.126 53.605 0.067 53.66 61.804 0.001 61.792 61.784 0.001 61.772
0.156 0.011 0.167 0.116 0.013 0.128 53.178 0.042 53.209 61.749 0.001 61.735 61.106 0.005 61.106
0.152 0.013 0.165 0.115 0.012 0.127 53.545 0.031 53.563 61.616 0.002 61.605 61.538 0.002 61.528
0.155 0.00699999999999999 0.162 0.114 0.013 0.127 53.223 0.055 53.267 61.342 0.02 61.348 61.258 0.025 61.267
0.147 0.018 0.164 0.113 0.012 0.126 53.282 0.04 53.309 61.254 0.024 61.264 61.175 0.00999999999999998 61.172
0.146 0.014 0.16 0.114 0.011 0.125 53.224 0.06 53.28 60.679 0.002 60.67 60.547 0.002 60.543
0.15 0.015 0.164 0.112 0.014 0.126 52.264 0.043 52.302 60.577 0.015 60.585 60.24 0.015 60.254
0.152 0.00800000000000001 0.16 0.112 0.013 0.125 52.086 0.034 52.115 60.618 0.001 60.61 60.268 0.001 60.268
0.145 0.016 0.161 0.114 0.012 0.126 53.328 0.033 53.349 61.674 0 61.66 61.593 0.003 61.582
0.148 0.016 0.164 0.12 0.00700000000000001 0.127 53.201 0.064 53.253 61.304 0 61.289 61.253 0 61.239
0.15 0.015 0.165 0.117 0.011 0.128 53.698 0.029 53.715 62.032 0 62.017 61.959 0.001 61.947
0.147 0.018 0.165 0.117 0.01 0.127 53.164 0.033 53.183 61.276 0.005 61.265 61.273 0.002 61.261
0.145 0.015 0.16 0.106 0.019 0.125 52.758 0.052 52.798 61.073 0 61.06 61.03 0.001 61.016
0.15 0.016 0.165 0.112 0.014 0.127 53.521 0.041 53.55 61.047 0 61.041 60.464 0 60.451
0.156 0.011 0.167 0.119 0.01 0.129 53.631 0.059 53.678 61.513 0.003 61.502 60.704 0 60.697
0.154 0.013 0.167 0.12 0.00900000000000001 0.128 53.199 0.046 53.234 61.184 0 61.171 61.269 0.001 61.256
0.152 0.012 0.165 0.11 0.016 0.126 53.105 0.055 53.147 61.147 0 61.142 60.545 0 60.531
0.154 0.012 0.165 0.116 0.011 0.127 53.295 0.043 53.326 61.247 0 61.234 60.828 0.001 60.824
0.158 0.00799999999999999 0.166 0.116 0.011 0.127 53.843 0.066 53.898 61.922 0 61.907 60.994 0.001 60.989
0.148 0.013 0.161 0.113 0.013 0.126 53.412 0.031 53.432 61.408 0 61.394 61.327 0 61.315
0.152 0.013 0.165 0.117 0.00900000000000001 0.126 53.193 0.032 53.214 61.321 0.001 61.309 61.27 0.001 61.258
0.152 0.014 0.166 0.109 0.019 0.129 53.36 0.043 53.391 61.396 0 61.383 61.39 0.002 61.378
0.156 0.00899999999999999 0.164 0.115 0.011 0.126 53.316 0.058 53.362 60.643 0.016 60.653 60.396 0.001 60.386
0.143 0.018 0.161 0.109 0.017 0.126 53.295 0.04 53.323 61.29 0 61.277 61.306 0 61.292
0.146 0.014 0.16 0.117 0.00900000000000001 0.126 53.208 0.047 53.244 61.241 0 61.227 61.203 0.001 61.191
0.152 0.013 0.165 0.115 0.011 0.126 53.355 0.047 53.39 61.425 0.036 61.448 61.395 0.00800000000000001 61.39
0.148 0.018 0.166 0.117 0.00900000000000001 0.126 53.151 0.043 53.182 61.307 0 61.294 61.26 0 61.246
0.15 0.015 0.165 0.115 0.013 0.127 53.357 0.027 53.372 61.439 0 61.424 61.434 0 61.42
0.141 0.019 0.16 0.113 0.013 0.127 52.347 0.039 52.381 60.488 0.003 60.484 60.171 0 60.172
0.154 0.011 0.166 0.113 0.017 0.128 53.574 0.043 53.606 61.18 0.002 61.175 60.531 0 60.517
0.15 0.016 0.166 0.119 0.00900000000000001 0.128 53.682 0.035 53.704 61.702 0.002 61.688 61.747 0 61.731
0.151 0.014 0.164 0.11 0.016 0.126 53.36 0.042 53.39 61.471 0.001 61.459 61.377 0 61.365
0.143 0.017 0.16 0.118 0.00700000000000001 0.125 53.359 0.042 53.39 61.437 0 61.423 61.416 0 61.403
0.144 0.015 0.159 0.112 0.013 0.126 53.16 0.029 53.176 61.129 0 61.122 60.44 0.003 60.429
0.152 0.013 0.165 0.111 0.015 0.126 53.282 0.044 53.315 61.333 0.001 61.32 60.8 0.002 60.797
0.15 0.015 0.165 0.112 0.015 0.127 53.218 0.034 53.241 61.559 0.002 61.547 61.511 0.00599999999999998 61.504
0.152 0.014 0.166 0.114 0.014 0.128 53.501 0.043 53.533 61.46 0 61.447 61.394 0.001 61.383
0.149 0.014 0.162 0.115 0.011 0.126 53.534 0.053 53.575 61.665 0.012 61.663 61.602 0.002 61.591
0.154 0.011 0.165 0.116 0.011 0.127 53.338 0.057 53.383 61.567 0.02 61.573 61.513 0.027 61.528
0.151 0.013 0.165 0.118 0.00900000000000001 0.126 53.533 0.037 53.558 61.619 0.001 61.606 61.581 0.001 61.568
0.152 0.013 0.165 0.112 0.014 0.127 53.081 0.026 53.102 60.439 0.001 60.426 60.53 0.001 60.53
0.149 0.011 0.16 0.115 0.01 0.125 53.188 0.03 53.216 60.675 0 60.661 60.431 0.001 60.433
0.151 0.015 0.165 0.117 0.00900000000000001 0.126 53.254 0.028 53.278 60.884 0 60.869 60.573 0.002 60.574
0.154 0.012 0.167 0.116 0.011 0.127 53.561 0.05 53.598 61.451 0 61.436 61.439 0.001 61.428
0.146 0.015 0.162 0.119 0.00700000000000001 0.126 53.466 0.026 53.478 61.54 0 61.525 61.508 0.002 61.497
0.146 0.013 0.159 0.112 0.013 0.125 53.109 0.044 53.141 61.318 0.002 61.307 61.296 0 61.282
0.158 0.00900000000000001 0.165 0.115 0.012 0.128 54.027 0.031 54.045 61.934 0 61.918 61.797 0.001 61.782
0.153 0.012 0.165 0.115 0.011 0.126 53.54 0.061 53.589 61.551 0.016 61.554 61.508 0.005 61.501
0.153 0.012 0.165 0.112 0.014 0.126 53.549 0.029 53.566 61.578 0 61.565 61.507 0.00299999999999997 61.497
0.141 0.021 0.162 0.115 0.013 0.128 52.883 0.038 52.912 61.638 0 61.625 61.126 0.004 61.124
0.151 0.014 0.165 0.113 0.014 0.127 53.2 0.05 53.238 61.292 0 61.278 61.235 0.002 61.224
0.151 0.012 0.162 0.113 0.012 0.125 53.381 0.063 53.432 61.398 0.001 61.383 61.361 0 61.349
0.154 0.01 0.164 0.112 0.014 0.126 53.161 0.028 53.183 60.547 0 60.535 60.387 0.001 60.384
0.151 0.015 0.165 0.119 0.00800000000000001 0.127 52.314 0.064 52.374 60.403 0.00999999999999998 60.404 60.059 0 60.061
0.158 0.00900000000000001 0.167 0.116 0.012 0.128 51.911 0.048 51.955 60.724 0.031 60.749 60.293 0.041 60.333
0.144 0.015 0.159 0.11 0.015 0.125 53.257 0.053 53.297 61.288 0 61.275 60.938 0.003 60.934
0.145 0.015 0.159 0.111 0.013 0.124 53.604 0.037 53.629 61.058 0 61.055 60.649 0 60.641
0.149 0.011 0.16 0.115 0.011 0.125 52.81 0.045 52.844 60.863 0 60.848 60.872 0 60.856
0.154 0.011 0.164 0.112 0.015 0.127 53.629 0.038 53.654 61.673 0.001 61.66 61.703 0 61.687
0.148 0.011 0.159 0.113 0.013 0.125 52.658 0.048 52.694 60.727 0 60.713 60.697 0.004 60.688
0.148 0.018 0.166 0.118 0.01 0.128 53.712 0.043 53.745 61.068 0.001 61.061 60.575 0.001 60.564
0.152 0.014 0.166 0.113 0.015 0.128 53.619 0.044 53.651 61.636 0 61.623 60.46 0.001 60.453
0.153 0.012 0.165 0.12 0.00800000000000001 0.127 53.322 0.036 53.347 61.185 0 61.172 61.258 0 61.244
0.151 0.013 0.164 0.116 0.011 0.127 53.393 0.035 53.415 61.221 0 61.214 60.539 0 60.526
0.148 0.012 0.16 0.111 0.015 0.126 53.673 0.026 53.687 61.755 0 61.742 61.051 0.002 61.048
0.154 0.012 0.166 0.116 0.01 0.126 53.463 0.047 53.498 61.496 0.002 61.485 60.185 0.00299999999999997 60.182
0.145 0.021 0.164 0.116 0.01 0.126 53.158 0.052 53.205 60.4 0.00800000000000001 60.397 60.302 0.001 60.303
0.145 0.019 0.164 0.118 0.00900000000000001 0.126 53.189 0.056 53.235 61.323 0 61.31 61.251 0 61.238
0.157 0.00900000000000001 0.167 0.116 0.012 0.128 53.552 0.048 53.588 61.36 0 61.347 61.315 0.002 61.303
0.154 0.012 0.166 0.115 0.014 0.128 53.473 0.032 53.495 61.426 0.017 61.429 61.4 0 61.387
0.148 0.018 0.165 0.112 0.015 0.127 53.721 0.044 53.753 61.913 0 61.899 61.909 0 61.897
0.145 0.016 0.161 0.113 0.013 0.126 53.53 0.044 53.563 62.674 0 62.66 62.639 0.001 62.628
0.155 0.01 0.165 0.114 0.014 0.128 53.484 0.034 53.506 61.908 0 61.894 61.898 0 61.886
0.148 0.012 0.16 0.117 0.00899999999999998 0.126 53.174 0.032 53.195 61.286 0.001 61.273 61.411 0.003 61.4
0.144 0.017 0.161 0.115 0.011 0.127 53.594 0.036 53.617 62.98 0.003 62.967 62.985 0.001 62.973
0.145 0.015 0.16 0.114 0.012 0.126 52.228 0.049 52.273 60.396 0.002 60.39 60.057 0.001 60.06
0.152 0.013 0.165 0.117 0.00900000000000001 0.126 53.393 0.04 53.422 61.017 0.001 61.012 60.595 0 60.585
0.15 0.012 0.161 0.117 0.00900000000000001 0.127 53.312 0.067 53.366 61.347 0.015 61.349 61.345 0.00800000000000001 61.341
0.155 0.01 0.165 0.119 0.00800000000000001 0.127 53.435 0.028 53.45 61.407 0 61.391 61.441 0.001 61.427
0.152 0.013 0.164 0.114 0.012 0.127 53.475 0.043 53.507 61.429 0.003 61.417 61.44 0.003 61.43
0.146 0.018 0.164 0.114 0.012 0.127 53.379 0.049 53.416 61.381 0.01 61.377 61.326 0.016 61.333
0.151 0.014 0.165 0.115 0.012 0.127 53.447 0.053 53.488 61.309 0.011 61.306 61.376 0.00799999999999998 61.372
0.15 0.01 0.159 0.111 0.013 0.124 53.303 0.048 53.34 60.899 0 60.892 60.379 0 60.366
0.155 0.011 0.165 0.115 0.012 0.127 53.568 0.058 53.615 61.494 0.00700000000000001 61.486 61.41 0.001 61.399
0.153 0.013 0.166 0.117 0.01 0.128 53.203 0.049 53.24 61.302 0 61.288 60.631 0.001 60.626
0.152 0.014 0.166 0.113 0.015 0.128 53.286 0.062 53.336 61.391 0 61.377 61.401 0.001 61.39
0.143 0.017 0.188 0.117 0.00899999999999998 0.125 53.609 0.027 53.624 61.722 0.003 61.713 61.667 0.00299999999999997 61.657
0.15 0.012 0.162 0.119 0.00799999999999999 0.126 53.583 0.032 53.603 61.603 0 61.588 61.56 0 61.547
0.147 0.018 0.165 0.11 0.017 0.127 53.349 0.025 53.362 61.408 0.001 61.395 61.402 0 61.389
0.149 0.016 0.166 0.115 0.013 0.128 53.511 0.036 53.534 61.483 0 61.469 61.496 0.002 61.485
0.153 0.014 0.166 0.115 0.012 0.127 53.544 0.048 53.586 60.716 0.001 60.705 60.975 0.001 60.974
0.151 0.015 0.166 0.117 0.01 0.127 53.34 0.036 53.37 60.601 0 60.59 60.453 0 60.453
0.148 0.017 0.165 0.119 0.00700000000000001 0.126 53.396 0.037 53.429 60.719 0 60.706 60.487 0 60.484
0.153 0.014 0.166 0.114 0.014 0.128 53.827 0.035 53.85 61.626 0 61.612 61.511 0 61.498
0.151 0.012 0.163 0.114 0.012 0.127 53.574 0.028 53.59 61.709 0.001 61.696 61.72 0.002 61.71
0.15 0.013 0.163 0.117 0.00899999999999999 0.126 53.774 0.039 53.8 61.752 0 61.736 61.728 0.001 61.714
0.152 0.014 0.166 0.116 0.012 0.128 53.724 0.031 53.741 61.728 0 61.712 61.697 0 61.682
0.151 0.013 0.165 0.117 0.01 0.127 53.918 0.028 53.933 61.996 0 61.983 61.956 0.002 61.944
0.156 0.00900000000000001 0.165 0.116 0.011 0.126 53.49 0.033 53.512 61.828 0.001 61.816 61.816 0.002 61.805
0.145 0.014 0.159 0.115 0.01 0.125 52.909 0.033 52.933 61.589 0 61.575 60.962 0 60.956
0.152 0.01 0.162 0.112 0.014 0.127 53.577 0.047 53.611 61.409 0 61.395 61.39 0 61.377
0.151 0.016 0.168 0.118 0.011 0.128 53.423 0.034 53.444 61.479 0 61.465 61.469 0 61.457
0.153 0.012 0.165 0.118 0.00800000000000001 0.126 53.174 0.042 53.21 60.691 0 60.68 60.529 0.002 60.527
0.154 0.011 0.164 0.113 0.013 0.126 52.161 0.052 52.21 60.395 0.001 60.389 60.065 0 60.068
0.146 0.013 0.158 0.11 0.014 0.125 52.065 0.03 52.091 60.739 0.003 60.733 60.4 0.026 60.441
0.152 0.013 0.166 0.116 0.012 0.128 53.694 0.045 53.727 61.734 0 61.72 61.186 0 61.18
0.158 0.00699999999999999 0.165 0.118 0.00899999999999999 0.127 53.532 0.055 53.575 61.649 0.000999999999999973 61.637 61.651 0.001 61.639
0.147 0.014 0.161 0.114 0.013 0.127 52.842 0.032 52.86 60.954 0 60.939 60.972 0 60.957
0.153 0.013 0.165 0.117 0.01 0.128 53.731 0.043 53.762 60.936 0.029 60.958 60.644 0.021 60.653
0.154 0.012 0.166 0.115 0.013 0.128 53.481 0.041 53.51 61.516 0 61.503 60.471 0 60.464
0.144 0.016 0.159 0.116 0.00900000000000001 0.125 53.225 0.028 53.243 60.833 0.002 60.832 60.466 0.002 60.455
0.154 0.01 0.164 0.117 0.00900000000000001 0.126 53.137 0.041 53.166 61.027 0.011 61.032 60.497 0.002 60.485
0.156 0.011 0.167 0.114 0.013 0.127 53.304 0.026 53.319 61.582 0.002 61.57 60.932 0 60.927
0.151 0.014 0.165 0.116 0.01 0.127 53.6 0.027 53.615 61.591 0 61.576 60.408 0.000999999999999973 60.403
0.151 0.014 0.165 0.114 0.012 0.127 53.022 0.05 53.067 60.568 0.001 60.558 60.39 0.003 60.387
0.147 0.014 0.16 0.114 0.012 0.126 53.243 0.054 53.288 60.514 0.002 60.505 60.385 0.001 60.385
0.141 0.02 0.159 0.114 0.011 0.126 52.76 0.035 52.784 60.776 0.001 60.762 60.786 0.001 60.773
0.147 0.017 0.164 0.121 0.00499999999999998 0.126 53.172 0.04 53.201 61.146 0 61.134 61.124 0.002 61.113
0.149 0.016 0.165 0.117 0.01 0.126 53.399 0.047 53.435 61.451 0 61.437 61.42 0.003 61.411
0.151 0.014 0.165 0.113 0.013 0.127 53.51 0.024 53.522 61.552 0 61.538 61.531 0.004 61.522
0.151 0.015 0.166 0.118 0.00899999999999999 0.127 53.494 0.078 53.561 61.437 0 61.423 61.414 0.001 61.402
0.142 0.018 0.159 0.115 0.01 0.125 53.373 0.076 53.438 61.357 0.002 61.345 61.346 0.002 61.337
0.146 0.013 0.16 0.116 0.01 0.126 53.447 0.054 53.49 61.259 0.038 61.283 61.253 0.026 61.266
0.149 0.016 0.166 0.116 0.012 0.127 53.278 0.07 53.336 61.378 0 61.364 61.333 0.002 61.322
0.152 0.012 0.164 0.112 0.015 0.127 53.325 0.037 53.35 61.461 0.000999999999999973 61.447 61.456 0 61.442
0.148 0.016 0.164 0.113 0.013 0.126 52.38 0.035 52.41 60.457 0 60.445 60.188 0 60.184
0.153 0.011 0.164 0.115 0.011 0.125 53.406 0.041 53.437 61.118 0.004 61.116 60.598 0.004 60.589
0.157 0.00900000000000001 0.166 0.118 0.01 0.128 53.349 0.024 53.36 60.974 0.002 60.968 60.503 0 60.489
0.144 0.019 0.163 0.113 0.012 0.125 53.241 0.031 53.26 61.427 0 61.413 61.389 0.002 61.379
0.146 0.014 0.161 0.118 0.01 0.127 53.714 0.037 53.74 62.144 0.001 62.131 62.059 0 62.046
0.149 0.015 0.164 0.116 0.011 0.127 53.178 0.056 53.222 61.328 0 61.315 61.276 0 61.261
0.154 0.011 0.165 0.111 0.015 0.127 52.764 0.032 52.791 60.468 0 60.456 60.27 0 60.277
0.152 0.00700000000000001 0.159 0.116 0.00800000000000001 0.124 53.172 0.033 53.193 61.063 0 61.056 60.483 0 60.47
0.148 0.012 0.16 0.113 0.012 0.125 53.279 0.042 53.31 61.351 0.003 61.339 60.933 0.002 60.931
0.153 0.013 0.165 0.107 0.019 0.127 53.422 0.025 53.436 61.583 0.001 61.57 61.531 0.001 61.519
0.159 0.00700000000000001 0.165 0.117 0.011 0.128 53.242 0.021 53.252 61.29 0.001 61.278 61.181 0.002 61.17
0.15 0.01 0.16 0.118 0.00699999999999999 0.124 53.319 0.051 53.362 61.417 0.005 61.411 61.377 0.00600000000000001 61.375
0.152 0.01 0.162 0.118 0.00800000000000001 0.126 53.632 0.033 53.653 61.629 0.001 61.617 61.571 0 61.557
0.15 0.015 0.165 0.116 0.011 0.127 53.665 0.037 53.69 61.635 0 61.62 61.604 0 61.591
0.156 0.00900000000000001 0.165 0.12 0.00799999999999999 0.128 53.321 0.044 53.353 61.383 0 61.37 61.314 0.002 61.303
0.153 0.012 0.165 0.115 0.011 0.126 53.345 0.037 53.376 60.435 0 60.424 60.583 0.002 60.579
0.146 0.013 0.159 0.116 0.01 0.126 53.32 0.08 53.395 60.651 0.032 60.671 60.465 0.035 60.499
0.151 0.013 0.164 0.119 0.00899999999999999 0.127 53.67 0.051 53.714 60.831 0.003 60.822 60.683 0 60.677
0.151 0.016 0.167 0.118 0.01 0.128 53.683 0.03 53.7 61.455 0.021 61.463 61.441 0.035 61.462
0.149 0.011 0.16 0.113 0.013 0.126 53.735 0.037 53.761 61.944 0 61.931 61.961 0.002 61.951
0.148 0.015 0.164 0.117 0.011 0.126 52.886 0.05 52.932 60.92 0.013 60.924 60.574 0.001 60.58
0.154 0.011 0.164 0.11 0.016 0.126 53.55 0.03 53.568 61.55 0.001 61.537 61.544 0.001 61.532
0.151 0.012 0.164 0.113 0.015 0.128 53.455 0.038 53.484 60.749 0.00599999999999998 60.742 60.589 0.004 60.589
0.153 0.011 0.164 0.113 0.014 0.127 53.741 0.022 53.751 61.763 0 61.749 61.757 0.001 61.746
0.155 0.011 0.167 0.12 0.00800000000000001 0.128 53.573 0.044 53.602 61.618 0.01 61.614 61.541 0.013 61.538
0.155 0.00899999999999999 0.165 0.114 0.013 0.127 53.681 0.051 53.721 61.65 0.019 61.655 61.561 0.002 61.549
0.155 0.013 0.169 0.121 0.00800000000000001 0.129 53.263 0.08 53.331 61.975 0 61.961 61.345 0.001 61.34
0.15 0.014 0.164 0.118 0.00799999999999999 0.126 53.243 0.054 53.285 61.347 0.002 61.336 61.34 0 61.325
0.156 0.00899999999999999 0.165 0.112 0.014 0.126 53.237 0.056 53.281 61.439 0.001 61.426 61.378 0.004 61.368
0.151 0.015 0.166 0.115 0.012 0.126 53.397 0.047 53.438 60.68 0 60.668 60.437 0 60.436
0.152 0.013 0.165 0.117 0.01 0.127 52.54 0.042 52.578 60.565 0 60.556 60.29 0 60.288
0.152 0.013 0.165 0.114 0.013 0.127 52.063 0.07 52.129 60.696 0.00199999999999997 60.69 60.344 0.001 60.345
0.153 0.00899999999999999 0.162 0.119 0.00800000000000001 0.127 53.66 0.041 53.69 61.608 0 61.594 61.061 0.001 61.057
0.153 0.013 0.165 0.111 0.015 0.127 53.667 0.031 53.685 61.818 0 61.804 61.827 0.002 61.817
0.147 0.013 0.16 0.107 0.019 0.126 52.824 0.063 52.875 60.868 0.003 60.856 60.539 0 60.529
0.15 0.016 0.166 0.117 0.01 0.128 53.218 0.045 53.25 61.203 0.001 61.189 61.2 0.002 61.186
0.142 0.017 0.159 0.11 0.014 0.125 52.788 0.023 52.799 60.744 0.00399999999999998 60.733 60.711 0.001 60.698
0.148 0.019 0.167 0.115 0.014 0.129 53.764 0.022 53.776 61.2 0.00700000000000001 61.2 60.7 0.001 60.687
0.158 0.00900000000000001 0.166 0.112 0.015 0.127 53.442 0.054 53.487 61.456 0 61.443 60.756 0.004 60.754
0.152 0.013 0.165 0.117 0.011 0.128 53.362 0.076 53.427 61.518 0.003 61.507 61.489 0 61.477
0.149 0.015 0.164 0.119 0.00800000000000001 0.127 53.383 0.053 53.424 61.112 0.002 61.108 60.51 0.002 60.497
0.151 0.015 0.166 0.115 0.012 0.127 53.443 0.036 53.468 61.571 0.00699999999999998 61.564 61.088 0.001 61.085
0.156 0.01 0.165 0.118 0.00799999999999999 0.126 53.457 0.034 53.48 61.477 0 61.463 60.511 0 60.505
0.15 0.015 0.165 0.118 0.00800000000000001 0.126 52.988 0.048 53.032 60.512 0 60.5 60.325 0.001 60.324
0.155 0.01 0.165 0.116 0.01 0.126 53.273 0.032 53.294 61.374 0 61.361 61.316 0.001 61.304
0.147 0.017 0.165 0.11 0.016 0.126 53.333 0.03 53.351 61.419 0 61.406 61.378 0 61.364
0.155 0.01 0.166 0.121 0.00599999999999999 0.127 53.272 0.057 53.317 61.294 0.001 61.281 61.276 0 61.263
0.151 0.015 0.166 0.115 0.012 0.127 53.587 0.034 53.611 61.586 0.001 61.572 61.693 0 61.68
0.15 0.015 0.165 0.115 0.011 0.126 53.167 0.035 53.191 61.218 0 61.204 61.213 0 61.2
0.151 0.014 0.165 0.115 0.012 0.127 53.418 0.057 53.465 61.54 0.022 61.553 60.653 0.029 60.671
0.148 0.016 0.164 0.109 0.017 0.126 53.117 0.062 53.168 61.202 0 61.189 61.157 0.001 61.144
0.152 0.014 0.165 0.112 0.015 0.127 53.351 0.068 53.407 61.378 0 61.363 60.791 0.003 60.787
0.151 0.013 0.164 0.117 0.00899999999999999 0.126 52.384 0.058 52.437 60.514 0.001 60.504 60.143 0.001 60.142
0.153 0.012 0.165 0.117 0.01 0.127 53.438 0.025 53.453 61.358 0.004 61.355 60.671 0.002 60.66
0.151 0.014 0.165 0.116 0.01 0.126 53.082 0.029 53.106 60.538 0 60.525 60.359 0.001 60.357
0.152 0.013 0.165 0.116 0.01 0.127 53.32 0.051 53.358 61.432 0.034 61.45 61.366 0.027 61.378
0.153 0.01 0.162 0.117 0.01 0.127 53.446 0.034 53.469 61.52 0 61.506 61.46 0 61.447
0.154 0.01 0.164 0.115 0.011 0.126 53.337 0.035 53.36 61.441 0.00199999999999997 61.432 61.386 0 61.372
0.153 0.012 0.165 0.114 0.013 0.127 53.378 0.039 53.405 61.679 0.001 61.666 61.135 0.001 61.134
0.152 0.012 0.164 0.114 0.01 0.125 53.078 0.036 53.102 61.171 0 61.158 61.176 0 61.162
0.151 0.013 0.164 0.115 0.01 0.125 53.187 0.053 53.228 60.99 0.002 60.985 60.558 0.001 60.547
0.154 0.011 0.164 0.113 0.014 0.127 53.314 0.042 53.344 61.313 0.001 61.3 60.65 0.001 60.647
0.151 0.014 0.166 0.117 0.00900000000000001 0.126 53.275 0.037 53.301 61.305 0.00199999999999997 61.293 61.272 0.003 61.26
0.146 0.013 0.159 0.115 0.01 0.125 52.712 0.056 52.758 61.062 0.001 61.051 61.239 0.005 61.231
0.149 0.014 0.163 0.122 0.00600000000000001 0.128 53.985 0.032 54.005 61.958 0.002 61.947 61.941 0 61.926
0.148 0.016 0.163 0.117 0.00899999999999998 0.126 53.333 0.028 53.351 61.364 0.002 61.352 60.652 0.004 60.649
0.151 0.013 0.164 0.108 0.018 0.126 53.454 0.033 53.475 61.45 0.001 61.436 61.406 0.002 61.396
0.155 0.011 0.166 0.113 0.013 0.126 53.058 0.029 53.082 60.313 0 60.301 60.461 0.003 60.458
0.151 0.014 0.165 0.117 0.00900000000000001 0.126 53.398 0.05 53.445 60.86 0 60.846 60.69 0 60.695
0.149 0.014 0.164 0.112 0.015 0.126 53.376 0.059 53.431 60.911 0.00800000000000001 60.904 60.613 0 60.611
0.152 0.013 0.165 0.118 0.00799999999999999 0.126 53.643 0.057 53.689 61.603 0.013 61.602 61.489 0.004 61.483
0.152 0.012 0.165 0.109 0.018 0.126 53.085 0.038 53.121 60.413 0.016 60.422 60.311 0.021 60.327
0.148 0.013 0.161 0.112 0.014 0.126 53.326 0.065 53.38 61.345 0.002 61.333 61.08 0.00600000000000001 61.083
0.143 0.016 0.159 0.113 0.012 0.125 53.215 0.043 53.247 61.362 0.00600000000000001 61.355 60.703 0.005 60.705
0.154 0.011 0.165 0.106 0.022 0.128 52.834 0.046 52.875 60.853 0 60.844 60.479 0.002 60.479
0.146 0.019 0.164 0.116 0.01 0.127 53.747 0.038 53.773 61.755 0 61.741 61.696 0.001 61.689
0.154 0.013 0.168 0.12 0.00899999999999998 0.128 53.749 0.07 53.805 61.698 0.001 61.684 61.649 0.001 61.636
0.145 0.017 0.163 0.117 0.01 0.126 53.638 0.023 53.649 61.734 0.001 61.723 61.668 0.001 61.656
0.154 0.012 0.166 0.115 0.012 0.127 53.598 0.05 53.634 61.691 0 61.675 61.647 0.001 61.633
0.155 0.01 0.164 0.114 0.011 0.126 53.627 0.034 53.648 61.747 0 61.733 61.651 0 61.638
0.148 0.018 0.166 0.113 0.015 0.127 53.025 0.036 53.05 61.741 0 61.727 61.186 0.001 61.182
0.158 0.00599999999999999 0.165 0.113 0.013 0.126 53.318 0.057 53.393 61.431 0.096 61.556 61.416 0.049 61.483
0.15 0.015 0.166 0.117 0.01 0.126 53.288 0.04 53.316 61.424 0 61.41 61.347 0.001 61.336
0.154 0.011 0.165 0.116 0.012 0.128 53.54 0.03 53.563 60.718 0.001 60.708 60.525 0.001 60.523
0.151 0.015 0.166 0.115 0.013 0.128 53.662 0.039 53.688 61.694 0 61.68 61.634 0 61.622
0.156 0.00900000000000001 0.164 0.113 0.014 0.127 52.565 0.027 52.589 60.56 0 60.548 60.263 0.002 60.266
0.146 0.017 0.163 0.119 0.00699999999999999 0.126 53.602 0.063 53.653 61.706 0.001 61.693 61.377 0.002 61.375
0.148 0.019 0.167 0.115 0.012 0.127 53.607 0.048 53.643 61.562 0 61.547 61.556 0 61.545
0.147 0.012 0.159 0.111 0.015 0.126 52.762 0.047 52.797 60.804 0 60.788 60.868 0.00600000000000001 60.859
0.153 0.012 0.165 0.119 0.00799999999999999 0.127 53.555 0.047 53.591 61.084 0.002 61.08 60.624 0 60.611
0.146 0.019 0.165 0.115 0.012 0.127 53.537 0.02 53.545 61.58 0.001 61.567 60.565 0 60.559
0.151 0.013 0.164 0.113 0.014 0.127 53.305 0.032 53.325 61.386 0.002 61.375 61.33 0.003 61.32
0.145 0.014 0.159 0.117 0.00799999999999999 0.125 53.106 0.026 53.119 61.237 0 61.23 60.409 0.001 60.398
0.151 0.014 0.165 0.117 0.01 0.127 53.423 0.032 53.443 61.378 0.002 61.366 60.817 0.002 60.814
0.137 0.022 0.159 0.118 0.00700000000000001 0.125 53.149 0.044 53.182 61.207 0 61.192 61.187 0 61.174
0.153 0.011 0.164 0.109 0.017 0.125 53.164 0.051 53.205 60.474 0.001 60.47 60.348 0.002 60.345
0.151 0.014 0.165 0.113 0.013 0.126 53.13 0.032 53.15 61.178 0.000999999999999973 61.163 61.139 0.001 61.125
0.144 0.015 0.16 0.117 0.00900000000000001 0.125 52.636 0.039 52.664 60.805 0 60.791 60.78 0 60.765
0.149 0.015 0.164 0.117 0.00900000000000001 0.126 53.33 0.038 53.356 61.087 0 61.082 60.501 0.003 60.491
0.15 0.015 0.165 0.115 0.011 0.126 53.128 0.043 53.166 60.453 0 60.442 60.383 0.001 60.381
0.152 0.013 0.165 0.117 0.00899999999999999 0.126 53.426 0.04 53.453 61.312 0 61.298 61.304 0.003 61.295
0.148 0.012 0.16 0.113 0.013 0.127 53.214 0.049 53.25 61.249 0 61.236 61.23 0.003 61.219
0.147 0.018 0.165 0.115 0.01 0.126 53.241 0.036 53.266 61.294 0 61.279 61.212 0.001 61.2
0.151 0.012 0.163 0.112 0.014 0.126 53.217 0.051 53.256 61.208 0 61.195 61.232 0 61.219
0.157 0.01 0.166 0.117 0.012 0.129 53.503 0.034 53.526 61.68 0.003 61.67 61.645 0.001 61.633
0.148 0.016 0.164 0.118 0.00800000000000001 0.127 53.178 0.045 53.212 61.468 0 61.454 61.44 0.002 61.43
0.151 0.00899999999999999 0.16 0.111 0.014 0.126 53.404 0.043 53.434 61.938 0 61.923 61.885 0 61.871
0.151 0.015 0.165 0.116 0.011 0.127 52.878 0.046 52.918 61.076 0 61.066 60.666 0.001 60.667
0.15 0.011 0.161 0.116 0.01 0.125 53.569 0.045 53.603 61.59 0 61.577 61.564 0 61.552
0.146 0.018 0.164 0.115 0.011 0.126 53.286 0.035 53.308 61.356 0.001 61.342 61.308 0.001 61.295
0.147 0.012 0.159 0.113 0.012 0.124 53.158 0.036 53.183 61.403 0 61.389 61.355 0.003 61.344
0.148 0.014 0.162 0.117 0.00899999999999999 0.126 53.281 0.03 53.299 61.445 0.001 61.432 61.35 0.002 61.34
0.15 0.015 0.165 0.113 0.015 0.127 53.138 0.039 53.166 61.294 0.004 61.283 61.263 0.001 61.252
0.146 0.015 0.162 0.116 0.011 0.126 53.537 0.044 53.57 61.595 0.002 61.584 61.604 0.001 61.591
0.157 0.00900000000000001 0.165 0.111 0.015 0.126 53.17 0.032 53.19 60.852 0.004 60.849 60.489 0 60.477
0.146 0.014 0.16 0.114 0.011 0.125 53.439 0.036 53.463 61.389 0.001 61.377 61.354 0 61.341
0.149 0.017 0.166 0.111 0.016 0.127 53.316 0.03 53.334 61.741 0 61.726 60.954 0.003 60.952
0.147 0.014 0.162 0.119 0.01 0.128 53.334 0.035 53.357 61.378 0.021 61.385 61.333 0.012 61.334
0.156 0.012 0.168 0.115 0.015 0.13 54.238 0.043 54.269 64.792 0 64.779 64.706 0 64.69
0.15 0.011 0.162 0.115 0.011 0.125 53.372 0.035 53.396 61.509 0 61.496 61.434 0 61.421
0.15 0.015 0.165 0.12 0.00699999999999999 0.127 53.648 0.053 53.689 61.538 0 61.523 61.503 0.001 61.491
0.16 0.00699999999999999 0.166 0.116 0.011 0.128 53.778 0.049 53.814 60.736 0 60.731 61.048 0 61.039
0.152 0.013 0.165 0.118 0.011 0.128 53.126 0.044 53.164 60.487 0.046 60.522 60.316 0.039 60.355
0.151 0.013 0.164 0.116 0.011 0.127 53.465 0.033 53.491 60.776 0 60.764 60.541 0 60.536
0.157 0.01 0.166 0.116 0.011 0.127 53.719 0.032 53.739 61.703 0 61.688 61.644 0.002 61.632
0.145 0.019 0.164 0.111 0.014 0.125 53.137 0.053 53.18 60.514 0.001 60.509 60.347 0 60.343
0.153 0.015 0.167 0.111 0.017 0.128 53.12 0.049 53.159 61.152 0 61.147 60.483 0 60.47
0.154 0.011 0.165 0.114 0.012 0.126 53.556 0.039 53.584 61.6 0 61.587 61.56 0.001 61.549
0.153 0.012 0.165 0.119 0.01 0.129 53.139 0.028 53.162 61.107 0 61.099 60.708 0.002 60.705
0.152 0.012 0.164 0.111 0.015 0.126 53.607 0.026 53.621 61.675 0 61.662 61.581 0.005 61.578
0.149 0.013 0.163 0.119 0.00800000000000001 0.127 53.585 0.049 53.621 61.65 0 61.634 61.632 0.005 61.621
0.155 0.014 0.168 0.117 0.011 0.128 53.737 0.035 53.76 61.834 0 61.821 61.095 0.001 61.092
0.154 0.013 0.166 0.116 0.011 0.127 53.471 0.034 53.492 61.763 0.000999999999999973 61.748 61.7 0.002 61.688
0.153 0.012 0.165 0.112 0.015 0.127 53.638 0.054 53.68 61.492 0 61.479 61.528 0 61.514
0.151 0.016 0.166 0.113 0.014 0.128 53.2 0.038 53.227 61.753 0 61.738 61.095 0 61.09
0.145 0.016 0.16 0.112 0.012 0.125 53.128 0.046 53.162 61.071 0.001 61.065 60.432 0.001 60.419
0.144 0.017 0.16 0.115 0.012 0.128 53.452 0.051 53.49 61.594 0.005 61.585 61.532 0.005 61.531
0.15 0.014 0.164 0.114 0.013 0.127 53.367 0.07 53.433 60.999 0.017 61.002 60.811 0.003 60.81
0.153 0.012 0.165 0.115 0.012 0.127 53.479 0.033 53.5 61.693 0 61.68 61.607 0.002 61.596
0.142 0.017 0.16 0.113 0.013 0.125 52.739 0.062 52.797 60.93 0 60.921 60.548 0 60.55
0.15 0.016 0.166 0.121 0.00700000000000001 0.128 53.584 0.057 53.629 61.848 0.005 61.839 61.381 0.001 61.378
0.15 0.016 0.166 0.118 0.00900000000000001 0.127 53.575 0.039 53.601 61.685 0.001 61.673 61.726 0 61.714
0.142 0.019 0.161 0.113 0.013 0.127 52.732 0.049 52.767 60.785 0 60.771 60.765 0.002 60.752
0.153 0.012 0.165 0.117 0.012 0.127 53.423 0.036 53.448 60.894 0.001 60.889 60.575 0.001 60.563
0.149 0.017 0.166 0.113 0.014 0.128 53.673 0.028 53.689 61.584 0 61.569 60.473 0 60.466
0.147 0.017 0.165 0.113 0.014 0.126 53.213 0.035 53.236 61.348 0.011 61.347 61.286 0.005 61.276
0.15 0.014 0.164 0.116 0.01 0.126 53.128 0.036 53.152 60.965 0 60.958 60.52 0.001 60.507
0.153 0.011 0.164 0.114 0.014 0.127 53.266 0.052 53.307 61.283 0.002 61.271 60.653 0 60.648
0.15 0.015 0.165 0.116 0.011 0.127 53.141 0.047 53.177 60.894 0.002 60.889 60.472 0.003 60.464
0.148 0.017 0.165 0.117 0.011 0.127 53.151 0.031 53.178 60.694 0.002 60.685 60.573 0.000999999999999973 60.573
0.147 0.014 0.161 0.115 0.012 0.127 53.591 0.033 53.612 61.675 0 61.658 61.578 0.002 61.566
0.148 0.012 0.16 0.113 0.012 0.126 52.741 0.049 52.778 60.792 0.002 60.779 60.784 0.004 60.774
0.148 0.016 0.165 0.114 0.013 0.126 53.194 0.039 53.227 60.546 0 60.537 60.378 0 60.371
0.151 0.015 0.166 0.116 0.011 0.128 53.267 0.042 53.296 60.9 0.001 60.898 60.687 0.004 60.686
0.151 0.014 0.165 0.113 0.013 0.127 53.288 0.043 53.32 61.458 0.011 61.456 61.451 0.011 61.448
0.155 0.01 0.166 0.113 0.014 0.126 52.687 0.031 52.717 60.591 0.001 60.579 60.281 0 60.29
0.15 0.016 0.167 0.113 0.016 0.128 53.255 0.031 53.274 61.323 0.001 61.312 61.282 0.001 61.269
0.151 0.012 0.163 0.115 0.011 0.126 53.339 0.024 53.351 61.436 0.002 61.425 61.394 0 61.381
0.155 0.01 0.165 0.12 0.00700000000000001 0.127 53.193 0.047 53.229 60.713 0 60.709 60.482 0 60.473
0.156 0.01 0.166 0.119 0.00900000000000001 0.128 53.416 0.046 53.45 61.548 0 61.532 61.465 0.003 61.455
0.152 0.013 0.165 0.117 0.011 0.127 52.588 0.049 52.633 60.77 0.001 60.761 60.449 0.004 60.453
0.151 0.014 0.165 0.121 0.00800000000000001 0.128 53.481 0.045 53.515 61.315 0 61.31 60.566 0 60.553
0.148 0.018 0.166 0.119 0.00799999999999999 0.126 53.324 0.032 53.345 61.407 0.002 61.396 61.355 0.001 61.344
0.149 0.015 0.164 0.118 0.00800000000000001 0.126 53.398 0.048 53.433 61.521 0 61.505 61.442 0 61.427
0.148 0.012 0.159 0.115 0.00899999999999999 0.125 52.812 0.036 52.844 60.621 0 60.608 60.378 0.003 60.388
0.152 0.013 0.165 0.114 0.013 0.127 53.186 0.03 53.211 60.583 0.001 60.573 60.425 0 60.421
0.153 0.011 0.164 0.115 0.011 0.126 53.478 0.028 53.494 61.483 0 61.469 61.412 0.001 61.4
0.147 0.019 0.166 0.116 0.011 0.127 53.349 0.034 53.373 61.344 0 61.33 61.343 0.001 61.331
0.147 0.012 0.159 0.115 0.01 0.125 53.241 0.056 53.285 61.122 0 61.115 60.459 0.001 60.447
0.147 0.015 0.161 0.111 0.014 0.125 53.297 0.067 53.352 61.538 0.026 61.552 61.519 0.012 61.517
0.147 0.019 0.166 0.117 0.011 0.128 53.338 0.06 53.385 61.464 0.001 61.453 60.938 0.001 60.934
0.148 0.016 0.165 0.115 0.011 0.126 53.364 0.039 53.392 61.216 0 61.202 61.198 0.00399999999999998 61.188
0.149 0.016 0.165 0.112 0.015 0.127 53.289 0.022 53.3 61.273 0 61.259 61.242 0.001 61.229
0.15 0.013 0.164 0.115 0.012 0.127 53.611 0.04 53.638 61.569 0.002 61.556 61.543 0.003 61.534
0.153 0.011 0.164 0.114 0.012 0.127 53.435 0.033 53.456 61.4 0 61.385 61.408 0.002 61.397
0.144 0.014 0.159 0.119 0.00599999999999999 0.125 53.275 0.06 53.323 61.572 0.002 61.56 61.545 0.001 61.534
0.153 0.012 0.165 0.12 0.00700000000000001 0.127 53.398 0.031 53.416 60.432 0 60.426 60.617 0.001 60.614
0.15 0.015 0.166 0.117 0.011 0.128 53.489 0.039 53.517 60.691 0 60.685 60.524 0 60.52
0.149 0.015 0.164 0.118 0.00900000000000001 0.127 53.43 0.039 53.463 60.834 0 60.821 60.568 0 60.565
0.151 0.015 0.166 0.113 0.013 0.126 53.513 0.045 53.546 61.558 0.001 61.545 61.554 0.002 61.543
0.144 0.015 0.159 0.113 0.013 0.125 53.217 0.055 53.262 60.48 0.038 60.513 60.32 0.02 60.336
0.149 0.013 0.162 0.113 0.013 0.126 53.391 0.034 53.414 61.102 0 61.097 60.618 0.001 60.607
0.153 0.01 0.163 0.117 0.00800000000000001 0.125 52.611 0.032 52.639 60.856 0.001 60.852 60.555 0.001 60.554
0.153 0.014 0.167 0.118 0.00900000000000001 0.127 53.852 0.044 53.884 61.879 0 61.865 61.76 0.000999999999999973 61.752
0.153 0.011 0.164 0.123 0.00499999999999999 0.128 53.768 0.031 53.785 61.754 0 61.738 61.733 0 61.718
0.154 0.011 0.166 0.114 0.014 0.128 53.63 0.042 53.657 61.674 0 61.659 61.615 0.002 61.601
0.156 0.01 0.166 0.118 0.00899999999999999 0.127 53.988 0.055 54.033 62.438 0.001 62.425 62.364 0.001 62.351
0.154 0.013 0.167 0.113 0.017 0.128 53.614 0.023 53.626 61.565 0 61.552 61.525 0.003 61.515
0.148 0.018 0.166 0.117 0.00999999999999998 0.128 53.033 0.031 53.051 61.781 0.001 61.769 61.04 0.001 61.034
0.153 0.014 0.166 0.118 0.011 0.129 53.344 0.073 53.404 61.218 0.001 61.206 61.257 0.002 61.244
0.155 0.011 0.166 0.113 0.013 0.126 53.359 0.049 53.396 61.399 0.003 61.388 61.419 0.002 61.407
0.153 0.01 0.163 0.112 0.014 0.126 53.454 0.052 53.501 60.888 0 60.875 60.629 0 60.628
0.145 0.02 0.165 0.116 0.011 0.127 53.717 0.035 53.741 61.688 0.016 61.69 61.653 0.004 61.645
0.149 0.015 0.164 0.113 0.013 0.126 52.279 0.036 52.311 60.422 0.001 60.413 60.098 0 60.096
0.145 0.018 0.163 0.11 0.017 0.127 53.619 0.043 53.65 61.624 0.00499999999999998 61.615 61.107 0.00700000000000001 61.107
0.147 0.019 0.166 0.117 0.011 0.128 53.534 0.054 53.576 61.473 0.001 61.46 61.507 0.002 61.497
0.144 0.015 0.159 0.119 0.00700000000000001 0.125 52.713 0.06 52.76 60.894 0.002 60.881 60.881 0.001 60.867
0.15 0.014 0.165 0.111 0.015 0.126 53.496 0.04 53.525 61.017 0.001 61.011 60.455 0 60.442
0.156 0.01 0.166 0.114 0.013 0.128 53.706 0.061 53.755 61.776 0 61.762 60.842 0.002 60.838
0.155 0.00899999999999999 0.163 0.117 0.00900000000000001 0.127 53.262 0.046 53.295 61.323 0 61.311 61.286 0.001 61.273
0.151 0.013 0.165 0.114 0.012 0.126 53.121 0.027 53.135 61.102 0.001 61.098 60.374 0 60.36
0.144 0.017 0.16 0.115 0.01 0.125 53.46 0.03 53.479 61.527 0.002 61.514 60.965 0.001 60.961
0.147 0.013 0.159 0.109 0.015 0.125 53.158 0.033 53.179 60.83 0 60.824 60.341 0.001 60.328
0.144 0.017 0.161 0.116 0.012 0.128 53.491 0.056 53.543 61.988 0.001 61.976 61.796 0 61.79
0.149 0.016 0.165 0.114 0.013 0.127 53.586 0.044 53.618 61.609 0 61.593 61.615 0.002 61.604
0.149 0.00999999999999998 0.159 0.115 0.01 0.125 52.87 0.04 52.899 60.94 0.002 60.927 60.896 0.005 60.887
0.153 0.013 0.166 0.111 0.017 0.128 53.166 0.049 53.21 60.51 0.001 60.499 60.396 0 60.393
0.148 0.014 0.162 0.113 0.014 0.125 53.356 0.031 53.377 61.701 0.001 61.687 61.629 0.001 61.618
0.15 0.015 0.166 0.118 0.00900000000000001 0.127 52.62 0.038 52.653 60.361 0 60.348 60.152 0.001 60.156
0.152 0.012 0.164 0.113 0.013 0.126 53.751 0.062 53.802 61.91 0 61.896 61.893 0 61.88
0.144 0.02 0.164 0.116 0.011 0.126 53.271 0.037 53.297 61.322 0.001 61.309 61.304 0 61.292
0.146 0.014 0.159 0.117 0.00900000000000001 0.127 53.505 0.021 53.514 61.43 0 61.417 61.402 0 61.39
0.155 0.01 0.165 0.114 0.012 0.126 53.256 0.041 53.286 61.401 0.001 61.387 61.402 0 61.39
0.152 0.013 0.165 0.114 0.012 0.126 53.271 0.037 53.296 61.364 0 61.349 61.394 0.003 61.383
0.149 0.017 0.165 0.116 0.01 0.127 52.48 0.063 52.538 60.714 0.001 60.706 60.372 0.003 60.373
0.152 0.013 0.166 0.122 0.00600000000000001 0.127 53.731 0.058 53.779 61.891 0.031 61.917 61.168 0.034 61.19
0.15 0.017 0.165 0.114 0.013 0.128 53.409 0.043 53.441 61.67 0.035 61.691 61.118 0.002 61.115
0.153 0.014 0.167 0.112 0.016 0.129 53.249 0.043 53.28 61.37 0 61.356 61.335 0.002 61.322
0.15 0.014 0.164 0.114 0.013 0.126 53.268 0.046 53.304 61.329 0 61.316 61.299 0.001 61.286
0.148 0.016 0.164 0.111 0.015 0.126 53.244 0.03 53.261 61.31 0 61.294 61.256 0.001 61.242
0.148 0.016 0.164 0.116 0.011 0.126 53.15 0.043 53.182 61.223 0 61.209 61.26 0 61.246
0.152 0.013 0.166 0.111 0.016 0.126 53.235 0.026 53.249 61.347 0.002 61.339 61.325 0 61.31
0.145 0.014 0.16 0.115 0.01 0.125 53.187 0.049 53.224 61.484 0.021 61.491 61.477 0.013 61.477
0.14 0.02 0.16 0.116 0.01 0.126 53.263 0.055 53.307 61.279 0.00900000000000001 61.274 61.28 0.00600000000000001 61.273
0.148 0.016 0.164 0.118 0.00800000000000001 0.126 53.236 0.044 53.268 61.038 0 61.034 60.576 0 60.563
0.147 0.013 0.16 0.114 0.012 0.126 53.129 0.045 53.161 61.227 0 61.214 61.224 0.001 61.212
0.152 0.012 0.165 0.117 0.01 0.127 53.275 0.041 53.302 61.235 0 61.222 61.266 0 61.251
0.153 0.011 0.164 0.112 0.015 0.126 53.203 0.039 53.23 61.287 0 61.271 61.244 0.004 61.234
0.148 0.015 0.164 0.117 0.01 0.126 53.139 0.065 53.194 61.261 0.001 61.247 61.259 0 61.247
0.147 0.015 0.162 0.117 0.00900000000000001 0.126 53.524 0.029 53.541 61.699 0.001 61.685 61.67 0 61.657
0.152 0.012 0.164 0.112 0.015 0.127 53.523 0.022 53.533 61.451 0 61.437 61.401 0.002 61.39
0.154 0.011 0.164 0.118 0.00799999999999999 0.127 53.706 0.043 53.737 61.917 0 61.904 61.869 0.001 61.856
0.154 0.013 0.167 0.122 0.00600000000000001 0.128 53.109 0.03 53.134 60.539 0 60.526 60.713 0.00199999999999997 60.713
0.146 0.016 0.161 0.111 0.016 0.128 53.279 0.05 53.325 60.753 0 60.741 60.545 0 60.543
0.147 0.018 0.165 0.116 0.01 0.126 53.461 0.03 53.486 60.921 0.001 60.908 60.643 0 60.645
0.154 0.014 0.167 0.119 0.00900000000000001 0.128 53.558 0.032 53.578 61.626 0 61.612 61.582 0.002 61.57
0.155 0.01 0.165 0.115 0.012 0.127 53.821 0.042 53.851 61.837 0.035 61.857 61.77 0.016 61.773
0.148 0.017 0.165 0.116 0.012 0.128 52.825 0.051 52.872 60.818 0.001 60.811 60.5 0 60.501
0.148 0.016 0.164 0.116 0.012 0.127 53.64 0.049 53.676 61.714 0 61.699 61.708 0.002 61.694
0.15 0.015 0.165 0.117 0.00900000000000001 0.126 53.507 0.037 53.53 61.432 0 61.417 61.404 0 61.389
0.151 0.013 0.164 0.118 0.00800000000000001 0.126 52.561 0.048 52.605 60.365 0.013 60.371 60.126 0.004 60.134
0.151 0.013 0.164 0.118 0.01 0.127 53.702 0.042 53.733 61.766 0 61.752 61.68 0.001 61.668
0.145 0.02 0.166 0.116 0.012 0.127 53.679 0.034 53.702 61.513 0 61.5 61.532 0.000999999999999973 61.52
0.154 0.013 0.166 0.117 0.01 0.128 52.916 0.026 52.93 61.729 0 61.715 61.28 0.001 61.278
0.145 0.014 0.159 0.105 0.02 0.125 53.165 0.039 53.191 61.302 0.001 61.289 61.224 0.001 61.212
0.153 0.012 0.164 0.122 0.005 0.127 53.332 0.044 53.364 61.306 0 61.292 61.393 0 61.38
0.141 0.022 0.164 0.117 0.00900000000000001 0.125 53.521 0.05 53.565 60.737 0 60.725 60.624 0 60.618
0.147 0.018 0.166 0.116 0.011 0.126 53.61 0.037 53.636 61.61 0 61.597 61.585 0.001 61.572
0.153 0.012 0.165 0.117 0.01 0.127 53.545 0.031 53.565 61.576 0 61.562 61.102 0.001 61.098
0.15 0.016 0.166 0.11 0.018 0.128 53.564 0.029 53.582 61.615 0.001 61.602 61.521 0 61.507
0.152 0.01 0.161 0.122 0.005 0.127 53.214 0.032 53.234 61.352 0.001 61.339 61.29 0.004 61.278
0.148 0.017 0.165 0.116 0.011 0.126 52.949 0.044 52.989 60.348 0.004 60.34 60.23 0.001 60.227
