0.146 0.02 0.167 0.116 0.014 0.13 56.617 0.04 56.645 64.799 0.005 64.793 64.692 0.00600000000000001 64.685
0.153 0.013 0.166 0.116 0.013 0.129 55.376 0.039 55.402 64.12 0.002 64.11 64.027 0.001 64.015
0.157 0.012 0.169 0.119 0.011 0.129 55.818 0.041 55.847 63.752 0.001 63.739 63.71 0 63.696
0.156 0.012 0.169 0.117 0.011 0.128 55.426 0.051 55.467 63.603 0 63.594 63.191 0 63.183
0.156 0.011 0.167 0.116 0.011 0.128 55.735 0.053 55.775 63.918 0.002 63.907 64.001 0 63.989
0.155 0.012 0.168 0.117 0.012 0.128 55.429 0.028 55.455 63.072 0.004 63.064 62.966 0.002 62.967
0.164 0.011 0.175 0.109 0.017 0.127 58.63 0.058 58.676 66.925 0.004 66.914 66.918 0.002 66.906
0.157 0.011 0.168 0.117 0.012 0.129 55.804 0.036 55.828 63.891 0.003 63.88 63.871 0 63.857
0.148 0.019 0.168 0.117 0.011 0.128 55.149 0.025 55.17 62.745 0.001 62.733 62.611 0 62.608
0.146 0.018 0.164 0.113 0.013 0.126 55.284 0.045 55.315 63.544 0 63.528 63.481 0 63.466
0.16 0.018 0.178 0.121 0.011 0.132 58.288 0.038 58.315 66.341 0 66.328 66.355 0.001 66.342
0.15 0.021 0.17 0.113 0.016 0.129 56.39 0.034 56.409 64.856 0.002 64.842 64.947 0 64.932
0.154 0.017 0.171 0.118 0.011 0.129 55.773 0.046 55.807 63.812 0.003 63.801 63.845 0.001 63.833
0.149 0.019 0.169 0.123 0.00600000000000001 0.128 56.27 0.054 56.311 63.353 0.000999999999999973 63.349 63.591 0.001 63.578
0.165 0.015 0.18 0.119 0.015 0.134 58.193 0.03 58.212 66.451 0.001 66.44 66.425 0 66.413
0.16 0.00700000000000001 0.167 0.106 0.021 0.127 55.367 0.045 55.4 63.699 0.003 63.689 63.594 0 63.581
0.151 0.017 0.169 0.114 0.016 0.13 55.779 0.029 55.796 63.947 0.001 63.934 63.835 0 63.822
0.152 0.016 0.168 0.116 0.012 0.127 55.586 0.031 55.605 63.714 0.001 63.702 63.663 0 63.648
0.152 0.016 0.169 0.117 0.011 0.128 55.357 0.038 55.383 63.391 0 63.377 63.283 0.001 63.274
0.152 0.013 0.165 0.121 0.00600000000000001 0.126 55.903 0.038 55.931 63.816 0.003 63.812 63.113 0.001 63.101
0.146 0.017 0.163 0.117 0.01 0.127 55.163 0.059 55.21 63.73 0.002 63.718 63.612 0.001 63.598
0.155 0.016 0.169 0.112 0.016 0.128 56.464 0.027 56.478 64.494 0 64.48 64.488 0.001 64.475
0.156 0.011 0.168 0.118 0.011 0.128 56.314 0.037 56.338 64.328 0.001 64.315 63.779 0 63.773
0.154 0.014 0.169 0.112 0.016 0.128 55.261 0.034 55.282 63.406 0 63.392 63.344 0 63.329
0.153 0.014 0.167 0.117 0.013 0.13 56.749 0.054 56.79 64.76 0.00600000000000001 64.753 64.772 0.001 64.759
0.155 0.013 0.168 0.118 0.00900000000000001 0.127 55.565 0.033 55.586 63.451 0.014 63.459 62.812 0.024 62.823
0.137 0.025 0.163 0.114 0.014 0.127 55.679 0.041 55.707 63.884 0 63.87 63.848 0 63.834
0.156 0.015 0.171 0.118 0.011 0.129 56.602 0.047 56.636 64.668 0.002 64.655 64.638 0 64.624
0.148 0.018 0.165 0.115 0.014 0.129 55.584 0.063 55.634 63.736 0.004 63.727 63.668 0.001 63.655
0.158 0.011 0.169 0.115 0.014 0.129 56.41 0.034 56.432 64.448 0 64.433 64.353 0 64.34
0.147 0.023 0.17 0.122 0.00799999999999998 0.13 56.059 0.056 56.102 64.217 0.023 64.226 64.29 0.002 64.278
0.15 0.017 0.167 0.118 0.00899999999999998 0.127 54.754 0.051 54.802 62.699 0.002 62.687 62.477 0.001 62.476
0.153 0.017 0.17 0.109 0.018 0.127 56.338 0.04 56.365 64.372 0.003 64.36 63.626 0 63.621
0.159 0.00900000000000001 0.168 0.118 0.01 0.128 55.672 0.054 55.714 63.821 0.045 63.852 63.751 0.04 63.778
0.152 0.013 0.165 0.119 0.011 0.13 56.09 0.039 56.118 64.098 0.003 64.088 64.089 0.004 64.079
0.154 0.016 0.171 0.118 0.012 0.129 56.44 0.043 56.471 65.052 0.002 65.046 65.039 0 65.025
0.149 0.015 0.165 0.12 0.012 0.131 56.594 0.032 56.613 65.228 0.001 65.215 64.707 0 64.7
0.147 0.02 0.167 0.118 0.012 0.13 57.597 0.045 57.63 64.852 0.026 64.874 64.643 0.026 64.656
0.15 0.017 0.168 0.116 0.014 0.13 57.314 0.054 57.355 65.446 0 65.431 65.367 0 65.353
0.151 0.018 0.17 0.118 0.011 0.128 55.811 0.048 55.847 63.579 0 63.575 63.05 0 63.038
0.147 0.02 0.167 0.117 0.011 0.128 55.653 0.052 55.692 63.737 0 63.723 63.802 0 63.788
0.154 0.014 0.167 0.119 0.00900000000000001 0.128 54.882 0.048 54.928 62.778 0 62.764 62.585 0.001 62.588
0.147 0.017 0.164 0.114 0.013 0.127 55.486 0.032 55.506 63.56 0.001 63.547 63.619 0.002 63.606
0.157 0.011 0.168 0.118 0.01 0.127 55.536 0.031 55.555 63.452 0.00199999999999997 63.439 63.445 0.002 63.433
0.15 0.019 0.168 0.119 0.01 0.129 55.354 0.038 55.383 63.559 0.004 63.551 63.505 0.00399999999999998 63.496
0.149 0.015 0.163 0.113 0.014 0.128 56.067 0.035 56.089 64.7 0 64.687 64.536 0 64.521
0.152 0.016 0.167 0.118 0.01 0.129 55.532 0.072 55.591 63.629 0.039 63.655 63.906 0.035 63.928
0.154 0.00999999999999998 0.163 0.117 0.01 0.127 55.987 0.031 56.007 64.081 0.001 64.068 64.241 0 64.226
0.147 0.016 0.164 0.117 0.011 0.127 55.997 0.038 56.022 63.874 0.001 63.862 64.019 0 64.005
0.149 0.014 0.163 0.118 0.00899999999999998 0.127 55.551 0.038 55.578 64.007 0 63.993 63.942 0.001 63.929
0.158 0.012 0.17 0.117 0.012 0.129 55.515 0.057 55.559 63.586 0.002 63.576 62.833 0.002 62.826
0.154 0.016 0.169 0.118 0.011 0.129 55.894 0.033 55.912 64.109 0 64.094 63.993 0.002 63.985
0.156 0.015 0.171 0.117 0.014 0.131 55.925 0.041 55.954 66.034 0.002 66.032 66.008 0 65.999
0.157 0.012 0.169 0.116 0.014 0.129 55.624 0.032 55.644 63.705 0.001 63.693 63.664 0.001 63.652
0.16 0.00800000000000001 0.167 0.112 0.016 0.127 55.25 0.048 55.287 63.582 0.00800000000000001 63.577 63.498 0.002 63.486
0.156 0.013 0.169 0.111 0.016 0.127 55.53 0.057 55.575 63.896 0.001 63.883 63.765 0 63.751
0.154 0.015 0.169 0.113 0.016 0.13 55.22 0.058 55.265 63.395 0.02 63.402 63.269 0.019 63.274
0.152 0.017 0.169 0.118 0.00900000000000001 0.127 55.666 0.043 55.701 63.822 0.00799999999999998 63.82 63.144 0.015 63.158
0.15 0.018 0.168 0.114 0.012 0.126 55.641 0.047 55.675 63.784 0.001 63.773 63.735 0 63.722
0.161 0.00800000000000001 0.168 0.118 0.013 0.13 56.808 0.031 56.827 64.817 0.002 64.806 64.359 0 64.348
0.148 0.021 0.169 0.118 0.00999999999999998 0.128 55.811 0.039 55.837 63.733 0.00900000000000001 63.735 62.869 0.005 62.861
0.158 0.011 0.169 0.113 0.015 0.128 56.691 0.038 56.717 64.407 0.001 64.4 63.441 0 63.427
0.155 0.012 0.167 0.115 0.013 0.128 55.609 0.039 55.642 63.579 0.001 63.567 63.436 0.001 63.438
0.155 0.011 0.167 0.123 0.00700000000000001 0.129 57.152 0.061 57.2 65.186 0.001 65.172 65.056 0 65.042
0.155 0.013 0.167 0.116 0.013 0.13 56.968 0.026 56.982 64.56 0 64.555 64.089 0 64.076
0.152 0.016 0.168 0.117 0.013 0.131 56.805 0.074 56.866 65.16 0 65.147 65.14 0.00499999999999998 65.13
0.155 0.013 0.167 0.118 0.01 0.128 55.514 0.04 55.542 63.681 0.002 63.669 63.54 0 63.526
0.157 0.012 0.169 0.113 0.016 0.129 55.3 0.041 55.329 63.502 0 63.488 63.474 0.000999999999999973 63.462
0.158 0.01 0.187 0.118 0.011 0.128 56.154 0.035 56.176 64.241 0.00199999999999997 64.229 64.323 0.001 64.309
0.158 0.011 0.169 0.115 0.012 0.127 55.63 0.04 55.658 63.555 0.06 63.602 63.763 0.05 63.8
0.159 0.011 0.169 0.115 0.014 0.129 56.179 0.041 56.207 64.21 0 64.197 64.212 0 64.199
0.154 0.015 0.169 0.118 0.012 0.13 55.424 0.031 55.443 63.569 0.002 63.559 63.123 0.001 63.117
0.148 0.016 0.164 0.114 0.014 0.128 55.635 0.085 55.707 63.795 0.034 63.816 63.692 0.033 63.712
0.162 0.00699999999999999 0.169 0.116 0.013 0.129 55.929 0.047 55.963 64.037 0.025 64.049 64.087 0.00800000000000001 64.082
0.15 0.019 0.169 0.118 0.011 0.129 55.743 0.058 55.789 63.864 0 63.851 63.981 0 63.969
0.158 0.011 0.169 0.116 0.013 0.129 55.406 0.068 55.465 62.868 0.026 62.883 62.676 0.013 62.679
0.151 0.015 0.166 0.113 0.014 0.127 55.977 0.034 55.999 64.008 0.001 63.996 64.015 0 64.003
0.153 0.015 0.168 0.111 0.018 0.129 56.288 0.029 56.304 64.433 0.001 64.42 64.328 0 64.314
0.171 0.00999999999999998 0.181 0.123 0.01 0.134 59.305 0.035 59.328 67.497 0 67.485 67.337 0 67.324
0.147 0.019 0.165 0.117 0.01 0.126 55.524 0.033 55.544 63.663 0.001 63.652 63.685 0 63.671
0.15 0.018 0.168 0.117 0.011 0.129 55.459 0.039 55.485 63.495 0 63.482 63.474 0.001 63.461
0.151 0.017 0.167 0.117 0.013 0.129 56.806 0.042 56.835 64.965 0 64.952 64.955 0.001 64.941
0.154 0.012 0.165 0.114 0.014 0.129 56.579 0.041 56.606 64.64 0.001 64.628 64.71 0.001 64.696
0.152 0.015 0.166 0.117 0.013 0.13 56.699 0.051 56.737 64.607 0.00800000000000001 64.6 64.764 0.014 64.765
0.147 0.016 0.163 0.115 0.012 0.127 56.042 0.059 56.088 64.493 0.001 64.479 64.414 0.002 64.402
0.157 0.012 0.169 0.114 0.014 0.128 56.425 0.052 56.464 64.654 0.011 64.657 63.863 0 63.852
0.15 0.018 0.169 0.113 0.016 0.128 55.232 0.064 55.284 63.459 0.001 63.445 63.34 0 63.333
0.152 0.017 0.168 0.115 0.014 0.13 55.975 0.029 55.99 64.047 0.001 64.036 63.776 0.001 63.77
0.153 0.015 0.168 0.121 0.00700000000000001 0.128 55.759 0.042 55.789 63.389 0.001 63.383 63.212 0 63.199
0.148 0.016 0.164 0.117 0.00999999999999998 0.127 55.517 0.044 55.549 63.872 0.002 63.862 63.792 0 63.777
0.157 0.013 0.17 0.114 0.015 0.13 56.55 0.043 56.58 64.514 0.001 64.5 64.406 0 64.391
0.149 0.017 0.165 0.115 0.013 0.128 56.21 0.049 56.247 64.021 0.001 64.007 63.975 0 63.961
0.148 0.02 0.169 0.115 0.014 0.128 56.659 0.045 56.691 64.585 0.00800000000000001 64.58 64.554 0.002 64.541
0.158 0.01 0.167 0.115 0.013 0.128 56.124 0.039 56.152 64.316 0 64.302 63.528 0.00199999999999997 63.526
0.159 0.011 0.171 0.115 0.016 0.13 56.7 0.033 56.721 64.687 0.001 64.673 64.618 0.00499999999999998 64.609
0.157 0.011 0.167 0.113 0.014 0.127 55.19 0.031 55.209 63.426 0.001 63.411 63.297 0.003 63.289
0.155 0.014 0.169 0.113 0.014 0.128 55.528 0.025 55.548 63.241 0 63.228 63.206 0.001 63.202
0.154 0.016 0.17 0.117 0.011 0.128 56.167 0.026 56.18 64.267 0 64.253 63.983 0.003 63.972
0.157 0.012 0.17 0.115 0.014 0.129 56.153 0.03 56.17 63.5 0.001 63.499 63.538 0 63.526
0.157 0.012 0.17 0.113 0.016 0.129 56.326 0.063 56.427 63.858 0.00199999999999997 63.848 64.436 0 64.422
0.155 0.014 0.169 0.116 0.013 0.13 55.796 0.049 55.838 63.453 0 63.44 63.737 0.001 63.738
0.15 0.013 0.163 0.116 0.015 0.13 56.633 0.032 56.652 64.705 0 64.691 64.663 0 64.65
0.203 0.038 0.241 0.158 0.026 0.185 76.08 0.091 76.26 86.422 0.003 86.548 85.848 0 85.969
0.154 0.013 0.167 0.117 0.011 0.128 54.897 0.054 54.944 62.491 0 62.477 62.483 0.001 62.475
0.16 0.01 0.171 0.117 0.013 0.13 56.087 0.048 56.13 65.458 0.001 65.444 65.562 0 65.553
0.15 0.013 0.163 0.117 0.01 0.127 54.955 0.047 54.989 63.651 0 63.637 63.19 0 63.182
0.154 0.011 0.166 0.114 0.016 0.128 55.147 0.051 55.187 63.721 0.019 63.726 63.655 0.018 63.66
0.149 0.013 0.161 0.118 0.011 0.129 56.859 0.032 56.878 64.9 0 64.887 64.863 0.001 64.85
0.148 0.02 0.168 0.113 0.015 0.127 55.577 0.061 55.626 63.731 0.00399999999999998 63.72 63.663 0.002 63.652
0.151 0.016 0.168 0.11 0.018 0.127 55.4 0.033 55.421 63.486 0.002 63.475 63.507 0.002 63.496
0.152 0.011 0.163 0.112 0.014 0.127 55.317 0.037 55.342 63.69 0 63.675 63.707 0 63.694
0.155 0.015 0.17 0.112 0.016 0.128 55.532 0.059 55.578 63.709 0.001 63.697 62.982 0 62.975
0.151 0.017 0.167 0.118 0.012 0.131 56.797 0.043 56.825 64.765 0 64.75 64.687 0.001 64.671
0.157 0.011 0.168 0.119 0.00900000000000001 0.127 55.605 0.047 55.641 63.292 0 63.287 63.174 0.001 63.162
0.153 0.015 0.168 0.113 0.014 0.127 55.629 0.047 55.664 64.021 0.00700000000000001 64.015 64.069 0.004 64.061
0.148 0.021 0.169 0.122 0.00699999999999998 0.129 55.548 0.03 55.566 63.984 0.021 63.99 63.98 0.015 63.982
0.16 0.00800000000000001 0.168 0.111 0.018 0.129 56.292 0.086 56.395 64.265 0.058 64.344 64.218 0.046 64.29
0.149 0.02 0.168 0.116 0.011 0.128 55.526 0.048 55.564 63.839 0.002 63.83 63.374 0.001 63.366
0.155 0.00800000000000001 0.163 0.118 0.011 0.128 56.552 0.032 56.572 64.719 0.001 64.708 64.685 0.002 64.673
0.154 0.015 0.168 0.12 0.00800000000000001 0.129 56.222 0.045 56.254 64.161 0.002 64.157 62.938 0 62.924
0.152 0.012 0.163 0.113 0.014 0.127 56.318 0.047 56.353 63.93 0.032 63.954 63.482 0.021 63.489
0.156 0.013 0.167 0.119 0.01 0.13 57.401 0.097 57.486 65.174 0.015 65.173 65.203 0.023 65.219
0.154 0.013 0.167 0.118 0.012 0.131 55.436 0.034 55.463 63.323 0 63.31 63.132 0 63.13
0.158 0.011 0.168 0.118 0.01 0.128 56.607 0.04 56.636 64.711 0.023 64.72 64.618 0.016 64.619
0.159 0.011 0.171 0.117 0.012 0.128 55.246 0.068 55.301 63.436 0.003 63.426 63.168 0.002 63.162
0.158 0.01 0.168 0.12 0.00799999999999998 0.128 55.737 0.035 55.759 62.563 0 62.561 62.748 0.002 62.735
0.155 0.012 0.167 0.115 0.015 0.13 57.143 0.053 57.183 65.253 0.001 65.24 65.208 0.001 65.201
0.152 0.017 0.169 0.115 0.015 0.13 55.549 0.04 55.577 63.723 0.002 63.712 63.747 0 63.734
0.151 0.018 0.169 0.119 0.00899999999999998 0.129 55.661 0.061 55.709 65.112 0.01 65.108 65.075 0.001 65.062
0.156 0.013 0.168 0.115 0.013 0.129 56.302 0.039 56.328 63.814 0 63.801 64.554 0 64.539
0.147 0.016 0.164 0.115 0.012 0.127 58.847 0.046 58.89 66.124 0.005 66.116 66.051 0.000999999999999973 66.051
0.158 0.012 0.169 0.111 0.017 0.129 55.514 0.043 55.544 63.623 0.051 63.66 63.581 0.063 63.63
0.153 0.016 0.169 0.113 0.015 0.128 55.616 0.049 55.653 63.711 0.003 63.701 63.661 0.003 63.651
0.158 0.011 0.168 0.12 0.00800000000000001 0.129 55.569 0.056 55.613 63.701 0.034 63.722 63.571 0.026 63.584
0.155 0.015 0.171 0.118 0.013 0.13 55.404 0.031 55.424 63.577 0.003 63.566 63.518 0.00399999999999998 63.508
0.149 0.019 0.169 0.117 0.013 0.13 56.567 0.033 56.586 64.537 0 64.523 64.517 0 64.502
0.159 0.00900000000000001 0.169 0.121 0.00800000000000001 0.128 55.612 0.029 55.628 63.644 0.001 63.631 63.62 0 63.606
0.155 0.00799999999999999 0.162 0.118 0.011 0.129 56.815 0.04 56.842 65.006 0 64.991 65.09 0.002 65.078
0.148 0.019 0.167 0.114 0.014 0.128 55.362 0.033 55.382 63.587 0.001 63.58 62.592 0 62.58
0.152 0.017 0.168 0.119 0.00900000000000001 0.129 55.789 0.036 55.812 64.088 0.001 64.073 64.042 0.000999999999999973 64.03
0.154 0.016 0.169 0.121 0.00699999999999998 0.128 55.705 0.049 55.742 63.658 0.015 63.659 63.577 0.013 63.577
0.152 0.012 0.163 0.115 0.012 0.127 56.066 0.046 56.099 63.71 0 63.704 63.641 0 63.628
0.152 0.014 0.166 0.119 0.00799999999999998 0.127 55.762 0.038 55.788 63.827 0.002 63.815 63.711 0 63.701
0.159 0.00900000000000001 0.168 0.116 0.013 0.128 55.767 0.04 55.795 63.857 0.001 63.844 63.842 0 63.828
0.147 0.017 0.164 0.115 0.012 0.127 56.293 0.043 56.323 64.295 0.001 64.281 64.294 0.003 64.282
0.154 0.016 0.17 0.115 0.014 0.129 56.784 0.038 56.809 64.681 0.001 64.666 64.623 0.001 64.609
0.153 0.015 0.168 0.115 0.014 0.129 55.843 0.036 55.866 63.926 0.001 63.913 63.833 0.002 63.821
0.151 0.017 0.167 0.118 0.01 0.129 55.62 0.031 55.639 63.879 0 63.865 63.791 0 63.777
0.154 0.014 0.168 0.112 0.016 0.128 55.734 0.037 55.759 63.96 0.002 63.948 63.875 0.001 63.862
0.156 0.012 0.168 0.116 0.012 0.128 55.285 0.032 55.302 63.478 0.003 63.468 63.452 0.001 63.438
0.154 0.016 0.17 0.112 0.018 0.129 55.85 0.053 55.891 63.927 0.001 63.914 63.841 0 63.827
0.149 0.019 0.167 0.118 0.01 0.128 55.199 0.046 55.233 63.488 0 63.473 63.413 0.001 63.399
0.152 0.015 0.167 0.113 0.016 0.129 54.681 0.056 54.734 62.697 0.037 62.72 62.519 0.00700000000000001 62.528
0.154 0.016 0.17 0.114 0.015 0.13 55.384 0.034 55.404 63.902 0.001 63.889 63.951 0 63.942
0.152 0.017 0.17 0.114 0.015 0.129 55.97 0.038 55.994 63.518 0 63.505 64.135 0 64.123
0.15 0.013 0.164 0.119 0.00800000000000001 0.126 55.11 0.063 55.195 63.8 0.00199999999999997 63.827 63.803 0 63.829
0.145 0.018 0.162 0.116 0.011 0.126 54.901 0.03 54.92 63.446 0.002 63.435 63.387 0.001 63.372
0.149 0.017 0.166 0.115 0.014 0.128 56.243 0.037 56.268 65.424 0.001 65.411 65.461 0 65.447
0.152 0.016 0.167 0.113 0.014 0.128 55.376 0.03 55.392 63.552 0.001 63.541 63.477 0 63.462
0.149 0.014 0.162 0.112 0.014 0.127 55.637 0.034 55.658 63.774 0.003 63.763 63.737 0.003 63.726
0.148 0.019 0.167 0.114 0.015 0.128 55.31 0.038 55.337 63.418 0.001 63.404 63.295 0.001 63.281
0.152 0.015 0.167 0.115 0.013 0.127 55.275 0.047 55.31 63.414 0.002 63.403 63.331 0 63.316
0.154 0.016 0.169 0.114 0.014 0.129 56.273 0.049 56.31 64.475 0.036 64.497 64.415 0.043 64.445
0.153 0.018 0.17 0.116 0.013 0.129 55.505 0.05 55.543 63.834 0 63.826 62.618 0 62.604
0.159 0.012 0.17 0.119 0.011 0.129 55.431 0.056 55.473 63.553 0.026 63.564 63.399 0.03 63.414
0.155 0.012 0.167 0.118 0.012 0.13 56.694 0.048 56.731 64.046 0.001 64.042 63.852 0 63.839
0.153 0.015 0.168 0.11 0.018 0.128 55.963 0.047 56.001 63.993 0.002 63.985 63.466 0 63.456
0.153 0.015 0.168 0.112 0.017 0.128 55.262 0.038 55.288 63.348 0.004 63.339 63.296 0.002 63.284
0.161 0.00800000000000001 0.17 0.11 0.019 0.129 55.42 0.033 55.446 62.749 0.002 62.737 62.601 0 62.592
0.154 0.014 0.168 0.115 0.013 0.127 55.359 0.039 55.386 63.598 0 63.585 63.513 0 63.5
0.153 0.013 0.165 0.116 0.013 0.128 56.098 0.042 56.133 63.978 0 63.964 63.798 0 63.795
0.155 0.014 0.169 0.122 0.00899999999999998 0.13 56.101 0.047 56.136 64.133 0.005 64.124 64.124 0 64.11
0.153 0.016 0.169 0.111 0.017 0.128 55.861 0.037 55.886 63.911 0 63.897 63.986 0.002 63.974
0.156 0.011 0.167 0.118 0.00999999999999998 0.128 55.087 0.047 55.132 62.57 0.001 62.557 62.485 0.001 62.484
0.151 0.013 0.164 0.117 0.01 0.127 55.569 0.034 55.591 63.626 0.001 63.614 63.618 0 63.605
0.157 0.01 0.168 0.125 0.004 0.128 55.339 0.056 55.384 63.543 0.003 63.532 63.431 0 63.418
0.153 0.014 0.168 0.113 0.015 0.128 55.408 0.051 55.447 63.425 0.003 63.414 63.428 0.003 63.417
0.159 0.00900000000000001 0.168 0.111 0.018 0.129 55.404 0.045 55.436 63.744 0.001 63.73 63.759 0 63.745
0.157 0.012 0.17 0.117 0.011 0.127 55.677 0.045 55.711 63.481 0.001 63.468 63.923 0.002 63.912
0.157 0.011 0.168 0.117 0.011 0.129 55.327 0.035 55.349 63.481 0.001 63.469 63.413 0 63.399
0.159 0.00800000000000001 0.167 0.113 0.014 0.127 55.72 0.06 55.768 63.864 0 63.851 63.996 0.001 63.984
0.155 0.01 0.165 0.117 0.011 0.128 55.944 0.038 55.97 64.097 0.001 64.085 64.065 0.001 64.052
0.151 0.014 0.165 0.117 0.00999999999999998 0.127 55.991 0.032 56.01 64.122 0 64.108 63.288 0.004 63.285
0.172 0.012 0.184 0.122 0.012 0.134 58.298 0.036 58.323 66.7 0.001 66.689 66.562 0 66.549
0.156 0.015 0.171 0.118 0.01 0.128 55.982 0.035 56.004 63.849 0.001 63.836 63.876 0 63.862
0.152 0.019 0.171 0.116 0.013 0.129 56.196 0.032 56.215 64.772 0 64.758 64.705 0.00599999999999998 64.696
0.159 0.00800000000000001 0.168 0.116 0.012 0.128 55.743 0.056 55.786 63.773 0.023 63.781 63.974 0.023 63.984
0.159 0.011 0.169 0.116 0.013 0.129 55.859 0.064 55.911 63.871 0.029 63.885 63.076 0.001 63.072
0.156 0.014 0.17 0.118 0.011 0.129 55.573 0.046 55.607 63.709 0.001 63.695 63.766 0 63.751
0.16 0.00999999999999998 0.17 0.118 0.01 0.128 55.508 0.038 55.533 63.611 0.004 63.602 63.521 0 63.507
0.15 0.017 0.166 0.12 0.01 0.13 56.105 0.043 56.135 64.779 0.002 64.774 64.569 0 64.556
0.149 0.016 0.165 0.117 0.011 0.128 55.683 0.042 55.712 64.026 0 64.013 63.993 0.003 63.982
0.148 0.021 0.169 0.118 0.00999999999999998 0.129 55.99 0.037 56.013 63.968 0.036 63.992 63.911 0 63.896
0.158 0.00900000000000001 0.167 0.117 0.011 0.128 55.423 0.044 55.454 63.471 0.036 63.494 63.373 0.04 63.4
0.156 0.00800000000000001 0.163 0.108 0.018 0.127 56.315 0.048 56.35 64.122 0.002 64.119 63.42 0 63.406
0.156 0.014 0.17 0.115 0.015 0.13 55.597 0.03 55.614 63.658 0.001 63.646 63.535 0 63.527
0.151 0.015 0.166 0.118 0.014 0.131 57.484 0.038 57.511 65.399 0.001 65.383 65.309 0 65.296
0.157 0.014 0.171 0.118 0.012 0.13 55.793 0.028 55.807 63.929 0 63.917 63.919 0.003 63.908
0.151 0.016 0.167 0.111 0.017 0.128 56.043 0.042 56.073 64.048 0.00900000000000001 64.043 64.017 0.00299999999999997 64.007
0.158 0.013 0.171 0.12 0.01 0.13 55.226 0.043 55.256 63.404 0.001 63.392 63.384 0 63.368
0.153 0.014 0.168 0.11 0.018 0.127 55.553 0.046 55.588 63.669 0.026 63.688 62.975 0.029 62.992
0.155 0.013 0.168 0.117 0.011 0.128 55.702 0.044 55.732 63.873 0.001 63.86 63.882 0.001 63.869
0.151 0.017 0.168 0.121 0.00899999999999998 0.129 55.216 0.044 55.256 62.973 0 62.96 62.875 0.005 62.881
0.157 0.011 0.168 0.118 0.01 0.129 55.071 0.032 55.09 63.531 0.002 63.519 63.666 0.003 63.654
0.155 0.015 0.169 0.116 0.013 0.129 56.052 0.028 56.067 63.589 0.002 63.578 64.013 0 64
0.157 0.011 0.168 0.118 0.011 0.129 56.409 0.044 56.441 64.543 0 64.531 64.645 0 64.632
0.15 0.015 0.164 0.117 0.011 0.128 55.356 0.05 55.394 63.517 0.005 63.51 63.449 0.00999999999999998 63.446
0.153 0.014 0.167 0.116 0.014 0.129 56.62 0.042 56.648 64.901 0 64.887 64.964 0.001 64.949
0.153 0.015 0.169 0.121 0.00799999999999998 0.128 55.323 0.035 55.346 63.548 0 63.533 63.595 0 63.583
0.154 0.00900000000000001 0.163 0.119 0.00699999999999999 0.126 55.251 0.043 55.283 63.523 0.003 63.512 63.524 0 63.511
0.154 0.013 0.167 0.117 0.011 0.128 55.711 0.055 55.754 63.983 0.00199999999999997 63.971 63.97 0 63.957
0.157 0.00600000000000001 0.163 0.114 0.013 0.127 55.32 0.034 55.342 63.53 0.004 63.52 63.558 0.003 63.548
0.158 0.011 0.169 0.111 0.02 0.131 56.765 0.042 56.794 64.547 0.001 64.538 63.59 0 63.578
0.154 0.016 0.17 0.119 0.01 0.13 56.101 0.043 56.131 64.092 0.002 64.08 64.129 0.001 64.117
0.154 0.015 0.169 0.115 0.014 0.129 55.294 0.047 55.327 63.456 0.002 63.441 63.328 0 63.313
0.154 0.014 0.169 0.116 0.013 0.129 56.217 0.024 56.228 63.75 0 63.745 63.551 0 63.538
0.15 0.019 0.169 0.119 0.011 0.13 56.238 0.045 56.27 64.386 0.001 64.373 64.466 0 64.453
0.159 0.00800000000000001 0.167 0.113 0.015 0.128 55.121 0.046 55.155 63.388 0.023 63.397 63.333 0.00700000000000001 63.326
0.161 0.00700000000000001 0.168 0.116 0.012 0.128 55.323 0.053 55.364 63.469 0.019 63.475 63.477 0.001 63.464
0.155 0.012 0.166 0.119 0.00900000000000001 0.128 55.392 0.05 55.438 62.974 0.029 62.989 62.927 0.016 62.939
0.146 0.018 0.163 0.119 0.00800000000000001 0.127 55.681 0.025 55.693 63.712 0.002 63.701 63.679 0.001 63.666
0.151 0.017 0.168 0.115 0.013 0.128 55.634 0.037 55.659 63.774 0.001 63.761 63.713 0.001 63.7
0.156 0.013 0.169 0.111 0.017 0.128 55.581 0.037 55.605 63.54 0.025 63.552 63.573 0 63.56
0.153 0.016 0.169 0.116 0.014 0.129 55.277 0.04 55.304 63.372 0 63.359 63.246 0.002 63.235
0.154 0.014 0.168 0.116 0.012 0.129 56.362 0.037 56.385 64.486 0.001 64.475 64.329 0.002 64.316
0.15 0.018 0.168 0.12 0.01 0.13 55.746 0.03 55.764 63.683 0 63.678 63.003 0 62.991
0.157 0.011 0.168 0.113 0.016 0.128 55.448 0.035 55.473 62.867 0.001 62.862 62.786 0.002 62.777
0.151 0.017 0.168 0.118 0.01 0.128 55.512 0.054 55.553 63.614 0.001 63.602 63.558 0 63.544
0.153 0.016 0.168 0.114 0.013 0.128 55.719 0.039 55.746 63.172 0.001 63.161 63.714 0 63.699
0.151 0.016 0.167 0.115 0.012 0.127 55.603 0.05 55.64 63.71 0.00499999999999998 63.701 63.671 0 63.658
0.155 0.012 0.167 0.112 0.018 0.131 56.689 0.053 56.73 64.8 0.00600000000000001 64.792 64.712 0.00699999999999998 64.706
0.156 0.012 0.168 0.117 0.014 0.131 56.607 0.04 56.634 64.676 0.001 64.664 64.594 0 64.58
0.155 0.013 0.168 0.114 0.015 0.129 56.475 0.031 56.493 64.562 0.003 64.55 64.73 0 64.716
0.152 0.012 0.163 0.117 0.01 0.128 58.833 0.037 58.859 67.286 0 67.272 66.956 0 66.943
0.153 0.015 0.167 0.115 0.013 0.128 56.3 0.035 56.322 64.373 0.001 64.361 64.322 0 64.307
0.161 0.00900000000000001 0.17 0.114 0.016 0.13 56.112 0.028 56.127 64.226 0.001 64.213 64.123 0 64.11
0.148 0.018 0.166 0.121 0.00899999999999998 0.129 55.472 0.032 55.492 63.523 0.001 63.509 63.567 0 63.554
0.155 0.014 0.169 0.115 0.015 0.129 56.116 0.043 56.146 64.033 0.001 64.022 64.11 0 64.096
0.15 0.015 0.164 0.117 0.01 0.127 55.668 0.038 55.693 63.883 0 63.87 63.804 0.001 63.79
0.153 0.015 0.169 0.12 0.00899999999999998 0.129 56.14 0.049 56.176 64.417 0.001 64.403 64.331 0.003 64.32
0.151 0.014 0.165 0.113 0.014 0.127 56.007 0.041 56.036 64.235 0.004 64.226 64.301 0 64.287
0.152 0.016 0.168 0.113 0.015 0.129 55.528 0.043 55.558 63.494 0 63.488 62.741 0.003 62.73
0.154 0.016 0.171 0.124 0.00699999999999998 0.131 55.326 0.057 55.37 63.494 0.026 63.505 63.466 0.014 63.467
0.157 0.011 0.168 0.116 0.012 0.128 55.821 0.031 55.84 63.932 0.002 63.92 63.878 0.001 63.864
0.148 0.017 0.164 0.11 0.018 0.127 56.284 0.046 56.319 64.447 0.001 64.434 64.48 0 64.466
0.158 0.012 0.17 0.116 0.017 0.132 57.187 0.049 57.225 65.32 0.001 65.305 65.306 0.001 65.293
0.159 0.00600000000000001 0.165 0.106 0.021 0.127 55.531 0.063 55.581 63.575 0.035 63.597 63.558 0.042 63.586
0.157 0.011 0.168 0.115 0.016 0.131 57.087 0.039 57.113 65.171 0.001 65.157 65.066 0.001 65.054
0.15 0.017 0.168 0.114 0.014 0.128 55.653 0.047 55.688 63.841 0.003 63.83 63.855 0.001 63.842
0.16 0.00800000000000001 0.168 0.115 0.012 0.128 55.525 0.026 55.547 63.348 0.003 63.336 63.256 0 63.256
0.156 0.016 0.17 0.117 0.012 0.13 56.136 0.056 56.179 64.576 0.003 64.566 64.835 0.003 64.829
0.153 0.016 0.169 0.119 0.012 0.13 56.874 0.031 56.893 64.851 0 64.837 64.948 0 64.934
0.155 0.01 0.165 0.117 0.00999999999999998 0.127 55.442 0.043 55.473 62.712 0.002 62.708 62.726 0 62.714
0.156 0.013 0.169 0.115 0.014 0.129 56.024 0.037 56.049 64.065 0 64.051 64.12 0 64.108
0.154 0.013 0.167 0.117 0.013 0.129 56.994 0.033 57.014 65.217 0 65.202 65.214 0 65.199
0.151 0.013 0.164 0.117 0.011 0.128 56.092 0.029 56.107 64.19 0.001 64.177 64.193 0.002 64.182
0.146 0.019 0.165 0.116 0.012 0.128 55.591 0.056 55.634 63.703 0.001 63.691 63.654 0.005 63.644
0.145 0.018 0.164 0.116 0.012 0.128 57.139 0.033 57.159 65.37 0.00600000000000001 65.363 65.462 0 65.448
0.154 0.018 0.172 0.118 0.012 0.13 55.59 0.058 55.636 63.76 0.044 63.79 63.79 0.032 63.81
0.15 0.012 0.163 0.113 0.014 0.126 55.673 0.03 55.691 63.912 0.002 63.9 63.979 0 63.965
0.158 0.013 0.171 0.121 0.00800000000000001 0.129 56.083 0.044 56.114 64.057 0.003 64.051 62.99 0.003 62.981
0.155 0.015 0.169 0.114 0.016 0.131 56.583 0.029 56.598 64.667 0 64.654 64.763 0 64.748
0.149 0.019 0.168 0.117 0.012 0.128 55.263 0.038 55.289 63.677 0 63.664 63.524 0 63.511
0.153 0.014 0.167 0.117 0.014 0.131 56.934 0.03 56.951 64.76 0.001 64.747 64.862 0 64.848
0.153 0.016 0.168 0.117 0.012 0.128 55.74 0.052 55.78 63.884 0.001 63.872 63.606 0 63.601
0.147 0.021 0.168 0.12 0.00899999999999998 0.129 55.783 0.044 55.814 63.814 0.002 63.803 63.822 0.002 63.811
0.152 0.02 0.171 0.118 0.011 0.129 55.231 0.026 55.246 63.338 0.001 63.324 63.267 0 63.253
0.143 0.022 0.166 0.114 0.014 0.127 55.434 0.038 55.468 63.003 0.003 62.992 62.862 0 62.858
0.155 0.014 0.169 0.12 0.01 0.13 56.218 0.046 56.251 64.325 0.002 64.312 64.364 0.00600000000000001 64.357
0.157 0.014 0.171 0.121 0.00600000000000001 0.127 55.496 0.042 55.525 63.756 0 63.743 63.645 0 63.631
0.156 0.011 0.168 0.114 0.015 0.128 55.513 0.04 55.54 63.642 0.002 63.632 63.572 0 63.559
0.151 0.014 0.164 0.116 0.011 0.128 55.409 0.047 55.444 63.537 0.001 63.524 63.444 0 63.431
0.156 0.014 0.17 0.119 0.00999999999999998 0.128 55.871 0.03 55.888 63.858 0.000999999999999973 63.843 63.813 0 63.798
0.15 0.018 0.168 0.113 0.015 0.128 55.404 0.032 55.424 63.118 0.001 63.115 62.708 0.001 62.694
0.161 0.00800000000000001 0.168 0.118 0.011 0.129 55.42 0.046 55.455 63.735 0.00600000000000001 63.727 63.704 0.003 63.693
0.15 0.018 0.168 0.115 0.013 0.128 55.342 0.046 55.375 63.641 0.002 63.63 63.621 0 63.608
0.155 0.01 0.164 0.117 0.011 0.128 56.169 0.048 56.204 65.541 0.002 65.53 65.595 0 65.582
0.158 0.00999999999999998 0.168 0.114 0.014 0.128 55.325 0.039 55.352 63.461 0 63.448 63.356 0 63.341
0.156 0.013 0.17 0.115 0.015 0.129 55.191 0.06 55.24 63.379 0.023 63.389 63.333 0.002 63.322
0.153 0.013 0.166 0.111 0.019 0.13 56.419 0.054 56.46 64.574 0.005 64.564 64.522 0.00899999999999998 64.517
0.159 0.021 0.18 0.121 0.013 0.134 58.588 0.05 58.627 66.952 0.027 66.966 66.834 0.034 66.856
0.149 0.015 0.165 0.116 0.012 0.128 55.215 0.053 55.256 63.825 0.019 63.831 64.004 0.018 64.009
0.15 0.017 0.167 0.118 0.011 0.129 56.073 0.044 56.104 64.145 0 64.13 64.078 0 64.064
0.157 0.011 0.168 0.122 0.00599999999999998 0.128 55.664 0.036 55.687 63.67 0 63.658 63.479 0 63.474
0.16 0.01 0.169 0.119 0.011 0.13 55.76 0.035 55.793 65.993 0.001 65.988 65.788 0.001 65.793
0.155 0.013 0.168 0.119 0.00900000000000001 0.129 55.714 0.032 55.732 64.135 0.002 64.123 64.031 0 64.017
0.157 0.01 0.167 0.111 0.018 0.13 56.566 0.034 56.586 64.677 0 64.662 64.628 0.001 64.616
0.153 0.016 0.168 0.113 0.016 0.129 55.945 0.058 55.991 64.302 0 64.295 63.613 0 63.6
0.153 0.014 0.167 0.112 0.016 0.128 56.278 0.034 56.298 64.252 0.001 64.239 64.408 0.001 64.395
0.155 0.013 0.168 0.115 0.014 0.129 56.065 0.038 56.091 64.186 0.001 64.174 64.067 0 64.053
0.154 0.01 0.164 0.117 0.011 0.128 55.903 0.035 55.926 63.965 0 63.951 64.034 0.001 64.02
0.155 0.015 0.169 0.113 0.014 0.127 55.28 0.024 55.292 63.404 0 63.39 63.375 0 63.359
0.149 0.015 0.164 0.112 0.015 0.127 56.43 0.027 56.444 64.602 0.001 64.589 64.562 0.002 64.549
0.156 0.014 0.169 0.118 0.00999999999999998 0.129 55.8 0.042 55.829 63.729 0.00600000000000001 63.721 63.675 0 63.661
0.156 0.00899999999999999 0.165 0.114 0.015 0.13 57.17 0.041 57.198 65.167 0 65.152 65.276 0 65.262
0.15 0.02 0.169 0.114 0.015 0.129 56.663 0.066 56.717 65.232 0.001 65.219 65.107 0 65.092
0.154 0.013 0.167 0.117 0.011 0.128 55.98 0.035 56.003 64.225 0 64.211 64.148 0.001 64.135
0.154 0.01 0.164 0.117 0.00899999999999998 0.127 55.45 0.03 55.467 63.694 0.001 63.68 63.59 0 63.575
0.153 0.015 0.168 0.116 0.012 0.127 54.884 0.036 54.917 62.687 0.002 62.675 62.496 0 62.498
0.154 0.014 0.167 0.118 0.012 0.13 56.504 0.055 56.546 64.675 0 64.661 64.697 0.002 64.684
0.153 0.015 0.168 0.114 0.015 0.128 55.274 0.028 55.298 62.875 0.001 62.863 63.112 0 63.106
0.158 0.011 0.169 0.115 0.014 0.128 56.047 0.035 56.072 64.103 0.001 64.092 63.9 0 63.889
0.152 0.017 0.168 0.118 0.01 0.129 55.582 0.045 55.615 63.609 0 63.596 63.568 0 63.556
0.15 0.018 0.168 0.117 0.011 0.128 55.385 0.035 55.408 63.502 0.001 63.49 63.484 0 63.471
0.154 0.015 0.168 0.117 0.012 0.13 55.687 0.026 55.7 63.781 0 63.769 63.787 0.001 63.773
0.154 0.01 0.164 0.11 0.017 0.127 55.677 0.045 55.71 63.746 0.001 63.733 63.73 0 63.716
0.152 0.015 0.167 0.116 0.014 0.13 57.194 0.029 57.21 65.274 0 65.26 64.855 0 64.85
0.148 0.016 0.164 0.114 0.014 0.128 56.689 0.025 56.701 64.826 0 64.814 64.949 0 64.934
0.159 0.00899999999999998 0.168 0.119 0.01 0.129 56.244 0.046 56.278 64.677 0.004 64.666 64.587 0.00199999999999997 64.575
0.154 0.016 0.17 0.114 0.014 0.128 55.598 0.032 55.618 63.555 0.002 63.547 62.47 0.003 62.46
0.157 0.011 0.168 0.112 0.018 0.13 55.925 0.043 55.955 64.55 0.002 64.539 64.481 0 64.467
0.155 0.013 0.168 0.115 0.016 0.131 56.612 0.058 56.657 64.61 0.001 64.598 64.538 0 64.523
0.154 0.012 0.166 0.12 0.00899999999999998 0.129 55.624 0.041 55.653 63.866 0 63.852 63.872 0.002 63.861
0.148 0.014 0.162 0.114 0.012 0.126 55.289 0.052 55.329 63.415 0.017 63.418 63.421 0 63.408
0.161 0.00800000000000001 0.168 0.113 0.014 0.127 55.655 0.035 55.677 63.811 0 63.796 63.73 0 63.716
0.157 0.012 0.169 0.113 0.015 0.128 55.93 0.038 55.955 63.6 0 63.593 63.178 0 63.165
0.152 0.013 0.165 0.113 0.014 0.127 56.234 0.034 56.256 64.273 0.014 64.273 64.313 0.005 64.305
0.152 0.017 0.169 0.118 0.01 0.128 55.439 0.043 55.469 63.607 0 63.594 63.631 0 63.618
0.145 0.021 0.166 0.118 0.01 0.128 55.523 0.041 55.556 63.065 0.004 63.056 63.02 0.001 63.015
0.146 0.017 0.163 0.11 0.017 0.127 55.393 0.032 55.412 63.487 0.001 63.475 63.433 0.002 63.423
0.155 0.014 0.169 0.118 0.012 0.13 56.643 0.041 56.67 64.632 0 64.619 64.677 0 64.668
0.159 0.00700000000000001 0.166 0.117 0.013 0.13 56.58 0.031 56.598 64.531 0 64.517 64.571 0.002 64.559
0.151 0.018 0.169 0.117 0.013 0.129 55.447 0.041 55.476 63.508 0.00600000000000001 63.5 63.543 0 63.53
0.139 0.024 0.163 0.118 0.00900000000000001 0.127 55.33 0.044 55.36 63.475 0.002 63.461 63.193 0 63.183
0.152 0.02 0.172 0.118 0.012 0.13 55.622 0.035 55.645 63.812 0 63.798 63.722 0 63.708
0.154 0.015 0.169 0.116 0.012 0.128 56.29 0.06 56.338 65.276 0.00699999999999998 65.269 65.378 0.005 65.369
0.154 0.014 0.167 0.121 0.00700000000000001 0.128 55.574 0.02 55.582 63.605 0.001 63.594 63.522 0.002 63.51
0.155 0.015 0.17 0.112 0.017 0.129 56.901 0.059 56.947 66.346 0.002 66.335 66.331 0 66.316
0.152 0.012 0.164 0.114 0.013 0.128 56.323 0.03 56.339 64.174 0 64.162 64.113 0 64.099
0.155 0.012 0.168 0.114 0.015 0.128 55.56 0.041 55.59 63.52 0 63.507 63.617 0 63.604
0.152 0.015 0.167 0.118 0.01 0.128 56.016 0.049 56.052 64.165 0 64.151 64.119 0 64.104
0.169 0.012 0.182 0.122 0.014 0.134 59.415 0.04 59.446 67.543 0.003 67.533 67.536 0.001 67.524
0.155 0.014 0.169 0.116 0.013 0.129 55.776 0.034 55.802 64.388 0.001 64.379 64.439 0 64.429
0.154 0.014 0.167 0.118 0.012 0.131 56.848 0.032 56.867 64.967 0 64.954 64.89 0.002 64.877
0.153 0.014 0.167 0.123 0.005 0.129 56.135 0.04 56.162 63.975 0.001 63.962 63.949 0.002 63.937
0.149 0.018 0.167 0.118 0.01 0.128 55.484 0.031 55.502 63.584 0 63.57 63.463 0.003 63.452
0.148 0.021 0.169 0.117 0.013 0.129 55.262 0.04 55.29 63.403 0.001 63.389 63.351 0 63.336
0.153 0.015 0.169 0.116 0.013 0.128 55.38 0.041 55.41 63.422 0 63.414 62.6 0 62.587
0.145 0.019 0.164 0.111 0.017 0.127 55.24 0.037 55.265 63.414 0.002 63.402 63.327 0 63.311
0.151 0.018 0.169 0.112 0.018 0.13 55.458 0.052 55.497 63.513 0.027 63.527 63.579 0.042 63.607
0.147 0.016 0.163 0.113 0.015 0.128 55.214 0.037 55.238 63.657 0.001 63.645 63.025 0.001 63.018
0.147 0.016 0.164 0.114 0.013 0.126 55.595 0.048 55.632 63.848 0 63.833 63.821 0.002 63.81
0.154 0.012 0.165 0.118 0.00900000000000001 0.127 55.991 0.029 56.007 64.06 0 64.045 64.107 0 64.094
0.154 0.017 0.171 0.12 0.01 0.13 55.973 0.035 55.995 63.099 0.002 63.095 63.438 0 63.425
0.145 0.018 0.163 0.116 0.01 0.126 56.629 0.034 56.65 64.671 0 64.658 64.665 0 64.651
0.159 0.012 0.171 0.115 0.015 0.13 55.967 0.035 55.988 64.024 0.001 64.012 63.964 0.001 63.95
0.158 0.00999999999999998 0.168 0.116 0.014 0.13 55.712 0.058 55.758 63.793 0.017 63.796 63.778 0.00899999999999998 63.774
0.151 0.017 0.168 0.115 0.013 0.128 55.741 0.055 55.783 63.764 0.001 63.752 63.788 0 63.774
0.158 0.00900000000000001 0.166 0.112 0.017 0.13 57.219 0.03 57.237 64.962 0 64.956 64.345 0 64.331
0.155 0.014 0.169 0.116 0.014 0.13 55.95 0.049 55.984 63.983 0.002 63.97 63.412 0 63.403
0.156 0.012 0.168 0.12 0.00899999999999998 0.129 54.745 0.037 54.779 62.559 0 62.546 62.378 0 62.379
0.153 0.015 0.168 0.11 0.02 0.13 56.275 0.035 56.297 64.606 0 64.592 64.771 0 64.761
0.155 0.015 0.169 0.117 0.012 0.13 55.754 0.03 55.772 63.61 0 63.6 63.301 0 63.29
0.154 0.014 0.168 0.122 0.00900000000000001 0.131 55.519 0.031 55.539 63.687 0.003 63.677 63.632 0.001 63.62
0.153 0.015 0.169 0.117 0.012 0.129 55.173 0.027 55.187 63.407 0.003 63.398 63.372 0 63.357
0.156 0.012 0.168 0.117 0.011 0.128 55.611 0.04 55.639 63.667 0.001 63.655 63.552 0 63.54
0.156 0.00999999999999998 0.165 0.115 0.013 0.128 55.642 0.045 55.676 63.822 0.00899999999999998 63.818 63.847 0.00700000000000001 63.842
0.154 0.015 0.169 0.119 0.00900000000000001 0.129 55.893 0.042 55.929 64.335 0.001 64.328 64.239 0 64.232
0.148 0.019 0.168 0.114 0.014 0.128 56.253 0.037 56.277 64.391 0.002 64.379 64.306 0 64.292
0.157 0.012 0.169 0.114 0.014 0.127 56.32 0.045 56.353 64.19 0 64.176 64.263 0 64.248
0.155 0.013 0.168 0.114 0.014 0.128 55.25 0.035 55.273 63.397 0.001 63.385 63.378 0 63.365
0.154 0.014 0.167 0.118 0.01 0.129 55.656 0.031 55.675 63.547 0 63.533 63.532 0.001 63.526
0.151 0.019 0.17 0.11 0.019 0.129 55.577 0.044 55.608 63.542 0.002 63.536 62.424 0.002 62.413
0.159 0.00799999999999998 0.167 0.114 0.015 0.129 55.408 0.032 55.429 63.536 0.003 63.525 63.442 0.001 63.43
0.156 0.013 0.168 0.119 0.00900000000000001 0.128 56.389 0.028 56.405 64.466 0.001 64.453 64.406 0 64.393
0.159 0.01 0.169 0.115 0.015 0.13 55.605 0.052 55.646 63.886 0.001 63.874 63.312 0 63.306
0.157 0.011 0.168 0.114 0.015 0.129 56.289 0.041 56.319 64.322 0 64.309 64.235 0.001 64.223
0.151 0.015 0.165 0.12 0.00800000000000001 0.128 55.468 0.043 55.498 63.848 0.002 63.836 63.364 0.001 63.361
0.149 0.019 0.169 0.118 0.011 0.128 55.57 0.058 55.615 62.775 0.017 62.786 62.968 0.001 62.956
0.157 0.011 0.167 0.114 0.014 0.128 55.149 0.054 55.191 63.385 0.001 63.373 63.325 0.003 63.314
0.147 0.021 0.168 0.12 0.00700000000000001 0.128 55.277 0.039 55.303 63.414 0.003 63.404 63.333 0.003 63.321
0.155 0.014 0.168 0.121 0.01 0.131 56.663 0.042 56.692 64.682 0.00599999999999998 64.674 64.687 0.005 64.679
0.154 0.014 0.167 0.113 0.016 0.13 55.414 0.036 55.446 63.132 0.001 63.118 63.071 0 63.067
0.149 0.02 0.169 0.119 0.00999999999999998 0.129 55.915 0.04 55.943 64.172 0.002 64.159 64.159 0.001 64.146
0.155 0.013 0.166 0.117 0.01 0.127 55.657 0.032 55.678 64.07 0.004 64.061 64.038 0.001 64.024
0.154 0.015 0.168 0.113 0.016 0.129 55.829 0.034 55.852 64.102 0.001 64.089 64.039 0 64.025
0.157 0.011 0.167 0.116 0.011 0.128 55.576 0.032 55.593 63.689 0.001 63.676 63.606 0 63.59
0.153 0.016 0.169 0.118 0.011 0.129 55.684 0.062 55.734 63.984 0.039 64.009 63.962 0.044 63.992
0.153 0.015 0.168 0.118 0.012 0.129 55.444 0.034 55.466 63.621 0.002 63.608 63.529 0.00499999999999998 63.522
0.157 0.014 0.17 0.114 0.017 0.131 56.008 0.036 56.031 63.62 0.002 63.616 63.421 0 63.408
0.156 0.011 0.167 0.119 0.01 0.129 55.565 0.047 55.6 63.708 0.026 63.721 63.689 0.031 63.706
0.159 0.011 0.17 0.12 0.01 0.129 55.862 0.053 55.903 63.973 0.003 63.962 63.908 0.002 63.896
0.153 0.015 0.168 0.112 0.016 0.128 56.209 0.031 56.227 64.208 0.001 64.195 64.19 0 64.177
0.156 0.014 0.17 0.116 0.013 0.129 55.356 0.048 55.392 63.553 0.00700000000000001 63.547 63.443 0.00199999999999997 63.432
0.153 0.016 0.169 0.113 0.015 0.128 55.455 0.057 55.499 63.634 0.00599999999999998 63.626 63.596 0 63.582
0.171 0.01 0.18 0.124 0.00999999999999998 0.135 58.828 0.034 58.852 67.018 0.001 67.007 66.77 0 66.757
0.158 0.011 0.17 0.115 0.014 0.128 55.586 0.033 55.607 63.665 0.001 63.653 63.669 0 63.657
0.159 0.011 0.17 0.117 0.012 0.129 55.529 0.045 55.562 63.757 0.001 63.745 63.677 0 63.662
0.151 0.016 0.167 0.113 0.016 0.13 56.55 0.031 56.566 64.801 0.003 64.79 64.775 0.002 64.763
0.158 0.01 0.168 0.118 0.011 0.129 56.138 0.051 56.175 64.17 0.00999999999999998 64.166 64.229 0 64.216
0.153 0.011 0.164 0.113 0.014 0.127 55.905 0.049 55.941 64.009 0.002 63.998 64.023 0.005 64.012
0.153 0.015 0.168 0.119 0.00899999999999998 0.129 56.006 0.063 56.055 64.059 0.022 64.074 63.255 0.00899999999999998 63.252
0.154 0.016 0.17 0.117 0.012 0.129 55.453 0.037 55.477 63.815 0.001 63.802 63.758 0.002 63.746
0.151 0.018 0.168 0.117 0.011 0.129 55.836 0.064 55.887 63.873 0.019 63.878 63.855 0.018 63.86
0.156 0.00700000000000001 0.162 0.113 0.016 0.129 56.829 0.051 56.867 64.984 0 64.97 64.982 0 64.967
0.154 0.00900000000000001 0.163 0.111 0.015 0.127 55.41 0.045 55.441 63.61 0.005 63.603 63.588 0.001 63.574
0.152 0.017 0.169 0.118 0.012 0.13 56.041 0.045 56.072 64.116 0.001 64.103 63.98 0 63.966
0.155 0.014 0.17 0.113 0.015 0.128 55.844 0.035 55.866 63.008 0.00299999999999997 63.006 63.203 0 63.188
0.147 0.015 0.163 0.112 0.016 0.127 55.517 0.05 55.554 63.737 0 63.725 62.978 0 62.97
0.158 0.012 0.169 0.118 0.011 0.129 55.579 0.047 55.614 63.752 0.013 63.751 63.602 0.019 63.613
0.148 0.017 0.165 0.113 0.015 0.128 55.765 0.031 55.784 63.811 0.002 63.798 63.835 0.001 63.823
0.156 0.012 0.169 0.115 0.013 0.128 55.709 0.05 55.747 63.84 0.001 63.827 63.879 0 63.866
0.155 0.014 0.168 0.122 0.00799999999999998 0.13 55.773 0.043 55.804 63.279 0 63.273 62.956 0 62.941
0.153 0.015 0.168 0.116 0.013 0.129 55.499 0.02 55.505 63.656 0 63.641 63.639 0 63.624
0.15 0.018 0.168 0.112 0.016 0.127 55.028 0.053 55.079 62.704 0.001 62.692 62.656 0.001 62.651
0.155 0.014 0.169 0.114 0.014 0.128 55.134 0.044 55.165 63.777 0.003 63.766 63.864 0 63.85
0.151 0.017 0.168 0.117 0.011 0.128 55.624 0.046 55.707 63.43 0.005 63.47 63.303 0.001 63.354
0.15 0.013 0.163 0.11 0.016 0.126 55.144 0.058 55.19 63.351 0.04 63.379 63.306 0.002 63.294
0.151 0.017 0.168 0.12 0.00800000000000001 0.128 55.409 0.033 55.43 63.605 0.001 63.593 63.533 0 63.521
0.154 0.014 0.168 0.116 0.011 0.127 55.694 0.039 55.721 63.799 0.055 63.84 63.888 0.061 63.936
0.154 0.015 0.168 0.115 0.014 0.129 55.454 0.07 55.512 63.707 0.002 63.697 63.666 0.001 63.654
0.152 0.017 0.168 0.119 0.011 0.13 55.66 0.046 55.695 63.809 0.002 63.798 63.731 0 63.719
0.158 0.01 0.168 0.119 0.011 0.13 57.203 0.039 57.232 65.187 0 65.175 65.091 0.002 65.081
0.154 0.011 0.165 0.114 0.015 0.128 55.466 0.047 55.5 63.608 0.002 63.596 63.527 0.000999999999999973 63.514
0.154 0.014 0.167 0.115 0.013 0.128 55.281 0.035 55.304 63.546 0.001 63.534 63.554 0 63.541
0.155 0.014 0.168 0.113 0.015 0.128 56.028 0.037 56.053 64.134 0 64.12 64.164 0 64.152
0.155 0.013 0.168 0.117 0.013 0.13 56.609 0.028 56.624 64.66 0 64.646 64.655 0.001 64.642
0.157 0.015 0.173 0.118 0.013 0.13 55.644 0.061 55.693 63.682 0.023 63.696 62.531 0.017 62.537
0.146 0.018 0.163 0.116 0.014 0.13 56.905 0.035 56.928 64.99 0.00799999999999998 64.984 64.983 0.004 64.973
0.156 0.011 0.167 0.118 0.011 0.129 57.212 0.053 57.253 65.46 0 65.445 65.364 0 65.35
0.157 0.01 0.167 0.117 0.013 0.129 56.158 0.045 56.192 64.36 0.002 64.348 64.459 0.002 64.447
0.154 0.017 0.17 0.123 0.005 0.129 55.664 0.035 55.687 63.8 0.001 63.788 63.792 0.002 63.781
0.156 0.014 0.17 0.113 0.015 0.128 55.846 0.06 55.893 62.803 0.001 62.8 63.056 0.00199999999999997 63.044
0.154 0.013 0.167 0.114 0.014 0.128 55.336 0.049 55.372 63.371 0.003 63.361 63.355 0 63.341
0.158 0.01 0.168 0.113 0.015 0.129 55.478 0.037 55.502 63.001 0 62.997 62.736 0.001 62.723
0.158 0.01 0.168 0.113 0.015 0.128 55.38 0.02 55.387 63.476 0.002 63.468 62.645 0 62.634
0.152 0.016 0.167 0.121 0.00600000000000001 0.128 55.673 0.037 55.697 63.841 0 63.827 63.932 0.005 63.924
0.148 0.018 0.166 0.121 0.00600000000000001 0.127 55.468 0.031 55.493 63.211 0 63.198 63.084 0 63.078
0.16 0.01 0.169 0.115 0.015 0.13 55.767 0.052 55.807 64.764 0.021 64.771 64.66 0.003 64.653
0.158 0.01 0.168 0.118 0.00999999999999998 0.129 55.327 0.034 55.349 63.689 0.002 63.687 62.739 0.001 62.726
0.141 0.023 0.164 0.117 0.01 0.127 55.368 0.056 55.412 63.691 0.003 63.681 63.576 0.004 63.567
0.151 0.013 0.165 0.12 0.00900000000000001 0.127 55.16 0.042 55.19 63.359 0 63.344 63.238 0.002 63.222
0.161 0.00900000000000001 0.17 0.117 0.012 0.129 55.51 0.039 55.537 63.506 0.001 63.494 63.473 0.003 63.463
0.15 0.017 0.168 0.116 0.014 0.13 56.711 0.032 56.729 64.757 0 64.744 64.817 0 64.802
0.166 0.011 0.177 0.118 0.015 0.133 58.542 0.035 58.568 66.739 0.002 66.728 66.597 0.00499999999999998 66.59
0.153 0.011 0.164 0.114 0.014 0.127 55.045 0.06 55.093 63.286 0 63.275 63.286 0 63.271
0.155 0.013 0.168 0.119 0.00900000000000001 0.128 55.499 0.039 55.526 63.669 0.003 63.658 63.618 0 63.605
0.16 0.00800000000000001 0.168 0.117 0.013 0.129 55.503 0.044 55.535 63.589 0.001 63.575 63.509 0 63.496
0.152 0.016 0.168 0.112 0.016 0.127 56.393 0.03 56.41 64.323 0 64.308 64.48 0 64.467
0.149 0.016 0.165 0.119 0.00900000000000001 0.129 55.586 0.073 55.645 63.639 0.00799999999999998 63.634 63.697 0.004 63.686
0.156 0.013 0.168 0.118 0.00999999999999998 0.128 55.764 0.061 55.812 63.936 0.034 63.956 63.086 0.036 63.119
0.155 0.013 0.168 0.117 0.012 0.128 55.563 0.034 55.585 63.663 0.003 63.651 63.265 0 63.259
0.157 0.012 0.168 0.117 0.011 0.129 55.439 0.041 55.467 63.615 0.003 63.605 63.657 0 63.643
0.153 0.018 0.171 0.122 0.00799999999999998 0.131 55.659 0.046 55.693 62.609 0 62.602 62.869 0.002 62.858
0.153 0.01 0.163 0.115 0.012 0.126 55.852 0.075 55.914 64.139 0.028 64.154 64.206 0 64.193
0.153 0.015 0.168 0.12 0.01 0.13 55.966 0.041 55.994 64.135 0.00899999999999998 64.131 64.099 0.018 64.103
0.149 0.021 0.171 0.12 0.012 0.13 55.971 0.036 55.995 64.007 0.002 63.995 64.017 0 64.003
0.155 0.013 0.169 0.113 0.015 0.128 55.676 0.038 55.701 63.223 0.002 63.219 62.915 0.005 62.906
0.156 0.013 0.169 0.12 0.01 0.129 55.415 0.037 55.439 63.603 0.003 63.591 63.636 0 63.62
0.155 0.013 0.168 0.12 0.00899999999999998 0.128 54.9 0.031 54.928 62.769 0 62.755 62.478 0.001 62.477
0.153 0.017 0.169 0.117 0.012 0.129 55.185 0.045 55.219 63.708 0.001 63.694 63.787 0 63.772
0.148 0.015 0.164 0.117 0.011 0.127 55.252 0.055 55.337 63.698 0.039 63.772 63.687 0.013 63.734
0.155 0.013 0.168 0.115 0.013 0.128 55.336 0.04 55.364 63.733 0.001 63.721 63.659 0 63.646
0.157 0.012 0.168 0.114 0.014 0.128 55.785 0.035 55.809 63.812 0 63.8 63.824 0 63.811
0.152 0.016 0.169 0.119 0.01 0.129 55.273 0.042 55.303 63.468 0.002 63.458 63.496 0.001 63.483
0.15 0.019 0.168 0.113 0.017 0.129 56.34 0.029 56.363 64.482 0.001 64.477 64.435 0 64.427
0.151 0.012 0.163 0.115 0.013 0.128 55.698 0.042 55.728 63.922 0 63.91 63.829 0.001 63.816
0.153 0.014 0.167 0.12 0.01 0.13 57.221 0.034 57.243 65.449 0.002 65.437 65.542 0.002 65.529
0.158 0.011 0.169 0.117 0.012 0.128 55.702 0.04 55.73 63.745 0.001 63.732 63.509 0 63.496
0.156 0.012 0.167 0.119 0.012 0.131 56.598 0.03 56.615 64.777 0.001 64.764 64.615 0 64.601
0.156 0.01 0.166 0.118 0.01 0.128 55.265 0.046 55.298 63.485 0.001 63.473 63.364 0.001 63.35
0.154 0.017 0.17 0.119 0.01 0.129 55.414 0.036 55.437 63.64 0.01 63.641 62.48 0.012 62.481
0.153 0.016 0.169 0.114 0.014 0.129 55.636 0.041 55.663 63.83 0 63.818 63.763 0 63.749
0.161 0.00800000000000001 0.169 0.12 0.00800000000000001 0.128 56.315 0.033 56.334 64.225 0.00499999999999998 64.217 64.248 0.002 64.237
0.154 0.015 0.169 0.117 0.011 0.128 55.773 0.035 55.795 63.799 0.025 63.811 63.734 0.028 63.748
0.148 0.015 0.163 0.118 0.00999999999999998 0.128 56.719 0.033 56.74 64.722 0.001 64.709 64.677 0.003 64.667
0.148 0.015 0.163 0.114 0.013 0.127 56.167 0.038 56.191 64.485 0 64.471 64.388 0 64.373
0.153 0.014 0.167 0.11 0.018 0.128 56.08 0.038 56.106 64.193 0 64.179 64.168 0 64.155
0.155 0.014 0.169 0.121 0.00800000000000001 0.129 55.722 0.031 55.74 63.947 0 63.934 63.902 0 63.889
0.159 0.00900000000000001 0.168 0.114 0.015 0.129 56.404 0.043 56.434 63.297 0.001 63.292 63.736 0 63.724
0.156 0.011 0.168 0.119 0.01 0.128 54.891 0.043 54.93 62.901 0.004 62.893 62.737 0.000999999999999973 62.734
0.152 0.017 0.169 0.118 0.011 0.129 55.353 0.041 55.389 64.119 0.001 64.106 63.998 0 63.993
0.156 0.014 0.171 0.115 0.015 0.13 55.909 0.04 55.937 64.003 0.004 63.993 64.027 0.001 64.014
0.154 0.014 0.168 0.114 0.014 0.127 55.2 0.039 55.228 63.386 0 63.373 63.315 0 63.299
0.157 0.013 0.169 0.116 0.013 0.129 56.392 0.039 56.419 64.51 0.001 64.497 64.32 0.003 64.31
0.151 0.016 0.167 0.118 0.00999999999999998 0.128 55.281 0.044 55.311 63.416 0.002 63.402 63.375 0 63.359
0.16 0.00900000000000001 0.168 0.115 0.012 0.128 55.351 0.05 55.388 63.059 0.023 63.076 62.679 0.002 62.669
0.154 0.011 0.165 0.121 0.00800000000000001 0.128 55.254 0.042 55.284 63.363 0 63.35 63.379 0 63.363
0.154 0.00899999999999999 0.163 0.111 0.016 0.127 55.509 0.046 55.542 63.614 0.043 63.644 63.442 0.049 63.479
0.148 0.015 0.163 0.12 0.00699999999999998 0.127 55.779 0.037 55.803 63.921 0 63.909 64.028 0 64.015
0.152 0.017 0.168 0.115 0.013 0.129 55.475 0.037 55.5 63.654 0.001 63.64 63.701 0.001 63.69
0.15 0.018 0.168 0.114 0.014 0.128 55.818 0.041 55.845 63.405 0.001 63.4 63.246 0 63.233
0.168 0.012 0.18 0.117 0.013 0.131 59.1 0.046 59.134 67.486 0 67.473 67.405 0.002 67.395
0.159 0.00800000000000001 0.167 0.118 0.011 0.129 56.252 0.026 56.264 64.299 0.002 64.287 64.171 0 64.158
0.148 0.019 0.167 0.119 0.00900000000000001 0.129 55.576 0.056 55.619 63.578 0.033 63.596 63.507 0.041 63.535
0.152 0.015 0.168 0.119 0.011 0.13 56.901 0.038 56.924 64.825 0 64.812 64.806 0 64.791
0.153 0.017 0.171 0.115 0.015 0.129 56.374 0.043 56.405 64.409 0.001 64.403 63.47 0 63.459
0.158 0.00999999999999998 0.168 0.116 0.011 0.127 55.342 0.061 55.39 63.431 0 63.417 63.325 0.001 63.31
0.152 0.015 0.167 0.123 0.00700000000000001 0.129 57.313 0.026 57.328 65.097 0 65.081 65.14 0 65.127
0.153 0.016 0.168 0.12 0.00800000000000001 0.129 55.789 0.037 55.813 64.097 0.001 64.085 64.009 0 63.994
0.155 0.013 0.168 0.114 0.017 0.131 57.01 0.03 57.026 63.985 0.001 63.981 64.121 0.001 64.109
0.154 0.013 0.167 0.118 0.01 0.127 55.406 0.041 55.436 62.902 0.001 62.896 62.687 0.001 62.674
0.154 0.012 0.165 0.111 0.019 0.129 55.708 0.044 55.74 63.714 0 63.698 63.688 0 63.673
0.157 0.013 0.17 0.111 0.019 0.129 54.815 0.033 54.846 63.553 0.002 63.541 63.392 0 63.391
0.155 0.014 0.169 0.114 0.017 0.131 56.991 0.04 57.019 65.332 0 65.316 65.316 0 65.307
0.152 0.012 0.164 0.118 0.01 0.128 55.519 0.041 55.548 64.063 0.003 64.052 64.136 0.001 64.122
0.154 0.012 0.166 0.118 0.012 0.13 57.469 0.038 57.495 65.555 0.001 65.541 65.572 0.001 65.558
0.154 0.015 0.168 0.116 0.012 0.129 55.633 0.037 55.657 63.767 0 63.754 63.695 0 63.682
0.15 0.02 0.17 0.118 0.013 0.131 55.494 0.047 55.571 63.744 0.00399999999999998 63.78 63.719 0.003 63.756
0.151 0.016 0.168 0.115 0.013 0.128 56.36 0.036 56.383 64.469 0.03 64.486 64.365 0 64.352
0.157 0.01 0.167 0.112 0.015 0.127 55.714 0.037 55.741 62.802 0.001 62.796 62.755 0.002 62.744
0.153 0.015 0.168 0.115 0.014 0.129 55.323 0.038 55.349 63.469 0.002 63.46 63.459 0.001 63.447
0.155 0.013 0.168 0.118 0.012 0.131 57.098 0.038 57.126 65.25 0.005 65.242 65.014 0.002 65.011
0.152 0.011 0.163 0.113 0.015 0.128 55.352 0.039 55.379 63.57 0.002 63.559 63.532 0.003 63.523
0.152 0.015 0.167 0.119 0.00899999999999998 0.128 55.227 0.041 55.256 63.371 0 63.358 63.395 0 63.381
0.159 0.00999999999999998 0.169 0.116 0.012 0.128 55.535 0.049 55.571 63.75 0.003 63.739 63.315 0.004 63.306
0.161 0.00700000000000001 0.168 0.114 0.016 0.131 57.687 0.046 57.72 65.811 0 65.797 65.907 0 65.893
0.155 0.013 0.167 0.118 0.01 0.128 55.691 0.042 55.721 63.688 0.04 63.714 63.762 0.03 63.779
0.153 0.017 0.169 0.11 0.018 0.129 55.829 0.053 55.868 63.95 0 63.936 62.702 0.002 62.697
0.148 0.018 0.166 0.115 0.012 0.127 55.865 0.035 55.887 63.403 0.001 63.399 62.909 0 62.895
0.154 0.014 0.167 0.118 0.00999999999999998 0.128 56.159 0.048 56.195 64.065 0.002 64.053 64.04 0 64.027
0.148 0.02 0.167 0.115 0.013 0.128 55.507 0.028 55.523 63.653 0.00199999999999997 63.642 63.561 0.001 63.548
0.153 0.015 0.167 0.112 0.016 0.128 56.154 0.037 56.18 64.249 0.002 64.238 64.36 0.003 64.35
0.145 0.018 0.163 0.116 0.01 0.126 56.177 0.033 56.197 64.384 0.001 64.37 64.333 0.001 64.32
0.157 0.011 0.167 0.119 0.00899999999999998 0.129 55.282 0.048 55.317 63.602 0.001 63.589 63.587 0.001 63.575
0.149 0.014 0.163 0.115 0.013 0.127 55.321 0.033 55.342 63.493 0.001 63.481 63.461 0 63.448
0.156 0.013 0.169 0.115 0.016 0.131 57.035 0.076 57.1 63.992 0 63.984 64.18 0 64.167
0.151 0.016 0.166 0.117 0.012 0.13 56.766 0.05 56.803 64.929 0.003 64.918 64.859 0 64.846
0.15 0.017 0.167 0.117 0.012 0.128 55.22 0.04 55.256 62.995 0.001 62.983 62.744 0.001 62.74
0.152 0.016 0.168 0.116 0.013 0.129 55.913 0.042 55.942 63.994 0.001 63.981 63.985 0 63.971
0.149 0.018 0.168 0.113 0.015 0.128 55.319 0.057 55.364 63.496 0.028 63.511 63.33 0.00700000000000001 63.322
0.153 0.017 0.17 0.115 0.015 0.13 56.135 0.074 56.197 64.25 0.03 64.266 64.418 0.022 64.427
0.146 0.022 0.168 0.116 0.011 0.127 55.731 0.034 55.751 63.779 0 63.764 63.744 0 63.729
0.149 0.018 0.167 0.12 0.011 0.131 56.983 0.061 57.031 64.522 0.01 64.527 64.385 0.003 64.374
0.163 0.00799999999999999 0.171 0.117 0.013 0.131 55.766 0.034 55.786 63.977 0.001 63.965 64.016 0.000999999999999973 64.003
0.154 0.014 0.167 0.12 0.00800000000000001 0.128 55.512 0.04 55.54 63.611 0.017 63.614 63.533 0.01 63.531
0.147 0.016 0.163 0.117 0.014 0.131 58.557 0.053 58.599 66.704 0.002 66.693 66.656 0 66.643
0.148 0.015 0.163 0.117 0.00999999999999998 0.127 55.257 0.033 55.279 63.495 0 63.483 63.453 0 63.439
0.153 0.016 0.169 0.125 0.005 0.13 55.896 0.045 55.929 63.989 0.01 63.986 64.005 0.00299999999999997 63.995
0.158 0.01 0.168 0.11 0.018 0.128 55.771 0.041 55.8 63.873 0.001 63.86 63.831 0.001 63.818
0.152 0.015 0.167 0.119 0.00900000000000001 0.127 55.317 0.049 55.36 63.367 0.032 63.386 63.129 0.054 63.178
0.152 0.015 0.167 0.117 0.014 0.131 57.491 0.033 57.511 65.566 0 65.552 65.368 0 65.356
0.155 0.012 0.167 0.11 0.021 0.13 56.463 0.026 56.476 64.459 0 64.445 64.512 0 64.498
0.157 0.013 0.17 0.12 0.00800000000000001 0.128 55.543 0.053 55.584 63.531 0.051 63.575 62.627 0.00900000000000001 62.624
0.151 0.013 0.164 0.109 0.018 0.128 55.592 0.043 55.621 63.748 0.002 63.736 63.812 0.001 63.8
0.156 0.013 0.17 0.115 0.014 0.129 55.825 0.031 55.843 63.808 0.001 63.796 63.756 0 63.742
0.155 0.015 0.17 0.112 0.017 0.129 55.503 0.037 55.527 63.816 0.003 63.803 63.795 0 63.778
0.146 0.022 0.169 0.114 0.014 0.128 55.406 0.036 55.429 63.604 0 63.59 63.512 0.002 63.506
0.15 0.018 0.169 0.12 0.00999999999999998 0.128 55.83 0.045 55.864 62.801 0 62.795 63.08 0.001 63.067
0.158 0.011 0.169 0.122 0.00700000000000001 0.129 55.982 0.054 56.024 64.077 0.001 64.064 64.135 0 64.122
0.155 0.014 0.169 0.12 0.00899999999999998 0.129 55.375 0.036 55.399 62.899 0.001 62.894 62.589 0.003 62.578
0.15 0.014 0.164 0.117 0.01 0.127 55.805 0.042 55.833 64.044 0.002 64.031 63.96 0.002 63.948
0.149 0.019 0.167 0.117 0.011 0.128 55.156 0.043 55.195 62.949 0.01 62.946 62.781 0.004 62.782
0.161 0.00999999999999998 0.171 0.12 0.011 0.13 56.04 0.039 56.067 64.573 0 64.559 64.579 0 64.563
0.152 0.015 0.168 0.119 0.01 0.129 55.98 0.031 55.997 63.989 0.001 63.976 63.996 0 63.982
0.154 0.014 0.168 0.115 0.013 0.128 55.65 0.029 55.666 63.764 0.001 63.751 63.64 0.001 63.626
0.149 0.014 0.163 0.113 0.015 0.128 56.021 0.035 56.042 64.215 0.003 64.205 64.138 0.001 64.126
0.151 0.015 0.166 0.119 0.011 0.13 55.336 0.038 55.362 63.522 0.004 63.513 63.594 0.002 63.583
0.15 0.019 0.169 0.116 0.013 0.129 55.31 0.03 55.328 63.45 0.001 63.437 63.344 0.002 63.333
0.153 0.018 0.17 0.12 0.00800000000000001 0.129 56.159 0.041 56.189 64.291 0 64.278 64.358 0 64.344
0.156 0.012 0.168 0.118 0.01 0.128 55.197 0.052 55.238 63.425 0.045 63.457 63.309 0.02 63.316
0.154 0.016 0.171 0.11 0.018 0.128 56.387 0.037 56.414 64.812 0.001 64.801 64.819 0 64.807
0.151 0.017 0.168 0.117 0.011 0.128 56.389 0.062 56.439 64.419 0.012 64.418 64.506 0.00499999999999998 64.497
0.159 0.00900000000000001 0.168 0.115 0.013 0.128 56.49 0.06 56.538 64.585 0 64.572 64.691 0 64.678
0.149 0.015 0.164 0.113 0.014 0.128 55.842 0.052 55.882 64.161 0 64.148 64.142 0 64.129
0.148 0.019 0.167 0.118 0.01 0.128 55.178 0.044 55.21 63.35 0.00800000000000001 63.346 63.322 0.00800000000000001 63.315
0.166 0.005 0.171 0.107 0.024 0.131 56.172 0.063 56.223 64.257 0.004 64.246 64.142 0.002 64.13
0.15 0.019 0.168 0.113 0.015 0.128 55.782 0.068 55.839 63.827 0.017 63.829 63.988 0.003 63.977
0.149 0.018 0.167 0.119 0.01 0.129 55.414 0.045 55.447 63.586 0.004 63.576 63.609 0.001 63.597
0.159 0.01 0.169 0.115 0.014 0.129 55.883 0.032 55.902 64.084 0.001 64.075 62.83 0 62.819
0.153 0.015 0.168 0.117 0.011 0.128 55.83 0.035 55.852 63.83 0.001 63.818 63.894 0 63.88
0.15 0.017 0.168 0.122 0.00599999999999998 0.128 55.924 0.043 55.953 64.195 0.001 64.184 64.204 0 64.189
0.154 0.014 0.168 0.124 0.004 0.128 55.36 0.047 55.394 63.512 0 63.499 63.607 0 63.594
0.15 0.018 0.168 0.115 0.014 0.128 54.389 0.036 54.423 62.818 0.001 62.806 62.667 0 62.674
0.151 0.018 0.169 0.116 0.012 0.128 55.84 0.037 55.865 64.134 0.005 64.123 64.148 0 64.134
0.152 0.015 0.167 0.12 0.00900000000000001 0.129 55.198 0.035 55.221 63.4 0.001 63.388 62.751 0.003 62.75
0.152 0.016 0.168 0.114 0.013 0.128 55.504 0.021 55.512 63.687 0.001 63.675 63.636 0.004 63.632
0.15 0.019 0.168 0.123 0.00600000000000001 0.129 55.775 0.029 55.792 62.785 0 62.779 62.992 0 62.978
0.148 0.014 0.163 0.114 0.013 0.126 55.326 0.035 55.349 63.451 0.001 63.439 63.479 0.001 63.466
0.152 0.015 0.168 0.121 0.00800000000000001 0.129 55.999 0.024 56.016 63.806 0 63.792 63.557 0 63.556
0.158 0.00900000000000001 0.167 0.118 0.00999999999999998 0.128 55.46 0.046 55.495 63.578 0.00600000000000001 63.569 63.545 0.004 63.536
0.157 0.01 0.167 0.117 0.011 0.128 55.399 0.038 55.424 63.674 0 63.661 63.677 0.002 63.666
0.157 0.011 0.169 0.116 0.013 0.128 56.307 0.037 56.331 64.827 0.003 64.817 64.819 0.005 64.81
0.155 0.012 0.167 0.117 0.01 0.127 55.857 0.036 55.879 64.062 0 64.046 64.07 0.001 64.055
0.152 0.011 0.164 0.115 0.013 0.128 55.333 0.04 55.361 62.872 0.002 62.869 62.633 0 62.619
0.148 0.02 0.168 0.113 0.014 0.128 55.947 0.043 55.977 64.153 0 64.14 64.122 0 64.107
0.152 0.016 0.168 0.115 0.012 0.128 55.69 0.046 55.722 63.929 0.033 63.95 63.924 0.032 63.941
0.154 0.014 0.168 0.113 0.015 0.127 55.466 0.032 55.487 63.692 0.003 63.682 63.327 0 63.323
0.157 0.00999999999999998 0.167 0.119 0.00900000000000001 0.128 55.432 0.038 55.458 63.596 0.001 63.584 63.549 0 63.536
0.146 0.017 0.163 0.116 0.013 0.129 56.362 0.043 56.394 64.357 0.002 64.346 64.52 0.002 64.508
0.154 0.014 0.168 0.116 0.012 0.128 56.119 0.037 56.144 64.262 0 64.249 64.302 0 64.289
0.156 0.012 0.167 0.115 0.013 0.129 55.799 0.036 55.822 63.951 0.001 63.938 63.879 0.002 63.868
0.174 0.00800000000000001 0.182 0.126 0.00799999999999998 0.134 58.453 0.03 58.472 66.795 0.001 66.783 66.551 0 66.538
0.151 0.014 0.165 0.122 0.00800000000000001 0.13 57.502 0.058 57.547 65.514 0.003 65.502 65.543 0.004 65.532
0.148 0.021 0.169 0.115 0.014 0.129 56.091 0.07 56.148 63.976 0.045 64.007 63.892 0.017 63.895
0.151 0.017 0.168 0.119 0.01 0.129 55.284 0.041 55.312 63.454 0.00399999999999998 63.443 63.401 0 63.388
0.158 0.011 0.169 0.116 0.012 0.128 55.875 0.035 55.898 63.932 0.002 63.927 63.173 0.001 63.162
0.149 0.016 0.164 0.115 0.011 0.127 55.743 0.055 55.785 63.655 0.001 63.641 63.633 0.001 63.619
0.156 0.013 0.168 0.117 0.011 0.128 55.26 0.056 55.304 63.373 0 63.358 63.283 0.001 63.269
0.157 0.011 0.168 0.119 0.011 0.128 56.176 0.039 56.203 64.176 0.001 64.164 64.056 0 64.043
0.151 0.013 0.164 0.113 0.016 0.13 56.927 0.024 56.937 65.002 0.001 64.986 65.009 0.001 64.993
0.144 0.024 0.168 0.118 0.011 0.129 56.152 0.056 56.196 64.315 0.001 64.301 64.194 0.001 64.181
0.157 0.01 0.166 0.115 0.015 0.13 57.284 0.061 57.334 65.189 0.002 65.175 65.214 0.00199999999999997 65.202
0.154 0.016 0.171 0.119 0.011 0.129 56.496 0.037 56.521 63.415 0.001 63.409 63.78 0 63.767
0.152 0.016 0.168 0.117 0.012 0.129 55.675 0.045 55.707 63.242 0.021 63.257 62.897 0.017 62.899
0.157 0.011 0.169 0.12 0.00900000000000001 0.127 55.23 0.051 55.268 63.418 0.001 63.405 62.632 0.002 62.624
0.153 0.015 0.168 0.113 0.016 0.129 55.78 0.049 55.825 63.769 0 63.755 63.65 0.002 63.65
0.156 0.015 0.17 0.117 0.012 0.13 56.027 0.034 56.048 64.482 0 64.468 64.486 0 64.471
0.149 0.018 0.166 0.12 0.00899999999999998 0.129 55.874 0.04 55.902 63.961 0.002 63.954 62.949 0 62.936
0.149 0.02 0.17 0.119 0.01 0.128 55.971 0.032 55.99 64.054 0.001 64.041 64.033 0.001 64.02
0.152 0.013 0.164 0.114 0.014 0.128 55.485 0.044 55.518 63.848 0 63.833 63.807 0.001 63.796
0.147 0.022 0.168 0.114 0.015 0.129 55.312 0.031 55.331 63.355 0.002 63.344 63.282 0 63.268
0.154 0.016 0.17 0.118 0.011 0.128 55.12 0.054 55.163 63.227 0.001 63.215 63.155 0.001 63.143
0.15 0.017 0.168 0.112 0.016 0.128 55.928 0.056 55.972 63.94 0.043 63.971 63.875 0.076 63.938
0.151 0.017 0.168 0.117 0.011 0.128 55.527 0.04 55.561 63.554 0 63.547 63.498 0 63.492
0.15 0.015 0.165 0.117 0.011 0.128 55.008 0.035 55.03 62.862 0.002 62.859 62.238 0 62.224
0.145 0.022 0.168 0.115 0.013 0.127 55.228 0.036 55.253 63.399 0 63.387 63.34 0 63.326
0.154 0.013 0.168 0.116 0.012 0.128 55.782 0.041 55.811 63.834 0.002 63.823 63.896 0 63.883
0.154 0.015 0.17 0.118 0.012 0.13 55.727 0.054 55.769 64.004 0.005 63.997 63.994 0 63.981
0.15 0.017 0.167 0.116 0.013 0.129 56.508 0.054 56.55 64.712 0.03 64.729 64.689 0.026 64.704
0.154 0.013 0.167 0.119 0.00800000000000001 0.127 55.931 0.04 55.958 64.051 0.001 64.039 64.013 0.001 64.001
0.155 0.014 0.169 0.117 0.01 0.128 56.463 0.03 56.48 64.43 0.002 64.419 64.062 0 64.054
0.159 0.01 0.168 0.111 0.017 0.128 55.349 0.043 55.38 63.676 0.028 63.692 63.615 0.002 63.602
0.153 0.016 0.168 0.113 0.014 0.127 55.32 0.056 55.364 63.559 0 63.546 63.07 0.001 63.064
0.152 0.018 0.17 0.115 0.014 0.128 55.527 0.044 55.559 63.66 0 63.652 62.456 0 62.442
0.152 0.012 0.164 0.113 0.015 0.128 55.727 0.041 55.755 63.802 0.002 63.791 63.522 0 63.508
0.149 0.019 0.168 0.114 0.014 0.128 55.404 0.038 55.43 63.441 0.001 63.429 63.38 0 63.366
0.158 0.011 0.169 0.114 0.014 0.128 56.022 0.039 56.047 64.206 0.001 64.194 64.073 0 64.059
0.151 0.013 0.164 0.109 0.017 0.126 55.31 0.033 55.331 63.417 0.002 63.406 63.354 0.004 63.344
0.157 0.011 0.168 0.111 0.017 0.128 56.165 0.03 56.181 64.436 0 64.422 64.423 0 64.408
0.149 0.02 0.169 0.121 0.00700000000000001 0.128 55.546 0.037 55.571 63.593 0 63.579 63.536 0 63.524
0.155 0.00899999999999998 0.165 0.117 0.013 0.13 56.532 0.031 56.551 64.457 0.001 64.444 64.512 0 64.499
0.156 0.013 0.169 0.113 0.015 0.128 56.419 0.035 56.441 63.401 0 63.395 63.55 0 63.537
0.15 0.016 0.166 0.118 0.012 0.13 57.16 0.04 57.188 65.252 0 65.237 65.343 0.001 65.331
0.151 0.013 0.164 0.114 0.012 0.127 55.873 0.027 55.886 63.96 0.001 63.949 63.997 0 63.982
0.155 0.015 0.17 0.117 0.014 0.131 56.721 0.034 56.742 64.967 0 64.952 65.025 0.002 65.014
0.142 0.023 0.164 0.114 0.013 0.128 55.387 0.033 55.406 63.471 0.013 63.471 63.399 0.024 63.408
0.148 0.018 0.166 0.117 0.011 0.128 56.163 0.032 56.188 63.816 0.00900000000000001 63.811 63.666 0.00699999999999998 63.68
0.153 0.015 0.168 0.117 0.011 0.128 56.186 0.035 56.208 64.175 0.001 64.162 64.147 0 64.134
0.155 0.015 0.17 0.115 0.012 0.127 55.908 0.04 55.936 64.183 0.002 64.17 64.188 0.003 64.179
0.152 0.015 0.167 0.111 0.018 0.13 55.79 0.034 55.811 63.952 0.018 63.956 63.918 0 63.905
0.157 0.01 0.167 0.12 0.00799999999999998 0.128 55.278 0.036 55.3 63.376 0.002 63.363 63.378 0 63.362
0.147 0.018 0.165 0.113 0.016 0.129 55.452 0.047 55.487 63.159 0.00600000000000001 63.16 62.794 0 62.781
0.153 0.017 0.169 0.112 0.017 0.13 55.334 0.063 55.404 63.416 0.079 63.594 63.312 0.071 63.449
0.154 0.015 0.169 0.114 0.018 0.132 56.976 0.037 57 64.93 0 64.915 64.878 0.001 64.865
0.158 0.011 0.169 0.115 0.013 0.128 55.306 0.035 55.329 63.561 0.001 63.548 63.483 0.001 63.47
0.152 0.017 0.169 0.115 0.014 0.129 56.037 0.035 56.06 64.034 0 64.02 64.105 0 64.093
0.166 0.015 0.181 0.122 0.012 0.134 60.17 0.052 60.21 68.34 0.002 68.329 68.377 0 68.364
0.147 0.015 0.162 0.113 0.016 0.129 56.273 0.044 56.306 64.296 0 64.283 64.311 0 64.297
0.156 0.014 0.169 0.114 0.018 0.132 56.756 0.041 56.785 64.795 0 64.781 64.748 0.001 64.737
0.158 0.00799999999999998 0.167 0.119 0.012 0.13 56.792 0.039 56.819 64.795 0.001 64.781 64.85 0.003 64.839
0.149 0.022 0.171 0.117 0.014 0.131 55.667 0.043 55.697 64.709 0.002 64.697 64.671 0.001 64.657
0.155 0.016 0.17 0.114 0.016 0.13 56.023 0.053 56.064 64.488 0 64.473 64.463 0 64.449
0.154 0.016 0.17 0.117 0.013 0.13 55.431 0.033 55.451 63.571 0.001 63.559 62.707 0 62.701
0.154 0.012 0.167 0.115 0.015 0.129 57.03 0.045 57.061 65.051 0 65.038 65.073 0 65.057
0.153 0.017 0.168 0.116 0.012 0.128 55.676 0.029 55.693 63.589 0.001 63.576 63.584 0 63.57
0.154 0.014 0.168 0.116 0.013 0.129 56.355 0.024 56.373 63.991 0 63.978 63.77 0 63.768
0.15 0.016 0.165 0.115 0.015 0.129 55.47 0.047 55.503 63.56 0 63.545 63.638 0 63.622
0.158 0.00900000000000001 0.167 0.116 0.014 0.13 56.757 0.046 56.79 64.826 0.001 64.813 64.799 0 64.785
0.157 0.012 0.169 0.117 0.012 0.129 55.193 0.04 55.222 63.515 0.003 63.505 63.715 0 63.702
0.155 0.012 0.168 0.115 0.014 0.128 55.761 0.044 55.82 62.603 0.001 62.599 63.069 0 63.055
0.153 0.015 0.168 0.115 0.013 0.128 56.073 0.049 56.11 64.178 0.001 64.165 64.047 0.003 64.043
0.154 0.016 0.171 0.116 0.014 0.13 54.806 0.041 54.843 62.945 0.00199999999999997 62.933 62.746 0 62.749
0.148 0.015 0.163 0.115 0.012 0.127 55.255 0.04 55.281 63.637 0 63.622 63.664 0 63.651
0.156 0.015 0.172 0.12 0.01 0.13 55.408 0.027 55.422 63.987 0 63.972 64.142 0 64.127
0.15 0.013 0.163 0.111 0.018 0.128 56.162 0.036 56.186 63.776 0.001 63.769 63.67 0.001 63.658
0.156 0.013 0.17 0.113 0.016 0.128 55.879 0.063 55.928 64.286 0.013 64.285 64.232 0.002 64.217
0.152 0.012 0.164 0.112 0.015 0.127 55.848 0.062 55.898 63.946 0.068 64 63.991 0.003 63.98
0.15 0.018 0.169 0.123 0.00900000000000001 0.131 56.32 0.037 56.346 64.337 0 64.322 64.355 0 64.342
0.15 0.015 0.165 0.111 0.017 0.128 56.075 0.034 56.096 64.355 0 64.341 64.307 0.003 64.296
0.151 0.019 0.169 0.111 0.018 0.129 56.174 0.044 56.206 64.396 0 64.381 64.219 0.004 64.208
0.148 0.016 0.165 0.114 0.015 0.128 55.854 0.035 55.877 63.936 0.000999999999999973 63.923 64.016 0.002 64.003
0.154 0.013 0.167 0.116 0.013 0.13 56.724 0.026 56.737 64.938 0 64.924 65.014 0.001 65.001
0.158 0.011 0.169 0.121 0.01 0.131 57.197 0.06 57.245 65.364 0.026 65.375 65.421 0.031 65.439
0.155 0.013 0.168 0.119 0.00900000000000001 0.128 56.489 0.041 56.517 64.459 0.013 64.459 64.477 0.00600000000000001 64.469
0.152 0.012 0.163 0.117 0.00999999999999998 0.127 55.277 0.048 55.313 63.854 0.03 63.871 63.81 0.027 63.822
0.154 0.013 0.167 0.115 0.014 0.129 56.659 0.077 56.724 65.005 0.014 65.006 65.033 0.016 65.036
0.153 0.015 0.168 0.118 0.011 0.129 55.523 0.025 55.542 63.745 0.001 63.739 63.613 0 63.606
0.153 0.015 0.169 0.116 0.013 0.128 55.552 0.07 55.611 63.518 0.011 63.517 63.139 0.011 63.137
0.145 0.017 0.162 0.112 0.014 0.126 55.352 0.031 55.37 63.476 0.002 63.465 63.463 0.001 63.451
0.155 0.014 0.17 0.116 0.013 0.129 56.374 0.034 56.395 64.219 0 64.211 63.26 0.001 63.247
0.156 0.013 0.169 0.12 0.00799999999999998 0.128 55.589 0.038 55.615 63.861 0.004 63.852 63.43 0.001 63.418
0.149 0.018 0.167 0.118 0.012 0.13 57.043 0.039 57.069 65.172 0 65.157 65.098 0 65.085
0.156 0.011 0.167 0.118 0.011 0.129 55.581 0.027 55.596 63.914 0.002 63.903 63.826 0.001 63.814
0.155 0.013 0.168 0.116 0.013 0.129 55.356 0.046 55.39 63.621 0.002 63.611 63.648 0.002 63.636
0.149 0.016 0.164 0.11 0.017 0.128 56.619 0.029 56.633 65.803 0 65.788 65.817 0 65.802
0.155 0.012 0.168 0.114 0.014 0.128 55.296 0.044 55.327 63.471 0 63.458 63.369 0.001 63.356
0.157 0.013 0.17 0.119 0.012 0.13 55.657 0.058 55.704 63.755 0.00700000000000001 63.749 63.76 0.003 63.75
0.155 0.015 0.17 0.116 0.013 0.129 56.004 0.048 56.04 62.986 0.021 63 63.18 0.022 63.188
0.152 0.016 0.168 0.113 0.015 0.128 55.429 0.043 55.46 63.541 0.005 63.532 63.584 0.002 63.573
0.153 0.015 0.169 0.117 0.011 0.128 55.352 0.035 55.374 63.497 0.001 63.485 62.623 0.001 62.616
0.148 0.016 0.163 0.112 0.014 0.127 56.16 0.034 56.181 64.099 0 64.084 64.379 0.001 64.372
0.15 0.014 0.164 0.116 0.011 0.127 55.556 0.053 55.597 63.554 0.001 63.541 63.603 0 63.597
0.153 0.013 0.166 0.118 0.01 0.128 56.237 0.041 56.273 63.901 0.001 63.888 63.76 0 63.754
0.155 0.014 0.168 0.116 0.012 0.128 56.209 0.044 56.24 64.26 0.039 64.285 64.2 0.00499999999999998 64.191
0.151 0.017 0.168 0.117 0.011 0.128 55.65 0.034 55.672 63.885 0.001 63.872 62.919 0.002 62.917
0.153 0.016 0.17 0.12 0.00899999999999998 0.129 55.844 0.039 55.87 63.94 0.001 63.929 63.91 0.001 63.897
0.157 0.01 0.168 0.114 0.014 0.127 55.496 0.033 55.516 63.552 0.002 63.537 63.47 0 63.456
0.153 0.017 0.17 0.119 0.013 0.131 55.625 0.04 55.653 63.238 0 63.232 62.832 0 62.818
0.15 0.012 0.162 0.113 0.014 0.127 56.283 0.035 56.305 64.36 0.00600000000000001 64.353 64.404 0 64.391
0.158 0.012 0.17 0.112 0.017 0.128 55.531 0.039 55.558 63.763 0 63.75 63.742 0.004 63.732
0.154 0.019 0.173 0.116 0.014 0.129 55.583 0.04 55.611 63.685 0.00700000000000001 63.679 63.68 0 63.666
0.152 0.018 0.17 0.122 0.00700000000000001 0.129 55.801 0.051 55.84 63.934 0.00599999999999998 63.927 63.954 0.00800000000000001 63.949
0.161 0.022 0.183 0.12 0.015 0.135 58.451 0.035 58.475 66.585 0 66.572 66.746 0.001 66.734
0.15 0.014 0.163 0.119 0.011 0.13 56.375 0.075 56.459 64.462 0.054 64.532 64.406 0.046 64.471
0.154 0.01 0.165 0.117 0.00999999999999998 0.127 55.71 0.037 55.734 63.623 0.001 63.611 63.627 0.002 63.616
0.157 0.015 0.172 0.12 0.012 0.132 55.513 0.031 55.528 63.706 0.001 63.693 63.684 0 63.668
0.149 0.017 0.166 0.12 0.00800000000000001 0.128 55.685 0.045 55.717 63.745 0 63.731 63.66 0.002 63.648
0.154 0.015 0.169 0.122 0.00699999999999998 0.129 56.497 0.046 56.53 64.51 0 64.495 64.529 0 64.515
0.153 0.01 0.163 0.11 0.017 0.127 55.218 0.039 55.244 63.429 0.002 63.417 63.34 0.002 63.327
0.157 0.012 0.168 0.116 0.012 0.129 55.862 0.042 55.892 63.822 0.001 63.815 63.104 0 63.092
0.157 0.012 0.169 0.116 0.012 0.128 55.713 0.037 55.737 63.848 0.001 63.834 63.567 0.001 63.56
0.155 0.013 0.169 0.121 0.00799999999999998 0.128 55.94 0.045 55.972 63.939 0 63.924 63.977 0 63.963
0.152 0.015 0.168 0.114 0.014 0.128 56.199 0.038 56.223 64.205 0 64.191 64.157 0.001 64.144
0.155 0.00699999999999999 0.162 0.114 0.013 0.127 55.866 0.042 55.895 64.38 0.005 64.371 64.314 0.001 64.301
0.146 0.017 0.163 0.111 0.017 0.128 56.967 0.048 57.002 64.992 0 64.978 64.915 0.001 64.901
0.152 0.015 0.168 0.118 0.011 0.128 55.894 0.028 55.91 64.231 0.002 64.22 64.343 0 64.329
0.158 0.011 0.169 0.112 0.017 0.128 55.878 0.048 55.915 62.946 0.00700000000000001 62.945 63.34 0.002 63.33
0.161 0.00700000000000001 0.168 0.117 0.011 0.128 55.227 0.045 55.269 62.655 0.03 62.671 62.508 0.035 62.537
0.163 0.00699999999999998 0.169 0.12 0.012 0.132 56.448 0.036 56.471 64.837 0 64.823 64.968 0.001 64.954
0.158 0.011 0.168 0.117 0.011 0.129 55.856 0.049 55.892 63.245 0.00499999999999998 63.243 63.03 0.00600000000000001 63.025
0.154 0.015 0.167 0.12 0.00699999999999998 0.128 55.755 0.03 55.771 63.868 0.001 63.855 63.485 0.002 63.473
0.158 0.01 0.168 0.116 0.011 0.127 55.936 0.032 55.954 63.993 0.001 63.979 64.013 0 63.998
0.162 0.00800000000000001 0.17 0.116 0.013 0.129 55.791 0.056 55.838 63.96 0.023 63.973 63.901 0.031 63.923
0.155 0.011 0.166 0.117 0.012 0.129 56.713 0.037 56.78 64.82 0.002 64.856 64.941 0.002 64.978
0.156 0.011 0.167 0.124 0.004 0.128 55.92 0.041 55.949 64.054 0 64.041 64.005 0.002 63.994
0.148 0.015 0.163 0.12 0.00900000000000001 0.128 56.026 0.043 56.057 64.248 0.005 64.239 64.172 0.00399999999999998 64.162
0.152 0.018 0.171 0.122 0.00900000000000001 0.13 55.94 0.048 55.977 64.074 0.003 64.063 63.997 0 63.982
0.156 0.011 0.167 0.114 0.014 0.128 56.581 0.04 56.608 64.714 0.001 64.701 64.813 0 64.799
0.152 0.017 0.169 0.121 0.00900000000000001 0.13 55.81 0.029 55.826 63.883 0.002 63.872 63.86 0 63.846
0.148 0.017 0.165 0.118 0.00999999999999998 0.128 55.418 0.054 55.46 63.542 0.000999999999999973 63.529 63.555 0 63.542
0.153 0.015 0.168 0.116 0.012 0.129 55.916 0.053 55.955 63.995 0 63.982 63.947 0 63.933
0.162 0.00900000000000001 0.171 0.116 0.014 0.13 54.936 0.054 54.984 62.891 0.032 62.909 62.928 0.034 62.956
0.15 0.013 0.164 0.12 0.00700000000000001 0.126 55.167 0.051 55.207 63.778 0.01 63.774 63.634 0.005 63.624
0.152 0.014 0.166 0.112 0.016 0.127 55.872 0.039 55.9 63.863 0.003 63.853 63.835 0.000999999999999973 63.825
0.159 0.011 0.17 0.114 0.015 0.129 56.56 0.047 56.597 64.47 0 64.458 64.449 0 64.438
0.149 0.017 0.165 0.119 0.01 0.129 55.304 0.037 55.33 63.441 0.003 63.43 63.362 0 63.347
0.153 0.014 0.167 0.115 0.013 0.128 55.437 0.028 55.453 63.587 0.001 63.575 63.565 0 63.552
0.154 0.015 0.168 0.117 0.011 0.129 55.69 0.061 55.739 63.854 0.021 63.861 63.805 0.002 63.793
0.155 0.012 0.167 0.114 0.014 0.128 56.029 0.033 56.05 64.219 0 64.206 64.15 0.001 64.137
0.144 0.025 0.169 0.117 0.011 0.129 55.745 0.031 55.763 63.591 0.004 63.585 62.615 0.003 62.606
0.152 0.017 0.168 0.116 0.012 0.128 56.322 0.034 56.344 64.28 0.001 64.267 63.815 0.002 63.805
0.153 0.015 0.168 0.117 0.013 0.129 56.247 0.031 56.266 64.249 0.001 64.237 64.226 0 64.212
0.155 0.013 0.168 0.121 0.00900000000000001 0.13 56.279 0.036 56.31 64.043 0.001 64.03 63.932 0 63.925
0.151 0.019 0.17 0.117 0.013 0.13 56.256 0.036 56.279 64.339 0.001 64.326 64.149 0.002 64.137
0.151 0.016 0.167 0.117 0.011 0.128 55.318 0.031 55.337 63.399 0 63.386 63.391 0.001 63.378
0.152 0.017 0.169 0.112 0.016 0.128 56.124 0.044 56.156 62.917 0 62.91 62.455 0.002 62.443
0.157 0.01 0.167 0.119 0.00900000000000001 0.128 55.873 0.037 55.898 64.079 0.001 64.066 64.021 0.000999999999999973 64.009
0.153 0.015 0.168 0.11 0.017 0.127 55.333 0.044 55.365 63.468 0 63.454 63.446 0 63.433
0.159 0.00700000000000001 0.167 0.114 0.016 0.128 55.21 0.04 55.245 62.854 0.002 62.842 62.735 0 62.731
0.146 0.018 0.164 0.122 0.00800000000000001 0.13 56.759 0.071 56.818 64.859 0.002 64.847 64.93 0.003 64.918
0.156 0.013 0.169 0.118 0.01 0.128 55.598 0.027 55.613 63.638 0.003 63.626 63.559 0 63.546
0.151 0.013 0.164 0.119 0.011 0.13 55.785 0.03 55.803 63.995 0.002 63.983 63.986 0 63.973
0.155 0.015 0.17 0.116 0.013 0.129 56.212 0.036 56.235 64.331 0 64.318 64.264 0 64.251
0.155 0.012 0.167 0.116 0.013 0.129 56.918 0.037 56.94 65.08 0 65.064 65.024 0 65.008
0.156 0.013 0.168 0.121 0.00700000000000001 0.128 55.971 0.04 56 63.424 0.004 63.422 63.187 0.002 63.175
0.156 0.013 0.169 0.113 0.015 0.128 55.72 0.034 55.741 63.483 0.001 63.477 62.353 0 62.338
0.154 0.012 0.167 0.118 0.01 0.127 55.352 0.046 55.386 63.476 0.001 63.465 63.487 0 63.474
0.156 0.013 0.169 0.116 0.013 0.129 56.057 0.031 56.076 64.35 0 64.336 64.276 0 64.264
0.156 0.012 0.168 0.116 0.015 0.131 56.568 0.03 56.585 64.648 0.001 64.635 64.58 0 64.566
0.163 0.00599999999999999 0.169 0.118 0.01 0.128 56.333 0.044 56.365 64.459 0.002 64.448 64.346 0 64.333
0.164 0.017 0.18 0.12 0.013 0.134 58.397 0.036 58.422 63.271 0.001 63.259 63.188 0 63.182
0.148 0.016 0.164 0.112 0.015 0.127 55.215 0.028 55.232 63.239 0.001 63.227 62.535 0.001 62.529
0.157 0.011 0.167 0.117 0.011 0.128 55.913 0.032 55.932 63.846 0.001 63.833 63.878 0 63.864
0.155 0.015 0.17 0.122 0.00799999999999998 0.13 55.994 0.043 56.024 65.201 0 65.186 65.265 0.002 65.253
0.156 0.012 0.168 0.116 0.012 0.128 55.375 0.063 55.426 63.459 0.018 63.464 63.412 0.002 63.401
0.153 0.015 0.168 0.116 0.012 0.129 55.289 0.044 55.321 63.358 0.002 63.346 63.304 0 63.29
0.148 0.017 0.165 0.111 0.017 0.128 54.555 0.045 54.595 62.601 0.003 62.588 62.448 0.001 62.453
0.153 0.015 0.168 0.115 0.016 0.13 55.951 0.042 55.981 63.8 0.005 63.791 63.863 0 63.848
0.154 0.016 0.17 0.12 0.00899999999999998 0.129 55.756 0.032 55.775 64.702 0.001 64.689 64.706 0.002 64.695
0.152 0.017 0.169 0.115 0.013 0.128 55.548 0.035 55.569 63.544 0.002 63.533 63.465 0 63.452
0.148 0.017 0.164 0.123 0.00600000000000001 0.129 55.753 0.045 55.785 63.835 0 63.83 63.211 0 63.197
0.153 0.016 0.168 0.116 0.012 0.129 55.494 0.058 55.538 63.585 0.036 63.606 63.593 0.004 63.583
0.155 0.014 0.169 0.12 0.01 0.129 55.394 0.039 55.42 63.518 0.002 63.506 63.45 0.001 63.437
0.157 0.011 0.168 0.117 0.011 0.129 55.579 0.035 55.601 63.609 0.002 63.597 63.544 0.002 63.533
0.149 0.013 0.162 0.11 0.017 0.127 55.202 0.054 55.242 63.817 0 63.802 63.715 0.002 63.703
0.144 0.016 0.16 0.115 0.014 0.129 55.541 0.049 55.58 63.898 0 63.89 63.673 0 63.672
0.151 0.014 0.166 0.118 0.00999999999999998 0.127 55.56 0.036 55.582 63.628 0.001 63.614 63.62 0.001 63.606
0.154 0.013 0.167 0.115 0.015 0.13 57.184 0.046 57.226 64.651 0 64.636 64.5 0 64.502
0.149 0.021 0.169 0.118 0.011 0.13 55.109 0.036 55.132 63.551 0.00600000000000001 63.544 63.568 0.002 63.556
0.153 0.015 0.169 0.112 0.016 0.128 56.055 0.066 56.108 64.315 0.002 64.305 64.272 0.001 64.259
0.156 0.013 0.168 0.117 0.012 0.129 56.199 0.042 56.228 63.704 0.003 63.7 63.4 0 63.386
0.157 0.012 0.169 0.119 0.00900000000000001 0.128 56.047 0.039 56.072 64.059 0.00600000000000001 64.051 63.6 0 63.585
0.155 0.013 0.168 0.118 0.011 0.129 55.243 0.06 55.293 63.517 0.00399999999999998 63.511 63.478 0.001 63.471
0.154 0.013 0.167 0.115 0.013 0.128 55.382 0.035 55.405 63.576 0.002 63.565 63.52 0.002 63.509
0.147 0.015 0.162 0.115 0.014 0.13 56.891 0.047 56.925 64.916 0 64.903 65.001 0.001 64.99
0.15 0.012 0.162 0.115 0.012 0.127 56.138 0.059 56.184 64.264 0 64.251 64.203 0.001 64.19
0.152 0.017 0.17 0.113 0.015 0.128 55.935 0.042 55.964 64.098 0.001 64.084 63.893 0.005 63.885
0.156 0.00999999999999998 0.165 0.112 0.015 0.127 55.503 0.042 55.533 63.61 0 63.598 63.621 0 63.606
0.154 0.016 0.17 0.116 0.013 0.13 55.667 0.043 55.697 63.677 0.00699999999999998 63.67 63.574 0.002 63.563
0.15 0.018 0.169 0.114 0.015 0.128 55.885 0.052 55.924 64.056 0 64.042 64.056 0 64.042
0.153 0.016 0.169 0.119 0.00900000000000001 0.128 55.364 0.06 55.412 63.453 0.001 63.439 63.361 0.002 63.35
0.157 0.013 0.17 0.119 0.011 0.131 54.903 0.031 54.928 62.612 0 62.599 62.467 0.004 62.464
0.143 0.02 0.163 0.116 0.011 0.127 55.678 0.034 55.701 64.231 0 64.216 63.384 0 63.381
0.158 0.012 0.17 0.114 0.017 0.131 55.743 0.049 55.781 63.85 0.001 63.838 63.779 0.003 63.769
0.157 0.012 0.17 0.111 0.018 0.129 55.548 0.053 55.591 63.563 0.005 63.557 63.497 0.001 63.487
0.153 0.012 0.165 0.115 0.013 0.129 55.069 0.032 55.089 63.42 0.001 63.407 63.342 0.003 63.33
0.159 0.00899999999999998 0.168 0.116 0.013 0.129 55.976 0.032 55.995 63.969 0.00600000000000001 63.963 63.996 0.003 63.985
0.156 0.00700000000000001 0.163 0.115 0.013 0.129 56.682 0.035 56.705 64.774 0 64.759 64.691 0 64.678
0.145 0.018 0.163 0.118 0.00799999999999998 0.126 55.524 0.039 55.551 63.758 0.00600000000000001 63.751 63.762 0.005 63.753
0.158 0.011 0.17 0.119 0.00999999999999998 0.128 55.432 0.048 55.468 63.536 0.021 63.543 62.444 0.002 62.439
0.159 0.011 0.17 0.114 0.015 0.13 56.534 0.036 56.556 64.535 0.005 64.527 63.657 0 63.653
0.148 0.019 0.167 0.114 0.016 0.13 57.048 0.052 57.089 65.126 0.002 65.113 65.059 0.001 65.046
0.158 0.011 0.169 0.111 0.017 0.128 56.227 0.03 56.244 64.14 0 64.126 64.127 0.002 64.116
0.154 0.015 0.169 0.118 0.012 0.13 56.022 0.049 56.059 64.092 0 64.078 64.126 0 64.112
0.144 0.019 0.163 0.113 0.013 0.126 55.998 0.06 56.046 64.165 0.019 64.171 64.35 0 64.336
0.151 0.017 0.169 0.118 0.013 0.13 56.644 0.07 56.701 64.895 0.05 64.94 64.064 0.042 64.092
0.155 0.00999999999999998 0.165 0.113 0.015 0.128 55.836 0.031 55.855 64.239 0.001 64.226 64.136 0.001 64.122
0.147 0.016 0.163 0.115 0.011 0.127 55.328 0.032 55.347 63.612 0.001 63.599 63.633 0 63.621
0.153 0.014 0.168 0.116 0.012 0.128 56.019 0.03 56.037 64.188 0.002 64.176 64.207 0.002 64.194
0.153 0.015 0.169 0.115 0.012 0.127 55.206 0.041 55.234 63.511 0.002 63.5 63.694 0.001 63.683
0.157 0.011 0.168 0.116 0.011 0.127 55.536 0.035 55.558 63.623 0.002 63.611 63.659 0 63.646
0.154 0.014 0.168 0.116 0.013 0.129 55.414 0.035 55.437 63.556 0.002 63.543 63.476 0 63.463
0.152 0.015 0.167 0.117 0.013 0.13 55.772 0.041 55.822 63.4 0.00800000000000001 63.401 63.279 0 63.273
0.156 0.012 0.168 0.113 0.016 0.128 55.648 0.039 55.675 63.782 0.001 63.768 63.731 0 63.722
0.159 0.00899999999999998 0.167 0.113 0.014 0.128 55.614 0.044 55.645 63.721 0.002 63.709 63.708 0 63.696
0.157 0.012 0.168 0.115 0.014 0.13 55.422 0.046 55.455 63.566 0 63.553 63.57 0 63.557
0.152 0.016 0.169 0.116 0.012 0.128 55.491 0.031 55.509 63.721 0.001 63.709 63.608 0.001 63.595
0.151 0.018 0.169 0.111 0.017 0.128 55.773 0.043 55.803 63.957 0.049 63.992 63.99 0.055 64.031
0.155 0.015 0.17 0.116 0.014 0.13 56.124 0.036 56.149 64.278 0 64.265 64.204 0 64.19
0.156 0.011 0.167 0.107 0.021 0.128 55.777 0.058 55.823 63.992 0.002 63.982 63.384 0 63.377
0.151 0.014 0.165 0.115 0.013 0.127 54.947 0.039 54.976 63.249 0 63.235 63.152 0 63.139
0.152 0.016 0.168 0.117 0.011 0.128 55.428 0.043 55.458 63.577 0.001 63.564 63.566 0 63.552
0.153 0.013 0.166 0.116 0.013 0.13 57.056 0.058 57.1 65.26 0.001 65.245 65.281 0 65.266
0.155 0.014 0.168 0.108 0.02 0.128 56.11 0.031 56.129 64.346 0.001 64.334 64.367 0 64.353
0.155 0.015 0.169 0.114 0.015 0.13 55.35 0.041 55.375 63.505 0 63.49 63.632 0 63.617
0.151 0.016 0.167 0.119 0.00999999999999998 0.129 56.345 0.049 56.387 63.795 0.016 63.797 63.598 0.00900000000000001 63.602
0.151 0.017 0.168 0.119 0.00900000000000001 0.128 55.482 0.042 55.511 63.839 0.003 63.829 63.669 0.001 63.657
0.153 0.015 0.169 0.115 0.014 0.129 56.159 0.04 56.185 64.298 0 64.284 64.281 0.000999999999999973 64.268
0.144 0.02 0.164 0.109 0.018 0.127 55.839 0.033 55.86 64.035 0.014 64.035 63.234 0.003 63.234
0.153 0.015 0.167 0.111 0.016 0.128 55.909 0.048 55.943 64.057 0 64.043 63.96 0.001 63.946
0.16 0.01 0.169 0.122 0.00699999999999998 0.129 56.257 0.035 56.279 65.27 0.001 65.255 65.2 0.003 65.189
0.152 0.017 0.169 0.119 0.00999999999999998 0.13 56.087 0.036 56.109 64.148 0.001 64.137 64.313 0 64.299
0.15 0.012 0.162 0.112 0.016 0.128 56.554 0.028 56.569 65.165 0 65.15 65.091 0.001 65.077
0.153 0.014 0.167 0.117 0.013 0.13 57.278 0.03 57.296 65.021 0.00600000000000001 65.019 64.1 0.005 64.095
0.146 0.019 0.165 0.116 0.012 0.128 55.091 0.048 55.127 63.857 0.00900000000000001 63.854 63.827 0.00700000000000001 63.821
0.152 0.016 0.168 0.112 0.016 0.127 55.377 0.053 55.417 63.56 0.000999999999999973 63.546 63.482 0.001 63.468
0.144 0.019 0.163 0.114 0.012 0.126 54.92 0.048 54.964 62.859 0.016 62.861 62.728 0.023 62.75
0.155 0.015 0.171 0.119 0.012 0.13 55.281 0.05 55.319 63.853 0.001 63.84 63.966 0.001 63.953
0.157 0.011 0.169 0.11 0.019 0.128 54.791 0.057 54.843 63.23 0.018 63.235 62.904 0.022 62.923
0.156 0.012 0.168 0.117 0.00999999999999998 0.128 55.729 0.035 55.758 62.968 0 62.955 63.085 0.001 63.077
0.158 0.01 0.168 0.116 0.013 0.129 57.28 0.038 57.306 65.269 0.001 65.254 64.82 0 64.805
0.153 0.017 0.169 0.118 0.012 0.131 55.653 0.039 55.679 63.726 0 63.713 63.666 0 63.653
0.149 0.018 0.167 0.118 0.01 0.128 55.214 0.038 55.241 63.365 0.002 63.353 63.309 0 63.295
0.151 0.018 0.169 0.117 0.012 0.129 55.156 0.041 55.186 63.305 0.001 63.293 63.241 0 63.227
0.145 0.017 0.162 0.113 0.014 0.127 56.036 0.034 56.057 64.178 0 64.165 63.271 0 63.262
0.157 0.012 0.169 0.109 0.019 0.128 56.093 0.032 56.112 64.189 0.001 64.176 64.014 0.001 64.006
0.155 0.012 0.167 0.107 0.021 0.128 56.602 0.03 56.619 64.938 0 64.924 64.9 0 64.887
0.156 0.012 0.168 0.116 0.014 0.131 57.01 0.038 57.035 65.083 0 65.068 65.057 0 65.044
0.154 0.017 0.169 0.116 0.013 0.129 56.038 0.041 56.067 64.169 0 64.157 63.635 0.001 63.622
0.152 0.012 0.164 0.112 0.016 0.128 55.564 0.044 55.595 63.692 0 63.679 63.304 0 63.29
0.162 0.00900000000000001 0.17 0.116 0.014 0.13 54.814 0.051 54.86 62.775 0.00899999999999998 62.77 62.583 0.011 62.589
0.142 0.022 0.164 0.115 0.012 0.127 54.761 0.05 54.806 62.482 0.04 62.508 62.458 0.034 62.481
0.154 0.00900000000000001 0.163 0.113 0.013 0.126 56.067 0.058 56.112 64.641 0.028 64.656 64.74 0.017 64.743
0.153 0.016 0.17 0.112 0.015 0.126 55.555 0.037 55.582 63.561 0.002 63.55 63.499 0.00199999999999997 63.488
0.153 0.01 0.163 0.113 0.014 0.127 55.116 0.032 55.136 63.235 0 63.221 63.293 0 63.278
0.151 0.014 0.165 0.116 0.012 0.129 55.487 0.034 55.508 63.631 0.001 63.618 63.648 0 63.634
0.158 0.011 0.168 0.122 0.00600000000000001 0.129 56.12 0.038 56.145 64.065 0.002 64.057 62.964 0.001 62.953
0.155 0.015 0.169 0.114 0.014 0.128 55.501 0.06 55.549 63.79 0.004 63.781 63.444 0.00600000000000001 63.437
0.154 0.013 0.167 0.115 0.013 0.128 55.495 0.05 55.533 63.639 0 63.625 63.531 0.001 63.519
0.158 0.00999999999999998 0.167 0.12 0.00800000000000001 0.129 55.501 0.037 55.525 63.696 0.001 63.683 63.652 0 63.64
0.153 0.015 0.168 0.115 0.012 0.128 56.36 0.063 56.409 64.446 0.038 64.471 64.671 0.045 64.703
0.156 0.011 0.167 0.117 0.011 0.128 55.202 0.055 55.245 63.356 0.022 63.365 63.275 0.02 63.282
0.148 0.015 0.164 0.117 0.01 0.127 55.236 0.063 55.287 63.368 0.002 63.357 62.815 0.002 62.811
0.155 0.013 0.168 0.111 0.018 0.129 56.791 0.049 56.827 64.759 0.001 64.748 64.891 0.003 64.88
0.152 0.017 0.168 0.118 0.011 0.13 55.661 0.048 55.696 63.855 0 63.842 63.775 0 63.761
0.155 0.014 0.169 0.117 0.012 0.128 55.476 0.052 55.516 63.619 0 63.606 63.621 0.001 63.608
0.153 0.016 0.168 0.121 0.00700000000000001 0.129 55.976 0.038 56.001 63.914 0.002 63.902 63.819 0 63.806
0.149 0.019 0.168 0.114 0.013 0.127 55.314 0.039 55.34 63.435 0.005 63.426 63.322 0 63.307
0.156 0.012 0.169 0.127 0.003 0.13 55.361 0.051 55.409 63.09 0.002 63.079 63.204 0.001 63.199
0.15 0.018 0.168 0.117 0.011 0.128 55.269 0.042 55.299 63.477 0.033 63.495 63.47 0.037 63.495
0.15 0.017 0.167 0.115 0.013 0.128 55.747 0.041 55.775 63.831 0.001 63.819 63.781 0 63.766
0.151 0.015 0.166 0.114 0.014 0.128 55.314 0.054 55.363 62.81 0.00199999999999997 62.799 62.715 0 62.707
0.15 0.018 0.167 0.114 0.014 0.128 56.364 0.027 56.379 64.414 0 64.4 64.138 0 64.128
0.154 0.013 0.167 0.116 0.013 0.129 55.95 0.058 55.996 64.016 0 64.002 64.068 0 64.055
0.157 0.011 0.169 0.119 0.011 0.13 55.756 0.049 55.792 63.912 0 63.9 63.913 0 63.899
0.152 0.013 0.165 0.118 0.01 0.128 55.734 0.052 55.774 63.752 0.004 63.744 63.765 0 63.751
0.155 0.014 0.169 0.114 0.014 0.128 55.594 0.033 55.615 63.686 0.002 63.674 63.642 0 63.627
0.143 0.021 0.164 0.115 0.012 0.127 55.623 0.033 55.643 63.887 0.001 63.875 63.872 0 63.858
0.151 0.017 0.168 0.115 0.016 0.131 56.883 0.038 56.916 64.18 0.001 64.168 64.113 0.001 64.109
0.156 0.012 0.168 0.111 0.017 0.128 55.996 0.032 56.016 64.158 0.036 64.182 64.188 0.002 64.176
0.151 0.012 0.163 0.111 0.016 0.127 55.197 0.046 55.231 63.156 0.002 63.145 63.061 0.002 63.049
0.149 0.014 0.163 0.116 0.011 0.127 55.629 0.029 55.645 63.048 0.001 63.043 62.852 0 62.837
0.149 0.021 0.169 0.111 0.017 0.128 55.148 0.037 55.172 63.284 0.001 63.271 63.287 0.002 63.274
0.152 0.015 0.167 0.115 0.013 0.128 55.768 0.026 55.783 63.823 0.001 63.81 63.81 0.001 63.798
0.15 0.012 0.162 0.113 0.014 0.127 55.474 0.031 55.492 64.07 0 64.057 63.79 0 63.784
0.147 0.02 0.167 0.118 0.012 0.13 55.381 0.063 55.429 63.515 0.001 63.5 63.597 0 63.582
0.154 0.017 0.171 0.124 0.00800000000000001 0.132 57.002 0.031 57.02 64.908 0 64.904 63.903 0.001 63.89
0.156 0.011 0.167 0.115 0.014 0.128 55.45 0.038 55.476 63.577 0.001 63.564 63.464 0 63.45
0.156 0.012 0.168 0.122 0.00700000000000001 0.129 55.683 0.036 55.706 63.779 0.001 63.767 63.682 0.001 63.668
0.148 0.022 0.17 0.112 0.018 0.13 55.453 0.036 55.476 63.823 0 63.809 63.746 0 63.732
0.157 0.01 0.167 0.12 0.011 0.131 56.589 0.059 56.636 64.61 0.034 64.636 63.759 0.00499999999999998 63.752
0.152 0.011 0.163 0.113 0.014 0.126 56.138 0.032 56.157 64.152 0 64.138 64.255 0 64.24
0.153 0.018 0.17 0.118 0.011 0.13 56.313 0.044 56.344 64.657 0.001 64.643 64.531 0 64.517
0.155 0.012 0.168 0.118 0.01 0.127 56.067 0.049 56.104 64.17 0 64.157 64.119 0.001 64.106
0.159 0.01 0.169 0.118 0.01 0.128 55.933 0.034 55.954 64.05 0 64.036 63.082 0 63.077
0.155 0.014 0.168 0.121 0.00899999999999998 0.13 55.342 0.069 55.397 63.572 0.001 63.558 63.104 0 63.095
0.156 0.01 0.167 0.119 0.011 0.129 56.696 0.062 56.754 64.585 0.002 64.573 64.114 0.001 64.118
0.153 0.018 0.171 0.118 0.013 0.131 55.738 0.037 55.762 65.335 0.001 65.323 65.413 0 65.397
0.154 0.014 0.168 0.117 0.014 0.129 55.558 0.039 55.586 63.572 0.001 63.56 63.562 0 63.549
0.156 0.00899999999999998 0.164 0.117 0.01 0.127 55.352 0.05 55.39 63.392 0.001 63.38 63.35 0.00199999999999997 63.338
0.143 0.022 0.164 0.112 0.016 0.129 55.495 0.049 55.531 64.055 0.032 64.074 64.036 0.015 64.038
0.149 0.014 0.163 0.115 0.013 0.128 55.468 0.039 55.494 64.024 0 64.011 63.926 0 63.912
0.151 0.012 0.163 0.114 0.014 0.127 55.855 0.037 55.883 63.979 0 63.969 64.049 0.001 64.04
0.155 0.014 0.17 0.119 0.012 0.131 55.816 0.126 55.953 65.248 0.026 65.305 65.201 0.005 65.24
0.145 0.017 0.162 0.116 0.011 0.127 55.118 0.05 55.156 63.337 0.001 63.325 63.286 0 63.273
0.154 0.013 0.168 0.118 0.01 0.127 55.623 0.052 55.665 63.815 0.02 63.826 63.796 0.00799999999999998 63.793
0.15 0.019 0.17 0.113 0.015 0.128 55.921 0.037 55.946 63.867 0 63.853 63.846 0 63.832
0.152 0.018 0.169 0.112 0.016 0.128 55.721 0.038 55.747 63.84 0.003 63.828 63.846 0 63.832
0.149 0.018 0.167 0.117 0.012 0.128 55.773 0.049 55.81 63.879 0.015 63.88 63.88 0.001 63.868
0.151 0.018 0.169 0.12 0.00900000000000001 0.129 55.815 0.031 55.833 63.874 0 63.862 63.797 0 63.783
0.159 0.011 0.17 0.118 0.011 0.128 56.01 0.041 56.039 63.957 0.004 63.948 63.667 0.00700000000000001 63.661
0.154 0.016 0.17 0.113 0.016 0.129 55.709 0.057 55.754 63.767 0.003 63.757 63.237 0.002 63.225
0.149 0.019 0.168 0.118 0.011 0.129 56.023 0.032 56.042 64.123 0 64.109 64.032 0 64.019
0.146 0.023 0.169 0.114 0.014 0.128 55.421 0.043 55.452 63.603 0.001 63.59 63.638 0 63.625
0.154 0.013 0.167 0.116 0.012 0.128 55.362 0.033 55.382 63.535 0 63.521 63.499 0.000999999999999973 63.487
0.147 0.018 0.164 0.111 0.017 0.129 55.625 0.032 55.645 64.069 0.00499999999999998 64.059 64.012 0.001 64.001
0.155 0.012 0.167 0.115 0.017 0.131 54.915 0.052 54.961 65.746 0.023 65.754 65.845 0.033 65.877
0.147 0.016 0.163 0.114 0.012 0.126 55.345 0.045 55.379 63.528 0.039 63.552 63.132 0.029 63.154
0.159 0.01 0.169 0.115 0.014 0.129 56.351 0.037 56.375 64.314 0 64.3 63.101 0.001 63.095
0.152 0.016 0.169 0.116 0.013 0.128 56.503 0.029 56.519 64.536 0 64.524 64.206 0.003 64.194
0.154 0.014 0.168 0.12 0.00800000000000001 0.128 56.162 0.03 56.181 64.257 0 64.242 64.122 0 64.11
0.152 0.011 0.163 0.114 0.012 0.126 55.424 0.046 55.459 63.524 0.00900000000000001 63.519 63.611 0.00599999999999998 63.603
0.158 0.011 0.169 0.114 0.015 0.129 56 0.056 56.043 63.848 0.033 63.867 64.042 0.043 64.072
0.151 0.018 0.17 0.121 0.00900000000000001 0.13 55.655 0.049 55.691 63.798 0 63.785 63.762 0.001 63.751
0.145 0.02 0.164 0.114 0.013 0.127 55.582 0.063 55.634 63.789 0.00800000000000001 63.784 63.704 0.003 63.693
0.154 0.014 0.168 0.115 0.014 0.129 55.202 0.041 55.231 63.381 0.001 63.368 63.34 0 63.326
0.15 0.018 0.168 0.118 0.00999999999999998 0.128 55.886 0.037 55.91 64.009 0.003 63.999 63.779 0.001 63.775
0.15 0.018 0.168 0.119 0.00900000000000001 0.128 56.051 0.038 56.076 64.172 0 64.158 64.194 0.002 64.182
0.156 0.015 0.17 0.119 0.00999999999999998 0.128 56.432 0.036 56.457 64.082 0.011 64.085 63.935 0.002 63.925
0.159 0.01 0.169 0.123 0.00699999999999998 0.13 56.084 0.029 56.109 63.922 0.004 63.913 63.936 0 63.932
0.156 0.011 0.168 0.117 0.012 0.128 55.868 0.036 55.892 63.956 0 63.941 64.051 0.001 64.04
0.151 0.018 0.168 0.117 0.012 0.13 56.081 0.052 56.119 64.07 0.002 64.059 64.058 0.002 64.046
0.149 0.017 0.167 0.117 0.015 0.132 56.761 0.044 56.798 64.407 0 64.394 64.268 0.001 64.265
0.153 0.016 0.169 0.12 0.011 0.131 57.367 0.063 57.416 65.412 0.002 65.4 65.334 0.001 65.32
0.154 0.014 0.169 0.119 0.013 0.131 56.787 0.06 56.835 64.844 0.003 64.833 64.91 0.001 64.898
0.153 0.015 0.169 0.114 0.015 0.128 55.394 0.037 55.419 63.56 0 63.546 63.46 0.001 63.448
0.157 0.00900000000000001 0.167 0.115 0.015 0.13 56.948 0.03 56.965 65.032 0 65.017 64.982 0 64.968
0.154 0.018 0.171 0.115 0.014 0.129 55.752 0.06 55.799 63.729 0.001 63.718 63.79 0 63.776
0.161 0.00600000000000001 0.168 0.112 0.016 0.127 54.615 0.04 54.65 62.708 0.002 62.697 62.476 0.003 62.477
0.153 0.015 0.169 0.118 0.011 0.128 56.352 0.032 56.372 64.447 0.002 64.435 64.396 0 64.382
0.154 0.014 0.169 0.117 0.013 0.128 55.475 0.053 55.517 63.538 0.039 63.562 63.471 0.00700000000000001 63.465
0.154 0.015 0.169 0.118 0.00999999999999998 0.128 55.331 0.05 55.369 63.576 0.022 63.586 62.956 0.003 62.954
0.15 0.014 0.164 0.124 0.00600000000000001 0.13 56.681 0.062 56.731 64.911 0.00299999999999997 64.901 64.916 0.002 64.905
0.154 0.013 0.168 0.116 0.012 0.127 55.317 0.044 55.35 63.637 0.001 63.626 63.508 0 63.494
0.155 0.011 0.166 0.112 0.016 0.128 55.283 0.026 55.297 63.383 0.003 63.373 63.299 0.000999999999999973 63.286
0.156 0.012 0.168 0.116 0.012 0.127 55.367 0.03 55.384 63.603 0.00899999999999998 63.598 63.614 0.004 63.605
0.158 0.00999999999999998 0.168 0.118 0.011 0.128 55.761 0.034 55.781 63.858 0.001 63.843 63.925 0.002 63.913
0.158 0.011 0.169 0.121 0.00700000000000001 0.129 55.463 0.07 55.559 63.893 0.00700000000000001 63.902 63.764 0 63.763
0.158 0.011 0.17 0.114 0.015 0.129 55.501 0.037 55.524 63.7 0.004 63.691 63.693 0.001 63.681
0.158 0.00599999999999998 0.165 0.12 0.01 0.129 56.442 0.049 56.479 65.014 0 64.999 65.005 0 64.989
0.156 0.012 0.168 0.115 0.015 0.13 56.673 0.043 56.702 64.611 0 64.606 63.548 0 63.534
0.155 0.013 0.169 0.111 0.017 0.127 55.857 0.036 55.88 63.949 0 63.944 63.434 0 63.42
0.146 0.02 0.166 0.113 0.015 0.128 55.885 0.042 55.914 64.051 0 64.037 64.089 0 64.075
0.155 0.013 0.168 0.117 0.011 0.127 56.312 0.028 56.327 64.274 0.002 64.262 64.407 0 64.392
0.152 0.016 0.168 0.115 0.012 0.127 55.392 0.031 55.41 63.57 0.002 63.558 63.499 0 63.485
0.155 0.012 0.167 0.119 0.011 0.13 56.912 0.031 56.931 64.812 0 64.797 64.787 0 64.773
0.158 0.011 0.169 0.118 0.011 0.129 55.339 0.057 55.386 62.948 0.002 62.941 62.565 0 62.557
0.155 0.00900000000000001 0.164 0.115 0.013 0.128 55.339 0.068 55.395 63.66 0.061 63.707 63.653 0.002 63.649
0.158 0.01 0.168 0.114 0.014 0.128 55.641 0.055 55.684 64.102 0 64.089 64.132 0.001 64.12
0.154 0.014 0.168 0.118 0.012 0.129 55.211 0.056 55.256 63.662 0.012 63.661 63.756 0.003 63.745
0.151 0.017 0.169 0.123 0.00600000000000001 0.129 55.516 0.029 55.531 63.669 0 63.655 63.256 0 63.243
0.154 0.015 0.168 0.118 0.00999999999999998 0.128 56.259 0.035 56.28 64.507 0.003 64.495 64.351 0.001 64.336
0.155 0.013 0.169 0.118 0.011 0.128 55.536 0.036 55.559 63.768 0 63.755 62.713 0.00199999999999997 62.709
0.159 0.012 0.17 0.117 0.011 0.129 55.134 0.051 55.173 63.689 0 63.675 63.738 0.001 63.724
0.158 0.011 0.169 0.118 0.011 0.128 55.511 0.042 55.542 63.669 0.001 63.657 63.606 0 63.591
0.156 0.012 0.169 0.125 0.004 0.128 55.451 0.037 55.476 63.818 0.00199999999999997 63.817 62.983 0 62.97
0.152 0.015 0.167 0.115 0.013 0.128 55.309 0.036 55.333 63.569 0.003 63.558 63.548 0.003 63.539
0.149 0.019 0.166 0.114 0.013 0.127 55.214 0.026 55.229 63.453 0 63.44 63.381 0 63.367
0.149 0.014 0.163 0.116 0.012 0.127 55.669 0.051 55.708 63.811 0.046 63.843 63.811 0.056 63.855
0.142 0.022 0.164 0.114 0.013 0.127 55.725 0.036 55.748 63.902 0.003 63.892 63.953 0 63.939
0.153 0.012 0.164 0.112 0.015 0.128 55.838 0.032 55.858 63.961 0.002 63.948 63.936 0.001 63.924
0.15 0.015 0.165 0.117 0.011 0.128 55.251 0.031 55.269 63.51 0.002 63.498 63.438 0.00299999999999997 63.427
0.15 0.014 0.164 0.116 0.011 0.127 55.332 0.052 55.372 64.111 0 64.097 64.055 0.002 64.044
0.147 0.02 0.166 0.115 0.012 0.128 55.518 0.048 55.553 63.608 0.003 63.598 63.547 0.002 63.537
0.149 0.014 0.163 0.117 0.011 0.128 55.097 0.037 55.121 63.537 0.001 63.525 63.564 0 63.549
0.154 0.014 0.168 0.116 0.012 0.128 56.028 0.027 56.043 64.037 0 64.023 63.65 0 63.646
0.155 0.012 0.167 0.112 0.017 0.128 55.913 0.038 55.939 63.942 0 63.928 63.96 0.001 63.947
0.153 0.015 0.168 0.117 0.011 0.128 56.122 0.034 56.143 64.185 0 64.171 64.154 0 64.14
0.155 0.014 0.168 0.116 0.013 0.129 56.005 0.046 56.039 64.076 0 64.062 64.018 0.001 64.005
0.155 0.014 0.169 0.108 0.021 0.129 56.018 0.035 56.042 64.195 0 64.181 64.257 0 64.243
0.151 0.017 0.169 0.122 0.00600000000000001 0.128 55.702 0.039 55.729 63.476 0.001 63.464 63.262 0 63.249
0.156 0.012 0.168 0.116 0.012 0.128 55.402 0.056 55.445 63.797 0 63.785 63.768 0.001 63.756
0.153 0.01 0.164 0.116 0.011 0.127 56.311 0.038 56.335 64.211 0.00199999999999997 64.201 64.268 0 64.254
0.15 0.017 0.167 0.114 0.014 0.128 55.84 0.032 55.858 64.054 0.001 64.043 64.193 0.001 64.18
0.154 0.016 0.17 0.114 0.016 0.129 55.939 0.047 55.974 63.958 0.001 63.951 62.831 0.002 62.821
0.152 0.017 0.169 0.115 0.014 0.129 56.743 0.036 56.768 64.769 0.001 64.756 64.254 0.001 64.241
0.155 0.013 0.168 0.117 0.013 0.129 56.133 0.037 56.158 64.116 0.002 64.103 64.16 0.001 64.148
0.149 0.021 0.169 0.113 0.015 0.129 55.893 0.046 55.926 64.34 0.002 64.328 64.291 0 64.277
0.156 0.014 0.17 0.116 0.014 0.13 55.776 0.036 55.8 63.999 0.002 63.987 64.133 0.001 64.119
0.157 0.013 0.17 0.119 0.00999999999999998 0.13 55.746 0.037 55.779 63.412 0.001 63.4 63.471 0 63.471
0.148 0.017 0.165 0.117 0.011 0.127 55.241 0.031 55.26 63.497 0 63.484 62.655 0 62.647
0.155 0.015 0.17 0.119 0.011 0.129 56.279 0.044 56.311 64.601 0 64.587 64.601 0 64.593
0.152 0.016 0.168 0.115 0.013 0.128 55.809 0.038 55.84 63.197 0.001 63.186 63.067 0 63.059
0.155 0.012 0.167 0.119 0.012 0.13 56.939 0.041 56.967 64.726 0.001 64.713 64.821 0.002 64.809
0.151 0.016 0.167 0.109 0.019 0.128 55.331 0.041 55.36 63.435 0.001 63.423 62.737 0 62.731
0.148 0.023 0.171 0.119 0.011 0.131 55.996 0.049 56.031 64.047 0 64.034 63.987 0.003 63.982
0.15 0.015 0.165 0.12 0.00900000000000001 0.128 55.7 0.033 55.722 63.792 0.003 63.782 63.765 0 63.752
0.152 0.016 0.168 0.115 0.015 0.129 55.436 0.067 55.491 63.742 0.00299999999999997 63.732 63.709 0 63.696
0.152 0.017 0.17 0.115 0.014 0.128 55.324 0.031 55.342 63.519 0.001 63.507 63.453 0.003 63.442
0.159 0.01 0.168 0.116 0.013 0.129 55.868 0.05 55.912 63.371 0.003 63.36 63.268 0 63.26
0.153 0.00999999999999998 0.163 0.113 0.016 0.129 56.606 0.035 56.628 64.608 0 64.594 63.989 0 63.983
0.153 0.015 0.168 0.117 0.012 0.128 55.344 0.041 55.372 63.548 0.001 63.536 63.466 0.003 63.456
0.157 0.011 0.167 0.11 0.017 0.128 55.63 0.036 55.654 63.673 0.001 63.659 63.599 0.001 63.586
0.159 0.01 0.169 0.121 0.00900000000000001 0.128 55.951 0.034 55.975 64.047 0.001 64.034 64.017 0 64.006
0.156 0.012 0.168 0.118 0.012 0.13 56.161 0.046 56.194 64.224 0 64.21 64.257 0.001 64.245
0.155 0.014 0.168 0.121 0.00600000000000001 0.128 56.478 0.051 56.516 64.433 0 64.421 64.388 0 64.374
0.148 0.015 0.164 0.114 0.015 0.129 56.352 0.036 56.382 63.65 0 63.637 63.61 0.003 63.605
0.153 0.011 0.164 0.115 0.015 0.131 56.426 0.065 56.475 64.561 0.029 64.574 64.554 0.04 64.579
0.149 0.013 0.163 0.115 0.012 0.127 55.241 0.053 55.281 63.978 0.012 63.976 63.879 0.00600000000000001 63.871
