0.063 0.004 0.0680000000000001 0.033 0.003 0.0349999999999999 22.571 0.013 22.579 24.301 0 24.296 24.201 0 24.195
0.064 0.005 0.068 0.035 0.001 0.037 22.482 0.018 22.495 24.267 0 24.264 23.673 0 23.676
0.062 0.006 0.068 0.033 0.003 0.036 22.935 0.01 22.941 24.75 0 24.746 24.601 0 24.595
0.062 0.00600000000000001 0.068 0.03 0.005 0.035 22.657 0.02 22.673 24.354 0 24.349 24.242 0 24.235
0.0600000000000001 0.008 0.068 0.03 0.005 0.0349999999999999 22.731 0.009 22.734 24.488 0 24.484 24.416 0 24.41
0.0649999999999999 0.003 0.0680000000000001 0.033 0.004 0.0369999999999999 22.961 0.006 22.962 24.666 0 24.661 24.496 0 24.491
0.062 0.006 0.0670000000000001 0.033 0.003 0.0349999999999999 22.51 0.01 22.516 24.298 0 24.293 24.157 0 24.152
0.062 0.005 0.067 0.034 0.00199999999999999 0.036 22.704 0.012 22.711 24.379 0 24.374 24.248 0 24.242
0.07 0.001 0.071 0.033 0.002 0.035 22.806 0.018 22.818 24.503 0 24.498 24.348 0 24.342
0.064 0.004 0.067 0.031 0.004 0.035 22.204 0.011 22.21 23.984 0 23.979 23.835 0 23.828
0.064 0.005 0.069 0.034 0.002 0.036 22.986 0.012 22.992 24.657 0 24.652 24.536 0 24.531
0.063 0.006 0.07 0.035 0.004 0.038 24.351 0.014 24.359 26.168 0 26.163 26.02 0 26.014
0.063 0.005 0.296 0.032 0.004 0.0350000000000001 22.519 0.012 22.527 24.183 0 24.177 24.038 0 24.032
0.06 0.004 0.0910000000000001 0.031 0.003 0.0339999999999999 23.61 0.016 23.621 25.379 0 25.374 25.262 0 25.256
0.062 0.006 0.068 0.033 0.002 0.035 22.652 0.008 22.654 24.401 0 24.396 24.274 0 24.268
0.065 0.004 0.067 0.03 0.005 0.036 23.132 0.014 23.141 24.838 0 24.833 24.711 0 24.705
0.064 0.004 0.0690000000000001 0.032 0.004 0.0349999999999999 22.845 0.014 22.854 24.603 0 24.598 24.461 0 24.456
0.064 0.004 0.068 0.034 0.001 0.035 22.441 0.012 22.448 24.192 0 24.188 24.043 0 24.037
0.064 0.004 0.0670000000000001 0.031 0.004 0.0359999999999999 22.514 0.00600000000000001 22.515 24.31 0 24.304 24.186 0 24.181
0.082 0.00799999999999999 0.0900000000000001 0.043 0.005 0.0479999999999999 31.781 0.014 31.832 34.167 0 34.21 33.962 0 34.003
0.065 0.003 0.067 0.033 0.003 0.036 22.307 0.014 22.317 24.09 0 24.084 23.938 0 23.932
0.066 0.002 0.068 0.034 0.00199999999999999 0.036 23.653 0.013 23.66 25.22 0 25.216 25.152 0 25.145
0.062 0.005 0.067 0.034 0.00199999999999999 0.036 22.421 0.019 22.435 24.171 0 24.166 24.015 0 24.009
0.064 0.006 0.131 0.032 0.004 0.036 22.68 0.012 22.688 24.539 0.001 24.804 24.011 0.001 24.01
0.061 0.004 0.064 0.031 0.003 0.035 23.078 0.01 23.081 24.875 0 24.871 24.811 0.001 24.805
0.066 0.002 0.067 0.034 0.001 0.036 22.551 0.013 22.558 24.281 0 24.276 24.095 0 24.089
0.061 0.003 0.064 0.032 0.003 0.035 23.099 0.015 23.109 24.836 0 24.83 24.719 0 24.713
0.0649999999999999 0.006 0.0770000000000002 0.034 0.002 0.036 22.738 0.00699999999999999 22.74 24.515 0 24.628 24.362 0 24.355
0.066 0.003 0.068 0.03 0.006 0.035 22.989 0.005 22.99 24.733 0.001 24.729 24.6 0 24.595
0.059 0.005 0.064 0.032 0.002 0.035 22.653 0.008 22.656 24.402 0 24.397 24.288 0 24.281
0.06 0.007 0.067 0.03 0.006 0.036 22.468 0.015 22.478 24.231 0 24.227 24.11 0 24.104
0.068 0.003 0.071 0.033 0.002 0.036 22.699 0.015 22.709 24.404 0 24.399 24.276 0 24.27
0.064 0.004 0.067 0.034 0.001 0.036 22.509 0.009 22.512 24.239 0 24.238 23.683 0 23.686
0.066 0.005 0.071 0.034 0.00199999999999999 0.036 22.711 0.014 22.72 24.47 0 24.464 24.342 0 24.336
0.062 0.005 0.067 0.032 0.004 0.035 22.601 0.011 22.608 24.363 0 24.358 24.24 0 24.234
0.066 0.00199999999999999 0.068 0.032 0.003 0.036 23.4 0.01 23.404 25.217 0 25.213 25.094 0 25.088
0.062 0.005 0.068 0.033 0.003 0.036 22.551 0.00899999999999999 22.554 24.329 0 24.323 24.22 0 24.215
0.064 0.003 0.067 0.032 0.003 0.035 22.331 0.012 22.338 24.024 0 24.019 23.905 0 23.899
0.064 0.003 0.067 0.031 0.004 0.035 22.625 0.013 22.633 24.351 0 24.347 24.23 0 24.225
0.062 0.00600000000000001 0.068 0.031 0.004 0.036 23.292 0.011 23.297 25.059 0.001 25.056 25.029 0 25.023
0.06 0.005 0.065 0.031 0.004 0.035 22.53 0.016 22.54 24.353 0 24.347 24.23 0 24.224
0.066 0.002 0.068 0.031 0.005 0.036 22.45 0.014 22.458 24.178 0 24.171 24.091 0 24.086
0.072 0.007 0.078 0.033 0.004 0.038 24.366 0.013 24.373 26.377 0 26.37 26.193 0 26.187
0.064 0.001 0.065 0.032 0.002 0.034 22.815 0.015 22.825 24.735 0 24.73 24.673 0 24.667
0.06 0.007 0.068 0.033 0.002 0.035 22.725 0.012 22.731 24.524 0 24.519 24.278 0 24.273
0.062 0.005 0.067 0.032 0.004 0.035 22.592 0.017 22.604 24.37 0 24.364 24.259 0 24.254
0.065 0.003 0.068 0.034 0.000999999999999994 0.035 22.341 0.014 22.349 24.041 0 24.036 23.917 0 23.911
0.062 0.003 0.0660000000000001 0.03 0.004 0.0349999999999999 22.394 0.00600000000000001 22.394 24.113 0 24.108 23.929 0 24.02
0.059 0.008 0.0680000000000001 0.033 0.003 0.0349999999999999 23.602 0.013 23.61 27.427 0.18 28.221 25.191 0 25.186
0.057 0.00600000000000001 0.063 0.032 0.002 0.035 22.16 0.015 22.169 24.038 0 24.034 24.29 0 24.282
0.07 0.003 0.104 0.035 0.003 0.0389999999999999 23.202 0.011 23.207 24.609 0.001 24.605 24.212 0 24.207
0.066 0.004 0.087 0.031 0.004 0.036 22.797 0.012 22.803 24.605 0.001 24.601 24.456 0 24.452
0.065 0.002 0.067 0.032 0.004 0.035 22.445 0.016 22.457 24.211 0 24.204 24.041 0 24.035
0.06 0.007 0.068 0.032 0.004 0.036 22.642 0.013 22.65 24.012 0 24.007 23.514 0 23.515
0.074 0.004 0.175 0.033 0.004 0.037 23.222 0.013 23.229 25.158 0 25.153 25.053 0 25.048
0.062 0.002 0.064 0.032 0.003 0.035 22.13 0.016 22.14 23.947 0 23.943 23.787 0 23.781
0.063 0.00600000000000001 0.068 0.034 0.002 0.036 23.716 0.011 23.721 25.443 0 25.438 25.309 0 25.304
0.064 0.005 0.068 0.033 0.003 0.037 22.54 0.016 22.55 24.297 0 24.293 24.142 0 24.136
0.066 0.002 0.067 0.032 0.003 0.036 22.6 0.011 22.605 24.347 0 24.342 24.197 0 24.191
0.06 0.003 0.063 0.033 0.003 0.036 22.512 0.012 22.519 24.234 0 24.23 24.111 0 24.106
0.061 0.00700000000000001 0.067 0.033 0.00199999999999999 0.035 22.478 0.02 22.493 24.36 0 24.356 24.135 0 24.129
0.053 0.01 0.063 0.032 0.003 0.034 22.281 0.011 22.288 24.336 0 24.331 24.457 0 24.451
0.063 0.004 0.0670000000000001 0.034 0.00199999999999999 0.0349999999999999 22.413 0.009 22.418 24.217 0 24.212 24.095 0 24.088
0.058 0.007 0.066 0.033 0.003 0.035 24.07 0.013 24.077 26.071 0 26.065 25.931 0 25.927
0.065 0.003 0.069 0.032 0.004 0.036 23.75 0.014 23.757 25.338 0 25.334 25.143 0 25.138
0.059 0.007 0.066 0.034 0.001 0.035 22.919 0.008 22.921 24.622 0 24.617 24.626 0 24.62
0.06 0.004 0.064 0.034 0 0.035 22.456 0.013 22.464 24.266 0 24.261 24.17 0 24.164
0.066 0.002 0.068 0.035 0.001 0.036 23.464 0.012 23.471 25.303 0 25.296 25.192 0 25.186
0.06 0.004 0.063 0.03 0.004 0.035 22.324 0.012 22.33 24.245 0 24.24 24.113 0 24.107
0.063 0.006 0.069 0.034 0.002 0.035 23.03 0.011 23.037 24.784 0 24.778 24.461 0 24.456
0.068 0.00199999999999999 0.071 0.035 0.001 0.036 22.797 0.01 22.801 24.538 0 24.533 24.395 0 24.388
0.064 0.003 0.067 0.031 0.005 0.036 22.405 0.011 22.411 23.998 0 23.993 23.881 0 23.875
0.061 0.008 0.099 0.033 0.002 0.036 23.385 0.021 23.399 24.932 0 24.928 24.92 0 24.914
0.071 0.002 0.609 0.035 0.001 0.0350000000000001 22.973 0.007 22.975 25.529 0.001 25.558 24.717 0 24.869
0.058 0.005 0.063 0.031 0.004 0.035 22.11 0.015 22.119 24.05 0 24.046 24.224 0 24.218
0.066 0.002 0.478 0.033 0.003 0.036 22.913 0.007 22.914 24.679 0 24.901 25.227 0 25.222
0.062 0.007 0.0690000000000001 0.032 0.003 0.0359999999999999 22.324 0.01 22.329 24.048 0 24.042 23.939 0 23.934
0.062 0.005 0.067 0.032 0.004 0.036 22.289 0.01 22.295 24.083 0.001 24.078 23.876 0 23.87
0.061 0.007 0.067 0.031 0.004 0.036 22.4 0.013 22.408 24.109 0 24.104 24.014 0 24.007
0.06 0.007 0.082 0.035 0 0.035 22.394 0.013 22.402 24.139 0 24.134 24.615 0 24.609
0.064 0.003 0.067 0.033 0.003 0.036 22.325 0.013 22.333 23.886 0 23.881 24.109 0 24.103
0.065 0.003 0.068 0.033 0.003 0.036 22.597 0.019 22.61 24.357 0 24.352 24.238 0 24.232
0.063 0.004 0.067 0.034 0.001 0.035 22.41 0.013 22.418 24.215 0 24.21 24.082 0 24.076
0.065 0.005 0.071 0.034 0.003 0.036 23.028 0.009 23.032 24.731 0 24.726 24.591 0 24.586
0.065 0.003 0.068 0.033 0.004 0.036 23.275 0.014 23.283 24.885 0 24.881 24.731 0 24.726
0.065 0.003 0.068 0.033 0.003 0.035 22.542 0.016 22.554 24.263 0 24.259 24.136 0 24.129
0.066 0.002 0.068 0.029 0.006 0.035 22.775 0.011 22.781 24.437 0 24.431 24.367 0 24.362
0.061 0.006 0.067 0.036 0 0.0349999999999999 22.362 0.01 22.367 23.958 0 23.954 23.893 0 23.886
0.069 0.008 0.077 0.032 0.00600000000000001 0.0379999999999999 24.089 0.013 24.096 26.187 0 26.18 25.994 0 25.99
0.065 0.002 0.0690000000000001 0.033 0.003 0.036 22.835 0.00799999999999999 22.837 24.618 0 24.612 25.222 0 25.218
0.063 0.004 0.066 0.032 0.003 0.036 22.427 0.017 22.439 23.906 0 23.901 23.987 0 23.981
0.062 0.006 0.106 0.034 0.003 0.037 22.738 0.014 22.746 24.53 0 24.711 24.962 0 24.955
0.064 0.005 0.0710000000000001 0.034 0.002 0.036 23.062 0.016 23.072 24.812 0 24.808 24.731 0 24.724
0.066 0.002 0.068 0.035 0.001 0.035 22.618 0.00899999999999999 22.622 24.364 0.001 24.361 24.214 0 24.207
0.061 0.003 0.063 0.032 0.002 0.035 23.105 0.012 23.111 24.91 0.001 24.906 25.156 0 25.15
0.066 0.003 0.0890000000000001 0.032 0.003 0.0359999999999999 22.743 0.015 22.753 24.573 0 24.567 24.389 0 24.384
0.066 0.003 0.0679999999999999 0.034 0.001 0.036 22.867 0.015 22.876 24.692 0.001 24.688 24.555 0 24.55
0.065 0.003 0.067 0.032 0.004 0.036 22.993 0.013 23 24.667 0 24.663 24.602 0 24.596
0.059 0.005 0.091 0.032 0.002 0.035 23.352 0.00799999999999999 23.354 25.19 0 25.185 25.749 0 25.743
0.063 0.004 0.067 0.033 0.003 0.035 22.439 0.017 22.45 24.01 0 24.005 24.2 0 24.195
0.059 0.009 0.069 0.032 0.004 0.036 23.439 0.012 23.444 25.286 0 25.282 25.177 0 25.171
0.058 0.005 0.064 0.031 0.004 0.035 23.268 0.015 23.277 25.029 0 25.024 24.952 0 24.947
0.06 0.004 0.064 0.034 0.000999999999999994 0.034 22.345 0.018 22.357 24.152 0 24.148 24.436 0 24.429
0.061 0.007 0.068 0.031 0.005 0.036 22.604 0.017 22.617 24.34 0 24.335 24.211 0 24.206
0.059 0.005 0.064 0.033 0.002 0.035 24.473 0.011 24.478 26.295 0.001 26.291 26.105 0 26.099
0.062 0.005 0.067 0.034 0.001 0.035 22.179 0.013 22.187 24.015 0 24.01 23.924 0 23.919
0.062 0.006 0.067 0.033 0.00199999999999999 0.035 22.505 0.016 22.515 23.903 0 23.898 23.744 0 23.739
0.065 0.004 0.07 0.034 0.002 0.036 22.649 0.012 22.655 24.389 0 24.383 24.271 0 24.265
0.065 0.006 0.071 0.032 0.004 0.036 22.683 0.006 22.684 24.444 0 24.439 24.296 0 24.29
0.076 0.003 0.077 0.034 0.004 0.0389999999999999 25.223 0.032 25.277 26.992 0.005 27 27.092 0 27.087
0.07 0.001 0.13 0.034 0.001 0.035 22.612 0.017 22.624 24.404 0 24.398 24.716 0 24.71
0.061 0.00800000000000001 0.0700000000000001 0.034 0.00199999999999999 0.0349999999999999 22.766 0.00900000000000001 22.771 24.544 0 24.54 24.372 0 24.366
0.057 0.006 0.064 0.033 0.002 0.035 22.656 0.011 22.662 24.489 0 24.483 24.294 0 24.289
0.064 0.004 0.068 0.033 0.00199999999999999 0.036 22.799 0.011 22.804 24.193 0 24.188 24.03 0 24.025
0.0669999999999999 0.002 0.072 0.033 0.003 0.036 23.467 0.019 23.479 25.306 0 25.301 25.207 0 25.202
0.065 0.003 0.0700000000000001 0.034 0.000999999999999994 0.0359999999999998 23.074 0.011 23.078 24.838 0 24.833 24.691 0 24.687
0.063 0.004 0.067 0.036 0 0.035 22.594 0.016 22.606 24.117 0 24.112 23.902 0 23.896
0.062 0.002 0.064 0.031 0.004 0.035 23.383 0.017 23.394 25.29 0 25.285 25.159 0 25.154
0.061 0.006 0.067 0.035 0.001 0.036 22.464 0.015 22.474 24.205 0 24.2 23.596 0 23.602
0.065 0.003 0.0670000000000001 0.034 0.00199999999999999 0.0359999999999999 22.392 0.00900000000000001 22.396 24.06 0 24.056 24.007 0 24.002
0.06 0.008 0.068 0.03 0.005 0.035 22.349 0.013 22.357 24.181 0 24.176 24.037 0 24.031
0.061 0.006 0.067 0.03 0.005 0.035 22.494 0.01 22.5 24.216 0 24.211 24.13 0 24.123
0.061 0.004 0.09 0.03 0.005 0.035 23.943 0.013 23.949 25.495 0 25.49 25.191 0 25.185
0.062 0.002 0.064 0.033 0.002 0.035 22.528 0.012 22.534 24.396 0 24.391 24.268 0 24.262
0.066 0.001 0.067 0.031 0.004 0.035 22.601 0.012 22.607 24.183 0 24.178 23.989 0 23.983
0.061 0.00700000000000001 0.068 0.035 0.000999999999999994 0.035 22.577 0.012 22.585 24.333 0 24.328 24.217 0 24.211
0.063 0.005 0.067 0.035 0.001 0.036 22.5 0.019 22.514 24.27 0 24.265 24.131 0 24.126
0.063 0.004 0.067 0.032 0.004 0.036 22.558 0.018 22.57 24.308 0 24.303 24.106 0 24.1
0.068 0 0.067 0.034 0.001 0.036 22.668 0.011 22.673 24.313 0 24.308 24.207 0 24.2
0.065 0.005 0.07 0.031 0.004 0.035 22.527 0.017 22.538 24.218 0 24.213 24.088 0 24.083
0.061 0.005 0.066 0.032 0.004 0.036 24.018 0.013 24.041 25.957 0 25.968 25.829 0 25.841
0.064 0.006 1.033 0.034 0.001 0.0350000000000001 22.497 0.013 22.505 24.235 0 24.361 24.299 0 24.476
0.065 0.00699999999999999 0.579 0.033 0.002 0.036 23.349 0.015 23.359 25.539 0.002 25.751 24.744 0 24.74
0.063 0.00600000000000001 0.0690000000000002 0.033 0.003 0.0359999999999998 22.87 0.017 22.883 24.579 0 24.574 24.409 0 24.404
0.062 0.006 0.067 0.03 0.005 0.036 22.826 0.01 22.83 24.551 0 24.547 24.474 0 24.466
0.06 0.00800000000000001 0.0680000000000001 0.036 0 0.0359999999999999 22.803 0.013 22.811 24.47 0 24.465 24.411 0 24.406
0.064 0.005 0.071 0.033 0.002 0.0349999999999999 22.948 0.01 22.953 24.742 0 24.737 24.589 0 24.584
0.058 0.005 0.093 0.033 0.00199999999999999 0.034 21.879 0.011 21.886 23.769 0 23.764 23.632 0 23.625
0.062 0.005 0.067 0.034 0.002 0.036 22.48 0.017 22.49 24.288 0 24.284 24.16 0 24.154
0.066 0.001 0.067 0.035 0.001 0.036 22.572 0.01 22.576 24.391 0 24.385 24.219 0 24.214
0.057 0.006 0.064 0.032 0.003 0.034 22.26 0.02 22.274 24.042 0.001 24.038 23.88 0.001 23.875
0.062 0.003 0.299 0.031 0.005 0.0359999999999998 23.043 0.013 23.05 24.131 0 24.126 24.096 0 24.09
0.059 0.003 0.062 0.032 0.003 0.035 22.159 0.011 22.165 23.994 0 23.989 24.151 0 24.145
0.066 0.002 0.068 0.035 0.001 0.036 22.662 0.01 22.667 24.486 0 24.481 24.373 0 24.368
0.063 0.005 0.067 0.034 0.002 0.036 22.136 0.013 22.144 23.986 0 23.982 23.844 0 23.838
0.064 0.004 0.068 0.031 0.004 0.035 22.358 0.017 22.37 24.159 0 24.154 24.053 0 24.047
0.062 0.00199999999999999 0.063 0.03 0.004 0.034 22.005 0.01 22.011 23.931 0.000999999999999994 23.926 24.132 0 24.127
0.058 0.006 0.065 0.031 0.004 0.034 22.378 0.019 22.391 24.259 0 24.254 24.088 0 24.082
0.065 0 0.065 0.032 0.003 0.035 24.412 0.027 24.456 26.588 0.004 26.59 26.458 0 26.453
0.065 0.002 0.067 0.03 0.006 0.036 22.498 0.007 22.499 24.231 0 24.227 24.147 0 24.141
0.059 0.008 0.0670000000000001 0.033 0.003 0.0359999999999999 22.599 0.011 22.604 24.312 0 24.308 24.223 0 24.217
0.06 0.002 0.0810000000000001 0.034 0.002 0.0349999999999999 22.414 0.015 22.424 24.19 0 24.185 24.08 0 24.074
0.063 0.003 0.0680000000000001 0.033 0.004 0.0349999999999999 22.58 0.00900000000000001 22.584 24.458 0 24.453 24.273 0 24.267
0.061 0.006 0.067 0.032 0.003 0.035 22.405 0.011 22.411 23.977 0 23.972 23.85 0 23.843
0.06 0.004 0.063 0.033 0.001 0.035 22.416 0.021 22.43 24.218 0 24.214 24.036 0 24.03
0.06 0.004 0.0669999999999999 0.032 0.003 0.035 22.783 0.01 22.786 25.182 0 25.176 25.156 0 25.152
0.066 0.002 0.069 0.036 0 0.036 22.908 0.012 22.915 24.749 0 24.745 24.582 0 24.577
0.064 0.004 0.068 0.034 0.001 0.035 22.709 0.017 22.743 24.285 0.004 24.298 24.244 0 24.239
0.058 0.005 0.063 0.033 0.001 0.034 22.432 0.006 22.433 24.205 0 24.2 24.105 0 24.099
0.066 0.001 0.067 0.031 0.004 0.035 22.361 0.014 22.369 23.81 0 23.805 23.58 0 23.575
0.065 0.003 0.068 0.033 0.003 0.035 22.523 0.014 22.531 24.274 0 24.269 24.116 0 24.111
0.063 0.004 0.067 0.033 0.002 0.036 22.504 0.013 22.511 24.281 0 24.276 24.147 0 24.141
0.061 0.006 0.0680000000000001 0.033 0.003 0.0359999999999999 22.827 0.019 22.839 24.649 0 24.643 24.453 0.001 24.448
0.065 0.00199999999999999 0.0679999999999999 0.032 0.005 0.035 22.64 0.017 22.652 24.378 0 24.373 24.264 0 24.258
0.063 0.001 0.064 0.032 0.002 0.034 22.082 0.011 22.088 23.89 0 23.885 23.754 0 23.748
0.061 0.006 0.067 0.032 0.003 0.035 22.333 0.013 22.342 24.215 0 24.211 24.114 0 24.108
0.063 0.004 0.0959999999999999 0.03 0.005 0.0350000000000001 22.639 0.011 22.645 24.502 0.001 24.498 24.364 0 24.358
0.054 0.00899999999999999 0.062 0.032 0.002 0.034 21.776 0.015 21.786 23.664 0 23.658 23.898 0.001 23.894
0.064 0.003 0.068 0.035 0.000999999999999994 0.035 22.198 0.014 22.207 23.968 0.001 23.965 23.814 0 23.807
0.057 0.006 0.064 0.029 0.006 0.034 22.187 0.008 22.19 24.011 0 24.006 23.884 0 23.879
0.058 0.006 0.064 0.035 0 0.035 23.013 0.011 23.018 24.705 0 24.7 24.526 0 24.52
0.061 0.004 0.065 0.035 0 0.035 22.04 0.012 22.047 23.844 0 23.839 23.893 0 23.887
0.06 0.004 0.064 0.03 0.005 0.035 22.717 0.013 22.725 24.456 0 24.451 24.405 0 24.397
0.073 0.005 0.079 0.034 0.005 0.0389999999999999 24.653 0.014 24.68 26.604 0 26.615 26.272 0.002 26.284
0.064 0.004 0.068 0.034 0.002 0.036 23.565 0.013 23.572 25.454 0 25.448 25.311 0 25.306
0.06 0.003 0.063 0.029 0.005 0.034 22.338 0.013 22.346 24.201 0 24.196 24.022 0 24.016
0.065 0.004 0.09 0.033 0.003 0.036 22.771 0.014 22.779 24.784 0 24.779 24.458 0 24.453
0.066 0.003 0.0700000000000001 0.036 0 0.036 22.614 0.012 22.621 24.794 0 24.789 24.631 0 24.627
0.071 0.004 0.548 0.033 0.003 0.036 23.096 0.015 23.107 24.872 0.001 26.22 24.777 0 24.774
0.065 0.002 0.067 0.034 0.002 0.036 22.751 0.007 22.753 24.251 0 24.245 24.435 0 24.429
0.061 0.003 0.064 0.032 0.002 0.034 22.448 0.012 22.455 24.294 0 24.288 24.116 0 24.11
0.065 0.00700000000000001 0.507 0.035 0.001 0.036 23.637 0.017 23.648 24.887 0 25.013 24.512 0 24.576
0.066 0.003 0.069 0.03 0.005 0.0349999999999999 22.62 0.014 22.629 24.489 0 24.484 24.285 0 24.28
0.065 0.003 0.067 0.033 0.002 0.036 23.022 0.011 23.027 24.874 0 24.868 24.723 0 24.718
0.065 0.003 0.067 0.034 0.001 0.036 22.336 0.013 22.344 24.139 0 24.134 24.216 0 24.21
0.066 0.004 0.069 0.033 0.003 0.036 22.398 0.013 22.407 24.144 0 24.138 24.015 0 24.01
0.068 0.002 0.071 0.033 0.003 0.035 22.368 0.01 22.373 24.073 0 24.068 23.928 0 23.922
0.062 0.005 0.067 0.03 0.005 0.035 22.427 0.013 22.435 24.197 0 24.193 24.064 0 24.057
0.065 0.003 0.067 0.033 0.002 0.036 22.508 0.014 22.516 24.345 0 24.34 24.199 0 24.194
0.063 0.005 0.068 0.032 0.003 0.036 22.882 0.013 22.889 24.65 0 24.644 24.477 0 24.472
0.062 0.004 0.093 0.031 0.004 0.0349999999999999 22.829 0.011 22.835 24.083 0.001 24.09 23.693 0 23.698
0.063 0.005 0.093 0.032 0.00299999999999999 0.0349999999999999 22.723 0.00800000000000001 22.727 24.576 0 24.57 24.414 0 24.41
0.066 0.002 0.068 0.035 0.001 0.036 22.861 0.015 22.87 24.337 0 24.332 24.14 0 24.134
0.057 0.006 0.063 0.031 0.004 0.035 23.389 0.011 23.394 25.124 0 25.119 24.943 0 24.938
0.061 0.00600000000000001 0.067 0.033 0.003 0.036 22.437 0.007 22.439 24.198 0 24.193 24.055 0 24.05
0.059 0.005 0.064 0.031 0.003 0.034 22.499 0.011 22.504 24.322 0 24.318 24.113 0 24.107
0.063 0.004 0.067 0.034 0.002 0.036 22.428 0.016 22.438 23.976 0 23.972 23.665 0 23.659
0.067 0.01 0.077 0.036 0.002 0.0379999999999999 24.574 0.016 24.584 26.512 0 26.507 26.289 0 26.283
0.06 0.004 0.063 0.034 0 0.035 22.641 0.014 22.649 24.639 0 24.634 24.575 0 24.568
0.063 0.004 0.068 0.033 0.003 0.035 22.352 0.016 22.364 24.093 0 24.087 23.982 0 23.976
0.065 0.003 0.069 0.033 0.003 0.036 23.021 0.015 23.029 24.943 0 24.938 24.707 0 24.703
0.067 0.000999999999999994 0.21 0.033 0.003 0.036 22.532 0.01 22.537 24.389 0 24.383 24.14 0 24.133
0.064 0.004 0.15 0.034 0.00199999999999999 0.035 23.081 0.011 23.087 24.742 0 24.736 24.631 0 24.626
0.072 0.003 0.532 0.029 0.00600000000000001 0.0350000000000001 22.592 0.014 22.599 24.309 0 24.307 24.218 0 24.212
0.06 0.005 0.064 0.032 0.003 0.035 22.681 0.014 22.69 24.47 0 24.464 24.364 0 24.359
0.064 0.004 0.067 0.03 0.005 0.036 22.551 0.00899999999999999 22.554 24.272 0 24.267 24.077 0 24.071
0.062 0.006 0.069 0.033 0.003 0.036 22.506 0.015 22.516 24.275 0 24.269 24.148 0 24.142
0.065 0.005 0.531 0.033 0.003 0.036 23.229 0.014 23.237 25.023 0.00199999999999999 25.041 25.426 0 25.421
0.063 0.005 0.069 0.033 0.003 0.035 23.657 0.015 23.667 25.342 0 25.337 25.103 0 25.096
0.064 0.005 0.068 0.034 0.001 0.035 23.037 0.014 23.045 24.708 0 24.703 24.655 0 24.651
0.067 0.002 0.069 0.033 0.002 0.035 24.688 0.012 24.694 26.371 0 26.365 26.083 0 26.077
0.066 0.003 0.069 0.034 0.001 0.035 22.495 0.013 22.503 24.085 0.001 24.081 24.319 0 24.313
0.068 0.00199999999999999 0.0870000000000002 0.035 0.001 0.0359999999999998 24.034 0.007 24.035 27.079 0 27.073 25.76 0 25.755
0.061 0.00599999999999999 0.087 0.033 0.003 0.036 22.876 0.021 22.892 25.304 0 25.298 24.614 0 24.609
0.061 0.00600000000000001 0.068 0.033 0.003 0.035 22.5 0.012 22.508 24.25 0 24.244 24.096 0 24.091
0.058 0.005 0.063 0.031 0.004 0.035 23.289 0.012 23.294 25.142 0 25.137 25.012 0 25.008
0.063 0.005 0.068 0.033 0.002 0.035 22.317 0.01 22.321 24.088 0 24.083 23.946 0 23.94
0.067 0.000999999999999994 0.068 0.034 0.002 0.036 22.6 0.012 22.607 24.36 0 24.354 24.2 0 24.194
0.075 0.005 0.0800000000000001 0.035 0.003 0.0379999999999999 24.67 0.016 24.697 26.502 0.002 26.516 26.22 0.001 26.233
0.06 0.003 0.063 0.032 0.003 0.035 22.225 0.01 22.229 24.162 0 24.157 23.92 0 23.915
0.063 0.00600000000000001 0.096 0.033 0.003 0.036 22.921 0.012 22.928 24.541 0 24.535 24.436 0 24.431
0.061 0.00600000000000001 0.069 0.034 0.000999999999999994 0.036 22.392 0.012 22.398 24.229 0 24.224 24.12 0 24.115
0.076 0.007 0.0860000000000001 0.038 0.005 0.046 24.835 0.288 25.865 26.593 0.314 27.687 25.99 0.248 26.931
0.061 0.003 0.063 0.031 0.003 0.035 22.651 0.011 22.657 24.561 0 24.555 24.771 0 24.765
0.06 0.005 0.224 0.033 0.003 0.036 22.79 0.018 22.803 24.539 0.001 24.585 24.768 0 24.762
0.065 0.003 0.0680000000000001 0.031 0.005 0.036 23.595 0.007 23.595 25.23 0 25.226 25.179 0 25.173
0.087 0.00700000000000001 0.094 0.044 0.00499999999999999 0.049 30.48 0.018 30.532 32.856 0 32.894 32.759 0 32.797
0.058 0.004 0.062 0.034 0.001 0.035 21.855 0.012 21.862 23.808 0 23.803 24.002 0 23.996
0.061 0.007 0.068 0.032 0.004 0.036 22.793 0.007 22.796 24.366 0 24.361 24.234 0 24.227
0.055 0.009 0.064 0.035 0 0.034 22.702 0.012 22.709 24.472 0 24.467 24.344 0 24.337
0.065 0.002 0.068 0.033 0.003 0.036 22.439 0.013 22.447 24.268 0 24.263 24.123 0 24.117
0.067 0.005 0.072 0.035 0.00199999999999999 0.036 22.395 0.015 22.406 24.094 0 24.089 24.013 0 24.007
0.065 0.004 0.104 0.032 0.003 0.0349999999999999 22.72 0.017 22.731 25.712 0 25.707 24.312 0 24.307
0.059 0.008 0.067 0.032 0.004 0.035 22.254 0.017 22.266 23.678 0 23.673 23.546 0 23.539
0.066 0.002 0.068 0.035 0.001 0.036 23.548 0.012 23.554 25.219 0 25.214 25.108 0 25.103
0.065 0.002 0.067 0.031 0.004 0.036 22.252 0.014 22.26 24.001 0 23.996 23.877 0 23.871
0.065 0.003 0.068 0.034 0.00199999999999999 0.035 22.468 0.014 22.477 24.187 0 24.182 24.045 0 24.04
0.065 0.003 0.068 0.033 0.003 0.036 22.923 0.013 22.93 24.697 0 24.692 24.554 0 24.549
0.062 0.005 0.067 0.031 0.005 0.036 22.253 0.012 22.259 23.78 0 23.775 23.555 0 23.55
0.065 0.002 0.068 0.031 0.005 0.035 23.078 0.018 23.09 24.81 0 24.805 24.646 0 24.641
0.064 0.004 0.069 0.032 0.004 0.035 23.411 0.017 23.422 25.117 0 25.112 24.992 0 24.987
0.071 0.007 0.0790000000000001 0.038 0 0.0379999999999999 24.403 0.015 24.429 26.37 0 26.381 26.248 0 26.26
0.084 0.001 0.112 0.0359999999999999 0.002 0.0379999999999999 23.023 0.014 23.032 24.455 0.001 24.45 24.305 0 24.3
0.063 0.004 0.0700000000000001 0.03 0.00600000000000001 0.0349999999999999 22.347 0.015 22.357 24.322 0 24.316 24.029 0 24.023
0.0659999999999999 0.004 0.102 0.036 0 0.036 22.634 0.012 22.641 24.387 0 24.383 24.284 0 24.277
0.067 0.006 0.253 0.035 0.005 0.0409999999999999 22.919 0.012 22.926 24.783 0 24.831 24.707 0 24.703
0.06 0.003 0.063 0.034 0.001 0.035 21.866 0.011 21.881 23.407 0 23.411 23.447 0 23.442
0.063 0.005 0.137 0.036 0 0.036 22.39 0.012 22.397 24.042 0 24.043 25.16 0.001 25.287
0.064 0.004 0.068 0.035 0.000999999999999994 0.035 22.273 0.008 22.276 24.142 0 24.136 23.961 0 23.955
0.06 0.008 0.0679999999999999 0.034 0.00199999999999999 0.036 22.233 0.017 22.245 24.009 0 24.004 23.885 0 23.879
0.088 0.00699999999999999 0.0950000000000001 0.046 0.004 0.0489999999999999 31.063 0.017 31.117 33.66 0 33.699 33.554 0 33.595
0.062 0.00199999999999999 0.064 0.032 0.003 0.035 22.168 0.014 22.177 23.915 0 23.91 24.066 0 24.061
0.066 0.001 0.068 0.03 0.005 0.035 22.43 0.009 22.434 24.155 0 24.15 24.061 0 24.056
0.064 0.003 0.068 0.031 0.004 0.035 22.269 0.015 22.279 24.059 0 24.053 23.923 0 23.917
0.064 0.005 0.069 0.034 0.00199999999999999 0.035 22.669 0.015 22.678 24.393 0 24.389 24.287 0 24.281
0.062 0.005 0.067 0.034 0.002 0.035 22.518 0.00899999999999999 22.523 23.739 0 23.746 23.321 0 23.323
0.077 0.00800000000000001 0.096 0.034 0.003 0.039 24.032 0.00599999999999999 24.033 24.435 0 24.43 24.32 0 24.315
0.058 0.00899999999999999 0.11 0.032 0.004 0.035 22.678 0.00899999999999999 22.681 23.892 0 23.888 23.736 0 23.731
0.064 0.004 0.068 0.034 0.002 0.036 22.719 0.015 22.728 24.156 0 24.151 24.426 0 24.42
0.064 0.003 0.067 0.032 0.004 0.036 22.389 0.015 22.399 24.145 0 24.14 23.993 0 23.986
0.062 0.006 0.068 0.031 0.004 0.035 22.235 0.012 22.242 24.036 0 24.031 23.893 0 23.887
0.065 0.003 0.069 0.035 0.001 0.035 22.754 0.01 22.759 24.479 0 24.474 24.307 0 24.302
0.064 0.004 0.068 0.035 0.001 0.036 23.076 0.011 23.081 24.874 0 24.87 24.693 0 24.688
0.061 0.006 0.0680000000000001 0.032 0.004 0.0349999999999999 22.343 0.014 22.352 23.807 0 23.803 24.063 0 24.056
0.062 0.005 0.067 0.031 0.004 0.035 22.607 0.014 22.616 24.346 0 24.341 24.198 0 24.192
0.062 0.006 0.069 0.031 0.005 0.036 22.712 0.012 22.719 24.497 0 24.492 24.384 0 24.378
0.073 0.004 0.077 0.033 0.004 0.0369999999999999 23.988 0.014 24.013 25.896 0 25.906 25.714 0 25.728
0.056 0.009 0.083 0.034 0.001 0.036 22.87 0.015 22.879 24.632 0 24.626 24.432 0 24.426
0.064 0.005 0.0720000000000001 0.034 0.002 0.036 22.852 0.014 22.86 24.592 0 24.587 24.476 0 24.472
0.066 0.004 0.071 0.036 0.004 0.041 24.611 0.126 25.102 24.658 0 24.654 24.429 0 24.423
0.062 0.005 0.067 0.034 0.000999999999999994 0.036 22.615 0.00800000000000001 22.617 24.026 0 24.02 24.119 0 24.114
0.063 0.00700000000000001 0.209 0.031 0.00499999999999999 0.036 22.486 0.013 22.494 24.662 0 25.106 24.871 0.001 25.071
0.06 0.005 0.065 0.032 0.003 0.035 22.867 0.015 22.876 24.702 0 24.697 24.554 0 24.548
0.059 0.004 0.064 0.032 0.003 0.034 22.322 0.01 22.327 24.156 0 24.152 23.999 0 23.992
0.09 0.00599999999999999 0.0960000000000001 0.044 0.00600000000000001 0.0499999999999999 30.84 0.021 30.897 33.452 0 33.492 33.132 0 33.169
0.065 0.003 0.068 0.033 0.003 0.036 23.009 0.023 23.047 24.474 0.00799999999999999 24.487 24.682 0 24.677
0.062 0.005 0.067 0.028 0.008 0.036 22.62 0.011 22.625 24.379 0 24.375 24.209 0 24.201
0.062 0.006 0.068 0.034 0.002 0.036 22.78 0.016 22.791 24.537 0 24.532 24.401 0 24.395
0.066 0.00600000000000001 0.0730000000000001 0.036 0.003 0.0399999999999999 25.651 0.08 25.905 25.285 0.001 25.28 25.194 0.001 25.19
0.065 0.003 0.0910000000000001 0.029 0.00600000000000001 0.0349999999999999 23.056 0.015 23.066 24.254 0 24.249 24.113 0 24.108
0.062 0.005 0.066 0.033 0.002 0.036 22.254 0.009 22.256 23.755 0 23.751 23.632 0 23.626
0.058 0.005 0.063 0.03 0.005 0.035 22.736 0.017 22.748 24.53 0 24.525 24.393 0 24.386
0.066 0.002 0.068 0.03 0.005 0.035 22.383 0.012 22.39 24.149 0 24.144 23.981 0 23.975
0.068 0 0.068 0.032 0.004 0.036 22.866 0.014 22.875 24.628 0 24.623 24.474 0 24.469
0.061 0.004 0.065 0.032 0.003 0.035 22.558 0.016 22.568 24.347 0 24.342 24.073 0 24.077
0.062 0.001 0.063 0.035 0 0.034 23.498 0.021 23.514 25.108 0.001 25.104 24.991 0 24.986
0.089 0.00499999999999999 0.0940000000000001 0.045 0.004 0.0479999999999999 30.332 0.014 30.382 32.917 0 32.957 32.692 0.001 32.73
0.062 0.005 0.066 0.03 0.005 0.036 22.288 0.01 22.293 23.578 0 23.576 23.03 0 23.029
0.067 0.011 0.077 0.033 0.005 0.0389999999999999 24.445 0.026 24.487 26.709 0.019 26.745 26.437 0.029 26.476
0.061 0.003 0.064 0.032 0.003 0.034 22.603 0.01 22.608 24.457 0 24.453 24.309 0 24.302
0.065 0.003 0.068 0.035 0.001 0.036 22.948 0.015 22.958 24.792 0 24.787 24.57 0 24.564
0.06 0.003 0.063 0.031 0.004 0.035 23.154 0.011 23.159 25.085 0 25.08 25.249 0 25.244
0.079 0.00600000000000001 0.382 0.035 0.00299999999999999 0.0390000000000001 23.278 0.011 23.284 24.656 0 24.758 24.568 0 24.873
0.063 0 0.063 0.031 0.004 0.034 22.136 0.015 22.147 23.895 0 23.89 24.139 0 24.133
0.069 0.00700000000000001 0.741 0.037 0 0.0369999999999999 25.759 0.017 25.769 26.667 0.001 27.037 26.524 0 26.613
0.065 0.00199999999999999 0.068 0.033 0.002 0.035 22.324 0.012 22.329 24.054 0 24.05 23.964 0 23.957
0.067 0.002 0.069 0.032 0.003 0.035 22.572 0.014 22.581 24.371 0 24.366 24.243 0 24.237
0.088 0.00599999999999999 0.0940000000000001 0.042 0.00700000000000001 0.0479999999999999 30.687 0.02 30.744 33.025 0 33.064 32.832 0 32.87
0.085 0.01 0.0950000000000001 0.045 0.004 0.0499999999999999 30.897 0.022 30.954 33.266 0 33.307 33.158 0 33.197
0.064 0.00600000000000001 0.417 0.033 0.003 0.036 22.788 0.011 22.794 24.613 0 24.808 25.767 0 25.762
0.066 0.003 0.067 0.032 0.004 0.036 22.999 0.012 23.006 24.49 0 24.486 24.694 0 24.687
0.058 0.00699999999999999 0.0640000000000001 0.031 0.003 0.0350000000000001 22.543 0.013 22.55 24.334 0 24.544 24.798 0 24.791
0.061 0.003 0.064 0.033 0.001 0.034 22.708 0.012 22.714 24.553 0 24.549 24.433 0 24.427
0.065 0.003 0.067 0.033 0.00199999999999999 0.036 22.598 0.01 22.601 24.355 0 24.35 24.225 0 24.22
0.061 0.003 0.065 0.034 0.002 0.036 23.197 0.018 23.209 24.887 0 24.882 24.758 0 24.753
0.059 0.005 0.065 0.034 0.001 0.034 24.547 0.016 24.558 26.289 0 26.282 26.288 0 26.282
0.063 0.004 0.067 0.033 0.003 0.035 22.603 0.013 22.61 24.329 0 24.324 24.2 0 24.195
0.092 0.002 0.0940000000000001 0.046 0.003 0.0489999999999999 30.518 0.024 30.577 32.935 0 32.974 32.677 0 32.716
0.062 0.005 0.067 0.036 0 0.035 22.575 0.013 22.583 24.02 0 24.015 23.753 0 23.747
0.073 0.004 0.077 0.035 0.003 0.038 24.312 0.014 24.337 26.195 0 26.207 26.039 0 26.049
0.063 0.005 0.068 0.033 0.002 0.035 22.902 0.01 22.907 24.703 0 24.697 24.569 0.001 24.565
0.063 0.005 0.069 0.036 0 0.035 22.647 0.014 22.656 24.437 0 24.432 24.308 0 24.302
0.061 0.001 0.062 0.032 0.003 0.035 21.882 0.013 21.89 23.781 0 23.776 23.99 0 23.984
0.065 0.005 0.166 0.03 0.005 0.0349999999999997 22.211 0.01 22.215 24.468 0 24.464 24.102 0 24.096
0.066 0.002 0.068 0.034 0.002 0.035 22.965 0.015 22.975 24.509 0 24.504 24.638 0 24.632
0.064 0.004 0.068 0.033 0.002 0.036 22.739 0.012 22.745 24.307 0 24.302 24.393 0 24.386
0.062 0.00699999999999999 0.749 0.033 0.003 0.036 22.571 0.016 22.581 24.346 0.001 24.498 25.143 0 25.165
0.06 0.007 0.068 0.033 0.003 0.035 22.229 0.013 22.237 23.974 0 23.969 23.82 0 23.814
0.062 0.005 0.068 0.034 0.002 0.036 22.567 0.011 22.573 24.336 0 24.331 24.211 0 24.205
0.062 0.003 0.064 0.034 0 0.035 23 0.015 23.01 24.728 0 24.722 24.633 0 24.629
0.065 0.002 0.067 0.034 0.002 0.036 22.515 0.011 22.52 24.341 0 24.336 24.232 0 24.226
0.085 0.00899999999999999 0.094 0.046 0.003 0.049 29.94 0.022 29.997 32.48 0 32.518 32.252 0 32.29
0.088 0.00499999999999999 0.0930000000000001 0.042 0.00700000000000001 0.0499999999999999 30.516 0.022 30.574 33.022 0 33.062 32.671 0 32.71
0.064 0.003 0.068 0.034 0.002 0.035 22.431 0.013 22.439 23.866 0 23.861 23.75 0 23.744
0.065 0.005 0.071 0.036 0 0.036 23.62 0.014 23.628 25.301 0 25.296 25.095 0 25.09
0.067 0.000999999999999994 0.068 0.034 0.001 0.035 22.724 0.012 22.731 24.505 0 24.5 24.382 0 24.376
0.07 0.00600000000000001 0.076 0.033 0.005 0.0379999999999999 24.228 0.012 24.234 26.205 0 26.199 25.806 0 25.801
0.064 0.003 0.067 0.033 0.003 0.036 22.431 0.011 22.437 24.026 0 24.021 24.059 0 24.053
0.063 0.00699999999999999 0.241 0.036 0.001 0.036 23.898 0.01 23.904 25.041 0 25.035 24.569 0.001 24.564
0.066 0.005 0.246 0.034 0.001 0.0349999999999999 23.035 0.015 23.045 24.815 0 24.812 24.446 0 24.441
0.086 0.005 0.0910000000000001 0.043 0.00499999999999999 0.0479999999999999 30.325 0.011 30.372 32.771 0 32.81 32.487 0 32.526
0.066 0.00199999999999999 0.068 0.034 0.001 0.035 22.29 0.013 22.297 24 0 23.996 23.855 0 23.85
0.061 0.006 0.068 0.032 0.004 0.036 22.416 0.014 22.425 24.007 0.000999999999999994 24.003 24.209 0 24.202
0.054 0.01 0.064 0.031 0.003 0.034 24.493 0.014 24.501 26.184 0 26.178 26.134 0 26.128
0.061 0.003 0.064 0.032 0.003 0.035 22.749 0.009 22.753 24.496 0 24.491 24.347 0 24.341
0.061 0.007 0.069 0.034 0.002 0.036 22.54 0.015 22.55 24.263 0 24.257 24.101 0 24.096
0.058 0.005 0.063 0.034 0.001 0.035 22.49 0.008 22.493 24.286 0 24.281 24.142 0 24.136
0.057 0.007 0.065 0.032 0.003 0.035 22.208 0.012 22.213 24.068 0 24.063 23.893 0 23.887
0.066 0.002 0.068 0.036 0 0.035 22.341 0.007 22.343 24.081 0 24.076 23.654 0 23.658
0.059 0.004 0.064 0.031 0.003 0.034 22.57 0.006 22.571 24.548 0 24.542 24.743 0 24.738
0.068 0.002 0.488 0.032 0.004 0.036 23.1 0.005 23.1 24.433 0 24.601 24.617 0 24.845
0.061 0.00600000000000001 0.067 0.033 0.00199999999999999 0.035 22.012 0.014 22.021 23.855 0 23.85 23.621 0 23.616
0.064 0.004 0.106 0.034 0.002 0.036 22.783 0.012 22.789 25.617 0 25.612 24.283 0 24.278
0.063 0.004 0.067 0.032 0.003 0.035 22.539 0.008 22.54 23.885 0 23.881 24.036 0 24.029
0.062 0.00799999999999999 1.312 0.035 0.001 0.036 23.493 0.014 23.501 25.322 0 25.534 24.639 0 24.636
0.058 0.009 0.067 0.032 0.004 0.036 22.741 0.01 22.745 24.612 0 24.607 24.412 0 24.407
0.086 0.004 0.0900000000000001 0.045 0.003 0.0479999999999999 31.058 0.013 31.107 33.503 0 33.542 33.234 0 33.274
0.09 0.005 0.0950000000000001 0.042 0.00699999999999999 0.0489999999999999 30.635 0.017 30.688 33.031 0 33.07 32.935 0 32.974
0.066 0.003 0.069 0.033 0.00199999999999999 0.035 23.119 0.018 23.132 24.516 0 24.51 24.313 0 24.308
0.067 0.002 0.069 0.033 0.002 0.035 22.496 0.01 22.5 24.255 0 24.25 24.124 0 24.118
0.065 0.003 0.068 0.034 0.002 0.036 22.598 0.014 22.607 24.333 0 24.328 24.209 0 24.203
0.062 0.006 0.091 0.035 0 0.036 22.73 0.01 22.735 24.554 0 24.549 24.426 0 24.42
0.064 0.00600000000000001 0.069 0.035 0 0.036 24.505 0.017 24.515 26.258 0 26.253 26.082 0 26.076
0.065 0.003 0.067 0.033 0.003 0.036 23.544 0.014 23.552 25.278 0 25.273 25.155 0 25.151
0.064 0.004 0.067 0.035 0 0.036 22.433 0.012 22.439 24.181 0 24.177 24.065 0 24.059
0.062 0.005 0.068 0.034 0.002 0.036 22.421 0.012 22.427 24.158 0 24.153 24.096 0 24.089
0.063 0.005 0.068 0.031 0.005 0.036 23.345 0.015 23.355 25.056 0 25.05 25.044 0 25.039
0.092 0.004 0.0960000000000001 0.045 0.005 0.0499999999999999 30.602 0.028 30.665 32.939 0.001 32.979 32.9 0 32.941
0.064 0.004 0.26 0.034 0.00199999999999999 0.036 23.012 0.013 23.019 25.282 0.001 25.355 24.546 0 24.56
0.065 0.002 0.067 0.033 0.003 0.036 22.404 0.015 22.413 23.837 0 23.832 23.688 0 23.682
0.061 0.003 0.064 0.032 0.002 0.034 22.898 0.01 22.903 24.771 0 24.766 24.729 0 24.724
0.066 0.002 0.068 0.033 0.003 0.035 22.862 0.011 22.869 24.567 0 24.562 24.48 0 24.474
0.061 0.003 0.064 0.034 0.001 0.035 22.555 0.011 22.56 24.439 0 24.434 24.275 0 24.268
0.062 0.005 0.067 0.032 0.004 0.036 22.515 0.008 22.518 24.219 0 24.214 24.159 0 24.153
0.066 0.003 0.071 0.033 0.003 0.036 23.045 0.008 23.048 24.823 0 24.817 24.705 0 24.7
0.061 0.007 0.068 0.031 0.005 0.036 23.197 0.013 23.204 24.921 0 24.916 24.772 0 24.766
0.066 0.005 0.382 0.032 0.004 0.0350000000000001 22.912 0.017 22.924 24.821 0.000999999999999987 24.818 24.606 0 24.601
0.061 0.00600000000000001 0.0670000000000001 0.035 0 0.0359999999999999 22.097 0.013 22.105 23.86 0 23.855 23.724 0 23.718
0.065 0.002 0.067 0.034 0.002 0.036 22.55 0.012 22.557 24.193 0 24.188 24.128 0 24.122
0.085 0.00699999999999999 0.0920000000000001 0.046 0.002 0.0479999999999999 29.651 0.017 29.722 31.458 0.001 31.529 31.009 0 31.046
0.065 0.003 0.067 0.033 0.003 0.036 22.206 0.013 22.214 23.986 0 23.982 23.746 0 23.739
0.061 0.006 0.068 0.03 0.005 0.035 22.671 0.012 22.677 24.407 0 24.402 24.296 0 24.291
0.065 0.004 0.069 0.034 0.001 0.035 22.588 0.012 22.595 24.316 0 24.311 24.187 0 24.181
0.06 0.004 0.063 0.032 0.00199999999999999 0.035 22.366 0.011 22.372 24.139 0 24.134 23.985 0 23.979
0.058 0.007 0.0860000000000001 0.031 0.004 0.0359999999999998 22.623 0.022 22.639 25.126 0 25.12 24.481 0 24.477
0.064 0.004 0.069 0.034 0.002 0.036 22.817 0.015 22.825 24.54 0 24.535 24.472 0 24.466
0.063 0.004 0.067 0.032 0.004 0.036 22.581 0.012 22.588 24.139 0 24.134 23.985 0 23.98
0.065 0.003 0.067 0.033 0.002 0.036 22.55 0.018 22.562 24.332 0 24.327 24.155 0 24.15
0.06 0.003 0.064 0.033 0.002 0.034 23.398 0.017 23.41 24.825 0 24.823 24.354 0 24.358
0.059 0.005 0.063 0.03 0.004 0.035 22.434 0.015 22.443 24.156 0 24.153 24.013 0 24.006
0.064 0.004 0.068 0.033 0.002 0.036 22.861 0.015 22.871 24.694 0 24.688 24.098 0 24.102
0.064 0.003 0.067 0.033 0.003 0.036 22.169 0.012 22.176 23.872 0 23.867 23.729 0 23.723
0.086 0.00900000000000001 0.0940000000000001 0.046 0.00299999999999999 0.0489999999999999 30.484 0.015 30.534 32.861 0 32.901 32.803 0 32.842
0.062 0.005 0.068 0.033 0.003 0.035 22.866 0.009 22.869 24.626 0 24.621 24.488 0.001 24.484
0.063 0.003 0.089 0.033 0.002 0.035 22.944 0.015 22.955 24.875 0 24.868 25.266 0 25.262
0.063 0.005 0.067 0.031 0.005 0.035 23.647 0.016 23.658 25.296 0 25.29 25.215 0 25.209
0.062 0.006 0.068 0.036 0 0.036 22.831 0.012 22.838 24.588 0 24.582 24.431 0 24.426
0.072 0.002 0.113 0.034 0.00199999999999999 0.0359999999999999 23.657 0.016 23.668 25.468 0 25.462 25.245 0 25.239
0.066 0.00199999999999999 0.0690000000000001 0.032 0.004 0.0349999999999999 22.422 0.014 22.431 24.237 0 24.231 24.07 0 24.065
0.054 0.009 0.063 0.031 0.004 0.035 22.481 0.01 22.486 24.235 0 24.23 24.037 0 24.032
0.06 0.004 0.064 0.032 0.002 0.035 23.391 0.015 23.401 25.186 0 25.179 25.079 0 25.074
0.07 0.005 0.074 0.032 0.003 0.035 22.984 0.016 22.995 24.784 0 24.779 24.611 0 24.606
0.057 0.006 0.063 0.033 0.00199999999999999 0.035 23.351 0.014 23.36 25.075 0 25.069 24.967 0 24.962
0.059 0.004 0.063 0.03 0.004 0.034 21.975 0.013 21.982 23.841 0 23.837 24.108 0 24.102
0.059 0.007 0.124 0.034 0.000999999999999994 0.0349999999999999 22.768 0.00900000000000001 22.772 24.435 0 24.428 24.263 0 24.257
0.059 0.007 0.0670000000000001 0.031 0.005 0.035 22.758 0.015 22.767 25.68 0.001 25.676 24.412 0 24.408
0.065 0.00299999999999999 0.0700000000000001 0.031 0.004 0.0349999999999999 23.327 0.014 23.335 25.032 0 25.027 25.034 0 25.029
0.058 0.007 0.0860000000000001 0.031 0.004 0.0349999999999999 23.072 0.007 23.074 25.243 0 25.238 24.606 0 24.6
0.067 0.00199999999999999 0.069 0.032 0.004 0.036 23.676 0.016 23.686 25.41 0 25.404 25.349 0 25.344
0.062 0.006 0.067 0.029 0.00600000000000001 0.035 22.756 0.015 22.765 24.368 0 24.364 24.286 0 24.285
0.066 0.00199999999999999 0.067 0.034 0.001 0.035 22.304 0.015 22.314 24.107 0.001 24.103 23.99 0 23.985
0.065 0.002 0.0670000000000001 0.028 0.008 0.0349999999999999 22.53 0.015 22.541 24.307 0 24.302 24.168 0 24.161
0.062 0.006 0.068 0.036 0 0.036 22.652 0.016 22.662 24.218 0 24.214 23.928 0 23.921
0.066 0.003 0.068 0.032 0.004 0.036 22.749 0.011 22.755 24.483 0 24.485 23.869 0 23.867
0.064 0.004 0.068 0.035 0.000999999999999994 0.036 23.686 0.009 23.689 24.933 0 24.928 24.84 0 24.835
0.067 0.003 0.07 0.033 0.003 0.036 22.822 0.017 22.834 24.563 0 24.557 24.41 0 24.405
0.064 0.004 0.068 0.034 0.002 0.036 22.953 0.015 22.962 24.694 0 24.689 24.53 0 24.525
0.057 0.007 0.0630000000000001 0.031 0.003 0.0349999999999999 22.359 0.01 22.363 24.139 0 24.135 24.003 0 23.997
0.053 0.01 0.064 0.031 0.003 0.034 22.12 0.015 22.129 24.025 0 24.02 24.296 0 24.289
0.062 0.002 0.063 0.03 0.005 0.035 22.518 0.014 22.527 24.291 0 24.287 24.148 0 24.141
0.058 0.006 0.064 0.031 0.003 0.035 22.709 0.01 22.713 24.436 0 24.436 23.78 0.001 23.786
0.066 0.004 0.231 0.032 0.003 0.0349999999999999 22.582 0.011 22.587 25.456 0 25.45 24.126 0 24.121
0.063 0.004 0.068 0.035 0.000999999999999994 0.036 22.703 0.019 22.715 24.446 0 24.441 24.238 0.001 24.234
0.065 0.005 0.739 0.034 0.003 0.036 22.752 0.014 22.76 24.683 0 24.754 25.283 0 25.301
0.063 0.004 0.067 0.034 0.001 0.036 22.464 0.016 22.473 24.13 0 24.126 24.032 0 24.026
0.063 0.004 0.068 0.036 0 0.035 22.362 0.012 22.369 24.16 0 24.156 24.032 0 24.025
0.059 0.004 0.063 0.032 0.003 0.034 22.119 0.01 22.125 24.004 0 23.998 23.943 0 23.938
0.063 0.005 0.0700000000000001 0.033 0.002 0.0349999999999999 22.581 0.013 22.589 24.259 0 24.254 24.125 0 24.119
0.061 0.003 0.0659999999999998 0.033 0.002 0.0350000000000001 22.52 0.01 22.525 25.347 0 25.341 24.067 0 24.062
0.062 0.005 0.0669999999999999 0.032 0.00299999999999999 0.036 22.666 0.015 22.674 24.439 0.001 24.436 24.318 0 24.312
0.068 0.001 0.068 0.029 0.00600000000000001 0.036 23.507 0.00899999999999999 23.509 25.198 0 25.193 25.068 0 25.063
0.064 0.001 0.135 0.033 0.003 0.036 23.2 0.01 23.204 25.025 0 25.02 25.123 0 25.118
0.067 0.003 0.07 0.033 0.003 0.036 22.449 0.015 22.459 23.852 0 23.858 23.323 0 23.326
0.067 0.005 0.071 0.034 0.001 0.036 22.89 0.018 22.904 24.554 0 24.548 24.395 0 24.396
0.065 0.003 0.0670000000000001 0.033 0.002 0.0359999999999999 22.451 0.009 22.455 24.12 0 24.113 23.985 0 23.979
0.059 0.004 0.063 0.031 0.004 0.034 22.401 0.015 22.411 24.297 0 24.292 24.115 0 24.109
0.06 0.005 0.064 0.031 0.003 0.034 22.554 0.00899999999999999 22.558 24.349 0 24.344 24.186 0 24.18
0.065 0.003 0.067 0.034 0.002 0.036 22.658 0.02 22.673 24.099 0 24.094 23.924 0 23.919
0.061 0.007 0.068 0.033 0.003 0.036 22.379 0.013 22.388 24.059 0 24.053 23.916 0 23.91
0.064 0.00600000000000001 0.07 0.034 0.002 0.036 22.434 0.01 22.44 24.175 0 24.169 24.027 0 24.021
0.06 0.007 0.067 0.034 0.001 0.036 22.437 0.015 22.446 24.202 0 24.198 24.045 0 24.038
0.066 0.003 0.071 0.036 0 0.036 23.02 0.012 23.027 25.988 0 25.983 24.732 0 24.726
0.062 0.006 0.068 0.034 0.001 0.035 22.411 0.014 22.42 24.283 0 24.278 24.153 0 24.148
0.0679999999999999 0.004 0.099 0.033 0.003 0.036 22.594 0.019 22.608 24.47 0 24.465 25.355 0 25.35
0.065 0.00600000000000001 0.934 0.035 0.001 0.036 23.927 0.016 23.938 25.717 0.001 25.717 25.322 0 25.316
0.057 0.005 0.062 0.033 0.002 0.035 21.957 0.012 21.964 23.68 0 23.68 23.405 0 23.41
0.0679999999999999 0.001 0.072 0.033 0.003 0.036 22.808 0.017 22.82 24.605 0 24.6 25.594 0 25.588
0.062 0.006 0.068 0.033 0.003 0.036 22.645 0.009 22.649 24.559 0 24.553 24.398 0 24.393
0.064 0.003 0.067 0.034 0.001 0.036 22.334 0.015 22.343 24.183 0 24.178 24.071 0 24.065
0.054 0.01 0.064 0.031 0.004 0.035 22.538 0.012 22.545 24.358 0 24.352 24.213 0 24.207
0.06 0.005 0.0660000000000001 0.034 0.001 0.0349999999999999 22.114 0.013 22.123 23.853 0 23.848 23.872 0 23.865
0.063 0.005 0.067 0.033 0.002 0.035 22.475 0.011 22.486 23.571 0 23.573 23.338 0 23.339
0.062 0.006 0.068 0.034 0.002 0.035 23.699 0.014 23.708 25.425 0 25.419 24.842 0 24.847
0.063 0.005 0.069 0.032 0.004 0.036 22.908 0.013 22.914 24.518 0 24.514 24.415 0 24.409
0.064 0.005 0.092 0.031 0.005 0.035 22.513 0.011 22.52 24.303 0 24.299 24.175 0 24.169
0.064 0.004 0.068 0.034 0.002 0.036 22.558 0.00899999999999999 22.562 24.351 0 24.345 24.2 0 24.194
0.066 0.003 0.0680000000000001 0.035 0.001 0.0359999999999999 22.722 0.021 22.738 24.497 0 24.492 24.439 0 24.431
0.063 0.004 0.067 0.032 0.003 0.035 22.128 0.012 22.135 23.889 0 23.884 23.817 0 23.811
0.062 0.006 0.068 0.032 0.004 0.036 23.608 0.013 23.615 25.271 0 25.265 25.082 0 25.077
0.063 0.004 0.067 0.036 0 0.036 23.349 0.014 23.358 25.232 0 25.226 25.106 0 25.101
0.059 0.005 0.064 0.033 0.002 0.035 22.52 0.009 22.523 24.424 0 24.424 24.066 0 24.069
0.06 0.005 0.083 0.032 0.003 0.034 22.587 0.017 22.599 24.473 0 24.467 25.459 0 25.454
0.063 0.005 0.082 0.029 0.00600000000000001 0.036 23.515 0.015 23.524 25.174 0 25.168 25.165 0 25.161
0.064 0.003 0.067 0.03 0.006 0.036 22.631 0.01 22.635 24.26 0 24.26 23.439 0 23.439
0.063 0.005 0.067 0.034 0.00199999999999999 0.036 22.436 0.00700000000000001 22.438 24.13 0 24.125 24.017 0 24.011
0.057 0.007 0.064 0.032 0.002 0.035 22.728 0.01 22.732 24.536 0 24.531 24.345 0 24.339
0.062 0.005 0.068 0.034 0.002 0.035 23.438 0.008 23.44 25.086 0 25.088 24.556 0 24.557
0.063 0.005 0.067 0.032 0.003 0.036 22.767 0.008 22.77 24.463 0 24.457 24.396 0 24.391
0.063 0.004 0.068 0.034 0.002 0.035 22.396 0.011 22.402 24.153 0 24.147 24.015 0 24.01
0.065 0.003 0.0680000000000001 0.033 0.003 0.0359999999999999 23.334 0.01 23.337 25.097 0 25.092 24.973 0 24.968
0.063 0.004 0.067 0.035 0.001 0.036 22.473 0.019 22.486 23.928 0 23.93 23.21 0 23.213
0.064 0.003 0.066 0.033 0.00199999999999999 0.035 22.929 0.009 22.932 24.69 0.01 24.696 24.568 0.011 24.574
0.063 0.004 0.067 0.033 0.00199999999999999 0.035 22.641 0.014 22.65 24.388 0 24.382 24.243 0 24.238
0.076 0.003 0.0790000000000001 0.034 0.004 0.0379999999999999 22.964 0.00800000000000001 22.967 24.459 0 24.454 24.338 0 24.332
0.064 0.00600000000000001 0.0940000000000001 0.034 0.000999999999999994 0.0349999999999999 23.647 0.018 23.66 24.279 0 24.274 24.207 0 24.202
0.067 0.005 0.0730000000000001 0.036 0.003 0.0389999999999999 27.509 0.019 27.522 29.154 0 29.148 29.179 0 29.173
0.066 0.005 0.363 0.035 0.002 0.036 22.951 0.012 22.958 24.195 0 24.37 24.352 0 24.375
0.064 0.00600000000000001 0.283 0.033 0.003 0.036 22.885 0.00900000000000001 22.888 25.43 0 25.449 24.775 0 24.77
0.058 0.00600000000000001 0.063 0.031 0.004 0.035 22.734 0.01 22.739 24.56 0 24.554 24.416 0 24.41
0.066 0.001 0.068 0.035 0.001 0.035 22.273 0.018 22.286 24.16 0 24.154 23.966 0 23.96
0.062 0.005 0.068 0.035 0.001 0.036 22.445 0.008 22.448 24.112 0 24.107 23.877 0 23.881
0.064 0.004 0.068 0.034 0.001 0.035 22.687 0.017 22.699 24.482 0 24.477 24.348 0 24.347
0.061 0.006 0.068 0.036 0 0.035 22.372 0.01 22.379 24.177 0 24.171 24.032 0 24.028
0.058 0.005 0.064 0.03 0.005 0.035 22.516 0.007 22.517 24.465 0 24.459 24.331 0 24.326
0.065 0.003 0.068 0.031 0.004 0.036 22.876 0.011 22.881 24.553 0 24.548 24.31 0 24.303
0.064 0.007 0.071 0.032 0.004 0.036 23.118 0.017 23.129 24.787 0 24.782 24.627 0 24.621
0.067 0.005 0.072 0.034 0.002 0.036 22.742 0.012 22.75 24.455 0 24.449 24.324 0 24.318
0.06 0.005 0.088 0.03 0.004 0.035 23.499 0.011 23.505 25.27 0 25.265 25.197 0 25.192
0.066 0.00199999999999999 0.068 0.034 0.002 0.035 23.371 0.019 23.384 25.174 0 25.17 25.167 0 25.162
0.058 0.005 0.064 0.033 0.00199999999999999 0.034 22.633 0.014 22.642 24.429 0 24.424 24.191 0 24.186
0.062 0.005 0.067 0.036 0 0.035 22.34 0.017 22.355 24.083 0 24.08 23.938 0 23.935
0.067 0.000999999999999994 0.068 0.033 0.002 0.035 22.967 0.011 22.972 24.676 0 24.671 24.546 0 24.541
0.066 0.002 0.068 0.033 0.003 0.035 22.96 0.013 22.968 24.737 0 24.733 24.566 0 24.56
0.066 0.005 0.07 0.035 0 0.035 22.989 0.015 22.999 24.753 0.001 24.749 24.599 0 24.593
0.061 0.006 0.067 0.033 0.003 0.036 22.322 0.014 22.332 24.039 0 24.033 23.898 0 23.892
0.066 0.003 0.12 0.032 0.003 0.036 22.709 0.01 22.713 24.569 0 24.564 24.421 0 24.415
0.063 0.004 0.067 0.032 0.004 0.036 22.751 0.016 22.761 24.544 0 24.539 24.41 0 24.404
0.061 0.007 0.069 0.033 0.003 0.036 23.222 0.014 23.231 24.784 0 24.778 24.612 0 24.607
0.061 0.005 0.0680000000000001 0.036 0 0.0359999999999998 22.815 0.012 22.822 24.611 0 24.605 25.565 0 25.56
0.073 0.003 0.0800000000000001 0.036 0.008 0.046 23.998 0.095 24.311 24.641 0 24.638 24.812 0 24.806
0.065 0.006 0.0770000000000001 0.033 0.003 0.036 22.693 0.013 22.701 25.215 0 25.21 24.641 0 24.635
0.061 0.005 0.067 0.034 0.001 0.035 22.406 0.022 22.423 24.235 0 24.23 24.089 0 24.082
0.067 0.002 0.069 0.034 0.002 0.035 22.861 0.012 22.868 24.655 0 24.65 24.537 0 24.531
0.057 0.007 0.064 0.032 0.002 0.034 23.322 0.009 23.325 25.119 0 25.114 25.018 0 25.013
0.062 0.006 0.068 0.033 0.003 0.036 22.252 0.011 22.257 24.153 0 24.15 23.99 0 23.984
0.064 0.003 0.068 0.033 0.002 0.035 23.129 0.011 23.135 24.861 0 24.855 24.734 0 24.729
0.066 0.003 0.069 0.034 0.00199999999999999 0.036 23.174 0.00600000000000001 23.174 24.834 0 24.829 24.751 0 24.746
0.063 0.004 0.067 0.032 0.004 0.036 22.267 0.00600000000000001 22.268 23.973 0 23.969 23.831 0 23.825
0.067 0.001 0.0690000000000001 0.035 0.001 0.0359999999999999 23.098 0.013 23.106 24.726 0 24.721 24.65 0 24.646
0.06 0.006 0.198 0.032 0.002 0.034 22.347 0.013 22.355 24.174 0 24.169 24.622 0 24.616
0.069 0 0.069 0.032 0.003 0.036 23.031 0.014 23.039 24.818 0.00199999999999999 24.815 24.731 0 24.727
0.058 0.006 0.064 0.031 0.003 0.034 22.444 0.00900000000000001 22.447 24.419 0.001 24.415 24.286 0 24.28
0.061 0.006 0.067 0.032 0.003 0.036 22.644 0.012 22.65 24.396 0 24.39 24.13 0 24.125
0.065 0.005 0.07 0.033 0.003 0.036 24.907 0.019 24.92 26.59 0 26.584 26.436 0 26.43
0.065 0.003 0.068 0.036 0 0.036 23.225 0.013 23.232 24.951 0 24.946 24.839 0 24.834
0.068 0.001 0.106 0.033 0.003 0.0359999999999999 22.845 0.019 22.859 24.598 0 24.593 24.444 0 24.439
0.064 0.004 0.068 0.031 0.005 0.036 22.7 0.01 22.704 24.555 0 24.55 24.435 0 24.429
0.063 0.005 0.067 0.031 0.004 0.035 22.036 0.008 22.04 23.89 0 23.885 23.751 0 23.745
0.057 0.006 0.063 0.03 0.004 0.034 22.448 0.022 22.465 24.184 0 24.178 24.084 0 24.079
0.06 0.007 0.067 0.035 0.001 0.036 22.31 0.02 22.324 24.032 0 24.027 23.729 0 23.732
0.065 0.003 0.068 0.033 0.002 0.036 22.614 0.018 22.626 24.333 0 24.328 24.219 0 24.212
0.06 0.007 0.067 0.03 0.006 0.036 22.254 0.01 22.259 24.018 0 24.013 23.894 0 23.888
0.065 0.003 0.069 0.034 0.00199999999999999 0.035 22.551 0.009 22.555 24.293 0 24.288 24.139 0 24.133
0.06 0.005 0.066 0.034 0.001 0.0349999999999999 22.49 0.01 22.496 24.313 0 24.308 24.069 0 24.064
0.064 0.004 0.068 0.034 0.00199999999999999 0.036 22.705 0.013 22.713 24.464 0 24.459 24.339 0 24.333
0.061 0.003 0.064 0.032 0.003 0.034 22.635 0.017 22.647 24.436 0 24.432 24.329 0 24.322
0.062 0.00600000000000001 0.221 0.032 0.004 0.036 23.082 0.014 23.09 25.869 0 25.864 25.07 0 25.064
0.058 0.00899999999999999 0.218 0.035 0 0.0349999999999999 22.603 0.018 22.616 25.018 0 25.012 24.291 0 24.286
0.08 0.005 0.087 0.034 0.003 0.037 22.73 0.012 22.738 24.306 0 24.3 24.607 0 24.601
0.067 0.005 0.731 0.033 0.003 0.036 22.655 0.014 22.664 24.754 0.001 24.796 24.683 0 24.698
0.065 0.00600000000000001 0.141 0.032 0.004 0.036 23.552 0.015 23.561 24.407 0.001 24.404 24.183 0 24.177
0.063 0.005 0.0679999999999999 0.035 0.001 0.036 22.869 0.013 22.876 24.609 0 24.605 24.531 0 24.526
0.067 0.001 0.067 0.035 0 0.036 22.275 0.013 22.281 23.779 0 23.775 23.915 0 23.909
0.067 0.001 0.067 0.032 0.003 0.036 23.061 0.01 23.066 24.841 0 24.835 24.636 0 24.631
0.066 0.002 0.068 0.031 0.005 0.036 22.276 0.014 22.284 24.057 0 24.053 23.946 0 23.94
0.067 0.001 0.068 0.035 0 0.036 22.449 0.014 22.457 24.301 0 24.296 24.077 0 24.071
0.065 0.003 0.068 0.034 0.00199999999999999 0.035 23.012 0.012 23.02 24.726 0.001 24.722 24.624 0 24.62
0.057 0.007 0.088 0.033 0.003 0.035 22.354 0.012 22.377 24.137 0 24.149 23.979 0 23.99
0.064 0.004 0.069 0.037 0 0.036 24.871 0.017 24.882 26.747 0 26.742 26.518 0 26.511
0.064 0.002 0.0659999999999999 0.032 0.003 0.035 22.41 0.011 22.415 24.104 0 24.1 23.989 0 23.983
0.061 0.007 0.068 0.032 0.004 0.035 22.963 0.016 22.973 24.674 0.001 24.67 24.526 0 24.522
0.064 0.004 0.068 0.033 0.00199999999999999 0.036 22.713 0.012 22.718 24.287 0 24.282 24.453 0 24.447
0.059 0.005 0.063 0.03 0.004 0.035 22.351 0.014 22.358 24.166 0.001 24.163 23.964 0 23.958
0.066 0.00199999999999999 0.0679999999999999 0.035 0 0.035 22.492 0.013 22.499 24.128 0 24.123 23.798 0 23.791
0.06 0.008 0.068 0.03 0.005 0.036 22.543 0.02 22.557 24.261 0 24.255 23.815 0 23.81
0.062 0.006 0.069 0.033 0.002 0.035 22.405 0.011 22.41 24.135 0 24.13 23.999 0 23.993
0.06 0.008 0.068 0.033 0.002 0.036 22.495 0.014 22.503 24.239 0 24.234 24.116 0.001 24.111
0.065 0.003 0.0680000000000001 0.035 0.00199999999999999 0.0359999999999999 22.832 0.005 22.832 24.624 0 24.621 24.511 0 24.505
0.062 0.003 0.064 0.032 0.002 0.035 22.561 0.015 22.571 24.523 0 24.518 24.379 0 24.372
0.066 0.002 0.067 0.032 0.003 0.035 22.447 0.018 22.46 24.192 0 24.187 23.924 0 23.919
0.067 0 0.066 0.034 0.002 0.036 22.655 0.015 22.664 24.36 0 24.355 24.269 0 24.263
0.064 0.005 0.068 0.032 0.003 0.035 22.6 0.00900000000000001 22.604 24.324 0 24.319 24.246 0 24.24
0.063 0.006 0.0710000000000001 0.035 0.001 0.035 23.569 0.003 23.566 25.272 0 25.267 25.151 0 25.146
0.06 0.003 0.0649999999999999 0.032 0.003 0.0349999999999999 22.366 0.00700000000000001 22.368 24.178 0 24.173 24.343 0 24.337
0.066 0.004 0.073 0.034 0.002 0.036 22.835 0.01 22.839 25.355 0 25.349 24.722 0.001 24.719
0.064 0.003 0.069 0.031 0.005 0.036 22.971 0.013 22.978 25.284 0 25.279 24.656 0 24.65
0.066 0.005 0.094 0.031 0.004 0.036 22.604 0.014 22.612 25.375 0 25.371 24.104 0 24.099
0.065 0.006 0.077 0.034 0.002 0.035 22.942 0.014 22.951 24.796 0 24.829 24.353 0.001 24.352
0.064 0.004 0.068 0.035 0.001 0.036 22.778 0.016 22.789 24.515 0.001 24.512 24.383 0 24.377
0.061 0.00700000000000001 0.068 0.034 0.001 0.035 22.602 0.011 22.609 24.401 0.001 24.397 24.285 0 24.279
0.063 0.005 0.068 0.036 0 0.036 22.279 0.021 22.295 24.13 0 24.127 23.995 0 23.99
0.062 0.005 0.068 0.035 0 0.035 22.988 0.012 22.995 24.712 0 24.707 24.578 0 24.572
0.066 0.003 0.069 0.031 0.005 0.035 22.733 0.008 22.736 24.496 0 24.491 24.349 0 24.344
0.067 0.001 0.068 0.032 0.004 0.035 22.341 0.00800000000000001 22.345 24.105 0 24.1 23.971 0 23.965
0.064 0.003 0.067 0.034 0.002 0.036 22.546 0.015 22.556 24.269 0 24.263 24.193 0 24.186
0.066 0.003 0.092 0.032 0.004 0.036 23.571 0.011 23.576 25.029 0 25.024 24.863 0 24.858
0.062 0.006 0.068 0.035 0.001 0.036 22.744 0.01 22.748 24.437 0 24.432 24.375 0 24.368
0.064 0.004 0.067 0.034 0.001 0.036 22.715 0.012 22.722 24.603 0 24.597 24.452 0 24.445
0.067 0.005 0.072 0.037 0.002 0.039 27.585 0.012 27.591 29.318 0 29.312 29.109 0 29.103
0.061 0.008 0.07 0.031 0.005 0.036 22.467 0.014 22.476 24.243 0 24.238 24.088 0 24.082
0.066 0.005 0.071 0.034 0.001 0.035 22.651 0.009 22.654 24.398 0 24.394 24.222 0 24.216
0.065 0.003 0.069 0.035 0.001 0.035 22.71 0.015 22.72 24.382 0 24.377 24.33 0 24.324
0.058 0.006 0.063 0.033 0.002 0.034 22.65 0.012 22.658 24.414 0 24.409 24.31 0 24.306
0.067 0.002 0.069 0.033 0.003 0.036 22.598 0.01 22.602 24.318 0 24.313 24.187 0 24.181
0.063 0.004 0.067 0.032 0.004 0.036 22.313 0.013 22.322 24.075 0 24.069 23.943 0 23.937
0.06 0.005 0.065 0.031 0.003 0.035 23.508 0.013 23.515 25.343 0 25.338 25.211 0 25.206
0.063 0.004 0.067 0.033 0.003 0.036 22.442 0.016 22.452 24.184 0 24.18 23.966 0 23.96
0.067 0.001 0.068 0.033 0.003 0.036 22.774 0.017 22.786 24.552 0 24.546 24.433 0 24.428
0.064 0.004 0.068 0.034 0.00199999999999999 0.036 23.397 0.007 23.399 25.042 0 25.037 25.013 0 25.007
0.058 0.006 0.0630000000000001 0.032 0.002 0.0349999999999999 23.008 0.016 23.019 24.532 0 24.534 24.009 0 24.012
0.064 0.004 0.281 0.036 0 0.036 22.588 0.005 22.588 24.264 0 24.26 24.253 0 24.246
0.061 0.003 0.064 0.029 0.006 0.035 22.676 0.015 22.685 24.481 0 24.476 24.292 0 24.286
0.061 0.003 0.087 0.033 0.002 0.035 22.239 0.015 22.248 23.991 0 23.986 24.205 0 24.2
0.066 0.003 0.354 0.032 0.003 0.0349999999999999 23.332 0.013 23.34 25.003 0 24.997 24.792 0 24.788
0.063 0.004 0.354 0.036 0 0.0359999999999998 23.005 0.013 23.012 24.839 0 24.834 24.689 0 24.684
0.058 0.005 0.063 0.032 0.003 0.035 22.613 0.016 22.624 24.408 0 24.403 24.276 0 24.27
0.065 0.003 0.067 0.032 0.003 0.036 22.439 0.007 22.441 24.155 0 24.15 23.968 0 23.962
0.065 0.003 0.069 0.032 0.004 0.036 23.521 0.015 23.53 25.268 0 25.263 25.159 0 25.154
0.065 0.003 0.0700000000000001 0.033 0.003 0.036 22.332 0.011 22.338 23.712 0 23.707 23.852 0 23.846
0.061 0.006 0.067 0.035 0.001 0.036 22.725 0.012 22.732 24.363 0 24.357 24.328 0 24.322
0.063 0.004 0.068 0.032 0.004 0.035 22.47 0.02 22.484 24.245 0.002 24.243 24.1 0 24.094
0.067 0.007 0.073 0.035 0.003 0.038 27.523 0.014 27.531 29.209 0.001 29.203 28.75 0 28.745
0.065 0.003 0.068 0.035 0.001 0.035 22.651 0.009 22.655 24.465 0 24.459 24.316 0 24.31
0.064 0.003 0.068 0.034 0.00199999999999999 0.035 22.526 0.00600000000000001 22.528 24.413 0 24.407 24.232 0 24.226
0.063 0.004 0.067 0.028 0.00700000000000001 0.035 22.142 0.013 22.149 24.116 0 24.112 24.196 0 24.19
0.065 0.003 0.067 0.033 0.002 0.036 22.865 0.012 22.871 24.64 0 24.634 24.553 0 24.549
0.064 0.004 0.087 0.033 0.003 0.036 22.687 0.014 22.696 24.131 0 24.126 24.341 0 24.335
0.06 0.003 0.063 0.029 0.005 0.034 22.095 0.013 22.102 24.018 0 24.014 24.251 0.001 24.245
0.061 0.00600000000000001 0.067 0.034 0.00199999999999999 0.036 22.156 0.011 22.162 24.039 0.001 24.035 23.933 0 23.927
0.066 0.00199999999999999 0.076 0.034 0.002 0.036 22.691 0.014 22.7 24.487 0 24.482 24.361 0 24.355
0.059 0.004 0.063 0.032 0.003 0.035 22.441 0.013 22.448 24.29 0 24.284 24.12 0 24.114
0.061 0.007 0.067 0.031 0.004 0.036 22.731 0.012 22.738 24.528 0 24.522 24.376 0 24.37
0.061 0.007 0.068 0.034 0.002 0.035 22.492 0.015 22.503 24.227 0 24.221 24.088 0 24.082
0.065 0.004 0.0880000000000001 0.033 0.003 0.0349999999999999 22.296 0.015 22.306 24.132 0 24.127 24.14 0 24.134
0.063 0.00600000000000001 0.0710000000000001 0.036 0 0.0359999999999999 22.767 0.011 22.773 24.188 0 24.183 24.424 0 24.418
0.068 0.004 0.312 0.032 0.004 0.036 23.211 0.01 23.217 25.48 0 25.475 24.918 0 24.912
0.06 0.00800000000000001 0.314 0.034 0.00199999999999999 0.036 22.954 0.016 22.964 24.49 0.001 24.507 24.196 0 24.19
0.064 0.003 0.067 0.033 0.002 0.035 21.693 0.017 21.714 23.093 0 23.103 22.868 0 22.864
0.054 0.009 0.063 0.031 0.003 0.034 22.626 0.00900000000000001 22.63 24.387 0 24.382 24.27 0 24.263
0.061 0.004 0.065 0.034 0.001 0.035 22.328 0.014 22.336 24.238 0 24.234 24.033 0 24.027
0.064 0.004 0.068 0.033 0.002 0.035 22.554 0.01 22.558 23.972 0 23.967 23.768 0.000999999999999994 23.764
0.062 0.005 0.067 0.03 0.005 0.035 22.402 0.017 22.413 24.227 0 24.222 24.085 0 24.079
0.0669999999999999 0.002 0.069 0.034 0.00199999999999999 0.036 23.625 0.013 23.633 25.282 0 25.276 25.175 0 25.17
0.065 0.002 0.068 0.034 0.002 0.035 22.354 0.012 22.361 24.089 0 24.085 23.995 0 23.989
0.065 0.003 0.107 0.035 0.001 0.036 22.584 0.013 22.592 24.023 0.019 24.038 23.842 0 23.836
0.067 0.004 0.071 0.032 0.004 0.036 22.844 0.016 22.855 24.585 0 24.58 24.423 0 24.417
0.061 0.007 0.068 0.034 0.002 0.036 23.062 0.012 23.068 24.724 0 24.72 24.618 0 24.613
0.062 0.00600000000000001 0.068 0.032 0.004 0.036 22.798 0.011 22.803 24.363 0 24.358 24.276 0 24.271
0.063 0.006 0.0700000000000001 0.036 0 0.036 22.581 0.012 22.588 24.229 0 24.224 24.105 0 24.099
0.061 0.004 0.065 0.034 0.001 0.035 22.532 0.008 22.535 24.295 0 24.29 24.175 0 24.169
0.059 0.005 0.0639999999999999 0.034 0.001 0.034 23.029 0.007 23.032 24.699 0 24.694 24.629 0 24.624
0.057 0.00600000000000001 0.063 0.032 0.002 0.035 23.5 0.00899999999999999 23.503 25.138 0 25.134 24.604 0 24.609
0.062 0.002 0.064 0.033 0.001 0.034 22.38 0.015 22.388 24.23 0 24.226 24.516 0 24.51
0.063 0.000999999999999994 0.063 0.033 0.002 0.035 22.82 0.02 22.834 24.548 0 24.543 24.519 0 24.512
0.063 0.004 0.067 0.033 0.003 0.036 22.628 0.007 22.63 24.344 0.001 24.34 24.223 0 24.218
0.063 0.004 0.067 0.031 0.004 0.036 22.447 0.015 22.457 24.124 0.002 24.121 24.001 0 23.995
0.058 0.005 0.063 0.031 0.004 0.034 22.397 0.011 22.402 24.174 0 24.169 24.047 0 24.041
0.066 0.003 0.071 0.034 0.002 0.0350000000000001 22.911 0.012 22.918 24.68 0 24.674 24.715 0 24.709
0.062 0.004 0.09 0.031 0.004 0.035 22.679 0.01 22.684 24.489 0 24.484 24.722 0 24.716
0.063 0.00499999999999999 0.434 0.034 0.002 0.036 22.843 0.01 22.848 24.385 0 24.38 24.538 0.000999999999999987 24.532
0.064 0.003 0.456 0.033 0.003 0.036 22.352 0.00799999999999999 22.356 24.14 0.001 24.162 24.418 0 24.485
0.06 0.005 0.065 0.03 0.004 0.034 22.637 0.016 22.648 24.488 0 24.483 24.327 0 24.321
0.065 0.002 0.067 0.034 0.002 0.036 22.654 0.012 22.66 24.469 0 24.464 24.332 0 24.327
0.06 0.007 0.067 0.032 0.003 0.036 22.383 0.015 22.393 23.843 0 23.838 23.654 0 23.648
0.064 0.003 0.066 0.035 0 0.036 22.482 0.01 22.486 24.256 0 24.251 24.124 0 24.117
0.062 0.006 0.069 0.031 0.004 0.035 22.513 0.01 22.517 24.265 0.001 24.26 24.14 0 24.136
0.064 0.004 0.067 0.034 0.001 0.036 22.089 0.014 22.097 23.941 0 23.937 23.779 0 23.772
0.064 0.003 0.089 0.031 0.004 0.036 22.319 0.013 22.327 23.793 0 23.788 23.91 0 23.904
0.07 0.002 0.072 0.032 0.004 0.035 22.649 0.014 22.658 24.459 0 24.453 24.291 0 24.286
0.063 0.004 0.067 0.033 0.003 0.036 22.664 0.012 22.671 24.418 0 24.413 24.266 0 24.26
0.065 0.003 0.069 0.032 0.004 0.035 22.242 0.022 22.26 24.097 0 24.092 23.93 0 23.923
0.066 0.00199999999999999 0.068 0.033 0.002 0.035 22.449 0.012 22.455 24.141 0 24.136 24.059 0 24.053
0.066 0.003 0.0700000000000001 0.035 0.000999999999999994 0.0359999999999999 22.274 0.00800000000000001 22.277 24.037 0 24.032 23.916 0 23.91
0.056 0.008 0.064 0.031 0.004 0.035 22.575 0.016 22.586 24.333 0 24.328 24.167 0.001 24.162
0.061 0.00800000000000001 0.069 0.033 0.00199999999999999 0.035 23.58 0.019 23.594 25.467 0 25.461 25.349 0 25.345
0.072 0.002 0.074 0.037 0.002 0.039 27.874 0.015 27.883 29.498 0 29.491 29.025 0 29.02
0.066 0.001 0.068 0.033 0.003 0.036 22.835 0.006 22.836 24.542 0 24.536 24.409 0 24.404
0.065 0.003 0.068 0.032 0.004 0.036 23.04 0.01 23.044 24.674 0 24.671 24.122 0 24.121
0.062 0.006 0.093 0.032 0.004 0.036 22.637 0.016 22.647 24.397 0 24.392 24.206 0 24.199
0.064 0.005 0.225 0.033 0.002 0.036 24.599 0.02 24.612 26.077 0 26.071 26.352 0 26.346
0.065 0.003 0.067 0.033 0.002 0.036 22.452 0.021 22.467 24.201 0 24.197 24.14 0 24.133
0.065 0.001 0.066 0.036 0 0.036 22.41 0.012 22.417 24.19 0 24.185 24.032 0 24.025
0.058 0.006 0.064 0.033 0.002 0.035 22.384 0.015 22.393 24.227 0 24.222 24.042 0 24.036
0.0679999999999999 0.002 0.069 0.033 0.002 0.036 22.49 0.012 22.5 23.763 0 23.768 23.334 0 23.334
0.0659999999999999 0.002 0.068 0.036 0 0.036 22.542 0.012 22.55 24.299 0 24.293 24.041 0 24.04
0.065 0.003 0.068 0.033 0.002 0.035 23.473 0.016 23.483 25.212 0 25.207 25.116 0 25.111
0.065 0.005 0.093 0.034 0.002 0.036 22.777 0.012 22.784 24.466 0 24.461 24.348 0 24.343
0.068 0.001 0.068 0.033 0.002 0.035 22.188 0.01 22.194 23.945 0 23.94 23.809 0 23.803
0.062 0.007 0.09 0.033 0.002 0.036 22.344 0.018 22.357 23.844 0 23.838 23.584 0 23.579
0.07 0.00399999999999999 0.391 0.034 0.003 0.0369999999999999 23.705 0.014 23.713 25.389 0 25.44 24.696 0 24.691
0.067 0.00700000000000001 0.405 0.035 0.002 0.0369999999999999 23.725 0.015 23.735 24.969 0 24.999 24.811 0.001 24.885
0.059 0.005 0.063 0.031 0.003 0.035 22.446 0.011 22.45 24.243 0 24.239 24.115 0 24.109
0.059 0.005 0.0630000000000001 0.035 0 0.0349999999999999 22.365 0.018 22.378 24.169 0 24.165 24.035 0 24.03
0.064 0.003 0.067 0.034 0.002 0.035 22.544 0.014 22.554 24.318 0 24.313 24.021 0 24.016
0.064 0.004 0.068 0.034 0.00199999999999999 0.036 22.838 0.017 22.85 24.187 0 24.191 23.64 0 23.647
0.066 0.003 0.069 0.033 0.003 0.036 24.853 0.01 24.857 26.684 0 26.679 26.332 0 26.335
0.064 0.005 0.069 0.033 0.003 0.036 23.151 0.016 23.161 24.799 0 24.794 24.761 0 24.756
0.062 0.007 0.069 0.036 0 0.036 22.75 0.011 22.756 24.5 0 24.495 24.344 0 24.338
0.066 0.004 0.071 0.03 0.005 0.035 22.372 0.018 22.385 24.104 0 24.099 23.988 0 23.982
0.065 0.00199999999999999 0.068 0.032 0.004 0.035 22.61 0.012 22.617 24.371 0 24.366 24.299 0 24.293
0.062 0.00600000000000001 0.067 0.032 0.003 0.036 22.47 0.012 22.477 24.163 0 24.158 24.059 0 24.051
0.063 0.006 0.069 0.032 0.004 0.036 22.915 0.012 22.922 24.581 0 24.575 24.505 0 24.5
0.063 0.004 0.0870000000000001 0.03 0.005 0.0359999999999999 22.736 0.008 22.739 24.438 0 24.433 24.295 0 24.288
0.066 0.004 0.07 0.032 0.003 0.035 22.864 0.011 22.869 24.682 0 24.677 24.57 0 24.565
0.068 0.002 0.07 0.031 0.004 0.035 22.43 0.015 22.439 24.315 0 24.311 24.119 0 24.113
0.064 0.003 0.067 0.034 0.002 0.036 22.4 0.01 22.405 23.962 0 23.956 23.819 0 23.813
0.064 0.005 0.09 0.035 0.001 0.0360000000000001 22.36 0.02 22.375 24.062 0 24.058 24.038 0 24.031
0.057 0.007 0.064 0.032 0.003 0.034 22.688 0.013 22.697 24.647 0 24.641 24.42 0 24.417
0.064 0.003 0.067 0.031 0.004 0.035 22.349 0.012 22.356 24.056 0 24.051 23.903 0 23.898
0.064 0.005 0.069 0.032 0.004 0.036 22.66 0.015 22.67 24.433 0 24.428 24.34 0 24.334
0.064 0.004 0.067 0.032 0.003 0.036 23.01 0.01 23.013 24.752 0 24.748 24.595 0 24.59
0.064 0.004 0.068 0.033 0.003 0.036 24.672 0.01 24.675 26.418 0 26.414 26.257 0 26.251
0.061 0.005 0.151 0.029 0.006 0.0350000000000001 22.641 0.009 22.645 24.587 0 24.581 24.259 0 24.253
0.062 0.00600000000000001 0.147 0.033 0.002 0.036 22.559 0.011 22.565 24.385 0 24.379 25.241 0 25.236
0.061 0.00599999999999999 0.476 0.032 0.003 0.0349999999999999 22.304 0.00900000000000001 22.308 24.12 0.001 24.307 24.227 0 24.259
0.059 0.004 0.063 0.029 0.005 0.034 22.326 0.016 22.337 24.145 0 24.14 24.36 0 24.354
0.065 0.003 0.069 0.034 0.002 0.036 23.216 0.011 23.222 24.894 0 24.888 24.754 0 24.749
0.068 0 0.068 0.034 0.002 0.036 22.204 0.01 22.208 23.968 0 23.963 23.769 0 23.762
0.065 0.004 0.069 0.035 0.001 0.036 23.682 0.016 23.693 25.411 0 25.405 25.381 0 25.377
0.062 0.007 0.069 0.034 0.002 0.036 23.24 0.016 23.25 25.056 0 25.051 24.823 0 24.819
0.065 0.003 0.068 0.033 0.002 0.035 22.811 0.009 22.814 24.584 0 24.58 24.474 0 24.469
0.065 0.004 0.068 0.033 0.00199999999999999 0.035 22.921 0.012 22.928 24.611 0 24.606 24.534 0 24.529
0.061 0.00600000000000001 0.0680000000000001 0.032 0.004 0.035 23.434 0.013 23.442 25.163 0 25.157 25.032 0 25.027
0.06 0.002 0.062 0.031 0.004 0.035 21.902 0.01 21.907 23.746 0 23.741 23.883 0 23.877
0.065 0.003 0.068 0.031 0.005 0.036 24.729 0.014 24.738 26.463 0 26.457 26.21 0 26.203
0.062 0.007 0.096 0.034 0.002 0.035 23.008 0.015 23.018 24.766 0 24.76 24.553 0 24.548
0.064 0.004 0.067 0.033 0.00199999999999999 0.036 22.955 0.011 22.96 24.701 0 24.696 24.625 0 24.62
0.06 0.007 0.067 0.035 0.001 0.036 22.713 0.012 22.72 24.171 0 24.166 24.392 0 24.387
0.079 0.011 0.091 0.042 0.00599999999999999 0.0469999999999999 30.594 0.023 30.654 33.109 0 33.147 32.834 0 32.872
0.056 0.007 0.063 0.034 0.001 0.035 22.061 0.01 22.066 23.902 0 23.897 24.091 0 24.085
0.066 0.00199999999999999 0.068 0.035 0.001 0.035 22.931 0.014 22.941 24.679 0 24.673 24.569 0 24.565
0.062 0.006 0.094 0.033 0.003 0.036 22.524 0.014 22.532 24.322 0 24.317 24.143 0 24.137
0.057 0.007 0.064 0.033 0.002 0.035 22.965 0.018 22.978 24.81 0 24.805 24.684 0 24.68
0.065 0.004 0.091 0.034 0.002 0.036 22.658 0.018 22.671 24.489 0 24.484 24.362 0 24.356
0.062 0.005 0.067 0.033 0.002 0.036 22.399 0.01 22.403 24.162 0 24.157 24.184 0 24.178
0.0649999999999999 0.003 0.068 0.03 0.006 0.036 22.872 0.016 22.883 24.63 0 24.625 24.507 0 24.501
0.06 0.003 0.064 0.031 0.004 0.035 22.854 0.01 22.859 24.569 0 24.564 24.456 0.001 24.451
0.06 0.007 0.134 0.031 0.005 0.035 23.17 0.008 23.173 25.092 0 25.087 25.74 0 25.733
0.06 0.007 0.0669999999999999 0.032 0.003 0.036 22.642 0.017 22.654 25.554 0 25.548 24.301 0 24.297
0.065 0.003 0.068 0.033 0.002 0.035 22.896 0.01 22.901 24.301 0.001 24.297 24.146 0 24.14
0.063 0.00600000000000001 0.069 0.032 0.004 0.036 24.68 0.012 24.685 26.658 0 26.653 26.531 0 26.524
0.062 0.000999999999999994 0.064 0.035 0 0.034 22.543 0.013 22.55 24.349 0 24.344 24.138 0 24.132
0.065 0.00199999999999999 0.066 0.034 0.002 0.036 22.383 0.013 22.391 23.944 0 23.939 24.128 0 24.122
0.066 0.002 0.067 0.032 0.003 0.036 23.576 0.013 23.584 25.156 0 25.151 24.844 0 24.839
0.062 0.004 0.086 0.034 0.001 0.035 23.076 0.015 23.085 24.326 0 24.321 24.188 0 24.183
0.064 0.004 0.067 0.029 0.006 0.036 22.492 0.017 22.504 24.216 0 24.211 24.082 0 24.076
0.063 0.004 0.0669999999999999 0.033 0.003 0.036 22.41 0.012 22.419 23.653 0 23.658 23.311 0 23.313
0.065 0.004 0.068 0.032 0.003 0.036 22.987 0.014 22.996 24.422 0 24.416 24.181 0 24.175
0.062 0.004 0.067 0.034 0.00199999999999999 0.035 22.434 0.01 22.44 24.164 0 24.159 24.041 0 24.035
0.064 0.004 0.068 0.033 0.003 0.035 22.654 0.01 22.659 24.35 0 24.345 24.204 0 24.198
0.063 0.004 0.068 0.034 0.002 0.036 22.943 0.014 22.951 24.79 0 24.785 24.63 0 24.623
0.064 0.004 0.067 0.033 0.002 0.036 22.596 0.015 22.606 24.261 0 24.256 24.205 0 24.198
0.064 0.004 0.089 0.034 0.002 0.036 22.671 0.013 22.678 24.233 0 24.228 24.069 0 24.062
0.067 0.003 0.292 0.035 0.001 0.0349999999999999 22.801 0.012 22.808 24.607 0 24.609 24.522 0 24.516
0.063 0.002 0.065 0.032 0.003 0.035 22.909 0.016 22.92 24.742 0 24.736 24.616 0 24.611
0.056 0.007 0.063 0.032 0.002 0.035 22.127 0.016 22.137 23.959 0 23.953 24.252 0 24.247
0.065 0.00199999999999999 0.067 0.031 0.005 0.036 22.669 0.017 22.681 24.357 0 24.352 24.333 0 24.327
0.066 0.002 0.068 0.035 0 0.035 22.562 0.014 22.572 23.742 0.001 23.752 23.424 0 23.428
0.063 0.006 0.069 0.034 0.003 0.037 24.143 0.013 24.15 25.889 0 25.883 25.765 0 25.766
0.087 0.00799999999999999 0.0950000000000001 0.043 0.005 0.0479999999999999 30.304 0.014 30.354 32.754 0 32.792 32.536 0 32.574
0.0649999999999999 0.005 0.07 0.035 0.001 0.036 22.725 0.016 22.735 24.493 0 24.489 24.363 0 24.358
0.063 0.005 0.0699999999999998 0.032 0.004 0.036 22.584 0.013 22.592 24.33 0 24.325 24.208 0 24.202
0.06 0.004 0.064 0.034 0.001 0.035 22.814 0.005 22.814 24.706 0 24.702 24.572 0 24.566
0.062 0.005 0.068 0.032 0.004 0.036 22.757 0.016 22.768 24.47 0 24.465 24.26 0 24.254
0.063 0.004 0.067 0.032 0.004 0.036 22.128 0.015 22.138 23.868 0 23.863 23.749 0 23.744
0.062 0.00600000000000001 0.069 0.034 0.002 0.036 22.992 0.006 22.992 24.801 0 24.797 24.695 0 24.69
0.073 0.005 0.0780000000000001 0.033 0.00399999999999999 0.0369999999999999 23.237 0.012 23.243 24.403 0 24.398 24.22 0 24.215
0.062 0.00600000000000001 0.07 0.032 0.00299999999999999 0.036 22.91 0.01 22.914 24.656 0 24.651 24.541 0 24.536
0.069 0.004 0.0740000000000001 0.035 0.002 0.037 22.545 0.02 22.56 25.306 0 25.301 24.307 0 24.302
0.06 0.007 0.068 0.034 0.002 0.036 22.513 0.012 22.519 24.347 0 24.342 24.201 0 24.194
0.063 0.004 0.068 0.034 0.001 0.035 22.391 0.012 22.398 23.796 0 23.791 23.919 0 23.913
0.065 0.003 0.069 0.03 0.00600000000000001 0.035 22.828 0.013 22.836 24.618 0 24.613 24.474 0 24.47
0.069 0.002 0.071 0.037 0.002 0.039 27.758 0.016 27.768 29.37 0 29.364 28.959 0 28.953
0.064 0.004 0.068 0.034 0.000999999999999994 0.035 22.957 0.007 22.958 24.712 0 24.707 24.601 0 24.596
0.065 0.004 0.093 0.034 0.00199999999999999 0.036 22.417 0.013 22.424 24.295 0 24.29 24.229 0 24.223
0.066 0.003 0.528 0.034 0.002 0.0349999999999999 22.272 0.011 22.279 24.034 0 24.029 23.867 0 23.861
0.058 0.006 0.063 0.033 0.001 0.034 22.078 0.012 22.085 23.789 0 23.783 23.551 0 23.546
0.064 0.004 0.068 0.036 0 0.036 22.882 0.011 22.887 24.489 0 24.483 24.651 0 24.647
0.061 0.008 0.0690000000000001 0.035 0.001 0.0349999999999999 22.865 0.01 22.871 24.626 0 24.621 24.469 0 24.464
0.064 0.004 0.068 0.032 0.004 0.036 22.615 0.013 22.623 24.394 0 24.389 24.336 0 24.33
0.063 0.005 0.067 0.031 0.005 0.036 22.928 0.014 22.936 24.757 0 24.753 24.653 0 24.647
0.063 0.001 0.064 0.034 0.002 0.036 22.346 0.016 22.357 24.126 0 24.121 23.968 0 23.962
0.062 0.007 0.069 0.036 0 0.036 22.744 0.017 22.755 24.533 0 24.528 24.397 0 24.391
0.063 0.004 0.067 0.03 0.005 0.035 22.597 0.015 22.607 24.296 0 24.291 24.174 0 24.168
0.067 0.001 0.068 0.034 0.002 0.036 23.082 0.015 23.091 24.875 0 24.871 24.725 0 24.72
0.063 0.005 0.145 0.035 0.000999999999999987 0.0349999999999999 23.855 0.014 23.864 24.475 0 24.47 24.335 0 24.331
0.057 0.006 0.064 0.033 0.003 0.035 22.312 0.01 22.317 24.077 0 24.072 23.937 0 23.931
0.066 0.002 0.068 0.035 0.001 0.035 22.754 0.014 22.764 24.206 0 24.201 23.991 0 23.985
0.067 0.001 0.068 0.033 0.003 0.036 22.669 0.013 22.677 24.277 0 24.282 23.767 0 23.771
0.063 0.002 0.065 0.032 0.002 0.034 22.641 0.012 22.648 24.435 0 24.43 24.234 0 24.228
0.09 0.00399999999999999 0.0940000000000001 0.045 0.003 0.0489999999999999 30.317 0.014 30.369 32.195 0 32.247 31.424 0 31.47
0.057 0.006 0.064 0.034 0.001 0.034 23.055 0.013 23.062 25.041 0 25.036 25.163 0 25.158
0.065 0.005 0.097 0.034 0.002 0.036 23.718 0.011 23.723 25.487 0 25.481 25.418 0 25.413
0.059 0.004 0.063 0.032 0.00199999999999999 0.034 22.29 0.014 22.299 24.431 0 24.427 24.504 0 24.497
0.061 0.00799999999999999 0.297 0.032 0.003 0.0349999999999997 22.336 0.00799999999999999 22.339 24.393 0 24.512 24.186 0 24.181
0.059 0.011 0.298 0.033 0.002 0.0349999999999997 22.398 0.018 22.412 24.694 0 24.737 24.062 0 24.055
0.064 0.003 0.068 0.035 0.001 0.035 22.318 0.014 22.329 24.164 0 24.159 24.007 0 24
0.063 0.005 0.068 0.033 0.00199999999999999 0.035 22.373 0.012 22.379 24.07 0 24.066 23.961 0 23.955
0.066 0.001 0.068 0.032 0.004 0.035 22.403 0.005 22.404 23.952 0 23.946 23.965 0 23.959
0.065 0.002 0.067 0.033 0.002 0.036 22.369 0.014 22.378 23.956 0 23.952 23.629 0 23.623
0.065 0.003 0.068 0.033 0.003 0.036 22.907 0.014 22.916 24.743 0 24.739 24.635 0 24.629
0.063 0.006 0.0880000000000001 0.03 0.00600000000000001 0.0359999999999999 22.629 0.014 22.637 24.284 0 24.279 24.246 0 24.238
0.072 0.004 0.109 0.036 0.005 0.042 23.795 0.318 24.849 24.114 0 24.366 23.984 0 24.079
0.065 0.002 0.067 0.034 0.002 0.036 22.354 0.009 22.358 24.03 0 24.025 23.964 0 23.958
0.061 0.00199999999999999 0.063 0.032 0.002 0.034 21.997 0.015 22.007 23.849 0 23.843 24.112 0 24.107
0.064 0.003 0.068 0.034 0.00199999999999999 0.036 22.405 0.017 22.417 24.155 0 24.15 24.017 0 24.01
0.055 0.008 0.063 0.031 0.003 0.034 22.439 0.022 22.464 23.788 0 23.794 23.348 0 23.346
0.063 0.004 0.067 0.035 0.001 0.036 22.189 0.012 22.196 23.893 0 23.889 23.778 0 23.772
0.061 0.006 0.0680000000000001 0.031 0.005 0.0359999999999999 22.195 0.02 22.217 23.583 0 23.586 23.228 0 23.226
0.065 0.004 0.068 0.029 0.006 0.036 22.748 0.009 22.752 24.543 0 24.537 24.207 0 24.201
0.062 0.005 0.068 0.034 0.00199999999999999 0.035 22.425 0.00700000000000001 22.428 23.854 0 23.849 24.145 0 24.139
0.062 0.001 0.063 0.031 0.003 0.034 22.005 0.013 22.013 23.927 0 23.922 24.171 0 24.165
0.058 0.007 0.065 0.031 0.003 0.034 23 0.019 23.014 24.789 0 24.784 24.651 0 24.646
0.064 0.004 0.068 0.034 0.001 0.035 23.037 0.015 23.046 24.595 0 24.59 24.422 0.001 24.418
0.056 0.008 0.064 0.033 0.002 0.035 22.744 0.015 22.754 24.501 0 24.496 24.376 0 24.37
0.062 0.005 0.068 0.035 0.001 0.036 22.5 0.015 22.509 24.266 0 24.263 24.125 0 24.119
0.063 0.004 0.088 0.033 0.003 0.036 22.882 0.019 22.896 25.511 0 25.506 24.785 0 24.781
0.064 0.004 0.069 0.034 0.00199999999999999 0.036 22.557 0.015 22.567 24.302 0 24.297 24.179 0 24.173
0.065 0.002 0.067 0.032 0.004 0.036 22.423 0.01 22.428 23.915 0 23.911 24.033 0 24.028
0.066 0.002 0.067 0.03 0.005 0.036 22.194 0.014 22.21 23.545 0 23.55 23.239 0 23.235
0.064 0.003 0.067 0.03 0.005 0.035 22.155 0.012 22.161 23.855 0 23.852 23.736 0 23.73
0.063 0.005 0.068 0.032 0.003 0.035 22.62 0.013 22.627 24.311 0 24.307 24.172 0 24.165
0.061 0.00700000000000001 0.069 0.036 0 0.036 24.938 0.01 24.941 26.187 0 26.182 26.017 0 26.011
0.066 0.002 0.067 0.031 0.004 0.035 22.301 0.015 22.31 23.721 0 23.718 23.559 0 23.553
0.055 0.013 0.371 0.03 0.005 0.036 23.196 0.012 23.203 24.757 0 24.751 24.416 0 24.551
0.068 0.005 0.116 0.035 0.001 0.0350000000000001 22.552 0.014 22.561 24.259 0 24.255 24.084 0 24.078
0.066 0.001 0.206 0.032 0.00299999999999999 0.0350000000000001 22.915 0.00900000000000001 22.918 24.719 0.001 24.933 24.58 0 24.817
0.062 0.006 0.068 0.035 0.001 0.036 23.033 0.01 23.038 24.76 0 24.754 24.668 0 24.663
0.062 0.00600000000000001 0.067 0.034 0.002 0.036 22.828 0.011 22.834 24.384 0 24.378 24.668 0 24.663
0.065 0.003 0.068 0.033 0.002 0.036 22.592 0.015 22.602 24.332 0 24.327 24.181 0 24.175
0.058 0.007 0.065 0.031 0.003 0.035 21.966 0.016 21.986 23.495 0.001 23.499 23.125 0 23.126
0.065 0.002 0.068 0.032 0.004 0.036 22.511 0.015 22.521 24.281 0 24.275 24.204 0 24.199
0.058 0.005 0.064 0.031 0.003 0.034 22.407 0.009 22.412 24.23 0 24.224 24.035 0 24.029
0.067 0.00600000000000001 0.073 0.032 0.004 0.035 22.661 0.01 22.666 24.522 0 24.517 24.362 0 24.356
0.059 0.004 0.062 0.029 0.005 0.034 22.023 0.018 22.037 23.931 0 23.926 24.146 0 24.14
0.065 0.004 0.069 0.035 0.001 0.036 22.927 0.017 22.939 24.693 0 24.687 24.569 0 24.565
0.067 0.006 0.0750000000000001 0.034 0.002 0.036 22.455 0.017 22.465 24.246 0 24.242 24.113 0 24.106
0.06 0.009 0.0710000000000001 0.036 0.001 0.0369999999999999 24.232 0.015 24.241 24.699 0 24.693 24.767 0 24.761
0.063 0.005 0.068 0.034 0.000999999999999994 0.036 22.476 0.016 22.486 24.095 0 24.091 23.938 0 23.932
0.066 0.002 0.067 0.033 0.003 0.036 23.415 0.022 23.431 24.563 0 24.564 23.964 0 23.967
0.059 0.008 0.068 0.031 0.005 0.035 21.989 0.01 22.002 23.382 0 23.388 23.193 0 23.188
0.061 0.002 0.063 0.034 0.000999999999999994 0.034 22.515 0.01 22.519 24.298 0 24.293 24.184 0 24.178
0.064 0.004 0.069 0.033 0.003 0.035 22.679 0.013 22.687 24.499 0 24.495 24.372 0 24.366
0.063 0.001 0.064 0.031 0.003 0.035 22.685 0.01 22.689 24.482 0 24.477 24.321 0 24.315
0.062 0.005 0.067 0.033 0.002 0.035 22.615 0.006 22.616 24.377 0 24.372 24.222 0 24.216
0.068 0.001 0.069 0.033 0.003 0.036 22.757 0.013 22.765 24.468 0 24.464 24.331 0 24.324
0.057 0.00600000000000001 0.063 0.029 0.006 0.034 23.031 0.012 23.037 25.332 0 25.327 25.213 0.001 25.208
0.06 0.003 0.063 0.03 0.005 0.035 22.518 0.013 22.526 24.247 0 24.242 24.099 0 24.093
0.062 0.005 0.067 0.033 0.003 0.036 22.229 0.01 22.243 23.616 0 23.625 23.276 0 23.272
0.062 0.000999999999999994 0.063 0.033 0.002 0.035 22.459 0.014 22.467 24.292 0 24.287 24.126 0 24.119
0.064 0.004 0.068 0.034 0.002 0.035 22.933 0.016 22.944 24.658 0.001 24.653 24.513 0 24.509
0.064 0.004 0.068 0.032 0.003 0.035 22.742 0.01 22.747 24.536 0 24.532 24.03 0 24.024
0.064 0.004 0.068 0.033 0.002 0.036 24.813 0.012 24.818 26.067 0.000999999999999994 26.063 25.87 0 25.864
0.062 0.006 0.069 0.034 0.00199999999999999 0.035 22.439 0.00700000000000001 22.442 24.185 0 24.181 24.065 0 24.059
0.065 0.00700000000000001 0.53 0.032 0.004 0.036 23.103 0.015 23.114 24.738 0 24.739 24.656 0 24.896
0.064 0.005 0.0860000000000001 0.033 0.00399999999999999 0.0359999999999999 23.029 0.011 23.035 25.521 0 25.515 25.265 0 25.261
0.064 0.004 0.109 0.032 0.003 0.0349999999999999 22.684 0.012 22.691 25.06 0 25.061 24.338 0.001 24.34
0.058 0.006 0.064 0.03 0.004 0.034 22.542 0.014 22.55 24.316 0 24.312 24.136 0 24.13
0.058 0.005 0.063 0.033 0.001 0.034 21.917 0.016 21.928 23.781 0 23.776 23.595 0 23.589
0.062 0.007 0.069 0.033 0.003 0.036 22.842 0.016 22.86 24.227 0 24.233 23.97 0 23.965
0.059 0.004 0.063 0.032 0.003 0.034 22.106 0.013 22.123 23.343 0 23.347 22.968 0 22.97
0.063 0.005 0.067 0.031 0.004 0.036 22.534 0.013 22.541 24.281 0.001 24.278 24.153 0 24.147
0.061 0.006 0.067 0.032 0.004 0.036 22.425 0.012 22.433 24.099 0 24.094 24.018 0 24.012
0.071 0.009 0.082 0.036 0.002 0.038 24.844 0.013 24.851 26.797 0 26.792 26.609 0 26.603
0.057 0.007 0.064 0.034 0 0.034 22.223 0.021 22.247 24.085 0 24.08 23.954 0 23.949
0.065 0.003 0.069 0.031 0.005 0.035 22.78 0.011 22.786 24.374 0 24.368 24.074 0 24.068
0.062 0.007 0.069 0.035 0.001 0.036 22.918 0.013 22.925 24.764 0 24.759 24.631 0 24.627
0.066 0.002 0.068 0.034 0.001 0.036 23.502 0.017 23.513 25.225 0 25.22 25.103 0 25.098
0.059 0.009 0.069 0.033 0.003 0.036 22.743 0.013 22.75 24.521 0.001 24.517 24.354 0 24.348
0.059 0.008 0.068 0.029 0.00600000000000001 0.035 22.447 0.018 22.46 24.324 0 24.319 24.178 0 24.172
0.062 0.006 0.068 0.033 0.003 0.036 23.051 0.017 23.064 24.673 0 24.667 24.543 0 24.538
0.063 0.005 0.102 0.034 0.002 0.0359999999999999 22.944 0.013 22.951 24.664 0 24.659 24.584 0 24.579
0.066 0.002 0.162 0.032 0.003 0.0349999999999999 22.472 0.009 22.476 25.282 0 25.275 24.086 0 24.082
0.064 0.004 0.068 0.033 0.003 0.036 22.607 0.013 22.615 24.391 0 24.385 24.241 0 24.237
0.062 0.003 0.064 0.033 0.002 0.035 22.373 0.017 22.384 24.14 0 24.136 23.998 0.001 23.993
0.062 0.006 0.09 0.036 0.001 0.038 23.182 0.015 23.19 25.657 0.001 25.654 25.42 0 25.414
0.063 0.005 0.068 0.034 0.000999999999999994 0.036 22.718 0.013 22.724 24.478 0 24.474 24.33 0 24.323
0.066 0.003 0.069 0.033 0.003 0.036 24.582 0.011 24.587 26.372 0 26.365 26.136 0 26.131
0.065 0.004 0.069 0.033 0.003 0.036 22.848 0.016 22.859 24.596 0 24.591 24.481 0 24.476
0.057 0.006 0.063 0.031 0.004 0.035 22.493 0.018 22.506 24.255 0.001 24.251 24.155 0 24.148
0.067 0.002 0.069 0.035 0.001 0.036 23.445 0.01 23.45 25.136 0 25.131 24.975 0 24.969
0.063 0.005 0.0680000000000001 0.032 0.004 0.0359999999999999 22.541 0.011 22.548 24.312 0 24.305 24.167 0 24.161
0.066 0.002 0.068 0.035 0.001 0.036 22.396 0.012 22.403 24.196 0 24.192 24.099 0 24.093
0.058 0.005 0.064 0.03 0.004 0.034 22.474 0.01 22.478 24.296 0 24.291 24.139 0 24.133
0.063 0.003 0.0940000000000001 0.032 0.004 0.0359999999999999 22.877 0.016 22.888 24.608 0 24.603 25.035 0 25.029
0.064 0.004 0.0700000000000001 0.031 0.004 0.0350000000000001 23.778 0.013 23.786 24.434 0 24.429 24.295 0 24.291
0.063 0.005 0.068 0.032 0.003 0.036 22.528 0.01 22.533 24.28 0 24.274 24.144 0 24.139
0.058 0.005 0.062 0.031 0.003 0.035 22.084 0.019 22.098 24.207 0 24.202 24.216 0 24.209
0.063 0.005 0.068 0.034 0.002 0.036 22.522 0.015 22.532 24.327 0 24.321 24.182 0 24.176
0.06 0.003 0.136 0.032 0.004 0.036 22.448 0.017 22.459 24.331 0 24.326 24.119 0 24.113
0.064 0.004 0.0669999999999999 0.035 0.001 0.036 22.338 0.012 22.346 24.186 0 24.182 24.044 0 24.037
0.064 0.004 0.068 0.036 0 0.036 22.526 0.01 22.531 24.272 0 24.267 24.163 0 24.157
0.063 0.007 0.069 0.033 0.002 0.035 22.525 0.015 22.534 24.251 0 24.247 24.143 0 24.137
0.07 0.004 0.073 0.034 0.001 0.036 22.326 0.014 22.335 24.058 0 24.052 23.927 0.001 23.923
0.067 0.00199999999999999 0.068 0.036 0 0.037 23.264 0.009 23.268 24.886 0 24.88 24.561 0 24.556
0.066 0.003 0.068 0.034 0.001 0.035 22.43 0.014 22.439 24.044 0 24.039 23.919 0 23.913
0.062 0.005 0.068 0.034 0.001 0.035 23.559 0.01 23.563 25.18 0 25.174 25.107 0 25.103
0.065 0.003 0.068 0.034 0.002 0.036 22.706 0.006 22.707 24.537 0 24.532 24.391 0 24.385
0.06 0.003 0.063 0.03 0.005 0.035 22.549 0.011 22.555 24.395 0 24.39 24.203 0 24.198
0.07 0.005 0.0960000000000001 0.038 0 0.0379999999999998 24.58 0.03 24.648 25.644 0 25.639 26.275 0 26.269
0.065 0.002 0.067 0.035 0.001 0.036 22.677 0.013 22.684 24.511 0 24.506 24.378 0 24.372
0.065 0.003 0.0679999999999999 0.034 0.002 0.036 23.003 0.01 23.008 24.712 0 24.707 24.55 0 24.545
0.062 0.007 0.069 0.034 0.00199999999999999 0.036 23.181 0.014 23.189 24.957 0 24.952 24.809 0 24.804
0.064 0.006 0.068 0.033 0.003 0.036 23.42 0.011 23.426 25.157 0 25.151 25.079 0 25.074
0.067 0.002 0.069 0.032 0.004 0.036 22.769 0.012 22.775 24.575 0 24.57 24.438 0 24.432
0.061 0.003 0.064 0.03 0.005 0.034 22.874 0.009 22.877 24.631 0 24.626 24.504 0 24.499
0.061 0.002 0.064 0.033 0.002 0.034 22.593 0.014 22.603 24.564 0 24.558 24.401 0 24.395
0.066 0.003 0.069 0.035 0.001 0.036 23.594 0.012 23.601 25.185 0 25.181 25.125 0 25.119
0.062 0.006 0.068 0.035 0 0.036 22.214 0.01 22.217 23.882 0 23.879 23.317 0 23.323
0.066 0.004 0.07 0.034 0.000999999999999994 0.035 23.07 0.012 23.076 24.824 0 24.82 24.747 0 24.742
0.058 0.005 0.063 0.031 0.003 0.035 22.467 0.019 22.48 24.332 0 24.328 24.182 0 24.175
0.063 0.006 0.091 0.035 0.001 0.036 23.631 0.016 23.643 25.575 0 25.569 25.458 0 25.452
0.061 0.00600000000000001 0.0679999999999999 0.033 0.00199999999999999 0.035 23.339 0.019 23.353 24.805 0 24.8 24.593 0 24.589
0.069 0.003 0.073 0.032 0.004 0.0370000000000001 26.136 0.014 26.144 26.682 0 26.677 26.526 0 26.519
0.059 0.004 0.063 0.033 0.003 0.036 22.55 0.015 22.56 24.395 0 24.389 24.257 0 24.251
0.065 0.003 0.068 0.034 0.001 0.035 23.035 0.013 23.043 24.803 0 24.798 24.688 0 24.682
0.065 0.003 0.068 0.032 0.004 0.036 22.738 0.015 22.748 24.512 0 24.507 24.444 0 24.437
0.069 0.003 0.072 0.033 0.002 0.036 22.728 0.014 22.736 24.494 0 24.489 24.361 0 24.356
0.0649999999999999 0.003 0.068 0.034 0.001 0.036 22.596 0.019 22.608 24.319 0.001 24.315 24.192 0 24.186
0.059 0.00600000000000001 0.0900000000000001 0.031 0.00399999999999999 0.0349999999999999 23.405 0.00900000000000001 23.407 24.508 0 24.504 25.108 0 25.103
0.065 0.002 0.068 0.032 0.004 0.035 22.419 0.008 22.422 24.16 0 24.155 24.02 0 24.013
0.06 0.004 0.064 0.033 0.002 0.035 22.366 0.012 22.374 24.212 0 24.206 24.016 0 24.01
0.059 0.005 0.0640000000000001 0.033 0.00199999999999999 0.0349999999999999 24.49 0.013 24.497 26.163 0 26.157 26.059 0 26.054
0.058 0.005 0.063 0.032 0.003 0.035 22.505 0.016 22.516 24.297 0 24.291 24.132 0 24.127
0.066 0.002 0.068 0.035 0.001 0.036 22.904 0.015 22.914 24.606 0 24.601 24.506 0 24.501
0.068 0 0.069 0.036 0 0.036 23.111 0.012 23.117 24.889 0 24.883 24.785 0 24.781
0.06 0.003 0.064 0.034 0.001 0.035 22.684 0.013 22.69 24.447 0 24.443 24.302 0 24.295
0.065 0.003 0.068 0.031 0.004 0.035 22.563 0.014 22.572 24.258 0.001 24.255 24.138 0 24.132
0.069 0.003 0.071 0.031 0.005 0.036 22.731 0.01 22.736 24.505 0 24.499 24.39 0.001 24.386
0.063 0.004 0.067 0.034 0.000999999999999994 0.036 22.592 0.009 22.596 24.41 0 24.404 24.236 0 24.231
0.064 0.004 0.068 0.035 0.001 0.036 22.658 0.014 22.666 24.551 0 24.546 24.318 0 24.312
0.064 0.003 0.182 0.033 0.003 0.036 22.434 0.014 22.442 24.134 0 24.129 23.993 0 23.988
0.06 0.004 0.064 0.031 0.004 0.034 22.746 0.012 22.753 24.52 0 24.516 24.384 0 24.378
0.062 0.004 0.0670000000000001 0.036 0 0.0359999999999999 23.35 0.015 23.36 24.637 0 24.632 24.451 0 24.446
0.06 0.009 0.382 0.034 0.002 0.0350000000000001 22.552 0.011 22.558 24.347 0 24.342 25.205 0 25.2
0.059 0.007 0.066 0.034 0.001 0.035 22.831 0.026 22.862 24.638 0.017 24.661 24.495 0 24.489
0.058 0.005 0.063 0.029 0.006 0.035 22.455 0.013 22.461 24.296 0 24.292 24.111 0 24.105
0.068 0 0.068 0.03 0.00600000000000001 0.036 22.382 0.011 22.389 24.296 0 24.291 24.145 0 24.139
0.064 0.004 0.067 0.03 0.005 0.035 22.476 0.012 22.483 24.308 0 24.303 24.165 0 24.16
0.065 0.003 0.068 0.033 0.00199999999999999 0.035 22.727 0.011 22.733 24.383 0 24.378 24.335 0 24.329
0.066 0.003 0.0870000000000001 0.033 0.002 0.0359999999999999 22.917 0.018 22.929 24.636 0 24.63 24.447 0 24.442
0.064 0.005 0.068 0.031 0.005 0.036 22.725 0.015 22.735 24.508 0 24.503 24.379 0 24.374
0.063 0.007 0.07 0.033 0.002 0.035 23.228 0.014 23.236 24.955 0 24.95 24.779 0 24.773
0.065 0.00199999999999999 0.068 0.034 0.002 0.035 22.411 0.012 22.419 24.131 0 24.125 24.01 0 24.004
0.066 0.002 0.068 0.035 0.000999999999999994 0.036 23.141 0.015 23.151 24.798 0 24.793 24.692 0 24.687
0.06 0.008 0.068 0.034 0.001 0.036 22.265 0.018 22.277 24.077 0 24.073 23.944 0 23.937
0.062 0.001 0.064 0.033 0.002 0.034 22.597 0.018 22.61 24.328 0 24.323 24.233 0 24.227
0.064 0.000999999999999994 0.088 0.032 0.003 0.036 22.993 0.007 22.995 24.318 0 24.313 24.675 0 24.669
0.062 0.006 0.068 0.032 0.004 0.036 22.735 0.012 22.742 24.482 0 24.477 24.373 0 24.367
0.065 0.003 0.067 0.032 0.003 0.036 22.499 0.012 22.506 24.253 0 24.248 24.129 0 24.123
0.063 0.005 0.067 0.033 0.003 0.036 22.584 0.011 22.59 24.338 0 24.333 24.198 0 24.191
0.06 0.007 0.068 0.034 0.001 0.035 22.327 0.005 22.327 24.055 0 24.049 23.91 0 23.904
0.066 0.002 0.068 0.033 0.003 0.036 22.556 0.00899999999999999 22.56 24.304 0 24.299 24.221 0.001 24.216
0.061 0.006 0.067 0.031 0.005 0.035 22.75 0.00800000000000001 22.752 24.532 0 24.528 24.393 0 24.387
0.062 0.007 0.069 0.033 0.003 0.036 22.836 0.013 22.844 24.639 0 24.634 24.498 0 24.493
0.064 0.004 0.067 0.03 0.005 0.036 22.61 0.007 22.611 24.295 0 24.29 24.218 0.001 24.214
0.059 0.005 0.0639999999999999 0.033 0.00199999999999999 0.035 22.216 0.016 22.23 23.607 0 23.616 23.226 0 23.228
0.058 0.01 0.067 0.031 0.004 0.036 22.453 0.015 22.464 24.391 0 24.385 24.258 0 24.253
0.068 0.001 0.07 0.033 0.002 0.035 22.409 0.014 22.418 24.198 0 24.193 24.015 0 24.009
0.063 0.005 0.068 0.03 0.00600000000000001 0.036 22.698 0.012 22.704 24.478 0 24.473 24.32 0 24.314
0.065 0.003 0.0700000000000001 0.033 0.002 0.035 23.651 0.013 23.658 25.294 0 25.289 25.769 0 25.763
0.066 0.005 0.091 0.036 0 0.036 23.08 0.016 23.091 24.041 0 24.043 23.89 0 23.892
0.067 0.001 0.068 0.033 0.003 0.036 22.812 0.011 22.818 24.632 0 24.626 24.479 0 24.474
0.062 0.006 0.068 0.033 0.003 0.035 22.98 0.017 22.992 24.581 0 24.576 24.49 0 24.485
0.064 0.004 0.067 0.034 0.002 0.036 22.501 0.011 22.507 24.306 0 24.301 24.172 0 24.167
0.059 0.008 0.069 0.033 0.002 0.036 22.684 0.016 22.694 24.434 0 24.428 24.284 0 24.278
0.067 0.005 0.0720000000000001 0.036 0 0.036 23.946 0.012 23.952 25.63 0 25.625 24.959 0 24.954
0.061 0.006 0.093 0.032 0.003 0.036 22.585 0.014 22.598 23.501 0 23.5 23.097 0 23.1
0.065 0.005 0.069 0.033 0.003 0.035 23.09 0.009 23.095 24.811 0 24.806 24.652 0 24.647
0.062 0.006 0.067 0.032 0.004 0.036 22.532 0.015 22.542 24.274 0 24.27 24.152 0 24.147
0.06 0.004 0.065 0.032 0.003 0.034 24.672 0.019 24.686 26.307 0 26.301 26.159 0 26.154
0.064 0.003 0.067 0.032 0.004 0.036 22.596 0.009 22.6 24.301 0 24.296 23.803 0.000999999999999994 23.807
0.062 0.005 0.068 0.034 0.002 0.036 23.003 0.01 23.006 24.671 0 24.667 24.485 0 24.487
0.067 0.000999999999999994 0.068 0.034 0.003 0.036 22.332 0.015 22.343 24.119 0 24.113 23.971 0 23.965
0.063 0.007 0.069 0.036 0 0.036 23.155 0.013 23.163 24.951 0 24.946 24.854 0 24.849
0.064 0.005 0.069 0.034 0.001 0.035 22.647 0.008 22.65 24.359 0 24.354 24.239 0 24.233
0.066 0.001 0.067 0.034 0.001 0.035 22.574 0.015 22.584 24.316 0 24.311 24.193 0 24.188
0.062 0.002 0.064 0.029 0.005 0.035 22.321 0.013 22.328 24.127 0 24.122 24.004 0 23.997
0.066 0.002 0.067 0.031 0.004 0.036 22.466 0.008 22.468 24.302 0 24.297 24.099 0 24.093
0.064 0.003 0.067 0.035 0.001 0.036 22.504 0.01 22.509 24.257 0 24.252 24.128 0.001 24.124
0.067 0.005 0.072 0.036 0 0.036 24.747 0.012 24.754 26.438 0 26.432 26.303 0 26.298
0.064 0.005 0.068 0.034 0.001 0.036 22.868 0.019 22.881 24.585 0 24.58 24.48 0 24.475
0.067 0.002 0.068 0.031 0.005 0.036 23.114 0.015 23.125 24.778 0 24.772 24.728 0 24.724
0.064 0.003 0.067 0.032 0.004 0.036 22.398 0.011 22.404 24.109 0 24.104 23.98 0 23.973
0.071 0.00600000000000001 0.0790000000000001 0.035 0.003 0.0379999999999999 23.502 0.013 23.509 25.595 0 25.59 24.894 0 24.889
0.067 0.002 0.069 0.033 0.003 0.035 22.803 0.014 22.812 24.604 0 24.599 24.463 0 24.458
0.064 0.003 0.067 0.034 0.001 0.035 22.388 0.019 22.402 24.098 0 24.093 23.958 0 23.952
0.062 0.00700000000000001 0.068 0.033 0.00299999999999999 0.037 23.128 0.011 23.134 24.918 0 24.911 24.816 0 24.812
0.058 0.005 0.064 0.033 0.000999999999999994 0.034 22.44 0.017 22.451 24.197 0 24.192 24.046 0 24.041
0.064 0.004 0.0700000000000001 0.035 0.001 0.0349999999999999 22.549 0.081 22.71 24.309 0.022 24.391 24.178 0.03 24.23
0.062 0.00600000000000001 0.068 0.031 0.004 0.036 22.601 0.019 22.613 24.462 0 24.457 24.259 0 24.253
0.061 0.003 0.064 0.032 0.003 0.036 22.553 0.01 22.558 24.391 0 24.386 24.259 0 24.253
0.063 0.003 0.066 0.032 0.002 0.034 24.747 0.019 24.759 26.622 0 26.617 26.419 0 26.413
0.066 0.002 0.068 0.033 0.002 0.035 22.576 0.013 22.583 24.294 0 24.289 24.173 0 24.166
0.06 0.006 0.069 0.036 0 0.0349999999999999 22.854 0.009 22.857 25.189 0 25.184 24.538 0 24.533
0.06 0.004 0.0670000000000001 0.032 0.003 0.0349999999999999 22.537 0.016 22.548 24.308 0 24.303 24.096 0 24.09
0.066 0.003 0.068 0.029 0.006 0.036 22.657 0.011 22.663 24.433 0 24.428 24.356 0 24.35
0.064 0.003 0.068 0.033 0.002 0.035 22.496 0.014 22.505 24.329 0 24.325 24.153 0.001 24.149
0.064 0.004 0.067 0.034 0.002 0.036 22.335 0.015 22.345 24.137 0 24.132 23.968 0 23.962
0.064 0.004 0.068 0.033 0.003 0.036 22.767 0.015 22.777 24.455 0 24.448 24.344 0 24.339
0.063 0.005 0.068 0.033 0.002 0.035 22.955 0.013 22.962 24.653 0 24.648 24.544 0 24.538
0.061 0.008 0.069 0.033 0.002 0.036 24.634 0.016 24.644 26.528 0 26.522 26.256 0 26.25
0.064 0.005 0.068 0.027 0.00800000000000001 0.036 23.067 0.01 23.071 24.702 0 24.697 24.553 0 24.549
0.063 0.00600000000000001 0.068 0.031 0.005 0.035 22.642 0.014 22.651 24.33 0 24.325 24.229 0 24.223
0.057 0.00600000000000001 0.062 0.03 0.004 0.035 21.854 0.015 21.864 23.838 0 23.833 23.961 0 23.955
0.061 0.008 0.069 0.032 0.003 0.036 23.063 0.006 23.063 24.255 0 24.25 24.739 0 24.734
0.058 0.005 0.063 0.033 0.002 0.034 21.806 0.016 21.817 23.72 0 23.715 23.927 0 23.922
0.066 0.002 0.068 0.035 0.000999999999999994 0.035 22.681 0.013 22.69 24.436 0 24.431 24.341 0 24.335
0.064 0.003 0.0669999999999999 0.035 0.001 0.036 22.325 0.013 22.333 24.05 0 24.045 23.966 0 23.961
0.061 0.006 0.067 0.034 0.001 0.035 22.471 0.02 22.486 24.021 0 24.016 23.721 0 23.715
0.066 0.002 0.068 0.031 0.004 0.035 22.367 0.01 22.371 24.17 0 24.166 24.041 0 24.035
0.065 0.003 0.068 0.032 0.004 0.036 22.364 0.014 22.373 24.058 0 24.053 23.993 0 23.987
0.061 0.007 0.068 0.032 0.003 0.036 23.645 0.013 23.652 25.36 0 25.354 25.242 0 25.236
0.062 0.005 0.448 0.034 0.002 0.036 23.273 0.014 23.282 24.477 0 24.471 24.365 0 24.36
0.065 0.002 0.067 0.033 0.003 0.035 22.355 0.008 22.358 23.852 0 23.847 23.997 0 23.991
0.06 0.003 0.064 0.035 0 0.034 22.598 0.014 22.608 24.466 0 24.459 24.257 0 24.251
0.065 0.003 0.068 0.033 0.002 0.036 22.518 0.015 22.527 24.252 0 24.247 24.159 0 24.152
0.066 0.00199999999999999 0.068 0.033 0.003 0.036 22.672 0.009 22.676 24.046 0.001 24.053 23.542 0 23.549
0.062 0.006 0.068 0.036 0 0.035 22.718 0.011 22.724 24.839 0 24.834 24.58 0 24.574
0.065 0.003 0.068 0.033 0.00199999999999999 0.036 22.751 0.01 22.754 24.526 0 24.522 24.371 0 24.364
0.059 0.009 0.068 0.034 0.002 0.035 22.522 0.017 22.535 24.286 0 24.282 24.2 0 24.193
0.065 0.004 0.068 0.033 0.003 0.036 22.84 0.011 22.846 24.639 0 24.634 24.47 0 24.465
0.064 0.004 0.067 0.031 0.004 0.036 22.547 0.014 22.556 24.085 0 24.08 24.171 0 24.165
0.061 0.005 0.067 0.032 0.003 0.035 23.474 0.014 23.482 25.333 0 25.327 25.217 0 25.212
0.0659999999999999 0.008 0.074 0.034 0.00199999999999999 0.036 22.926 0.011 22.932 24.718 0 24.713 24.539 0 24.533
0.061 0.006 0.067 0.034 0.002 0.036 22.313 0.012 22.32 24.078 0 24.073 23.947 0 23.942
0.062 0.001 0.063 0.034 0.001 0.034 22.694 0.015 22.704 24.569 0 24.564 24.454 0 24.449
0.065 0.004 0.069 0.032 0.003 0.035 23.03 0.008 23.032 24.714 0 24.709 24.496 0 24.491
0.057 0.00600000000000001 0.064 0.032 0.003 0.034 22.295 0.013 22.303 24.204 0 24.199 24.395 0 24.389
0.063 0.00600000000000001 0.0910000000000001 0.033 0.003 0.0359999999999999 23.737 0.01 23.741 25.477 0 25.472 24.742 0 24.736
0.062 0.006 0.068 0.032 0.004 0.036 22.571 0.016 22.582 24.027 0 24.022 24.374 0 24.369
0.061 0.006 0.067 0.034 0.002 0.035 22.41 0.01 22.415 24.103 0 24.098 23.988 0 23.982
0.057 0.00600000000000001 0.064 0.032 0.003 0.035 22.727 0.018 22.739 24.436 0 24.43 24.322 0 24.317
0.065 0.004 0.068 0.032 0.003 0.036 22.921 0.019 22.934 24.608 0 24.603 24.455 0 24.45
0.058 0.005 0.063 0.03 0.004 0.035 22.411 0.018 22.424 24.283 0 24.278 24.101 0 24.095
0.064 0.003 0.067 0.033 0.003 0.036 24.694 0.01 24.698 26.51 0 26.504 26.427 0 26.421
0.062 0.005 0.068 0.03 0.006 0.035 22.579 0.011 22.586 24.376 0 24.371 24.309 0 24.303
0.0669999999999999 0.00199999999999999 0.068 0.035 0 0.036 24.597 0.01 24.601 26.283 0 26.278 26.129 0.001 26.123
0.066 0.001 0.067 0.032 0.004 0.036 22.505 0.014 22.514 24.054 0.001 24.05 23.792 0 23.786
0.067 0.005 0.072 0.036 0.002 0.039 27.535 0.014 27.543 29 0 28.993 29.413 0.001 29.408
