0.065 0.003 0.0670000000000001 0.033 0.002 0.0359999999999999 22.499 0.011 22.505 24.192 0 24.186 24.093 0 24.087
0.059 0.005 0.0650000000000001 0.032 0.003 0.035 24.48 0.014 24.488 26.412 0 26.407 26.247 0 26.241
0.066 0.002 0.068 0.034 0.001 0.035 22.506 0.01 22.511 24.21 0 24.205 24.032 0 24.026
0.065 0.003 0.068 0.028 0.007 0.035 22.689 0.00900000000000001 22.693 24.411 0 24.405 24.296 0 24.29
0.06 0.00700000000000001 0.068 0.034 0.00199999999999999 0.035 22.535 0.016 22.546 24.251 0 24.246 24.117 0 24.111
0.062 0.005 0.068 0.033 0.003 0.035 22.564 0.012 22.572 24.372 0 24.368 24.234 0 24.227
0.059 0.005 0.063 0.027 0.007 0.035 23.173 0.016 23.183 25.055 0 25.05 25.078 0 25.073
0.064 0.004 0.068 0.032 0.003 0.035 22.712 0.015 22.721 24.55 0 24.545 24.29 0 24.284
0.064 0.002 0.067 0.034 0.002 0.035 22.423 0.009 22.428 24.136 0 24.131 24.001 0 23.995
0.062 0.00600000000000001 0.068 0.033 0.003 0.036 22.428 0.016 22.439 24.176 0 24.171 24.058 0 24.052
0.063 0.004 0.067 0.034 0.001 0.035 22.305 0.017 22.317 24.049 0 24.044 23.913 0 23.906
0.067 0.005 0.0720000000000001 0.038 0.001 0.0389999999999999 27.802 0.012 27.807 29.556 0.000999999999999994 29.549 29.392 0 29.385
0.062 0.006 0.067 0.032 0.003 0.035 22.345 0.016 22.357 24.097 0 24.092 23.953 0 23.948
0.063 0.000999999999999994 0.064 0.035 0 0.035 23.098 0.013 23.104 24.864 0 24.86 24.722 0 24.716
0.063 0.002 0.064 0.032 0.003 0.035 22.689 0.012 22.696 24.574 0 24.57 24.733 0 24.727
0.064 0.003 0.068 0.031 0.005 0.035 22.232 0.01 22.237 23.729 0 23.725 23.583 0 23.576
0.063 0.006 0.069 0.032 0.003 0.035 22.885 0.011 22.891 24.586 0 24.58 24.462 0 24.457
0.063 0.004 0.067 0.031 0.005 0.035 22.652 0.019 22.667 24.426 0 24.421 24.317 0 24.31
0.061 0.005 0.065 0.032 0.003 0.035 24.522 0.011 24.528 26.337 0 26.331 26.223 0 26.217
0.061 0.006 0.067 0.031 0.005 0.036 22.602 0.014 22.611 24.335 0 24.33 24.281 0.001 24.276
0.066 0.002 0.0680000000000001 0.034 0.002 0.0359999999999999 23.554 0.013 23.561 25.232 0 25.226 25.155 0 25.151
0.062 0.006 0.067 0.031 0.004 0.036 22.52 0.011 22.525 23.986 0 23.991 23.562 0 23.564
0.057 0.005 0.063 0.034 0.000999999999999994 0.035 22.485 0.014 22.494 24.307 0 24.301 24.208 0 24.203
0.063 0.005 0.068 0.035 0.001 0.036 22.856 0.009 22.86 24.556 0 24.552 24.415 0 24.409
0.078 0.002 0.0820000000000001 0.032 0.006 0.0379999999999999 24.87 0.008 24.873 26.703 0 26.697 26.579 0 26.573
0.074 0.004 0.078 0.035 0.003 0.0369999999999999 24.011 0.012 24.019 25.938 0 25.933 25.804 0 25.798
0.065 0.002 0.068 0.034 0.001 0.035 23.508 0.017 23.519 25.327 0 25.321 25.232 0 25.226
0.064 0.004 0.068 0.032 0.003 0.035 22.481 0.013 22.489 24.248 0 24.243 24.101 0 24.095
0.061 0.003 0.064 0.034 0.001 0.035 22.315 0.02 22.33 24.164 0 24.159 24.367 0 24.362
0.061 0.003 0.065 0.033 0.00199999999999999 0.034 22.958 0.016 22.969 24.655 0 24.65 24.528 0 24.523
0.061 0.007 0.068 0.033 0.003 0.036 22.988 0.011 22.994 24.732 0 24.727 24.61 0 24.605
0.059 0.005 0.064 0.029 0.005 0.035 22.506 0.01 22.509 24.344 0 24.339 24.235 0 24.23
0.06 0.004 0.064 0.033 0.001 0.035 22.643 0.012 22.649 24.452 0 24.447 24.316 0 24.31
0.063 0.004 0.067 0.033 0.003 0.036 22.341 0.017 22.352 24.122 0 24.116 23.989 0 23.983
0.064 0.005 0.069 0.032 0.003 0.035 23.479 0.008 23.481 25.257 0 25.251 25.183 0 25.177
0.066 0.001 0.067 0.03 0.005 0.036 22.528 0.016 22.538 24.261 0 24.26 23.712 0 23.713
0.063 0.004 0.068 0.032 0.003 0.035 22.266 0.014 22.274 23.984 0 23.978 23.844 0 23.839
0.063 0.005 0.067 0.034 0.002 0.036 22.516 0.013 22.524 24.076 0 24.071 24.313 0 24.307
0.061 0.006 0.068 0.032 0.004 0.035 22.735 0.011 22.742 24.495 0.001 24.49 24.353 0 24.347
0.059 0.009 0.068 0.033 0.003 0.036 22.168 0.013 22.176 23.934 0 23.929 23.8 0 23.794
0.078 0.00199999999999999 0.08 0.034 0.004 0.0389999999999999 24.312 0.011 24.316 26.249 0 26.244 26.038 0 26.033
0.07 0.008 0.078 0.033 0.005 0.0379999999999999 24.541 0.016 24.551 26.345 0 26.34 26.174 0 26.168
0.063 0.005 0.068 0.034 0.002 0.036 22.403 0.028 22.433 24.025 0.00899999999999999 24.039 24.19 0 24.185
0.065 0.003 0.068 0.033 0.002 0.035 22.772 0.00900000000000001 22.777 24.471 0 24.466 24.312 0 24.305
0.065 0.004 0.067 0.032 0.003 0.036 22.574 0.012 22.581 24.347 0 24.342 24.203 0 24.196
0.066 0.001 0.068 0.033 0.003 0.035 22.476 0.012 22.483 24.383 0 24.379 24.201 0 24.194
0.063 0.004 0.067 0.032 0.004 0.035 22.531 0.017 22.543 24.343 0 24.338 24.189 0 24.181
0.064 0.004 0.068 0.033 0.002 0.035 22.55 0.016 22.561 24.447 0 24.441 24.293 0 24.287
0.064 0.003 0.068 0.032 0.004 0.036 22.418 0.019 22.432 24.146 0 24.141 24.04 0 24.034
0.062 0.005 0.068 0.032 0.004 0.036 22.687 0.014 22.694 24.402 0 24.398 24.294 0 24.288
0.065 0.002 0.067 0.033 0.002 0.035 22.327 0.013 22.334 23.727 0 23.724 23.992 0 23.985
0.062 0.002 0.064 0.031 0.004 0.035 22.686 0.011 22.691 24.441 0 24.436 24.292 0 24.285
0.063 0.004 0.068 0.033 0.003 0.035 22.532 0.013 22.54 24.402 0 24.397 24.253 0 24.246
0.061 0.006 0.068 0.034 0.002 0.036 22.509 0.015 22.519 24.504 0 24.499 24.284 0 24.278
0.063 0.005 0.068 0.032 0.004 0.036 22.501 0.014 22.51 24.27 0 24.264 24.14 0 24.134
0.061 0.003 0.064 0.032 0.003 0.035 22.555 0.009 22.559 24.353 0 24.348 24.228 0 24.222
0.069 0 0.069 0.033 0.003 0.036 22.696 0.078 22.779 24.119 0.00800000000000001 24.148 24.44 0 24.437
0.067 0.003 0.07 0.034 0.002 0.036 22.723 0.018 22.736 24.41 0 24.405 24.298 0 24.293
0.064 0.004 0.067 0.033 0.002 0.036 22.678 0.01 22.682 24.359 0 24.354 24.223 0 24.218
0.064 0.003 0.067 0.035 0.001 0.035 22.343 0.01 22.348 24.093 0 24.09 24.014 0 24.008
0.065 0.003 0.068 0.032 0.004 0.035 22.386 0.014 22.396 24.157 0.001 24.153 24.048 0 24.042
0.064 0.004 0.069 0.036 0.001 0.036 22.88 0.012 22.886 24.651 0 24.645 24.49 0 24.485
0.063 0.004 0.067 0.033 0.002 0.036 22.666 0.014 22.674 24.408 0 24.403 24.217 0 24.212
0.065 0.002 0.068 0.03 0.005 0.035 22.127 0.015 22.138 23.878 0 23.873 23.718 0 23.712
0.066 0.002 0.068 0.035 0.002 0.035 23.126 0.011 23.133 24.461 0 24.456 24.63 0 24.625
0.063 0.005 0.068 0.03 0.007 0.035 23.5 0.009 23.504 25.245 0 25.24 25.193 0 25.187
0.0649999999999999 0.003 0.068 0.035 0.001 0.036 22.397 0.016 22.407 24.177 0 24.172 24.019 0 24.013
0.07 0.009 0.079 0.033 0.005 0.0379999999999999 24.239 0.013 24.246 26.239 0 26.234 26.006 0 26
0.072 0.006 0.078 0.035 0.003 0.0379999999999999 24.047 0.014 24.055 25.969 0 25.964 25.776 0 25.77
0.065 0.003 0.067 0.033 0.002 0.035 22.431 0.014 22.441 24.228 0 24.222 24.088 0 24.082
0.062 0.005 0.067 0.032 0.003 0.036 22.423 0.011 22.429 23.693 0 23.693 23.33 0 23.337
0.062 0.006 0.069 0.032 0.004 0.036 22.834 0.015 22.842 24.611 0 24.607 24.473 0 24.468
0.064 0.005 0.068 0.032 0.004 0.036 22.628 0.016 22.639 24.393 0 24.387 24.28 0 24.275
0.064 0.004 0.068 0.036 0 0.035 22.723 0.01 22.728 24.485 0 24.48 24.352 0 24.346
0.064 0.004 0.068 0.033 0.003 0.036 22.917 0.013 22.924 24.594 0 24.589 24.523 0 24.518
0.062 0.005 0.0680000000000001 0.033 0.003 0.0349999999999999 22.4 0.014 22.409 24.112 0 24.107 23.939 0 23.934
0.061 0.005 0.067 0.035 0.001 0.035 22.032 0.014 22.042 23.621 0 23.615 23.823 0 23.818
0.065 0.009 0.074 0.032 0.005 0.037 22.429 0.011 22.435 24.174 0.001 24.171 24.025 0 24.019
0.061 0.006 0.067 0.032 0.004 0.036 22.503 0.017 22.514 24.333 0 24.327 24.209 0 24.203
0.065 0.003 0.068 0.035 0.000999999999999994 0.036 22.75 0.02 22.765 24.469 0 24.464 24.334 0 24.328
0.062 0.006 0.067 0.032 0.004 0.036 22.591 0.013 22.6 24.222 0 24.216 24.141 0 24.135
0.062 0.006 0.068 0.031 0.004 0.036 22.74 0.015 22.757 23.688 0 23.687 23.638 0 23.645
0.065 0.004 0.07 0.03 0.005 0.036 22.516 0.014 22.524 24.29 0 24.285 23.975 0 23.975
0.065 0.002 0.068 0.035 0.001 0.035 22.955 0.019 22.97 24.762 0 24.757 24.615 0 24.608
0.064 0.005 0.068 0.032 0.004 0.036 24.662 0.011 24.667 26.292 0 26.286 26.142 0 26.135
0.064 0.003 0.068 0.034 0.00199999999999999 0.035 22.512 0.011 22.518 24.246 0 24.241 24.053 0 24.048
0.066 0.002 0.069 0.033 0.004 0.037 22.979 0.017 22.991 24.682 0 24.677 24.541 0 24.536
0.064 0.003 0.068 0.035 0.001 0.035 22.905 0.013 22.913 24.204 0 24.209 23.831 0 23.837
0.065 0.002 0.067 0.035 0.000999999999999994 0.035 22.405 0.01 22.41 23.932 0 23.927 24.124 0 24.119
0.063 0.005 0.069 0.031 0.005 0.036 22.886 0.011 22.89 24.811 0 24.807 24.658 0 24.652
0.074 0.004 0.077 0.037 0.001 0.0379999999999999 23.932 0.018 23.945 25.908 0 25.904 25.658 0 25.653
0.061 0.002 0.063 0.032 0.002 0.034 22.421 0.012 22.427 24.258 0 24.253 24.151 0 24.145
0.062 0.00199999999999999 0.064 0.032 0.002 0.034 22.15 0.014 22.158 24.022 0.001 24.019 23.879 0.001 23.875
0.067 0.001 0.067 0.032 0.004 0.036 22.439 0.015 22.45 23.895 0 23.889 24.056 0 24.051
0.065 0.004 0.069 0.034 0.002 0.035 22.957 0.012 22.965 24.655 0 24.65 24.467 0 24.462
0.065 0.002 0.067 0.029 0.007 0.036 22.329 0.01 22.333 24.152 0 24.147 23.991 0 23.984
0.061 0.006 0.068 0.032 0.004 0.036 22.757 0.021 22.771 24.468 0 24.463 24.405 0 24.399
0.058 0.00600000000000001 0.063 0.032 0.00199999999999999 0.035 22.519 0.016 22.53 24.349 0 24.344 24.235 0 24.229
0.065 0.003 0.0680000000000001 0.033 0.00199999999999999 0.0359999999999999 22.404 0.011 22.41 24.151 0 24.146 24.006 0 24
0.063 0.004 0.067 0.033 0.00199999999999999 0.035 22.179 0.015 22.196 23.262 0 23.264 23.108 0 23.115
0.059 0.004 0.063 0.033 0.002 0.035 21.862 0.018 21.875 23.738 0 23.732 23.756 0 23.757
0.065 0.00199999999999999 0.067 0.031 0.004 0.036 22.588 0.011 22.593 24.339 0 24.334 24.206 0 24.2
0.062 0.006 0.068 0.034 0.002 0.036 22.602 0.016 22.612 24.406 0 24.401 24.296 0 24.291
0.06 0.004 0.064 0.032 0.004 0.036 22.798 0.019 22.811 24.557 0 24.551 24.436 0 24.43
0.058 0.006 0.064 0.031 0.004 0.035 22.687 0.013 22.695 24.462 0 24.457 24.354 0 24.348
0.066 0.003 0.068 0.031 0.004 0.036 23.655 0.015 23.664 25.266 0 25.262 25.171 0 25.166
0.065 0.003 0.068 0.033 0.003 0.036 22.588 0.01 22.593 23.635 0.000999999999999994 23.644 23.266 0 23.272
0.066 0.001 0.067 0.034 0.001 0.035 22.407 0.008 22.409 23.929 0 23.925 23.743 0 23.739
0.057 0.01 0.067 0.033 0.002 0.035 22.533 0.013 22.541 24.174 0 24.169 24.299 0 24.294
0.059 0.006 0.065 0.033 0.002 0.035 24.085 0.016 24.096 25.836 0 25.831 25.811 0 25.805
0.063 0.005 0.068 0.033 0.00199999999999999 0.035 23.606 0.015 23.615 24.941 0 24.936 25.059 0 25.054
0.064 0.004 0.068 0.034 0.002 0.036 22.253 0.013 22.261 24.116 0 24.11 23.926 0 23.922
0.061 0.003 0.063 0.033 0.002 0.036 22.512 0.012 22.519 24.232 0 24.227 24.093 0 24.088
0.064 0.003 0.067 0.03 0.006 0.035 22.301 0.018 22.314 24.134 0 24.128 23.981 0 23.975
0.064 0.005 0.068 0.031 0.004 0.036 22.478 0.008 22.48 24.249 0 24.245 24.076 0 24.071
0.065 0.003 0.067 0.033 0.003 0.036 22.876 0.016 22.886 24.545 0.001 24.542 24.408 0 24.402
0.063 0.004 0.067 0.032 0.004 0.036 22.844 0.021 22.859 24.606 0 24.601 24.475 0 24.469
0.061 0.003 0.065 0.03 0.005 0.035 22.599 0.013 22.605 24.414 0 24.409 24.295 0 24.289
0.063 0.004 0.068 0.034 0.00199999999999999 0.035 22.345 0.017 22.356 24.249 0 24.243 24.165 0 24.16
0.062 0.006 0.068 0.036 0 0.035 22.845 0.014 22.854 24.547 0 24.542 24.434 0 24.427
0.065 0.003 0.068 0.035 0.001 0.036 22.898 0.014 22.908 24.629 0 24.623 24.534 0 24.529
0.065 0.004 0.069 0.035 0.001 0.036 24.7 0.005 24.698 26.414 0 26.408 26.28 0.001 26.274
0.062 0.005 0.067 0.032 0.003 0.035 22.464 0.013 22.479 23.758 0 23.757 23.46 0 23.463
0.067 0.001 0.068 0.033 0.003 0.035 22.49 0.017 22.502 24.312 0 24.308 24.065 0 24.067
0.065 0.003 0.067 0.034 0.002 0.036 23.194 0.014 23.203 24.877 0 24.871 24.723 0 24.718
0.064 0.005 0.069 0.032 0.004 0.036 22.9 0.011 22.904 24.622 0 24.617 24.483 0 24.478
0.063 0.005 0.068 0.032 0.003 0.036 22.615 0.015 22.625 24.09 0 24.084 24.283 0 24.278
0.066 0.002 0.068 0.036 0 0.035 22.459 0.009 22.464 24.171 0 24.166 24.007 0 24.001
0.06 0.008 0.067 0.031 0.004 0.036 22.699 0.012 22.706 24.147 0 24.141 24.048 0 24.044
0.067 0.002 0.068 0.034 0.000999999999999994 0.035 23.541 0.016 23.551 25.34 0 25.335 25.088 0 25.083
0.063 0.006 0.068 0.033 0.00199999999999999 0.036 22.55 0.014 22.559 24.336 0 24.33 24.205 0 24.2
0.064 0.004 0.068 0.032 0.003 0.035 22.916 0.014 22.923 24.517 0 24.515 23.962 0 23.969
0.064 0.005 0.069 0.033 0.003 0.036 23.359 0.016 23.37 25.121 0 25.116 24.979 0 24.974
0.068 0.003 0.072 0.036 0 0.035 22.763 0.012 22.77 24.512 0 24.507 24.39 0 24.385
0.062 0.001 0.064 0.032 0.003 0.034 22.548 0.008 22.55 24.416 0 24.411 24.281 0 24.275
0.065 0.003 0.068 0.032 0.004 0.036 22.766 0.009 22.77 24.542 0 24.536 24.377 0 24.37
0.066 0.002 0.068 0.031 0.004 0.035 22.751 0.02 22.766 24.54 0 24.535 24.399 0 24.392
0.062 0.005 0.067 0.034 0.002 0.035 22.314 0.015 22.324 24.067 0 24.063 23.931 0 23.925
0.066 0.003 0.068 0.032 0.004 0.036 22.85 0.008 22.854 24.646 0 24.64 24.485 0 24.481
0.064 0.004 0.068 0.032 0.004 0.036 22.674 0.016 22.685 23.987 0 23.992 23.505 0.001 23.508
0.064 0.003 0.068 0.034 0.002 0.035 22.301 0.007 22.303 24.066 0 24.061 23.883 0 23.879
0.069 0.003 0.071 0.035 0.003 0.039 27.656 0.012 27.662 29.279 0.001 29.272 29.158 0 29.153
0.063 0.005 0.068 0.033 0.003 0.036 22.602 0.008 22.605 24.378 0 24.373 24.237 0 24.231
0.064 0.005 0.069 0.033 0.003 0.035 22.555 0.011 22.562 24.315 0.000999999999999994 24.311 24.23 0 24.224
0.064 0.004 0.069 0.034 0.00199999999999999 0.036 22.651 0.011 22.656 24.405 0 24.401 24.266 0 24.259
0.066 0.003 0.069 0.034 0.00199999999999999 0.036 23.046 0.009 23.05 24.807 0 24.802 24.592 0 24.587
0.063 0.004 0.067 0.032 0.003 0.035 22.726 0.011 22.732 24.545 0.001 24.541 24.391 0 24.385
0.065 0.003 0.068 0.033 0.002 0.036 22.328 0.016 22.338 24.147 0 24.143 24.008 0 24.001
0.063 0.005 0.069 0.031 0.005 0.035 22.863 0.016 22.875 24.54 0 24.537 23.962 0 23.966
0.065 0.004 0.068 0.03 0.005 0.036 22.81 0.017 22.821 24.518 0 24.514 24.388 0 24.381
0.061 0.008 0.069 0.035 0.001 0.035 24.867 0.011 24.873 26.572 0.001 26.566 26.254 0 26.249
0.063 0.005 0.068 0.034 0.001 0.035 22.661 0.00799999999999999 22.672 24.042 0 24.042 23.654 0 23.657
0.074 0.007 0.0820000000000001 0.037 0.001 0.0379999999999999 25.947 0.026 25.978 27.762 0 27.756 27.653 0 27.647
0.065 0.005 0.068 0.034 0.002 0.036 23.025 0.013 23.033 24.781 0 24.776 24.64 0 24.636
0.062 0.004 0.066 0.033 0.003 0.035 22.676 0.01 22.681 24.46 0 24.455 24.367 0 24.361
0.063 0.006 0.069 0.031 0.004 0.035 22.697 0.00899999999999999 22.702 24.408 0 24.402 24.254 0 24.249
0.063 0.004 0.067 0.032 0.004 0.0359999999999999 22.748 0.016 22.758 24.518 0 24.513 24.35 0 24.344
0.066 0.002 0.068 0.032 0.004 0.036 22.484 0.013 22.49 24.315 0 24.311 24.151 0 24.145
0.063 0.005 0.069 0.033 0.002 0.035 22.137 0.013 22.152 23.57 0 23.575 23.235 0 23.23
0.063 0.004 0.067 0.034 0.00199999999999999 0.035 22.353 0.015 22.363 24.118 0 24.114 23.941 0 23.934
0.066 0.002 0.068 0.033 0.003 0.036 22.375 0.01 22.38 24.204 0 24.199 24.055 0 24.05
0.063 0.008 0.07 0.034 0.001 0.036 22.315 0.02 22.328 24.025 0 24.022 23.903 0 23.897
0.063 0.001 0.064 0.032 0.003 0.034 22.613 0.016 22.625 24.347 0 24.341 24.218 0 24.212
0.066 0.002 0.068 0.034 0.002 0.036 22.722 0.015 22.732 24.523 0 24.517 24.371 0 24.366
0.063 0.005 0.068 0.032 0.003 0.036 22.382 0.02 22.397 24.156 0 24.151 24.06 0 24.054
0.061 0.00199999999999999 0.063 0.035 0 0.035 22.75 0.011 22.756 24.531 0 24.525 24.363 0 24.357
0.063 0.005 0.068 0.035 0.002 0.037 23.518 0.016 23.528 25.211 0 25.206 25.042 0 25.037
0.065 0.003 0.068 0.035 0.001 0.036 22.682 0.012 22.689 24.479 0 24.474 24.349 0 24.343
0.063 0.004 0.067 0.031 0.004 0.035 22.342 0.009 22.346 24.078 0 24.073 23.946 0 23.94
0.064 0.004 0.068 0.031 0.004 0.035 22.451 0.01 22.455 24.249 0 24.244 24.12 0 24.114
0.065 0.003 0.068 0.033 0.003 0.036 22.922 0.015 22.931 24.719 0.001 24.715 24.571 0 24.566
0.063 0.007 0.07 0.033 0.003 0.035 24.815 0.011 24.82 26.599 0 26.595 26.401 0 26.394
0.061 0.007 0.067 0.035 0.001 0.036 23.627 0.00900000000000001 23.632 25.262 0 25.255 25.176 0 25.172
0.066 0.003 0.069 0.034 0.001 0.035 22.349 0.012 22.354 24.09 0 24.084 23.974 0 23.968
0.062 0.006 0.068 0.035 0.001 0.035 22.715 0.015 22.726 24.566 0 24.56 24.409 0 24.404
0.061 0.007 0.068 0.035 0.002 0.037 23.866 0.013 23.873 25.65 0 25.645 25.437 0 25.431
0.06 0.007 0.0680000000000001 0.033 0.003 0.0349999999999999 22.619 0.017 22.632 24.393 0 24.388 24.247 0 24.242
0.066 0.004 0.07 0.034 0.002 0.037 23.21 0.014 23.218 24.979 0 24.973 24.841 0 24.836
0.066 0.002 0.068 0.035 0.001 0.035 22.476 0.018 22.488 24.236 0 24.232 24.092 0 24.086
0.059 0.008 0.068 0.033 0.003 0.035 22.418 0.008 22.421 24.22 0 24.215 24.117 0 24.112
0.064 0.004 0.068 0.035 0.001 0.036 22.775 0.01 22.78 24.489 0 24.484 24.375 0 24.368
0.065 0.003 0.067 0.032 0.003 0.036 22.453 0.014 22.462 24.171 0 24.165 24.034 0 24.028
0.062 0.005 0.068 0.029 0.007 0.036 22.286 0.013 22.304 23.818 0 23.817 23.466 0 23.47
0.062 0.005 0.067 0.033 0.003 0.036 22.418 0.01 22.428 23.704 0 23.704 23.312 0 23.315
0.066 0.003 0.069 0.036 0 0.036 24.804 0.011 24.809 26.53 0 26.524 26.334 0 26.328
0.061 0.006 0.068 0.032 0.003 0.035 22.502 0.014 22.51 24.281 0 24.276 24.127 0 24.122
0.058 0.007 0.065 0.034 0.001 0.034 22.825 0.043 22.888 24.6 0.00799999999999999 24.616 24.573 0.00900000000000001 24.585
0.065 0.003 0.068 0.032 0.003 0.035 22.308 0.016 22.319 24.068 0.001 24.066 23.917 0 23.91
0.065 0.003 0.068 0.034 0.000999999999999994 0.035 22.373 0.011 22.379 24.102 0 24.097 23.972 0 23.966
0.06 0.004 0.063 0.034 0.000999999999999994 0.035 22.322 0.01 22.326 23.869 0 23.873 23.276 0 23.277
0.065 0.005 0.07 0.036 0 0.036 22.261 0.009 22.264 24.025 0 24.021 23.89 0 23.883
0.061 0.00600000000000001 0.067 0.034 0.000999999999999994 0.035 22.381 0.017 22.393 24.179 0 24.173 24.043 0 24.038
0.064 0.004 0.068 0.03 0.00600000000000001 0.036 23.131 0.015 23.14 24.821 0 24.817 24.755 0 24.75
0.065 0.003 0.068 0.032 0.003 0.035 22.476 0.008 22.478 24.23 0 24.225 24.146 0 24.14
0.063 0.003 0.066 0.033 0.002 0.035 22.48 0.013 22.487 24.284 0.001 24.28 24.193 0 24.187
0.059 0.009 0.069 0.033 0.003 0.036 23.074 0.012 23.08 24.812 0 24.807 24.703 0 24.698
0.066 0.003 0.068 0.032 0.003 0.036 24.604 0.016 24.613 26.427 0 26.422 26.343 0 26.337
0.062 0.006 0.068 0.033 0.003 0.036 22.79 0.012 22.796 24.512 0 24.507 24.378 0 24.372
0.065 0.003 0.068 0.036 0 0.036 23.558 0.011 23.563 25.232 0 25.226 25.2 0 25.194
0.062 0.002 0.0639999999999999 0.032 0.003 0.035 22.288 0.014 22.297 24.075 0 24.07 23.959 0 23.954
0.069 0.001 0.07 0.035 0.001 0.036 22.606 0.011 22.612 24.295 0 24.289 24.175 0 24.169
0.0659999999999999 0.004 0.07 0.033 0.002 0.035 22.194 0.02 22.209 23.748 0 23.743 23.623 0 23.617
0.063 0.004 0.068 0.034 0.002 0.035 22.434 0.012 22.441 24.194 0.001 24.19 24.088 0 24.083
0.063 0.005 0.068 0.035 0 0.035 22.608 0.014 22.617 24.347 0 24.342 24.225 0 24.219
0.065 0.003 0.068 0.034 0.00199999999999999 0.036 22.869 0.01 22.873 24.637 0 24.632 24.48 0 24.473
0.06 0.007 0.068 0.031 0.005 0.035 22.362 0.019 22.376 24.101 0 24.097 23.974 0 23.967
0.063 0.004 0.067 0.033 0.003 0.036 22.175 0.013 22.182 24.005 0 24 23.736 0 23.739
0.062 0.005 0.067 0.03 0.005 0.035 22.498 0.009 22.502 24.162 0 24.156 24.093 0 24.088
0.064 0.004 0.067 0.032 0.002 0.035 22.888 0.013 22.895 24.639 0 24.634 24.532 0 24.527
0.063 0.002 0.065 0.034 0.00199999999999999 0.036 22.486 0.015 22.496 24.253 0 24.248 24.123 0 24.117
0.061 0.00600000000000001 0.067 0.033 0.00199999999999999 0.036 22.391 0.013 22.398 24.11 0 24.106 24 0 23.993
0.064 0.003 0.068 0.032 0.004 0.036 22.21 0.011 22.215 23.931 0 23.925 23.814 0 23.809
0.059 0.009 0.068 0.032 0.003 0.035 22.824 0.013 22.832 24.511 0 24.507 24.395 0 24.388
0.064 0.002 0.066 0.031 0.004 0.035 22.487 0.015 22.497 24.259 0 24.254 24.122 0 24.117
0.06 0.004 0.064 0.03 0.004 0.034 22.349 0.009 22.352 24.167 0 24.163 24.055 0 24.049
0.06 0.008 0.068 0.031 0.005 0.036 22.885 0.015 22.895 24.616 0 24.611 24.492 0 24.487
0.066 0.003 0.068 0.034 0.002 0.036 22.819 0.015 22.829 24.584 0 24.58 24.46 0 24.454
0.06 0.007 0.067 0.032 0.003 0.036 22.533 0.01 22.538 24.278 0 24.273 24.205 0 24.199
0.061 0.007 0.067 0.032 0.004 0.036 22.653 0.01 22.658 24.373 0 24.368 24.245 0 24.24
0.065 0.003 0.068 0.034 0.002 0.035 22.639 0.016 22.65 24.418 0 24.412 24.29 0 24.283
0.062 0.005 0.067 0.035 0.001 0.036 22.17 0.011 22.176 23.954 0 23.949 23.769 0 23.764
0.075 0.009 0.084 0.039 0.001 0.04 26.037 0.016 26.049 27.823 0 27.817 27.785 0 27.779
0.066 0.004 0.07 0.031 0.004 0.036 22.328 0.01 22.333 24.154 0 24.148 24.048 0 24.043
0.064 0.003 0.068 0.033 0.003 0.036 22.699 0.014 22.707 24.431 0.001 24.427 24.28 0 24.274
0.062 0.005 0.067 0.032 0.004 0.036 22.401 0.018 22.414 24.175 0 24.17 24.026 0 24.02
0.059 0.004 0.063 0.032 0.002 0.035 22.424 0.01 22.428 24.323 0 24.317 24.165 0 24.158
0.068 0.001 0.068 0.033 0.003 0.036 23.675 0.013 23.683 25.259 0 25.255 25.182 0 25.176
0.063 0.004 0.067 0.033 0.003 0.036 22.696 0.011 22.702 24.421 0 24.415 24.31 0 24.305
0.066 0.002 0.067 0.032 0.003 0.036 22.937 0.007 22.938 24.576 0 24.571 24.404 0 24.398
0.065 0.004 0.068 0.033 0.003 0.037 22.805 0.018 22.817 24.574 0 24.568 24.454 0 24.448
0.063 0.005 0.0680000000000001 0.032 0.003 0.0359999999999999 22.849 0.017 22.86 24.55 0 24.546 24.445 0 24.438
0.064 0.005 0.069 0.032 0.004 0.036 23.034 0.009 23.038 24.792 0 24.786 24.663 0 24.658
0.067 0.000999999999999994 0.068 0.034 0.002 0.035 22.794 0.012 22.802 24.547 0 24.541 24.436 0 24.43
0.063 0.005 0.068 0.032 0.003 0.035 22.917 0.017 22.929 24.773 0 24.768 24.662 0 24.657
0.066 0.002 0.068 0.031 0.004 0.035 22.347 0.016 22.358 24.133 0 24.128 23.997 0 23.991
0.063 0.004 0.068 0.035 0.001 0.035 22.47 0.018 22.483 24.286 0 24.282 24.076 0 24.07
0.063 0.004 0.067 0.033 0.002 0.035 22.585 0.015 22.595 24.313 0 24.308 24.19 0 24.184
0.062 0.00600000000000001 0.068 0.035 0.001 0.036 22.903 0.006 22.904 24.681 0 24.676 24.529 0 24.524
0.06 0.008 0.068 0.032 0.004 0.036 22.995 0.021 23.011 24.741 0.001 24.737 24.596 0 24.591
0.062 0.005 0.067 0.032 0.003 0.035 22.681 0.012 22.688 24.425 0 24.42 24.28 0 24.274
0.061 0.007 0.068 0.029 0.006 0.035 22.57 0.01 22.574 24.436 0 24.432 24.292 0 24.286
0.061 0.004 0.065 0.032 0.003 0.035 22.481 0.012 22.489 24.313 0 24.306 24.171 0 24.165
0.059 0.005 0.064 0.029 0.005 0.035 22.562 0.016 22.573 24.422 0.001 24.418 24.346 0 24.34
0.077 0.007 0.084 0.036 0.004 0.04 25.812 0.017 25.824 27.641 0 27.635 27.579 0 27.573
0.064 0.005 0.069 0.032 0.004 0.036 22.358 0.012 22.365 24.128 0 24.123 23.995 0 23.989
0.067 0.004 0.072 0.034 0.002 0.035 23.471 0.017 23.483 25.14 0 25.134 24.955 0 24.951
0.061 0.006 0.067 0.033 0.003 0.036 22.297 0.013 22.305 23.702 0 23.706 23.297 0 23.303
0.066 0.000999999999999994 0.067 0.035 0.001 0.035 22.34 0.012 22.347 24.132 0 24.127 23.965 0 23.96
0.061 0.007 0.067 0.033 0.002 0.036 22.34 0.013 22.347 24.106 0 24.1 23.929 0 23.923
0.062 0.006 0.067 0.034 0.002 0.036 22.385 0.016 22.396 24.257 0.001 24.254 24.131 0 24.125
0.064 0.005 0.068 0.035 0.001 0.036 23.642 0.018 23.655 25.349 0 25.344 25.155 0 25.149
0.06 0.005 0.065 0.032 0.002 0.035 22.708 0.012 22.713 24.565 0 24.56 24.469 0 24.464
0.066 0.002 0.068 0.033 0.002 0.035 22.545 0.016 22.555 24.281 0 24.276 24.169 0 24.163
0.064 0.004 0.068 0.032 0.003 0.036 22.555 0.009 22.558 24.279 0 24.274 24.167 0 24.161
0.065 0.004 0.069 0.032 0.004 0.035 22.717 0.014 22.727 24.496 0 24.491 24.367 0 24.361
0.06 0.00700000000000001 0.067 0.032 0.003 0.035 22.35 0.011 22.356 24.086 0 24.081 23.924 0 23.919
0.064 0.004 0.068 0.036 0.001 0.036 22.867 0.012 22.875 24.677 0 24.672 24.512 0 24.506
0.06 0.006 0.066 0.032 0.003 0.035 21.689 0.02 21.712 23.245 0 23.247 23.245 0 23.244
0.061 0.006 0.068 0.034 0.002 0.035 22.621 0.01 22.627 24.399 0 24.394 24.288 0 24.282
0.062 0.002 0.064 0.033 0.002 0.034 22.191 0.011 22.198 24.162 0 24.156 24.305 0 24.299
0.059 0.008 0.068 0.032 0.004 0.035 22.524 0.013 22.532 24.3 0.001 24.297 24.176 0 24.17
0.066 0.002 0.0679999999999999 0.032 0.003 0.035 23.032 0.015 23.041 24.766 0 24.76 24.643 0 24.639
0.059 0.009 0.067 0.032 0.004 0.035 22.601 0.01 22.607 24.381 0 24.375 24.234 0 24.228
0.064 0.004 0.068 0.033 0.002 0.036 22.662 0.018 22.674 24.424 0 24.418 24.331 0 24.324
0.067 0.001 0.068 0.035 0 0.035 22.61 0.016 22.621 24.391 0 24.386 24.177 0 24.171
0.072 0.012 0.084 0.0359999999999999 0.003 0.039 25.926 0.013 25.934 28.012 0 28.006 27.653 0 27.648
0.062 0.008 0.069 0.033 0.003 0.036 22.603 0.013 22.611 24.359 0 24.354 24.241 0 24.236
0.06 0.007 0.067 0.035 0.001 0.035 22.634 0.01 22.64 24.344 0 24.338 24.23 0 24.224
0.064 0.003 0.068 0.032 0.003 0.035 22.202 0.019 22.216 24.046 0 24.041 23.877 0 23.871
0.064 0.004 0.069 0.036 0 0.036 22.804 0.009 22.808 24.537 0 24.531 24.429 0 24.422
0.064 0.004 0.067 0.035 0 0.036 22.497 0.00700000000000001 22.499 24.173 0 24.168 24.058 0.001 24.053
0.066 0.002 0.067 0.032 0.003 0.036 22.677 0.014 22.685 24.424 0 24.418 24.352 0 24.346
0.06 0.004 0.064 0.031 0.003 0.035 22.537 0.013 22.544 24.332 0 24.327 24.528 0 24.522
0.065 0.003 0.068 0.034 0.002 0.035 22.741 0.011 22.747 24.48 0 24.475 24.295 0 24.289
0.066 0.002 0.068 0.032 0.004 0.036 22.334 0.013 22.342 23.943 0 23.938 23.892 0 23.886
0.06 0.007 0.068 0.033 0.003 0.036 22.562 0.007 22.564 24.326 0 24.321 24.207 0 24.2
0.069 0.004 0.072 0.034 0.003 0.037 22.196 0.013 22.204 23.976 0 23.972 23.843 0 23.836
0.064 0.003 0.067 0.035 0 0.035 22.351 0.016 22.368 23.454 0 23.453 23.23 0 23.232
0.061 0.007 0.067 0.035 0 0.036 22.628 0.019 22.64 24.378 0 24.374 24.278 0 24.272
0.066 0.003 0.069 0.033 0.003 0.036 22.8 0.012 22.807 24.554 0.001 24.55 24.433 0 24.428
0.061 0.006 0.068 0.034 0.002 0.036 22.471 0.017 22.482 24.214 0 24.209 24.11 0 24.104
0.064 0.004 0.069 0.032 0.004 0.035 22.994 0.012 23.001 24.623 0.001 24.619 24.58 0 24.575
0.066 0.004 0.071 0.034 0.002 0.036 22.561 0.012 22.567 24.256 0.001 24.252 24.138 0 24.133
0.068 0.003 0.071 0.031 0.005 0.036 22.715 0.011 22.72 24.45 0 24.445 24.33 0 24.323
0.064 0.003 0.067 0.032 0.004 0.036 22.329 0.017 22.341 24.084 0.000999999999999987 24.08 23.914 0 23.908
0.063 0.004 0.068 0.033 0.003 0.035 22.162 0.008 22.165 23.598 0 23.594 23.86 0 23.854
0.064 0.003 0.067 0.033 0.003 0.036 22.564 0.016 22.574 24.294 0 24.289 24.2 0 24.196
0.063 0.004 0.067 0.032 0.003 0.035 22.543 0.013 22.55 24.287 0 24.282 24.175 0 24.169
0.063 0.005 0.068 0.031 0.004 0.035 22.463 0.011 22.468 24.329 0 24.324 24.192 0 24.186
0.067 0.001 0.068 0.031 0.005 0.035 22.786 0.011 22.791 24.248 0 24.251 23.726 0 23.731
0.055 0.008 0.063 0.032 0.003 0.034 22.512 0.01 22.518 24.382 0 24.376 24.286 0 24.281
0.065 0.003 0.067 0.03 0.006 0.036 22.25 0.018 22.263 24.025 0 24.019 23.839 0 23.833
0.061 0.002 0.064 0.034 0.000999999999999994 0.035 22.719 0.013 22.727 24.35 0 24.345 24.212 0 24.205
0.066 0.002 0.068 0.033 0.002 0.035 23.091 0.015 23.1 24.845 0 24.84 24.697 0 24.692
0.06 0.004 0.063 0.033 0.002 0.035 22.534 0.01 22.54 24.265 0 24.258 24.136 0 24.13
0.064 0.004 0.068 0.031 0.005 0.036 22.286 0.01 22.291 23.678 0 23.674 23.79 0 23.783
0.083 0.002 0.085 0.036 0.003 0.039 25.767 0.00800000000000001 25.77 27.719 0 27.713 27.652 0 27.646
0.062 0.006 0.0679999999999999 0.036 0 0.036 23.561 0.016 23.572 25.137 0 25.13 25.08 0 25.076
0.064 0.005 0.069 0.033 0.003 0.036 22.498 0.01 22.502 24.256 0 24.251 24.151 0 24.145
0.066 0.003 0.07 0.034 0.003 0.036 22.688 0.015 22.698 24.462 0 24.457 24.333 0 24.327
0.065 0.002 0.067 0.035 0.001 0.036 22.279 0.017 22.291 24.028 0 24.023 23.89 0 23.884
0.061 0.006 0.067 0.032 0.004 0.036 22.228 0.012 22.235 24.017 0 24.012 23.857 0 23.851
0.065 0.003 0.068 0.036 0 0.035 25.042 0.02 25.057 26.377 0 26.37 26.201 0 26.196
0.066 0.002 0.068 0.032 0.004 0.036 23.456 0.02 23.471 25.167 0 25.162 25.084 0 25.079
0.064 0.005 0.069 0.033 0.003 0.036 23.689 0.017 23.7 25.39 0 25.384 25.259 0 25.253
0.065 0.003 0.068 0.03 0.00600000000000001 0.036 22.474 0.011 22.48 24.289 0 24.284 24.189 0 24.183
0.064 0.004 0.068 0.034 0.001 0.035 22.375 0.018 22.388 23.948 0 23.943 24.246 0 24.24
0.065 0.005 0.071 0.035 0.000999999999999994 0.036 22.449 0.01 22.453 24.178 0 24.172 24.056 0 24.05
0.063 0.004 0.066 0.033 0.002 0.036 22.41 0.013 22.418 24.167 0 24.161 24.046 0 24.041
0.063 0.005 0.068 0.032 0.004 0.036 22.475 0.011 22.481 24.23 0 24.225 24.104 0 24.098
0.062 0.006 0.067 0.032 0.003 0.036 23.096 0.02 23.111 24.819 0 24.814 24.68 0 24.675
0.0659999999999999 0.00199999999999999 0.068 0.033 0.003 0.036 22.56 0.011 22.566 24.277 0 24.272 24.145 0 24.139
0.068 0.001 0.069 0.033 0.003 0.036 22.568 0.013 22.576 24.409 0.001 24.405 24.27 0 24.264
0.057 0.006 0.064 0.035 0 0.035 22.765 0.009 22.768 24.536 0 24.531 24.49 0 24.484
0.062 0.006 0.068 0.034 0.001 0.036 22.888 0.005 22.887 24.765 0 24.76 24.699 0 24.693
0.063 0.005 0.068 0.035 0 0.035 22.714 0.022 22.731 24.598 0 24.593 24.468 0 24.462
0.064 0.004 0.067 0.033 0.003 0.036 22.923 0.013 22.931 24.782 0.001 24.776 24.627 0 24.623
0.065 0.003 0.067 0.033 0.00199999999999999 0.035 22.394 0.011 22.4 23.772 0 23.767 23.855 0 23.849
0.079 0.005 0.084 0.0379999999999999 0.00199999999999999 0.039 25.901 0.017 25.914 27.893 0 27.886 27.605 0 27.6
0.065 0.002 0.067 0.033 0.002 0.035 22.629 0.014 22.638 24.382 0 24.376 24.235 0 24.23
0.064 0.005 0.069 0.03 0.006 0.036 22.428 0.018 22.44 24.181 0 24.177 24.039 0 24.033
0.066 0.002 0.068 0.031 0.005 0.035 22.376 0.00899999999999999 22.381 24.126 0 24.122 24.046 0 24.04
0.064 0.003 0.067 0.034 0.00199999999999999 0.036 22.463 0.015 22.473 24.193 0 24.189 24.034 0 24.029
0.064 0.004 0.067 0.034 0.001 0.036 22.55 0.015 22.559 24.321 0 24.317 24.202 0 24.196
0.061 0.007 0.068 0.033 0.00199999999999999 0.036 22.586 0.00700000000000001 22.586 24.358 0 24.353 24.217 0 24.21
0.063 0.004 0.067 0.035 0 0.036 22.325 0.02 22.34 24.077 0 24.072 23.757 0 23.759
0.064 0.003 0.067 0.03 0.006 0.036 22.225 0.018 22.238 23.899 0 23.894 24.155 0 24.148
0.066 0.003 0.069 0.034 0.002 0.035 22.572 0.014 22.581 24.371 0 24.366 24.228 0 24.222
0.065 0.002 0.067 0.035 0.001 0.035 22.484 0.018 22.498 24.174 0 24.169 24.03 0 24.024
0.065 0.003 0.069 0.035 0.001 0.035 23.524 0.013 23.532 25.281 0 25.275 25.231 0 25.225
0.065 0.003 0.068 0.033 0.00199999999999999 0.036 22.858 0.014 22.867 24.599 0 24.594 24.432 0 24.427
0.06 0.007 0.068 0.034 0.002 0.036 22.383 0.023 22.418 24.242 0.00700000000000001 24.25 24.135 0 24.129
0.066 0.002 0.068 0.029 0.007 0.037 22.959 0.021 22.974 24.756 0 24.751 24.56 0 24.555
0.064 0.004 0.069 0.032 0.004 0.035 22.485 0.011 22.491 24.315 0 24.31 24.156 0 24.151
0.064 0.003 0.067 0.031 0.005 0.035 22.361 0.013 22.369 24.108 0 24.102 24.012 0 24.007
0.065 0.00199999999999999 0.068 0.031 0.005 0.036 22.78 0.016 22.79 24.533 0 24.528 24.381 0 24.376
0.065 0.003 0.067 0.031 0.004 0.035 22.442 0.015 22.452 24.279 0 24.273 24.154 0 24.149
0.063 0.004 0.067 0.033 0.003 0.036 22.437 0.019 22.45 24.13 0 24.125 24.026 0 24.019
0.062 0.005 0.067 0.031 0.004 0.035 22.498 0.015 22.508 23.54 0 23.545 23.228 0 23.238
0.077 0.007 0.083 0.032 0.00700000000000001 0.039 25.448 0.019 25.463 27.392 0 27.387 27.176 0 27.169
0.062 0.00700000000000001 0.069 0.033 0.00199999999999999 0.035 22.376 0.012 22.383 24.132 0 24.127 23.985 0 23.979
0.06 0.007 0.068 0.036 0 0.035 22.572 0.013 22.58 24.352 0 24.347 24.211 0 24.205
0.065 0.003 0.069 0.033 0.003 0.036 24.758 0.011 24.763 26.331 0 26.325 26.264 0 26.259
0.064 0.004 0.068 0.032 0.004 0.036 23.009 0.013 23.017 24.813 0 24.808 24.69 0 24.685
0.064 0.004 0.068 0.033 0.003 0.035 22.83 0.011 22.837 24.479 0 24.474 24.367 0 24.361
0.067 0.002 0.07 0.034 0.002 0.036 24.816 0.009 24.819 26.444 0 26.436 26.335 0 26.329
0.066 0.002 0.068 0.036 0 0.036 23.123 0.012 23.137 24.367 0 24.372 24.154 0 24.15
0.065 0.003 0.069 0.03 0.005 0.035 22.743 0.012 22.75 24.602 0 24.597 24.486 0 24.488
0.064 0.003 0.068 0.029 0.007 0.036 22.401 0.015 22.41 24.475 0 24.472 24.332 0 24.326
0.068 0.00199999999999999 0.069 0.03 0.006 0.036 23.112 0.01 23.117 24.897 0 24.891 24.725 0 24.721
0.064 0.004 0.068 0.031 0.005 0.036 23.078 0.013 23.085 24.81 0 24.804 24.64 0 24.635
0.064 0.006 0.068 0.035 0 0.036 22.717 0.011 22.722 24.443 0 24.439 24.316 0 24.309
0.065 0.003 0.068 0.035 0 0.036 22.596 0.009 22.599 24.343 0 24.339 24.213 0 24.207
0.057 0.007 0.063 0.03 0.004 0.035 23.274 0.017 23.285 25.121 0 25.115 25.004 0 24.999
0.064 0.003 0.067 0.033 0.003 0.0359999999999999 22.713 0.019 22.727 24.498 0 24.493 24.363 0 24.357
0.063 0.005 0.068 0.032 0.003 0.035 23.06 0.015 23.069 24.803 0 24.798 24.642 0 24.637
0.063 0.005 0.067 0.031 0.004 0.036 22.574 0.012 22.579 24.337 0 24.331 24.282 0 24.276
0.065 0.00199999999999999 0.067 0.031 0.005 0.036 22.636 0.011 22.641 24.195 0 24.198 23.353 0 23.354
0.063 0.004 0.066 0.033 0.002 0.036 22.541 0.014 22.55 24.154 0.001 24.149 24.069 0 24.064
0.065 0.003 0.068 0.035 0.001 0.036 22.955 0.016 22.966 24.692 0 24.687 24.552 0 24.546
0.066 0.00199999999999999 0.069 0.032 0.004 0.036 22.896 0.014 22.904 24.628 0 24.624 24.491 0.001 24.487
0.06 0.003 0.063 0.033 0.00199999999999999 0.035 22.367 0.019 22.381 24.195 0 24.19 24.085 0 24.079
0.0659999999999999 0.003 0.069 0.032 0.004 0.035 22.646 0.01 22.652 24.439 0 24.433 24.305 0 24.298
0.062 0.007 0.068 0.032 0.003 0.036 22.751 0.011 22.756 24.475 0 24.471 24.335 0 24.329
0.063 0.005 0.067 0.034 0.001 0.036 22.48 0.021 22.496 24.245 0 24.24 24.137 0 24.13
0.062 0.005 0.067 0.032 0.004 0.036 22.609 0.012 22.616 24.391 0 24.386 24.211 0 24.205
0.062 0.005 0.067 0.032 0.003 0.036 22.643 0.01 22.647 24.324 0 24.319 24.217 0 24.211
0.066 0.00199999999999999 0.068 0.034 0.002 0.036 22.692 0.014 22.701 24.451 0 24.446 24.3 0 24.294
0.073 0.007 0.08 0.035 0.004 0.038 25.505 0.016 25.516 27.35 0 27.346 27.229 0 27.223
0.064 0.004 0.069 0.035 0.001 0.036 22.939 0.011 22.945 24.644 0 24.638 24.52 0 24.515
0.062 0.005 0.066 0.032 0.003 0.036 22.535 0.00700000000000001 22.537 24.133 0 24.127 24.027 0 24.022
0.059 0.004 0.063 0.034 0.001 0.034 22.519 0.011 22.526 24.306 0 24.301 24.168 0 24.162
0.06 0.00700000000000001 0.067 0.035 0.000999999999999994 0.036 22.654 0.013 22.662 24.396 0 24.39 24.255 0 24.249
0.068 0.001 0.069 0.034 0.001 0.035 24.787 0.012 24.793 26.375 0 26.37 26.354 0 26.347
0.065 0.003 0.068 0.034 0.00199999999999999 0.035 22.54 0.013 22.549 24.318 0 24.313 24.107 0 24.101
0.063 0.004 0.067 0.033 0.003 0.035 22.154 0.015 22.164 23.892 0 23.888 23.769 0 23.763
0.059 0.008 0.0679999999999999 0.033 0.002 0.035 22.308 0.015 22.317 24.047 0 24.042 23.924 0 23.917
0.068 0.001 0.069 0.027 0.009 0.036 23.125 0.012 23.131 24.853 0 24.847 24.774 0 24.768
0.064 0.004 0.067 0.032 0.003 0.036 22.509 0.018 22.521 24.295 0 24.29 24.135 0 24.13
0.065 0.003 0.069 0.035 0.00199999999999999 0.036 22.747 0.014 22.757 24.481 0 24.475 24.345 0 24.34
0.061 0.00700000000000001 0.068 0.035 0.001 0.036 22.795 0.01 22.8 24.571 0 24.566 24.447 0 24.441
0.063 0.005 0.069 0.032 0.004 0.036 24.875 0.016 24.885 26.442 0 26.436 26.178 0 26.173
0.065 0.003 0.067 0.034 0.001 0.036 22.49 0.011 22.496 24.21 0 24.205 24.101 0 24.096
0.061 0.006 0.068 0.031 0.00600000000000001 0.036 22.589 0.015 22.599 24.338 0 24.333 24.194 0 24.188
0.056 0.012 0.068 0.035 0 0.035 22.789 0.016 22.8 24.463 0 24.459 24.416 0 24.409
0.064 0.005 0.068 0.034 0.001 0.036 22.352 0.015 22.361 24.185 0 24.18 24.036 0 24.03
0.064 0.004 0.068 0.034 0.002 0.036 22.396 0.012 22.41 23.682 0 23.683 23.33 0 23.328
0.063 0.00600000000000001 0.069 0.033 0.003 0.036 22.993 0.013 23.001 24.743 0 24.737 24.578 0 24.573
0.064 0.004 0.068 0.033 0.003 0.036 22.847 0.015 22.859 24.193 0 24.193 23.719 0 23.722
0.06 0.003 0.063 0.031 0.004 0.035 22.569 0.00900000000000001 22.573 24.356 0 24.351 24.251 0 24.244
0.061 0.006 0.067 0.03 0.00600000000000001 0.035 22.608 0.013 22.617 24.354 0 24.349 24.22 0 24.214
0.066 0.002 0.068 0.031 0.005 0.036 22.797 0.013 22.804 24.537 0 24.532 24.367 0 24.361
0.076 0.007 0.084 0.0379999999999999 0.002 0.04 26.124 0.01 26.129 28.074 0 28.068 27.75 0 27.743
0.067 0.002 0.069 0.034 0.002 0.036 22.866 0.012 22.872 24.687 0 24.682 24.538 0 24.533
0.064 0.006 0.07 0.031 0.004 0.035 22.36 0.007 22.362 24.079 0 24.074 23.939 0.000999999999999994 23.934
0.063 0.005 0.068 0.032 0.003 0.036 22.88 0.016 22.889 24.58 0 24.574 24.509 0 24.504
0.066 0.00199999999999999 0.067 0.033 0.002 0.036 22.318 0.013 22.325 24.081 0.000999999999999994 24.078 23.934 0 23.928
0.061 0.004 0.064 0.033 0.001 0.034 22.321 0.012 22.328 24.17 0 24.166 24.015 0 24.008
0.065 0.003 0.067 0.033 0.003 0.036 22.502 0.007 22.503 24.29 0 24.285 24.142 0 24.137
0.067 0.001 0.068 0.032 0.003 0.035 22.839 0.02 22.859 24.531 0 24.526 24.441 0 24.434
0.062 0.006 0.068 0.033 0.003 0.036 22.554 0.01 22.558 24.279 0 24.273 24.115 0 24.109
0.065 0.003 0.067 0.034 0.002 0.036 22.909 0.016 22.919 24.704 0 24.7 24.597 0 24.591
0.062 0.00600000000000001 0.069 0.033 0.003 0.035 22.336 0.013 22.344 24.106 0 24.102 23.981 0 23.974
0.063 0.005 0.067 0.034 0.001 0.036 22.568 0.013 22.576 24.334 0 24.328 24.197 0 24.191
0.065 0.004 0.069 0.032 0.004 0.036 23.804 0.014 23.813 25.476 0 25.47 25.402 0 25.397
0.064 0.004 0.069 0.034 0.002 0.035 22.811 0.012 22.819 24.62 0 24.614 24.505 0 24.501
0.061 0.004 0.065 0.033 0.002 0.035 23.829 0.011 23.834 25.576 0 25.571 25.38 0 25.375
0.065 0.003 0.068 0.034 0.001 0.035 22.779 0.012 22.784 24.52 0 24.515 24.392 0 24.386
0.06 0.003 0.064 0.035 0.001 0.035 22.868 0.01 22.874 24.55 0 24.545 24.407 0 24.4
0.068 0.004 0.072 0.036 0.001 0.037 22.171 0.01 22.175 23.966 0 23.961 23.833 0 23.827
0.062 0.005 0.067 0.035 0.001 0.036 22.334 0.013 22.341 24.101 0 24.097 23.953 0 23.946
0.064 0.004 0.068 0.034 0.00199999999999999 0.036 23.177 0.016 23.186 24.874 0 24.869 24.775 0 24.77
0.063 0.004 0.068 0.03 0.006 0.035 22.342 0.009 22.346 24.104 0 24.1 23.885 0 23.879
0.064 0.004 0.068 0.035 0 0.035 22.496 0.012 22.503 24.275 0 24.27 24.132 0 24.126
0.065 0.003 0.067 0.033 0.002 0.036 22.291 0.009 22.294 24.038 0 24.034 23.9 0 23.894
0.065 0.002 0.067 0.035 0.001 0.036 22.486 0.019 22.5 24.26 0 24.255 24.144 0 24.138
0.063 0.004 0.067 0.03 0.005 0.035 22.388 0.018 22.401 24.121 0 24.115 23.981 0 23.976
0.064 0.003 0.067 0.034 0.002 0.035 22.386 0.008 22.388 23.978 0 23.974 23.848 0 23.842
0.064 0.005 0.068 0.033 0.00199999999999999 0.036 23.086 0.01 23.09 24.819 0 24.814 24.657 0 24.652
0.065 0.003 0.068 0.034 0.001 0.035 22.378 0.01 22.383 24.202 0.001 24.197 24.122 0 24.117
0.064 0.003 0.067 0.035 0.000999999999999994 0.036 22.439 0.016 22.45 24.167 0 24.162 24.031 0 24.025
0.064 0.004 0.067 0.033 0.002 0.036 22.556 0.014 22.563 24.297 0 24.292 24.121 0 24.114
0.063 0.005 0.069 0.034 0.002 0.035 22.899 0.017 22.91 24.774 0 24.768 24.638 0 24.632
0.064 0.003 0.067 0.032 0.003 0.036 22.141 0.015 22.149 23.92 0 23.916 23.836 0 23.83
0.069 0.001 0.069 0.035 0.001 0.036 22.676 0.013 22.683 24.465 0 24.461 24.347 0 24.34
0.063 0.004 0.067 0.036 0 0.036 22.709 0.011 22.715 24.482 0 24.477 24.332 0 24.326
0.061 0.00700000000000001 0.068 0.033 0.003 0.036 22.535 0.014 22.543 24.309 0 24.305 24.159 0 24.152
0.063 0.005 0.068 0.033 0.003 0.036 22.382 0.00599999999999999 22.383 24.514 0 24.509 24.353 0 24.347
0.064 0.004 0.068 0.033 0.003 0.036 22.584 0.014 22.593 24.369 0 24.364 24.22 0 24.214
0.06 0.004 0.065 0.032 0.004 0.035 23.113 0.013 23.12 24.993 0 24.989 24.862 0 24.857
0.068 0 0.067 0.035 0.001 0.036 22.327 0.017 22.339 24.129 0.001 24.125 23.968 0 23.962
0.06 0.004 0.0639999999999999 0.033 0.002 0.035 22.983 0.00900000000000001 22.986 24.752 0 24.747 24.55 0 24.545
0.059 0.004 0.063 0.03 0.005 0.035 22.752 0.013 22.759 24.506 0 24.502 24.361 0 24.354
0.062 0.00600000000000001 0.067 0.032 0.004 0.036 22.828 0.016 22.838 24.664 0 24.66 24.575 0.000999999999999987 24.571
0.061 0.00199999999999999 0.063 0.032 0.002 0.034 22.285 0.016 22.295 24.059 0 24.054 23.604 0 23.606
0.062 0.00600000000000001 0.068 0.032 0.004 0.036 23.313 0.015 23.323 24.984 0 24.979 24.829 0 24.823
0.064 0.004 0.068 0.031 0.005 0.036 22.877 0.014 22.887 24.569 0 24.563 24.471 0 24.466
0.063 0.006 0.067 0.035 0 0.036 22.377 0.012 22.383 24.131 0 24.126 24 0 23.995
0.069 0 0.068 0.034 0.001 0.036 22.523 0.009 22.527 24.302 0 24.297 24.16 0 24.154
0.063 0.004 0.068 0.033 0.003 0.035 23.353 0.01 23.358 25.113 0 25.108 24.889 0 24.884
0.063 0.005 0.068 0.032 0.004 0.036 23.595 0.019 23.609 25.292 0 25.287 25.208 0 25.203
0.065 0.003 0.068 0.034 0.002 0.036 22.704 0.013 22.712 24.413 0 24.407 24.371 0 24.365
0.0659999999999999 0.004 0.07 0.034 0.002 0.036 22.629 0.015 22.638 24.44 0 24.435 24.276 0 24.272
0.06 0.005 0.065 0.028 0.008 0.036 23.177 0.017 23.189 24.946 0 24.941 24.836 0 24.831
0.064 0.004 0.067 0.032 0.004 0.035 22.8 0.01 22.805 24.462 0 24.456 24.369 0 24.362
0.066 0.001 0.067 0.031 0.005 0.036 22.322 0.013 22.33 24.035 0 24.03 23.906 0 23.9
0.063 0.005 0.068 0.034 0.001 0.035 22.494 0.01 22.498 24.241 0 24.236 24.135 0 24.129
0.069 0.003 0.072 0.037 0.002 0.038 27.642 0.02 27.657 29.295 0 29.288 29.23 0 29.224
0.067 0.00700000000000001 0.074 0.035 0.000999999999999994 0.036 22.892 0.01 22.897 24.634 0 24.629 24.528 0 24.522
0.062 0.006 0.068 0.033 0.003 0.035 23.421 0.01 23.427 25.134 0 25.128 24.985 0 24.98
0.064 0.003 0.0669999999999999 0.035 0.001 0.036 22.607 0.018 22.62 24.325 0 24.32 24.207 0 24.201
0.066 0.002 0.068 0.032 0.004 0.036 22.617 0.011 22.623 24.308 0 24.303 24.181 0 24.175
0.0659999999999999 0.004 0.07 0.031 0.005 0.036 22.721 0.017 22.732 24.435 0 24.431 24.305 0 24.298
0.065 0.005 0.07 0.031 0.005 0.035 22.785 0.017 22.805 24.076 0 24.079 23.763 0 23.765
0.063 0.005 0.068 0.033 0.003 0.036 22.564 0.012 22.57 24.336 0 24.331 23.995 0 23.999
0.063 0.002 0.065 0.031 0.004 0.035 22.567 0.01 22.572 24.346 0 24.347 23.734 0.001 23.734
0.062 0.001 0.064 0.03 0.004 0.034 22.302 0.00900000000000001 22.305 23.934 0 23.93 23.815 0 23.81
0.069 0.003 0.072 0.038 0 0.039 27.62 0.01 27.624 29.253 0.001 29.246 29 0 29.001
0.065 0.002 0.067 0.036 0 0.036 22.164 0.015 22.173 23.935 0 23.93 23.773 0 23.767
0.066 0.002 0.067 0.031 0.004 0.035 22.55 0.006 22.551 24.368 0 24.363 24.226 0 24.221
0.065 0.002 0.067 0.032 0.003 0.035 22.154 0.008 22.157 23.703 0 23.698 23.628 0 23.623
0.066 0.004 0.069 0.032 0.003 0.036 22.576 0.012 22.581 24.091 0 24.094 23.468 0 23.469
0.065 0.00199999999999999 0.068 0.034 0.001 0.035 22.553 0.011 22.558 24.302 0 24.297 24.183 0 24.177
0.057 0.007 0.064 0.031 0.003 0.034 22.394 0.008 22.397 24.182 0 24.177 24.05 0 24.044
0.068 0.001 0.07 0.034 0.002 0.036 24.888 0.01 24.891 26.54 0 26.535 26.5 0 26.492
0.063 0.006 0.069 0.033 0.003 0.036 22.884 0.014 22.894 24.643 0 24.637 24.533 0 24.528
0.065 0.002 0.067 0.032 0.004 0.035 22.592 0.015 22.602 24.35 0 24.345 24.194 0 24.189
0.062 0.001 0.064 0.034 0.001 0.034 22.635 0.018 22.647 24.44 0 24.435 24.315 0 24.309
0.066 0.002 0.068 0.032 0.004 0.036 22.835 0.02 22.85 24.221 0 24.224 23.708 0 23.717
0.061 0.003 0.064 0.03 0.005 0.035 22.582 0.012 22.589 24.453 0 24.448 24.316 0 24.312
0.064 0.004 0.067 0.032 0.004 0.036 22.865 0.014 22.875 24.643 0 24.638 24.513 0 24.506
0.061 0.007 0.068 0.033 0.002 0.036 22.728 0.01 22.732 24.47 0 24.466 24.375 0 24.368
0.065 0.00199999999999999 0.068 0.031 0.005 0.035 22.487 0.012 22.493 24.269 0 24.263 24.126 0 24.12
0.068 0.003 0.07 0.032 0.003 0.035 22.506 0.009 22.517 23.777 0 23.778 23.378 0 23.381
0.065 0.003 0.067 0.033 0.00199999999999999 0.036 23.004 0.01 23.007 24.696 0 24.691 24.418 0 24.423
0.06 0.008 0.068 0.032 0.003 0.035 22.488 0.01 22.492 24.241 0 24.236 24.103 0 24.097
0.064 0.005 0.068 0.029 0.006 0.035 22.585 0.012 22.592 24.327 0 24.322 24.182 0 24.177
0.058 0.006 0.063 0.031 0.003 0.035 22.792 0.011 22.796 24.61 0 24.605 24.376 0 24.371
0.062 0.005 0.067 0.035 0.001 0.036 22.216 0.007 22.227 23.62 0 23.626 23.303 0 23.302
0.065 0.003 0.068 0.032 0.003 0.035 22.931 0.014 22.939 24.774 0 24.77 24.654 0 24.648
0.066 0.00199999999999999 0.068 0.034 0.002 0.036 22.539 0.006 22.54 23.827 0 23.83 23.351 0 23.357
0.063 0.005 0.068 0.035 0 0.036 22.715 0.01 22.719 24.484 0 24.479 24.298 0 24.293
0.066 0.002 0.068 0.032 0.004 0.036 22.746 0.009 22.75 24.53 0 24.524 24.409 0 24.403
0.064 0.004 0.067 0.033 0.002 0.036 22.603 0.014 22.612 24.349 0 24.344 24.246 0 24.24
0.063 0.005 0.068 0.034 0.001 0.035 22.455 0.009 22.459 24.225 0 24.221 24.078 0 24.071
0.064 0 0.063 0.032 0.003 0.036 22.727 0.015 22.736 24.484 0 24.479 24.385 0 24.379
0.066 0.003 0.069 0.034 0.002 0.036 24.85 0.017 24.862 26.603 0 26.597 26.536 0 26.53
0.063 0.006 0.069 0.032 0.004 0.036 22.679 0.016 22.69 24.455 0 24.45 24.239 0 24.233
0.065 0.003 0.067 0.035 0.001 0.036 22.672 0.009 22.677 24.393 0 24.388 24.252 0 24.245
0.064 0.003 0.067 0.032 0.003 0.036 22.648 0.011 22.653 24.434 0 24.429 24.264 0 24.259
0.062 0.005 0.067 0.033 0.003 0.036 22.548 0.012 22.554 24.25 0 24.246 24.138 0 24.132
0.065 0.003 0.069 0.033 0.003 0.036 22.95 0.015 22.958 24.802 0 24.798 24.657 0 24.652
0.062 0.006 0.068 0.032 0.004 0.035 22.496 0.019 22.511 24.337 0 24.332 24.198 0 24.192
0.063 0.004 0.068 0.035 0.001 0.035 22.841 0.016 22.852 24.702 0 24.695 24.556 0 24.551
0.066 0.004 0.069 0.032 0.004 0.036 22.632 0.015 22.642 23.883 0 23.892 23.439 0 23.444
0.062 0.005 0.068 0.034 0.002 0.035 22.76 0.014 22.77 24.551 0 24.545 24.337 0 24.333
0.064 0.003 0.068 0.033 0.003 0.035 22.47 0.017 22.483 24.277 0 24.271 24.137 0 24.131
0.057 0.006 0.063 0.03 0.004 0.034 22.637 0.018 22.65 24.359 0 24.354 24.238 0 24.232
0.062 0.005 0.067 0.035 0.001 0.036 22.223 0.019 22.236 23.943 0 23.938 23.825 0 23.82
0.065 0.003 0.068 0.031 0.004 0.035 22.549 0.009 22.552 24.34 0 24.335 24.209 0 24.203
0.067 0.001 0.067 0.035 0.001 0.036 22.979 0.014 22.987 24.727 0.001 24.724 24.56 0 24.555
0.063 0.006 0.07 0.033 0.003 0.036 22.581 0.013 22.595 23.819 0.001 23.82 23.393 0 23.396
0.061 0.006 0.067 0.035 0.001 0.035 22.749 0.015 22.76 24.498 0.001 24.494 24.187 0 24.188
0.062 0.00600000000000001 0.068 0.034 0.002 0.036 22.193 0.014 22.21 23.68 0 23.686 23.309 0 23.306
0.063 0.005 0.069 0.036 0 0.035 24.665 0.014 24.673 26.38 0 26.375 26.301 0 26.295
0.064 0.004 0.068 0.033 0.002 0.036 22.904 0.013 22.912 24.623 0 24.618 24.541 0 24.536
0.066 0.002 0.068 0.031 0.005 0.036 22.196 0.015 22.206 23.883 0 23.883 23.268 0 23.276
0.061 0.00199999999999999 0.063 0.034 0.001 0.035 22.32 0.012 22.326 24.148 0 24.143 24.023 0 24.017
0.062 0.006 0.068 0.031 0.005 0.036 21.991 0.013 22.007 23.472 0.002 23.478 23.15 0 23.147
0.0639999999999999 0.004 0.067 0.03 0.005 0.036 22.395 0.011 22.399 24.125 0 24.12 23.971 0 23.965
0.065 0.004 0.068 0.033 0.002 0.036 23.696 0.017 23.707 25.477 0 25.471 25.331 0 25.327
0.063 0.006 0.069 0.033 0.003 0.036 24.805 0.018 24.817 26.643 0 26.637 26.532 0 26.525
0.064 0.004 0.068 0.034 0.00199999999999999 0.036 22.653 0.00900000000000001 22.656 24.448 0 24.444 24.316 0 24.31
0.063 0.006 0.068 0.033 0.003 0.036 24.873 0.016 24.883 26.375 0 26.369 26.347 0 26.341
0.065 0.002 0.068 0.032 0.004 0.035 22.786 0.017 22.798 24.482 0 24.477 24.369 0 24.363
0.068 0.001 0.069 0.034 0.002 0.035 24.696 0.015 24.705 26.401 0 26.395 26.245 0 26.24
0.057 0.01 0.067 0.032 0.004 0.036 22.339 0.01 22.344 24.113 0 24.107 23.988 0 23.983
0.063 0.004 0.068 0.034 0.002 0.035 22.613 0.006 22.615 24.245 0.001 24.241 24.151 0 24.143
0.062 0.002 0.064 0.031 0.003 0.034 22.831 0.011 22.836 24.568 0 24.562 24.445 0 24.439
0.065 0.002 0.068 0.033 0.003 0.035 22.312 0.014 22.322 24.08 0 24.074 23.97 0 23.964
0.058 0.005 0.062 0.033 0.001 0.035 22.441 0.015 22.449 24.156 0 24.152 24.019 0 24.015
0.06 0.00700000000000001 0.067 0.032 0.004 0.036 22.425 0.009 22.429 24.182 0 24.177 24.029 0 24.023
0.063 0.005 0.067 0.033 0.002 0.036 22.353 0.007 22.354 24.081 0 24.077 23.946 0 23.941
0.065 0.003 0.068 0.033 0.002 0.035 22.29 0.01 22.296 24.07 0 24.064 23.95 0 23.945
0.063 0.005 0.067 0.033 0.002 0.036 22.447 0.014 22.456 24.151 0 24.145 24.042 0 24.036
0.064 0.005 0.069 0.034 0.002 0.036 24.82 0.011 24.825 26.402 0 26.396 26.351 0 26.344
0.067 0.001 0.068 0.033 0.002 0.035 22.69 0.016 22.701 24.392 0 24.393 23.738 0 23.739
0.061 0.003 0.065 0.034 0.001 0.034 22.431 0.013 22.439 24.207 0 24.202 24.036 0 24.03
0.063 0.006 0.068 0.035 0.001 0.036 24.699 0.02 24.713 26.446 0 26.44 26.332 0.001 26.327
0.067 0.002 0.068 0.034 0.000999999999999994 0.036 22.765 0.011 22.77 24.463 0 24.457 24.357 0 24.352
0.061 0.006 0.067 0.03 0.006 0.036 22.487 0.015 22.496 24.203 0 24.197 24.131 0 24.125
0.065 0.003 0.068 0.035 0.001 0.036 23.175 0.029 23.216 24.915 0.017 24.947 24.786 0.013 24.806
0.065 0.004 0.07 0.033 0.003 0.036 22.429 0.015 22.438 24.15 0 24.146 24.031 0 24.025
0.061 0.006 0.068 0.035 0.001 0.035 22.578 0.016 22.59 24.383 0 24.378 24.261 0 24.254
0.066 0.001 0.068 0.033 0.003 0.036 23.036 0.013 23.044 24.699 0 24.693 24.606 0 24.601
0.066 0.002 0.068 0.031 0.005 0.036 22.836 0.013 22.843 24.594 0.001 24.591 24.475 0 24.469
0.065 0.002 0.067 0.034 0.002 0.036 22.212 0.00700000000000001 22.214 23.98 0 23.975 23.838 0 23.832
0.064 0.004 0.067 0.031 0.004 0.036 22.763 0.015 22.773 24.532 0 24.526 24.409 0 24.402
0.067 0.002 0.069 0.034 0.00199999999999999 0.036 24.596 0.016 24.606 26.235 0 26.229 25.997 0 25.992
0.067 0.001 0.068 0.033 0.003 0.035 22.68 0.005 22.68 24.38 0 24.375 24.259 0 24.253
0.064 0.003 0.067 0.033 0.003 0.036 22.49 0.00899999999999999 22.494 24.212 0 24.207 24.072 0 24.066
0.064 0.004 0.068 0.032 0.004 0.036 22.677 0.012 22.684 24.421 0 24.416 24.351 0 24.344
0.059 0.004 0.063 0.033 0.001 0.035 22.736 0.015 22.746 24.478 0 24.472 24.302 0 24.296
0.059 0.00800000000000001 0.067 0.034 0.000999999999999994 0.036 22.244 0.013 22.251 23.931 0 23.926 24.208 0 24.202
0.063 0.004 0.067 0.031 0.005 0.036 22.528 0.017 22.54 24.239 0 24.234 24.132 0 24.126
0.062 0.00600000000000001 0.068 0.034 0.00199999999999999 0.036 22.799 0.011 22.805 24.56 0 24.554 24.421 0 24.414
0.066 0.003 0.069 0.031 0.004 0.036 22.309 0.01 22.312 24.097 0 24.092 23.985 0 23.979
0.064 0.005 0.068 0.03 0.00600000000000001 0.036 22.868 0.011 22.874 24.689 0 24.684 24.497 0 24.491
0.066 0.002 0.068 0.033 0.003 0.035 22.531 0.015 22.541 24.323 0 24.318 24.187 0 24.181
0.064 0.004 0.068 0.034 0.001 0.035 22.615 0.011 22.621 24.383 0 24.377 24.258 0 24.25
0.063 0.005 0.069 0.034 0.00199999999999999 0.035 22.544 0.014 22.553 24.33 0 24.326 24.243 0 24.237
0.062 0.005 0.068 0.03 0.006 0.035 22.504 0.015 22.514 24.203 0 24.197 24.093 0 24.088
0.066 0.002 0.068 0.032 0.004 0.035 22.789 0.012 22.796 24.169 0 24.163 24.239 0 24.233
0.065 0.003 0.068 0.03 0.006 0.036 22.713 0.016 22.723 24.503 0 24.498 24.351 0 24.345
0.061 0.003 0.064 0.032 0.002 0.035 22.621 0.016 22.63 24.424 0 24.418 24.29 0 24.284
0.06 0.003 0.063 0.034 0.001 0.034 22.232 0.011 22.239 24.142 0 24.137 24.007 0 24.001
0.063 0.005 0.067 0.033 0.002 0.036 22.611 0.015 22.621 24.225 0 24.224 23.663 0 23.663
0.063 0.005 0.068 0.034 0.001 0.036 22.845 0.014 22.853 24.484 0 24.479 24.375 0 24.369
0.062 0.005 0.068 0.03 0.005 0.035 22.342 0.01 22.347 24.069 0 24.063 23.938 0 23.932
0.062 0.006 0.068 0.034 0.002 0.035 22.784 0.015 22.795 24.521 0 24.516 24.369 0 24.363
0.06 0.007 0.067 0.034 0.002 0.036 22.376 0.011 22.382 24.076 0 24.07 23.925 0 23.919
0.066 0.001 0.067 0.033 0.003 0.035 22.634 0.012 22.642 24.315 0 24.309 24.185 0 24.179
0.0649999999999999 0.004 0.068 0.033 0.00199999999999999 0.036 24.756 0.016 24.765 26.45 0 26.444 26.333 0 26.327
0.063 0.004 0.067 0.032 0.004 0.036 22.591 0.01 22.595 24.348 0 24.344 24.203 0 24.197
0.064 0.003 0.068 0.034 0.002 0.036 22.702 0.007 22.702 24.494 0 24.49 24.304 0 24.299
0.065 0.003 0.067 0.034 0.00199999999999999 0.036 22.65 0.008 22.653 24.409 0 24.405 24.279 0 24.272
0.061 0.007 0.067 0.033 0.002 0.036 22.291 0.00899999999999999 22.295 23.844 0 23.839 24.135 0 24.129
0.061 0.00600000000000001 0.067 0.03 0.005 0.036 22.307 0.012 22.313 24.103 0 24.098 23.981 0 23.976
0.059 0.005 0.064 0.031 0.003 0.034 22.694 0.01 22.699 24.674 0 24.669 24.087 0 24.093
0.062 0.006 0.068 0.031 0.004 0.035 22.406 0.015 22.416 24.17 0 24.165 24.031 0 24.025
0.065 0.003 0.067 0.033 0.002 0.035 22.703 0.008 22.707 24.388 0 24.383 24.288 0 24.282
0.063 0.005 0.067 0.033 0.003 0.036 22.527 0.011 22.534 24.322 0 24.315 24.2 0 24.194
0.066 0.003 0.068 0.034 0.001 0.036 24.832 0.009 24.834 26.47 0 26.465 26.448 0 26.443
0.061 0.006 0.067 0.033 0.003 0.036 22.672 0.01 22.676 24.454 0.001 24.45 24.326 0 24.32
0.063 0.006 0.069 0.034 0.002 0.035 22.617 0.016 22.628 24.32 0 24.316 24.231 0.001 24.226
0.06 0.004 0.064 0.029 0.005 0.034 22.174 0.014 22.183 24.004 0 23.999 23.879 0 23.873
0.066 0.000999999999999994 0.068 0.031 0.005 0.035 22.715 0.014 22.723 24.108 0 24.104 23.949 0 23.942
0.067 0.001 0.068 0.032 0.004 0.036 22.575 0.018 22.588 24.369 0 24.364 24.225 0 24.219
0.058 0.00700000000000001 0.065 0.034 0.000999999999999994 0.035 22.686 0.012 22.692 24.506 0 24.501 24.325 0 24.318
0.064 0.003 0.068 0.033 0.003 0.035 22.506 0.02 22.521 24.308 0 24.304 24.165 0 24.159
0.064 0.005 0.069 0.032 0.004 0.035 22.588 0.013 22.596 24.387 0.001 24.383 24.247 0 24.241
0.066 0.002 0.068 0.035 0.001 0.035 22.898 0.011 22.904 24.708 0.001 24.704 24.54 0 24.535
0.062 0.006 0.068 0.031 0.005 0.035 22.465 0.008 22.468 24.175 0 24.17 24.026 0 24.021
0.066 0.002 0.067 0.034 0.001 0.035 22.316 0.012 22.325 24.087 0 24.081 23.956 0 23.95
0.063 0.004 0.068 0.034 0.00199999999999999 0.036 22.835 0.009 22.838 24.62 0 24.616 24.449 0 24.445
0.065 0.003 0.068 0.032 0.004 0.036 22.708 0.012 22.714 24.49 0 24.486 24.381 0 24.375
0.066 0.00199999999999999 0.068 0.033 0.003 0.036 22.712 0.017 22.725 24.436 0 24.43 24.331 0 24.324
0.062 0.005 0.067 0.035 0.001 0.036 22.611 0.012 22.618 24.382 0 24.377 24.262 0 24.255
0.069 0.001 0.07 0.032 0.004 0.036 22.384 0.018 22.396 24.101 0 24.096 24.009 0 24.003
0.063 0.004 0.067 0.033 0.003 0.036 22.861 0.016 22.871 24.606 0 24.601 24.495 0 24.489
0.062 0.007 0.068 0.032 0.004 0.035 22.704 0.015 22.715 24.472 0 24.467 24.326 0 24.32
0.066 0.004 0.07 0.033 0.003 0.036 23.085 0.014 23.093 24.841 0 24.836 24.713 0 24.708
0.065 0.004 0.068 0.031 0.004 0.036 22.664 0.014 22.673 24.436 0 24.431 24.32 0 24.314
0.065 0.004 0.068 0.037 0 0.036 24.871 0.012 24.876 26.532 0 26.526 26.415 0 26.41
0.067 0.002 0.069 0.032 0.004 0.036 22.345 0.011 22.352 24.109 0 24.103 23.979 0 23.974
0.061 0.00600000000000001 0.0669999999999999 0.032 0.003 0.036 22.551 0.01 22.555 24.417 0 24.413 24.293 0 24.287
0.067 0.004 0.071 0.033 0.003 0.036 22.503 0.011 22.51 24.213 0 24.208 24.095 0 24.089
0.063 0.006 0.069 0.033 0.003 0.036 22.518 0.015 22.527 24.264 0 24.259 24.195 0 24.189
0.055 0.009 0.064 0.034 0 0.034 22.94 0.052 23.017 24.641 0.00800000000000001 24.668 24.582 0.014 24.629
0.064 0.004 0.069 0.033 0.003 0.035 22.74 0.01 22.746 24.45 0 24.445 24.348 0 24.341
0.066 0.00199999999999999 0.0679999999999998 0.034 0.002 0.036 23.152 0.01 23.159 24.837 0 24.836 24.745 0 24.743
0.061 0.006 0.067 0.03 0.005 0.035 22.618 0.015 22.628 24.434 0.001 24.43 24.325 0 24.32
0.063 0.005 0.068 0.033 0.002 0.036 22.205 0.008 22.207 23.917 0 23.912 23.807 0 23.802
0.067 0.000999999999999994 0.068 0.031 0.004 0.035 22.46 0.015 22.47 24.259 0 24.253 24.1 0 24.094
0.065 0.003 0.067 0.035 0.001 0.036 22.606 0.017 22.618 24.385 0 24.381 24.24 0 24.234
0.061 0.003 0.063 0.032 0.003 0.035 22.882 0.008 22.886 24.626 0 24.621 24.534 0 24.529
0.064 0.004 0.068 0.036 0 0.036 22.436 0.007 22.437 24.256 0 24.251 24.119 0 24.113
0.065 0.003 0.068 0.03 0.005 0.035 22.723 0.017 22.735 24.481 0 24.476 24.381 0 24.375
0.063 0.005 0.068 0.032 0.004 0.036 22.51 0.012 22.516 24.248 0 24.244 24.126 0 24.119
0.062 0.006 0.068 0.034 0.002 0.036 22.482 0.004 22.482 24.217 0 24.211 24.078 0 24.073
0.067 0.000999999999999994 0.068 0.033 0.003 0.036 23.074 0.014 23.083 24.789 0 24.784 24.663 0 24.658
0.064 0.004 0.069 0.033 0.003 0.035 23.048 0.014 23.056 24.82 0 24.816 24.667 0 24.66
0.066 0.00199999999999999 0.067 0.034 0.001 0.036 22.245 0.016 22.255 24.035 0 24.031 23.905 0 23.899
0.067 0.004 0.071 0.036 0 0.037 22.969 0.008 22.971 24.694 0 24.688 24.509 0 24.504
0.062 0.006 0.067 0.032 0.003 0.035 22.322 0.014 22.331 24.031 0 24.025 23.902 0 23.896
0.061 0.006 0.0679999999999999 0.033 0.003 0.035 22.546 0.015 22.557 24.163 0 24.164 23.563 0 23.562
0.061 0.007 0.068 0.033 0.002 0.035 22.669 0.019 22.683 24.457 0 24.451 24.348 0 24.342
0.066 0.00199999999999999 0.068 0.032 0.003 0.035 22.451 0.011 22.457 24.273 0 24.268 24.073 0 24.068
0.058 0.005 0.064 0.032 0.003 0.035 22.279 0.015 22.289 24.045 0 24.039 23.912 0 23.907
0.064 0.004 0.068 0.035 0.001 0.035 22.974 0.01 22.979 24.75 0 24.745 24.581 0 24.576
0.062 0.00600000000000001 0.067 0.03 0.005 0.035 22.591 0.013 22.598 24.418 0 24.413 24.273 0 24.267
0.066 0.00199999999999999 0.068 0.033 0.003 0.035 22.446 0.011 22.453 24.157 0 24.151 24.033 0 24.028
0.062 0.00600000000000001 0.068 0.033 0.002 0.035 22.731 0.008 22.733 24.526 0 24.521 24.389 0 24.384
0.066 0.002 0.068 0.031 0.005 0.035 23.08 0.015 23.09 24.914 0 24.909 24.47 0 24.472
0.067 0.001 0.068 0.033 0.003 0.036 23.292 0.013 23.299 25.077 0 25.072 24.876 0 24.871
0.058 0.007 0.065 0.031 0.003 0.035 22.259 0.016 22.274 23.635 0 23.638 23.257 0 23.264
0.064 0.006 0.071 0.033 0.003 0.036 22.675 0.016 22.686 24.458 0 24.453 24.344 0 24.338
0.065 0.002 0.067 0.034 0.000999999999999994 0.035 22.462 0.012 22.469 24.23 0 24.225 24.115 0 24.109
0.061 0.00700000000000001 0.068 0.034 0.00199999999999999 0.036 22.516 0.011 22.521 24.273 0 24.269 24.121 0 24.115
0.065 0.003 0.068 0.035 0.001 0.035 22.54 0.005 22.541 24.283 0 24.279 24.147 0 24.141
0.061 0.007 0.068 0.033 0.003 0.036 22.76 0.017 22.772 24.536 0 24.53 24.386 0 24.38
0.061 0.008 0.068 0.032 0.004 0.036 23.625 0.014 23.634 25.419 0 25.412 25.329 0.001 25.326
0.063 0.005 0.067 0.031 0.004 0.036 22.693 0.012 22.7 24.484 0 24.479 24.313 0 24.306
0.068 0.003 0.071 0.035 0.001 0.036 22.692 0.016 22.702 24.477 0 24.472 24.309 0 24.302
0.065 0.003 0.068 0.03 0.005 0.035 23.343 0.017 23.355 25.095 0 25.088 25.009 0 25.003
0.064 0.004 0.068 0.036 0 0.036 23.05 0.017 23.062 24.804 0 24.798 24.663 0 24.658
0.065 0.003 0.068 0.035 0.000999999999999994 0.035 22.12 0.017 22.132 23.956 0 23.951 23.772 0 23.766
0.061 0.002 0.063 0.03 0.005 0.035 22.45 0.019 22.465 24.268 0 24.262 24.091 0 24.086
0.066 0.001 0.068 0.031 0.005 0.035 22.618 0.00700000000000001 22.62 24.43 0 24.426 24.276 0 24.269
0.064 0.005 0.069 0.035 0.001 0.036 23.267 0.014 23.276 25.101 0 25.095 24.936 0 24.931
0.059 0.004 0.063 0.035 0 0.035 22.221 0.016 22.232 23.553 0 23.559 23.081 0 23.086
0.069 0.001 0.07 0.032 0.003 0.035 22.488 0.01 22.493 24.265 0 24.26 24.15 0 24.144
0.061 0.006 0.068 0.035 0.001 0.035 22.396 0.014 22.406 24.145 0 24.139 24.015 0 24.009
0.061 0.007 0.069 0.034 0.002 0.035 23.058 0.015 23.068 24.827 0 24.821 24.69 0 24.686
0.064 0.004 0.068 0.033 0.003 0.036 22.54 0.013 22.547 24.285 0 24.28 24.166 0 24.16
0.063 0.005 0.068 0.033 0.003 0.035 22.472 0.011 22.48 24.288 0 24.283 24.158 0 24.152
0.065 0.002 0.068 0.035 0 0.035 23.124 0.016 23.135 24.862 0 24.856 24.716 0 24.712
0.0649999999999999 0.00199999999999999 0.068 0.029 0.007 0.036 22.693 0.011 22.698 24.473 0 24.469 23.839 0 23.846
0.064 0.005 0.069 0.034 0.002 0.036 22.898 0.011 22.904 24.232 0 24.239 23.778 0.001 23.782
0.0669999999999999 0.003 0.07 0.033 0.003 0.036 22.547 0.016 22.557 24.335 0 24.329 24.2 0 24.195
0.059 0.009 0.068 0.029 0.006 0.035 22.322 0.012 22.328 24.061 0 24.057 23.926 0 23.919
0.065 0.004 0.069 0.031 0.004 0.035 22.682 0.018 22.694 24.506 0 24.501 24.281 0 24.275
0.058 0.009 0.067 0.033 0.003 0.035 22.449 0.017 22.461 24.203 0 24.197 24.062 0 24.056
0.065 0.003 0.067 0.034 0.00199999999999999 0.036 22.41 0.01 22.415 24.182 0 24.176 24.062 0 24.057
0.066 0.002 0.067 0.032 0.003 0.036 22.457 0.00600000000000001 22.458 24.121 0 24.116 23.997 0 23.99
0.061 0.007 0.068 0.034 0.002 0.036 23.261 0.016 23.271 24.938 0 24.934 24.861 0 24.855
0.065 0.003 0.069 0.034 0.00199999999999999 0.036 23.172 0.014 23.181 24.848 0 24.843 24.783 0.001 24.779
0.067 0.001 0.068 0.035 0 0.036 23.221 0.012 23.227 24.887 0 24.881 24.755 0 24.749
0.061 0.006 0.067 0.033 0.002 0.036 22.598 0.011 22.602 24.385 0 24.38 24.306 0 24.3
0.064 0.004 0.068 0.032 0.004 0.035 22.727 0.014 22.736 24.693 0 24.689 24.58 0 24.574
0.064 0.004 0.069 0.031 0.005 0.035 22.595 0.007 22.596 24.312 0 24.307 24.191 0 24.185
0.058 0.011 0.068 0.033 0.00199999999999999 0.036 23.048 0.014 23.055 24.876 0 24.872 24.717 0 24.711
0.062 0.00600000000000001 0.069 0.035 0.000999999999999994 0.036 23.687 0.014 23.696 25.358 0 25.352 25.273 0 25.268
0.057 0.007 0.064 0.034 0.001 0.035 22.798 0.012 22.804 24.638 0 24.633 24.534 0 24.528
0.061 0.006 0.067 0.034 0.001 0.035 22.535 0.011 22.54 24.257 0 24.251 24.057 0 24.051
0.064 0.003 0.067 0.034 0.001 0.036 22.3 0.015 22.31 24.096 0 24.09 23.939 0 23.932
0.063 0.005 0.069 0.033 0.003 0.035 23.017 0.013 23.026 24.774 0 24.768 24.69 0 24.685
0.06 0.004 0.064 0.035 0.001 0.036 23.52 0.02 23.534 25.243 0 25.238 25.135 0 25.129
0.063 0.004 0.068 0.034 0.00199999999999999 0.036 22.668 0.017 22.679 24.362 0 24.357 24.278 0 24.271
0.064 0.006 0.07 0.035 0.001 0.036 22.704 0.011 22.71 24.389 0 24.384 24.243 0.001 24.238
0.067 0.005 0.071 0.034 0.001 0.036 22.795 0.01 22.799 24.534 0 24.529 24.413 0 24.407
0.065 0.004 0.068 0.03 0.005 0.036 22.645 0.01 22.649 24.323 0 24.319 24.202 0 24.195
0.066 0.004 0.07 0.03 0.00600000000000001 0.035 22.545 0.01 22.551 24.428 0 24.423 24.298 0 24.292
0.062 0.00199999999999999 0.064 0.034 0.001 0.034 22.016 0.015 22.027 23.738 0.001 23.733 23.916 0 23.91
0.068 0 0.069 0.033 0.003 0.035 22.369 0.012 22.376 24.139 0.001 24.135 24 0 23.993
0.063 0.005 0.068 0.029 0.006 0.036 22.532 0.018 22.543 24.39 0 24.385 24.267 0 24.261
0.064 0.004 0.068 0.031 0.005 0.036 23.064 0.015 23.073 24.832 0 24.827 24.688 0 24.683
0.063 0.005 0.068 0.035 0.001 0.035 22.275 0.015 22.286 24.024 0 24.02 23.894 0 23.887
0.064 0.004 0.068 0.036 0 0.036 22.937 0.016 22.948 24.569 0 24.564 24.253 0 24.246
0.063 0.004 0.068 0.032 0.005 0.036 23.532 0.014 23.54 25.093 0 25.094 24.376 0 24.382
0.063 0.005 0.068 0.034 0.000999999999999994 0.036 22.808 0.015 22.817 24.627 0 24.622 24.453 0 24.447
0.063 0.001 0.063 0.034 0.002 0.036 22.434 0.017 22.445 24.187 0 24.182 24.04 0 24.035
0.064 0.003 0.067 0.034 0.002 0.035 22.536 0.013 22.545 24.219 0 24.213 24.099 0 24.094
0.061 0.006 0.067 0.033 0.002 0.036 22.546 0.009 22.55 23.855 0 23.861 23.393 0 23.395
0.066 0.003 0.069 0.03 0.00600000000000001 0.035 24.806 0.00899999999999999 24.809 26.585 0 26.58 26.489 0 26.483
0.064 0.003 0.068 0.031 0.005 0.036 22.353 0.013 22.36 24.093 0 24.087 23.976 0 23.972
0.065 0.00199999999999999 0.067 0.033 0.002 0.035 22.291 0.013 22.298 24.007 0 24.002 23.887 0 23.881
0.065 0.003 0.069 0.032 0.004 0.036 23.347 0.011 23.351 24.814 0 24.809 25.082 0 25.077
0.061 0.003 0.064 0.031 0.005 0.036 22.686 0.013 22.694 24.41 0 24.405 24.302 0 24.296
0.06 0.008 0.068 0.033 0.003 0.036 23.649 0.017 23.661 25.446 0 25.44 25.351 0 25.346
0.062 0.002 0.063 0.032 0.00199999999999999 0.034 24.116 0.021 24.139 25.167 0 25.166 25.111 0 25.116
0.06 0.009 0.068 0.033 0.002 0.035 22.834 0.00699999999999999 22.835 24.578 0 24.574 24.433 0 24.426
0.066 0.003 0.068 0.029 0.005 0.035 22.741 0.007 22.742 24.574 0 24.569 24.461 0 24.454
0.064 0.003 0.068 0.033 0.003 0.035 22.778 0.015 22.788 24.568 0 24.562 24.452 0 24.446
0.064 0.004 0.068 0.034 0.002 0.036 22.654 0.006 22.654 24.439 0 24.434 24.319 0 24.313
0.062 0.00600000000000001 0.068 0.034 0.00199999999999999 0.036 22.802 0.014 22.81 24.597 0 24.592 24.444 0 24.438
0.062 0.006 0.068 0.033 0.003 0.036 24.784 0.017 24.795 26.554 0 26.548 26.403 0 26.397
0.063 0.00600000000000001 0.069 0.035 0.001 0.035 22.674 0.00899999999999999 22.683 24.004 0 24.004 23.569 0 23.572
0.064 0.004 0.068 0.033 0.002 0.035 22.299 0.011 22.305 24.067 0 24.062 23.902 0 23.897
0.06 0.003 0.063 0.028 0.007 0.035 23.374 0.014 23.39 24.67 0 24.671 24.268 0 24.272
0.065 0.002 0.068 0.032 0.003 0.035 22.491 0.012 22.498 24.241 0 24.236 23.998 0 24.001
0.06 0.007 0.067 0.031 0.004 0.036 22.258 0.019 22.272 23.752 0 23.747 24.013 0 24.006
0.064 0.004 0.068 0.033 0.002 0.036 22.384 0.005 22.383 24.175 0 24.171 24.043 0 24.036
0.064 0.004 0.068 0.036 0 0.036 22.594 0.012 22.602 24.36 0 24.354 24.199 0 24.193
0.06 0.008 0.068 0.032 0.004 0.036 22.614 0.00899999999999999 22.618 24.364 0 24.358 24.226 0 24.22
0.062 0.00600000000000001 0.068 0.033 0.002 0.035 22.636 0.017 22.648 24.463 0 24.458 24.344 0 24.338
0.062 0.005 0.067 0.034 0.002 0.036 22.115 0.015 22.133 23.257 0.001 23.259 23.248 0 23.252
0.059 0.005 0.064 0.033 0.002 0.035 22.445 0.016 22.456 24.171 0 24.165 23.726 0 23.728
0.062 0.006 0.068 0.028 0.007 0.035 22.328 0.016 22.339 24.235 0 24.23 24.094 0 24.088
0.064 0.004 0.067 0.034 0.001 0.036 22.796 0.008 22.798 24.552 0 24.547 24.389 0 24.383
0.064 0.006 0.071 0.035 0.001 0.036 22.314 0.016 22.325 24.191 0 24.187 24.036 0 24.03
0.068 0 0.068 0.031 0.004 0.035 22.628 0.016 22.639 24.355 0 24.35 24.179 0 24.173
0.067 0.001 0.068 0.033 0.002 0.035 22.315 0.015 22.324 24.151 0 24.146 24.015 0 24.009
0.064 0.004 0.067 0.035 0.001 0.036 22.743 0.007 22.746 24.442 0 24.437 24.141 0 24.135
0.068 0.004 0.072 0.039 0 0.039 27.893 0.013 27.899 29.529 0.001 29.524 29.386 0 29.381
0.059 0.005 0.064 0.032 0.002 0.034 22.93 0.013 22.937 24.743 0 24.737 24.595 0 24.589
0.06 0.008 0.069 0.033 0.002 0.035 22.986 0.015 22.996 24.696 0 24.691 24.583 0 24.578
0.065 0.003 0.067 0.033 0.003 0.036 22.951 0.014 22.96 24.69 0 24.686 24.552 0 24.546
0.061 0.005 0.065 0.033 0.00199999999999999 0.035 23.19 0.014 23.198 25.103 0 25.098 25.001 0 24.996
0.064 0.005 0.069 0.032 0.004 0.036 22.745 0.01 22.749 24.201 0 24.203 23.658 0 23.663
0.064 0.003 0.068 0.034 0.002 0.035 22.685 0.013 22.694 24.144 0 24.138 23.977 0 23.971
0.059 0.008 0.067 0.033 0.002 0.035 22.398 0.005 22.398 24.139 0.001 24.135 24.005 0 24.003
0.065 0.004 0.068 0.032 0.004 0.037 23.148 0.011 23.154 24.926 0 24.919 24.753 0 24.748
0.063 0.004 0.067 0.031 0.005 0.036 22.696 0.014 22.705 24.425 0 24.42 24.293 0 24.287
0.062 0.005 0.068 0.033 0.003 0.035 22.718 0.00900000000000001 22.721 23.828 0 23.834 23.585 0 23.592
0.063 0.005 0.067 0.033 0.003 0.036 22.651 0.013 22.658 24.451 0 24.446 24.369 0 24.363
0.064 0.004 0.068 0.032 0.004 0.036 22.365 0.009 22.369 24.131 0 24.126 23.982 0 23.975
0.064 0.004 0.068 0.034 0.002 0.036 23.169 0.013 23.177 24.969 0 24.963 24.823 0 24.818
0.065 0.003 0.068 0.035 0.001 0.036 22.652 0.008 22.655 24.644 0 24.638 24.49 0 24.485
0.063 0.005 0.069 0.034 0.002 0.036 22.49 0.012 22.495 24.344 0 24.339 24.223 0 24.217
0.066 0.002 0.069 0.031 0.005 0.036 22.756 0.015 22.766 24.508 0 24.502 24.393 0 24.387
0.067 0.001 0.068 0.033 0.003 0.036 22.547 0.018 22.561 24.32 0 24.314 23.868 0 23.869
0.059 0.006 0.065 0.034 0.001 0.035 22.509 0.01 22.513 24.256 0 24.251 24.096 0 24.089
0.063 0.004 0.068 0.034 0.002 0.036 22.475 0.011 22.481 24.205 0 24.2 24.087 0 24.081
0.062 0.005 0.068 0.033 0.003 0.035 23.093 0.013 23.101 24.05 0 24.054 23.823 0 23.828
0.063 0.004 0.067 0.03 0.005 0.035 23.648 0.01 23.652 25.258 0 25.253 25.155 0 25.15
0.066 0.002 0.068 0.027 0.009 0.035 22.372 0.007 22.374 24.138 0 24.133 24.008 0 24.002
0.059 0.004 0.063 0.033 0.001 0.034 22.507 0.014 22.516 24.375 0 24.371 24.306 0 24.3
0.062 0.005 0.066 0.033 0.00199999999999999 0.035 22.611 0.013 22.62 24.411 0 24.404 24.352 0 24.346
0.063 0.004 0.067 0.035 0.000999999999999994 0.035 22.321 0.013 22.329 24.067 0 24.062 23.934 0 23.928
0.061 0.007 0.067 0.032 0.003 0.036 22.644 0.008 22.647 24.398 0 24.393 24.286 0 24.28
0.062 0.005 0.067 0.034 0.001 0.036 22.336 0.011 22.341 24.051 0 24.046 23.914 0 23.909
0.062 0.006 0.068 0.032 0.003 0.035 22.246 0.013 22.254 24.051 0 24.046 23.919 0 23.913
0.06 0.004 0.064 0.033 0.002 0.034 22.43 0.012 22.438 24.275 0 24.269 24.134 0 24.129
0.063 0.001 0.063 0.032 0.00199999999999999 0.035 22.613 0.008 22.615 24.472 0 24.467 24.328 0 24.322
0.062 0.006 0.068 0.03 0.005 0.036 22.687 0.01 22.692 24.394 0 24.387 24.221 0 24.216
0.06 0.007 0.067 0.031 0.004 0.035 22.383 0.009 22.387 23.976 0 23.97 23.853 0 23.848
0.063 0.006 0.069 0.032 0.004 0.036 23.124 0.006 23.125 24.849 0 24.844 24.672 0 24.666
0.063 0.005 0.068 0.033 0.002 0.035 22.336 0.012 22.343 24.109 0 24.104 23.951 0 23.944
0.064 0.005 0.068 0.034 0.001 0.036 22.936 0.013 22.943 24.626 0 24.622 24.548 0 24.543
0.067 0.001 0.068 0.029 0.006 0.035 22.203 0.011 22.216 23.171 0 23.17 23.211 0 23.214
0.063 0.005 0.068 0.032 0.004 0.035 22.655 0.021 22.671 24.422 0 24.417 24.17 0 24.173
0.063 0.004 0.068 0.029 0.007 0.035 22.514 0.012 22.522 24.231 0 24.227 24.11 0 24.104
0.067 0.000999999999999994 0.068 0.033 0.002 0.035 22.316 0.011 22.322 24.019 0.001 24.015 23.893 0 23.887
0.063 0.006 0.069 0.033 0.003 0.036 22.769 0.014 22.778 24.481 0 24.476 24.376 0 24.37
0.067 0.002 0.069 0.033 0.002 0.035 22.611 0.016 22.622 24.335 0 24.33 24.256 0 24.249
0.062 0.006 0.067 0.034 0.002 0.036 22.561 0.01 22.565 24.272 0 24.267 24.166 0 24.16
0.062 0.006 0.068 0.032 0.003 0.035 22.577 0.008 22.58 24.342 0 24.337 24.18 0 24.173
0.061 0.008 0.069 0.033 0.002 0.035 22.76 0.00799999999999999 22.762 24.522 0 24.517 24.409 0 24.402
0.065 0.003 0.067 0.033 0.00199999999999999 0.036 24.77 0.014 24.778 26.582 0 26.577 26.485 0 26.48
0.061 0.007 0.067 0.035 0.002 0.036 22.75 0.014 22.76 23.864 0 23.865 23.522 0 23.524
0.064 0.004 0.068 0.032 0.004 0.036 22.845 0.014 22.854 24.666 0 24.661 24.481 0 24.475
0.065 0.004 0.069 0.032 0.004 0.036 23.15 0.011 23.155 24.804 0 24.8 24.781 0 24.775
0.062 0.006 0.068 0.033 0.003 0.036 24.597 0.011 24.606 25.816 0 25.821 25.208 0 25.208
0.062 0.005 0.068 0.034 0.001 0.035 22.577 0.009 22.581 24.329 0 24.324 24.161 0 24.16
0.058 0.009 0.067 0.03 0.006 0.036 22.388 0.013 22.396 24.124 0.001 24.12 23.976 0 23.97
0.063 0.004 0.068 0.034 0.00199999999999999 0.036 22.446 0.018 22.459 24.246 0 24.24 24.116 0 24.11
0.063 0.005 0.069 0.034 0.002 0.035 22.887 0.012 22.892 24.631 0 24.626 24.502 0 24.497
0.063 0.004 0.067 0.033 0.003 0.035 22.58 0.014 22.59 24.333 0.001 24.328 24.262 0 24.257
0.067 0.000999999999999994 0.067 0.036 0 0.036 22.805 0.009 22.809 24.551 0 24.546 23.946 0 23.951
0.063 0.006 0.068 0.034 0.002 0.037 22.494 0.011 22.5 24.367 0 24.362 24.253 0 24.247
0.062 0.005 0.067 0.032 0.004 0.036 22.6 0.013 22.608 24.307 0 24.302 24.188 0 24.182
0.069 0 0.069 0.032 0.004 0.036 22.727 0.012 22.734 24.501 0 24.496 24.366 0 24.36
0.061 0.00600000000000001 0.067 0.034 0.00199999999999999 0.036 22.535 0.014 22.544 24.233 0 24.228 24.094 0 24.088
0.065 0.004 0.07 0.033 0.003 0.035 22.639 0.013 22.648 24.39 0 24.385 24.244 0 24.237
0.06 0.004 0.064 0.033 0.001 0.034 21.965 0.008 21.968 23.865 0 23.86 23.983 0 23.977
0.063 0.005 0.068 0.034 0.002 0.036 22.79 0.017 22.801 24.634 0 24.629 24.533 0 24.528
0.062 0.007 0.069 0.034 0.002 0.036 23.158 0.01 23.163 24.838 0 24.833 24.276 0 24.278
0.065 0.003 0.068 0.034 0.003 0.036 22.874 0.011 22.881 24.736 0 24.73 24.615 0 24.61
0.063 0.004 0.068 0.029 0.007 0.035 22.175 0.012 22.188 23.352 0 23.354 23.372 0 23.371
0.062 0.006 0.068 0.034 0.002 0.036 22.302 0.01 22.306 24.072 0 24.067 23.717 0 23.72
0.061 0.00700000000000001 0.069 0.034 0.00199999999999999 0.036 22.848 0.012 22.854 24.645 0 24.639 24.538 0 24.534
0.065 0.003 0.068 0.03 0.00600000000000001 0.0359999999999999 22.794 0.013 22.802 24.557 0 24.552 24.449 0 24.442
0.064 0.004 0.068 0.034 0.002 0.035 22.766 0.01 22.771 24.531 0 24.526 24.409 0 24.404
0.06 0.007 0.067 0.03 0.005 0.035 22.687 0.014 22.695 24.467 0 24.462 24.322 0 24.315
0.065 0.003 0.068 0.03 0.005 0.036 22.476 0.014 22.484 24.185 0 24.18 24.047 0 24.041
0.061 0.006 0.067 0.032 0.004 0.037 22.513 0.01 22.517 24.117 0 24.113 24.374 0 24.366
0.064 0.005 0.068 0.034 0.00199999999999999 0.036 22.621 0.01 22.626 24.431 0 24.426 24.292 0 24.285
0.062 0.005 0.067 0.033 0.003 0.035 22.108 0.016 22.119 23.936 0 23.93 23.795 0 23.79
0.063 0.004 0.068 0.03 0.006 0.035 22.994 0.009 22.997 24.758 0 24.753 24.585 0 24.579
0.062 0.006 0.068 0.034 0.00199999999999999 0.036 22.437 0.017 22.448 24.364 0 24.358 24.242 0 24.237
0.064 0.005 0.068 0.031 0.005 0.036 22.668 0.018 22.681 24.461 0 24.455 24.319 0 24.313
0.065 0.003 0.068 0.032 0.004 0.036 23.818 0.01 23.822 25.602 0 25.597 25.466 0 25.46
0.068 0 0.068 0.033 0.00199999999999999 0.036 22.934 0.014 22.942 23.98 0 23.983 23.68 0 23.683
0.065 0.004 0.069 0.035 0.000999999999999994 0.036 23.031 0.012 23.038 24.786 0 24.78 24.629 0 24.625
0.062 0.006 0.069 0.034 0.002 0.035 22.81 0.015 22.82 24.587 0 24.582 24.439 0 24.433
0.06 0.007 0.067 0.035 0.001 0.036 22.473 0.016 22.483 24.275 0 24.27 24.155 0 24.15
0.064 0.003 0.067 0.035 0.000999999999999994 0.036 22.482 0.00800000000000001 22.485 24.259 0 24.254 24.12 0 24.114
0.061 0.007 0.067 0.03 0.005 0.036 22.42 0.00900000000000001 22.424 24.287 0 24.283 24.137 0 24.131
0.065 0.003 0.0669999999999999 0.031 0.004 0.036 22.981 0.009 22.984 24.657 0 24.652 24.484 0 24.479
0.066 0.004 0.07 0.032 0.005 0.037 22.517 0.012 22.525 24.414 0 24.408 24.265 0 24.259
0.065 0.006 0.071 0.032 0.003 0.035 22.583 0.013 22.591 24.35 0 24.345 24.231 0 24.225
0.065 0.003 0.068 0.032 0.004 0.036 22.816 0.011 22.823 24.595 0 24.589 24.443 0 24.437
0.059 0.00899999999999999 0.068 0.03 0.005 0.035 22.634 0.019 22.648 24.387 0 24.382 24.249 0 24.243
0.063 0.004 0.067 0.03 0.005 0.035 22.488 0.01 22.493 23.971 0 23.965 24.012 0 24.006
0.064 0.004 0.068 0.031 0.004 0.035 22.468 0.017 22.48 24.214 0 24.209 24.072 0 24.065
0.064 0.003 0.068 0.032 0.004 0.035 22.626 0.017 22.638 24.338 0 24.333 24.194 0 24.188
0.064 0.004 0.067 0.034 0.001 0.036 22.473 0.012 22.478 24.243 0 24.239 24.087 0 24.08
0.062 0.006 0.068 0.033 0.003 0.036 22.773 0.016 22.791 23.872 0 23.871 23.855 0 23.855
0.063 0.005 0.068 0.031 0.004 0.035 22.306 0.018 22.319 24.047 0 24.041 23.771 0 23.77
0.061 0.008 0.068 0.034 0.001 0.036 22.978 0.014 22.988 24.466 0 24.472 24.115 0 24.115
0.062 0.004 0.067 0.034 0.00199999999999999 0.035 22.196 0.013 22.204 23.983 0 23.978 23.858 0 23.852
0.066 0.002 0.069 0.032 0.004 0.035 23.069 0.009 23.072 24.777 0 24.773 24.644 0 24.637
0.066 0.005 0.07 0.031 0.004 0.036 22.492 0.01 22.497 24.3 0 24.295 24.149 0 24.143
0.062 0.005 0.067 0.033 0.003 0.036 22.5 0.00800000000000001 22.503 24.248 0 24.243 24.145 0 24.139
0.062 0.005 0.067 0.034 0.001 0.036 22.149 0.015 22.158 23.979 0.001 23.976 24.02 0.001 24.013
0.066 0.002 0.068 0.033 0.003 0.036 22.234 0.00899999999999999 22.253 23.642 0 23.647 23.413 0 23.408
0.062 0.00199999999999999 0.064 0.032 0.003 0.034 22.979 0.01 22.984 24.765 0 24.76 24.709 0 24.703
0.063 0.004 0.067 0.031 0.005 0.035 22.584 0.012 22.59 24.288 0 24.283 24.142 0 24.136
0.064 0.005 0.068 0.033 0.003 0.037 23.126 0.019 23.14 24.987 0 24.981 24.816 0 24.811
0.066 0.002 0.068 0.034 0.003 0.036 22.745 0.015 22.754 24.594 0 24.589 24.46 0 24.454
0.063 0.005 0.069 0.032 0.004 0.036 23.743 0.015 23.753 25.336 0 25.33 25.259 0 25.253
0.066 0.002 0.067 0.032 0.003 0.036 22.506 0.012 22.517 23.4 0 23.401 23.023 0 23.024
0.063 0.005 0.068 0.033 0.003 0.036 23.491 0.012 23.497 25.204 0 25.198 25.122 0 25.117
0.061 0.004 0.064 0.033 0.002 0.036 22.743 0.017 22.755 24.506 0 24.501 24.359 0 24.352
0.06 0.007 0.067 0.033 0.002 0.035 23.013 0.013 23.02 24.759 0 24.753 24.589 0 24.584
0.065 0.004 0.068 0.034 0.002 0.035 22.594 0.015 22.604 24.355 0 24.35 24.236 0 24.23
0.069 0.001 0.07 0.034 0.002 0.036 22.781 0.013 22.789 24.622 0 24.616 24.475 0 24.471
0.0649999999999999 0.003 0.068 0.031 0.004 0.035 22.551 0.01 22.556 24.288 0 24.283 24.168 0 24.162
0.068 0.002 0.07 0.033 0.004 0.036 22.544 0.00800000000000001 22.546 24.31 0 24.306 24.201 0 24.194
0.063 0.004 0.067 0.033 0.003 0.036 22.571 0.013 22.579 24.17 0 24.165 23.839 0 23.833
0.063 0.004 0.067 0.031 0.005 0.036 22.156 0.015 22.166 23.943 0 23.938 23.817 0 23.811
0.064 0.005 0.069 0.032 0.004 0.036 22.644 0.012 22.651 24.381 0 24.376 24.253 0 24.248
0.063 0.007 0.07 0.034 0.003 0.036 22.483 0.015 22.494 24.246 0 24.241 24.108 0 24.102
0.064 0.004 0.068 0.034 0.002 0.036 23.58 0.013 23.588 25.241 0 25.235 25.136 0 25.131
0.063 0.004 0.068 0.034 0.002 0.036 22.706 0.016 22.716 24.507 0 24.502 24.347 0 24.342
0.064 0.005 0.069 0.033 0.003 0.035 22.877 0.009 22.882 24.629 0 24.624 24.536 0 24.531
0.062 0.005 0.068 0.034 0.002 0.035 22.172 0.01 22.178 24.015 0 24.008 23.887 0 23.881
0.065 0.004 0.068 0.032 0.003 0.036 22.589 0.009 22.593 24.317 0 24.311 24.18 0 24.174
0.061 0.00700000000000001 0.068 0.032 0.004 0.035 22.55 0.012 22.558 24.343 0 24.337 24.206 0 24.201
0.06 0.004 0.064 0.032 0.003 0.034 23.645 0.014 23.654 25.331 0 25.326 25.295 0 25.289
0.062 0.003 0.064 0.031 0.004 0.035 22.622 0.00899999999999999 22.626 24.578 0 24.572 24.421 0 24.415
0.064 0.004 0.067 0.032 0.003 0.036 22.287 0.019 22.3 24.034 0 24.028 23.862 0 23.856
0.066 0.002 0.068 0.033 0.002 0.035 22.858 0.014 22.866 24.592 0 24.588 24.426 0 24.421
0.065 0.004 0.067 0.032 0.003 0.036 22.144 0.016 22.155 23.923 0 23.918 23.799 0 23.794
0.061 0.003 0.064 0.034 0.001 0.034 22.367 0.018 22.38 24.233 0 24.228 24.082 0 24.076
0.063 0.005 0.068 0.035 0.001 0.036 23.623 0.019 23.636 25.276 0 25.271 25.048 0 25.042
0.062 0.005 0.068 0.032 0.004 0.035 22.366 0.014 22.376 24.081 0 24.076 23.948 0 23.942
0.065 0.004 0.069 0.032 0.003 0.035 22.659 0.017 22.671 24.41 0 24.405 24.284 0 24.278
0.067 0.00199999999999999 0.068 0.035 0.001 0.036 22.539 0.011 22.545 24.232 0 24.227 24.113 0 24.107
0.064 0.004 0.068 0.034 0.001 0.036 22.453 0.013 22.46 24.261 0 24.257 24.121 0 24.114
0.064 0.005 0.069 0.035 0.00199999999999999 0.036 24.729 0.013 24.735 26.508 0 26.502 26.315 0 26.31
0.065 0.003 0.068 0.032 0.002 0.034 22.396 0.011 22.402 24.207 0 24.202 24.048 0 24.042
0.062 0.007 0.068 0.035 0.001 0.036 23.189 0.008 23.191 24.978 0 24.974 24.835 0 24.83
0.062 0.005 0.067 0.034 0.002 0.036 22.616 0.01 22.621 24.422 0 24.417 24.271 0 24.264
0.064 0.005 0.07 0.032 0.004 0.035 22.559 0.009 22.564 24.382 0 24.376 24.252 0 24.245
0.068 0.003 0.071 0.033 0.002 0.036 24.529 0.012 24.535 26.271 0 26.264 26.062 0 26.057
0.062 0.006 0.068 0.032 0.003 0.036 22.644 0.013 22.651 24.488 0 24.484 24.352 0 24.345
0.059 0.009 0.068 0.032 0.003 0.035 22.283 0.00900000000000001 22.288 24.121 0 24.116 23.978 0 23.972
0.063 0.005 0.068 0.033 0.003 0.035 22.767 0.015 22.776 24.486 0 24.482 24.359 0 24.352
0.063 0.005 0.069 0.03 0.006 0.036 23.08 0.013 23.086 24.857 0 24.853 24.706 0 24.7
0.064 0.004 0.068 0.032 0.004 0.036 22.521 0.012 22.528 24.331 0 24.326 24.19 0 24.184
0.059 0.004 0.064 0.034 0.000999999999999994 0.034 22.553 0.011 22.559 24.339 0 24.334 24.201 0 24.195
0.064 0.005 0.0690000000000001 0.035 0.001 0.0349999999999999 22.99 0.015 23 24.686 0 24.68 24.524 0 24.519
0.063 0.006 0.068 0.033 0.002 0.035 22.731 0.016 22.741 24.471 0 24.466 24.324 0 24.317
0.06 0.003 0.064 0.033 0.001 0.034 22.578 0.016 22.588 24.475 0 24.47 24.538 0 24.532
0.069 0.003 0.072 0.035 0.00199999999999999 0.037 22.849 0.018 22.861 24.649 0 24.644 24.514 0 24.509
0.066 0.002 0.068 0.033 0.00199999999999999 0.035 22.493 0.017 22.505 24.096 0 24.09 23.953 0 23.947
0.067 0.003 0.07 0.032 0.003 0.035 22.424 0.011 22.428 24.143 0 24.139 24.01 0 24.003
0.066 0.001 0.068 0.032 0.004 0.036 22.581 0.01 22.585 24.371 0 24.366 24.225 0 24.219
0.063 0.006 0.069 0.035 0.001 0.036 22.982 0.012 22.989 24.649 0.001 24.644 24.531 0 24.526
0.062 0.007 0.069 0.032 0.003 0.035 22.653 0.00900000000000001 22.657 24.436 0 24.431 24.294 0 24.288
0.062 0.006 0.068 0.033 0.003 0.036 22.466 0.01 22.471 24.266 0 24.26 24.106 0 24.1
0.064 0.004 0.069 0.033 0.003 0.036 22.487 0.013 22.493 24.325 0 24.321 24.197 0 24.19
0.06 0.003 0.063 0.032 0.003 0.035 22.348 0.013 22.356 24.112 0 24.108 23.968 0 23.961
0.065 0.003 0.067 0.03 0.005 0.036 22.756 0.013 22.764 24.464 0 24.457 24.321 0 24.315
0.065 0.003 0.068 0.032 0.004 0.035 22.452 0.014 22.461 24.197 0 24.191 24.336 0 24.331
0.063 0.003 0.067 0.033 0.002 0.035 22.632 0.012 22.639 24.315 0 24.309 24.186 0 24.181
0.066 0.002 0.068 0.032 0.003 0.036 22.389 0.015 22.397 24.194 0 24.19 24.072 0 24.067
0.062 0.006 0.067 0.031 0.004 0.036 22.313 0.016 22.324 24.103 0 24.098 23.961 0 23.957
0.061 0.00700000000000001 0.068 0.032 0.004 0.036 22.552 0.017 22.564 24.169 0 24.164 24.031 0 24.025
0.063 0.004 0.067 0.033 0.002 0.035 22.522 0.014 22.53 24.257 0 24.251 24.129 0 24.123
0.063 0.005 0.068 0.035 0.001 0.036 22.74 0.01 22.744 24.53 0 24.525 24.38 0 24.373
0.061 0.007 0.068 0.034 0.002 0.036 22.853 0.014 22.861 24.652 0 24.646 24.505 0 24.5
0.062 0.006 0.068 0.033 0.002 0.035 22.5 0.009 22.503 24.323 0 24.318 24.205 0 24.199
0.065 0.002 0.067 0.032 0.003 0.035 22.601 0.021 22.616 24.447 0 24.44 24.304 0 24.298
0.062 0.005 0.067 0.033 0.003 0.035 22.698 0.015 22.707 24.356 0 24.352 24.239 0 24.233
0.058 0.005 0.0629999999999999 0.032 0.002 0.034 22.437 0.009 22.442 24.201 0 24.195 24.071 0 24.065
0.064 0.003 0.067 0.034 0.001 0.036 22.562 0.012 22.569 24.096 0 24.091 23.823 0.001 23.818
0.066 0.003 0.068 0.034 0.001 0.036 23.696 0.012 23.703 25.345 0 25.339 25.22 0 25.215
0.066 0.001 0.067 0.031 0.004 0.035 22.475 0.01 22.48 24.078 0 24.073 23.946 0 23.94
0.058 0.01 0.069 0.031 0.003 0.034 22.597 0.011 22.603 24.364 0 24.359 24.231 0 24.226
0.064 0.005 0.069 0.035 0.001 0.036 22.927 0.021 22.944 24.699 0 24.694 24.626 0 24.62
0.058 0.006 0.064 0.033 0.002 0.034 22.55 0.014 22.559 24.367 0 24.361 24.23 0 24.225
0.063 0.005 0.067 0.033 0.002 0.036 22.598 0.013 22.605 24.152 0 24.147 24.013 0 24.008
0.062 0.002 0.064 0.03 0.005 0.035 22.232 0.011 22.238 24.298 0 24.292 24.16 0 24.154
0.064 0.004 0.068 0.035 0.001 0.036 23.009 0.009 23.012 24.727 0 24.722 24.481 0 24.476
0.062 0.006 0.068 0.031 0.005 0.036 22.762 0.017 22.774 24.519 0 24.514 24.357 0 24.351
0.067 0.003 0.07 0.034 0.002 0.035 22.297 0.011 22.304 24.046 0 24.041 23.926 0 23.92
0.064 0.003 0.067 0.033 0.003 0.036 22.252 0.017 22.264 23.985 0 23.98 23.86 0 23.854
0.064 0.004 0.068 0.031 0.004 0.036 22.389 0.016 22.399 24.071 0 24.066 23.937 0 23.931
0.065 0.002 0.067 0.031 0.004 0.036 22.142 0.00900000000000001 22.146 23.887 0 23.882 23.763 0 23.758
0.063 0.005 0.068 0.032 0.003 0.036 22.771 0.015 22.78 24.555 0 24.55 24.405 0 24.398
0.06 0.007 0.067 0.032 0.003 0.035 22.314 0.01 22.319 24.061 0 24.055 23.928 0 23.922
0.065 0.003 0.069 0.033 0.003 0.035 22.755 0.014 22.764 24.194 0 24.2 23.718 0 23.721
0.06 0.008 0.068 0.032 0.003 0.036 22.891 0.01 22.895 24.626 0 24.62 24.507 0 24.502
0.059 0.005 0.063 0.033 0.002 0.035 22.857 0.013 22.866 24.606 0.001 24.602 24.507 0 24.502
0.067 0.001 0.0679999999999999 0.033 0.003 0.036 22.959 0.013 22.966 24.765 0.001 24.762 24.614 0 24.608
0.064 0.006 0.07 0.036 0 0.035 22.49 0.013 22.498 24.256 0 24.251 24.106 0 24.098
0.065 0.003 0.068 0.033 0.002 0.035 22.994 0.013 23.002 24.877 0 24.87 24.692 0 24.686
0.064 0.004 0.068 0.032 0.004 0.036 23.468 0.016 23.478 25.309 0 25.305 25.188 0 25.182
0.062 0.005 0.067 0.035 0.001 0.035 22.709 0.014 22.718 24.454 0 24.449 24.33 0 24.324
0.062 0.006 0.068 0.034 0.002 0.035 22.535 0.014 22.545 24.471 0 24.465 24.329 0.001 24.324
0.063 0.005 0.067 0.032 0.003 0.036 22.702 0.011 22.707 24.433 0 24.429 24.285 0 24.278
0.065 0.003 0.068 0.035 0.001 0.035 23.673 0.012 23.68 25.286 0 25.281 25.255 0 25.249
0.065 0.003 0.068 0.034 0.001 0.035 22.492 0.013 22.5 24.278 0 24.272 24.149 0 24.145
0.064 0.004 0.068 0.03 0.006 0.036 22.676 0.014 22.685 24.411 0 24.406 24.274 0 24.268
0.066 0.002 0.068 0.033 0.003 0.036 23.043 0.011 23.048 24.843 0 24.838 24.745 0 24.739
0.057 0.007 0.064 0.032 0.002 0.034 22.514 0.015 22.524 24.329 0 24.323 24.61 0 24.604
0.06 0.003 0.062 0.032 0.002 0.035 22.04 0.012 22.045 23.885 0 23.881 24.147 0 24.141
0.066 0.005 0.071 0.033 0.003 0.036 23.429 0.005 23.428 25.168 0 25.162 25.029 0 25.024
0.061 0.00700000000000001 0.068 0.034 0.00199999999999999 0.035 23.562 0.012 23.57 25.13 0 25.124 25.06 0 25.054
0.061 0.007 0.068 0.031 0.005 0.036 22.654 0.018 22.666 24.445 0 24.44 24.316 0 24.31
0.061 0.008 0.068 0.032 0.004 0.036 22.731 0.016 22.742 24.529 0 24.524 24.05 0 24.053
0.065 0.003 0.068 0.034 0.001 0.035 24.751 0.016 24.76 25.86 0 25.854 26.229 0 26.223
0.063 0.005 0.068 0.034 0.002 0.036 22.831 0.01 22.836 24.592 0 24.587 24.473 0 24.468
0.065 0.003 0.067 0.032 0.003 0.035 22.417 0.007 22.419 24.197 0 24.193 24.068 0 24.061
0.062 0.006 0.068 0.034 0.002 0.036 22.675 0.018 22.688 24.48 0 24.475 24.345 0 24.339
0.062 0.006 0.067 0.033 0.003 0.036 22.38 0.01 22.386 24.226 0 24.22 24.098 0 24.091
0.064 0.003 0.068 0.033 0.003 0.035 22.704 0.014 22.712 24.406 0 24.4 24.237 0 24.231
0.061 0.007 0.068 0.032 0.004 0.036 22.582 0.009 22.586 24.352 0 24.347 24.194 0 24.189
0.065 0.003 0.068 0.035 0.001 0.036 24.723 0.012 24.729 26.42 0 26.414 26.335 0 26.33
0.062 0.005 0.067 0.031 0.004 0.035 22.315 0.013 22.322 23.574 0.001 23.58 23.282 0 23.284
0.065 0.00199999999999999 0.067 0.035 0.001 0.035 22.419 0.018 22.433 24.239 0 24.234 24.09 0 24.09
0.063 0.00600000000000001 0.068 0.034 0.002 0.036 22.527 0.012 22.534 24.333 0 24.329 24.196 0 24.189
0.062 0.006 0.068 0.032 0.003 0.036 22.559 0.013 22.566 24.377 0 24.373 24.254 0 24.247
0.065 0.005 0.07 0.032 0.004 0.036 24.872 0.013 24.879 26.71 0 26.704 26.483 0 26.478
0.061 0.007 0.068 0.032 0.003 0.035 23.009 0.013 23.016 24.712 0 24.707 24.584 0 24.578
0.066 0.003 0.069 0.033 0.003 0.036 22.89 0.013 22.899 24.354 0 24.348 24.146 0 24.14
0.061 0.007 0.0680000000000001 0.03 0.005 0.0349999999999999 22.661 0.013 22.669 24.483 0.001 24.479 24.332 0 24.326
0.065 0.00199999999999999 0.067 0.033 0.002 0.036 22.466 0.016 22.476 23.782 0 23.785 23.187 0 23.186
0.065 0.006 0.071 0.031 0.005 0.036 22.711 0.01 22.716 24.44 0 24.433 24.317 0 24.312
0.06 0.007 0.067 0.033 0.003 0.035 22.466 0.017 22.478 24.226 0 24.221 24.089 0 24.083
0.067 0.001 0.067 0.032 0.004 0.036 22.65 0.014 22.659 24.43 0 24.426 24.3 0 24.294
0.065 0.003 0.0680000000000001 0.033 0.003 0.0359999999999999 22.503 0.012 22.51 24.266 0 24.261 24.141 0 24.137
0.066 0.003 0.068 0.031 0.004 0.036 23.112 0.02 23.125 24.846 0 24.841 24.713 0 24.708
0.064 0.005 0.069 0.032 0.004 0.036 22.491 0.014 22.5 24.266 0 24.261 24.118 0 24.112
0.062 0.00600000000000001 0.068 0.034 0.00199999999999999 0.036 23.688 0.014 23.696 25.347 0 25.342 25.201 0 25.196
0.06 0.004 0.063 0.032 0.00199999999999999 0.035 22.803 0.011 22.807 24.771 0 24.767 24.626 0 24.62
0.065 0.003 0.067 0.036 0.001 0.036 22.593 0.014 22.602 24.363 0 24.358 24.101 0 24.095
0.066 0.006 0.072 0.035 0.001 0.036 24.642 0.014 24.65 26.429 0 26.423 26.18 0 26.174
0.061 0.006 0.067 0.035 0.002 0.035 22.284 0.013 22.292 24.007 0.001 24.004 23.85 0 23.845
0.065 0.003 0.068 0.033 0.003 0.036 23.143 0.015 23.152 24.934 0 24.928 24.848 0 24.843
0.062 0.00600000000000001 0.068 0.035 0.001 0.035 23.677 0.00799999999999999 23.68 25.003 0 25.005 24.51 0 24.513
0.061 0.006 0.068 0.034 0.002 0.035 22.759 0.015 22.769 24.507 0 24.502 24.377 0 24.371
0.062 0.006 0.068 0.032 0.004 0.036 22.318 0.018 22.33 24.441 0 24.436 24.305 0 24.298
0.062 0.006 0.067 0.031 0.004 0.035 22.765 0.015 22.774 24.426 0 24.421 24.338 0 24.331
0.063 0.005 0.068 0.031 0.004 0.035 22.467 0.015 22.477 24.25 0 24.245 24.121 0 24.115
0.064 0.004 0.068 0.031 0.005 0.036 22.495 0.013 22.503 24.217 0 24.212 24.1 0 24.093
0.063 0.005 0.068 0.035 0.000999999999999994 0.035 22.571 0.016 22.582 24.319 0 24.314 24.189 0 24.182
0.061 0.003 0.064 0.032 0.00199999999999999 0.034 22.805 0.011 22.811 24.486 0.001 24.482 24.374 0 24.368
0.062 0.005 0.067 0.031 0.005 0.036 22.368 0.015 22.378 24.156 0 24.151 24.011 0 24.005
0.064 0.003 0.0690000000000001 0.033 0.003 0.0359999999999999 22.643 0.018 22.655 24.383 0.001 24.379 24.244 0 24.238
0.063 0.005 0.068 0.03 0.005 0.035 22.617 0.009 22.62 24.383 0 24.379 24.274 0 24.268
0.062 0.005 0.067 0.032 0.004 0.036 22.734 0.014 22.742 24.481 0 24.476 24.387 0 24.381
0.063 0.005 0.068 0.032 0.003 0.035 22.65 0.013 22.657 24.392 0 24.387 24.247 0 24.241
0.064 0.001 0.065 0.032 0.003 0.034 23.217 0.013 23.225 24.946 0 24.941 24.782 0 24.777
0.065 0.003 0.068 0.034 0.002 0.035 22.981 0.014 22.99 24.871 0 24.865 24.667 0 24.662
0.065 0.005 0.07 0.034 0.001 0.035 22.554 0.01 22.558 24.297 0 24.293 24.184 0 24.176
0.063 0.005 0.068 0.033 0.003 0.036 22.295 0.012 22.302 24.024 0 24.019 23.915 0 23.909
0.066 0.003 0.069 0.031 0.005 0.036 22.968 0.011 22.974 24.813 0 24.806 24.652 0 24.648
0.062 0.005 0.0680000000000001 0.034 0.002 0.0359999999999999 22.825 0.011 22.83 24.546 0.001 24.542 24.407 0.001 24.401
0.063 0.005 0.0690000000000001 0.033 0.002 0.0349999999999999 22.454 0.015 22.464 24.25 0 24.244 24.067 0 24.061
0.056 0.007 0.063 0.03 0.004 0.035 22.473 0.013 22.48 24.323 0 24.318 24.477 0 24.471
0.064 0.004 0.068 0.033 0.002 0.035 22.642 0.011 22.648 24.409 0 24.404 24.316 0 24.31
0.062 0.001 0.063 0.03 0.006 0.035 22.559 0.016 22.57 24.334 0 24.33 24.195 0 24.189
0.063 0.004 0.067 0.029 0.006 0.035 22.655 0.016 22.667 24.384 0 24.377 24.231 0 24.226
0.064 0.003 0.067 0.031 0.004 0.036 22.307 0.017 22.318 24.139 0 24.135 24.005 0 23.998
0.06 0.004 0.064 0.033 0.001 0.034 23.148 0.01 23.152 24.953 0 24.948 24.778 0 24.773
0.06 0.007 0.067 0.033 0.003 0.036 22.433 0.014 22.442 24.234 0 24.229 24.107 0 24.101
0.063 0.006 0.069 0.032 0.004 0.035 22.809 0.016 22.82 24.539 0 24.534 24.4 0 24.394
0.063 0.005 0.068 0.032 0.004 0.036 23.035 0.014 23.044 24.747 0 24.742 24.653 0 24.648
0.064 0.004 0.068 0.033 0.003 0.035 22.609 0.017 22.62 24.394 0 24.39 24.237 0 24.231
0.063 0.005 0.067 0.033 0.003 0.036 22.624 0.009 22.628 24.397 0 24.392 24.264 0 24.258
0.061 0.007 0.067 0.03 0.005 0.036 22.553 0.016 22.564 24.363 0 24.358 24.211 0 24.205
0.061 0.003 0.063 0.033 0.001 0.035 22.585 0.012 22.592 24.293 0 24.288 24.153 0 24.148
0.062 0.005 0.067 0.032 0.003 0.035 22.396 0.012 22.402 23.898 0 23.892 23.76 0 23.756
0.066 0.002 0.068 0.034 0.002 0.036 22.796 0.018 22.808 24.497 0 24.492 24.362 0 24.356
0.07 0.001 0.071 0.033 0.002 0.035 22.568 0.015 22.578 24.296 0 24.292 24.172 0 24.165
0.06 0.008 0.068 0.033 0.003 0.036 22.257 0.00799999999999999 22.259 24.077 0 24.072 23.97 0 23.965
0.065 0.004 0.068 0.032 0.003 0.036 22.83 0.011 22.836 24.612 0 24.607 24.515 0 24.51
0.064 0.004 0.067 0.029 0.006 0.036 22.426 0.016 22.436 24.242 0 24.237 24.15 0 24.144
0.06 0.004 0.064 0.031 0.004 0.034 22.741 0.016 22.753 24.509 0.001 24.504 24.377 0 24.371
0.063 0.005 0.068 0.032 0.005 0.036 22.53 0.013 22.537 24.314 0 24.31 24.184 0 24.177
0.063 0.005 0.068 0.032 0.004 0.036 22.577 0.012 22.583 24.348 0 24.343 24.209 0 24.203
0.06 0.008 0.068 0.035 0.001 0.036 22.875 0.017 22.887 24.668 0 24.663 24.534 0 24.528
0.065 0.003 0.068 0.033 0.003 0.036 23.159 0.015 23.168 24.893 0 24.888 24.766 0 24.76
0.063 0.005 0.069 0.032 0.004 0.036 23.23 0.014 23.238 25.031 0 25.025 24.944 0 24.939
0.065 0.003 0.069 0.033 0.003 0.035 22.737 0.016 22.749 24.525 0 24.52 24.377 0 24.371
0.057 0.006 0.064 0.03 0.005 0.035 23.023 0.011 23.029 24.938 0 24.932 25.165 0 25.16
