0.062 0.008 0.07 0.034 0.002 0.036 22.984 0.014 22.992 24.673 0 24.668 24.549 0 24.544
0.066 0.00199999999999999 0.067 0.034 0.002 0.036 22.581 0.017 22.594 24.291 0 24.285 24.159 0 24.152
0.064 0.004 0.0680000000000001 0.032 0.003 0.0349999999999999 22.511 0.013 22.519 24.172 0 24.167 24.042 0 24.036
0.065 0.003 0.0680000000000001 0.033 0.003 0.0359999999999999 22.556 0.015 22.572 23.893 0 23.895 23.554 0 23.554
0.066 0.002 0.0680000000000001 0.033 0.003 0.0359999999999999 23.104 0.019 23.117 24.933 0 24.928 24.821 0 24.816
0.067 0.001 0.068 0.03 0.005 0.035 22.629 0.014 22.638 24.393 0 24.388 24.256 0 24.25
0.062 0.005 0.0670000000000001 0.032 0.004 0.0359999999999999 22.515 0.019 22.529 24.282 0 24.277 24.155 0 24.15
0.063 0.005 0.069 0.032 0.004 0.035 22.851 0.014 22.861 24.557 0 24.552 24.427 0 24.421
0.062 0.005 0.067 0.033 0.003 0.036 22.349 0.011 22.355 23.8 0 23.795 23.531 0 23.525
0.064 0.003 0.067 0.033 0.002 0.035 22.49 0.012 22.498 24.289 0 24.283 24.14 0 24.135
0.068 0.001 0.069 0.033 0.004 0.035 23.423 0.008 23.427 25.218 0 25.213 25.018 0 25.013
0.065 0.00600000000000001 0.071 0.03 0.006 0.036 22.546 0.015 22.555 24.294 0 24.289 24.163 0 24.156
0.064 0.004 0.068 0.032 0.004 0.036 23.223 0.016 23.234 24.991 0 24.985 24.87 0 24.865
0.065 0.00199999999999999 0.067 0.034 0.002 0.036 22.639 0.011 22.644 24.37 0 24.365 24.238 0 24.231
0.064 0.004 0.068 0.031 0.005 0.036 22.9 0.017 22.912 24.623 0.001 24.619 24.519 0 24.513
0.066 0.002 0.068 0.031 0.005 0.036 22.584 0.011 22.59 24.329 0.001 24.325 24.187 0 24.181
0.061 0.006 0.068 0.035 0.001 0.036 22.926 0.016 22.942 24.301 0.001 24.305 23.872 0 23.878
0.066 0.003 0.069 0.031 0.005 0.036 24.907 0.016 24.917 26.474 0 26.468 26.37 0 26.365
0.061 0.003 0.065 0.033 0.002 0.034 22.511 0.017 22.523 24.324 0 24.32 24.193 0 24.187
0.0600000000000001 0.005 0.065 0.032 0.003 0.034 22.426 0.013 22.435 24.272 0 24.267 24.138 0 24.132
0.068 0.001 0.069 0.034 0.002 0.036 23.146 0.012 23.152 24.897 0 24.892 24.752 0 24.748
0.059 0.006 0.065 0.035 0 0.035 22.32 0.015 22.338 24.093 0.009 24.115 23.92 0.016 23.941
0.064 0.006 0.069 0.034 0.001 0.036 23.681 0.008 23.682 25.453 0 25.448 25.287 0 25.282
0.062 0.005 0.068 0.034 0.002 0.036 22.548 0.015 22.557 24.319 0 24.315 24.181 0.000999999999999987 24.175
0.064 0.003 0.068 0.033 0.003 0.035 22.502 0.012 22.509 24.319 0 24.315 24.174 0 24.167
0.061 0.007 0.069 0.033 0.003 0.036 23.207 0.017 23.218 24.934 0 24.929 24.765 0 24.76
0.061 0.007 0.068 0.033 0.003 0.035 22.648 0.013 22.656 24.578 0 24.574 24.428 0 24.422
0.068 0.006 0.074 0.034 0.002 0.035 22.682 0.007 22.684 24.459 0 24.455 24.313 0 24.307
0.0649999999999999 0.004 0.068 0.034 0.00199999999999999 0.036 22.942 0.014 22.951 24.621 0 24.617 24.577 0 24.573
0.059 0.004 0.063 0.033 0.001 0.035 22.625 0.016 22.634 24.481 0 24.476 24.298 0 24.293
0.06 0.007 0.068 0.035 0 0.035 22.296 0.019 22.309 24.003 0 23.998 23.833 0 23.827
0.058 0.004 0.063 0.035 0 0.035 21.889 0.023 21.906 23.869 0 23.865 24.015 0 24.01
0.066 0.004 0.07 0.033 0.004 0.036 22.401 0.012 22.408 24.149 0 24.143 24.031 0 24.024
0.062 0.005 0.067 0.034 0.002 0.036 22.54 0.013 22.548 24.25 0 24.244 24.124 0 24.118
0.065 0.003 0.068 0.032 0.003 0.035 22.941 0.007 22.943 24.522 0 24.517 24.41 0 24.405
0.063 0.005 0.067 0.032 0.003 0.036 22.991 0.009 22.993 24.699 0.002 24.696 24.57 0 24.565
0.061 0.008 0.069 0.031 0.004 0.035 22.957 0.015 22.967 24.678 0 24.673 24.589 0.001 24.585
0.063 0.005 0.068 0.034 0.002 0.035 23.588 0.014 23.597 25.255 0 25.249 25.106 0 25.101
0.06 0.008 0.068 0.032 0.004 0.036 22.379 0.015 22.39 24.237 0 24.232 24.114 0 24.108
0.061 0.006 0.068 0.034 0.002 0.035 22.593 0.016 22.604 24.319 0 24.314 24.177 0 24.171
0.068 0.003 0.072 0.034 0.002 0.037 22.415 0.014 22.424 24.244 0 24.238 24.102 0 24.097
0.063 0.005 0.068 0.03 0.005 0.036 22.617 0.011 22.622 24.165 0 24.16 23.901 0 23.895
0.061 0.002 0.062 0.033 0.000999999999999994 0.035 21.982 0.023 21.999 23.999 0 23.996 23.849 0 23.843
0.064 0.003 0.067 0.034 0.002 0.036 22.46 0.013 22.468 24.192 0 24.186 23.938 0 23.933
0.068 0 0.067 0.03 0.005 0.036 22.168 0.012 22.175 23.906 0 23.9 23.786 0 23.781
0.07 0 0.07 0.034 0.002 0.035 22.445 0.013 22.453 24.199 0 24.195 24.04 0 24.034
0.063 0.003 0.066 0.033 0.003 0.035 22.525 0.013 22.545 23.774 0 23.776 23.41 0 23.411
0.063 0.005 0.067 0.034 0.002 0.036 22.633 0.02 22.647 24.363 0 24.358 24.003 0 24.007
0.067 0.001 0.068 0.032 0.003 0.036 22.618 0.013 22.634 23.894 0 23.899 23.491 0 23.493
0.058 0.007 0.065 0.03 0.004 0.034 22.898 0.00700000000000001 22.9 24.688 0 24.683 24.564 0 24.559
0.058 0.005 0.063 0.031 0.004 0.035 22.681 0.013 22.689 24.492 0 24.487 24.351 0 24.345
0.066 0.00199999999999999 0.068 0.033 0.003 0.036 23.024 0.014 23.032 24.757 0 24.752 24.645 0 24.64
0.062 0.00600000000000001 0.068 0.034 0.00199999999999999 0.036 22.544 0.015 22.554 24.377 0 24.372 24.22 0 24.214
0.063 0.005 0.067 0.033 0.003 0.036 22.626 0.016 22.636 24.465 0 24.459 24.345 0 24.339
0.066 0.002 0.069 0.035 0.002 0.036 22.694 0.016 22.705 24.453 0 24.448 24.324 0 24.318
0.064 0.004 0.068 0.033 0.003 0.036 22.639 0.013 22.647 24.398 0 24.394 24.277 0 24.27
0.062 0.007 0.069 0.035 0 0.035 22.685 0.009 22.688 24.373 0 24.368 24.242 0 24.235
0.066 0.003 0.069 0.034 0.001 0.035 22.82 0.013 22.828 24.572 0 24.568 24.412 0 24.405
0.063 0.007 0.069 0.032 0.003 0.036 23.027 0.015 23.036 24.545 0.001 24.541 24.438 0 24.433
0.063 0.004 0.067 0.035 0.001 0.036 22.209 0.013 22.216 23.918 0 23.913 23.794 0 23.788
0.065 0.003 0.068 0.033 0.003 0.0359999999999999 22.485 0.009 22.489 24.265 0 24.26 24.14 0 24.133
0.069 0 0.068 0.033 0.002 0.036 22.636 0.008 22.639 24.415 0 24.41 24.254 0 24.247
0.062 0.006 0.069 0.033 0.003 0.035 22.666 0.012 22.673 24.415 0 24.41 24.294 0 24.288
0.065 0.002 0.067 0.028 0.007 0.036 22.495 0.015 22.505 24.286 0 24.28 24.134 0 24.129
0.062 0.007 0.067 0.035 0.001 0.036 22.57 0.01 22.575 24.324 0 24.319 24.172 0 24.167
0.066 0.003 0.069 0.034 0.002 0.036 22.568 0.01 22.572 24.325 0 24.32 24.178 0 24.172
0.059 0.004 0.063 0.033 0.00199999999999999 0.035 22.144 0.013 22.153 24.035 0 24.029 24.32 0 24.315
0.063 0.008 0.071 0.034 0.00199999999999999 0.036 22.975 0.017 22.986 24.718 0 24.713 24.527 0 24.522
0.065 0.003 0.068 0.031 0.004 0.036 22.758 0.01 22.762 24.504 0 24.499 24.361 0 24.354
0.068 0.003 0.0710000000000001 0.038 0 0.0389999999999999 27.503 0.008 27.505 28.494 0 28.486 28.352 0 28.346
0.0669999999999999 0.004 0.072 0.036 0.003 0.038 27.849 0.015 27.859 29.504 0 29.497 29.03 0 29.024
0.0659999999999999 0.004 0.071 0.032 0.004 0.035 22.711 0.017 22.723 24.422 0 24.418 24.311 0 24.305
0.066 0.002 0.069 0.033 0.003 0.036 23.138 0.017 23.148 24.875 0 24.871 24.816 0 24.811
0.063 0.00700000000000001 0.07 0.033 0.003 0.036 22.578 0.008 22.58 24.344 0 24.34 24.241 0 24.234
0.065 0.003 0.067 0.033 0.003 0.036 22.971 0.011 22.976 24.686 0 24.681 24.605 0 24.599
0.062 0.007 0.068 0.034 0.001 0.036 22.991 0.016 23.002 24.733 0 24.727 24.611 0 24.606
0.061 0.007 0.067 0.035 0.001 0.036 22.991 0.00600000000000001 22.992 24.804 0 24.797 24.619 0 24.615
0.068 0.001 0.069 0.034 0.002 0.036 22.735 0.014 22.744 24.512 0 24.508 24.335 0 24.329
0.062 0.005 0.068 0.034 0.00199999999999999 0.035 22.402 0.012 22.409 24.155 0 24.151 24.023 0 24.016
0.058 0.006 0.0640000000000001 0.031 0.003 0.0339999999999999 22.926 0.011 22.932 24.646 0 24.641 24.531 0 24.526
0.065 0.004 0.068 0.032 0.003 0.036 22.744 0.01 22.748 24.527 0 24.523 24.408 0 24.402
0.065 0.003 0.068 0.033 0.003 0.036 22.442 0.013 22.45 24.189 0.001 24.185 24.084 0 24.078
0.064 0.003 0.067 0.034 0.002 0.035 22.177 0.012 22.185 23.891 0 23.885 23.777 0 23.773
0.064 0.004 0.068 0.034 0.002 0.036 23.55 0.015 23.56 25.305 0 25.298 25.22 0 25.216
0.065 0.003 0.068 0.035 0.001 0.035 22.621 0.01 22.627 24.363 0 24.357 24.23 0 24.224
0.066 0.002 0.068 0.033 0.003 0.035 22.474 0.016 22.484 24.245 0 24.241 24.117 0 24.111
0.06 0.004 0.063 0.035 0.000999999999999994 0.036 22.134 0.01 22.14 23.933 0 23.928 23.924 0 23.926
0.059 0.01 0.07 0.035 0.001 0.036 22.528 0.012 22.533 24.236 0 24.232 24.129 0 24.123
0.066 0.005 0.071 0.034 0.001 0.036 22.708 0.01 22.712 24.435 0 24.429 24.321 0 24.316
0.061 0.007 0.068 0.031 0.005 0.036 22.879 0.013 22.887 24.653 0 24.648 24.512 0 24.507
0.064 0.004 0.067 0.031 0.004 0.036 22.594 0.018 22.614 23.997 0 24.003 23.747 0 23.742
0.063 0.005 0.069 0.033 0.003 0.036 22.472 0.011 22.476 24.2 0 24.197 23.691 0 23.691
0.063 0.005 0.068 0.033 0.00199999999999999 0.036 22.657 0.013 22.664 24.376 0 24.371 24.263 0 24.257
0.067 0.001 0.068 0.034 0.002 0.036 23.086 0.011 23.091 24.79 0 24.783 24.655 0 24.65
0.063 0.005 0.068 0.032 0.003 0.036 22.431 0.011 22.436 24.225 0 24.22 24.085 0 24.078
0.061 0.007 0.068 0.035 0.001 0.036 23.543 0.00900000000000001 23.546 25.354 0 25.35 25.177 0 25.172
0.063 0.004 0.0669999999999999 0.031 0.005 0.036 22.371 0.013 22.379 23.461 0 23.468 23.324 0 23.326
0.064 0.003 0.067 0.033 0.003 0.036 22.742 0.01 22.747 24.54 0 24.535 24.29 0 24.292
0.063 0.00600000000000001 0.069 0.033 0.003 0.036 22.833 0.01 22.838 24.668 0 24.662 24.544 0 24.54
0.06 0.004 0.064 0.03 0.004 0.034 22.643 0.009 22.647 24.371 0 24.366 24.245 0 24.239
0.062 0.005 0.067 0.034 0.002 0.036 22.664 0.017 22.675 24.421 0 24.415 24.291 0 24.284
0.061 0.00800000000000001 0.069 0.033 0.003 0.036 22.922 0.007 22.924 24.71 0 24.704 24.564 0.001 24.56
0.063 0.007 0.068 0.032 0.004 0.036 22.791 0.019 22.805 24.562 0 24.557 24.409 0 24.404
0.062 0.006 0.068 0.034 0.00199999999999999 0.036 23.455 0.017 23.467 25.244 0 25.238 25.094 0 25.089
0.064 0.003 0.067 0.032 0.004 0.036 22.344 0.011 22.349 24.152 0 24.147 24.003 0 23.998
0.061 0.007 0.068 0.035 0 0.034 22.395 0.01 22.4 24.11 0 24.104 23.988 0 23.982
0.062 0.006 0.067 0.034 0.002 0.036 23.066 0.015 23.076 24.748 0 24.744 24.622 0 24.617
0.065 0.003 0.067 0.035 0.001 0.036 22.564 0.013 22.572 23.943 0 23.944 23.637 0 23.641
0.06 0.007 0.067 0.033 0.003 0.036 22.521 0.014 22.53 24.394 0 24.388 24.287 0 24.281
0.062 0.007 0.068 0.03 0.005 0.035 22.585 0.017 22.597 24.384 0 24.378 24.238 0 24.232
0.062 0.00600000000000001 0.069 0.034 0.00199999999999999 0.035 22.733 0.011 22.738 24.508 0 24.503 24.343 0 24.338
0.0669999999999999 0.001 0.068 0.033 0.00199999999999999 0.036 22.469 0.018 22.482 24.183 0 24.176 24.068 0 24.063
0.064 0.004 0.068 0.033 0.003 0.036 23.609 0.015 23.618 25.312 0 25.306 25.19 0 25.184
0.064 0.004 0.068 0.031 0.005 0.035 22.426 0.016 22.437 24.199 0 24.193 24.068 0 24.064
0.061 0.00600000000000001 0.068 0.031 0.005 0.035 22.751 0.013 22.758 24.314 0 24.31 24.187 0 24.18
0.0649999999999999 0.002 0.067 0.032 0.003 0.035 22.334 0.014 22.343 23.463 0 23.466 23.167 0 23.173
0.063 0.005 0.069 0.032 0.003 0.036 23.099 0.014 23.106 24.842 0 24.837 24.705 0 24.7
0.064 0.003 0.0670000000000001 0.033 0.002 0.0359999999999999 21.921 0.012 21.935 23.131 0 23.13 23.087 0 23.089
0.066 0.001 0.067 0.032 0.004 0.036 22.513 0.009 22.517 24.401 0 24.394 23.882 0 23.886
0.064 0.005 0.069 0.031 0.004 0.035 22.452 0.016 22.463 24.204 0 24.199 24.081 0 24.075
0.065 0.003 0.068 0.033 0.003 0.036 22.908 0.023 22.926 24.655 0 24.649 24.56 0 24.555
0.061 0.008 0.069 0.036 0 0.035 22.957 0.01 22.962 24.72 0 24.715 24.606 0 24.601
0.067 0.001 0.068 0.033 0.00199999999999999 0.035 22.474 0.009 22.478 24.22 0 24.215 24.089 0 24.083
0.061 0.006 0.067 0.034 0.002 0.036 22.545 0.011 22.551 24.337 0 24.332 23.959 0 23.959
0.062 0.00600000000000001 0.068 0.032 0.003 0.036 22.619 0.01 22.624 24.404 0.001 24.399 24.257 0 24.251
0.066 0.00199999999999999 0.0679999999999999 0.032 0.003 0.036 22.369 0.011 22.374 24.594 0 24.59 24.432 0 24.425
0.064 0.003 0.068 0.032 0.004 0.036 23.355 0.018 23.367 25.362 0 25.355 25.223 0 25.218
0.065 0.003 0.067 0.034 0.001 0.036 23.636 0.013 23.643 25.343 0 25.337 25.258 0 25.252
0.065 0.003 0.068 0.034 0.002 0.036 23.539 0.017 23.55 25.357 0 25.351 25.146 0 25.141
0.068 0 0.068 0.033 0.003 0.036 22.327 0.011 22.333 24.047 0 24.041 23.932 0 23.926
0.067 0.001 0.068 0.033 0.003 0.036 22.518 0.014 22.527 24.301 0 24.295 24.164 0 24.158
0.062 0.006 0.068 0.031 0.005 0.036 23.67 0.013 23.677 25.476 0 25.47 25.277 0 25.272
0.062 0.005 0.0680000000000001 0.033 0.003 0.0349999999999999 22.475 0.012 22.482 24.325 0 24.32 24.19 0 24.186
0.06 0.003 0.064 0.033 0.003 0.034 22.632 0.009 22.637 24.414 0 24.409 24.275 0 24.268
0.062 0.006 0.068 0.033 0.002 0.035 22.666 0.014 22.674 23.784 0 23.787 23.627 0 23.632
0.066 0.002 0.068 0.034 0.001 0.035 22.347 0.009 22.358 23.608 0 23.609 23.181 0 23.186
0.063 0.005 0.068 0.034 0.002 0.036 22.877 0.01 22.881 24.662 0 24.657 24.525 0 24.52
0.061 0.003 0.064 0.033 0.00199999999999999 0.034 22.306 0.091 22.409 23.712 0.018 23.753 23.329 0.003 23.342
0.062 0.00600000000000001 0.067 0.03 0.005 0.035 22.363 0.014 22.372 24.111 0 24.107 23.973 0 23.969
0.061 0.003 0.064 0.03 0.004 0.035 21.9 0.015 21.909 23.847 0 23.842 23.971 0 23.97
0.065 0.003 0.069 0.034 0.001 0.035 22.87 0.016 22.881 24.725 0 24.72 24.606 0 24.6
0.065 0.004 0.0690000000000001 0.032 0.003 0.0349999999999999 22.409 0.007 22.412 24.461 0 24.456 24.334 0 24.328
0.064 0.004 0.0690000000000001 0.032 0.004 0.0349999999999999 22.511 0.00800000000000001 22.513 24.319 0 24.315 24.213 0 24.208
0.064 0.003 0.0670000000000001 0.033 0.002 0.0359999999999999 22.547 0.02 22.561 24.318 0 24.313 24.159 0 24.154
0.066 0.00199999999999999 0.067 0.034 0.001 0.036 23.077 0.018 23.09 23.995 0 23.998 23.809 0 23.812
0.064 0.004 0.068 0.031 0.003 0.036 23.35 0.025 23.386 25.149 0.011 25.168 25.066 0.00700000000000001 25.08
0.064 0.004 0.068 0.034 0.002 0.036 22.574 0.012 22.589 23.885 0 23.892 23.487 0 23.484
0.06 0.004 0.063 0.03 0.005 0.034 22.898 0.014 22.908 24.852 0 24.845 24.738 0 24.734
0.063 0.004 0.067 0.03 0.005 0.036 22.51 0.006 22.516 23.504 0 23.506 23.406 0 23.409
0.06 0.00800000000000001 0.068 0.032 0.00399999999999999 0.036 22.901 0.015 22.91 24.672 0 24.667 24.524 0 24.518
0.062 0.00600000000000001 0.069 0.036 0 0.036 22.648 0.01 22.652 24.446 0 24.442 24.308 0 24.302
0.061 0.00700000000000001 0.067 0.029 0.006 0.036 22.7 0.011 22.706 24.455 0 24.45 24.319 0 24.312
0.061 0.002 0.063 0.031 0.004 0.034 22.647 0.014 22.656 24.364 0 24.359 24.248 0 24.243
0.066 0.002 0.0690000000000001 0.032 0.004 0.0349999999999999 22.326 0.023 22.353 24.061 0.01 24.072 23.924 0.012 23.949
0.064 0.005 0.068 0.034 0.001 0.036 22.621 0.011 22.633 23.577 0 23.576 23.538 0 23.541
0.064 0.003 0.067 0.034 0.001 0.035 23.552 0.017 23.563 25.349 0 25.344 24.855 0 24.859
0.065 0.003 0.068 0.035 0.000999999999999994 0.036 22.477 0.013 22.484 24.218 0 24.213 24.095 0 24.09
0.063 0.005 0.069 0.029 0.00700000000000001 0.036 22.886 0.014 22.894 24.612 0 24.606 24.514 0 24.51
0.065 0.002 0.067 0.035 0.001 0.036 22.33 0.015 22.348 23.758 0 23.764 23.431 0 23.427
0.066 0.006 0.072 0.034 0.002 0.036 22.646 0.015 22.655 24.534 0 24.528 24.408 0 24.401
0.064 0.003 0.068 0.034 0.00199999999999999 0.035 22.292 0.014 22.302 24.026 0 24.02 23.884 0 23.879
0.067 0.002 0.068 0.032 0.003 0.036 23.5 0.015 23.508 25.305 0 25.3 25.165 0 25.159
0.062 0.005 0.068 0.028 0.008 0.035 22.691 0.014 22.701 24.467 0 24.461 24.34 0 24.334
0.067 0.002 0.069 0.035 0.001 0.036 22.795 0.012 22.81 23.871 0 23.873 23.832 0 23.834
0.063 0.005 0.068 0.033 0.002 0.035 22.541 0.016 22.552 24.412 0 24.408 24.208 0 24.203
0.061 0.007 0.067 0.031 0.004 0.035 22.505 0.012 22.511 24.273 0 24.268 24.128 0 24.122
0.063 0.005 0.0679999999999999 0.033 0.003 0.036 22.992 0.014 23 24.738 0 24.733 24.584 0 24.578
0.065 0.003 0.068 0.031 0.004 0.035 22.415 0.011 22.421 23.709 0 23.709 23.329 0 23.328
0.066 0.003 0.068 0.033 0.00199999999999999 0.036 22.753 0.017 22.764 24.511 0.001 24.507 24.41 0 24.404
0.064 0.004 0.068 0.032 0.003 0.035 22.239 0.011 22.255 23.225 0 23.228 23.16 0 23.161
0.062 0.005 0.068 0.034 0.002 0.035 22.48 0.015 22.493 23.682 0 23.683 23.28 0 23.283
0.064 0.005 0.069 0.03 0.006 0.036 23.663 0.013 23.67 25.483 0 25.478 25.392 0 25.387
0.064 0.004 0.07 0.034 0.002 0.0349999999999999 22.759 0.013 22.766 24.57 0 24.565 24.42 0 24.413
0.061 0.007 0.067 0.032 0.004 0.036 22.623 0.014 22.632 24.388 0 24.383 24.252 0 24.246
0.063 0.005 0.0680000000000001 0.032 0.004 0.0359999999999999 22.76 0.014 22.769 24.469 0 24.463 24.363 0 24.358
0.063 0.005 0.068 0.033 0.002 0.036 22.668 0.013 22.676 24.503 0 24.496 24.393 0 24.387
0.055 0.008 0.063 0.033 0.002 0.035 22.184 0.016 22.194 24.058 0 24.053 24.183 0 24.177
0.065 0.003 0.068 0.035 0.001 0.036 22.79 0.015 22.805 23.888 0 23.892 23.781 0 23.779
0.059 0.004 0.063 0.032 0.002 0.034 21.986 0.011 21.992 23.809 0 23.805 23.645 0 23.647
0.062 0.005 0.067 0.032 0.004 0.036 22.597 0.013 22.605 23.979 0 23.982 23.525 0 23.528
0.06 0.008 0.069 0.035 0.001 0.036 22.803 0.007 22.804 24.518 0 24.513 24.373 0 24.367
0.061 0.00600000000000001 0.068 0.034 0.00199999999999999 0.035 22.379 0.02 22.394 24.126 0.001 24.122 23.983 0 23.977
0.059 0.004 0.064 0.036 0 0.035 22.5 0.01 22.505 24.309 0 24.303 24.152 0 24.146
0.064 0.004 0.067 0.035 0 0.036 22.519 0.019 22.531 24.305 0 24.301 24.158 0 24.153
0.063 0.005 0.068 0.029 0.00600000000000001 0.035 22.291 0.013 22.297 23.814 0 23.81 24.022 0 24.016
0.064 0.003 0.068 0.034 0.00199999999999999 0.035 22.345 0.013 22.353 24.095 0 24.091 23.955 0 23.949
0.066 0.003 0.069 0.036 0 0.036 24.798 0.008 24.801 26.666 0 26.66 26.321 0 26.315
0.06 0.008 0.068 0.034 0.002 0.035 22.524 0.014 22.532 24.262 0 24.259 24.091 0 24.084
0.063 0.005 0.0680000000000001 0.035 0.001 0.0359999999999999 22.615 0.016 22.625 24.354 0.001 24.35 24.228 0 24.222
0.059 0.008 0.067 0.032 0.004 0.036 22.215 0.011 22.227 23.196 0 23.195 23.164 0 23.168
0.066 0.001 0.068 0.032 0.004 0.035 22.317 0.014 22.327 23.936 0 23.93 23.944 0 23.948
0.065 0.003 0.068 0.032 0.003 0.036 22.639 0.015 22.648 24.035 0 24.03 24.247 0 24.242
0.065 0.003 0.067 0.032 0.003 0.036 22.632 0.012 22.638 24.385 0 24.38 24.255 0 24.249
0.059 0.005 0.064 0.03 0.004 0.034 22.45 0.00900000000000001 22.454 24.197 0 24.193 24.115 0 24.109
0.06 0.004 0.064 0.033 0.002 0.035 23.2 0.011 23.206 24.851 0 24.845 24.757 0 24.752
0.061 0.007 0.068 0.034 0.00199999999999999 0.036 22.746 0.013 22.752 24.544 0 24.539 24.405 0 24.398
0.066 0.002 0.067 0.033 0.00199999999999999 0.036 22.496 0.019 22.508 24.234 0 24.23 24.105 0 24.1
0.064 0.004 0.067 0.034 0.001 0.036 22.491 0.012 22.497 24.289 0 24.284 24.148 0 24.144
0.064 0.003 0.067 0.034 0.000999999999999994 0.035 22.411 0.011 22.417 24.299 0.001 24.295 24.155 0 24.149
0.066 0.001 0.067 0.033 0.002 0.035 22.357 0.013 22.365 24.166 0 24.161 24.007 0 24
0.065 0.003 0.068 0.031 0.004 0.036 23.479 0.021 23.493 24.435 0 24.44 24.276 0 24.279
0.062 0.005 0.068 0.033 0.003 0.035 22.648 0.012 22.656 24.1 0 24.094 24.22 0 24.218
0.066 0.001 0.067 0.034 0.00199999999999999 0.036 22.593 0.015 22.602 24.381 0 24.376 24.256 0 24.25
0.068 0.002 0.07 0.035 0.001 0.036 22.588 0.013 22.595 24.306 0 24.301 24.156 0 24.15
0.065 0.003 0.067 0.035 0.000999999999999994 0.036 22.583 0.01 22.589 24.358 0 24.351 24.21 0 24.204
0.063 0.005 0.068 0.033 0.003 0.035 23.503 0.016 23.514 25.049 0 25.045 24.925 0 24.919
0.064 0.004 0.068 0.033 0.004 0.036 22.797 0.006 22.799 24.379 0 24.374 24.24 0 24.234
0.063 0.005 0.068 0.034 0.00199999999999999 0.035 22.222 0.012 22.23 23.803 0 23.797 23.947 0 23.941
0.064 0.005 0.068 0.031 0.004 0.036 22.542 0.018 22.565 23.873 0 23.878 23.587 0 23.59
0.064 0.003 0.067 0.035 0.001 0.036 22.607 0.009 22.611 24.323 0 24.318 24.166 0 24.16
0.062 0.005 0.067 0.034 0.002 0.036 22.434 0.013 22.443 24.178 0 24.173 24.052 0 24.045
0.057 0.007 0.063 0.033 0.002 0.036 22.619 0.017 22.63 24.354 0 24.349 24.243 0 24.237
0.063 0.004 0.067 0.033 0.00199999999999999 0.036 22.504 0.013 22.511 23.466 0 23.472 23.044 0.002 23.047
0.059 0.008 0.068 0.031 0.004 0.035 22.511 0.011 22.517 24.007 0 24.002 23.778 0 23.775
0.063 0.005 0.068 0.032 0.004 0.035 23.55 0.012 23.556 25.383 0 25.378 25.235 0 25.229
0.061 0.006 0.067 0.033 0.003 0.036 22.784 0.014 22.792 24.567 0 24.562 24.471 0 24.466
0.061 0.007 0.068 0.032 0.003 0.035 22.506 0.012 22.513 24.247 0 24.242 24.126 0 24.12
0.058 0.005 0.063 0.032 0.002 0.034 22.418 0.012 22.425 24.174 0 24.169 24.043 0 24.038
0.063 0.004 0.067 0.029 0.007 0.036 22.299 0.012 22.306 24.038 0 24.032 23.914 0 23.909
0.064 0.004 0.067 0.034 0.001 0.035 22.773 0.019 22.787 24.628 0 24.622 24.457 0 24.452
0.062 0.00600000000000001 0.068 0.032 0.003 0.036 24.677 0.008 24.678 26.034 0 26.029 26.341 0 26.335
0.061 0.007 0.068 0.032 0.003 0.035 22.431 0.017 22.442 24.2 0.001 24.195 24.093 0 24.088
0.063 0.005 0.068 0.032 0.004 0.035 22.587 0.013 22.595 24.394 0 24.389 24.27 0 24.264
0.062 0.005 0.068 0.033 0.003 0.035 22.567 0.016 22.579 24.312 0 24.306 24.191 0 24.185
0.063 0.00600000000000001 0.068 0.032 0.004 0.035 22.929 0.016 22.941 24.33 0 24.324 24.48 0.001 24.475
0.063 0.006 0.068 0.032 0.003 0.036 22.81 0.008 22.813 24.552 0 24.547 24.478 0 24.471
0.064 0.003 0.067 0.034 0.002 0.035 22.524 0.009 22.529 24.281 0 24.275 24.155 0 24.149
0.066 0.002 0.067 0.032 0.003 0.036 22.542 0.012 22.547 24.319 0 24.315 24.208 0 24.201
0.063 0.005 0.0680000000000001 0.033 0.003 0.0359999999999999 23.491 0.014 23.499 25.219 0 25.214 25.17 0 25.166
0.06 0.004 0.063 0.03 0.004 0.035 23.405 0.011 23.411 25.104 0 25.099 25.072 0 25.066
0.066 0.00199999999999999 0.0690000000000001 0.034 0.002 0.0349999999999999 22.808 0.011 22.813 24.517 0 24.513 24.37 0 24.363
0.061 0.007 0.067 0.03 0.004 0.035 22.488 0.01 22.492 24.264 0 24.259 24.128 0 24.121
0.059 0.004 0.063 0.033 0.002 0.035 22.524 0.015 22.534 24.297 0 24.292 24.166 0 24.161
0.063 0.006 0.069 0.032 0.004 0.036 22.593 0.013 22.6 24.293 0 24.289 24.177 0 24.171
0.061 0.007 0.068 0.036 0 0.036 22.688 0.012 22.694 24.474 0 24.47 24.344 0 24.337
0.064 0.005 0.07 0.035 0.001 0.036 22.797 0.014 22.806 24.542 0 24.536 24.436 0 24.431
0.065 0.003 0.0679999999999999 0.033 0.003 0.035 22.651 0.014 22.66 24.391 0.001 24.388 24.239 0 24.232
0.059 0.00800000000000001 0.067 0.031 0.005 0.035 22.369 0.013 22.378 24.101 0.001 24.096 23.982 0 23.976
0.062 0.005 0.068 0.034 0.00199999999999999 0.035 22.481 0.00600000000000001 22.482 23.938 0 23.934 24.112 0 24.106
0.063 0.005 0.069 0.033 0.003 0.036 24.666 0.014 24.673 26.208 0 26.202 26.195 0 26.189
0.061 0.006 0.0669999999999999 0.034 0.002 0.036 22.415 0.014 22.424 24.246 0 24.241 24.1 0 24.095
0.063 0.004 0.0680000000000001 0.033 0.00199999999999999 0.0349999999999999 22.725 0.01 22.729 24.402 0 24.398 24.297 0 24.291
0.059 0.004 0.063 0.034 0.001 0.035 22.502 0.013 22.509 24.284 0 24.279 24.149 0 24.143
0.068 0 0.069 0.032 0.004 0.035 23.407 0.014 23.416 25.114 0 25.107 25.096 0 25.09
0.059 0.008 0.067 0.032 0.003 0.035 22.139 0.016 22.151 23.876 0 23.87 23.736 0 23.731
0.066 0.002 0.068 0.035 0 0.035 23.029 0.011 23.035 24.769 0 24.764 24.637 0 24.632
0.062 0.006 0.068 0.033 0.003 0.036 22.404 0.014 22.412 24.157 0 24.153 24.005 0 23.999
0.064 0.004 0.068 0.034 0.001 0.035 22.556 0.016 22.566 23.833 0 23.828 24.085 0 24.079
0.065 0.003 0.0680000000000001 0.034 0.002 0.0349999999999999 22.807 0.016 22.818 24.579 0 24.574 24.462 0 24.456
0.06 0.004 0.064 0.029 0.006 0.035 23.022 0.014 23.03 24.709 0 24.703 24.598 0 24.594
0.061 0.006 0.067 0.032 0.003 0.035 22.391 0.015 22.401 24.189 0 24.184 24.074 0 24.068
0.063 0.004 0.067 0.033 0.003 0.036 22.56 0.014 22.569 24.323 0 24.318 24.173 0 24.167
0.064 0.003 0.067 0.034 0.002 0.035 22.461 0.014 22.47 24.161 0 24.158 24.031 0 24.024
0.061 0.002 0.063 0.029 0.005 0.035 22.289 0.012 22.296 24.044 0 24.038 23.892 0 23.886
0.062 0.007 0.069 0.033 0.003 0.035 22.675 0.011 22.691 23.985 0 23.992 23.768 0 23.765
0.061 0.00800000000000001 0.069 0.034 0.00199999999999999 0.036 24.734 0.011 24.739 26.26 0 26.264 25.323 0 25.328
0.057 0.006 0.064 0.03 0.005 0.036 22.675 0.00900000000000001 22.678 24.455 0 24.45 24.297 0 24.291
0.0679999999999999 0.003 0.071 0.031 0.004 0.035 23.186 0.012 23.193 24.811 0 24.805 24.651 0 24.646
0.061 0.00600000000000001 0.067 0.033 0.003 0.036 22.577 0.017 22.59 24.337 0 24.331 24.178 0 24.172
0.063 0.00600000000000001 0.069 0.031 0.004 0.035 22.567 0.00800000000000001 22.569 24.331 0 24.326 24.204 0 24.198
0.066 0.002 0.068 0.033 0.003 0.036 23.591 0.013 23.598 25.333 0 25.327 25.128 0 25.123
0.063 0.004 0.067 0.035 0.001 0.036 22.491 0.009 22.495 24.158 0 24.153 24.018 0 24.011
0.062 0.005 0.067 0.034 0.001 0.035 22.546 0.011 22.552 23.981 0 23.977 24.124 0 24.118
0.062 0.00199999999999999 0.065 0.034 0.001 0.034 23.099 0.011 23.105 24.857 0 24.852 24.769 0 24.762
0.064 0.005 0.069 0.035 0.002 0.036 22.779 0.014 22.789 24.548 0 24.543 24.426 0 24.42
0.066 0.002 0.067 0.033 0.002 0.036 22.495 0.018 22.519 24.291 0.003 24.294 24.16 0 24.154
0.064 0.003 0.067 0.03 0.006 0.036 22.106 0.005 22.106 23.854 0 23.849 23.714 0 23.709
0.062 0.005 0.068 0.035 0.001 0.036 22.495 0.013 22.502 24.331 0 24.324 24.162 0 24.157
0.058 0.005 0.064 0.032 0.004 0.035 22.801 0.016 22.812 24.654 0 24.648 24.479 0 24.474
0.059 0.00800000000000001 0.067 0.031 0.004 0.036 22.486 0.006 22.487 24.233 0 24.227 24.105 0 24.099
0.068 0.001 0.068 0.034 0.001 0.035 22.251 0.006 22.251 23.966 0.001 23.963 23.846 0 23.84
0.063 0.005 0.069 0.033 0.003 0.035 22.663 0.015 22.674 24.467 0 24.461 24.328 0 24.321
0.064 0.004 0.068 0.033 0.003 0.035 22.652 0.013 22.66 24.403 0 24.397 24.258 0 24.252
0.064 0.004 0.068 0.034 0.002 0.036 23.558 0.00899999999999999 23.561 25.051 0 25.056 24.507 0 24.511
0.066 0.003 0.068 0.033 0.003 0.036 23.124 0.018 23.137 24.863 0.001 24.859 24.676 0 24.671
0.062 0.006 0.068 0.031 0.004 0.036 22.689 0.01 22.693 24.379 0 24.374 24.242 0 24.237
0.064 0.003 0.067 0.03 0.006 0.036 22.625 0.012 22.632 24.392 0 24.387 24.243 0 24.237
0.062 0.00600000000000001 0.068 0.032 0.004 0.036 22.672 0.015 22.682 24.431 0.00199999999999999 24.427 24.272 0 24.267
0.064 0.006 0.069 0.031 0.004 0.036 22.748 0.012 22.755 24.522 0 24.517 24.375 0 24.369
0.062 0.005 0.067 0.033 0.002 0.035 22.593 0.012 22.6 24.35 0 24.345 24.204 0 24.198
0.067 0.001 0.068 0.033 0.003 0.036 22.628 0.01 22.634 24.424 0 24.419 24.322 0 24.316
0.065 0.004 0.069 0.032 0.003 0.035 22.459 0.012 22.465 24.203 0 24.199 24.068 0 24.061
0.066 0.003 0.068 0.034 0.002 0.037 23.124 0.012 23.13 24.896 0 24.89 24.677 0 24.673
0.065 0.003 0.068 0.033 0.002 0.035 22.631 0.012 22.638 24.337 0 24.332 24.257 0 24.251
0.062 0.004 0.066 0.03 0.005 0.036 22.664 0.014 22.673 24.162 0 24.157 24.357 0 24.35
0.067 0.001 0.0679999999999999 0.034 0.001 0.035 22.272 0.017 22.284 24.001 0 23.995 23.865 0 23.86
0.06 0.003 0.063 0.031 0.004 0.035 22.712 0.012 22.719 24.298 0 24.293 24.199 0 24.193
0.064 0.004 0.0680000000000001 0.033 0.003 0.0359999999999999 22.323 0.009 22.327 24.087 0 24.083 23.996 0 23.99
0.066 0.002 0.068 0.031 0.005 0.036 23.55 0.018 23.561 25.281 0 25.275 25.226 0 25.221
0.067 0.001 0.068 0.034 0.002 0.036 22.519 0.01 22.524 24.332 0 24.327 24.206 0 24.201
0.066 0.003 0.069 0.033 0.004 0.037 22.475 0.015 22.484 24.198 0 24.193 24.083 0.001 24.078
0.064 0.004 0.067 0.031 0.004 0.035 22.331 0.015 22.341 24.106 0 24.101 23.965 0 23.959
0.0649999999999999 0.003 0.068 0.035 0.001 0.036 22.766 0.011 22.77 24.487 0 24.483 24.353 0 24.346
0.064 0.004 0.068 0.033 0.003 0.036 22.915 0.018 22.928 24.664 0 24.658 24.529 0 24.524
0.063 0.005 0.068 0.036 0 0.036 22.749 0.018 22.762 24.504 0 24.499 24.375 0 24.37
0.063 0.004 0.068 0.033 0.003 0.035 22.393 0.012 22.4 24.14 0 24.135 24.025 0 24.018
0.065 0.003 0.068 0.032 0.004 0.036 22.701 0.012 22.709 24.468 0 24.462 24.336 0 24.33
0.06 0.007 0.067 0.03 0.005 0.036 22.322 0.01 22.327 23.703 0 23.698 23.915 0 23.909
0.061 0.007 0.068 0.031 0.004 0.036 22.597 0.016 22.607 24.359 0 24.354 24.247 0 24.241
0.065 0.003 0.069 0.034 0.002 0.035 22.733 0.009 22.738 24.436 0 24.431 23.458 0 23.464
0.064 0.001 0.065 0.033 0.002 0.035 22.61 0.022 22.627 24.42 0 24.415 24.3 0 24.293
0.065 0.003 0.068 0.034 0.002 0.036 22.757 0.015 22.767 24.516 0 24.511 24.377 0 24.371
0.068 0.001 0.068 0.032 0.003 0.036 23.516 0.017 23.526 25.246 0 25.241 25.17 0 25.165
0.062 0.005 0.067 0.032 0.004 0.035 22.331 0.011 22.336 24.064 0 24.059 23.945 0 23.939
0.067 0.001 0.0679999999999999 0.031 0.005 0.036 22.721 0.012 22.727 24.428 0 24.424 24.305 0 24.299
0.064 0.005 0.069 0.03 0.005 0.035 22.368 0.00700000000000001 22.369 24.145 0 24.141 24.015 0 24.01
0.065 0.00199999999999999 0.067 0.031 0.005 0.036 22.405 0.006 22.405 24.135 0 24.131 23.99 0 23.985
0.064 0.003 0.067 0.033 0.002 0.035 22.307 0.01 22.312 23.829 0 23.824 23.985 0 23.979
0.065 0.003 0.0679999999999999 0.036 0.001 0.037 22.675 0.017 22.686 24.413 0 24.408 24.296 0 24.289
0.066 0.003 0.069 0.034 0.002 0.036 24.618 0.013 24.625 26.345 0 26.34 26.191 0 26.186
0.066 0.003 0.069 0.032 0.004 0.036 22.912 0.01 22.916 24.661 0 24.656 24.524 0 24.518
0.067 0.003 0.07 0.032 0.004 0.035 22.742 0.017 22.755 24.496 0 24.49 24.363 0 24.358
0.065 0.003 0.068 0.033 0.002 0.035 22.559 0.01 22.564 24.301 0 24.296 24.188 0 24.182
0.066 0.003 0.069 0.034 0.002 0.036 22.734 0.007 22.735 24.336 0 24.331 24.239 0 24.233
0.062 0.007 0.07 0.034 0.002 0.036 22.402 0.014 22.411 24.134 0 24.128 23.999 0 23.995
0.065 0.003 0.068 0.033 0.003 0.036 22.517 0.01 22.522 24.253 0.001 24.249 24.117 0 24.111
0.063 0.004 0.066 0.03 0.006 0.036 22.387 0.00900000000000001 22.391 24.109 0 24.103 23.972 0 23.966
0.066 0.002 0.069 0.032 0.004 0.036 22.749 0.011 22.753 24.502 0 24.498 24.376 0 24.37
0.064 0.004 0.068 0.031 0.005 0.036 22.484 0.01 22.489 24.245 0 24.24 24.1 0 24.094
0.063 0.005 0.0679999999999999 0.034 0.002 0.036 24.768 0.01 24.774 26.404 0 26.398 26.295 0 26.289
0.061 0.008 0.068 0.035 0.001 0.036 23.557 0.011 23.563 25.19 0 25.184 25.111 0 25.106
0.064 0.003 0.068 0.034 0.001 0.035 22.28 0.012 22.287 23.76 0 23.754 23.96 0 23.955
0.065 0.003 0.068 0.035 0 0.036 22.461 0.012 22.467 24.192 0 24.187 24.044 0 24.038
0.062 0.005 0.068 0.034 0.003 0.036 22.621 0.008 22.624 24.431 0 24.426 24.32 0 24.315
0.065 0.003 0.069 0.034 0.002 0.035 22.847 0.017 22.859 24.514 0 24.51 24.417 0 24.41
0.066 0.00199999999999999 0.068 0.032 0.004 0.036 23.166 0.014 23.175 24.879 0.001 24.875 24.721 0 24.716
0.061 0.004 0.065 0.034 0 0.034 22.443 0.01 22.447 24.247 0.001 24.243 24.101 0 24.094
0.063 0.005 0.068 0.035 0.001 0.036 22.871 0.009 22.876 24.668 0 24.661 24.525 0 24.52
0.064 0.005 0.068 0.029 0.006 0.036 22.388 0.021 22.403 24.2 0 24.196 24.089 0 24.083
0.064 0.003 0.067 0.032 0.003 0.035 22.407 0.009 22.411 24.216 0 24.211 24.051 0 24.046
0.062 0.005 0.067 0.035 0.001 0.036 22.521 0.018 22.533 23.973 0.001 23.97 24.146 0 24.14
0.064 0.005 0.069 0.035 0.001 0.036 24.716 0.016 24.726 26.516 0 26.509 26.32 0 26.314
0.064 0.005 0.069 0.032 0.003 0.036 22.78 0.007 22.781 24.657 0 24.652 24.497 0 24.492
0.066 0.003 0.068 0.033 0.003 0.036 23.007 0.015 23.016 24.72 0 24.716 24.568 0 24.562
0.062 0.005 0.067 0.032 0.003 0.035 22.276 0.019 22.289 24.048 0 24.043 23.93 0 23.924
0.061 0.002 0.064 0.035 0.001 0.035 22.297 0.013 22.306 24.137 0 24.131 23.994 0 23.988
0.067 0.00199999999999999 0.07 0.035 0.001 0.036 22.671 0.013 22.678 24.459 0.001 24.454 24.353 0 24.347
0.064 0.007 0.072 0.035 0.001 0.035 22.622 0.013 22.63 24.411 0 24.406 24.281 0 24.275
0.066 0.003 0.07 0.034 0.002 0.036 22.532 0.017 22.544 24.301 0 24.295 24.182 0 24.176
0.066 0.002 0.069 0.034 0.002 0.036 23.112 0.012 23.118 25.06 0 25.055 24.917 0 24.912
0.059 0.008 0.067 0.031 0.005 0.036 22.531 0.016 22.541 24.247 0 24.242 24.111 0 24.105
0.064 0.004 0.068 0.028 0.00700000000000001 0.035 22.388 0.00899999999999999 22.392 24.159 0 24.154 24.008 0 24.002
0.062 0.005 0.068 0.031 0.005 0.036 22.373 0.01 22.378 24.1 0 24.095 23.976 0 23.97
0.064 0.005 0.069 0.033 0.003 0.036 23.077 0.00700000000000001 23.078 24.903 0 24.898 24.71 0 24.704
0.066 0.003 0.068 0.034 0.001 0.036 22.909 0.013 22.917 24.721 0 24.716 24.583 0 24.577
0.062 0.005 0.067 0.034 0.002 0.036 22.644 0.011 22.651 24.099 0 24.094 24.296 0 24.289
0.062 0.006 0.067 0.033 0.002 0.036 22.622 0.015 22.631 24.361 0 24.356 24.209 0 24.204
0.066 0.006 0.072 0.036 0.002 0.039 27.647 0.009 27.649 29.3 0 29.294 29.135 0 29.13
0.064 0.004 0.069 0.029 0.00600000000000001 0.035 22.353 0.014 22.361 24.078 0 24.074 23.94 0 23.934
0.063 0.004 0.067 0.031 0.004 0.035 22.482 0.011 22.488 24.195 0 24.19 24.042 0 24.036
0.061 0.007 0.068 0.034 0.002 0.036 23.517 0.013 23.524 25.183 0 25.178 25.12 0 25.115
0.061 0.007 0.067 0.034 0.002 0.036 22.618 0.013 22.626 24.402 0 24.396 24.252 0 24.246
0.064 0.005 0.069 0.034 0.002 0.035 23.639 0.013 23.647 25.256 0 25.25 25.227 0 25.221
0.061 0.005 0.065 0.033 0.00199999999999999 0.035 23.536 0.014 23.546 25.193 0 25.188 25.151 0 25.145
0.065 0.003 0.068 0.035 0 0.036 22.877 0.015 22.885 24.629 0 24.624 24.53 0 24.526
0.06 0.00199999999999999 0.064 0.032 0.003 0.034 22.445 0.012 22.451 24.21 0 24.205 24.084 0 24.078
0.065 0.002 0.067 0.03 0.006 0.036 22.245 0.016 22.256 23.853 0 23.848 23.971 0 23.965
0.065 0.003 0.068 0.031 0.004 0.036 22.468 0.013 22.474 24.27 0 24.264 24.152 0 24.147
0.063 0.004 0.067 0.035 0.001 0.035 22.525 0.01 22.531 24.363 0.001 24.359 24.242 0 24.235
0.068 0.001 0.069 0.031 0.004 0.035 22.718 0.016 22.729 24.718 0 24.712 24.564 0 24.559
0.064 0.003 0.068 0.032 0.004 0.035 22.833 0.012 22.84 24.503 0 24.499 24.359 0 24.352
0.063 0.005 0.069 0.036 0 0.035 22.42 0.013 22.428 24.168 0 24.163 24.012 0 24.006
0.06 0.007 0.067 0.032 0.004 0.036 23.351 0.009 23.354 24.866 0 24.861 25.009 0 25.004
0.064 0.005 0.069 0.032 0.003 0.035 23.094 0.014 23.103 24.842 0 24.836 24.702 0 24.697
0.061 0.003 0.0630000000000001 0.032 0.003 0.0349999999999999 22.651 0.014 22.659 24.385 0 24.381 24.249 0 24.242
0.061 0.002 0.064 0.033 0.000999999999999994 0.035 22.524 0.005 22.524 24.317 0 24.312 24.19 0 24.184
0.062 0.003 0.064 0.035 0.001 0.036 22.694 0.015 22.704 24.514 0 24.509 24.398 0 24.393
0.061 0.006 0.067 0.034 0.001 0.036 23.225 0.009 23.227 24.977 0 24.972 24.817 0 24.811
0.063 0.005 0.068 0.033 0.003 0.036 23.584 0.012 23.589 25.301 0 25.297 25.201 0 25.196
0.063 0.005 0.068 0.032 0.004 0.036 22.761 0.01 22.765 24.515 0 24.51 24.39 0 24.384
0.062 0.005 0.067 0.033 0.002 0.036 22.296 0.01 22.3 24.108 0 24.103 23.982 0 23.976
0.0659999999999999 0.002 0.067 0.032 0.003 0.035 22.416 0.012 22.423 24.207 0 24.202 24.101 0 24.095
0.064 0.004 0.069 0.031 0.005 0.036 22.872 0.015 22.881 24.603 0 24.597 24.468 0 24.464
0.064 0.004 0.068 0.03 0.006 0.036 23.659 0.01 23.663 25.455 0 25.45 25.397 0 25.391
0.06 0.007 0.067 0.032 0.003 0.035 22.282 0.015 22.292 23.683 0 23.678 23.818 0 23.812
0.066 0.002 0.068 0.034 0.001 0.036 22.706 0.01 22.711 24.495 0 24.489 24.316 0 24.312
0.069 0.002 0.072 0.035 0.004 0.039 27.68 0.012 27.686 29.365 0 29.357 29.223 0 29.218
0.068 0.002 0.07 0.034 0.001 0.035 23.018 0.013 23.026 24.72 0 24.714 24.592 0 24.587
0.061 0.006 0.067 0.033 0.003 0.036 22.47 0.014 22.479 24.045 0 24.04 23.936 0 23.93
0.06 0.007 0.067 0.033 0.002 0.035 22.242 0.021 22.258 23.924 0 23.919 23.766 0 23.76
0.063 0.002 0.064 0.032 0.003 0.035 23.002 0.014 23.011 24.697 0 24.691 24.545 0 24.54
0.061 0.00199999999999999 0.063 0.031 0.004 0.035 22.667 0.012 22.673 24.315 0 24.31 24.198 0 24.192
0.06 0.008 0.068 0.031 0.005 0.036 22.83 0.014 22.838 24.553 0 24.547 24.446 0 24.441
0.0620000000000001 0.003 0.065 0.031 0.004 0.035 22.766 0.013 22.775 24.488 0 24.482 24.39 0 24.384
0.07 0.003 0.074 0.035 0.001 0.036 22.474 0.013 22.482 24.357 0 24.352 24.236 0 24.23
0.067 0.001 0.067 0.032 0.003 0.035 22.352 0.013 22.36 24.138 0 24.133 23.975 0 23.969
0.061 0.006 0.066 0.033 0.002 0.036 22.136 0.013 22.148 23.018 0 23.017 22.954 0 22.962
0.064 0.004 0.069 0.032 0.004 0.035 22.705 0.009 22.709 24.456 0 24.451 24.334 0 24.328
0.061 0.00700000000000001 0.068 0.034 0.00199999999999999 0.036 23.046 0.005 23.045 24.814 0 24.808 24.676 0 24.671
0.066 0.004 0.07 0.032 0.004 0.036 22.51 0.013 22.518 24.234 0 24.229 24.099 0 24.093
0.0649999999999999 0.005 0.071 0.033 0.002 0.035 22.338 0.01 22.341 23.914 0 23.911 23.791 0 23.784
0.062 0.005 0.067 0.035 0 0.035 22.479 0.01 22.483 24.094 0 24.088 23.955 0 23.949
0.063 0.005 0.068 0.033 0.003 0.036 22.759 0.018 22.772 24.58 0 24.575 24.425 0 24.42
0.064 0.004 0.068 0.029 0.007 0.036 22.764 0.013 22.772 24.504 0 24.498 24.343 0 24.336
0.066 0.002 0.068 0.034 0.00199999999999999 0.035 23.053 0.015 23.063 24.849 0.000999999999999994 24.845 24.688 0 24.682
0.06 0.00800000000000001 0.067 0.034 0.000999999999999994 0.036 22.515 0.013 22.523 24.274 0 24.268 24.142 0 24.136
0.063 0.005 0.068 0.033 0.003 0.036 22.231 0.014 22.24 24.031 0 24.026 23.873 0 23.868
0.064 0.004 0.068 0.033 0.003 0.036 22.726 0.00899999999999999 22.729 24.507 0 24.503 24.387 0 24.381
0.061 0.006 0.067 0.032 0.003 0.036 22.148 0.015 22.162 23.213 0 23.216 23.168 0 23.169
0.065 0.003 0.068 0.034 0.001 0.035 22.33 0.013 22.338 24.161 0 24.157 24.004 0 23.999
0.06 0.008 0.069 0.034 0.002 0.035 22.71 0.022 22.727 24.455 0 24.45 24.347 0 24.341
0.066 0.003 0.069 0.033 0.002 0.036 22.999 0.012 23.005 24.704 0 24.699 24.559 0 24.554
0.063 0.004 0.067 0.033 0.002 0.035 22.3 0.01 22.305 24.037 0 24.032 23.9 0 23.894
0.0659999999999999 0.003 0.069 0.035 0.002 0.036 23.331 0.017 23.342 25.075 0 25.069 24.962 0 24.957
0.065 0.005 0.07 0.034 0.002 0.036 22.446 0.014 22.455 24.228 0 24.222 24.105 0 24.099
0.06 0.008 0.067 0.03 0.005 0.035 22.254 0.019 22.268 24.019 0 24.014 23.915 0 23.908
0.062 0.006 0.068 0.034 0.001 0.035 22.564 0.015 22.573 24.325 0 24.319 24.182 0 24.177
0.059 0.006 0.065 0.03 0.004 0.034 23.464 0.01 23.467 25.254 0 25.25 25.065 0 25.06
0.058 0.005 0.063 0.032 0.003 0.035 22.431 0.01 22.436 24.237 0 24.231 24.08 0 24.075
0.064 0.005 0.068 0.032 0.003 0.036 22.416 0.012 22.43 23.397 0 23.4 23.391 0 23.389
0.063 0.00600000000000001 0.069 0.035 0 0.035 22.786 0.018 22.798 24.513 0 24.508 24.366 0 24.36
0.065 0.003 0.068 0.032 0.004 0.036 22.529 0.012 22.536 24.314 0 24.308 24.167 0 24.161
0.066 0.002 0.067 0.034 0.00199999999999999 0.035 22.782 0.01 22.788 24.505 0 24.5 24.409 0 24.402
0.064 0.003 0.067 0.031 0.006 0.035 22.638 0.012 22.646 23.901 0 23.907 23.451 0 23.458
0.065 0.005 0.0680000000000001 0.033 0.00199999999999999 0.0349999999999999 22.488 0.013 22.497 24.069 0 24.063 23.929 0 23.924
0.062 0.007 0.069 0.032 0.004 0.036 22.609 0.014 22.616 24.364 0 24.36 24.215 0 24.208
0.065 0.00199999999999999 0.067 0.035 0.001 0.036 22.698 0.011 22.704 24.479 0 24.473 24.325 0.001 24.32
0.067 0.003 0.07 0.031 0.005 0.036 22.423 0.015 22.431 24.125 0 24.12 23.985 0 23.979
0.059 0.003 0.062 0.031 0.004 0.035 22.638 0.011 22.644 24.41 0 24.405 24.298 0 24.291
0.064 0.004 0.068 0.032 0.004 0.036 22.744 0.019 22.757 24.609 0 24.604 24.478 0 24.47
0.065 0.003 0.068 0.035 0.000999999999999994 0.036 22.768 0.017 22.781 24.394 0 24.388 24.284 0 24.277
0.064 0.004 0.068 0.033 0.002 0.036 22.644 0.014 22.652 24.372 0 24.367 24.25 0 24.243
0.062 0.005 0.067 0.034 0.00199999999999999 0.036 22.298 0.014 22.314 23.514 0.000999999999999994 23.519 23.466 0 23.464
0.063 0.004 0.067 0.032 0.003 0.035 22.284 0.012 22.29 24.01 0 24.007 23.876 0 23.87
0.066 0.002 0.068 0.033 0.003 0.036 23.07 0.011 23.077 24.837 0 24.837 24.213 0 24.216
0.062 0.006 0.068 0.035 0.001 0.035 22.796 0.013 22.804 23.961 0 23.968 23.543 0 23.547
0.064 0.003 0.067 0.034 0.00199999999999999 0.035 22.534 0.015 22.544 24.27 0 24.266 24.058 0 24.054
0.062 0.006 0.068 0.035 0.001 0.036 22.307 0.016 22.318 24.037 0 24.031 23.905 0 23.899
0.062 0.005 0.067 0.035 0.001 0.036 22.627 0.013 22.635 24.409 0 24.404 24.274 0 24.268
0.066 0.002 0.067 0.031 0.004 0.036 22.923 0.012 22.93 24.754 0 24.748 24.593 0 24.589
0.063 0.004 0.068 0.035 0.001 0.035 22.56 0.01 22.565 24.359 0 24.354 24.247 0 24.241
0.063 0.00600000000000001 0.068 0.033 0.003 0.036 22.746 0.01 22.751 24.503 0 24.497 24.392 0 24.387
0.065 0.003 0.068 0.033 0.004 0.036 22.426 0.013 22.435 24.297 0 24.292 24.157 0 24.15
0.064 0.004 0.068 0.031 0.005 0.035 22.865 0.01 22.877 23.823 0 23.824 23.652 0 23.654
0.068 0 0.067 0.035 0 0.036 22.638 0.008 22.641 24.08 0 24.083 23.572 0 23.573
0.064 0.005 0.069 0.033 0.003 0.036 23.69 0.014 23.699 25.509 0 25.503 25.415 0 25.409
0.065 0.003 0.067 0.032 0.003 0.036 22.767 0.00900000000000001 22.769 24.618 0 24.614 24.494 0 24.489
0.064 0.004 0.067 0.032 0.003 0.036 22.74 0.00900000000000001 22.743 24.508 0 24.502 24.374 0 24.37
0.06 0.004 0.065 0.031 0.004 0.035 23.221 0.015 23.23 25.026 0 25.022 24.855 0 24.849
0.06 0.00600000000000001 0.064 0.029 0.005 0.035 22.746 0.015 22.755 24.011 0 24.021 23.549 0 23.555
0.063 0.005 0.067 0.032 0.003 0.035 22.263 0.013 22.279 23.263 0 23.263 23.221 0 23.223
0.062 0.005 0.067 0.03 0.006 0.036 22.454 0.017 22.465 24.29 0 24.285 24.191 0 24.184
0.058 0.01 0.068 0.035 0.001 0.0359999999999999 22.674 0.016 22.685 24.426 0.000999999999999987 24.422 24.289 0 24.284
0.063 0.005 0.068 0.031 0.004 0.035 22.655 0.012 22.662 24.462 0 24.457 24.294 0 24.288
0.063 0.004 0.067 0.034 0.000999999999999994 0.035 22.68 0.015 22.69 24.394 0 24.388 24.278 0 24.272
0.066 0.00199999999999999 0.069 0.031 0.005 0.035 22.814 0.013 22.822 24.543 0 24.539 24.418 0 24.412
0.065 0.003 0.068 0.034 0.002 0.036 22.261 0.02 22.275 23.994 0 23.989 23.868 0 23.862
0.065 0.003 0.068 0.032 0.004 0.036 22.786 0.018 22.798 24.54 0 24.535 24.393 0 24.387
0.06 0.008 0.068 0.032 0.004 0.035 22.617 0.018 22.63 24.296 0 24.292 24.196 0 24.188
0.061 0.00600000000000001 0.067 0.032 0.004 0.036 22.481 0.014 22.49 24.254 0 24.249 24.167 0 24.16
0.06 0.008 0.068 0.033 0.003 0.036 22.605 0.017 22.615 24.283 0 24.278 24.151 0 24.146
0.064 0.004 0.068 0.032 0.003 0.035 22.401 0.018 22.413 24.141 0 24.136 24.003 0 23.998
0.064 0.005 0.068 0.031 0.005 0.036 22.757 0.011 22.77 23.732 0 23.735 23.735 0 23.735
0.068 0.001 0.069 0.035 0 0.035 22.585 0.008 22.588 24.293 0 24.292 23.683 0 23.683
0.065 0.003 0.067 0.031 0.004 0.036 22.552 0.019 22.565 24.341 0 24.336 24.177 0 24.172
0.063 0.005 0.068 0.032 0.004 0.035 22.614 0.013 22.625 23.965 0 23.966 23.511 0 23.518
0.07 0 0.07 0.031 0.004 0.035 22.288 0.016 22.299 24.03 0 24.025 23.885 0 23.879
0.063 0.004 0.068 0.034 0.002 0.036 22.711 0.01 22.715 24.513 0.001 24.51 24.366 0 24.36
0.065 0.003 0.068 0.033 0.003 0.036 22.876 0.015 22.884 24.626 0 24.622 24.487 0 24.481
0.065 0.003 0.068 0.034 0.001 0.036 22.274 0.011 22.279 24.125 0 24.121 23.986 0 23.98
0.063 0.006 0.069 0.033 0.003 0.036 23.705 0.01 23.71 25.366 0 25.36 25.218 0 25.212
0.065 0.003 0.067 0.032 0.003 0.036 22.588 0.014 22.597 24.393 0 24.386 24.251 0 24.245
0.064 0.004 0.069 0.033 0.003 0.035 22.484 0.017 22.503 23.676 0 23.681 23.66 0 23.655
0.063 0.005 0.068 0.033 0.00199999999999999 0.036 22.445 0.00600000000000001 22.445 24.172 0 24.166 24.024 0 24.018
0.064 0.004 0.068 0.033 0.00199999999999999 0.036 22.688 0.02 22.703 24.42 0 24.415 24.273 0 24.267
0.061 0.007 0.068 0.032 0.003 0.036 23.568 0.011 23.574 25.386 0 25.381 25.237 0 25.231
0.064 0.004 0.068 0.034 0.000999999999999994 0.0349999999999999 22.32 0.013 22.328 24.074 0 24.07 23.938 0 23.932
0.061 0.006 0.068 0.034 0.002 0.035 22.691 0.013 22.699 24.475 0.001 24.47 24.335 0 24.33
0.061 0.002 0.063 0.035 0 0.035 22.288 0.014 22.297 24.318 0 24.313 24.162 0 24.157
0.062 0.006 0.068 0.03 0.005 0.035 22.671 0.021 22.687 24.46 0 24.455 24.166 0 24.16
0.061 0.007 0.068 0.031 0.004 0.035 22.615 0.013 22.623 24.361 0 24.355 24.196 0 24.191
0.066 0.002 0.068 0.032 0.004 0.036 22.443 0.015 22.453 24.232 0 24.226 24.095 0 24.09
0.062 0.006 0.068 0.032 0.004 0.036 22.931 0.013 22.938 24.64 0 24.634 24.536 0 24.53
0.067 0.003 0.07 0.034 0.002 0.035 22.781 0.01 22.787 24.576 0 24.57 24.433 0 24.427
0.062 0.006 0.068 0.031 0.004 0.036 22.462 0.023 22.48 24.255 0.001 24.25 24.11 0 24.104
0.063 0.004 0.068 0.035 0 0.035 22.374 0.007 22.376 24.12 0 24.115 23.996 0 23.989
0.063 0.005 0.068 0.032 0.004 0.036 22.483 0.019 22.497 24.229 0 24.224 24.113 0 24.106
0.064 0.004 0.068 0.034 0.001 0.035 22.637 0.016 22.648 24.355 0 24.35 24.245 0 24.239
0.061 0.005 0.067 0.034 0.00199999999999999 0.035 22.566 0.016 22.578 24.345 0 24.339 24.222 0 24.216
0.067 0.00199999999999999 0.0690000000000001 0.032 0.004 0.0359999999999999 22.791 0.013 22.8 24.582 0 24.577 24.43 0 24.423
0.066 0.002 0.068 0.033 0.003 0.036 22.912 0.013 22.919 24.662 0 24.658 24.513 0 24.508
0.063 0.004 0.067 0.034 0.001 0.036 22.243 0.016 22.254 23.897 0 23.891 23.753 0 23.747
0.066 0.002 0.068 0.035 0.000999999999999994 0.036 22.358 0.013 22.365 24.155 0 24.15 24.034 0 24.028
0.062 0.006 0.069 0.035 0.001 0.035 22.795 0.014 22.805 24.565 0 24.559 24.439 0 24.433
0.06 0.005 0.065 0.035 0 0.035 22.548 0.011 22.553 24.344 0 24.34 24.209 0 24.204
0.064 0.004 0.068 0.033 0.002 0.035 22.548 0.01 22.553 24.298 0 24.294 24.19 0 24.184
0.064 0.004 0.068 0.032 0.003 0.036 22.665 0.009 22.669 24.424 0 24.419 24.318 0 24.311
0.065 0.003 0.068 0.033 0.003 0.035 22.643 0.011 22.648 24.469 0 24.465 24.336 0 24.329
0.071 0.002 0.072 0.035 0.004 0.039 27.853 0.015 27.863 29.464 0 29.457 29.372 0.001 29.367
0.061 0.007 0.068 0.033 0.002 0.036 23.51 0.018 23.522 25.373 0 25.368 25.134 0 25.129
0.063 0.007 0.07 0.029 0.006 0.035 22.589 0.00900000000000001 22.593 24.346 0 24.341 24.216 0 24.21
0.068 0 0.068 0.035 0.001 0.036 22.9 0.011 22.905 24.717 0 24.712 24.574 0 24.568
0.063 0.004 0.067 0.033 0.002 0.035 22.726 0.013 22.734 24.524 0 24.518 24.424 0 24.418
0.062 0.007 0.069 0.034 0.001 0.036 23.068 0.012 23.075 24.816 0 24.81 24.711 0 24.707
0.067 0.001 0.067 0.033 0.003 0.036 22.299 0.013 22.307 24.099 0 24.094 23.958 0 23.952
0.063 0.004 0.0680000000000001 0.034 0.002 0.0349999999999999 22.484 0.013 22.493 24.233 0 24.228 24.105 0 24.098
0.064 0.006 0.07 0.034 0.001 0.035 23.497 0.005 23.496 25.139 0 25.134 25.008 0 25.002
0.063 0.005 0.068 0.033 0.003 0.036 22.604 0.013 22.612 24.375 0 24.37 24.246 0 24.239
0.064 0.005 0.067 0.032 0.003 0.036 22.622 0.014 22.63 24.412 0 24.408 24.256 0 24.249
0.061 0.002 0.063 0.032 0.002 0.034 22.205 0.013 22.213 23.993 0 23.988 23.855 0 23.849
0.068 0.001 0.069 0.035 0 0.036 24.895 0.015 24.902 26.702 0 26.697 26.509 0 26.504
0.061 0.007 0.068 0.03 0.006 0.036 22.71 0.012 22.717 24.502 0 24.496 24.332 0 24.326
0.063 0.005 0.068 0.034 0.001 0.035 22.845 0.016 22.856 24.601 0 24.596 24.447 0 24.442
0.062 0.005 0.067 0.032 0.003 0.036 22.341 0.015 22.351 24.104 0.001 24.099 23.989 0 23.985
0.067 0.001 0.068 0.03 0.005 0.035 22.433 0.011 22.439 24.166 0 24.161 24.014 0 24.009
0.061 0.005 0.0670000000000001 0.033 0.003 0.0359999999999999 22.555 0.015 22.564 24.316 0 24.311 24.165 0 24.159
0.063 0.005 0.068 0.032 0.004 0.036 23.728 0.009 23.731 25.409 0 25.403 25.326 0 25.322
0.061 0.008 0.069 0.031 0.005 0.036 23.257 0.01 23.261 24.977 0 24.971 24.866 0 24.861
0.063 0.005 0.068 0.033 0.002 0.035 22.82 0.015 22.829 24.522 0 24.516 24.384 0 24.378
0.064 0.005 0.0680000000000001 0.033 0.003 0.0359999999999999 23.032 0.009 23.035 24.834 0 24.83 24.675 0 24.669
0.065 0.002 0.068 0.029 0.006 0.035 22.49 0.018 22.515 24.202 0.043 24.257 24.058 0.00700000000000001 24.069
0.065 0.004 0.069 0.03 0.005 0.035 22.749 0.014 22.758 24.549 0 24.544 24.415 0 24.408
0.064 0.005 0.069 0.029 0.00700000000000001 0.036 22.935 0.018 22.948 24.693 0 24.688 24.556 0 24.55
0.064 0.005 0.068 0.034 0.001 0.036 22.428 0.011 22.435 24.219 0 24.214 24.081 0 24.075
0.058 0.00600000000000001 0.064 0.031 0.003 0.035 22.591 0.013 22.598 24.478 0 24.472 24.311 0 24.305
0.066 0.002 0.068 0.035 0.001 0.036 23.636 0.01 23.64 25.272 0 25.267 25.084 0 25.078
0.065 0.001 0.067 0.03 0.005 0.035 22.635 0.009 22.639 24.394 0 24.389 24.251 0 24.244
0.066 0.003 0.069 0.035 0.001 0.036 22.969 0.012 22.976 24.686 0 24.681 24.553 0 24.548
0.063 0.006 0.067 0.035 0.001 0.036 22.786 0.014 22.795 24.555 0.001 24.552 24.429 0 24.422
0.064 0.004 0.068 0.035 0 0.036 23.191 0.017 23.202 24.887 0 24.88 24.766 0 24.76
0.065 0.003 0.068 0.033 0.003 0.037 22.784 0.005 22.783 24.524 0 24.519 24.401 0 24.394
0.062 0.008 0.069 0.029 0.005 0.035 23.55 0.00700000000000001 23.551 25.485 0 25.479 25.337 0 25.332
0.06 0.008 0.069 0.033 0.003 0.036 23.6 0.017 23.611 25.387 0 25.382 25.246 0 25.241
0.063 0.005 0.069 0.034 0.002 0.036 23.508 0.016 23.518 25.247 0 25.242 25.055 0 25.049
0.064 0.004 0.068 0.033 0.003 0.036 22.299 0.019 22.313 24.05 0 24.046 23.954 0 23.948
0.062 0.005 0.067 0.034 0.001 0.036 23.39 0.01 23.393 25.09 0 25.085 24.999 0 24.995
0.058 0.009 0.067 0.034 0.002 0.036 22.935 0.012 22.941 24.544 0 24.54 24.437 0 24.431
0.059 0.009 0.0690000000000001 0.032 0.004 0.0359999999999999 22.502 0.01 22.507 24.314 0 24.308 24.241 0 24.236
0.064 0.005 0.069 0.034 0.00199999999999999 0.035 22.845 0.019 22.859 24.635 0 24.63 24.483 0 24.478
0.065 0.003 0.068 0.031 0.004 0.035 22.667 0.012 22.674 24.384 0 24.379 24.277 0 24.271
0.066 0.002 0.068 0.035 0.000999999999999994 0.035 22.797 0.015 22.816 24.176 0 24.185 23.828 0 23.823
0.067 0.00199999999999999 0.068 0.033 0.003 0.036 23.052 0.011 23.058 24.827 0 24.822 24.389 0 24.391
0.065 0.003 0.068 0.033 0.003 0.036 22.999 0.011 23.004 24.605 0 24.6 24.206 0 24.208
0.063 0.004 0.0670000000000001 0.032 0.004 0.0359999999999999 22.719 0.012 22.726 24.437 0 24.433 24.331 0 24.324
0.064 0.003 0.067 0.034 0.001 0.036 22.434 0.01 22.438 24.123 0 24.118 23.982 0 23.975
0.062 0.006 0.069 0.033 0.003 0.035 22.838 0.011 22.845 24.615 0 24.61 24.51 0 24.506
0.058 0.004 0.063 0.033 0.001 0.035 22.017 0.014 22.025 24.013 0 24.008 23.882 0 23.877
0.066 0.00199999999999999 0.068 0.032 0.003 0.035 22.681 0.017 22.693 24.508 0 24.503 24.161 0 24.155
0.065 0.005 0.07 0.035 0.00199999999999999 0.036 23.603 0.011 23.608 25.308 0 25.303 25.187 0.001 25.182
0.067 0.003 0.071 0.032 0.004 0.035 22.917 0.014 22.926 24.659 0 24.655 24.55 0 24.544
0.065 0.00199999999999999 0.068 0.031 0.005 0.035 22.377 0.012 22.384 24.192 0 24.186 24.073 0 24.068
0.066 0.002 0.068 0.034 0.001 0.035 22.516 0.012 22.522 24.267 0 24.262 24.15 0 24.144
0.064 0.005 0.068 0.034 0.002 0.036 22.782 0.011 22.79 24.116 0 24.119 23.686 0 23.696
0.061 0.006 0.067 0.034 0.002 0.036 22.357 0.016 22.367 24.179 0 24.173 24.041 0 24.036
0.062 0.006 0.068 0.034 0.002 0.036 22.456 0.011 22.462 24.207 0 24.202 24.08 0 24.073
0.062 0.005 0.068 0.033 0.003 0.035 22.8 0.017 22.812 24.643 0 24.638 24.456 0 24.45
0.062 0.006 0.067 0.035 0.001 0.036 22.398 0.015 22.407 24.153 0 24.148 24.009 0 24.003
0.064 0.003 0.068 0.033 0.003 0.035 22.641 0.01 22.645 24.459 0 24.455 24.316 0 24.309
0.064 0.006 0.07 0.034 0.002 0.036 22.569 0.013 22.576 24.398 0 24.393 24.292 0 24.286
0.063 0.006 0.069 0.032 0.004 0.036 22.743 0.011 22.748 24.583 0 24.578 24.496 0 24.49
0.064 0.004 0.068 0.034 0.001 0.036 23.436 0.013 23.443 25.069 0 25.063 25.029 0 25.024
0.061 0.007 0.0690000000000001 0.033 0.003 0.0359999999999999 23.205 0.011 23.211 25.177 0 25.17 25.102 0 25.098
0.065 0.003 0.068 0.032 0.004 0.036 23.607 0.019 23.62 25.266 0 25.262 25.147 0 25.141
0.059 0.004 0.063 0.028 0.007 0.035 22.533 0.011 22.539 24.314 0 24.309 24.226 0 24.221
0.061 0.007 0.0679999999999999 0.033 0.003 0.035 22.489 0.01 22.495 24.292 0 24.286 24.163 0 24.157
0.062 0.00600000000000001 0.068 0.03 0.006 0.035 22.525 0.013 22.532 24.178 0.001 24.174 24.07 0 24.064
0.066 0.002 0.068 0.034 0.002 0.035 22.827 0.014 22.835 24.636 0 24.632 24.478 0 24.473
0.056 0.007 0.063 0.035 0 0.034 22.673 0.014 22.682 24.883 0 24.878 24.748 0 24.743
0.068 0.000999999999999994 0.069 0.033 0.003 0.036 23.727 0.009 23.731 25.759 0 25.754 25.633 0 25.628
0.061 0.00700000000000001 0.068 0.032 0.004 0.036 23.563 0.017 23.574 25.328 0 25.323 25.171 0 25.166
0.067 0.001 0.067 0.036 0 0.036 22.49 0.016 22.501 24.282 0 24.277 23.822 0 23.816
0.063 0.004 0.067 0.029 0.006 0.035 22.601 0.008 22.604 24.296 0 24.29 24.162 0 24.157
0.067 0.001 0.068 0.032 0.004 0.035 22.593 0.018 22.607 24.381 0 24.376 24.285 0 24.279
0.059 0.005 0.063 0.031 0.004 0.035 21.84 0.012 21.847 23.763 0 23.758 23.952 0 23.946
0.063 0.005 0.068 0.035 0.001 0.036 23.8 0.011 23.805 25.505 0 25.499 25.415 0 25.41
0.071 0.004 0.075 0.033 0.002 0.035 22.743 0.013 22.75 24.581 0 24.576 24.425 0 24.419
0.063 0.006 0.0690000000000001 0.033 0.003 0.0359999999999999 22.873 0.015 22.882 24.657 0 24.652 24.551 0 24.546
0.065 0.002 0.068 0.03 0.00600000000000001 0.035 22.351 0.01 22.355 24.14 0.001 24.136 23.985 0 23.979
0.067 0.004 0.071 0.035 0.001 0.036 23.285 0.009 23.288 25.109 0 25.104 24.955 0 24.95
0.066 0.002 0.067 0.033 0.002 0.036 22.505 0.011 22.511 24.266 0 24.261 24.145 0 24.139
0.065 0.003 0.068 0.032 0.003 0.035 23.08 0.01 23.084 24.727 0 24.722 24.624 0 24.618
0.063 0.004 0.067 0.031 0.004 0.035 22.358 0.01 22.363 24.107 0 24.102 23.962 0 23.956
0.059 0.004 0.063 0.034 0.001 0.035 22.609 0.013 22.616 24.359 0 24.356 24.214 0 24.208
0.065 0.003 0.068 0.035 0.001 0.035 22.815 0.01 22.821 24.579 0 24.572 24.428 0 24.423
0.065 0.003 0.067 0.035 0.001 0.036 22.715 0.009 22.718 24.199 0 24.194 24.371 0 24.366
0.065 0.003 0.068 0.032 0.004 0.036 22.525 0.011 22.531 24.271 0 24.266 24.16 0 24.154
0.061 0.007 0.067 0.032 0.003 0.036 22.629 0.011 22.633 23.994 0.001 23.99 24.227 0 24.222
0.06 0.003 0.063 0.032 0.004 0.036 22.631 0.017 22.643 24.412 0 24.406 24.28 0 24.274
0.062 0.006 0.0670000000000001 0.033 0.003 0.0349999999999999 22.355 0.017 22.367 24.166 0 24.161 24.035 0 24.03
0.063 0.006 0.068 0.035 0.001 0.036 22.78 0.011 22.786 24.53 0 24.525 24.402 0 24.4
0.059 0.005 0.064 0.032 0.002 0.035 22.952 0.009 22.956 24.679 0 24.672 24.506 0 24.501
0.055 0.008 0.063 0.033 0.001 0.034 22.017 0.011 22.023 23.855 0 23.851 24.143 0 24.137
0.064 0.004 0.068 0.034 0.001 0.036 22.376 0.013 22.383 24.128 0 24.123 23.984 0 23.978
0.064 0.003 0.067 0.034 0.001 0.035 22.229 0.016 22.241 24.008 0 24.003 23.847 0 23.841
0.061 0.007 0.068 0.036 0 0.036 22.619 0.015 22.629 24.479 0.000999999999999994 24.475 24.367 0 24.361
0.063 0.004 0.067 0.033 0.003 0.036 22.689 0.01 22.694 24.478 0 24.472 24.354 0 24.348
0.067 0.001 0.068 0.034 0.001 0.035 22.261 0.011 22.266 23.657 0 23.652 23.884 0 23.878
0.061 0.006 0.067 0.032 0.003 0.035 22.553 0.011 22.559 24.368 0 24.362 24.248 0 24.242
0.062 0.005 0.068 0.032 0.004 0.035 23.466 0.013 23.474 25.158 0 25.152 24.957 0 24.952
0.064 0.003 0.068 0.035 0.001 0.036 22.697 0.015 22.706 24.454 0 24.45 24.287 0 24.28
0.063 0.005 0.068 0.033 0.00199999999999999 0.035 22.68 0.011 22.685 24.481 0 24.476 24.365 0 24.358
0.064 0.004 0.068 0.034 0.00199999999999999 0.035 22.517 0.016 22.528 24.284 0 24.28 24.191 0.001 24.185
0.06 0.008 0.068 0.033 0.00199999999999999 0.035 22.901 0.011 22.906 24.343 0 24.338 24.577 0 24.571
0.067 0.004 0.07 0.034 0.002 0.036 22.697 0.016 22.708 24.437 0 24.432 24.32 0 24.313
0.063 0.005 0.067 0.031 0.004 0.036 22.698 0.012 22.703 24.443 0 24.439 24.311 0 24.305
0.065 0.002 0.068 0.036 0 0.035 22.406 0.014 22.414 24.206 0 24.201 24.056 0 24.051
0.065 0.003 0.068 0.032 0.003 0.035 22.254 0.016 22.265 23.708 0 23.703 23.909 0 23.902
0.065 0.004 0.068 0.032 0.004 0.036 23.232 0.011 23.237 24.996 0 24.992 24.812 0 24.805
0.059 0.005 0.064 0.033 0.00199999999999999 0.035 24.573 0.012 24.579 26.346 0 26.34 26.131 0 26.125
0.063 0.005 0.068 0.034 0.00199999999999999 0.035 22.464 0.016 22.476 24.216 0 24.211 24.058 0 24.051
0.064 0.004 0.067 0.032 0.003 0.036 22.326 0.012 22.333 24.076 0 24.071 23.919 0 23.913
0.058 0.009 0.067 0.032 0.003 0.036 22.434 0.008 22.437 24.199 0 24.194 24.055 0 24.048
0.062 0.005 0.068 0.034 0.002 0.035 22.747 0.014 22.756 24.225 0 24.22 24.35 0 24.344
0.063 0.006 0.068 0.033 0.002 0.036 22.171 0.015 22.18 23.933 0.001 23.931 23.808 0 23.801
0.062 0.002 0.063 0.032 0.00199999999999999 0.035 22.551 0.01 22.556 24.358 0 24.353 24.245 0 24.238
0.063 0.004 0.067 0.031 0.004 0.035 22.594 0.015 22.604 24.064 0 24.058 24.199 0 24.193
0.065 0.003 0.068 0.033 0.002 0.035 22.288 0.00899999999999999 22.291 24.144 0 24.139 24.028 0 24.022
0.065 0.004 0.068 0.032 0.003 0.036 23.203 0.009 23.206 24.963 0 24.958 24.854 0 24.849
0.066 0.002 0.068 0.031 0.004 0.035 22.653 0.012 22.659 24.396 0 24.391 24.225 0 24.219
0.067 0.002 0.069 0.031 0.005 0.036 22.742 0.011 22.748 24.533 0 24.528 24.385 0 24.377
0.064 0.004 0.068 0.03 0.005 0.036 22.546 0.011 22.558 23.93 0 23.931 23.503 0 23.511
0.064 0.004 0.068 0.03 0.006 0.036 22.399 0.014 22.408 24.232 0 24.227 24.111 0 24.112
0.061 0.006 0.067 0.034 0.002 0.036 22.645 0.014 22.654 24.191 0 24.186 24.37 0 24.364
0.065 0.003 0.068 0.032 0.003 0.035 22.518 0.012 22.525 24.283 0 24.279 24.124 0 24.118
0.066 0.001 0.068 0.032 0.003 0.035 22.621 0.016 22.631 24.428 0 24.422 24.262 0 24.256
0.058 0.009 0.068 0.032 0.004 0.035 22.462 0.011 22.468 24.201 0 24.196 24.102 0 24.097
0.066 0.002 0.069 0.036 0 0.035 22.818 0.016 22.83 24.601 0 24.595 24.463 0 24.458
0.066 0.003 0.069 0.036 0.001 0.036 23.022 0.018 23.035 24.513 0 24.507 24.634 0 24.629
0.065 0.003 0.068 0.031 0.005 0.036 22.866 0.015 22.877 24.604 0 24.598 24.492 0 24.487
0.063 0.005 0.0680000000000001 0.033 0.003 0.0359999999999999 22.616 0.016 22.626 24.393 0 24.389 24.278 0 24.271
0.062 0.00600000000000001 0.068 0.033 0.002 0.036 22.313 0.013 22.32 24.141 0 24.136 24.005 0 24
0.067 0.001 0.067 0.03 0.005 0.036 22.38 0.007 22.381 24.124 0 24.119 23.994 0 23.989
0.062 0.005 0.067 0.032 0.004 0.036 22.749 0.017 22.761 24.249 0 24.244 24.419 0 24.413
0.058 0.005 0.062 0.034 0 0.035 21.892 0.015 21.902 23.788 0 23.782 23.655 0 23.649
0.062 0.005 0.068 0.034 0.002 0.035 22.456 0.013 22.465 24.237 0 24.23 24.148 0 24.143
0.061 0.007 0.068 0.033 0.003 0.036 23.108 0.016 23.119 24.931 0 24.925 24.781 0 24.776
0.059 0.005 0.065 0.033 0.003 0.035 22.967 0.011 22.974 24.748 0 24.742 24.612 0 24.608
0.065 0.003 0.068 0.032 0.004 0.036 23.006 0.01 23.018 24.197 0 24.201 23.989 0.001 23.987
0.062 0.00600000000000001 0.068 0.034 0.001 0.036 22.396 0.014 22.404 24.176 0 24.171 24.063 0 24.058
0.065 0.003 0.067 0.034 0.000999999999999994 0.036 22.604 0.011 22.61 24.012 0 24.006 24.071 0 24.065
0.064 0.003 0.067 0.036 0 0.035 22.495 0.014 22.503 23.874 0 23.869 24.097 0 24.091
0.066 0.003 0.068 0.034 0.00199999999999999 0.036 22.666 0.015 22.677 24.456 0 24.451 24.318 0 24.311
0.061 0.006 0.067 0.033 0.002 0.035 22.331 0.009 22.334 23.884 0 23.88 24.154 0 24.148
0.066 0.002 0.067 0.035 0 0.036 23.505 0.008 23.507 25.258 0 25.252 25.048 0 25.043
0.063 0.006 0.068 0.036 0 0.036 22.868 0.015 22.877 24.685 0 24.68 24.543 0 24.538
0.062 0.006 0.068 0.032 0.004 0.036 22.688 0.011 22.694 24.422 0 24.418 24.297 0 24.29
0.066 0.002 0.068 0.035 0.000999999999999994 0.036 22.671 0.01 22.675 24.478 0 24.473 24.356 0 24.35
0.061 0.007 0.068 0.033 0.002 0.036 22.442 0.016 22.452 24.055 0.001 24.052 23.911 0 23.906
0.063 0.006 0.068 0.032 0.003 0.035 23.23 0.013 23.238 24.963 0 24.957 24.819 0 24.814
0.065 0.00199999999999999 0.068 0.033 0.003 0.036 22.442 0.013 22.448 23.857 0 23.852 24.108 0 24.103
0.063 0.004 0.067 0.033 0.003 0.036 22.678 0.011 22.684 24.431 0 24.425 24.319 0 24.313
0.064 0.004 0.068 0.035 0.001 0.035 23.084 0.012 23.091 24.946 0 24.94 24.781 0 24.776
0.062 0.00600000000000001 0.067 0.032 0.003 0.036 22.534 0.009 22.537 24.28 0.001 24.277 24.126 0 24.12
0.061 0.007 0.068 0.033 0.003 0.036 22.533 0.008 22.536 24.255 0.001 24.251 24.128 0 24.122
0.06 0.007 0.068 0.032 0.004 0.035 22.46 0.018 22.472 24.049 0 24.049 23.459 0 23.463
0.063 0.005 0.0690000000000001 0.036 0 0.0359999999999999 23.611 0.011 23.615 25.333 0 25.329 25.156 0 25.15
0.062 0.005 0.068 0.033 0.003 0.035 22.367 0.01 22.373 24.165 0 24.159 24.068 0 24.063
0.066 0.002 0.068 0.034 0.002 0.035 23.46 0.014 23.469 24.833 0 24.828 25.079 0 25.073
0.061 0.006 0.067 0.035 0.001 0.036 22.28 0.016 22.29 23.711 0 23.706 23.903 0 23.897
0.067 0.001 0.068 0.033 0.003 0.036 22.231 0.019 22.251 23.651 0 23.657 23.311 0 23.305
0.062 0.002 0.064 0.031 0.004 0.036 22.82 0.014 22.828 24.535 0 24.53 24.397 0 24.391
0.06 0.004 0.064 0.029 0.005 0.035 22.624 0.01 22.629 24.396 0 24.39 24.257 0 24.252
0.059 0.004 0.063 0.029 0.005 0.034 22.402 0.014 22.411 24.181 0 24.175 24.023 0 24.017
0.064 0.004 0.068 0.036 0 0.036 22.885 0.011 22.892 24.33 0 24.323 24.591 0 24.586
0.07 0.002 0.072 0.034 0.002 0.036 22.688 0.014 22.697 24.505 0 24.5 24.384 0 24.377
0.063 0.005 0.067 0.035 0.000999999999999994 0.036 22.356 0.015 22.375 23.769 0.00899999999999999 23.789 23.271 0 23.275
0.065 0.003 0.068 0.034 0.001 0.035 22.814 0.014 22.822 24.648 0 24.644 24.51 0 24.503
0.064 0.005 0.0700000000000001 0.032 0.003 0.0349999999999999 22.655 0.011 22.66 24.418 0 24.413 24.294 0 24.288
0.064 0.004 0.068 0.033 0.003 0.036 22.773 0.019 22.786 24.486 0 24.488 23.863 0 23.862
0.062 0.005 0.067 0.032 0.003 0.036 22.522 0.00899999999999999 22.525 23.934 0 23.93 24.118 0 24.112
0.059 0.004 0.064 0.033 0.002 0.034 22.403 0.014 22.414 23.75 0 23.758 23.366 0 23.369
0.061 0.006 0.067 0.033 0.003 0.036 22.282 0.013 22.291 23.758 0 23.753 23.637 0 23.631
0.063 0.005 0.069 0.033 0.003 0.035 24.789 0.014 24.797 26.405 0 26.399 26.221 0 26.216
0.062 0.006 0.068 0.032 0.005 0.036 22.909 0.01 22.914 24.656 0 24.651 24.527 0 24.523
0.063 0.005 0.068 0.033 0.00199999999999999 0.036 22.455 0.015 22.463 23.86 0 23.855 23.747 0 23.741
0.063 0.005 0.067 0.034 0.002 0.036 22.407 0.017 22.419 24.156 0 24.15 24.034 0 24.029
0.062 0.006 0.068 0.034 0.002 0.036 22.621 0.012 22.628 24.379 0 24.374 24.274 0 24.268
0.067 0.002 0.069 0.033 0.003 0.036 22.747 0.021 22.766 24.171 0 24.171 23.678 0 23.683
0.066 0.001 0.067 0.034 0.001 0.036 22.271 0.013 22.278 23.974 0 23.97 23.855 0 23.849
0.066 0.003 0.069 0.035 0.001 0.036 24.752 0.014 24.76 26.516 0 26.51 26.26 0 26.253
0.066 0.002 0.068 0.03 0.005 0.036 22.635 0.016 22.646 24.429 0 24.424 24.282 0 24.275
0.064 0.004 0.068 0.034 0.001 0.035 23.589 0.019 23.602 25.238 0 25.233 25.19 0 25.184
0.067 0.004 0.072 0.037 0.002 0.039 27.817 0.016 27.826 29.285 0 29.279 29.181 0 29.175
0.063 0.005 0.068 0.032 0.004 0.036 23.645 0.018 23.657 25.307 0 25.302 25.147 0 25.142
0.064 0.004 0.067 0.032 0.004 0.036 22.395 0.013 22.403 24.158 0 24.153 24.017 0 24.011
0.066 0.002 0.067 0.031 0.004 0.036 22.223 0.012 22.23 24.094 0 24.087 23.953 0 23.947
0.059 0.008 0.067 0.033 0.002 0.035 22.399 0.016 22.41 24.141 0 24.135 24.028 0 24.022
0.061 0.007 0.068 0.032 0.004 0.036 22.907 0.014 22.916 24.641 0 24.635 24.517 0 24.513
0.065 0.003 0.069 0.032 0.004 0.035 22.595 0.017 22.606 24.275 0 24.27 24.13 0 24.124
0.064 0.004 0.068 0.03 0.005 0.035 22.485 0.009 22.489 24.137 0 24.132 24.024 0 24.018
0.066 0.002 0.068 0.032 0.003 0.035 22.492 0.011 22.498 24.262 0 24.257 24.142 0 24.136
0.065 0.003 0.068 0.032 0.004 0.036 23.57 0.013 23.577 25.331 0 25.326 25.131 0 25.127
0.064 0.004 0.068 0.035 0.001 0.035 22.868 0.013 22.876 24.676 0 24.672 24.51 0 24.505
0.059 0.003 0.063 0.031 0.004 0.034 21.769 0.016 21.781 23.583 0 23.577 23.825 0 23.82
0.063 0.005 0.068 0.034 0.001 0.036 22.477 0.016 22.488 24.357 0 24.351 24.226 0 24.221
0.06 0.004 0.064 0.033 0.002 0.034 22.701 0.013 22.709 24.519 0 24.514 24.427 0 24.42
0.06 0.007 0.067 0.031 0.004 0.035 22.539 0.014 22.547 23.834 0 23.839 23.413 0 23.416
0.0620000000000001 0.005 0.067 0.033 0.004 0.035 22.347 0.01 22.353 23.988 0 23.983 23.849 0 23.842
0.063 0.005 0.067 0.033 0.00199999999999999 0.036 23.481 0.014 23.489 24.754 0 24.763 24.222 0 24.227
0.064 0.004 0.068 0.033 0.003 0.035 22.677 0.015 22.687 24.442 0 24.437 24.301 0 24.296
0.063 0.004 0.068 0.031 0.005 0.035 22.275 0.01 22.281 24.049 0 24.045 23.926 0 23.92
0.065 0.003 0.068 0.035 0.001 0.036 22.732 0.016 22.743 24.53 0 24.525 24.366 0 24.36
0.062 0.005 0.0670000000000001 0.034 0.00199999999999999 0.0349999999999999 22.343 0.017 22.355 23.742 0 23.738 23.934 0 23.927
0.063 0.005 0.067 0.033 0.002 0.036 22.808 0.014 22.815 24.585 0 24.581 24.48 0 24.475
0.065 0.004 0.069 0.033 0.00199999999999999 0.036 22.847 0.016 22.857 24.612 0 24.607 24.468 0 24.463
0.061 0.004 0.065 0.032 0.002 0.035 22.252 0.015 22.261 24.009 0.001 24.005 23.853 0 23.846
0.064 0.004 0.068 0.034 0.002 0.036 23.094 0.006 23.094 24.777 0 24.772 24.601 0 24.596
0.066 0.002 0.068 0.035 0.001 0.036 23.542 0.013 23.549 25.298 0 25.293 25.178 0 25.172
0.064 0.004 0.068 0.033 0.002 0.035 22.443 0.014 22.452 24.164 0 24.159 24.041 0 24.035
0.063 0.004 0.067 0.031 0.004 0.035 22.399 0.019 22.412 24.125 0 24.121 23.964 0 23.958
0.0570000000000001 0.011 0.069 0.035 0.001 0.036 22.955 0.015 22.965 24.745 0 24.74 24.607 0 24.6
0.062 0.006 0.068 0.032 0.003 0.036 22.714 0.012 22.721 24.421 0 24.416 24.296 0 24.289
0.065 0.004 0.069 0.035 0.000999999999999994 0.036 23.865 0.012 23.872 25.785 0 25.779 25.638 0 25.632
0.062 0.006 0.067 0.035 0.001 0.036 22.492 0.016 22.503 24.235 0 24.23 24.131 0 24.125
0.064 0.003 0.067 0.032 0.003 0.035 22.495 0.013 22.503 23.922 0 23.918 24.009 0 24.003
0.063 0.002 0.064 0.033 0.000999999999999994 0.035 24.838 0.019 24.85 26.447 0 26.442 26.339 0 26.332
0.063 0.004 0.068 0.032 0.004 0.036 22.567 0.007 22.568 24.364 0 24.359 24.22 0 24.213
0.064 0.004 0.068 0.032 0.004 0.036 22.955 0.011 22.961 24.666 0 24.66 24.536 0 24.531
0.065 0.005 0.069 0.035 0.001 0.036 24.731 0.014 24.739 26.611 0 26.605 26.493 0 26.489
0.066 0.002 0.068 0.035 0.001 0.036 22.987 0.012 22.994 24.727 0 24.721 24.589 0 24.583
0.064 0.003 0.068 0.031 0.004 0.035 22.19 0.012 22.197 23.972 0 23.967 23.835 0 23.83
0.064 0.004 0.068 0.034 0.001 0.036 22.946 0.013 22.954 24.761 0 24.755 24.603 0 24.598
0.061 0.007 0.068 0.034 0.002 0.036 23.588 0.012 23.595 25.312 0 25.306 25.172 0 25.168
0.064 0.003 0.0680000000000001 0.031 0.005 0.0359999999999999 22.519 0.014 22.527 24.123 0 24.118 24.369 0 24.363
0.061 0.006 0.066 0.033 0.002 0.036 22.479 0.021 22.495 24.203 0 24.197 24.065 0 24.06
0.065 0.004 0.069 0.033 0.003 0.036 23.593 0.012 23.598 25.331 0 25.326 25.115 0 25.11
0.068 0 0.068 0.034 0.00199999999999999 0.036 23.1 0.019 23.113 24.889 0 24.884 24.754 0 24.749
0.061 0.006 0.068 0.034 0.002 0.035 22.758 0.00899999999999999 22.763 24.515 0 24.508 24.352 0 24.348
0.064 0.004 0.067 0.033 0.002 0.036 22.545 0.01 22.549 24.26 0 24.254 24.104 0 24.098
0.063 0.004 0.067 0.032 0.003 0.036 22.575 0.009 22.579 24.274 0 24.269 24.147 0 24.14
0.063 0.005 0.069 0.035 0.001 0.036 23.051 0.016 23.061 24.923 0 24.919 24.736 0 24.731
0.064 0.004 0.0690000000000001 0.033 0.002 0.0349999999999999 23.443 0.008 23.445 25.193 0 25.188 25.011 0.001 25.007
0.063 0.006 0.068 0.033 0.003 0.036 22.828 0.00900000000000001 22.833 24.54 0 24.534 24.386 0 24.38
0.059 0.008 0.067 0.033 0.002 0.035 22.689 0.01 22.694 24.427 0 24.422 24.31 0 24.303
0.062 0.006 0.067 0.033 0.002 0.036 22.612 0.005 22.611 24.452 0.000999999999999994 24.449 24.317 0 24.312
0.064 0.004 0.067 0.031 0.004 0.036 22.263 0.018 22.275 24.096 0 24.091 23.938 0 23.933
0.062 0.005 0.068 0.03 0.006 0.035 22.597 0.013 22.605 24.08 0 24.075 24.175 0 24.169
0.062 0.005 0.067 0.035 0.001 0.035 22.374 0.013 22.383 24.14 0 24.134 24.039 0 24.033
0.062 0.006 0.067 0.033 0.002 0.035 22.46 0.019 22.474 24.118 0 24.112 23.998 0.001 23.993
0.065 0.004 0.068 0.033 0.002 0.036 22.907 0.016 22.917 24.737 0 24.732 24.65 0 24.646
0.067 0 0.068 0.032 0.003 0.035 22.324 0.015 22.332 24.097 0.001 24.094 23.96 0 23.955
0.062 0.006 0.068 0.035 0.001 0.036 22.509 0.017 22.521 24.326 0 24.321 24.172 0 24.166
0.062 0.005 0.068 0.031 0.005 0.035 22.606 0.024 22.625 24.337 0 24.332 24.206 0 24.2
0.064 0.003 0.068 0.033 0.003 0.035 22.446 0.011 22.453 24.257 0 24.251 24.109 0 24.104
0.063 0.004 0.067 0.03 0.005 0.035 22.303 0.018 22.315 23.817 0 23.813 23.81 0 23.813
0.06 0.003 0.063 0.03 0.004 0.034 22.262 0.013 22.27 24.277 0.001 24.272 24.43 0 24.425
0.059 0.005 0.065 0.031 0.005 0.036 22.857 0.015 22.866 24.645 0 24.64 24.541 0 24.536
0.058 0.006 0.064 0.034 0.001 0.036 22.895 0.013 22.903 24.792 0 24.786 24.412 0 24.415
0.064 0.004 0.067 0.029 0.007 0.036 22.697 0.009 22.701 24.524 0 24.52 24.383 0 24.376
0.064 0.004 0.067 0.032 0.003 0.036 22.499 0.011 22.505 24.253 0 24.248 24.127 0 24.12
0.062 0.005 0.067 0.036 0 0.036 22.603 0.011 22.609 24.394 0 24.388 24.265 0 24.26
0.06 0.007 0.067 0.035 0.001 0.036 22.463 0.017 22.475 24.239 0.001 24.235 24.103 0 24.097
0.062 0.00600000000000001 0.068 0.033 0.003 0.036 23.708 0.012 23.714 24.983 0 24.986 24.308 0.001 24.314
0.063 0.004 0.067 0.034 0.001 0.036 22.449 0.011 22.455 23.927 0 23.921 23.699 0 23.695
0.066 0.002 0.068 0.034 0.002 0.037 22.775 0.02 22.788 24.562 0 24.558 24.313 0 24.312
0.065 0.002 0.067 0.035 0.001 0.036 22.862 0.014 22.871 24.612 0 24.606 24.465 0 24.461
0.064 0.003 0.067 0.03 0.005 0.035 22.35 0.009 22.354 24.094 0 24.089 23.966 0 23.959
0.063 0.005 0.068 0.032 0.004 0.036 23.509 0.016 23.52 25.206 0.001 25.201 25.111 0 25.106
0.064 0.00600000000000001 0.071 0.033 0.003 0.036 23.466 0.011 23.472 25.126 0 25.12 25.091 0 25.086
0.058 0.005 0.063 0.034 0.000999999999999994 0.035 22.641 0.011 22.647 24.384 0 24.38 24.251 0 24.245
0.064 0.003 0.067 0.034 0.00199999999999999 0.036 22.676 0.018 22.689 24.406 0.000999999999999987 24.402 24.304 0 24.298
0.064 0.004 0.068 0.035 0.001 0.036 23.565 0.013 23.572 25.237 0 25.232 25.165 0 25.159
0.065 0.003 0.068 0.035 0.001 0.036 23.032 0.009 23.036 24.708 0 24.703 24.559 0 24.554
0.067 0.003 0.069 0.033 0.00199999999999999 0.036 22.722 0.015 22.731 24.519 0 24.515 24.401 0 24.394
0.062 0.00600000000000001 0.068 0.032 0.004 0.036 22.506 0.014 22.515 24.269 0 24.264 24.137 0 24.131
0.063 0 0.062 0.029 0.005 0.035 22.305 0.013 22.312 24.24 0 24.235 24.093 0 24.087
0.071 0.001 0.071 0.038 0 0.039 27.699 0.02 27.711 29.34 0.002 29.335 28.671 0 28.666
0.066 0.004 0.07 0.034 0.002 0.036 22.889 0.011 22.894 24.57 0 24.565 24.438 0 24.433
0.067 0.004 0.071 0.034 0.001 0.036 22.581 0.013 22.588 24.329 0 24.324 24.182 0 24.176
0.062 0.005 0.067 0.031 0.004 0.036 22.435 0.018 22.448 24.181 0 24.175 24.047 0 24.041
0.064 0.005 0.069 0.032 0.003 0.036 22.829 0.013 22.836 24.616 0.001 24.613 24.476 0 24.47
0.064 0.005 0.069 0.033 0.003 0.036 22.92 0.012 22.927 24.654 0 24.65 24.515 0 24.509
0.063 0.005 0.068 0.032 0.003 0.035 22.808 0.016 22.818 24.407 0 24.402 24.31 0 24.304
0.06 0.003 0.063 0.031 0.003 0.034 22.745 0.012 22.752 24.499 0 24.494 24.385 0 24.379
0.06 0.004 0.064 0.031 0.003 0.035 22.91 0.014 22.918 24.681 0.000999999999999987 24.678 24.556 0 24.55
0.064 0.004 0.068 0.033 0.003 0.036 23.047 0.017 23.059 24.784 0 24.777 24.717 0 24.713
0.062 0.007 0.069 0.033 0.002 0.036 22.527 0.00799999999999999 22.528 24.274 0.001 24.27 24.152 0 24.147
0.062 0.005 0.068 0.033 0.003 0.036 22.627 0.017 22.637 24.512 0 24.508 24.353 0 24.346
0.061 0.006 0.067 0.03 0.006 0.036 22.258 0.015 22.268 24.008 0 24.004 23.889 0 23.883
0.063 0.004 0.068 0.032 0.004 0.036 22.666 0.017 22.678 24.455 0 24.45 24.281 0 24.276
0.064 0.003 0.068 0.035 0.001 0.035 22.254 0.01 22.262 24.03 0 24.025 23.882 0 23.875
0.064 0.004 0.068 0.03 0.005 0.036 22.603 0.018 22.615 24.343 0 24.339 24.205 0 24.199
0.062 0.005 0.0679999999999999 0.032 0.004 0.036 22.577 0.014 22.586 24.333 0.001 24.328 24.18 0 24.175
0.061 0.003 0.0639999999999999 0.032 0.003 0.035 22.941 0.013 22.949 24.683 0 24.678 24.531 0 24.525
0.067 0.002 0.069 0.031 0.004 0.035 22.594 0.013 22.603 24.41 0 24.405 24.248 0 24.242
0.065 0.003 0.068 0.035 0 0.035 22.806 0.014 22.815 24.601 0 24.595 24.44 0 24.435
0.064 0.004 0.068 0.034 0.002 0.036 22.626 0.014 22.635 24.407 0 24.401 24.268 0 24.263
0.063 0.005 0.068 0.032 0.004 0.036 22.741 0.015 22.751 24.443 0 24.438 24.319 0 24.313
0.061 0.007 0.0679999999999999 0.034 0.002 0.036 22.373 0.011 22.379 24.157 0 24.152 24.035 0 24.029
0.063 0.004 0.068 0.032 0.004 0.035 22.508 0.008 22.511 24.262 0 24.257 24.118 0 24.112
0.063 0.004 0.067 0.034 0.001 0.035 22.546 0.009 22.55 24.269 0 24.265 24.136 0 24.13
0.065 0.004 0.069 0.035 0.001 0.036 22.845 0.013 22.853 24.566 0 24.56 24.424 0 24.418
0.058 0.006 0.064 0.03 0.005 0.035 21.998 0.013 22.005 23.952 0 23.948 23.995 0 23.989
0.066 0.005 0.071 0.032 0.004 0.036 22.471 0.015 22.481 24.568 0 24.562 24.424 0 24.418
0.064 0.003 0.068 0.032 0.003 0.035 22.618 0.018 22.631 24.304 0 24.298 24.156 0 24.15
0.066 0.002 0.068 0.035 0.001 0.036 22.898 0.009 22.902 24.726 0 24.72 24.549 0 24.544
0.065 0.003 0.069 0.034 0.002 0.036 23.099 0.017 23.109 24.821 0 24.816 24.649 0 24.643
0.064 0.004 0.067 0.033 0.002 0.036 22.734 0.013 22.74 24.465 0 24.46 24.29 0 24.284
0.062 0.006 0.068 0.035 0.001 0.036 22.714 0.016 22.724 24.582 0 24.578 24.414 0 24.408
0.063 0.005 0.068 0.033 0.002 0.035 22.435 0.01 22.439 24.172 0 24.167 24.021 0 24.015
0.067 0.003 0.07 0.035 0.001 0.036 22.604 0.016 22.615 24.426 0 24.42 24.27 0 24.264
0.066 0.002 0.068 0.033 0.00199999999999999 0.036 22.786 0.014 22.794 24.487 0 24.483 24.343 0 24.337
0.066 0.003 0.069 0.031 0.004 0.035 22.346 0.014 22.355 24.066 0 24.061 23.946 0 23.94
0.071 0.001 0.072 0.038 0.002 0.039 28.04 0.011 28.046 29.709 0 29.702 29.578 0 29.572
0.068 0 0.068 0.034 0.002 0.036 22.752 0.014 22.761 24.594 0 24.589 24.454 0 24.448
0.062 0.005 0.0670000000000001 0.03 0.005 0.0359999999999999 22.408 0.012 22.415 24.067 0 24.062 24.322 0.001 24.316
0.063 0.004 0.067 0.033 0.003 0.036 22.904 0.009 22.907 24.726 0 24.721 24.594 0 24.589
0.065 0.004 0.069 0.035 0 0.035 22.901 0.012 22.907 24.663 0 24.658 24.555 0 24.55
0.06 0.006 0.067 0.034 0.002 0.035 22.821 0.012 22.828 24.522 0 24.517 24.382 0 24.376
0.058 0.00600000000000001 0.064 0.034 0.001 0.035 22.994 0.013 23.002 24.836 0 24.831 24.655 0 24.65
0.062 0.002 0.064 0.029 0.005 0.034 22.819 0.015 22.829 24.609 0 24.604 24.419 0 24.413
0.063 0.004 0.068 0.035 0.001 0.035 22.697 0.011 22.704 24.453 0 24.447 24.295 0 24.289
0.065 0.003 0.068 0.034 0.002 0.036 24.547 0.012 24.553 26.348 0 26.341 26.164 0 26.159
0.061 0.006 0.067 0.03 0.006 0.036 22.486 0.013 22.494 24.272 0 24.267 24.123 0 24.117
0.061 0.006 0.067 0.033 0.002 0.035 22.414 0.012 22.421 24.182 0.001 24.178 24.049 0 24.043
0.062 0.006 0.068 0.033 0.003 0.036 22.447 0.013 22.455 24.201 0 24.196 24.074 0 24.068
0.065 0.003 0.067 0.032 0.003 0.036 22.741 0.007 22.743 24.118 0 24.113 24.259 0 24.253
0.066 0.00199999999999999 0.068 0.036 0.001 0.037 22.606 0.013 22.613 24.387 0 24.382 24.224 0 24.217
0.068 0.002 0.07 0.034 0.002 0.036 22.759 0.022 22.774 24.513 0 24.508 24.372 0 24.366
0.061 0.00600000000000001 0.068 0.033 0.00199999999999999 0.035 22.804 0.008 22.806 24.553 0 24.548 24.407 0 24.401
0.06 0.003 0.063 0.032 0.003 0.034 22.388 0.012 22.395 24.164 0 24.16 24.077 0 24.071
0.062 0.005 0.066 0.033 0.003 0.036 22.419 0.009 22.423 24.163 0 24.158 23.996 0 23.989
0.061 0.007 0.067 0.034 0.002 0.036 22.494 0.013 22.502 24.22 0 24.215 24.062 0 24.056
0.066 0.003 0.069 0.033 0.003 0.036 22.146 0.017 22.157 23.87 0 23.866 23.73 0 23.724
0.069 0.002 0.071 0.035 0 0.036 22.508 0.014 22.516 24.295 0 24.292 24.143 0 24.137
0.067 0.002 0.069 0.032 0.003 0.035 22.918 0.012 22.924 24.756 0.001 24.752 24.552 0.001 24.549
0.062 0.005 0.068 0.034 0.000999999999999994 0.035 22.529 0.013 22.536 24.294 0 24.29 24.152 0 24.146
0.063 0.005 0.068 0.034 0.001 0.035 22.516 0.01 22.521 24.005 0 24 24.255 0 24.248
0.065 0.003 0.068 0.033 0.002 0.036 23.504 0.019 23.517 25.295 0 25.291 25.145 0 25.138
0.069 0 0.069 0.035 0.001 0.036 22.789 0.021 22.804 24.566 0 24.561 24.415 0 24.41
0.066 0.002 0.068 0.036 0 0.036 22.714 0.00899999999999999 22.719 24.454 0 24.448 24.305 0 24.3
0.057 0.007 0.065 0.03 0.005 0.034 23.026 0.015 23.036 24.792 0 24.786 24.629 0 24.624
0.058 0.007 0.066 0.03 0.006 0.036 22.457 0.04 22.508 24.269 0.019 24.315 24.172 0.041 24.227
0.052 0.012 0.064 0.034 0.001 0.034 23.093 0.01 23.098 24.895 0 24.89 24.795 0 24.79
0.062 0.005 0.068 0.033 0.003 0.036 22.578 0.017 22.588 24.07 0 24.074 23.596 0 23.606
0.062 0.006 0.068 0.032 0.004 0.037 22.476 0.025 22.51 23.905 0.015 23.947 24.149 0.002 24.148
0.064 0.003 0.067 0.035 0.001 0.036 22.589 0.01 22.594 24.286 0 24.281 24.143 0 24.137
0.066 0.003 0.069 0.033 0.002 0.036 23.552 0.016 23.562 25.226 0 25.221 25.13 0 25.125
0.064 0.004 0.068 0.033 0.002 0.035 23.36 0.012 23.369 24.502 0 24.504 24.102 0 24.112
0.06 0.003 0.063 0.033 0.002 0.034 22.296 0.011 22.309 23.685 0 23.687 23.601 0 23.607
0.061 0.002 0.064 0.032 0.003 0.034 22.13 0.014 22.139 24.228 0.001 24.224 24.452 0 24.446
0.064 0.005 0.069 0.034 0.002 0.036 24.939 0.015 24.948 26.677 0 26.671 26.618 0 26.612
0.064 0.003 0.067 0.033 0.002 0.036 22.635 0.015 22.645 24.445 0 24.44 24.309 0 24.304
0.062 0.006 0.068 0.031 0.005 0.036 23.078 0.009 23.082 24.739 0 24.734 24.644 0 24.639
0.066 0.002 0.068 0.032 0.003 0.035 23.019 0.018 23.031 24.323 0 24.318 24.401 0 24.395
0.065 0.003 0.068 0.032 0.004 0.036 22.722 0.00600000000000001 22.722 24.451 0 24.446 24.344 0 24.338
0.062 0.002 0.0649999999999999 0.033 0.002 0.035 22.791 0.017 22.804 24.582 0 24.577 24.444 0 24.438
0.063 0.004 0.0669999999999999 0.033 0.002 0.035 22.545 0.007 22.548 24.299 0 24.295 24.186 0 24.181
0.065 0.003 0.068 0.035 0.001 0.036 22.859 0.015 22.867 24.548 0 24.544 24.4 0 24.394
0.062 0.005 0.068 0.031 0.005 0.035 23.705 0.014 23.713 25.199 0.001 25.195 25.124 0 25.118
0.064 0.005 0.068 0.033 0.002 0.035 22.855 0.012 22.862 24.633 0 24.627 24.499 0 24.494
0.064 0.004 0.068 0.034 0.00199999999999999 0.035 22.124 0.009 22.137 23.267 0 23.274 23.205 0 23.203
0.065 0.004 0.069 0.033 0.004 0.036 22.664 0.017 22.677 24.42 0 24.414 24.269 0 24.263
0.065 0.003 0.068 0.031 0.004 0.035 22.672 0.01 22.677 24.461 0 24.456 24.339 0 24.333
0.064 0.004 0.068 0.035 0.001 0.036 23.541 0.012 23.547 24.955 0 24.95 25.23 0 25.224
0.066 0.002 0.067 0.034 0.002 0.036 22.798 0.01 22.803 24.654 0 24.65 24.544 0 24.538
0.071 0.001 0.072 0.035 0.003 0.038 27.626 0.013 27.633 29.34 0 29.333 29.231 0 29.226
0.062 0.006 0.067 0.031 0.005 0.036 22.444 0.012 22.451 24.196 0 24.191 24.067 0 24.061
0.058 0.005 0.063 0.033 0.002 0.035 22.966 0.015 22.976 24.747 0 24.742 25.073 0.001 25.069
0.065 0.003 0.068 0.034 0.002 0.036 22.601 0.013 22.607 24.187 0 24.183 24.384 0 24.378
0.065 0.003 0.067 0.035 0 0.0359999999999999 22.604 0.012 22.609 24.467 0 24.462 24.395 0 24.388
0.057 0.01 0.067 0.034 0.001 0.036 22.526 0.006 22.526 24.289 0 24.284 24.16 0 24.155
0.064 0.004 0.068 0.032 0.003 0.035 22.233 0.017 22.254 23.431 0 23.44 23.374 0.001 23.372
0.066 0.001 0.067 0.034 0.002 0.035 22.459 0.017 22.471 23.784 0 23.78 23.968 0 23.962
0.06 0.004 0.064 0.033 0.001 0.034 24.746 0.009 24.749 26.431 0 26.425 26.263 0 26.257
0.063 0.006 0.068 0.035 0.001 0.036 23.648 0.012 23.655 25.395 0 25.39 25.29 0 25.285
0.066 0.003 0.069 0.032 0.004 0.036 24.853 0.008 24.855 26.51 0 26.504 26.346 0 26.341
0.062 0.005 0.068 0.031 0.005 0.035 23.436 0.015 23.445 24.843 0 24.838 25.123 0 25.117
0.063 0.004 0.067 0.033 0.003 0.036 22.946 0.012 22.953 24.363 0 24.357 24.551 0 24.546
0.064 0.004 0.068 0.033 0.003 0.036 22.955 0.00700000000000001 22.957 24.812 0 24.806 24.631 0 24.626
0.065 0.004 0.069 0.033 0.003 0.036 23.159 0.012 23.164 24.83 0 24.826 24.68 0 24.674
0.061 0.007 0.069 0.031 0.005 0.036 22.683 0.02 22.698 24.465 0 24.459 24.301 0 24.295
0.063 0.004 0.067 0.034 0.002 0.035 22.392 0.013 22.4 24.093 0 24.088 23.966 0 23.961
0.065 0.003 0.068 0.035 0.001 0.036 22.545 0.013 22.552 24.025 0 24.02 24.223 0 24.217
0.059 0.008 0.067 0.033 0.003 0.036 22.452 0.008 22.456 24.169 0 24.164 24.055 0 24.048
0.06 0.00799999999999999 0.067 0.033 0.002 0.035 22.44 0.01 22.445 24.208 0 24.203 24.062 0.000999999999999987 24.06
0.063 0.005 0.068 0.031 0.004 0.035 22.435 0.017 22.447 23.986 0 23.981 24.201 0 24.195
0.059 0.008 0.067 0.036 0 0.036 22.45 0.01 22.455 24.241 0 24.236 24.117 0 24.111
0.063 0.005 0.067 0.033 0.00199999999999999 0.036 22.4 0.012 22.407 24.213 0 24.207 24.062 0 24.056
0.063 0.005 0.068 0.033 0.002 0.036 22.464 0.014 22.472 24.238 0 24.233 24.087 0 24.081
0.063 0.005 0.068 0.03 0.006 0.035 22.572 0.008 22.575 24.031 0 24.027 24.216 0 24.209
0.065 0.003 0.068 0.033 0.003 0.036 22.942 0.011 22.949 24.388 0 24.383 24.633 0 24.627
0.061 0.00199999999999999 0.063 0.031 0.003 0.034 22.332 0.014 22.344 23.704 0 23.706 23.266 0 23.273
0.064 0.004 0.068 0.035 0.001 0.036 23.495 0.009 23.498 25.273 0 25.268 25.116 0 25.111
0.062 0.005 0.067 0.034 0.000999999999999994 0.035 22.348 0.019 22.38 23.656 0.00800000000000001 23.67 23.764 0.035 23.799
0.06 0.007 0.068 0.033 0.003 0.035 22.485 0.013 22.493 23.959 0 23.955 24.101 0 24.095
0.058 0.009 0.067 0.032 0.004 0.036 22.5 0.01 22.504 24.284 0 24.279 24.15 0 24.144
0.065 0.003 0.069 0.035 0.001 0.036 23.536 0.013 23.543 25.176 0 25.18 24.633 0.001 24.642
0.062 0.007 0.068 0.03 0.005 0.035 23.439 0.008 23.442 25.254 0 25.248 25.138 0 25.133
0.064 0.005 0.068 0.031 0.004 0.036 23.024 0.012 23.031 24.756 0 24.751 24.638 0 24.633
0.06 0.00700000000000001 0.067 0.031 0.004 0.035 22.239 0.015 22.249 23.572 0 23.567 23.667 0 23.662
0.064 0.004 0.067 0.035 0 0.036 22.635 0.015 22.644 24.122 0.000999999999999987 24.118 24.244 0 24.238
0.062 0.007 0.07 0.035 0.001 0.036 22.468 0.011 22.473 24.232 0 24.227 24.102 0 24.096
0.061 0.007 0.068 0.034 0.000999999999999994 0.035 22.45 0.014 22.459 24.218 0 24.213 24.073 0 24.067
0.063 0.004 0.068 0.034 0.00199999999999999 0.035 22.948 0.013 22.956 24.713 0 24.708 24.545 0 24.538
0.065 0.002 0.068 0.032 0.004 0.035 22.389 0.013 22.398 23.894 0 23.889 24.047 0 24.04
0.062 0.002 0.063 0.032 0.002 0.035 22.506 0.018 22.519 24.3 0 24.295 24.136 0 24.13
0.06 0.004 0.065 0.033 0.00199999999999999 0.034 22.583 0.014 22.593 24.342 0 24.337 24.129 0 24.125
0.062 0.006 0.068 0.033 0.002 0.035 22.357 0.009 22.361 24.148 0 24.143 24.022 0 24.016
0.063 0.005 0.068 0.031 0.004 0.036 22.754 0.00900000000000001 22.758 24.263 0 24.261 24.042 0 24.043
0.059 0.008 0.067 0.031 0.005 0.036 22.484 0.011 22.49 23.859 0 23.863 23.386 0 23.391
0.063 0.005 0.067 0.029 0.006 0.036 22.347 0.01 22.352 24.104 0 24.099 23.957 0 23.951
0.068 0.003 0.071 0.031 0.004 0.036 22.287 0.011 22.293 23.924 0 23.919 24.138 0 24.131
0.062 0.005 0.067 0.033 0.002 0.036 22.418 0.011 22.423 23.935 0 23.93 24.141 0 24.136
0.065 0.003 0.068 0.035 0.001 0.035 22.648 0.012 22.656 24.413 0 24.408 24.289 0 24.282
0.066 0.001 0.067 0.028 0.007 0.035 22.055 0.014 22.063 23.676 0 23.671 23.776 0 23.769
0.061 0.008 0.069 0.032 0.003 0.035 24.293 0.013 24.308 25.442 0 25.449 25.35 0 25.349
0.062 0.006 0.067 0.032 0.003 0.036 22.647 0.009 22.65 24.26 0 24.255 24.116 0 24.11
0.056 0.008 0.064 0.033 0.00199999999999999 0.035 22.703 0.015 22.715 24.048 0 24.058 23.708 0 23.711
0.061 0.007 0.068 0.033 0.003 0.036 22.693 0.012 22.7 24.545 0 24.54 24.395 0 24.389
0.062 0.005 0.067 0.035 0.000999999999999994 0.036 22.347 0.015 22.369 23.882 0 23.891 23.615 0 23.61
0.061 0.007 0.067 0.034 0.001 0.036 22.702 0.013 22.709 24.22 0 24.214 24.088 0 24.082
0.064 0.003 0.067 0.03 0.005 0.035 22.427 0.011 22.434 23.875 0 23.87 23.755 0 23.748
0.063 0.004 0.068 0.031 0.005 0.035 22.467 0.01 22.471 24.195 0 24.19 24.102 0 24.095
0.063 0.004 0.067 0.034 0.002 0.035 22.67 0.012 22.678 24.197 0 24.191 24.229 0 24.223
0.063 0.004 0.068 0.034 0.002 0.035 22.564 0.01 22.569 24.082 0 24.083 23.569 0 23.572
0.062 0.005 0.068 0.034 0.002 0.035 22.314 0.01 22.319 24.065 0 24.06 23.947 0 23.941
0.059 0.004 0.063 0.03 0.005 0.034 22.311 0.008 22.314 24.053 0 24.049 23.915 0 23.909
0.063 0.005 0.067 0.035 0 0.036 22.612 0.013 22.622 23.787 0 23.791 23.102 0 23.109
0.066 0.002 0.068 0.035 0.001 0.035 22.797 0.014 22.806 24.149 0 24.153 23.711 0 23.714
0.06 0.008 0.067 0.031 0.004 0.035 22.541 0.013 22.549 24.37 0 24.366 24.269 0 24.263
0.0639999999999999 0.004 0.068 0.03 0.005 0.036 22.737 0.016 22.748 24.503 0 24.498 24.377 0 24.37
0.064 0.004 0.068 0.033 0.003 0.036 22.773 0.018 22.786 24.54 0 24.535 24.451 0 24.445
0.057 0.00700000000000001 0.064 0.032 0.003 0.035 22.745 0.016 22.755 24.466 0.001 24.462 24.359 0 24.353
0.066 0.005 0.071 0.03 0.006 0.036 22.727 0.02 22.742 24.507 0 24.501 24.416 0 24.409
0.065 0.003 0.068 0.033 0.002 0.035 23.02 0.014 23.028 24.812 0 24.806 24.665 0 24.66
0.065 0.002 0.068 0.031 0.004 0.035 22.346 0.013 22.354 24.136 0 24.13 24.006 0 24.001
0.064 0.004 0.067 0.034 0.001 0.036 22.496 0.013 22.502 23.93 0 23.926 24.112 0 24.106
0.063 0.004 0.068 0.035 0.001 0.035 22.566 0.016 22.577 24.321 0 24.317 24.177 0 24.17
0.062 0.003 0.065 0.032 0.003 0.035 24.827 0.017 24.845 25.948 0 25.949 25.559 0 25.565
0.067 0.000999999999999994 0.068 0.033 0.003 0.035 22.81 0.014 22.819 24.633 0 24.628 24.504 0 24.499
0.062 0.005 0.068 0.034 0.001 0.035 22.407 0.01 22.411 24.15 0 24.145 24.035 0 24.031
0.067 0.003 0.07 0.031 0.004 0.035 22.421 0.014 22.43 24.189 0 24.183 23.711 0 23.715
0.062 0.005 0.068 0.037 0 0.036 22.333 0.011 22.339 24.035 0 24.03 23.927 0 23.92
0.065 0.002 0.068 0.032 0.004 0.035 22.654 0.009 22.658 24.154 0 24.156 23.629 0 23.63
0.061 0.004 0.064 0.032 0.002 0.034 22.984 0.012 22.99 24.714 0 24.709 24.623 0 24.618
0.068 0.001 0.069 0.034 0.001 0.036 22.776 0.014 22.785 24.578 0 24.573 24.432 0 24.425
0.063 0.004 0.067 0.033 0.002 0.036 22.492 0.014 22.501 23.9 0 23.895 24.094 0 24.087
0.062 0.006 0.068 0.035 0.001 0.036 22.861 0.011 22.865 24.619 0 24.614 24.497 0 24.493
0.06 0.008 0.068 0.036 0 0.036 22.588 0.012 22.595 24.352 0 24.346 24.199 0 24.194
0.064 0.004 0.0679999999999999 0.032 0.004 0.036 22.736 0.011 22.741 24.446 0 24.441 24.316 0 24.31
0.066 0.005 0.071 0.032 0.004 0.036 22.561 0.008 22.563 24.212 0 24.208 24.098 0 24.092
0.065 0.003 0.068 0.033 0.002 0.035 22.737 0.017 22.748 24.423 0 24.419 24.301 0 24.295
0.064 0.004 0.068 0.033 0.002 0.035 22.666 0.014 22.681 23.992 0 23.992 23.602 0 23.603
0.065 0.004 0.069 0.034 0.001 0.036 22.293 0.01 22.303 23.562 0.001 23.562 23.146 0 23.147
0.064 0.003 0.067 0.033 0.003 0.036 22.392 0.015 22.402 24.132 0.001 24.128 23.858 0 23.859
0.066 0.002 0.068 0.032 0.003 0.035 22.761 0.015 22.771 24.465 0 24.459 24.34 0 24.334
0.063 0.00600000000000001 0.068 0.031 0.004 0.036 23.501 0.012 23.507 25.232 0.001 25.228 24.564 0 24.574
0.066 0.004 0.07 0.033 0.002 0.035 23.516 0.015 23.525 25.295 0 25.29 25.079 0 25.074
0.061 0.007 0.067 0.032 0.003 0.036 23.524 0.013 23.531 25.261 0.001 25.257 25.095 0 25.088
0.065 0.004 0.069 0.034 0.001 0.036 23.011 0.016 23.021 24.814 0 24.809 24.687 0 24.681
0.06 0.007 0.067 0.032 0.003 0.035 22.41 0.014 22.418 23.911 0 23.906 24.054 0 24.048
0.065 0.003 0.068 0.034 0.002 0.036 22.847 0.014 22.855 24.627 0 24.622 24.506 0 24.501
0.065 0.003 0.068 0.035 0.001 0.036 22.309 0.00899999999999999 22.322 23.697 0 23.706 23.317 0 23.314
0.063 0.005 0.069 0.035 0.001 0.035 22.565 0.011 22.571 24.338 0.001 24.335 24.185 0 24.178
0.064 0.005 0.068 0.033 0.003 0.036 22.721 0.012 22.728 24.462 0 24.456 24.358 0 24.353
0.068 0.004 0.072 0.039 0.001 0.039 27.714 0.015 27.731 28.661 0 28.667 27.993 0 27.991
0.067 0.00199999999999999 0.069 0.034 0.001 0.035 22.78 0.013 22.788 24.494 0 24.489 24.325 0 24.321
0.057 0.006 0.063 0.029 0.005 0.035 22.535 0.008 22.536 24.261 0 24.256 24.158 0 24.152
0.066 0.002 0.068 0.035 0.001 0.036 22.94 0.01 22.944 24.767 0 24.762 24.647 0 24.642
0.06 0.004 0.064 0.034 0.00199999999999999 0.036 22.494 0.01 22.499 24.32 0 24.314 24.167 0 24.162
0.067 0 0.067 0.034 0.00199999999999999 0.035 22.025 0.017 22.037 23.567 0 23.563 23.697 0 23.69
0.065 0.003 0.067 0.034 0.002 0.036 22.761 0.01 22.767 24.509 0 24.504 24.361 0 24.354
0.063 0.005 0.068 0.034 0.002 0.036 22.49 0.016 22.501 24.258 0 24.252 24.116 0 24.111
0.061 0.00700000000000001 0.068 0.032 0.004 0.036 22.592 0.012 22.599 24.366 0 24.361 24.224 0 24.218
0.062 0.007 0.069 0.033 0.003 0.036 22.572 0.014 22.581 24.388 0 24.383 24.246 0 24.24
0.064 0.004 0.068 0.036 0 0.035 23.022 0.01 23.028 24.778 0 24.773 24.642 0 24.637
0.06 0.005 0.065 0.033 0.002 0.035 22.112 0.013 22.126 23.62 0 23.625 23.369 0 23.364
0.061 0.007 0.068 0.034 0.001 0.035 22.498 0.015 22.514 23.712 0 23.712 23.333 0 23.336
0.062 0.00600000000000001 0.068 0.033 0.003 0.036 22.839 0.012 22.846 24.557 0.001 24.553 24.219 0 24.22
0.06 0.003 0.064 0.034 0.001 0.034 22.741 0.013 22.75 24.42 0 24.416 23.794 0 23.8
0.065 0.003 0.068 0.034 0.002 0.036 22.201 0.018 22.214 24.051 0 24.045 23.908 0 23.902
0.061 0.007 0.067 0.033 0.002 0.036 22.293 0.011 22.298 24.032 0 24.027 23.889 0 23.884
0.063 0.004 0.068 0.033 0.002 0.035 22.312 0.013 22.319 24.108 0 24.103 23.981 0 23.976
0.064 0.003 0.067 0.033 0.003 0.036 22.268 0.01 22.275 23.831 0 23.828 24.028 0 24.025
0.064 0.004 0.069 0.034 0.002 0.036 22.63 0.014 22.638 24.38 0.001 24.376 24.24 0.003 24.241
0.067 0.004 0.071 0.034 0.002 0.036 23.579 0.004 23.578 25.481 0 25.476 25.227 0.004 25.228
0.064 0.004 0.068 0.033 0.002 0.036 22.68 0.011 22.685 24.147 0 24.149 23.671 0 23.676
0.065 0.003 0.068 0.031 0.005 0.036 22.535 0.011 22.541 24.297 0 24.293 24.174 0 24.168
0.066 0.002 0.068 0.034 0.001 0.036 22.897 0.02 22.912 24.718 0 24.712 24.562 0 24.557
0.059 0.004 0.062 0.033 0.001 0.035 21.874 0.013 21.882 23.417 0 23.42 23.109 0 23.117
0.066 0.002 0.067 0.032 0.003 0.035 22.564 0.013 22.571 24.32 0 24.315 24.177 0 24.171
0.064 0.005 0.069 0.035 0.001 0.036 22.971 0.014 22.978 24.777 0.000999999999999994 24.774 24.571 0 24.566
0.066 0.003 0.069 0.036 0 0.036 22.752 0.017 22.764 24.518 0 24.513 24.358 0 24.351
0.065 0.00199999999999999 0.067 0.035 0.001 0.036 22.518 0.01 22.523 24.134 0 24.129 24.276 0 24.269
0.067 0 0.067 0.033 0.003 0.036 22.137 0.011 22.143 23.929 0 23.923 23.8 0 23.795
0.062 0.00600000000000001 0.068 0.034 0.000999999999999994 0.035 22.547 0.012 22.555 24.291 0 24.286 24.16 0 24.153
0.061 0.006 0.067 0.034 0.002 0.035 22.454 0.013 22.462 24.239 0 24.235 24.088 0 24.082
0.066 0.004 0.069 0.033 0.003 0.036 22.537 0.011 22.543 24.261 0 24.256 24.117 0 24.112
0.065 0.004 0.068 0.035 0 0.036 23.039 0.011 23.044 24.814 0 24.809 24.678 0 24.673
0.064 0.004 0.068 0.032 0.004 0.035 22.537 0.013 22.546 24.307 0 24.302 24.188 0 24.182
0.065 0.003 0.067 0.031 0.004 0.035 21.839 0.013 21.855 23.118 0 23.125 22.962 0 22.962
0.062 0.007 0.068 0.031 0.004 0.036 22.539 0.015 22.549 24.34 0 24.335 23.754 0 23.755
0.063 0.006 0.068 0.031 0.004 0.035 22.778 0.01 22.783 24.472 0 24.467 24.343 0 24.337
0.06 0.007 0.068 0.035 0.001 0.035 22.996 0.014 23.005 24.468 0 24.463 24.521 0 24.515
0.066 0.000999999999999994 0.067 0.033 0.002 0.035 23.002 0.012 23.009 24.716 0 24.711 24.574 0 24.569
0.067 0.003 0.069 0.031 0.005 0.036 23.13 0.011 23.136 24.889 0 24.885 24.745 0 24.739
0.0669999999999999 0.001 0.068 0.033 0.003 0.036 22.785 0.017 22.796 24.373 0 24.368 23.59 0 23.598
0.067 0.001 0.068 0.034 0.002 0.036 23.425 0.013 23.432 25.22 0 25.215 25.175 0 25.169
0.06 0.005 0.066 0.033 0.002 0.034 22.358 0.013 22.366 24.119 0 24.114 24.032 0 24.026
0.061 0.007 0.067 0.034 0.001 0.035 22.477 0.013 22.484 24.033 0 24.028 24.263 0 24.258
0.065 0.003 0.068 0.032 0.004 0.036 23.514 0.015 23.523 25.012 0 25.007 24.871 0 24.865
0.064 0.005 0.069 0.035 0.001 0.036 24.497 0.015 24.515 25.701 0 25.705 25.28 0 25.281
0.064 0.005 0.069 0.035 0.001 0.036 22.576 0.02 22.592 24.348 0.001 24.343 24.034 0 24.037
0.066 0.002 0.068 0.032 0.004 0.036 22.253 0.017 22.265 24.052 0 24.048 23.941 0 23.934
0.064 0.004 0.067 0.032 0.003 0.036 22.227 0.013 22.235 23.984 0 23.979 23.858 0 23.852
0.066 0.003 0.067 0.029 0.00600000000000001 0.036 22.45 0.014 22.458 24.313 0 24.309 24.168 0 24.163
0.063 0.005 0.068 0.034 0.00199999999999999 0.036 22.857 0.015 22.865 24.591 0 24.587 24.479 0 24.474
0.07 0.003 0.072 0.035 0.001 0.036 22.731 0.011 22.737 24.435 0 24.43 24.338 0 24.33
0.065 0.002 0.067 0.032 0.004 0.036 22.409 0.012 22.415 24.116 0 24.111 24 0 23.994
