0.062 0.006 0.0680000000000001 0.03 0.006 0.0349999999999999 22.529 0.016 22.541 24.257 0 24.251 24.133 0 24.128
0.06 0.008 0.0680000000000001 0.033 0.003 0.0359999999999999 23.71 0.014 23.718 25.39 0 25.384 25.256 0 25.251
0.067 0.000999999999999994 0.068 0.034 0.002 0.036 22.773 0.015 22.782 24.596 0 24.591 24.431 0 24.425
0.064 0.005 0.069 0.033 0.003 0.036 24.723 0.014 24.731 26.369 0 26.363 26.187 0 26.18
0.057 0.007 0.064 0.028 0.007 0.035 23.191 0.016 23.202 24.868 0 24.862 24.732 0 24.728
0.065 0.003 0.068 0.035 0.001 0.036 22.76 0.012 22.767 24.59 0 24.585 24.55 0 24.545
0.065 0.003 0.068 0.031 0.004 0.035 22.418 0.015 22.427 24.232 0 24.226 24.105 0 24.099
0.065 0.003 0.068 0.035 0.001 0.036 22.636 0.011 22.642 24.352 0 24.346 24.231 0 24.226
0.061 0.007 0.068 0.031 0.004 0.036 23.585 0.012 23.59 25.194 0 25.189 25.206 0 25.199
0.064 0.004 0.068 0.036 0 0.036 22.958 0.017 22.97 24.661 0 24.655 24.631 0 24.627
0.061 0.00199999999999999 0.063 0.029 0.006 0.035 22.273 0.011 22.278 24.054 0 24.049 23.9 0 23.895
0.062 0.005 0.0669999999999999 0.031 0.005 0.036 22.146 0.014 22.155 23.89 0 23.885 23.758 0 23.752
0.063 0.005 0.069 0.033 0.003 0.035 23.105 0.013 23.113 24.264 0 24.268 23.96 0 23.97
0.06 0.004 0.064 0.033 0.001 0.034 22.113 0.012 22.12 23.905 0 23.901 23.766 0 23.759
0.066 0.002 0.068 0.033 0.003 0.035 22.382 0.017 22.395 24.219 0 24.214 24.075 0 24.068
0.06 0.008 0.068 0.034 0.002 0.036 22.616 0.016 22.633 23.876 0 23.875 23.492 0 23.495
0.064 0.004 0.068 0.034 0.001 0.035 22.463 0.012 22.47 24.239 0.001 24.235 24.064 0 24.058
0.065 0.003 0.068 0.033 0.00199999999999999 0.036 22.749 0.018 22.762 24.491 0 24.486 24.337 0 24.331
0.064 0.004 0.068 0.033 0.002 0.035 22.635 0.012 22.642 24.391 0.000999999999999994 24.388 24.263 0 24.257
0.06 0.008 0.068 0.031 0.004 0.036 22.852 0.016 22.862 24.625 0 24.621 24.494 0 24.489
0.064 0.004 0.067 0.035 0.001 0.036 22.431 0.013 22.439 24.184 0 24.179 24.05 0 24.045
0.058 0.005 0.063 0.031 0.003 0.034 22.074 0.017 22.086 24.164 0 24.158 24.196 0 24.19
0.067 0.001 0.068 0.034 0.002 0.035 23.114 0.01 23.12 24.827 0 24.822 24.7 0 24.695
0.065 0.003 0.068 0.035 0.001 0.036 24.823 0.012 24.829 25.768 0 25.773 25.222 0 25.231
0.063 0.004 0.068 0.034 0.002 0.036 22.48 0.009 22.484 24.265 0 24.26 24.156 0 24.15
0.064 0.003 0.068 0.034 0.00199999999999999 0.035 22.271 0.011 22.277 23.971 0.001 23.967 23.928 0 23.922
0.06 0.00700000000000001 0.068 0.031 0.005 0.036 22.707 0.015 22.716 24.409 0 24.404 24.379 0 24.373
0.064 0.003 0.066 0.032 0.003 0.035 22.465 0.016 22.476 24.09 0 24.085 23.702 0 23.696
0.057 0.006 0.063 0.029 0.006 0.035 22.543 0.015 22.553 24.336 0 24.331 24.194 0 24.188
0.058 0.00600000000000001 0.064 0.034 0 0.034 22.395 0.01 22.399 23.957 0 23.96 23.436 0 23.438
0.0659999999999999 0.002 0.068 0.031 0.006 0.036 23.173 0.014 23.182 24.911 0.002 24.907 24.765 0 24.76
0.064 0.003 0.067 0.036 0.001 0.036 22.562 0.015 22.572 24.37 0 24.366 24.237 0 24.231
0.071 0.006 0.077 0.035 0.003 0.0379999999999999 24.426 0.016 24.436 26.291 0 26.286 25.827 0 25.821
0.064 0.005 0.069 0.034 0.00199999999999999 0.036 23.138 0.014 23.147 24.929 0 24.924 24.776 0 24.771
0.064 0.004 0.068 0.033 0.002 0.036 22.699 0.015 22.708 24.47 0 24.466 24.149 0 24.151
0.065 0.003 0.068 0.033 0.003 0.036 23.087 0.014 23.095 24.69 0 24.686 24.618 0 24.613
0.064 0.004 0.0679999999999999 0.033 0.003 0.036 22.824 0.01 22.829 24.557 0 24.552 24.417 0 24.411
0.064 0.004 0.067 0.028 0.007 0.036 22.583 0.014 22.593 24.376 0 24.37 24.312 0 24.306
0.06 0.008 0.068 0.032 0.003 0.036 22.349 0.014 22.357 24.131 0 24.126 24.034 0 24.028
0.062 0.005 0.067 0.032 0.003 0.036 22.377 0.017 22.388 24.243 0 24.239 24.047 0 24.042
0.064 0 0.064 0.031 0.003 0.035 22.476 0.014 22.485 24.232 0 24.226 24.082 0 24.076
0.063 0.004 0.068 0.033 0.003 0.035 22.367 0.014 22.377 24.116 0 24.11 23.979 0 23.973
0.065 0.003 0.067 0.031 0.004 0.035 22.361 0.012 22.367 24.225 0 24.221 24.035 0 24.028
0.058 0.005 0.063 0.032 0.002 0.035 22.543 0.00799999999999999 22.546 24.255 0 24.25 24.128 0 24.121
0.065 0.002 0.067 0.033 0.00199999999999999 0.035 22.582 0.017 22.594 23.847 0 23.855 23.403 0 23.41
0.066 0.002 0.068 0.032 0.003 0.036 22.634 0.008 22.637 24.34 0 24.334 24.12 0 24.117
0.06 0.008 0.067 0.034 0.00199999999999999 0.036 22.771 0.011 22.777 24.568 0 24.563 24.397 0.001 24.392
0.066 0.002 0.069 0.032 0.004 0.036 22.901 0.014 22.91 24.755 0 24.75 24.636 0 24.631
0.062 0.006 0.068 0.034 0.00199999999999999 0.036 23.139 0.015 23.149 24.815 0 24.809 24.706 0 24.701
0.063 0.004 0.068 0.035 0.001 0.036 22.522 0.005 22.522 24.282 0 24.277 24.157 0 24.151
0.065 0.003 0.068 0.032 0.004 0.035 22.58 0.011 22.586 24.33 0 24.325 24.205 0 24.199
0.062 0.00600000000000001 0.067 0.032 0.003 0.035 22.651 0.009 22.655 24.358 0 24.354 24.21 0 24.204
0.061 0.007 0.068 0.034 0.001 0.035 22.73 0.00900000000000001 22.734 24.551 0 24.546 24.437 0 24.43
0.064 0.004 0.067 0.032 0.003 0.036 22.227 0.013 22.235 24.14 0.001 24.136 23.955 0 23.949
0.061 0.003 0.0639999999999999 0.033 0.002 0.035 22.569 0.012 22.575 24.405 0 24.401 24.172 0 24.165
0.06 0.003 0.063 0.032 0.003 0.034 22.316 0.013 22.325 24.084 0 24.079 23.896 0 23.89
0.06 0.002 0.062 0.033 0.002 0.035 21.779 0.012 21.786 23.373 0 23.373 22.821 0 22.827
0.062 0.005 0.067 0.032 0.003 0.036 22.217 0.011 22.23 23.39 0 23.389 23.051 0 23.053
0.065 0.003 0.068 0.029 0.006 0.036 23.04 0.017 23.05 24.812 0 24.807 24.686 0 24.68
0.064 0.007 0.154 0.037 0 0.036 23.552 0.007 23.554 24.818 0 24.814 24.438 0 24.434
0.059 0.008 0.067 0.032 0.004 0.036 22.499 0.00900000000000001 22.503 24.216 0 24.211 24.121 0 24.116
0.058 0.006 0.063 0.031 0.003 0.035 22.516 0.009 22.518 24.316 0 24.312 24.156 0 24.15
0.066 0.003 0.068 0.033 0.00199999999999999 0.036 23.068 0.012 23.074 24.841 0 24.835 24.741 0 24.734
0.064 0.004 0.067 0.03 0.005 0.036 22.334 0.018 22.347 24.133 0 24.127 24 0 23.995
0.058 0.005 0.063 0.03 0.004 0.034 21.944 0.005 21.944 23.467 0.001 23.476 23.238 0 23.244
0.064 0.004 0.067 0.032 0.003 0.035 22.51 0.011 22.516 24.257 0 24.252 24.118 0 24.113
0.071 0.007 0.078 0.036 0.002 0.0369999999999999 24.368 0.02 24.382 26.345 0 26.341 26.201 0 26.194
0.061 0.002 0.064 0.029 0.007 0.035 22.524 0.006 22.526 24.275 0 24.27 24.128 0 24.121
0.064 0.004 0.068 0.032 0.004 0.035 22.537 0.016 22.548 24.221 0 24.217 24.16 0 24.154
0.068 0.001 0.071 0.032 0.004 0.036 22.317 0.011 22.323 24.062 0 24.057 23.923 0 23.918
0.063 0.005 0.068 0.036 0 0.036 23.025 0.017 23.037 24.74 0 24.735 24.645 0 24.64
0.061 0.007 0.067 0.032 0.003 0.036 22.623 0.012 22.628 24.353 0 24.348 24.244 0 24.239
0.066 0.002 0.068 0.032 0.003 0.035 22.935 0.014 22.943 24.026 0 24.031 23.85 0 23.856
0.061 0.002 0.063 0.033 0.001 0.034 21.784 0.014 21.793 23.682 0 23.676 23.573 0 23.568
0.063 0.004 0.067 0.031 0.005 0.036 22.41 0.017 22.422 24.138 0 24.133 23.689 0 23.691
0.064 0.005 0.068 0.03 0.005 0.035 22.564 0.01 22.569 24.286 0 24.28 24.211 0 24.206
0.062 0.005 0.067 0.032 0.003 0.035 22.434 0.012 22.441 24.25 0 24.245 24.151 0 24.145
0.065 0.002 0.067 0.035 0.001 0.036 22.432 0.016 22.443 24.303 0 24.297 24.144 0 24.138
0.067 0.00199999999999999 0.069 0.032 0.003 0.035 23.152 0.01 23.156 24.849 0 24.844 24.704 0 24.699
0.064 0.005 0.069 0.03 0.005 0.035 22.839 0.014 22.848 24.629 0 24.624 24.458 0 24.453
0.065 0.003 0.068 0.034 0.001 0.035 22.764 0.012 22.771 24.537 0 24.532 24.384 0 24.379
0.066 0.00199999999999999 0.068 0.034 0.002 0.036 22.818 0.008 22.821 24.663 0 24.657 24.528 0 24.524
0.066 0.00199999999999999 0.068 0.035 0 0.036 22.945 0.019 22.958 24.642 0 24.638 24.621 0 24.616
0.062 0.003 0.065 0.032 0.003 0.035 22.826 0.011 22.831 24.628 0 24.627 23.971 0 23.97
0.066 0.002 0.067 0.033 0.00199999999999999 0.036 23.566 0.009 23.569 24.531 0 24.536 24.325 0 24.332
0.067 0.004 0.071 0.033 0.00199999999999999 0.036 22.151 0.013 22.159 23.622 0 23.625 23.125 0 23.126
0.062 0.00600000000000001 0.068 0.033 0.00199999999999999 0.035 23.44 0.014 23.449 25.159 0 25.154 24.965 0 24.965
0.06 0.005 0.065 0.033 0.00199999999999999 0.034 22.788 0.012 22.795 24.523 0 24.518 24.398 0 24.392
0.061 0.006 0.067 0.035 0.002 0.035 22.385 0.01 22.391 24.111 0 24.107 24.043 0 24.036
0.063 0.005 0.068 0.035 0.001 0.036 22.425 0.013 22.432 24.183 0 24.178 24.009 0 24.002
0.059 0.008 0.067 0.032 0.003 0.035 22.371 0.009 22.375 24.223 0.001 24.219 24.013 0 24.007
0.07 0.001 0.071 0.035 0.001 0.036 22.768 0.01 22.773 24.543 0 24.538 24.382 0 24.375
0.057 0.01 0.067 0.031 0.005 0.035 22.409 0.011 22.416 24.128 0 24.123 23.987 0 23.982
0.064 0.004 0.068 0.034 0.001 0.035 22.219 0.014 22.227 23.966 0 23.961 23.805 0 23.799
0.061 0.003 0.064 0.032 0.003 0.034 23.001 0.011 23.008 24.835 0 24.83 24.724 0 24.719
0.063 0.004 0.067 0.032 0.004 0.035 22.482 0.015 22.494 23.432 0 23.436 23.333 0.000999999999999987 23.339
0.056 0.006 0.062 0.032 0.003 0.035 21.95 0.009 21.954 23.842 0 23.836 24.103 0 24.097
0.066 0.003 0.069 0.034 0.002 0.036 23.287 0.015 23.296 25.008 0 25.003 24.863 0 24.857
0.066 0.001 0.067 0.033 0.003 0.036 22.472 0.014 22.48 24.191 0 24.187 24.131 0 24.125
0.062 0.005 0.067 0.033 0.003 0.036 22.691 0.014 22.7 24.389 0 24.385 24.336 0 24.329
0.059 0.005 0.064 0.032 0.002 0.035 22.35 0.022 22.366 24.082 0 24.078 23.976 0 23.97
0.064 0.004 0.067 0.033 0.002 0.036 22.356 0.016 22.367 23.777 0 23.772 23.654 0 23.647
0.061 0.007 0.068 0.033 0.002 0.036 22.127 0.012 22.133 23.875 0 23.87 23.794 0 23.788
0.058 0.009 0.067 0.032 0.003 0.035 22.49 0.009 22.494 24.166 0 24.161 24.055 0 24.05
0.06 0.007 0.068 0.031 0.005 0.036 23.139 0.011 23.143 24.444 0 24.44 24.324 0 24.318
0.06 0.007 0.068 0.034 0.002 0.035 22.302 0.01 22.307 23.701 0 23.696 23.534 0 23.528
0.063 0.005 0.068 0.035 0.001 0.035 22.729 0.019 22.744 24.556 0 24.551 24.413 0 24.406
0.065 0.003 0.068 0.033 0.002 0.035 22.491 0.018 22.505 24.213 0 24.208 24.104 0 24.097
0.063 0.004 0.067 0.033 0.003 0.036 22.217 0.012 22.224 23.733 0 23.728 23.642 0 23.636
0.066 0.002 0.068 0.03 0.006 0.036 22.742 0.01 22.747 24.446 0 24.441 24.305 0 24.299
0.067 0.002 0.068 0.034 0.002 0.036 22.683 0.013 22.692 24.469 0 24.463 24.368 0 24.362
0.066 0.00199999999999999 0.067 0.034 0.001 0.036 22.397 0.017 22.409 24.189 0 24.184 24.056 0 24.052
0.063 0.004 0.067 0.034 0.002 0.036 22.557 0.012 22.564 24.265 0 24.258 24.145 0 24.14
0.056 0.012 0.068 0.035 0.000999999999999994 0.036 22.894 0.014 22.902 24.585 0 24.587 23.988 0 23.985
0.06 0.005 0.065 0.031 0.004 0.035 22.549 0.017 22.561 24.29 0 24.284 24.154 0 24.147
0.065 0.002 0.067 0.034 0.001 0.035 22.041 0.015 22.05 23.393 0 23.397 22.883 0 22.894
0.062 0.006 0.068 0.035 0.001 0.036 22.974 0.011 22.98 24.6 0 24.594 24.564 0 24.559
0.065 0.003 0.068 0.032 0.004 0.036 22.516 0.018 22.528 24.279 0.001 24.275 24.138 0 24.132
0.063 0.004 0.067 0.034 0.00199999999999999 0.035 22.626 0.013 22.634 24.34 0 24.336 24.211 0 24.205
0.064 0.004 0.067 0.031 0.004 0.035 22.386 0.013 22.394 24.154 0 24.15 24.025 0 24.019
0.065 0.003 0.068 0.031 0.004 0.036 22.435 0.015 22.448 23.604 0 23.605 23.27 0 23.274
0.062 0.006 0.068 0.035 0 0.035 23.4 0.009 23.403 25.237 0 25.232 24.977 0 24.972
0.062 0.005 0.067 0.035 0.001 0.036 22.6 0.015 22.61 24.356 0 24.35 24.218 0 24.212
0.064 0.004 0.067 0.032 0.004 0.036 22.473 0.01 22.478 24.179 0 24.174 24.03 0 24.025
0.065 0.003 0.0670000000000001 0.034 0.001 0.0359999999999999 22.23 0.012 22.237 24.054 0 24.048 23.897 0 23.892
0.063 0.005 0.068 0.03 0.005 0.035 22.349 0.012 22.355 24.068 0 24.062 23.932 0 23.927
0.065 0.004 0.069 0.032 0.003 0.036 21.836 0.013 21.843 23.82 0 23.816 23.829 0 23.823
0.06 0.004 0.064 0.031 0.004 0.035 23.024 0.015 23.033 25.007 0 25.002 24.857 0 24.852
0.063 0.005 0.068 0.032 0.003 0.035 22.573 0.015 22.583 24.414 0 24.409 24.118 0 24.112
0.062 0.005 0.067 0.034 0.001 0.035 22.604 0.011 22.61 24.346 0.001 24.342 24.23 0 24.224
0.067 0.002 0.069 0.032 0.004 0.036 23.558 0.011 23.564 25.214 0.001 25.21 25.135 0 25.129
0.06 0.004 0.064 0.03 0.005 0.035 22.538 0.015 22.548 24.374 0 24.369 24.223 0 24.217
0.067 0.001 0.067 0.031 0.004 0.036 22.392 0.014 22.399 24.216 0 24.212 24.076 0 24.07
0.059 0.004 0.064 0.032 0.003 0.034 22.284 0.016 22.302 23.7 0 23.703 23.243 0 23.248
0.063 0.005 0.069 0.032 0.004 0.036 23.051 0.016 23.061 24.868 0 24.863 24.739 0 24.733
0.067 0.00199999999999999 0.069 0.032 0.004 0.035 22.666 0.018 22.679 24.565 0 24.56 24.214 0 24.215
0.064 0.003 0.067 0.033 0.002 0.035 22.481 0.02 22.497 24.271 0 24.266 24.147 0 24.141
0.066 0.002 0.067 0.032 0.003 0.035 22.183 0.013 22.191 23.954 0 23.949 23.849 0 23.842
0.059 0.004 0.065 0.032 0.002 0.035 22.04 0.013 22.047 23.921 0 23.916 23.798 0 23.792
0.062 0.005 0.068 0.03 0.006 0.036 22.669 0.00900000000000001 22.672 24.46 0 24.454 24.337 0 24.331
0.067 0.004 0.071 0.034 0.00199999999999999 0.036 22.888 0.012 22.895 24.586 0 24.58 24.455 0 24.45
0.064 0.005 0.069 0.03 0.005 0.036 23.167 0.011 23.173 24.807 0 24.802 24.667 0 24.662
0.062 0.002 0.064 0.029 0.006 0.035 22.634 0.015 22.644 24.486 0 24.481 24.253 0 24.247
0.065 0.002 0.067 0.032 0.004 0.036 22.307 0.014 22.315 24.181 0 24.177 24.026 0 24.021
0.066 0.002 0.068 0.035 0.001 0.036 22.88 0.009 22.884 24.591 0 24.586 24.547 0 24.542
0.067 0.001 0.068 0.03 0.00600000000000001 0.035 24.87 0.008 24.873 26.501 0 26.494 26.415 0 26.41
0.0679999999999999 0.001 0.069 0.032 0.003 0.036 22.621 0.016 22.63 24.399 0.001 24.395 24.26 0 24.254
0.062 0.006 0.069 0.035 0.002 0.036 23.067 0.01 23.071 24.8 0 24.795 24.653 0 24.649
0.06 0.004 0.064 0.031 0.003 0.035 23.409 0.011 23.414 25.033 0 25.028 24.982 0 24.977
0.062 0.006 0.068 0.033 0.001 0.034 22.314 0.019 22.328 24.092 0 24.087 23.95 0 23.944
0.063 0.005 0.069 0.036 0 0.035 22.818 0.01 22.823 24.577 0 24.572 24.474 0 24.47
0.062 0.00599999999999999 0.068 0.031 0.004 0.035 22.274 0.018 22.287 23.978 0 23.973 23.903 0 23.896
0.063 0.005 0.068 0.034 0.002 0.036 22.78 0.011 22.785 24.556 0 24.55 24.368 0 24.363
0.064 0.004 0.068 0.033 0.003 0.035 24.637 0.009 24.64 26.326 0 26.322 26.255 0 26.249
0.06 0.006 0.066 0.033 0.003 0.035 22.547 0.014 22.557 24.249 0 24.244 24.144 0 24.138
0.064 0.003 0.067 0.034 0.002 0.035 22.485 0.011 22.492 24.249 0 24.244 24.136 0 24.13
0.064 0.003 0.067 0.029 0.00700000000000001 0.036 22.608 0.017 22.619 24.452 0 24.448 24.293 0 24.286
0.064 0.004 0.068 0.033 0.002 0.035 23.038 0.012 23.044 24.77 0.000999999999999994 24.765 24.654 0 24.649
0.062 0.002 0.063 0.033 0.001 0.035 22.285 0.012 22.291 24.123 0 24.118 23.969 0 23.963
0.064 0.003 0.067 0.034 0.00199999999999999 0.036 22.293 0.017 22.305 24.05 0.001 24.046 23.928 0 23.922
0.066 0.002 0.067 0.033 0.003 0.036 22.7 0.01 22.706 24.486 0 24.48 24.363 0 24.358
0.063 0.001 0.065 0.033 0.001 0.034 22.593 0.013 22.601 24.264 0 24.266 23.565 0 23.565
0.061 0.002 0.063 0.03 0.004 0.035 22.545 0.01 22.549 24.535 0 24.53 24.625 0 24.62
0.065 0.003 0.068 0.033 0.002 0.035 22.559 0.013 22.567 24.328 0 24.323 24.18 0 24.174
0.061 0.002 0.064 0.034 0.000999999999999994 0.034 22.446 0.014 22.455 24.115 0 24.111 24.041 0 24.034
0.063 0.004 0.068 0.031 0.004 0.035 22.136 0.017 22.148 23.925 0 23.919 23.78 0 23.775
0.065 0.004 0.069 0.036 0 0.036 22.613 0.008 22.616 24.377 0 24.372 24.229 0 24.222
0.065 0.002 0.067 0.03 0.005 0.036 22.433 0.01 22.437 24.203 0 24.198 24.072 0 24.066
0.062 0.006 0.068 0.033 0.003 0.036 22.908 0.013 22.916 24.649 0 24.643 24.516 0 24.511
0.061 0.009 0.07 0.035 0 0.036 23.079 0.013 23.087 24.93 0 24.925 24.744 0 24.739
0.06 0.007 0.068 0.032 0.004 0.036 22.357 0.009 22.361 24.078 0 24.074 23.954 0 23.948
0.066 0.002 0.068 0.032 0.004 0.036 22.988 0.014 22.995 24.642 0 24.638 24.275 0 24.27
0.064 0.003 0.068 0.033 0.003 0.036 22.741 0.013 22.748 24.382 0 24.385 23.783 0 23.792
0.066 0.002 0.068 0.034 0.001 0.036 22.457 0.016 22.467 24.291 0 24.286 24.188 0 24.181
0.063 0.004 0.068 0.032 0.004 0.035 22.286 0.016 22.297 24.092 0 24.088 23.985 0 23.979
0.058 0.01 0.068 0.032 0.003 0.036 22.534 0.012 22.54 24.253 0 24.247 24.19 0 24.183
0.0669999999999999 0 0.067 0.032 0.004 0.036 22.434 0.014 22.443 24.273 0 24.266 24.104 0 24.098
0.059 0.004 0.063 0.032 0.004 0.036 22.409 0.011 22.415 24.13 0 24.125 23.994 0 23.989
0.062 0.005 0.067 0.033 0.003 0.036 22.706 0.01 22.711 24.544 0 24.539 24.42 0 24.413
0.065 0.004 0.069 0.034 0.002 0.036 24.612 0.014 24.62 26.369 0 26.364 26.235 0 26.229
0.063 0.006 0.069 0.033 0.003 0.036 23.057 0.014 23.066 24.81 0 24.805 24.7 0 24.695
0.06 0.00700000000000001 0.067 0.031 0.004 0.036 22.386 0.015 22.395 24.135 0 24.129 23.967 0 23.961
0.059 0.004 0.063 0.034 0.001 0.035 22.31 0.014 22.337 24.126 0.002 24.141 24.013 0 24.025
0.071 0.001 0.071 0.037 0.002 0.039 27.856 0.014 27.864 29.551 0 29.544 29.423 0 29.416
0.066 0.002 0.068 0.03 0.005 0.035 22.698 0.019 22.712 24.453 0 24.448 24.298 0 24.292
0.06 0.004 0.064 0.031 0.004 0.035 21.926 0.016 21.938 23.795 0 23.789 24.064 0 24.059
0.062 0.002 0.064 0.03 0.005 0.035 22.597 0.014 22.606 24.416 0 24.411 24.278 0 24.272
0.067 0.00600000000000001 0.074 0.034 0.000999999999999994 0.035 22.307 0.018 22.32 24.052 0 24.048 23.951 0 23.945
0.065 0.003 0.068 0.033 0.00199999999999999 0.035 22.91 0.014 22.919 24.701 0 24.696 24.537 0 24.532
0.065 0.005 0.07 0.03 0.006 0.036 22.581 0.00800000000000001 22.582 24.381 0 24.376 24.23 0 24.225
0.062 0.005 0.068 0.033 0.003 0.035 22.818 0.011 22.825 24.48 0 24.475 24.359 0 24.352
0.063 0.004 0.067 0.034 0.002 0.036 22.235 0.021 22.25 24.03 0 24.026 23.869 0 23.863
0.063 0.004 0.067 0.034 0.00199999999999999 0.036 22.252 0.013 22.26 24.116 0 24.111 23.89 0 23.884
0.063 0.006 0.069 0.031 0.004 0.035 22.413 0.008 22.416 24.216 0 24.211 24.1 0 24.094
0.063 0.005 0.069 0.034 0.002 0.036 23.139 0.013 23.146 24.828 0 24.823 24.669 0 24.664
0.059 0.005 0.064 0.034 0 0.034 22.46 0.016 22.471 24.28 0 24.275 24.126 0 24.12
0.064 0.004 0.068 0.035 0.001 0.035 22.721 0.012 22.729 24.494 0 24.489 24.431 0 24.425
0.063 0.004 0.068 0.033 0.003 0.035 22.633 0.018 22.646 24.006 0 24.001 23.833 0 23.829
0.063 0.005 0.068 0.034 0.00199999999999999 0.036 24.794 0.00700000000000001 24.794 26.196 0 26.19 26.236 0 26.23
0.064 0.004 0.068 0.034 0.002 0.036 22.88 0.009 22.883 24.69 0 24.685 24.563 0 24.557
0.062 0.005 0.067 0.034 0.001 0.035 22.329 0.013 22.338 24.078 0 24.073 23.943 0 23.938
0.064 0.004 0.067 0.03 0.005 0.036 22.487 0.01 22.492 24.325 0 24.32 24.179 0 24.174
0.064 0.004 0.067 0.031 0.004 0.035 22.811 0.01 22.816 24.387 0 24.381 24.265 0 24.26
0.062 0.001 0.063 0.031 0.003 0.034 22.055 0.017 22.087 23.968 0.002 23.983 23.854 0.001 23.865
0.059 0.008 0.0690000000000001 0.033 0.002 0.0349999999999999 22.01 0.015 22.02 23.826 0 23.821 23.674 0 23.669
0.063 0.004 0.068 0.033 0.00199999999999999 0.036 22.512 0.016 22.523 24.254 0 24.249 24.132 0 24.126
0.061 0.003 0.064 0.031 0.003 0.035 23.36 0.024 23.388 25.09 0.00699999999999999 25.098 25.002 0 24.997
0.067 0.001 0.068 0.034 0.002 0.036 22.771 0.00799999999999999 22.774 24.457 0 24.452 24.348 0 24.342
0.065 0.003 0.0680000000000001 0.033 0.002 0.0349999999999999 22.977 0.015 22.987 24.719 0 24.714 24.557 0 24.552
0.058 0.00600000000000001 0.064 0.032 0.003 0.035 22.151 0.019 22.165 23.957 0 23.953 24.277 0 24.27
0.064 0.005 0.068 0.032 0.004 0.037 23.228 0.015 23.236 24.879 0 24.875 24.749 0 24.743
0.064 0.003 0.067 0.035 0 0.035 22.247 0.00800000000000001 22.25 24.095 0 24.091 23.95 0 23.945
0.063 0.005 0.067 0.031 0.004 0.036 22.807 0.008 22.81 24.508 0 24.503 24.422 0 24.417
0.064 0.003 0.067 0.034 0.001 0.035 21.998 0.014 22.007 23.787 0 23.783 23.671 0 23.665
0.064 0.004 0.067 0.035 0.001 0.035 22.78 0.007 22.782 24.597 0 24.593 24.449 0 24.443
0.064 0.003 0.068 0.034 0.002 0.035 22.692 0.016 22.704 24.419 0 24.413 24.296 0 24.29
0.064 0.005 0.07 0.033 0.003 0.035 23.578 0.013 23.585 25.22 0 25.216 25.036 0 25.03
0.064 0 0.064 0.029 0.006 0.034 22.586 0.014 22.594 23.96 0 23.957 24.209 0 24.202
0.061 0.002 0.063 0.031 0.004 0.034 22.602 0.008 22.606 24.311 0 24.306 24.222 0 24.216
0.066 0.004 0.069 0.035 0.001 0.036 22.369 0.014 22.378 24.133 0 24.128 24.009 0 24.003
0.065 0.003 0.068 0.03 0.005 0.036 23.065 0.012 23.071 24.718 0 24.713 24.591 0 24.586
0.067 0.001 0.068 0.035 0.001 0.035 22.915 0.011 22.921 24.224 0 24.219 24.52 0 24.516
0.064 0.005 0.068 0.033 0.002 0.036 22.779 0.013 22.787 24.563 0 24.556 24.386 0 24.38
0.06 0.003 0.064 0.031 0.003 0.034 22.354 0.008 22.357 24.165 0 24.159 23.987 0 23.983
0.065 0.003 0.0669999999999999 0.032 0.003 0.035 22.283 0.009 22.287 23.89 0 23.884 23.653 0 23.647
0.058 0.009 0.067 0.033 0.002 0.035 22.343 0.013 22.351 23.722 0 23.717 23.974 0 23.968
0.063 0.005 0.068 0.034 0.00199999999999999 0.036 23.581 0.01 23.586 25.207 0 25.201 25.056 0 25.049
0.061 0.007 0.067 0.033 0.002 0.035 22.483 0.014 22.493 24.227 0 24.223 24.091 0 24.084
0.066 0.002 0.068 0.032 0.003 0.035 22.76 0.015 22.769 24.523 0 24.518 24.415 0 24.41
0.056 0.008 0.064 0.031 0.004 0.035 22.527 0.009 22.53 24.336 0 24.331 24.175 0 24.169
0.062 0.005 0.068 0.034 0.001 0.035 22.598 0.018 22.611 24.355 0 24.35 24.22 0 24.214
0.062 0.005 0.068 0.033 0.003 0.035 22.601 0.01 22.607 24.048 0 24.043 23.914 0 23.909
0.061 0.008 0.069 0.033 0.003 0.036 23.067 0.011 23.071 24.765 0 24.761 24.647 0 24.641
0.059 0.004 0.064 0.029 0.005 0.034 22.709 0.011 22.714 24.435 0 24.43 24.31 0 24.305
0.065 0.003 0.067 0.031 0.004 0.036 22.304 0.014 22.313 24.067 0 24.062 23.958 0 23.952
0.064 0.003 0.068 0.032 0.003 0.035 22.21 0.009 22.213 23.953 0 23.949 23.842 0 23.837
0.061 0.003 0.064 0.031 0.003 0.035 23.154 0.015 23.164 24.883 0 24.877 24.774 0 24.769
0.062 0.005 0.067 0.032 0.004 0.035 22.404 0.014 22.414 23.786 0 23.781 23.654 0 23.647
0.066 0.002 0.068 0.033 0.002 0.035 22.674 0.019 22.688 24.392 0 24.387 24.315 0 24.309
0.061 0.007 0.068 0.031 0.004 0.036 23.049 0.011 23.055 24.802 0 24.797 24.675 0 24.671
0.06 0.002 0.063 0.032 0.003 0.035 22.458 0.012 22.465 24.294 0 24.289 24.148 0 24.142
0.063 0.005 0.067 0.034 0.001 0.036 22.668 0.011 22.675 24.414 0 24.409 24.158 0 24.152
0.06 0.003 0.064 0.034 0.001 0.034 22.44 0.01 22.446 24.403 0 24.397 24.288 0 24.282
0.057 0.006 0.063 0.031 0.004 0.034 22.243 0.01 22.248 24.115 0 24.111 24.383 0 24.377
0.063 0.004 0.068 0.035 0.000999999999999994 0.035 22.699 0.013 22.707 24.467 0 24.462 24.348 0 24.342
0.062 0.002 0.064 0.031 0.004 0.035 22.281 0.016 22.302 23.779 0 23.791 23.925 0 23.921
0.06 0.003 0.063 0.031 0.003 0.034 22.101 0.01 22.106 23.933 0 23.927 24.248 0 24.242
0.062 0.006 0.068 0.032 0.004 0.036 22.708 0.011 22.714 24.514 0 24.508 24.347 0 24.342
0.059 0.004 0.063 0.031 0.004 0.035 22.16 0.01 22.165 24.041 0 24.036 24.352 0 24.346
0.061 0.00700000000000001 0.068 0.033 0.00199999999999999 0.035 22.63 0.011 22.636 24.381 0 24.375 24.251 0 24.245
0.062 0.004 0.067 0.032 0.004 0.036 22.243 0.012 22.249 24.062 0 24.059 23.928 0 23.922
0.0649999999999999 0.002 0.067 0.035 0.001 0.036 22.51 0.01 22.515 24.212 0 24.207 24.074 0 24.068
0.062 0.007 0.068 0.033 0.003 0.035 22.569 0.013 22.577 24.305 0 24.3 24.261 0 24.254
0.064 0.006 0.07 0.035 0.001 0.036 23.075 0.008 23.078 24.9 0 24.895 24.738 0 24.733
0.064 0.005 0.069 0.032 0.003 0.035 22.79 0.011 22.796 24.206 0 24.202 24.421 0 24.414
0.064 0.004 0.069 0.033 0.003 0.036 23.782 0.011 23.787 25.508 0 25.501 25.386 0 25.382
0.061 0.00700000000000001 0.068 0.033 0.00199999999999999 0.035 22.92 0.014 22.929 24.564 0 24.558 24.483 0 24.478
0.063 0.000999999999999994 0.063 0.032 0.003 0.035 22.434 0.019 22.448 24.362 0 24.357 24.147 0 24.141
0.063 0.004 0.0679999999999999 0.031 0.005 0.035 22.613 0.008 22.617 24.316 0 24.311 24.18 0 24.174
0.061 0.00600000000000001 0.067 0.033 0.003 0.036 22.499 0.009 22.513 23.513 0 23.525 23.565 0 23.559
0.063 0.005 0.068 0.034 0.002 0.035 22.742 0.00900000000000001 22.747 24.128 0.000999999999999987 24.124 24.389 0 24.383
0.065 0.003 0.068 0.034 0.002 0.036 22.222 0.007 22.224 24.005 0 24.005 23.271 0 23.272
0.064 0.003 0.067 0.033 0.002 0.036 22.286 0.01 22.292 24.1 0 24.096 23.977 0 23.97
0.062 0.005 0.068 0.034 0.002 0.035 22.69 0.01 22.695 24.14 0.001 24.137 23.988 0.001 23.982
0.062 0.005 0.0670000000000001 0.033 0.002 0.0349999999999999 22.998 0.016 23.008 24.767 0 24.762 24.66 0 24.655
0.063 0.006 0.069 0.035 0 0.036 23.006 0.01 23.009 24.723 0 24.718 24.679 0 24.673
0.059 0.005 0.0659999999999999 0.032 0.003 0.034 22.606 0.013 22.615 24.419 0 24.414 24.319 0 24.314
0.067 0.001 0.068 0.03 0.005 0.036 23.441 0.016 23.452 25.072 0 25.066 25.072 0 25.067
0.064 0.004 0.068 0.031 0.004 0.035 22.734 0.015 22.744 24.164 0 24.159 23.979 0 23.973
0.067 0.001 0.068 0.033 0.003 0.036 22.477 0.014 22.495 23.489 0 23.495 23.191 0 23.19
0.063 0.004 0.067 0.033 0.002 0.035 22.56 0.012 22.566 23.941 0 23.936 23.776 0 23.77
0.066 0.003 0.068 0.033 0.002 0.036 22.72 0.016 22.73 24.532 0 24.525 24.425 0 24.419
0.0620000000000001 0.005 0.068 0.034 0.002 0.036 22.461 0.017 22.473 24.203 0 24.199 24.07 0 24.063
0.064 0.004 0.067 0.031 0.004 0.036 22.45 0.017 22.462 24.253 0 24.248 24.087 0 24.081
0.067 0.002 0.068 0.03 0.005 0.036 22.725 0.018 22.738 24.441 0 24.434 24.348 0 24.342
0.064 0.004 0.068 0.032 0.003 0.035 22.605 0.006 22.606 24.345 0 24.34 24.236 0 24.23
0.062 0.006 0.068 0.034 0.002 0.036 22.591 0.014 22.6 24.35 0 24.344 24.235 0 24.229
0.066 0.001 0.067 0.033 0.003 0.035 22.541 0.016 22.552 24.289 0 24.285 24.165 0 24.159
0.068 0 0.068 0.032 0.004 0.035 22.821 0.012 22.828 24.619 0 24.615 24.494 0 24.489
0.062 0.006 0.069 0.035 0.001 0.035 22.715 0.012 22.723 24.541 0 24.536 24.4 0 24.393
0.064 0.003 0.067 0.034 0.002 0.036 22.41 0.012 22.417 24.131 0 24.126 24.033 0 24.027
0.057 0.008 0.064 0.029 0.005 0.035 22.869 0.089 22.963 24.429 0.00600000000000001 24.442 24.214 0.001 24.224
0.064 0.003 0.067 0.035 0 0.036 22.613 0.013 22.621 24.303 0 24.297 24.238 0 24.232
0.066 0.003 0.069 0.031 0.005 0.036 22.842 0.021 22.859 24.522 0 24.516 24.4 0 24.394
0.062 0.006 0.067 0.032 0.003 0.036 22.224 0.012 22.232 23.558 0 23.565 23.143 0 23.144
0.063 0.001 0.064 0.033 0.002 0.034 23.042 0.008 23.045 24.881 0 24.877 25.128 0 25.122
0.066 0.00199999999999999 0.068 0.031 0.005 0.036 22.565 0.015 22.574 24.291 0 24.286 24.157 0 24.15
0.063 0.004 0.068 0.034 0.00199999999999999 0.035 22.886 0.014 22.895 24.636 0 24.631 24.479 0 24.473
0.062 0.006 0.067 0.033 0.003 0.036 22.271 0.017 22.284 24.187 0 24.181 24.011 0 24.006
0.067 0.001 0.067 0.034 0.001 0.035 22.134 0.012 22.142 23.943 0.001 23.938 23.849 0 23.843
0.059 0.003 0.063 0.032 0.003 0.034 22.163 0.011 22.169 24.031 0 24.026 24.332 0 24.326
0.06 0.004 0.064 0.033 0.000999999999999994 0.034 24.062 0.013 24.068 25.934 0 25.929 26.244 0 26.239
0.06 0.004 0.064 0.033 0.002 0.035 22.782 0.009 22.785 24.511 0 24.506 24.443 0 24.438
0.064 0.004 0.068 0.03 0.005 0.035 22.198 0.01 22.211 23.362 0 23.364 23.237 0 23.241
0.066 0.004 0.07 0.032 0.003 0.036 22.683 0.014 22.692 24.414 0 24.409 24.08 0 24.081
0.062 0.005 0.067 0.032 0.004 0.036 22.439 0.012 22.446 24.217 0 24.212 24.083 0 24.077
0.055 0.009 0.064 0.031 0.003 0.035 22.53 0.01 22.535 24.456 0 24.452 24.323 0 24.316
0.064 0.003 0.067 0.034 0.002 0.036 22.269 0.008 22.272 24 0 23.995 23.859 0 23.853
0.064 0.004 0.068 0.032 0.004 0.036 23.003 0.01 23.007 24.718 0 24.711 24.618 0.001 24.613
0.062 0.005 0.067 0.032 0.003 0.036 22.563 0.015 22.573 23.982 0 23.978 24.207 0 24.2
0.063 0.005 0.068 0.033 0.002 0.035 22.93 0.008 22.933 24.651 0 24.646 24.516 0 24.511
0.066 0.002 0.068 0.033 0.003 0.035 22.729 0.014 22.738 24.125 0 24.12 24.386 0 24.38
0.064 0.003 0.067 0.031 0.005 0.036 22.263 0.013 22.271 23.551 0 23.551 23.179 0 23.185
0.063 0.005 0.068 0.034 0.001 0.035 23.136 0.014 23.145 24.802 0 24.797 24.636 0 24.631
0.061 0.00199999999999999 0.063 0.034 0.002 0.035 22.59 0.009 22.594 24.316 0 24.311 24.19 0 24.182
0.06 0.007 0.067 0.033 0.002 0.036 22.577 0.014 22.585 24.311 0 24.306 24.183 0 24.178
0.058 0.005 0.064 0.031 0.004 0.034 22.32 0.014 22.329 24.176 0 24.171 24.075 0 24.069
0.064 0.003 0.067 0.033 0.003 0.036 22.669 0.012 22.676 24.045 0 24.046 23.276 0 23.277
0.059 0.00899999999999999 0.068 0.034 0.002 0.036 22.491 0.015 22.501 23.96 0 23.955 24.1 0 24.095
0.065 0.004 0.069 0.033 0.003 0.036 22.831 0.011 22.836 24.596 0 24.591 24.462 0 24.458
0.063 0.00600000000000001 0.069 0.033 0.00199999999999999 0.035 23.139 0.012 23.145 24.485 0 24.48 24.774 0 24.769
0.063 0.005 0.068 0.035 0.001 0.036 23.027 0.012 23.033 24.796 0 24.79 24.669 0 24.665
0.067 0.001 0.068 0.033 0.003 0.036 23.109 0.015 23.119 24.762 0 24.758 24.657 0 24.651
0.063 0.005 0.068 0.034 0.002 0.036 23.047 0.009 23.051 24.854 0 24.849 24.712 0 24.707
0.065 0.003 0.068 0.033 0.002 0.035 22.8 0.012 22.807 24.445 0 24.44 24.399 0 24.393
0.063 0.004 0.067 0.036 0 0.036 22.715 0.013 22.723 24.127 0 24.122 24.01 0 24.004
0.063 0.004 0.067 0.033 0.003 0.036 22.524 0.013 22.53 23.719 0 23.724 23.481 0 23.483
0.059 0.008 0.068 0.036 0 0.035 22.606 0.01 22.611 24.365 0 24.361 24.298 0 24.292
0.06 0.004 0.064 0.03 0.005 0.035 24.276 0.015 24.285 26 0 25.995 25.985 0 25.979
0.057 0.007 0.063 0.033 0.001 0.035 22.393 0.014 22.402 24.364 0 24.358 24.229 0 24.224
0.065 0.003 0.068 0.032 0.003 0.035 22.467 0.015 22.477 24.181 0 24.175 23.907 0 23.902
0.065 0.003 0.067 0.033 0.002 0.036 22.296 0.011 22.301 24.058 0 24.052 23.916 0 23.911
0.065 0.004 0.069 0.034 0.001 0.036 22.374 0.013 22.38 24.084 0 24.08 23.934 0 23.929
0.063 0.004 0.068 0.034 0.002 0.035 22.495 0.015 22.504 24.299 0 24.295 23.944 0 23.949
0.064 0.004 0.068 0.032 0.004 0.036 22.673 0.011 22.679 24.093 0 24.087 23.949 0 23.943
0.063 0.004 0.067 0.033 0.003 0.036 22.303 0.011 22.309 23.658 0 23.654 23.492 0 23.485
0.061 0.006 0.067 0.031 0.005 0.036 22.39 0.019 22.404 24.188 0 24.183 24.05 0 24.044
0.065 0.003 0.069 0.03 0.006 0.036 22.842 0.019 22.855 24.494 0 24.489 24.391 0 24.384
0.064 0.004 0.068 0.034 0.002 0.036 22.866 0.017 22.877 24.586 0 24.581 24.471 0 24.467
0.062 0.005 0.068 0.032 0.004 0.035 22.915 0.01 22.92 24.763 0 24.759 24.642 0 24.636
0.06 0.003 0.063 0.033 0.002 0.035 21.968 0.016 21.979 23.825 0 23.82 24.099 0 24.093
0.06 0.004 0.064 0.032 0.00199999999999999 0.035 21.989 0.017 22.006 23.346 0 23.346 22.962 0 22.967
0.062 0.004 0.067 0.034 0.002 0.036 22.53 0.014 22.547 24.405 0 24.401 24.242 0 24.234
0.065 0.003 0.068 0.033 0.003 0.036 22.767 0.014 22.775 24.499 0 24.494 24.399 0 24.393
0.06 0.004 0.064 0.033 0.002 0.035 22.248 0.012 22.265 23.701 0 23.705 23.843 0 23.838
0.065 0.003 0.067 0.034 0.002 0.036 22.857 0.013 22.864 24.553 0 24.548 24.405 0 24.398
0.064 0.003 0.067 0.032 0.003 0.035 22.562 0.015 22.571 24.371 0 24.365 24.238 0 24.233
0.061 0.007 0.069 0.031 0.005 0.036 22.819 0.018 22.831 24.571 0 24.566 24.506 0 24.501
0.061 0.00600000000000001 0.068 0.034 0.002 0.035 22.47 0.00899999999999999 22.475 24.311 0 24.306 24.103 0 24.096
0.059 0.008 0.068 0.035 0 0.035 22.489 0.013 22.496 24.221 0 24.217 24.081 0 24.074
0.058 0.005 0.064 0.031 0.004 0.035 22.302 0.018 22.314 24.169 0 24.164 24.045 0 24.039
0.06 0.003 0.064 0.032 0.003 0.034 22.104 0.012 22.111 24.045 0.001 24.041 23.901 0 23.895
0.065 0.003 0.068 0.032 0.003 0.036 22.646 0.013 22.653 24.41 0 24.405 24.133 0 24.127
0.066 0.002 0.068 0.032 0.004 0.036 23.561 0.018 23.572 25.211 0 25.206 25.077 0 25.072
0.068 0.002 0.069 0.031 0.004 0.035 22.344 0.01 22.349 24.174 0 24.169 24.041 0 24.035
0.062 0.006 0.068 0.033 0.003 0.035 22.693 0.014 22.702 24.445 0 24.44 24.291 0 24.284
0.062 0.00600000000000001 0.068 0.033 0.00199999999999999 0.035 22.758 0.014 22.767 24.105 0 24.1 24.356 0 24.35
0.067 0.002 0.069 0.035 0.000999999999999994 0.036 23.263 0.00600000000000001 23.272 24.342 0 24.348 24.383 0 24.378
0.06 0.003 0.063 0.032 0.002 0.035 22.583 0.011 22.588 24.366 0 24.36 24.268 0 24.263
0.064 0.004 0.0679999999999999 0.033 0.003 0.036 22.552 0.011 22.557 24.359 0 24.354 24.167 0 24.16
0.062 0.005 0.068 0.035 0 0.035 22.377 0.017 22.389 24.124 0 24.119 24.007 0 24.002
0.067 0.001 0.068 0.034 0.002 0.035 23.002 0.017 23.015 24.648 0 24.643 24.58 0 24.575
0.064 0.004 0.068 0.033 0.002 0.035 22.267 0.017 22.287 23.301 0 23.305 22.983 0 22.982
0.063 0.005 0.068 0.029 0.007 0.036 23.642 0.014 23.65 25.206 0 25.201 25.118 0 25.113
0.066 0.002 0.068 0.034 0.00199999999999999 0.036 22.755 0.011 22.76 24.487 0.001 24.484 24.39 0.001 24.384
0.062 0.006 0.067 0.033 0.003 0.036 23.028 0.009 23.031 24.653 0 24.648 24.521 0 24.517
0.061 0.00199999999999999 0.063 0.033 0.002 0.036 22.633 0.013 22.641 24.413 0 24.407 24.247 0 24.241
0.061 0.006 0.067 0.036 0 0.036 22.558 0.02 22.573 23.972 0 23.967 23.825 0 23.819
0.062 0.006 0.068 0.036 0 0.035 22.956 0.012 22.962 24.762 0 24.757 24.579 0 24.574
0.06 0.004 0.064 0.031 0.004 0.035 22.339 0.015 22.349 24.138 0.001 24.134 24.003 0 23.999
0.065 0.003 0.068 0.032 0.003 0.036 22.776 0.013 22.783 24.506 0 24.503 24.386 0 24.38
0.066 0.003 0.069 0.034 0.002 0.036 22.527 0.017 22.538 24.244 0 24.24 23.862 0 23.863
0.062 0.005 0.068 0.034 0.002 0.035 22.933 0.013 22.94 24.71 0 24.705 24.557 0 24.551
0.059 0.008 0.068 0.034 0.00199999999999999 0.036 22.383 0.015 22.393 24.122 0 24.117 23.938 0 23.932
0.059 0.004 0.064 0.032 0.003 0.035 22.922 0.013 22.93 24.825 0 24.82 24.706 0 24.701
0.0649999999999999 0.002 0.068 0.033 0.003 0.036 22.7 0.012 22.705 24.434 0 24.43 24.163 0 24.157
0.064 0.004 0.068 0.031 0.004 0.035 22.985 0.01 22.99 24.678 0 24.673 24.608 0.001 24.602
0.065 0.004 0.069 0.034 0.003 0.036 23.003 0.018 23.016 24.693 0 24.688 24.587 0 24.581
0.061 0.003 0.064 0.035 0.001 0.035 22.886 0.014 22.895 24.562 0 24.557 24.432 0 24.428
0.054 0.009 0.064 0.028 0.00600000000000001 0.034 22.02 0.013 22.027 23.886 0 23.882 24.131 0 24.125
0.056 0.008 0.064 0.033 0.002 0.034 22.37 0.009 22.374 24.226 0 24.221 24.511 0 24.505
0.061 0.006 0.067 0.033 0.002 0.035 22.153 0.014 22.162 23.882 0 23.878 23.682 0 23.676
0.063 0.00600000000000001 0.068 0.032 0.003 0.036 22.796 0.013 22.803 24.227 0 24.222 24.476 0 24.47
0.064 0.003 0.068 0.033 0.002 0.035 23.261 0.013 23.268 24.931 0 24.926 24.767 0 24.763
0.062 0.005 0.067 0.031 0.004 0.034 22.589 0.01 22.594 24.331 0 24.326 24.195 0 24.19
0.065 0.003 0.068 0.03 0.005 0.035 22.394 0.011 22.4 24.158 0 24.153 24.038 0 24.032
0.059 0.005 0.064 0.032 0.003 0.035 24.686 0.011 24.691 26.377 0 26.371 26.308 0 26.302
0.061 0.007 0.068 0.03 0.006 0.036 23.435 0.011 23.44 25.098 0 25.093 25.153 0 25.148
0.061 0.006 0.068 0.035 0.001 0.035 22.591 0.015 22.601 24.325 0 24.32 24.242 0 24.236
0.064 0.003 0.067 0.032 0.003 0.035 22.432 0.009 22.437 23.837 0 23.832 24.083 0 24.076
0.06 0.007 0.068 0.036 0 0.036 22.701 0.018 22.714 24.567 0 24.561 24.38 0 24.375
0.059 0.004 0.063 0.032 0.003 0.034 22.112 0.016 22.138 23.941 0.003 23.955 23.819 0 23.829
0.062 0.006 0.068 0.03 0.006 0.036 22.491 0.015 22.501 23.837 0 23.832 23.661 0 23.656
0.059 0.004 0.063 0.03 0.004 0.034 22.198 0.016 22.208 24.258 0 24.253 24.365 0 24.359
0.066 0.003 0.068 0.035 0.001 0.035 22.438 0.016 22.45 24.28 0 24.275 24.137 0 24.131
0.061 0.003 0.063 0.033 0.001 0.035 22.584 0.014 22.593 24.356 0 24.35 24.236 0 24.23
0.06 0.003 0.063 0.032 0.003 0.034 22.257 0.013 22.265 24.487 0 24.482 24.376 0 24.371
0.064 0.004 0.067 0.031 0.004 0.036 22.455 0.007 22.457 24.243 0 24.237 24.094 0 24.088
0.064 0.005 0.069 0.032 0.003 0.036 22.568 0.018 22.581 23.94 0 23.935 23.807 0 23.801
0.058 0.009 0.067 0.033 0.003 0.035 22.549 0.015 22.558 24.116 0 24.111 23.795 0 23.79
0.06 0.008 0.067 0.033 0.002 0.036 22.41 0.011 22.415 24.287 0 24.282 24.133 0 24.128
0.061 0.006 0.0670000000000001 0.034 0.001 0.0349999999999999 22.455 0.015 22.465 24.136 0 24.132 23.711 0 23.704
0.064 0.004 0.068 0.034 0.002 0.035 22.96 0.006 22.961 24.678 0 24.673 24.528 0 24.522
0.062 0.002 0.063 0.031 0.003 0.035 22.269 0.015 22.279 24.079 0 24.073 23.863 0 23.859
0.063 0.001 0.064 0.032 0.003 0.035 22.059 0.01 22.063 23.898 0 23.893 24.228 0 24.224
0.061 0.006 0.068 0.034 0.002 0.035 22.529 0.013 22.538 24.242 0 24.238 24.136 0 24.13
0.059 0.008 0.0669999999999999 0.032 0.003 0.035 22.21 0.009 22.215 23.998 0 23.992 23.868 0 23.863
0.065 0.003 0.068 0.033 0.003 0.036 23.039 0.008 23.041 24.818 0 24.813 24.684 0 24.679
0.064 0.001 0.065 0.034 0.001 0.035 22.33 0.018 22.343 24.079 0 24.074 23.953 0 23.948
0.063 0.005 0.068 0.033 0.003 0.036 22.633 0.015 22.645 24.336 0 24.33 24.263 0 24.257
0.062 0.005 0.067 0.035 0.001 0.036 22.478 0.018 22.491 24.221 0 24.216 24.1 0 24.094
0.062 0.005 0.067 0.031 0.005 0.036 22.373 0.011 22.378 24.132 0 24.126 23.788 0 23.79
0.057 0.006 0.064 0.032 0.003 0.035 22.394 0.013 22.402 24.205 0 24.201 24.09 0 24.083
0.066 0.001 0.067 0.035 0.001 0.036 23.488 0.015 23.496 25.002 0 24.998 24.909 0 24.903
0.062 0.005 0.068 0.034 0.002 0.035 22.513 0.018 22.526 23.932 0 23.928 23.76 0 23.755
0.067 0.002 0.068 0.032 0.003 0.036 22.677 0.012 22.683 24.467 0 24.462 24.307 0 24.3
0.064 0.003 0.067 0.033 0.003 0.036 22.537 0.015 22.547 24.298 0 24.293 24.161 0 24.154
0.065 0.003 0.068 0.032 0.003 0.035 22.691 0.017 22.708 23.935 0 23.937 23.553 0 23.56
0.058 0.005 0.063 0.032 0.003 0.035 22.461 0.01 22.466 24.275 0 24.27 24.149 0 24.143
0.065 0.003 0.068 0.03 0.006 0.036 22.906 0.009 22.91 24.607 0 24.604 24.005 0 24.004
0.062 0.005 0.067 0.034 0.001 0.035 22.462 0.016 22.473 24.237 0.001 24.233 24.101 0 24.095
0.065 0.003 0.068 0.034 0.002 0.035 22.565 0.02 22.579 24.35 0 24.345 24.201 0 24.195
0.065 0.004 0.069 0.033 0.002 0.036 22.507 0.017 22.517 24.249 0 24.244 24.102 0 24.097
0.065 0.003 0.0680000000000001 0.035 0.001 0.0359999999999999 22.771 0.01 22.775 24.555 0 24.551 24.432 0 24.426
0.06 0.003 0.064 0.034 0.001 0.034 22.578 0.012 22.585 24.402 0 24.398 24.171 0 24.165
0.067 0.003 0.07 0.032 0.004 0.036 22.735 0.00900000000000001 22.739 24.539 0 24.534 24.464 0 24.458
0.063 0.005 0.067 0.033 0.002 0.036 22.577 0.012 22.583 24.312 0.001 24.308 24.196 0 24.19
0.074 0.003 0.079 0.035 0.003 0.037 24.198 0.016 24.21 26.019 0 26.014 25.835 0 25.831
0.059 0.005 0.065 0.03 0.005 0.034 22.216 0.012 22.223 24.035 0 24.032 24.366 0 24.36
0.064 0.003 0.067 0.034 0.001 0.035 22.547 0.012 22.555 24.271 0 24.265 24.121 0.002 24.32
0.062 0.003 0.065 0.033 0.002 0.034 23.024 0.011 23.03 24.732 0 24.728 24.575 0 24.57
0.06 0.008 0.069 0.031 0.005 0.035 22.698 0.015 22.708 24.525 0 24.519 24.403 0 24.397
0.061 0.00700000000000001 0.067 0.032 0.003 0.035 22.545 0.014 22.554 24.279 0 24.274 24.131 0 24.125
0.064 0.003 0.067 0.033 0.002 0.035 22.502 0.013 22.51 24.377 0 24.373 24.276 0 24.269
0.065 0.003 0.068 0.034 0.002 0.035 22.552 0.013 22.561 24.47 0 24.464 24.279 0 24.274
0.064 0.003 0.068 0.032 0.004 0.035 23.58 0.009 23.584 25.269 0 25.264 25.141 0 25.136
0.061 0.00700000000000001 0.068 0.034 0.00199999999999999 0.036 22.589 0.013 22.597 24.271 0 24.266 24.164 0 24.158
0.06 0.006 0.0680000000000001 0.03 0.005 0.0359999999999999 22.429 0.022 22.446 24.156 0.001 24.152 24.018 0 24.012
0.057 0.007 0.064 0.032 0.00199999999999999 0.035 22.701 0.01 22.705 24.456 0 24.452 24.364 0 24.358
0.065 0.003 0.068 0.033 0.003 0.036 22.715 0.012 22.722 24.557 0 24.552 24.446 0 24.44
0.061 0.007 0.067 0.029 0.006 0.036 22.61 0.013 22.617 24.455 0 24.449 24.32 0 24.313
0.066 0.002 0.068 0.032 0.003 0.036 23.552 0.009 23.554 25.273 0 25.268 25.021 0 25.017
0.065 0.003 0.068 0.033 0.002 0.036 23 0.014 23.009 24.317 0 24.311 24.551 0 24.546
0.062 0.007 0.069 0.032 0.004 0.037 22.487 0.013 22.494 24.236 0 24.231 24.094 0 24.086
0.062 0.005 0.067 0.029 0.007 0.036 22.535 0.018 22.547 24.217 0 24.212 24.071 0 24.065
0.06 0.004 0.064 0.034 0.001 0.035 22.87 0.011 22.876 24.642 0 24.637 24.451 0 24.446
0.065 0.004 0.069 0.034 0.001 0.036 23.655 0.014 23.664 25.3 0 25.293 25.181 0 25.177
0.057 0.00600000000000001 0.064 0.031 0.004 0.035 22.307 0.013 22.315 24.171 0 24.165 23.978 0 23.972
0.06 0.007 0.068 0.031 0.005 0.036 22.625 0.013 22.632 24.379 0 24.375 24.23 0 24.224
0.066 0.002 0.069 0.034 0.002 0.035 23.482 0.019 23.497 25.161 0 25.156 25.051 0 25.045
0.06 0.008 0.068 0.034 0.00199999999999999 0.036 23.468 0.00800000000000001 23.471 25.199 0 25.193 25.178 0 25.173
0.064 0.004 0.068 0.034 0.001 0.036 22.575 0.015 22.584 24.279 0.002 24.276 24.152 0 24.146
0.063 0.005 0.068 0.035 0.001 0.035 22.944 0.021 22.96 24.614 0 24.61 24.449 0 24.443
0.06 0.003 0.063 0.032 0.003 0.034 22.569 0.015 22.58 23.961 0.001 23.964 23.503 0 23.509
0.064 0.005 0.069 0.034 0.002 0.036 23.037 0.01 23.041 24.52 0 24.516 24.317 0 24.312
0.058 0.005 0.064 0.032 0.003 0.034 22.504 0.012 22.51 24.143 0 24.144 23.568 0 23.576
0.062 0.00600000000000001 0.068 0.032 0.004 0.036 22.458 0.014 22.467 24.278 0 24.274 24.133 0 24.126
0.061 0.00700000000000001 0.069 0.035 0.000999999999999994 0.036 22.706 0.016 22.716 24.556 0 24.551 24.43 0 24.424
0.065 0.003 0.068 0.033 0.003 0.036 22.425 0.014 22.434 24.222 0 24.216 24.085 0 24.079
0.063 0.005 0.068 0.033 0.003 0.036 22.793 0.013 22.801 24.512 0 24.507 24.406 0 24.399
0.066 0.003 0.068 0.035 0.002 0.036 22.866 0.012 22.874 24.684 0 24.678 24.517 0 24.513
0.064 0.003 0.067 0.032 0.004 0.036 22.566 0.016 22.577 24.364 0 24.359 24.19 0 24.185
0.064 0.004 0.067 0.031 0.004 0.036 22.532 0.012 22.539 24.344 0 24.338 24.119 0 24.114
0.061 0.003 0.064 0.034 0.001 0.035 22.298 0.017 22.309 24.068 0 24.063 23.943 0 23.937
0.065 0.003 0.069 0.034 0.003 0.035 23.124 0.017 23.136 24.876 0.001 24.872 24.691 0 24.687
0.064 0.004 0.067 0.033 0.003 0.036 22.421 0.014 22.43 24.192 0 24.187 24.056 0 24.051
0.061 0.006 0.067 0.033 0.003 0.035 22.526 0.012 22.533 24.3 0 24.296 24.137 0 24.136
0.065 0.003 0.068 0.029 0.006 0.035 22.188 0.01 22.194 23.921 0 23.915 23.787 0 23.781
0.066 0.003 0.068 0.034 0.002 0.036 22.554 0.018 22.566 24.341 0 24.336 24.218 0 24.213
0.064 0.004 0.068 0.033 0.002 0.036 23.719 0.015 23.727 25.353 0.001 25.349 25.261 0 25.255
0.062 0.001 0.063 0.032 0.003 0.035 21.939 0.018 21.952 23.762 0 23.756 24.231 0 24.226
0.066 0.003 0.068 0.032 0.003 0.035 22.446 0.007 22.448 24.311 0 24.306 24.13 0 24.124
0.062 0.007 0.069 0.036 0 0.036 23.089 0.016 23.099 24.955 0.001 24.951 24.792 0 24.787
0.065 0.003 0.067 0.032 0.003 0.035 22.283 0.012 22.289 23.989 0 23.984 23.917 0 23.912
0.059 0.004 0.063 0.031 0.003 0.034 22.561 0.011 22.566 24.284 0 24.279 24.133 0 24.127
0.061 0.006 0.067 0.032 0.004 0.035 22.456 0.011 22.462 24.07 0 24.065 23.925 0 23.919
0.062 0.006 0.068 0.033 0.003 0.036 22.763 0.014 22.772 24.492 0 24.487 24.388 0 24.382
0.061 0.003 0.064 0.033 0.002 0.034 22.52 0.015 22.531 24.303 0 24.298 24.153 0 24.148
0.063 0.004 0.068 0.033 0.003 0.036 22.491 0.013 22.499 23.825 0 23.82 24.121 0 24.115
0.065 0.003 0.068 0.033 0.003 0.037 22.863 0.012 22.87 24.683 0 24.676 24.527 0 24.522
0.066 0.002 0.068 0.031 0.005 0.035 22.287 0.00900000000000001 22.291 24.038 0 24.035 23.902 0 23.896
0.063 0.005 0.068 0.034 0.00199999999999999 0.036 22.795 0.00800000000000001 22.798 24.491 0 24.486 24.353 0 24.347
0.062 0.007 0.068 0.032 0.004 0.036 24.633 0.014 24.641 26.397 0 26.391 26.347 0 26.342
0.063 0.005 0.068 0.033 0.00199999999999999 0.036 22.855 0.019 22.868 24.703 0 24.697 24.535 0 24.531
0.063 0.004 0.067 0.034 0.002 0.036 22.443 0.015 22.453 24.218 0 24.213 24.095 0 24.089
0.065 0.003 0.068 0.035 0.001 0.036 23.569 0.012 23.574 25.247 0 25.243 25.197 0 25.192
0.062 0.005 0.068 0.034 0.001 0.035 22.354 0.012 22.361 24.16 0 24.154 23.998 0 23.993
0.063 0.004 0.067 0.033 0.002 0.035 22.23 0.017 22.243 23.869 0 23.87 23.236 0 23.234
0.066 0.003 0.068 0.035 0.001 0.036 22.751 0.011 22.758 24.464 0 24.459 24.288 0 24.287
0.065 0.003 0.069 0.035 0.001 0.035 22.57 0.01 22.575 23.867 0 23.862 23.667 0 23.662
0.06 0.008 0.067 0.032 0.003 0.036 22.652 0.012 22.658 24.353 0 24.348 24.245 0 24.239
0.06 0.008 0.068 0.029 0.007 0.036 22.594 0.011 22.6 24.385 0 24.38 24.219 0 24.212
0.062 0.005 0.068 0.036 0 0.035 23.554 0.012 23.561 25.2 0 25.194 25.1 0 25.095
0.061 0.003 0.064 0.031 0.003 0.035 22.911 0.01 22.915 24.722 0.001 24.718 24.565 0 24.56
0.064 0.005 0.068 0.035 0.001 0.036 23.091 0.018 23.104 24.754 0 24.748 24.63 0 24.626
0.065 0.003 0.068 0.032 0.004 0.036 22.752 0.013 22.76 24.518 0 24.513 24.42 0 24.414
0.065 0.00199999999999999 0.067 0.034 0.001 0.036 22.362 0.022 22.379 24.08 0 24.074 23.948 0 23.943
0.064 0.004 0.068 0.035 0.001 0.036 22.736 0.015 22.744 24.567 0 24.562 24.397 0 24.389
0.063 0.00600000000000001 0.069 0.031 0.004 0.035 24.761 0.014 24.769 26.459 0 26.453 26.255 0 26.249
0.066 0.002 0.068 0.033 0.002 0.035 22.707 0.014 22.717 24.445 0 24.44 24.289 0 24.283
0.065 0.004 0.068 0.031 0.004 0.036 22.715 0.012 22.722 24.431 0.001 24.425 24.293 0 24.288
0.062 0.005 0.066 0.032 0.003 0.036 22.576 0.014 22.584 24.328 0 24.324 23.71 0 23.713
0.067 0.003 0.07 0.032 0.003 0.035 22.892 0.015 22.901 24.613 0 24.608 24.494 0 24.489
0.064 0.004 0.067 0.033 0.00199999999999999 0.036 23.194 0.016 23.203 24.839 0 24.835 24.737 0 24.732
0.066 0.00199999999999999 0.068 0.033 0.003 0.036 22.505 0.008 22.509 24.279 0 24.273 24.134 0 24.128
0.064 0.006 0.07 0.032 0.004 0.036 22.669 0.012 22.675 24.465 0 24.461 24.312 0 24.305
0.06 0.004 0.064 0.033 0.00199999999999999 0.035 22.263 0.017 22.275 24.152 0 24.146 24.612 0 24.606
0.064 0.004 0.069 0.035 0.002 0.036 23.329 0.00899999999999999 23.332 25.035 0 25.03 24.956 0 24.951
0.063 0.004 0.067 0.033 0.002 0.035 22.242 0.016 22.253 24.011 0 24.006 23.869 0 23.864
0.06 0.003 0.063 0.033 0.001 0.035 22.689 0.009 22.692 24.427 0 24.422 24.323 0.001 24.318
0.067 0.001 0.069 0.034 0.00199999999999999 0.035 22.452 0.011 22.458 24.21 0 24.206 24.105 0 24.099
0.06 0.004 0.064 0.029 0.006 0.034 22.483 0.006 22.485 24.236 0 24.23 24.098 0.001 24.094
0.062 0.005 0.067 0.032 0.004 0.036 22.299 0.01 22.304 23.877 0.001 23.873 23.744 0 23.738
0.061 0.006 0.067 0.031 0.004 0.035 22.521 0.011 22.526 24.423 0 24.418 24.266 0 24.26
0.063 0.004 0.067 0.032 0.004 0.036 22.598 0.018 22.611 24.229 0 24.224 24.066 0 24.06
0.063 0.004 0.068 0.036 0 0.035 22.578 0.015 22.587 24.334 0 24.329 24.196 0 24.19
0.064 0.00600000000000001 0.069 0.032 0.003 0.035 22.413 0.011 22.42 24.128 0 24.123 23.988 0 23.982
0.062 0.005 0.068 0.035 0.001 0.036 22.525 0.012 22.531 24.303 0 24.298 24.162 0 24.156
0.064 0.004 0.068 0.032 0.003 0.035 22.281 0.014 22.29 23.711 0 23.707 23.989 0 23.984
0.059 0.004 0.063 0.033 0.002 0.034 22.189 0.011 22.196 24.027 0 24.022 24.326 0 24.319
0.06 0.005 0.065 0.031 0.004 0.035 22.69 0.011 22.696 24.527 0 24.522 24.315 0 24.308
0.066 0.002 0.068 0.032 0.004 0.036 22.545 0.017 22.557 24.356 0 24.351 24.246 0 24.239
0.063 0.005 0.068 0.032 0.003 0.035 22.613 0.008 22.616 24.36 0.001 24.356 24.151 0 24.145
0.063 0.005 0.068 0.031 0.004 0.036 23.483 0.011 23.489 25.146 0 25.141 25.095 0 25.089
0.06 0.003 0.063 0.03 0.004 0.035 22.438 0.014 22.446 24.197 0 24.192 24.086 0 24.08
0.0659999999999999 0.003 0.069 0.033 0.003 0.036 23.169 0.011 23.174 24.958 0 24.953 24.827 0 24.823
0.061 0.003 0.065 0.034 0.002 0.035 22.425 0.008 22.428 24.156 0 24.151 23.993 0 23.988
0.066 0.002 0.068 0.033 0.00199999999999999 0.036 22.56 0.015 22.569 24.327 0 24.322 24.192 0 24.186
0.062 0.005 0.067 0.032 0.004 0.036 22.754 0.012 22.761 24.488 0 24.483 24.328 0 24.322
0.063 0.005 0.068 0.035 0.001 0.036 22.416 0.016 22.427 23.718 0 23.713 23.563 0 23.558
0.067 0.001 0.068 0.033 0.003 0.036 23.544 0.014 23.551 25.357 0 25.352 25.287 0 25.282
0.062 0.006 0.068 0.035 0.001 0.035 22.8 0.014 22.809 24.222 0 24.216 24.063 0 24.058
0.063 0.004 0.067 0.033 0.003 0.036 22.345 0.012 22.352 24.109 0 24.104 23.978 0 23.973
0.064 0.004 0.069 0.034 0.002 0.036 22.648 0.014 22.657 24.427 0 24.423 24.302 0 24.296
0.063 0.005 0.068 0.035 0.001 0.036 22.749 0.011 22.755 24.558 0 24.553 24.471 0 24.465
0.065 0.003 0.067 0.034 0.001 0.035 22.676 0.018 22.689 24.485 0 24.479 24.321 0 24.315
0.064 0.003 0.068 0.033 0.003 0.036 22.44 0.016 22.45 24.312 0 24.307 24.165 0 24.158
0.063 0.005 0.068 0.033 0.003 0.035 22.488 0.013 22.497 24.283 0 24.278 24.161 0 24.155
0.066 0.003 0.068 0.033 0.002 0.036 22.411 0.013 22.418 24.205 0 24.201 24.081 0 24.075
0.066 0.002 0.068 0.032 0.004 0.036 22.72 0.011 22.725 24.463 0 24.458 24.292 0 24.287
0.065 0.003 0.0669999999999999 0.032 0.003 0.035 22.381 0.02 22.395 24.163 0 24.158 23.791 0 23.796
0.062 0.007 0.069 0.034 0.002 0.036 22.52 0.014 22.529 24.244 0 24.239 24.125 0 24.118
0.066 0.003 0.069 0.029 0.007 0.036 22.514 0.00700000000000001 22.516 24.267 0 24.262 24.151 0 24.145
0.058 0.005 0.063 0.031 0.003 0.034 22.979 0.013 22.986 24.76 0 24.755 25.028 0 25.023
0.065 0.003 0.069 0.033 0.003 0.035 22.89 0.011 22.896 24.628 0 24.623 24.516 0 24.51
0.067 0.001 0.068 0.03 0.006 0.036 23.496 0.011 23.501 25.216 0 25.211 24.999 0 24.994
0.064 0.004 0.068 0.035 0 0.035 22.439 0.014 22.448 24.248 0 24.243 24.109 0 24.103
0.061 0.003 0.064 0.032 0.002 0.035 22.004 0.012 22.01 23.793 0 23.788 24.233 0 24.228
0.062 0.00600000000000001 0.068 0.034 0.00199999999999999 0.036 23.635 0.012 23.641 25.436 0 25.431 25.337 0 25.331
0.066 0.001 0.067 0.035 0.001 0.035 22.526 0.015 22.536 23.918 0 23.913 24.09 0 24.085
0.063 0.004 0.068 0.029 0.00600000000000001 0.035 22.437 0.012 22.442 24.15 0 24.147 23.962 0 23.956
0.062 0.005 0.068 0.033 0.003 0.035 22.78 0.017 22.791 24.505 0 24.5 24.375 0 24.37
0.064 0.004 0.068 0.034 0.000999999999999994 0.035 22.405 0.017 22.417 24.198 0 24.194 24.082 0 24.076
0.061 0.007 0.0679999999999999 0.034 0.00199999999999999 0.036 22.976 0.009 22.98 24.69 0 24.685 24.557 0 24.552
0.064 0.004 0.068 0.033 0.002 0.036 23.039 0.012 23.045 24.759 0 24.753 24.631 0 24.626
0.056 0.007 0.063 0.033 0.002 0.035 22.591 0.014 22.6 24.292 0 24.286 24.189 0 24.184
0.064 0.004 0.067 0.033 0.00199999999999999 0.035 22.463 0.015 22.473 24.228 0 24.224 24.1 0 24.094
0.065 0.002 0.068 0.032 0.004 0.035 22.554 0.012 22.56 24.375 0 24.37 24.245 0 24.239
0.065 0.003 0.068 0.031 0.005 0.036 23.044 0.013 23.052 24.413 0.001 24.409 24.754 0 24.749
0.065 0.003 0.068 0.034 0.002 0.036 22.545 0.013 22.553 24.293 0 24.288 24.165 0 24.158
0.059 0.008 0.068 0.033 0.003 0.036 23.139 0.008 23.14 24.809 0 24.805 24.657 0 24.65
0.064 0.003 0.067 0.031 0.005 0.036 22.586 0.019 22.6 24.415 0 24.411 24.274 0 24.267
0.062 0.005 0.068 0.031 0.004 0.035 22.49 0.018 22.503 24.279 0 24.274 24.131 0 24.125
0.065 0.003 0.067 0.034 0.000999999999999994 0.036 22.472 0.011 22.478 24.2 0 24.194 24.088 0 24.084
0.055 0.008 0.063 0.035 0 0.034 22.682 0.015 22.693 24.367 0 24.362 24.235 0 24.229
0.065 0.002 0.067 0.032 0.003 0.035 22.564 0.00899999999999999 22.567 24.257 0 24.252 24.143 0 24.137
0.065 0.004 0.068 0.034 0.001 0.036 22.386 0.015 22.395 24.103 0 24.098 23.968 0 23.963
0.065 0.005 0.07 0.034 0.001 0.035 22.971 0.014 22.98 24.792 0 24.787 24.638 0 24.633
0.063 0.005 0.068 0.034 0.00199999999999999 0.036 22.971 0.015 22.979 24.769 0 24.765 24.609 0 24.603
0.0669999999999999 0.001 0.069 0.031 0.005 0.035 23.101 0.014 23.109 24.352 0 24.348 24.169 0 24.163
0.062 0.005 0.067 0.035 0.001 0.035 22.899 0.012 22.906 24.703 0 24.698 24.551 0 24.546
0.069 0.004 0.073 0.035 0.001 0.036 22.299 0.02 22.314 24.112 0 24.107 23.89 0 23.884
0.059 0.004 0.063 0.032 0.004 0.035 22.465 0.011 22.471 24.29 0 24.284 24.128 0 24.123
0.062 0.005 0.068 0.033 0.003 0.036 23.077 0.02 23.091 24.815 0.001 24.812 24.683 0 24.678
0.065 0.004 0.068 0.033 0.003 0.036 23.58 0.011 23.587 25.215 0 25.209 25.093 0 25.087
0.062 0.006 0.068 0.035 0 0.035 22.417 0.015 22.426 24.158 0 24.153 24.005 0 23.999
0.065 0.003 0.068 0.036 0 0.036 23.586 0.008 23.589 25.466 0 25.462 25.261 0 25.255
0.063 0.004 0.067 0.032 0.004 0.035 22.521 0.019 22.536 24.266 0 24.261 24.205 0 24.199
0.066 0.003 0.068 0.034 0.003 0.036 25.021 0.00899999999999999 25.025 26.592 0 26.586 26.358 0 26.352
0.066 0.004 0.069 0.033 0.00199999999999999 0.035 22.836 0.015 22.845 24.543 0 24.538 24.401 0 24.394
0.063 0.004 0.068 0.033 0.003 0.036 22.767 0.013 22.775 24.439 0 24.434 24.311 0 24.305
0.061 0.004 0.066 0.033 0.003 0.036 22.225 0.014 22.234 23.997 0 23.992 23.864 0 23.859
0.065 0.003 0.068 0.032 0.004 0.036 22.734 0.015 22.744 24.323 0 24.318 24.144 0 24.138
0.062 0.006 0.068 0.033 0.003 0.036 23.6 0.016 23.61 25.402 0.000999999999999987 25.397 25.285 0 25.281
0.059 0.005 0.063 0.032 0.003 0.035 22.099 0.015 22.11 24.046 0 24.04 24.168 0 24.171
0.065 0.003 0.067 0.034 0.002 0.036 22.581 0.023 22.598 24.321 0 24.316 24.213 0 24.207
0.064 0.004 0.068 0.031 0.005 0.035 22.956 0.011 22.962 24.612 0 24.606 24.501 0.001 24.497
0.064 0.005 0.069 0.035 0.001 0.036 23.68 0.022 23.697 25.486 0 25.48 25.334 0 25.328
0.062 0.006 0.067 0.033 0.002 0.036 22.728 0.007 22.729 24.411 0 24.406 24.317 0 24.31
0.065 0.003 0.068 0.032 0.003 0.035 22.686 0.015 22.696 24.4 0 24.395 24.264 0 24.257
0.064 0.004 0.068 0.034 0.001 0.035 22.684 0.016 22.695 24.129 0 24.123 24.357 0 24.351
0.064 0.004 0.069 0.034 0.002 0.036 23.405 0.016 23.415 25.244 0 25.239 25.146 0 25.14
0.061 0.009 0.07 0.032 0.003 0.035 22.596 0.017 22.608 24.357 0 24.353 24.271 0 24.264
0.064 0.003 0.067 0.033 0.003 0.036 23.604 0.017 23.615 25.237 0 25.232 25.044 0 25.038
0.065 0.00199999999999999 0.068 0.035 0.001 0.035 22.297 0.01 22.301 24.054 0 24.05 23.906 0 23.9
0.061 0.007 0.068 0.03 0.005 0.035 23.058 0.012 23.064 24.468 0 24.463 24.676 0 24.671
0.065 0.003 0.068 0.033 0.002 0.035 22.402 0.02 22.416 23.402 0 23.406 23.276 0 23.279
0.058 0.01 0.068 0.035 0.001 0.036 22.358 0.015 22.368 24.259 0 24.254 24.059 0 24.053
0.058 0.009 0.067 0.034 0.001 0.035 22.404 0.01 22.409 24.14 0 24.135 24.01 0 24.004
0.06 0.006 0.0659999999999999 0.034 0.00199999999999999 0.035 22.295 0.011 22.302 24.027 0 24.022 23.895 0 23.889
0.066 0.003 0.068 0.032 0.004 0.036 22.461 0.01 22.466 24.179 0 24.173 24.039 0 24.034
0.062 0.007 0.069 0.033 0.00199999999999999 0.036 22.813 0.00600000000000001 22.812 24.603 0 24.598 24.442 0 24.436
0.065 0.003 0.069 0.032 0.004 0.035 23.589 0.009 23.593 25.273 0 25.268 25.105 0 25.1
0.061 0.004 0.064 0.032 0.003 0.034 22.474 0.011 22.48 24.317 0 24.313 24.173 0 24.167
0.06 0.009 0.069 0.031 0.005 0.036 22.32 0.013 22.328 24.126 0 24.121 24.009 0 24.003
0.064 0.003 0.068 0.033 0.003 0.035 22.651 0.013 22.659 24.389 0 24.384 24.277 0 24.27
0.065 0.003 0.068 0.03 0.005 0.035 22.433 0.013 22.441 24.23 0 24.225 24.107 0 24.101
0.057 0.006 0.063 0.032 0.003 0.035 22.098 0.012 22.106 24.071 0 24.065 24.25 0 24.244
0.064 0.004 0.067 0.033 0.00199999999999999 0.036 22.532 0.017 22.543 23.325 0 23.331 23.014 0 23.018
0.066 0.002 0.069 0.034 0.00199999999999999 0.036 22.704 0.012 22.71 24.416 0 24.411 24.508 0 24.502
0.058 0.009 0.067 0.032 0.003 0.036 24.845 0.013 24.852 26.635 0 26.628 26.45 0 26.444
0.064 0.004 0.068 0.033 0.00199999999999999 0.035 22.601 0.014 22.61 24.435 0 24.431 24.272 0 24.266
0.063 0.005 0.067 0.032 0.004 0.036 22.224 0.011 22.23 24.018 0 24.014 23.886 0 23.879
0.065 0.003 0.068 0.033 0.002 0.036 22.889 0.013 22.896 24.583 0 24.578 24.432 0 24.428
0.065 0.002 0.067 0.035 0.001 0.035 22.608 0.013 22.616 24.072 0 24.066 23.858 0 23.852
0.065 0.003 0.068 0.031 0.005 0.036 22.335 0.016 22.346 24.104 0 24.099 23.989 0 23.982
0.066 0.002 0.067 0.033 0.003 0.036 22.702 0.014 22.711 24.497 0 24.492 24.366 0 24.36
0.059 0.004 0.064 0.027 0.008 0.034 22.457 0.007 22.459 24.251 0 24.247 23.743 0 23.744
0.061 0.007 0.067 0.031 0.004 0.036 22.447 0.016 22.458 23.938 0 23.932 23.685 0 23.68
0.064 0.004 0.068 0.032 0.004 0.036 22.67 0.013 22.678 24.377 0.001 24.373 24.255 0 24.248
0.063 0.005 0.068 0.034 0.002 0.036 22.701 0.016 22.711 24.444 0 24.439 24.338 0 24.332
0.067 0.001 0.068 0.032 0.004 0.036 22.58 0.012 22.587 24.349 0 24.344 24.216 0 24.21
0.087 0.004 0.0910000000000001 0.042 0.00600000000000001 0.0489999999999999 30.626 0.03 30.692 33.075 0 33.114 32.89 0 32.929
0.068 0 0.068 0.033 0.003 0.036 22.454 0.015 22.464 24.189 0 24.184 24.047 0 24.041
0.064 0.005 0.069 0.032 0.004 0.036 22.419 0.015 22.428 24.181 0 24.176 24.045 0 24.039
0.061 0.007 0.068 0.035 0.001 0.036 22.838 0.01 22.843 24.364 0 24.358 24.024 0 24.018
0.066 0.002 0.067 0.033 0.002 0.036 22.43 0.014 22.439 24.034 0 24.028 23.909 0 23.904
0.061 0.003 0.065 0.032 0.003 0.035 23.01 0.015 23.019 24.889 0 24.885 25.263 0 25.256
0.062 0.005 0.067 0.033 0.002 0.036 22.59 0.008 22.592 24.375 0 24.369 24.212 0 24.206
0.065 0.003 0.068 0.034 0.00199999999999999 0.036 22.492 0.017 22.504 24.276 0 24.272 24.148 0 24.141
0.062 0.001 0.063 0.032 0.00199999999999999 0.034 21.782 0.016 21.793 23.619 0 23.612 23.901 0 23.897
0.06 0.008 0.069 0.033 0.003 0.036 22.996 0.012 23.003 24.714 0 24.709 24.642 0 24.637
0.064 0.004 0.068 0.034 0.001 0.035 22.923 0.011 22.927 24.737 0 24.733 24.544 0 24.539
0.063 0.005 0.068 0.035 0.001 0.036 22.825 0.012 22.831 24.589 0 24.585 24.41 0 24.403
0.066 0.003 0.07 0.035 0.001 0.035 23.572 0.018 23.584 25.239 0 25.234 25.103 0 25.099
0.065 0.004 0.069 0.033 0.002 0.035 22.708 0.016 22.719 24.452 0 24.446 24.319 0 24.313
0.0649999999999999 0.003 0.068 0.034 0.002 0.035 22.722 0.009 22.726 24.484 0 24.479 24.316 0 24.31
0.065 0.003 0.067 0.033 0.00199999999999999 0.035 22.247 0.014 22.256 24.01 0 24.005 23.865 0 23.861
0.06 0.008 0.068 0.034 0.001 0.035 22.495 0.012 22.503 24.327 0 24.321 24.165 0 24.159
0.06 0.007 0.067 0.034 0.002 0.036 22.576 0.015 22.586 24.277 0.001 24.273 24.174 0 24.168
0.058 0.005 0.064 0.033 0.001 0.034 22.607 0.006 22.607 24.497 0 24.491 24.659 0 24.653
0.066 0.002 0.068 0.031 0.004 0.036 23.13 0.017 23.14 24.824 0 24.82 24.668 0 24.661
0.058 0.00600000000000001 0.064 0.033 0.00199999999999999 0.034 22.693 0.011 22.699 24.555 0 24.551 24.377 0 24.37
0.062 0.006 0.068 0.033 0.002 0.036 22.751 0.018 22.764 24.134 0 24.13 24.341 0 24.335
0.067 0.002 0.069 0.029 0.007 0.036 22.549 0.018 22.562 24.325 0 24.319 24.182 0 24.175
0.063 0.005 0.069 0.035 0.001 0.035 22.869 0.016 22.88 24.708 0 24.703 24.561 0 24.556
0.059 0.005 0.064 0.029 0.005 0.034 22.468 0.012 22.475 24.228 0 24.222 24.088 0 24.082
0.061 0.00199999999999999 0.063 0.034 0 0.035 22.517 0.012 22.523 24.221 0 24.217 24.086 0 24.079
0.064 0.003 0.068 0.034 0.002 0.035 22.377 0.008 22.38 24.199 0 24.195 24.083 0 24.077
0.064 0.004 0.069 0.035 0.000999999999999994 0.035 22.701 0.015 22.711 24.528 0 24.524 24.366 0 24.36
0.063 0.004 0.068 0.034 0.00199999999999999 0.035 23.016 0.016 23.027 24.389 0 24.384 24.663 0.001 24.659
0.066 0.003 0.067 0.032 0.003 0.036 22.626 0.018 22.638 24.159 0 24.155 23.922 0 23.916
0.063 0.004 0.067 0.032 0.004 0.036 22.601 0.011 22.606 24.336 0 24.331 24.252 0 24.247
0.059 0.008 0.067 0.033 0.003 0.036 22.313 0.01 22.317 24.063 0 24.058 23.914 0 23.908
0.06 0.008 0.068 0.031 0.004 0.035 22.561 0.012 22.567 24.327 0 24.322 24.182 0 24.176
0.061 0.006 0.067 0.033 0.003 0.036 22.362 0.012 22.369 24.117 0 24.112 23.978 0.001 23.974
0.065 0.003 0.069 0.035 0.001 0.036 22.721 0.018 22.734 24.516 0.001 24.511 24.345 0 24.34
0.065 0.003 0.0679999999999999 0.032 0.003 0.035 22.45 0.019 22.464 24.217 0 24.212 24.08 0 24.074
0.063 0.004 0.068 0.035 0.001 0.035 22.475 0.019 22.489 24.283 0 24.278 24.175 0 24.168
0.066 0.00600000000000001 0.072 0.032 0.003 0.035 22.565 0.01 22.57 23.827 0.001 23.823 23.654 0 23.649
0.062 0.009 0.072 0.037 0.002 0.038 27.617 0.01 27.621 29.264 0 29.257 29.165 0 29.159
0.062 0.006 0.069 0.033 0.003 0.035 22.951 0.015 22.961 24.652 0 24.647 24.525 0 24.52
0.064 0.005 0.068 0.033 0.003 0.036 22.861 0.016 22.872 24.286 0 24.281 24.15 0 24.144
0.064 0.001 0.065 0.033 0.001 0.035 22.75 0.022 22.766 24.601 0 24.596 24.357 0 24.352
0.061 0.007 0.068 0.032 0.004 0.035 22.548 0.016 22.559 24.248 0 24.243 24.119 0 24.113
0.063 0.007 0.069 0.035 0.001 0.037 22.608 0.017 22.619 24.378 0 24.373 24.245 0 24.24
0.065 0.003 0.068 0.032 0.004 0.036 22.662 0.016 22.672 24.384 0 24.382 23.882 0 23.883
0.065 0.003 0.068 0.03 0.005 0.036 22.685 0.012 22.69 24.431 0 24.426 24.279 0 24.274
0.061 0.00600000000000001 0.067 0.03 0.006 0.036 22.685 0.017 22.695 24.422 0 24.417 24.272 0 24.267
0.067 0.001 0.068 0.035 0.001 0.035 22.421 0.009 22.426 24.182 0 24.177 24.066 0 24.059
0.062 0.005 0.067 0.03 0.006 0.036 22.479 0.013 22.486 24.165 0 24.161 24.031 0 24.025
0.062 0.007 0.069 0.035 0 0.035 22.534 0.00800000000000001 22.537 24.24 0 24.234 24.111 0 24.105
0.061 0.007 0.068 0.032 0.003 0.035 22.28 0.02 22.296 24.104 0 24.098 23.942 0 23.936
0.064 0.00600000000000001 0.069 0.032 0.004 0.036 23.256 0.01 23.261 24.968 0 24.963 24.867 0 24.862
0.065 0.003 0.068 0.032 0.003 0.035 22.765 0.011 22.771 24.482 0 24.477 24.363 0.001 24.358
0.064 0.004 0.068 0.032 0.004 0.036 23.244 0.013 23.252 24.973 0 24.967 24.901 0 24.896
0.058 0.005 0.063 0.031 0.003 0.034 21.984 0.011 21.99 23.874 0 23.869 24.076 0 24.07
0.065 0.003 0.068 0.033 0.003 0.036 23.653 0.013 23.661 25.26 0 25.255 25.063 0 25.058
0.065 0.004 0.069 0.027 0.008 0.035 22.499 0.00800000000000001 22.503 24.257 0 24.251 24.104 0 24.098
0.062 0.003 0.0649999999999999 0.035 0 0.035 22.66 0.013 22.669 24.513 0 24.507 24.832 0 24.827
0.067 0.001 0.068 0.033 0.002 0.036 23.106 0.008 23.108 24.764 0 24.757 24.672 0 24.667
0.065 0.003 0.067 0.029 0.006 0.036 23.561 0.013 23.567 25.342 0 25.338 24.891 0 24.893
0.065 0.003 0.068 0.031 0.004 0.035 22.687 0.013 22.695 24.506 0 24.501 24.325 0 24.318
0.064 0.003 0.067 0.035 0.001 0.035 22.481 0.015 22.492 24.264 0 24.259 24.105 0 24.1
0.066 0.003 0.068 0.033 0.00199999999999999 0.036 23.086 0.014 23.094 24.714 0 24.709 24.591 0 24.586
0.06 0.006 0.066 0.032 0.002 0.034 22.249 0.017 22.26 24.076 0 24.07 23.927 0 23.922
0.064 0.004 0.068 0.035 0 0.035 22.736 0.014 22.745 24.452 0 24.447 24.277 0.003 24.276
0.062 0.005 0.068 0.031 0.004 0.035 22.607 0.014 22.616 24.074 0 24.069 23.862 0 23.856
0.064 0.003 0.068 0.033 0.003 0.036 22.731 0.011 22.737 24.534 0 24.528 24.391 0 24.384
0.063 0.005 0.0679999999999999 0.033 0.002 0.036 23.389 0.012 23.396 25.032 0 25.026 24.987 0 24.981
0.062 0.005 0.068 0.034 0.00199999999999999 0.036 23.487 0.016 23.497 25.166 0 25.16 25.027 0 25.022
0.062 0.00199999999999999 0.063 0.031 0.003 0.035 22.298 0.012 22.305 24.157 0 24.152 23.977 0 23.971
0.065 0.004 0.07 0.033 0.003 0.036 22.54 0.014 22.548 24.286 0 24.282 24.16 0 24.154
0.0659999999999999 0.001 0.068 0.033 0.004 0.036 22.584 0.00700000000000001 22.586 24.339 0 24.334 24.24 0 24.234
0.064 0.004 0.068 0.035 0.001 0.036 23.214 0.014 23.221 24.93 0 24.926 24.777 0 24.771
0.063 0.005 0.068 0.033 0.003 0.035 22.642 0.016 22.653 23.946 0 23.943 23.724 0 23.717
0.061 0.00600000000000001 0.067 0.034 0.002 0.035 22.491 0.00899999999999999 22.495 24.26 0 24.255 24.123 0 24.117
0.062 0.005 0.068 0.032 0.003 0.035 22.503 0.017 22.515 24.241 0 24.236 24.128 0 24.121
0.061 0.007 0.068 0.033 0.003 0.036 22.773 0.014 22.78 24.572 0 24.568 24.404 0 24.397
0.06 0.007 0.068 0.034 0.002 0.035 22.388 0.011 22.394 24.068 0 24.066 23.608 0 23.609
0.061 0.006 0.067 0.032 0.004 0.035 22.362 0.017 22.375 24.094 0 24.089 24.021 0 24.015
0.065 0.003 0.068 0.031 0.004 0.036 22.743 0.013 22.751 24.508 0 24.503 24.34 0 24.334
0.064 0.004 0.068 0.033 0.00199999999999999 0.035 22.432 0.016 22.443 24.163 0 24.158 24.035 0 24.028
0.065 0.003 0.0669999999999999 0.032 0.003 0.036 22.469 0.009 22.472 24.275 0 24.27 24.12 0 24.115
0.064 0.007 0.07 0.034 0.000999999999999994 0.036 22.34 0.011 22.346 24.074 0 24.068 23.457 0 23.464
0.064 0.004 0.068 0.033 0.003 0.036 23.046 0.01 23.051 24.93 0 24.925 24.713 0 24.707
0.063 0.004 0.067 0.03 0.005 0.036 22.5 0.013 22.506 24.356 0 24.351 24.226 0 24.22
0.065 0.002 0.067 0.031 0.005 0.035 22.534 0.013 22.542 24.284 0 24.279 24.162 0 24.156
0.061 0.00800000000000001 0.069 0.032 0.003 0.035 22.573 0.011 22.579 24.111 0 24.106 23.968 0 23.962
0.064 0.004 0.069 0.033 0.003 0.036 23.176 0.013 23.183 24.809 0 24.809 24.247 0 24.246
0.068 0.002 0.07 0.034 0.001 0.036 22.726 0.012 22.732 24.426 0 24.421 24.28 0 24.273
0.066 0.00199999999999999 0.068 0.031 0.005 0.036 22.727 0.015 22.737 24.489 0 24.485 24.405 0 24.399
0.055 0.008 0.063 0.03 0.004 0.034 22.078 0.017 22.091 24.011 0 24.005 24.215 0 24.209
0.061 0.007 0.067 0.035 0.001 0.035 22.231 0.011 22.238 23.968 0 23.964 23.845 0 23.839
0.064 0.005 0.068 0.031 0.004 0.036 24.721 0.011 24.726 26.466 0 26.46 26.339 0 26.334
0.064 0.004 0.068 0.034 0.00199999999999999 0.037 22.905 0.011 22.91 24.694 0 24.689 24.494 0 24.489
0.059 0.005 0.0649999999999999 0.03 0.005 0.035 22.008 0.018 22.02 23.812 0 23.809 24.169 0 24.163
0.065 0.004 0.07 0.034 0.00199999999999999 0.036 22.366 0.017 22.376 24.102 0 24.098 23.975 0 23.968
0.063 0.005 0.068 0.036 0 0.035 23.144 0.016 23.155 24.781 0 24.776 24.681 0 24.676
0.062 0.002 0.064 0.03 0.004 0.034 22.348 0.011 22.355 24.168 0 24.163 24.017 0 24.009
0.06 0.003 0.063 0.029 0.005 0.034 22.624 0.012 22.631 24.363 0 24.358 24.23 0 24.223
0.061 0.00600000000000001 0.068 0.035 0.001 0.035 22.621 0.012 22.628 24.399 0 24.395 24.263 0 24.256
0.065 0.003 0.069 0.034 0.002 0.036 23.123 0.018 23.134 24.974 0 24.97 24.853 0 24.848
0.065 0.00199999999999999 0.068 0.033 0.003 0.035 22.401 0.02 22.416 24.247 0 24.242 24.087 0 24.081
0.065 0.004 0.068 0.033 0.002 0.036 24.558 0.015 24.567 26.268 0 26.261 26.231 0 26.225
0.062 0.005 0.068 0.033 0.003 0.035 22.679 0.012 22.687 24.14 0 24.135 23.909 0 23.903
0.064 0.004 0.069 0.036 0 0.036 22.584 0.014 22.593 23.936 0 23.931 24.257 0 24.251
0.066 0.001 0.068 0.034 0.002 0.036 22.853 0.016 22.863 24.611 0 24.606 24.49 0 24.485
0.063 0.005 0.069 0.033 0.003 0.035 23.608 0.005 23.607 25.232 0 25.226 25.123 0 25.119
0.063 0.005 0.067 0.032 0.003 0.036 22.353 0.018 22.365 24.162 0 24.157 24.009 0 24.003
0.064 0.005 0.068 0.032 0.003 0.036 23.434 0.014 23.441 25.08 0.001 25.077 25.009 0 25.004
0.067 0.001 0.068 0.031 0.004 0.036 22.97 0.008 22.973 24.691 0 24.685 24.566 0 24.561
0.065 0.003 0.069 0.032 0.004 0.035 22.837 0.00600000000000001 22.846 24.178 0 24.179 23.768 0 23.773
0.065 0.003 0.067 0.033 0.003 0.036 22.468 0.012 22.475 24.319 0 24.315 24.187 0 24.18
0.067 0.00199999999999999 0.069 0.035 0.001 0.036 24.881 0.007 24.883 26.573 0 26.566 26.482 0 26.478
0.061 0.002 0.063 0.03 0.005 0.034 22.266 0.022 22.289 24.045 0 24.041 23.953 0 23.947
0.063 0.008 0.071 0.033 0.004 0.037 22.902 0.011 22.908 24.677 0 24.672 24.523 0 24.518
0.063 0.005 0.067 0.034 0.001 0.036 22.833 0.013 22.84 24.516 0 24.511 24.41 0 24.404
0.062 0.004 0.067 0.034 0.00199999999999999 0.035 22.419 0.015 22.43 24.215 0 24.21 24.061 0 24.054
0.066 0.004 0.07 0.034 0.002 0.0369999999999999 22.889 0.014 22.896 24.723 0 24.717 24.554 0 24.549
0.067 0.002 0.069 0.034 0.001 0.036 22.665 0.019 22.677 24.41 0 24.406 24.264 0 24.257
0.063 0.005 0.068 0.033 0.002 0.036 23.07 0.012 23.075 24.372 0 24.367 24.239 0 24.233
0.063 0.004 0.068 0.033 0.003 0.036 22.949 0.016 22.96 24.785 0 24.779 24.617 0 24.611
0.065 0.002 0.068 0.034 0.002 0.036 22.84 0.007 22.841 24.597 0 24.591 24.449 0 24.445
0.066 0.002 0.069 0.033 0.003 0.036 22.789 0.009 22.792 24.514 0 24.509 24.345 0 24.341
0.062 0.005 0.067 0.032 0.004 0.036 22.52 0.015 22.529 24.341 0 24.335 24.219 0 24.213
0.063 0.005 0.068 0.035 0 0.035 22.507 0.02 22.522 24.285 0 24.28 24.16 0 24.154
0.066 0.002 0.068 0.034 0.002 0.036 22.655 0.014 22.664 24.471 0 24.465 24.307 0 24.302
0.066 0.00199999999999999 0.068 0.03 0.005 0.035 22.699 0.007 22.701 24.527 0 24.522 24.389 0 24.383
0.0649999999999999 0.003 0.069 0.034 0.001 0.035 22.516 0.015 22.526 24.269 0 24.263 24.14 0 24.134
0.062 0.006 0.067 0.033 0.003 0.036 22.517 0.013 22.525 24.316 0 24.311 24.164 0 24.158
0.064 0.004 0.067 0.032 0.003 0.035 22.526 0.012 22.532 24.15 0.001 24.146 24.033 0 24.028
0.061 0.007 0.068 0.034 0.001 0.035 22.318 0.013 22.325 24.004 0 24 23.926 0 23.92
0.063 0.005 0.068 0.034 0.001 0.035 22.89 0.015 22.9 24.484 0 24.479 24.444 0 24.438
0.067 0.003 0.071 0.035 0.002 0.036 23.197 0.012 23.203 24.987 0 24.982 24.882 0 24.877
0.062 0.00600000000000001 0.067 0.034 0.00199999999999999 0.036 22.948 0.009 22.951 24.675 0 24.669 24.564 0 24.559
0.065 0.003 0.068 0.029 0.006 0.036 22.622 0.014 22.63 24.34 0 24.335 24.215 0 24.209
0.062 0.00199999999999999 0.063 0.03 0.004 0.035 22.205 0.021 22.221 24.148 0 24.143 24.465 0 24.458
0.063 0.004 0.068 0.035 0.001 0.036 22.424 0.01 22.429 24.235 0 24.229 24.079 0 24.074
0.062 0.006 0.068 0.033 0.002 0.036 22.553 0.012 22.559 24.291 0 24.286 24.15 0 24.144
0.058 0.006 0.064 0.033 0.002 0.035 22.655 0.017 22.667 24.374 0 24.369 24.258 0 24.252
0.063 0.004 0.067 0.033 0.00199999999999999 0.036 22.243 0.019 22.257 23.846 0 23.841 23.709 0 23.703
0.058 0.005 0.063 0.031 0.004 0.035 22.27 0.014 22.279 24.138 0 24.133 23.972 0 23.966
0.064 0.004 0.068 0.031 0.005 0.036 22.455 0.012 22.462 24.128 0 24.123 24.011 0 24.006
0.06 0.004 0.064 0.032 0.003 0.035 22.9 0.015 22.908 24.591 0 24.586 24.461 0 24.457
0.063 0.001 0.064 0.033 0.002 0.034 22.796 0.01 22.801 24.556 0 24.551 24.464 0 24.457
0.066 0.004 0.07 0.03 0.006 0.036 22.596 0.014 22.605 24.356 0 24.351 24.243 0 24.237
0.067 0.003 0.071 0.032 0.004 0.036 22.624 0.015 22.633 24.334 0 24.329 24.262 0 24.256
0.0669999999999999 0.004 0.071 0.032 0.004 0.036 23.208 0.012 23.214 24.97 0 24.965 24.835 0 24.83
0.064 0.004 0.068 0.032 0.004 0.036 22.259 0.014 22.268 23.645 0.000999999999999987 23.642 23.897 0 23.891
0.063 0.005 0.069 0.032 0.003 0.035 22.756 0.017 22.768 24.539 0 24.534 24.385 0 24.379
0.062 0.005 0.067 0.032 0.003 0.036 22.539 0.00899999999999999 22.541 24.334 0 24.329 24.195 0 24.188
0.063 0.004 0.0669999999999999 0.031 0.004 0.036 22.567 0.009 22.57 24.376 0 24.372 24.202 0 24.197
0.065 0.002 0.067 0.032 0.004 0.036 22.443 0.012 22.45 24.27 0 24.266 24.134 0 24.128
0.061 0.003 0.063 0.03 0.004 0.035 22.998 0.016 23.009 24.752 0 24.746 24.629 0 24.625
0.063 0.004 0.067 0.033 0.003 0.036 23.126 0.011 23.131 24.927 0.001 24.923 24.817 0 24.812
0.063 0.004 0.067 0.034 0.001 0.035 22.492 0.014 22.501 24.293 0 24.288 24.172 0 24.166
0.059 0.00800000000000001 0.067 0.034 0.000999999999999994 0.036 22.505 0.013 22.513 24.284 0 24.279 24.159 0 24.152
0.064 0.004 0.067 0.034 0.001 0.036 22.516 0.011 22.521 24.287 0 24.282 24.148 0 24.143
0.067 0.004 0.07 0.031 0.004 0.036 22.791 0.011 22.795 24.466 0 24.462 24.343 0 24.336
0.059 0.004 0.063 0.033 0.002 0.035 22.655 0.017 22.667 24.364 0 24.359 24.241 0 24.235
0.064 0.003 0.067 0.033 0.003 0.035 22.195 0.015 22.206 23.972 0 23.967 23.84 0 23.835
0.067 0.003 0.069 0.034 0.001 0.036 22.78 0.006 22.78 24.499 0 24.494 24.346 0.001 24.341
0.063 0.005 0.068 0.036 0 0.036 22.786 0.011 22.792 24.705 0 24.7 24.603 0 24.598
0.07 0 0.071 0.033 0.003 0.035 22.55 0.016 22.56 24.257 0 24.252 24.104 0 24.098
0.066 0.00199999999999999 0.068 0.035 0.001 0.036 22.608 0.014 22.617 23.922 0 23.917 23.727 0 23.722
0.066 0.002 0.068 0.031 0.004 0.036 23.647 0.016 23.656 25.422 0 25.417 25.236 0 25.232
0.062 0.005 0.067 0.033 0.002 0.036 22.43 0.02 22.457 24.145 0.00600000000000001 24.158 24.041 0 24.036
0.064 0.004 0.068 0.033 0.00199999999999999 0.035 22.633 0.014 22.642 24.39 0 24.386 24.258 0 24.251
0.059 0.00899999999999999 0.068 0.032 0.004 0.036 22.798 0.014 22.806 24.542 0 24.538 24.423 0 24.417
0.064 0.003 0.067 0.033 0.003 0.036 22.425 0.013 22.433 24.287 0 24.286 23.682 0 23.683
0.065 0.002 0.067 0.032 0.004 0.036 22.197 0.011 22.203 23.786 0 23.781 23.622 0 23.615
0.063 0.005 0.068 0.034 0.001 0.035 22.713 0.01 22.718 24.44 0 24.435 24.317 0 24.311
0.062 0.003 0.065 0.031 0.004 0.035 22.697 0.013 22.703 24.722 0.001 24.719 24.514 0 24.509
0.067 0.001 0.067 0.033 0.002 0.036 22.546 0.015 22.556 24.308 0 24.303 24.169 0 24.163
0.058 0.01 0.069 0.035 0.001 0.036 23.538 0.011 23.544 25.34 0 25.338 24.617 0 24.619
0.059 0.004 0.063 0.03 0.004 0.034 22.252 0.016 22.263 24.264 0 24.259 24.158 0 24.152
0.064 0.005 0.068 0.034 0.00199999999999999 0.037 23.032 0.012 23.039 24.837 0 24.831 24.508 0 24.503
0.065 0.002 0.067 0.028 0.007 0.036 22.402 0.014 22.411 24.132 0 24.126 23.652 0 23.655
0.06 0.005 0.065 0.035 0 0.035 22.48 0.015 22.49 24.404 0 24.399 24.728 0 24.722
0.063 0.004 0.067 0.032 0.003 0.035 22.592 0.012 22.598 24.364 0 24.359 24.248 0 24.242
0.063 0.00600000000000001 0.068 0.032 0.004 0.036 22.957 0.00800000000000001 22.959 24.687 0 24.682 24.551 0 24.546
0.062 0.005 0.067 0.033 0.003 0.036 22.461 0.013 22.469 24.134 0 24.129 24.027 0 24.021
0.06 0.007 0.068 0.033 0.003 0.036 23.088 0.012 23.095 24.805 0 24.799 24.659 0 24.653
0.065 0.003 0.068 0.033 0.003 0.036 22.653 0.012 22.659 24.431 0 24.426 24.242 0 24.238
0.066 0.003 0.068 0.034 0.00199999999999999 0.036 22.979 0.014 22.989 24.753 0 24.747 24.604 0 24.598
0.061 0.007 0.068 0.033 0.003 0.036 22.525 0.012 22.53 24.208 0 24.204 24.119 0 24.113
0.067 0.005 0.072 0.033 0.003 0.036 22.557 0.015 22.566 24.326 0 24.321 24.202 0 24.196
0.065 0.003 0.069 0.033 0.003 0.036 22.718 0.01 22.722 24.477 0 24.472 24.353 0 24.347
0.064 0.004 0.068 0.031 0.004 0.035 22.908 0.00799999999999999 22.912 24.61 0 24.604 24.52 0 24.515
0.064 0.003 0.068 0.034 0.00199999999999999 0.036 22.474 0.012 22.485 24.269 0 24.264 24.131 0 24.126
0.065 0.003 0.068 0.034 0.002 0.036 22.819 0.016 22.829 24.545 0 24.54 24.401 0 24.395
0.065 0.005 0.071 0.035 0.000999999999999994 0.035 22.463 0.015 22.473 24.193 0 24.188 24.072 0 24.066
0.06 0.008 0.068 0.033 0.003 0.036 22.811 0.012 22.818 24.525 0 24.521 24.417 0.001 24.411
0.059 0.009 0.069 0.034 0.002 0.035 23.145 0.021 23.16 24.917 0 24.912 24.751 0 24.747
0.066 0.003 0.069 0.03 0.005 0.035 22.858 0.013 22.866 24.207 0 24.202 24.441 0 24.435
0.067 0.004 0.071 0.032 0.005 0.037 23.646 0.015 23.655 25.311 0 25.306 25.115 0 25.109
0.063 0.006 0.069 0.032 0.004 0.036 23.071 0.011 23.077 24.833 0.001 24.828 24.69 0 24.685
0.06 0.007 0.068 0.032 0.004 0.035 23.06 0.009 23.064 24.789 0 24.784 24.697 0 24.693
0.065 0.004 0.069 0.036 0 0.036 23.493 0.011 23.499 25.304 0 25.298 25.157 0 25.152
0.064 0.004 0.069 0.034 0.002 0.036 22.709 0.012 22.715 24.5 0 24.496 24.319 0 24.312
0.062 0.005 0.068 0.034 0.002 0.035 22.376 0.011 22.381 24.13 0 24.127 23.973 0 23.966
0.06 0.005 0.064 0.031 0.004 0.035 22.526 0.02 22.541 24.326 0 24.322 24.155 0 24.148
0.064 0.003 0.068 0.033 0.003 0.035 22.205 0.017 22.217 23.976 0 23.971 23.827 0 23.821
0.057 0.006 0.063 0.032 0.003 0.035 21.941 0.011 21.947 23.854 0 23.849 24.041 0 24.035
0.06 0.009 0.069 0.033 0.003 0.035 22.474 0.02 22.49 23.913 0 23.907 23.694 0 23.689
0.057 0.006 0.064 0.032 0.003 0.034 22.412 0.017 22.425 24.261 0 24.256 24.099 0 24.093
0.062 0.005 0.067 0.033 0.002 0.035 22.51 0.008 22.513 24.313 0 24.308 24.143 0 24.137
0.065 0.002 0.067 0.033 0.002 0.036 22.662 0.011 22.668 24.349 0 24.343 24.2 0 24.195
0.064 0.003 0.068 0.035 0.001 0.035 22.468 0.012 22.476 24.257 0 24.252 24.125 0 24.119
0.064 0.004 0.067 0.029 0.006 0.035 22.42 0.013 22.428 24.174 0.001 24.169 24.041 0 24.036
0.059 0.005 0.064 0.032 0.002 0.034 23.473 0.012 23.479 25.214 0 25.209 25.165 0 25.16
0.061 0.00600000000000001 0.068 0.034 0.002 0.035 22.685 0.013 22.692 24.363 0 24.358 24.223 0 24.218
0.062 0.005 0.067 0.033 0.003 0.036 22.553 0.01 22.558 24.344 0 24.339 24.196 0 24.19
0.065 0.004 0.069 0.034 0.002 0.035 22.795 0.011 22.802 24.455 0 24.45 24.337 0 24.332
0.066 0.002 0.068 0.034 0.001 0.035 22.614 0.012 22.62 24.303 0 24.298 24.372 0 24.366
0.066 0.002 0.0679999999999999 0.033 0.002 0.036 22.558 0.015 22.568 24.314 0 24.308 24.162 0 24.158
0.065 0.003 0.068 0.033 0.003 0.036 22.688 0.02 22.702 24.47 0 24.465 24.357 0 24.351
0.071 0.003 0.074 0.033 0.002 0.036 22.517 0.009 22.52 24.317 0 24.312 24.195 0 24.19
0.057 0.007 0.064 0.032 0.002 0.034 22.546 0.011 22.553 24.302 0.001 24.298 24.172 0 24.166
0.063 0.005 0.067 0.034 0.002 0.036 22.457 0.008 22.459 24.04 0 24.035 23.69 0 23.686
0.06 0.002 0.062 0.031 0.003 0.034 21.77 0.019 21.784 23.698 0 23.693 23.894 0.001 23.89
0.063 0.004 0.0679999999999999 0.033 0.003 0.035 22.181 0.011 22.187 23.936 0 23.931 23.81 0 23.804
0.061 0.00700000000000001 0.068 0.034 0.00199999999999999 0.036 22.863 0.015 22.872 24.507 0 24.503 24.224 0 24.224
0.065 0.004 0.069 0.034 0.001 0.036 23.747 0.012 23.754 25.396 0 25.389 25.297 0 25.292
0.0600000000000001 0.008 0.068 0.035 0.001 0.035 22.602 0.006 22.603 24.3 0 24.296 24.172 0 24.166
0.059 0.005 0.064 0.031 0.003 0.035 22.191 0.012 22.197 24.046 0 24.042 24.389 0 24.383
0.066 0.005 0.07 0.031 0.005 0.037 22.72 0.013 22.728 24.476 0 24.471 24.349 0 24.342
0.063 0.004 0.068 0.035 0.000999999999999994 0.036 22.786 0.011 22.792 24.502 0 24.496 24.327 0 24.321
0.065 0.00199999999999999 0.067 0.032 0.004 0.036 22.86 0.007 22.862 24.67 0 24.665 24.548 0 24.543
0.065 0.003 0.068 0.031 0.005 0.036 22.634 0.012 22.64 24.406 0 24.401 24.262 0 24.257
0.059 0.009 0.068 0.033 0.003 0.035 22.917 0.017 22.93 24.721 0 24.716 24.613 0.005 24.616
0.064 0.004 0.068 0.033 0.003 0.036 22.703 0.011 22.709 24.417 0 24.412 24.383 0 24.377
0.062 0.005 0.067 0.032 0.004 0.036 22.258 0.013 22.266 23.701 0 23.696 23.94 0 23.934
0.065 0.00199999999999999 0.067 0.034 0.002 0.036 22.336 0.016 22.346 24.126 0 24.121 23.995 0 23.989
0.071 0.004 0.075 0.034 0.000999999999999994 0.035 22.768 0.008 22.77 24.513 0 24.508 24.365 0 24.359
0.065 0.003 0.067 0.033 0.002 0.036 22.627 0.01 22.631 24.063 0 24.059 23.818 0 23.812
0.063 0.004 0.068 0.033 0.003 0.036 22.531 0.015 22.541 24.273 0.001 24.27 24.171 0 24.165
0.066 0.00199999999999999 0.068 0.033 0.003 0.036 22.791 0.01 22.796 24.511 0 24.506 24.363 0 24.358
0.065 0.004 0.069 0.035 0.001 0.036 22.854 0.02 22.869 24.21 0 24.205 24.515 0 24.509
0.062 0.005 0.067 0.032 0.003 0.036 22.4 0.014 22.409 24.314 0 24.309 24.137 0 24.131
0.061 0.005 0.067 0.031 0.004 0.035 22.505 0.01 22.508 24.315 0 24.311 24.186 0 24.179
0.064 0.00199999999999999 0.067 0.032 0.004 0.036 22.502 0.011 22.508 24.296 0 24.291 24.157 0 24.152
0.059 0.008 0.067 0.031 0.004 0.036 22.493 0.016 22.502 24.3 0 24.295 24.156 0 24.151
0.06 0.008 0.068 0.034 0.002 0.036 22.521 0.012 22.528 24.352 0 24.347 24.199 0 24.193
0.064 0.004 0.068 0.032 0.003 0.036 22.523 0.008 22.526 24.29 0 24.285 24.161 0 24.155
0.065 0.003 0.067 0.032 0.003 0.036 22.61 0.011 22.615 24.357 0 24.352 24.216 0 24.211
0.064 0.004 0.069 0.034 0.002 0.035 22.332 0.018 22.346 23.709 0 23.704 23.973 0 23.966
0.06 0.004 0.064 0.032 0.003 0.035 22.485 0.011 22.492 24.391 0 24.385 24.507 0 24.501
0.058 0.005 0.063 0.029 0.005 0.034 22.447 0.012 22.454 24.111 0 24.107 23.598 0 23.592
0.064 0.004 0.067 0.032 0.003 0.036 22.716 0.009 22.72 24.437 0 24.436 23.851 0 23.85
0.067 0.001 0.068 0.032 0.004 0.035 22.451 0.013 22.459 23.789 0 23.784 23.588 0 23.582
0.062 0.005 0.067 0.032 0.003 0.035 22.473 0.013 22.481 23.804 0 23.808 23.384 0 23.387
0.067 0.003 0.07 0.033 0.003 0.036 23.385 0.024 23.403 25.298 0 25.293 25.217 0 25.211
0.065 0.003 0.068 0.03 0.006 0.037 24.081 0.015 24.089 25.694 0 25.689 25.549 0 25.544
0.062 0.00199999999999999 0.064 0.034 0.001 0.035 22.454 0.016 22.464 24.31 0 24.305 24.112 0 24.106
0.066 0.002 0.068 0.033 0.003 0.036 22.714 0.015 22.724 24.138 0 24.133 23.968 0 23.962
0.063 0.005 0.068 0.034 0.001 0.035 22.381 0.007 22.382 24.146 0 24.141 24.018 0 24.012
0.066 0.002 0.068 0.031 0.005 0.036 22.773 0.012 22.78 24.512 0 24.507 24.379 0 24.373
0.065 0.002 0.067 0.032 0.004 0.036 22.679 0.007 22.681 24.228 0 24.222 24.158 0 24.152
0.062 0.005 0.067 0.033 0.003 0.036 22.359 0.011 22.365 23.958 0 23.953 23.813 0 23.806
0.065 0.005 0.07 0.031 0.005 0.036 23.546 0.014 23.555 25.161 0 25.155 25.079 0 25.074
0.064 0.004 0.068 0.032 0.004 0.035 22.689 0.016 22.7 24.487 0 24.482 24.343 0 24.337
0.066 0.00199999999999999 0.067 0.032 0.003 0.036 22.582 0.011 22.588 24.398 0 24.393 24.28 0 24.273
0.06 0.003 0.063 0.032 0.003 0.035 21.997 0.01 22.003 23.837 0 23.833 23.71 0 23.703
0.065 0.00199999999999999 0.067 0.034 0.002 0.036 23.088 0.008 23.09 24.681 0 24.677 24.577 0 24.571
0.06 0.008 0.068 0.032 0.004 0.036 24.687 0.01 24.691 26.502 0 26.496 26.3 0 26.294
0.06 0.004 0.064 0.03 0.004 0.035 22.227 0.013 22.234 24.13 0 24.125 24.361 0 24.355
0.058 0.00600000000000001 0.064 0.03 0.004 0.034 22.112 0.018 22.125 23.969 0 23.965 24.282 0 24.277
0.065 0.003 0.068 0.036 0 0.035 22.411 0.013 22.419 23.846 0 23.841 23.592 0 23.586
0.065 0.002 0.068 0.032 0.004 0.036 22.9 0.013 22.907 24.763 0 24.757 24.609 0 24.604
0.065 0.003 0.068 0.034 0.002 0.036 23.67 0.015 23.68 25.37 0 25.365 25.314 0 25.308
0.062 0.005 0.067 0.033 0.003 0.036 22.585 0.014 22.594 24.309 0 24.304 24.206 0 24.2
0.065 0.003 0.068 0.033 0.003 0.036 23.476 0.009 23.479 25.165 0 25.16 25.026 0 25.021
0.063 0.006 0.069 0.032 0.004 0.036 22.914 0.012 22.92 24.641 0 24.637 24.489 0 24.484
0.067 0.001 0.068 0.032 0.003 0.035 22.343 0.019 22.356 24.067 0 24.063 23.998 0 23.992
0.058 0.006 0.063 0.032 0.002 0.035 22.026 0.018 22.039 23.887 0.001 23.883 24.158 0 24.151
0.065 0.003 0.068 0.034 0.002 0.036 23.251 0.015 23.261 24.97 0 24.964 24.903 0 24.898
0.065 0.001 0.066 0.034 0.002 0.036 21.95 0.022 21.967 23.944 0 23.939 24.14 0 24.134
0.063 0.004 0.067 0.033 0.003 0.036 22.496 0.013 22.504 24.243 0 24.238 24.129 0 24.123
0.059 0.00700000000000001 0.067 0.034 0.00199999999999999 0.035 22.22 0.014 22.23 23.992 0 23.987 23.81 0 23.804
0.061 0.006 0.068 0.031 0.005 0.035 22.524 0.00700000000000001 22.527 24.154 0 24.15 24.042 0 24.035
0.066 0.001 0.068 0.033 0.00199999999999999 0.036 22.21 0.019 22.223 24.077 0 24.072 23.924 0 23.918
0.059 0.009 0.068 0.034 0.002 0.036 22.756 0.012 22.763 23.777 0 23.78 23.695 0 23.702
0.06 0.008 0.068 0.033 0.004 0.036 23.609 0.012 23.616 25.398 0 25.393 25.256 0 25.249
0.065 0.003 0.068 0.033 0.002 0.035 23.549 0.015 23.558 25.163 0 25.158 25.123 0 25.117
0.063 0.005 0.068 0.032 0.003 0.036 22.541 0.009 22.545 24.305 0 24.3 24.149 0 24.143
0.061 0.003 0.065 0.034 0.001 0.034 23.495 0.009 23.498 25.245 0 25.24 25.29 0 25.285
0.063 0.005 0.068 0.03 0.006 0.036 22.326 0.014 22.335 24.119 0 24.114 23.987 0 23.981
0.067 0.001 0.067 0.034 0.001 0.036 22.518 0.011 22.524 23.945 0 23.939 24.131 0 24.126
0.061 0.00600000000000001 0.066 0.03 0.005 0.036 22.592 0.012 22.598 24.033 0 24.028 23.801 0 23.794
0.063 0.005 0.068 0.033 0.002 0.035 22.611 0.017 22.623 24.364 0 24.359 24.229 0 24.223
0.063 0.005 0.068 0.032 0.003 0.035 22.429 0.011 22.435 24.218 0 24.213 24.077 0 24.071
0.069 0 0.068 0.033 0.002 0.036 22.529 0.013 22.537 24.274 0.001 24.269 24.106 0 24.102
0.066 0.002 0.067 0.034 0.001 0.036 22.694 0.016 22.704 24.437 0 24.432 24.315 0 24.311
0.065 0.003 0.068 0.031 0.005 0.036 22.472 0.018 22.485 23.637 0 23.64 23.101 0 23.103
0.061 0.006 0.067 0.029 0.007 0.036 22.71 0.015 22.718 24.466 0 24.462 24.32 0 24.313
0.065 0.003 0.068 0.032 0.004 0.036 23.733 0.011 23.738 25.497 0 25.492 25.29 0 25.285
0.063 0.004 0.066 0.034 0.001 0.036 22.429 0.018 22.441 24.179 0 24.174 24.067 0 24.061
0.065 0.003 0.068 0.031 0.004 0.036 22.373 0.006 22.373 24.124 0 24.12 23.959 0 23.952
0.063 0.005 0.068 0.033 0.003 0.036 22.85 0.015 22.859 24.698 0 24.694 24.568 0 24.563
0.062 0.005 0.067 0.031 0.005 0.035 22.417 0.012 22.423 24.175 0 24.171 24.044 0 24.038
0.061 0.007 0.068 0.032 0.004 0.036 23.063 0.009 23.068 24.696 0 24.69 24.266 0 24.262
0.066 0.002 0.068 0.034 0.001 0.035 22.521 0.02 22.535 23.891 0 23.887 23.71 0 23.705
0.063 0.005 0.068 0.036 0 0.036 22.722 0.016 22.734 23.988 0 23.99 23.589 0 23.594
0.057 0.00600000000000001 0.063 0.031 0.003 0.035 22.523 0.012 22.53 24.352 0 24.347 24.203 0 24.198
0.062 0.001 0.063 0.031 0.004 0.034 21.845 0.009 21.85 23.738 0 23.733 23.998 0 23.993
0.061 0.006 0.0669999999999999 0.033 0.001 0.035 22.187 0.01 22.195 23.955 0 23.95 23.637 0 23.642
0.063 0.004 0.067 0.03 0.005 0.036 22.256 0.012 22.263 23.573 0 23.583 23.167 0 23.171
0.064 0.004 0.068 0.034 0.002 0.036 22.703 0.01 22.708 24.492 0 24.487 24.336 0 24.33
0.065 0.002 0.067 0.035 0.001 0.036 22.562 0.013 22.57 23.996 0.001 24.002 23.483 0 23.492
0.066 0.00199999999999999 0.068 0.031 0.004 0.035 22.352 0.016 22.363 24.146 0 24.141 24.015 0 24.009
0.065 0.003 0.068 0.031 0.005 0.035 22.424 0.012 22.432 24.162 0 24.157 24.024 0 24.018
0.063 0.001 0.064 0.033 0.002 0.035 21.99 0.00800000000000001 21.993 23.843 0 23.839 24.23 0 24.224
0.062 0.005 0.067 0.034 0.002 0.036 22.726 0.011 22.732 24.582 0 24.578 24.419 0 24.412
0.065 0.00199999999999999 0.068 0.033 0.003 0.035 22.982 0.014 22.991 24.687 0 24.681 24.56 0 24.555
0.059 0.005 0.064 0.03 0.005 0.035 22.874 0.018 22.887 24.624 0 24.619 24.473 0 24.468
0.064 0.004 0.067 0.03 0.005 0.036 22.377 0.016 22.387 24.12 0 24.116 24.003 0 23.997
0.065 0.003 0.067 0.032 0.003 0.035 22.326 0.007 22.335 23.583 0 23.585 23.374 0 23.377
0.061 0.007 0.068 0.034 0.001 0.036 23.01 0.012 23.016 24.744 0 24.74 24.455 0 24.456
0.063 0.005 0.068 0.036 0 0.036 22.496 0.014 22.505 24.227 0 24.222 24.094 0 24.088
0.065 0.00199999999999999 0.067 0.033 0.003 0.036 22.483 0.012 22.49 24.242 0 24.236 24.098 0 24.093
0.056 0.006 0.063 0.031 0.004 0.034 21.741 0.016 21.754 23.753 0 23.747 23.92 0 23.914
0.064 0.004 0.068 0.034 0.002 0.036 23.679 0.01 23.683 25.422 0 25.416 25.354 0 25.349
0.0649999999999999 0.003 0.068 0.032 0.003 0.036 22.454 0.013 22.461 23.868 0 23.865 24.157 0 24.15
0.064 0.004 0.068 0.034 0.002 0.036 23.182 0.012 23.188 25.028 0 25.023 24.845 0 24.841
0.067 0 0.067 0.032 0.004 0.036 22.338 0.015 22.348 24.127 0.002 24.125 24.003 0 23.996
0.064 0.004 0.068 0.036 0 0.035 22.669 0.01 22.677 23.98 0 23.984 23.556 0 23.556
0.066 0.002 0.068 0.033 0.003 0.036 22.416 0.016 22.427 24.258 0 24.253 24.098 0 24.092
0.067 0.001 0.068 0.031 0.004 0.035 22.982 0.01 22.986 24.728 0 24.723 24.586 0 24.58
0.064 0.004 0.068 0.031 0.004 0.035 22.53 0.01 22.536 24.396 0 24.39 24.261 0 24.255
0.064 0.004 0.068 0.032 0.003 0.035 22.463 0.015 22.473 24.244 0.001 24.24 24.095 0.002 24.091
0.063 0.005 0.068 0.033 0.003 0.035 22.404 0.012 22.412 24.127 0 24.123 23.984 0 23.977
0.064 0.003 0.067 0.033 0.002 0.035 22.43 0.013 22.438 23.919 0 23.921 23.122 0 23.122
0.066 0.000999999999999994 0.067 0.032 0.003 0.035 22.35 0.01 22.355 23.695 0 23.692 23.434 0 23.427
0.062 0.002 0.064 0.034 0.001 0.034 22.617 0.014 22.626 24.404 0 24.398 24.295 0 24.289
0.065 0.003 0.068 0.032 0.003 0.036 22.531 0.019 22.544 23.941 0 23.936 23.761 0 23.756
0.063 0.004 0.068 0.034 0.001 0.036 22.458 0.012 22.465 24.218 0 24.213 24.099 0 24.092
0.068 0.001 0.068 0.032 0.003 0.036 22.341 0.01 22.345 24.068 0.001 24.064 23.933 0 23.926
0.06 0.008 0.068 0.03 0.006 0.036 22.222 0.012 22.229 24.061 0 24.056 23.897 0 23.891
0.065 0.002 0.067 0.031 0.005 0.036 22.598 0.01 22.609 23.892 0 23.892 23.468 0 23.475
0.062 0.004 0.066 0.034 0.001 0.036 22.615 0.011 22.619 24.379 0 24.374 24.281 0 24.275
0.064 0.004 0.068 0.033 0.003 0.036 24.607 0.013 24.615 26.488 0 26.481 26.043 0 26.047
0.065 0.003 0.068 0.033 0.003 0.035 22.458 0.012 22.465 24.217 0.001 24.213 24.035 0 24.029
0.06 0.00600000000000001 0.0659999999999999 0.03 0.004 0.035 22.925 0.008 22.927 24.711 0 24.707 24.533 0 24.527
0.064 0.004 0.067 0.032 0.003 0.035 22.428 0.012 22.435 24.207 0 24.202 24.104 0 24.098
0.058 0.00600000000000001 0.064 0.031 0.003 0.034 22.388 0.01 22.393 24.216 0 24.211 24.101 0 24.095
0.063 0.005 0.067 0.032 0.003 0.036 22.899 0.007 22.899 24.688 0 24.683 24.457 0 24.452
0.057 0.006 0.063 0.033 0.00199999999999999 0.035 22.065 0.00900000000000001 22.069 24.099 0 24.093 24.188 0 24.182
0.056 0.007 0.063 0.033 0.002 0.035 22.429 0.008 22.432 24.251 0 24.246 24.076 0 24.071
0.058 0.005 0.064 0.034 0.001 0.035 22.756 0.015 22.782 24.724 0 24.736 24.889 0.002 24.905
0.061 0.006 0.067 0.034 0.002 0.035 22.513 0.016 22.525 24.317 0 24.312 24.13 0 24.123
0.064 0.005 0.069 0.033 0.003 0.036 22.769 0.012 22.776 24.518 0 24.513 24.361 0 24.355
0.062 0.006 0.068 0.034 0.002 0.036 22.418 0.013 22.426 24.208 0 24.204 24.077 0 24.07
0.058 0.005 0.063 0.029 0.005 0.034 22.552 0.011 22.557 24.248 0 24.244 24.136 0 24.129
0.057 0.01 0.067 0.032 0.003 0.035 22.391 0.015 22.401 24.188 0 24.183 24.012 0 24.006
0.064 0.004 0.068 0.033 0.003 0.036 22.973 0.014 22.982 24.732 0 24.727 24.56 0 24.555
0.066 0.003 0.068 0.032 0.003 0.036 22.596 0.015 22.605 24.385 0 24.38 24.224 0 24.218
0.064 0.004 0.069 0.034 0.002 0.035 22.867 0.015 22.878 24.581 0 24.575 24.493 0 24.488
0.061 0.007 0.067 0.033 0.00199999999999999 0.036 22.472 0.015 22.482 24.259 0 24.254 24.123 0 24.117
0.064 0.003 0.067 0.033 0.002 0.035 22.261 0.013 22.276 23.693 0 23.701 23.341 0 23.336
0.065 0.003 0.068 0.033 0.002 0.036 22.711 0.016 22.721 24.252 0 24.248 23.939 0 23.932
0.063 0.004 0.067 0.029 0.006 0.035 22.545 0.00800000000000001 22.548 24.062 0 24.057 23.779 0 23.774
0.06 0.002 0.063 0.031 0.004 0.034 22.322 0.012 22.33 24.082 0 24.075 23.934 0 23.929
0.066 0.002 0.068 0.031 0.004 0.035 22.41 0.011 22.416 24.188 0 24.183 24.017 0 24.011
0.065 0.003 0.067 0.034 0.001 0.036 22.578 0.015 22.587 24.235 0.002 24.232 24.099 0 24.093
0.063 0.005 0.067 0.033 0.002 0.036 22.508 0.014 22.516 24.361 0 24.357 24.236 0 24.229
0.063 0.005 0.068 0.031 0.003 0.035 22.917 0.014 22.925 24.705 0 24.7 24.58 0 24.575
0.066 0.002 0.068 0.034 0.001 0.036 22.47 0.011 22.476 24.218 0.001 24.214 24.076 0 24.07
0.062 0.006 0.067 0.034 0.002 0.037 22.255 0.018 22.275 23.599 0 23.597 23.243 0 23.243
0.065 0.002 0.067 0.031 0.005 0.036 22.24 0.011 22.256 23.576 0 23.578 23.19 0 23.191
0.061 0.007 0.067 0.034 0.002 0.036 22.716 0.014 22.725 24.414 0 24.409 24.338 0 24.332
0.058 0.006 0.064 0.032 0.003 0.035 22.859 0.015 22.868 24.809 0 24.804 24.691 0 24.686
0.061 0.00600000000000001 0.067 0.032 0.003 0.036 22.337 0.01 22.34 24.124 0 24.12 23.867 0 23.861
0.067 0.004 0.07 0.034 0.002 0.036 22.658 0.01 22.662 24.386 0 24.382 24.254 0 24.248
0.062 0.006 0.068 0.033 0.003 0.036 23.026 0.014 23.035 24.631 0 24.625 24.466 0 24.461
0.066 0.002 0.068 0.034 0.001 0.035 22.575 0.012 22.581 24.291 0 24.287 24.205 0 24.2
0.065 0.003 0.068 0.033 0.003 0.036 22.984 0.00899999999999999 22.989 24.569 0 24.57 24.018 0 24.018
0.066 0.00199999999999999 0.068 0.034 0.001 0.036 22.907 0.015 22.915 24.684 0 24.679 24.583 0 24.578
0.064 0.004 0.068 0.032 0.004 0.036 22.797 0.011 22.803 24.564 0 24.558 24.45 0 24.444
0.064 0.004 0.067 0.034 0.000999999999999994 0.036 22.598 0.00900000000000001 22.601 24.392 0 24.387 24.273 0 24.267
0.057 0.007 0.064 0.033 0.001 0.034 22.684 0.013 22.692 24.427 0 24.421 24.283 0 24.277
0.064 0.004 0.068 0.033 0.003 0.036 22.105 0.013 22.123 23.49 0 23.495 23.145 0 23.144
0.065 0.004 0.069 0.032 0.004 0.035 22.269 0.015 22.279 24.022 0 24.017 23.593 0 23.595
0.057 0.01 0.067 0.033 0.00199999999999999 0.035 22.399 0.013 22.407 24.102 0 24.097 23.963 0 23.958
0.064 0.005 0.069 0.034 0.002 0.036 22.768 0.019 22.781 24.431 0.001 24.428 24.313 0 24.306
0.061 0.008 0.069 0.036 0 0.036 22.843 0.015 22.853 24.513 0 24.508 24.369 0 24.363
0.06 0.007 0.068 0.034 0.002 0.035 22.888 0.017 22.9 24.701 0 24.696 24.555 0 24.55
0.063 0.005 0.068 0.034 0.002 0.035 22.274 0.013 22.282 24.027 0 24.023 23.919 0 23.914
0.061 0.003 0.064 0.034 0 0.034 22.629 0.01 22.636 23.885 0 23.893 23.467 0 23.469
