0.061 0.006 0.0669999999999999 0.034 0.001 0.036 22.513 0.013 22.521 24.117 0 24.113 23.662 0 23.657
0.063 0.004 0.067 0.034 0.000999999999999994 0.0349999999999999 22.465 0.013 22.473 24.06 0 24.055 24.091 0 24.086
0.061 0.003 0.064 0.034 0 0.0349999999999999 22.506 0.00700000000000001 22.507 24.291 0 24.287 24.135 0 24.128
0.06 0.007 0.068 0.034 0.002 0.036 22.338 0.018 22.351 24.112 0 24.107 23.995 0 23.988
0.065 0.004 0.068 0.034 0.002 0.036 22.495 0.017 22.507 24.209 0 24.204 24.07 0 24.064
0.063 0.004 0.067 0.032 0.004 0.036 22.393 0.013 22.4 24.226 0 24.222 24.092 0 24.086
0.063 0.004 0.068 0.032 0.004 0.035 22.382 0.011 22.388 24.172 0 24.167 23.998 0 23.993
0.062 0.007 0.07 0.034 0.002 0.036 22.551 0.01 22.556 23.886 0.001 23.895 23.421 0 23.426
0.061 0.005 0.067 0.031 0.004 0.035 22.414 0.011 22.419 24.145 0 24.142 23.978 0 23.975
0.0659999999999999 0.002 0.113 0.03 0.00600000000000001 0.035 22.498 0.015 22.508 24.326 0 24.32 24.185 0 24.18
0.059 0.004 0.063 0.034 0.001 0.035 22.576 0.011 22.581 24.468 0 24.463 24.343 0 24.337
0.063 0.006 0.114 0.032 0.002 0.034 23.188 0.013 23.196 24.988 0 24.983 24.846 0 24.84
0.065 0.006 0.071 0.035 0.001 0.036 22.897 0.019 22.911 24.471 0 24.474 23.89 0 23.895
0.063 0.00600000000000001 0.069 0.034 0.002 0.035 24.814 0.012 24.821 26.607 0 26.601 26.342 0 26.343
0.063 0.007 0.07 0.033 0.003 0.036 22.619 0.018 22.633 24.374 0 24.369 24.251 0 24.244
0.064 0.007 0.071 0.032 0.004 0.036 24.671 0.018 24.683 26.509 0 26.504 26.234 0 26.23
0.065 0.003 0.067 0.032 0.004 0.035 22.468 0.016 22.495 23.884 0.001 23.894 24.14 0 24.15
0.064 0.004 0.068 0.032 0.003 0.0359999999999999 22.461 0.014 22.47 24.193 0 24.188 24.071 0 24.064
0.064 0.004 0.068 0.031 0.004 0.035 22.529 0.007 22.531 24.048 0 24.05 23.486 0 23.488
0.062 0.009 0.0730000000000001 0.035 0.002 0.036 23.585 0.014 23.594 25.32 0 25.315 25.186 0 25.181
0.0679999999999999 0.002 0.082 0.031 0.005 0.036 22.418 0.012 22.424 24.279 0 24.274 24.06 0 24.055
0.06 0.004 0.096 0.033 0.002 0.035 22.683 0.014 22.691 24.401 0 24.397 24.275 0 24.269
0.059 0.004 0.095 0.035 0 0.034 22.314 0.009 22.319 24.053 0 24.048 23.926 0 23.919
0.065 0.004 0.069 0.034 0.002 0.036 23.738 0.011 23.743 25.405 0 25.4 25.289 0 25.283
0.063 0.004 0.067 0.035 0.001 0.0359999999999999 22.6 0.015 22.61 24.374 0.001 24.37 24.241 0 24.235
0.067 0.002 0.069 0.033 0.002 0.035 23.016 0.014 23.024 24.768 0 24.764 24.617 0 24.612
0.06 0.007 0.067 0.034 0.002 0.036 22.456 0.009 22.46 24.27 0 24.265 24.159 0 24.153
0.065 0.004 0.068 0.032 0.004 0.036 22.996 0.013 23.004 24.435 0 24.43 24.669 0 24.665
0.063 0.004 0.0680000000000001 0.035 0.000999999999999994 0.035 22.34 0.009 22.344 24.115 0.001 24.111 23.988 0 23.983
0.066 0.002 0.067 0.032 0.003 0.035 22.39 0.009 22.395 24.141 0 24.137 24.021 0 24.014
0.064 0.005 0.069 0.032 0.003 0.035 23.534 0.015 23.543 25.441 0 25.436 25.349 0 25.343
0.067 0.000999999999999994 0.068 0.033 0.003 0.035 22.395 0.013 22.404 24.191 0 24.185 24.037 0 24.031
0.066 0.00199999999999999 0.068 0.032 0.004 0.036 22.375 0.007 22.384 23.659 0 23.661 23.266 0 23.27
0.064 0.003 0.067 0.031 0.005 0.036 22.462 0.015 22.472 24.183 0 24.178 23.85 0 23.853
0.064 0.00600000000000001 0.108 0.034 0.000999999999999994 0.036 22.486 0.012 22.492 24.276 0 24.272 24.217 0 24.211
0.066 0.002 0.068 0.034 0.002 0.036 22.882 0.014 22.891 24.702 0 24.697 24.544 0 24.538
0.0649999999999999 0.004 0.112 0.032 0.004 0.035 22.93 0.012 22.938 24.675 0.001 24.671 24.499 0 24.494
0.065 0.003 0.0679999999999999 0.03 0.005 0.036 22.683 0.013 22.69 24.495 0 24.49 24.369 0 24.363
0.062 0.007 0.07 0.032 0.003 0.035 22.717 0.016 22.727 24.471 0 24.466 24.337 0 24.33
0.062 0.005 0.067 0.033 0.003 0.036 22.526 0.016 22.537 24.249 0 24.244 24.12 0 24.113
0.056 0.00600000000000001 0.063 0.033 0.00199999999999999 0.034 21.758 0.013 21.766 23.817 0 23.812 23.939 0 23.933
0.063 0.005 0.068 0.03 0.006 0.035 22.809 0.01 22.83 24.061 0 24.07 24.308 0 24.319
0.067 0.001 0.069 0.034 0.002 0.036 23.293 0.00899999999999999 23.296 25.084 0 25.079 24.975 0 24.969
0.058 0.005 0.063 0.033 0.00199999999999999 0.035 22.509 0.014 22.519 24.273 0 24.267 24.146 0 24.14
0.068 0.003 0.07 0.035 0.001 0.036 23.162 0.017 23.173 24.944 0 24.939 24.761 0 24.756
0.064 0.003 0.067 0.033 0.003 0.036 22.689 0.012 22.697 24.466 0 24.46 24.34 0 24.334
0.065 0.003 0.068 0.033 0.002 0.035 22.988 0.007 22.99 24.43 0 24.433 23.853 0 23.854
0.0649999999999999 0.00600000000000001 0.072 0.033 0.004 0.036 23.05 0.012 23.057 24.737 0 24.731 24.597 0 24.592
0.064 0.005 0.0910000000000001 0.034 0.001 0.0359999999999999 22.553 0.007 22.554 24.365 0 24.359 24.237 0 24.232
0.067 0 0.066 0.032 0.003 0.036 22.591 0.007 22.593 24.139 0 24.133 23.854 0.001 23.85
0.064 0.006 0.071 0.033 0.003 0.036 23.085 0.02 23.1 24.928 0 24.923 24.77 0 24.764
0.066 0.003 0.096 0.031 0.005 0.036 22.958 0.015 22.968 24.797 0 24.792 24.74 0 24.735
0.063 0.005 0.068 0.036 0 0.036 24.847 0.01 24.851 25.966 0 25.961 26.006 0 26
0.061 0.007 0.068 0.032 0.003 0.036 22.256 0.008 22.259 24.01 0 24.005 23.869 0 23.863
0.066 0.002 0.069 0.031 0.004 0.035 24.737 0.015 24.746 26.333 0 26.327 26.153 0 26.147
0.063 0.006 0.069 0.032 0.003 0.035 22.483 0.018 22.496 24.263 0 24.258 24.136 0 24.13
0.061 0.007 0.068 0.032 0.003 0.035 22.316 0.012 22.323 24.048 0 24.044 23.907 0 23.901
0.058 0.00899999999999999 0.0670000000000001 0.033 0.003 0.0359999999999999 22.774 0.01 22.778 24.494 0 24.489 24.353 0 24.347
0.059 0.008 0.068 0.03 0.00599999999999999 0.035 22.429 0.013 22.437 24.155 0 24.15 24.036 0 24.031
0.064 0.005 0.069 0.031 0.004 0.035 22.571 0.012 22.578 24.352 0 24.347 24.204 0 24.198
0.064 0.004 0.067 0.033 0.002 0.036 22.632 0.012 22.64 24.347 0 24.342 24.22 0 24.214
0.061 0.006 0.067 0.032 0.004 0.036 22.828 0.012 22.835 24.605 0 24.6 24.475 0 24.469
0.065 0.003 0.067 0.034 0.001 0.036 23.008 0.013 23.016 24.805 0 24.799 24.639 0 24.635
0.056 0.006 0.063 0.034 0.001 0.035 21.96 0.018 21.973 23.876 0 23.871 24.145 0 24.139
0.062 0.007 0.098 0.033 0.003 0.036 22.793 0.015 22.802 24.569 0 24.565 24.411 0 24.404
0.064 0.005 0.069 0.033 0.003 0.035 24.685 0.014 24.694 26.415 0 26.409 26.23 0 26.224
0.066 0.003 0.103 0.034 0.001 0.035 22.904 0.007 22.905 24.619 0 24.614 24.537 0 24.532
0.06 0.005 0.065 0.034 0.001 0.0359999999999999 22.349 0.011 22.354 24.133 0 24.127 23.985 0 23.978
0.064 0.003 0.067 0.034 0.002 0.036 22.591 0.012 22.597 24.376 0 24.371 24.256 0 24.25
0.062 0.00600000000000001 0.069 0.032 0.004 0.035 23.575 0.011 23.58 25.158 0 25.153 25.16 0 25.155
0.056 0.007 0.063 0.031 0.004 0.035 22.007 0.01 22.012 24.053 0 24.049 24.169 0 24.162
0.057 0.00600000000000001 0.063 0.034 0.001 0.035 22.101 0.011 22.108 23.966 0 23.964 24.217 0 24.211
0.066 0.002 0.068 0.033 0.003 0.036 23.614 0.013 23.621 25.451 0 25.446 25.365 0.001 25.36
0.059 0.004 0.063 0.032 0.003 0.035 22.258 0.012 22.264 23.82 0 23.816 23.744 0 23.737
0.067 0.004 0.071 0.033 0.002 0.036 22.411 0.014 22.42 24.116 0 24.11 23.986 0 23.981
0.06 0.008 0.067 0.032 0.003 0.035 22.505 0.01 22.511 24.24 0 24.235 24.102 0 24.096
0.068 0.004 0.071 0.037 0.00199999999999999 0.039 27.893 0.014 27.901 28.94 0 28.934 29.435 0 29.429
0.068 0.003 0.0870000000000001 0.035 0.001 0.0359999999999999 23.455 0.011 23.461 25.315 0 25.309 25.176 0 25.17
0.061 0.007 0.068 0.032 0.003 0.036 23.182 0.013 23.189 24.896 0 24.89 24.743 0 24.738
0.07 0.004 0.088 0.038 0.004 0.043 24.244 0.109 24.612 24.588 0 24.584 24.483 0 24.477
0.064 0.003 0.067 0.034 0.002 0.036 22.664 0.011 22.669 24.22 0 24.215 23.904 0 23.899
0.067 0.002 0.0970000000000001 0.032 0.004 0.0359999999999999 22.767 0.018 22.78 24.545 0 24.54 24.404 0 24.398
0.063 0.004 0.067 0.033 0.003 0.036 22.637 0.012 22.644 24.077 0 24.071 24.255 0 24.251
0.069 0.00199999999999999 0.073 0.034 0.002 0.035 25.038 0.017 25.049 26.814 0 26.808 26.774 0 26.768
0.065 0.003 0.068 0.033 0.00199999999999999 0.035 22.751 0.017 22.762 24.4 0 24.396 24.266 0 24.26
0.061 0.007 0.068 0.032 0.004 0.036 23.598 0.008 23.6 25.383 0 25.378 25.262 0 25.257
0.062 0.005 0.067 0.035 0.000999999999999994 0.035 22.545 0.018 22.559 24.379 0 24.374 24.226 0 24.219
0.062 0.005 0.068 0.031 0.005 0.035 22.492 0.013 22.501 23.959 0 23.954 23.688 0 23.682
0.0669999999999999 0.005 0.0740000000000001 0.038 0.004 0.0439999999999999 26.621 0.226 27.496 28.808 0.232 29.734 27.997 0.218 28.798
0.064 0.004 0.067 0.034 0.001 0.036 22.306 0.017 22.317 24.074 0 24.069 23.916 0 23.91
0.064 0.004 0.0710000000000001 0.033 0.003 0.0349999999999999 22.719 0.012 22.726 24.395 0 24.39 24.309 0 24.304
0.063 0.004 0.068 0.031 0.005 0.035 22.308 0.01 22.312 24.123 0 24.117 23.995 0 23.989
0.062 0.005 0.067 0.03 0.00600000000000001 0.036 22.363 0.01 22.368 24.204 0 24.199 24.072 0 24.066
0.062 0.006 0.068 0.032 0.004 0.036 22.901 0.014 22.909 24.671 0 24.666 24.468 0 24.463
0.058 0.009 0.067 0.034 0.000999999999999994 0.035 22.393 0.015 22.403 24.142 0 24.137 24.014 0 24.008
0.064 0.004 0.069 0.036 0 0.035 22.531 0.021 22.547 24.313 0 24.308 24.191 0 24.186
0.064 0.004 0.067 0.034 0.001 0.036 22.575 0.009 22.593 23.967 0 23.977 23.317 0 23.325
0.06 0.007 0.067 0.034 0.000999999999999994 0.035 22.06 0.01 22.065 23.705 0 23.7 23.562 0 23.557
0.07 0.001 0.181 0.031 0.004 0.035 22.95 0.01 22.955 24.769 0 24.784 24.658 0 24.653
0.061 0.00199999999999999 0.063 0.034 0.001 0.035 22.44 0.014 22.448 24.256 0 24.252 24.135 0 24.129
0.062 0.005 0.068 0.033 0.003 0.035 22.417 0.01 22.423 24.116 0 24.11 23.948 0 23.942
0.06 0.003 0.063 0.034 0.001 0.035 22.348 0.015 22.357 24.312 0 24.306 24.446 0 24.441
0.064 0.004 0.069 0.035 0.001 0.035 23.103 0.01 23.107 24.817 0 24.812 24.676 0 24.671
0.063 0.004 0.067 0.031 0.005 0.036 23.552 0.009 23.555 25.207 0 25.202 25.179 0 25.172
0.066 0.004 0.07 0.034 0.002 0.036 22.909 0.013 22.917 24.678 0 24.673 24.598 0 24.592
0.058 0.006 0.064 0.032 0.002 0.034 23.976 0.01 23.981 26.04 0.00199999999999999 26.038 26.232 0.001 26.227
0.068 0.005 0.089 0.035 0.001 0.037 23.244 0.012 23.249 25.224 0 25.218 25.074 0 25.069
0.067 0.002 0.095 0.035 0.001 0.036 22.632 0.012 22.639 24.444 0 24.439 24.295 0 24.289
0.063 0.004 0.067 0.034 0.002 0.036 22.472 0.018 22.486 24.243 0 24.237 24.126 0 24.12
0.065 0.004 0.091 0.03 0.005 0.036 22.856 0.01 22.86 24.655 0 24.649 24.512 0 24.508
0.063 0.004 0.067 0.036 0 0.036 23.02 0.014 23.03 24.488 0 24.482 24.26 0 24.254
0.061 0.00800000000000001 0.093 0.033 0.003 0.036 23.135 0.012 23.142 24.811 0 24.806 24.717 0 24.712
0.065 0.004 0.069 0.035 0.001 0.036 23.187 0.009 23.19 24.931 0 24.926 24.829 0 24.824
0.06 0.002 0.063 0.028 0.006 0.035 21.762 0.016 21.786 23.596 0 23.606 23.866 0.001 23.877
0.079 0.005 0.088 0.041 0.001 0.043 26.288 0.219 27.069 24.99 0 24.984 24.854 0 24.848
0.062 0.006 0.067 0.033 0.00199999999999999 0.036 22.296 0.018 22.308 24.025 0 24.019 23.886 0 23.881
0.063 0.005 0.069 0.031 0.005 0.035 22.73 0.009 22.735 24.559 0 24.554 24.452 0 24.446
0.067 0.001 0.068 0.032 0.004 0.036 23.577 0.018 23.589 25.323 0 25.318 25.301 0 25.296
0.061 0.003 0.064 0.028 0.006 0.034 22.637 0.00800000000000001 22.641 24.438 0.001 24.433 24.259 0 24.254
0.066 0.002 0.068 0.033 0.003 0.036 22.643 0.014 22.652 24.149 0 24.144 23.912 0 23.906
0.064 0.004 0.09 0.034 0.002 0.036 23.741 0.008 23.744 25.571 0 25.565 25.316 0 25.311
0.064 0.004 0.068 0.036 0 0.036 22.92 0.012 22.927 24.674 0 24.668 24.548 0 24.543
0.062 0.006 0.0710000000000001 0.033 0.003 0.036 22.901 0.012 22.908 24.744 0 24.738 24.6 0 24.595
0.064 0.004 0.068 0.033 0.003 0.035 24.505 0.018 24.517 26.211 0 26.205 25.742 0 25.742
0.06 0.003 0.063 0.032 0.003 0.035 22.581 0.015 22.591 24.541 0 24.536 24.775 0 24.769
0.066 0.005 0.07 0.033 0.002 0.036 22.434 0.012 22.441 24.131 0 24.126 24.017 0.001 24.013
0.061 0.006 0.067 0.032 0.004 0.036 23.024 0.012 23.031 24.714 0 24.709 24.55 0 24.545
0.0639999999999999 0.004 0.068 0.033 0.002 0.035 23.039 0.01 23.043 24.764 0.001 24.76 24.669 0 24.664
0.067 0.001 0.069 0.033 0.003 0.035 22.57 0.02 22.585 24.359 0 24.355 24.271 0 24.264
0.065 0.002 0.067 0.031 0.004 0.036 22.495 0.012 22.502 23.923 0 23.919 24.2 0 24.194
0.066 0.002 0.068 0.033 0.002 0.035 22.415 0.015 22.425 23.839 0 23.833 23.694 0 23.688
0.07 0.002 0.072 0.034 0.002 0.036 22.798 0.017 22.809 24.476 0 24.471 24.384 0 24.378
0.064 0.004 0.068 0.035 0.001 0.036 22.893 0.007 22.895 24.644 0 24.639 24.507 0 24.502
0.062 0.006 0.0680000000000001 0.035 0.001 0.0359999999999999 22.694 0.022 22.71 24.47 0 24.467 24.35 0 24.344
0.067 0.001 0.071 0.035 0.001 0.036 23.52 0.013 23.526 25.326 0 25.322 25.201 0 25.196
0.062 0.006 0.068 0.035 0.001 0.036 23.096 0.015 23.106 24.837 0 24.831 24.727 0.00199999999999999 24.724
0.06 0.003 0.063 0.032 0.002 0.034 22.01 0.014 22.018 23.856 0 23.852 23.722 0 23.716
0.065 0.003 0.068 0.035 0.001 0.036 22.743 0.011 22.749 24.46 0 24.455 24.348 0 24.342
0.0679999999999999 0.004 0.074 0.032 0.004 0.037 23.267 0.011 23.271 25.077 0 25.072 24.922 0 24.916
0.066 0.00199999999999999 0.0700000000000001 0.033 0.003 0.0359999999999999 22.608 0.016 22.619 24.384 0 24.38 24.238 0 24.232
0.069 0.002 0.071 0.032 0.003 0.035 22.793 0.013 22.815 24.207 0.00199999999999999 24.219 24.05 0.001 24.06
0.065 0.004 0.069 0.031 0.004 0.036 22.306 0.00900000000000001 22.309 24.053 0 24.05 23.92 0 23.913
0.061 0.006 0.067 0.031 0.004 0.035 22.489 0.017 22.501 24.328 0 24.323 24.17 0 24.164
0.063 0.008 0.1 0.033 0.004 0.036 23.435 0.011 23.441 25.226 0 25.22 25.107 0 25.102
0.063 0.004 0.068 0.032 0.003 0.035 22.239 0.013 22.247 24.016 0 24.011 23.892 0 23.885
0.072 0.000999999999999994 0.073 0.032 0.004 0.035 22.615 0.019 22.63 24.399 0 24.394 24.233 0 24.229
0.066 0.002 0.068 0.035 0 0.035 23.01 0.011 23.016 24.77 0.001 24.766 24.641 0 24.635
0.062 0.005 0.067 0.035 0.001 0.036 22.517 0.01 22.522 24.155 0 24.15 24.045 0 24.039
0.064 0.004 0.068 0.033 0.002 0.036 22.406 0.011 22.411 24.156 0 24.151 24.019 0 24.013
0.064 0.005 0.07 0.033 0.003 0.036 22.537 0.016 22.547 24.255 0 24.25 24.128 0 24.122
0.066 0.002 0.077 0.032 0.004 0.036 23.765 0.013 23.771 25.53 0 25.525 25.474 0 25.468
0.062 0.002 0.065 0.032 0.003 0.034 22.633 0.014 22.643 24.431 0 24.425 24.792 0 24.785
0.066 0.004 0.07 0.035 0 0.035 22.592 0.015 22.602 24.329 0 24.324 24.193 0 24.187
0.064 0.003 0.067 0.033 0.003 0.036 22.315 0.011 22.32 24.048 0.001 24.045 23.933 0 23.928
0.064 0.005 0.07 0.032 0.003 0.035 23.487 0.017 23.497 25.175 0 25.17 25.064 0 25.057
0.061 0.006 0.068 0.03 0.006 0.036 22.347 0.018 22.359 24.121 0 24.117 24.006 0 24
0.057 0.006 0.062 0.034 0 0.035 22.051 0.021 22.082 23.866 0 23.876 24.113 0 24.123
0.064 0.003 0.068 0.033 0.003 0.036 22.647 0.006 22.648 24.41 0 24.405 24.224 0 24.219
0.067 0.001 0.092 0.031 0.005 0.035 22.276 0.013 22.285 24.016 0 24.011 23.897 0 23.891
0.06 0.008 0.069 0.032 0.005 0.036 23.34 0.006 23.341 25.097 0 25.091 24.95 0 24.946
0.064 0.004 0.0680000000000001 0.033 0.00199999999999999 0.0359999999999999 22.351 0.014 22.36 23.662 0 23.664 23.205 0 23.208
0.067 0.000999999999999994 0.067 0.032 0.003 0.036 22.297 0.013 22.305 23.982 0 23.981 23.38 0 23.381
0.0659999999999999 0.003 0.072 0.034 0.00199999999999999 0.036 22.836 0.01 22.841 24.749 0.00199999999999999 24.779 24.59 0 24.584
0.064 0.004 0.09 0.032 0.004 0.035 23.152 0.014 23.161 25.023 0 25.018 24.85 0 24.845
0.065 0.004 0.091 0.033 0.003 0.036 22.768 0.017 22.78 24.463 0 24.458 24.32 0 24.314
0.064 0.003 0.067 0.035 0 0.035 22.382 0.011 22.388 23.81 0 23.805 23.689 0 23.683
0.065 0.003 0.068 0.034 0.001 0.035 22.31 0.021 22.325 24.043 0 24.037 23.903 0 23.898
0.067 0.002 0.07 0.034 0.002 0.035 22.64 0.014 22.65 24.345 0 24.339 24.197 0 24.192
0.063 0.003 0.067 0.034 0.002 0.036 22.565 0.015 22.575 24 0 23.995 24.279 0 24.273
0.061 0.00600000000000001 0.067 0.035 0.000999999999999994 0.036 22.722 0.018 22.735 24.515 0 24.513 23.797 0 23.797
0.062 0.003 0.065 0.033 0.002 0.035 22.465 0.005 22.464 24.28 0 24.276 24.133 0 24.127
0.064 0.004 0.068 0.035 0.001 0.035 22.861 0.00699999999999999 22.863 24.665 0 24.66 24.553 0 24.547
0.064 0.005 0.069 0.032 0.004 0.036 23.529 0.018 23.541 25.207 0 25.202 25.078 0 25.073
0.061 0.002 0.064 0.032 0.003 0.034 23.543 0.008 23.545 25.231 0 25.227 25.138 0 25.131
0.057 0.006 0.062 0.03 0.005 0.035 22.139 0.016 22.15 23.957 0.001 23.954 24.207 0 24.201
0.067 0.002 0.088 0.034 0.001 0.035 22.489 0.015 22.499 24.273 0 24.269 24.108 0 24.102
0.063 0.005 0.0680000000000001 0.035 0.001 0.0359999999999999 24.598 0.01 24.602 26.489 0 26.483 26.343 0 26.338
0.065 0.006 0.092 0.034 0.002 0.037 23.307 0.017 23.318 25.127 0 25.121 24.924 0 24.918
0.062 0.005 0.067 0.036 0 0.036 22.501 0.013 22.509 24.282 0 24.276 24.145 0 24.138
0.062 0.005 0.068 0.032 0.004 0.035 22.666 0.011 22.688 24.063 0 24.073 24.297 0 24.305
0.06 0.009 0.068 0.031 0.005 0.036 23.747 0.013 23.755 25.454 0 25.449 25.4 0 25.395
0.063 0.005 0.068 0.031 0.005 0.035 22.678 0.016 22.689 24.46 0 24.455 24.341 0 24.335
0.056 0.00899999999999999 0.064 0.032 0.003 0.035 22.82 0.012 22.826 24.622 0 24.618 24.465 0.001 24.46
0.065 0.00199999999999999 0.067 0.034 0.001 0.036 22.631 0.014 22.639 23.966 0 23.962 23.845 0 23.839
0.059 0.004 0.064 0.029 0.006 0.034 22.587 0.012 22.594 24.286 0 24.28 24.141 0 24.136
0.061 0.006 0.0679999999999999 0.033 0.003 0.036 22.839 0.016 22.849 24.658 0 24.653 24.491 0 24.486
0.066 0.003 0.0790000000000001 0.034 0.002 0.0359999999999999 22.737 0.011 22.743 24.543 0 24.539 24.392 0 24.386
0.064 0.004 0.0850000000000001 0.035 0.001 0.0359999999999999 22.681 0.00900000000000001 22.685 24.396 0 24.391 24.274 0 24.268
0.055 0.007 0.062 0.032 0.003 0.035 21.833 0.012 21.84 23.921 0 23.916 23.938 0 23.932
0.066 0.009 0.075 0.03 0.006 0.036 23.315 0.014 23.324 25.108 0 25.103 24.947 0 24.943
0.067 0.001 0.068 0.035 0.001 0.036 22.439 0.011 22.445 24.194 0 24.189 24.059 0 24.053
0.064 0.004 0.069 0.034 0.002 0.036 22.767 0.007 22.769 24.569 0.001 24.565 24.445 0 24.438
0.062 0.004 0.066 0.033 0.004 0.036 22.549 0.013 22.558 23.893 0 23.888 23.763 0 23.757
0.064 0.003 0.0670000000000001 0.033 0.002 0.0349999999999999 22.484 0.016 22.495 24.201 0 24.196 24.106 0 24.1
0.069 0 0.09 0.034 0.002 0.036 22.777 0.01 22.781 24.588 0 24.582 24.443 0 24.436
0.065 0.003 0.068 0.032 0.003 0.035 22.716 0.012 22.722 24.295 0 24.29 23.981 0 23.975
0.061 0.007 0.068 0.031 0.004 0.035 22.68 0.014 22.688 24.38 0 24.375 24.28 0 24.274
0.064 0.003 0.068 0.033 0.003 0.035 22.436 0.015 22.446 24.171 0 24.167 24.03 0 24.023
0.063 0.005 0.068 0.033 0.003 0.036 23.069 0.01 23.074 24.822 0 24.817 24.653 0 24.648
0.063 0.004 0.067 0.033 0.003 0.036 22.701 0.015 22.711 24.509 0.001 24.505 24.387 0 24.382
0.065 0.003 0.068 0.036 0 0.036 22.804 0.015 22.814 24.551 0 24.545 24.413 0 24.407
0.066 0.002 0.068 0.034 0.001 0.036 22.406 0.012 22.412 24.158 0 24.153 24.023 0 24.017
0.066 0.00199999999999999 0.0679999999999999 0.034 0.002 0.036 22.521 0.018 22.535 24.246 0 24.241 24.133 0 24.126
0.061 0.008 0.068 0.035 0.000999999999999994 0.036 22.578 0.01 22.582 24.306 0 24.302 24.158 0 24.152
0.065 0.002 0.068 0.033 0.003 0.035 22.49 0.014 22.5 24.28 0 24.274 24.134 0 24.128
0.065 0.003 0.068 0.032 0.004 0.036 22.652 0.021 22.668 24.439 0 24.433 23.88 0.001 23.885
0.059 0.003 0.063 0.033 0.002 0.035 22.138 0.004 22.137 23.963 0 23.958 24.298 0 24.291
0.067 0.00199999999999999 0.104 0.033 0.002 0.035 22.83 0.007 22.831 24.583 0 24.578 24.443 0 24.438
0.059 0.004 0.063 0.032 0.003 0.034 22.597 0.015 22.608 24.357 0 24.351 24.182 0 24.182
0.063 0.005 0.07 0.035 0.001 0.036 22.815 0.018 22.827 24.702 0 24.697 24.568 0 24.563
0.059 0.005 0.064 0.033 0.002 0.035 22.729 0.017 22.743 24.69 0 24.685 24.955 0 24.953
0.07 0.005 0.078 0.035 0.001 0.036 22.757 0.014 22.765 24.6 0 24.596 24.442 0 24.436
0.067 0.002 0.069 0.035 0.001 0.036 24.86 0.014 24.867 26.491 0 26.485 26.438 0 26.433
0.063 0.005 0.0680000000000001 0.034 0.00199999999999999 0.0359999999999999 22.561 0.011 22.567 24.332 0 24.327 24.171 0 24.166
0.061 0.003 0.064 0.034 0.001 0.035 22.363 0.011 22.369 24.166 0 24.16 24.027 0 24.021
0.064 0.004 0.068 0.034 0.002 0.036 23.025 0.011 23.031 24.683 0.001 24.678 24.592 0 24.588
0.064 0.003 0.067 0.033 0.003 0.036 22.673 0.012 22.679 24.184 0 24.179 24.4 0 24.395
0.058 0.009 0.068 0.035 0.001 0.036 22.356 0.016 22.367 24.139 0.001 24.135 23.997 0 23.991
0.064 0.005 0.1 0.034 0.002 0.036 23.304 0.012 23.309 25.151 0 25.145 25.019 0 25.12
0.069 0.007 0.088 0.032 0.004 0.036 22.646 0.015 22.655 24.406 0 24.401 24.266 0 24.261
0.058 0.006 0.064 0.034 0.001 0.035 22.714 0.009 22.717 24.59 0 24.586 24.432 0 24.426
0.06 0.003 0.063 0.033 0.00199999999999999 0.034 22.506 0.018 22.519 24.369 0.001 24.365 24.402 0 24.403
0.064 0.004 0.069 0.034 0.00199999999999999 0.035 22.869 0.019 22.883 24.585 0 24.579 24.485 0 24.481
0.066 0.002 0.069 0.034 0.00199999999999999 0.036 22.637 0.014 22.646 24.428 0 24.422 24.259 0 24.253
0.062 0.004 0.066 0.032 0.004 0.035 22.21 0.015 22.22 23.661 0 23.657 23.842 0 23.837
0.064 0.006 0.069 0.031 0.005 0.036 23.889 0.00600000000000001 23.89 25.547 0 25.541 25.447 0 25.442
0.065 0.003 0.0690000000000001 0.033 0.003 0.0359999999999999 22.286 0.01 22.291 24.06 0 24.062 23.418 0 23.42
0.065 0.004 0.069 0.034 0.002 0.037 23.859 0.015 23.868 25.69 0 25.684 25.596 0 25.59
0.064 0.004 0.068 0.034 0.00199999999999999 0.036 22.9 0.015 22.908 24.73 0 24.725 24.599 0 24.594
0.062 0.005 0.067 0.035 0.001 0.035 22.569 0.007 22.572 24.343 0 24.338 24.215 0 24.208
0.064 0.004 0.067 0.033 0.003 0.036 22.816 0.014 22.824 24.516 0 24.511 24.365 0 24.359
0.066 0.002 0.068 0.03 0.006 0.035 22.485 0.014 22.495 23.938 0 23.933 23.713 0 23.707
0.067 0.003 0.09 0.034 0.000999999999999994 0.035 22.745 0.01 22.75 24.538 0 24.533 24.401 0 24.395
0.058 0.005 0.0629999999999999 0.032 0.002 0.034 22.532 0.013 22.539 24.342 0 24.337 24.216 0 24.21
0.063 0.005 0.068 0.033 0.002 0.036 22.618 0.017 22.629 24.403 0 24.398 24.281 0 24.275
0.0669999999999999 0.001 0.068 0.031 0.004 0.035 22.389 0.016 22.4 23.418 0 23.423 22.943 0 22.945
0.062 0.006 0.068 0.033 0.003 0.036 22.424 0.015 22.433 24.211 0 24.206 24.031 0 24.028
0.063 0.006 0.069 0.034 0.001 0.035 22.233 0.011 22.238 23.95 0 23.945 23.799 0 23.794
0.063 0.004 0.067 0.033 0.003 0.036 22.557 0.011 22.562 24.288 0 24.283 24.174 0 24.168
0.064 0.004 0.068 0.034 0.002 0.036 23.505 0.004 23.504 25.186 0 25.18 24.995 0 24.99
0.063 0.005 0.068 0.035 0.000999999999999994 0.036 22.698 0.009 22.703 24.28 0 24.277 24.412 0 24.408
0.06 0.00899999999999999 0.069 0.034 0.002 0.036 22.488 0.013 22.496 24.225 0.001 24.221 23.704 0 23.707
0.063 0.004 0.068 0.033 0.003 0.035 22.536 0.011 22.543 24.141 0 24.135 24.039 0 24.033
0.065 0.003 0.067 0.032 0.003 0.036 22.716 0.011 22.722 24.514 0 24.509 24.382 0 24.381
0.065 0.003 0.068 0.032 0.004 0.036 23.012 0.012 23.019 24.835 0.001 24.831 24.735 0 24.73
0.061 0.002 0.064 0.032 0.003 0.034 22.361 0.014 22.37 24.116 0.001 24.112 24.033 0 24.027
0.062 0.006 0.0680000000000001 0.035 0 0.0349999999999999 22.337 0.015 22.347 24.102 0 24.096 23.972 0 23.967
0.065 0.003 0.0670000000000001 0.036 0.001 0.0359999999999999 23.397 0.012 23.405 25.102 0 25.097 25.042 0 25.036
0.064 0.004 0.068 0.029 0.00600000000000001 0.035 23.057 0.02 23.071 24.514 0 24.51 24.706 0 24.701
0.056 0.008 0.064 0.035 0.001 0.036 22.661 0.015 22.671 24.398 0 24.393 24.293 0 24.286
0.062 0.00199999999999999 0.063 0.029 0.005 0.035 22.869 0.018 22.882 24.643 0 24.636 24.49 0 24.485
0.069 0.001 0.069 0.033 0.003 0.036 23.441 0.01 23.445 25.148 0 25.144 24.989 0 24.984
0.069 0.005 0.075 0.034 0.002 0.036 22.486 0.017 22.497 24.26 0 24.256 24.139 0 24.133
0.061 0.007 0.068 0.036 0 0.036 22.49 0.012 22.497 24.237 0 24.232 24.128 0 24.122
0.066 0.00199999999999999 0.067 0.036 0 0.036 22.39 0.011 22.396 24.12 0 24.115 23.999 0 23.993
0.066 0.003 0.068 0.031 0.005 0.037 22.776 0.006 22.777 24.514 0 24.509 24.37 0 24.364
0.065 0.003 0.091 0.031 0.004 0.036 22.603 0.012 22.61 24.352 0 24.347 24.25 0 24.243
0.066 0.005 0.0829999999999999 0.035 0.001 0.036 23.113 0.00900000000000001 23.116 24.921 0 24.914 24.768 0 24.764
0.062 0.006 0.068 0.032 0.003 0.035 22.526 0.012 22.533 24.282 0 24.277 24.184 0 24.178
0.065 0.002 0.0869999999999999 0.033 0.003 0.036 22.891 0.011 22.897 24.697 0 24.692 24.608 0 24.602
0.059 0.004 0.064 0.034 0.001 0.034 24.24 0.01 24.245 26.229 0 26.223 26.439 0 26.434
0.068 0.003 0.071 0.031 0.004 0.036 22.526 0.013 22.534 24.215 0 24.21 24.103 0 24.097
0.059 0.00899999999999999 0.068 0.032 0.003 0.036 23.179 0.012 23.186 24.855 0 24.849 24.709 0 24.703
0.061 0.007 0.0680000000000001 0.032 0.004 0.0349999999999999 22.316 0.01 22.321 24.059 0 24.056 23.93 0 23.924
0.061 0.006 0.068 0.034 0.002 0.035 22.721 0.011 22.728 24.126 0 24.124 24.411 0 24.405
0.062 0.00600000000000001 0.069 0.033 0.003 0.036 22.937 0.01 22.94 24.834 0 24.829 24.476 0 24.471
0.061 0.006 0.067 0.03 0.00600000000000001 0.036 22.359 0.022 22.375 24.105 0 24.1 23.988 0.001 23.983
0.063 0.005 0.068 0.032 0.004 0.036 22.532 0.014 22.541 24.309 0 24.304 24.164 0 24.157
0.065 0.003 0.068 0.034 0.002 0.035 23.107 0.006 23.107 24.789 0 24.784 24.677 0 24.673
0.06 0.007 0.068 0.032 0.004 0.036 22.447 0.012 22.454 24.149 0 24.144 24.039 0 24.033
0.065 0.003 0.067 0.031 0.005 0.036 22.394 0.013 22.403 23.789 0 23.79 23.282 0 23.288
0.062 0.004 0.067 0.033 0.003 0.035 22.347 0.01 22.352 24.153 0 24.148 24.041 0 24.036
0.061 0.006 0.067 0.033 0.003 0.035 22.58 0.006 22.581 24.281 0 24.277 24.157 0 24.15
0.065 0.003 0.068 0.034 0.002 0.036 23.027 0.011 23.033 24.828 0 24.822 24.643 0 24.638
0.066 0.005 0.071 0.033 0.003 0.036 22.365 0.016 22.376 24.375 0 24.369 24.374 0 24.368
0.064 0.003 0.067 0.033 0.003 0.035 22.596 0.016 22.608 24.234 0 24.229 24.128 0 24.122
0.063 0.004 0.067 0.033 0.00199999999999999 0.035 22.316 0.012 22.324 24.096 0 24.091 23.96 0 23.953
0.063 0.004 0.067 0.032 0.003 0.036 22.4 0.016 22.41 23.821 0 23.816 24.057 0 24.052
0.069 0.002 0.0940000000000001 0.032 0.003 0.036 22.576 0.013 22.584 24.375 0 24.37 24.174 0 24.168
0.07 0.003 0.084 0.031 0.005 0.0370000000000001 23.508 0.013 23.514 25.381 0 25.376 25.223 0 25.217
0.059 0.008 0.068 0.034 0.002 0.035 22.687 0.013 22.696 24.441 0 24.436 24.289 0 24.282
0.065 0.006 0.095 0.031 0.004 0.036 23.154 0.012 23.161 25.087 0 25.081 24.933 0 24.928
0.057 0.006 0.064 0.034 0.001 0.035 22.93 0.012 22.939 24.228 0 24.23 23.774 0 23.782
0.063 0.006 0.068 0.031 0.004 0.036 22.521 0.011 22.527 24.29 0 24.284 24.131 0 24.125
0.061 0.006 0.068 0.029 0.007 0.035 22.173 0.013 22.182 23.901 0 23.895 23.773 0 23.768
0.063 0.005 0.0690000000000001 0.036 0 0.0349999999999999 23.052 0.012 23.058 24.789 0 24.785 24.631 0 24.626
0.067 0.001 0.067 0.036 0 0.036 22.9 0.011 22.908 24.336 0 24.331 24.605 0 24.601
0.066 0.002 0.068 0.031 0.005 0.036 22.383 0.016 22.393 24.135 0 24.131 23.991 0 23.985
0.064 0.004 0.068 0.032 0.004 0.036 23.454 0.01 23.463 24.735 0 24.735 24.359 0 24.365
0.065 0.003 0.068 0.031 0.004 0.035 22.75 0.01 22.754 24.369 0 24.365 24.216 0 24.21
0.06 0.003 0.063 0.031 0.004 0.034 22.027 0.009 22.031 24.02 0 24.016 24.147 0 24.142
0.059 0.007 0.067 0.035 0.001 0.036 22.502 0.01 22.505 24.25 0 24.246 23.924 0 23.918
0.063 0.005 0.068 0.032 0.004 0.036 23.19 0.016 23.2 24.838 0 24.833 24.791 0 24.786
0.061 0.007 0.069 0.033 0.00199999999999999 0.035 22.624 0.01 22.629 24.426 0 24.42 24.243 0.00299999999999999 24.245
0.067 0.003 0.07 0.031 0.004 0.036 22.885 0.012 22.892 24.622 0 24.616 24.495 0.004 24.496
0.062 0.005 0.068 0.031 0.005 0.036 22.649 0.018 22.661 24.364 0 24.359 24.199 0.001 24.197
0.065 0.003 0.069 0.034 0.002 0.035 22.454 0.017 22.467 24.232 0 24.227 24.085 0 24.078
0.064 0.004 0.068 0.036 0 0.036 22.791 0.012 22.798 24.609 0 24.604 24.456 0 24.45
0.064 0.005 0.069 0.033 0.003 0.035 22.759 0.011 22.768 23.941 0 23.944 23.481 0 23.489
0.063 0.006 0.069 0.036 0.001 0.035 24.654 0.019 24.669 26.411 0 26.405 25.908 0 25.907
0.065 0.003 0.067 0.033 0.003 0.036 22.816 0.009 22.821 24.251 0 24.245 24.115 0 24.109
0.065 0.003 0.069 0.035 0.002 0.036 23.096 0.016 23.106 24.646 0 24.648 23.988 0 23.994
0.063 0.005 0.068 0.032 0.003 0.036 22.693 0.007 22.693 24.474 0 24.47 24.375 0 24.368
0.061 0.00700000000000001 0.068 0.034 0.00199999999999999 0.036 23.532 0.014 23.541 25.135 0 25.129 25.031 0 25.026
0.06 0.007 0.068 0.032 0.004 0.035 22.812 0.021 22.829 24.588 0 24.582 24.49 0 24.485
0.066 0.002 0.068 0.032 0.003 0.036 22.968 0.011 22.973 24.549 0 24.545 24.316 0 24.309
0.059 0.005 0.064 0.033 0.003 0.035 22.703 0.011 22.709 24.536 0 24.531 24.857 0 24.852
0.067 0.002 0.085 0.033 0.003 0.036 22.743 0.014 22.752 24.53 0 24.525 24.397 0 24.391
0.07 0.002 0.085 0.033 0.003 0.036 23.308 0.014 23.316 25.114 0 25.109 24.94 0 24.934
0.063 0.005 0.067 0.033 0.002 0.036 23.532 0.015 23.54 25.212 0 25.208 25.19 0 25.184
0.064 0.005 0.085 0.033 0.003 0.036 23.098 0.005 23.097 24.952 0 24.948 24.742 0 24.736
0.061 0.007 0.0690000000000001 0.034 0.002 0.0359999999999999 24.656 0.012 24.663 26.567 0 26.561 26.424 0 26.419
0.055 0.009 0.063 0.031 0.004 0.035 22.888 0.015 22.898 24.608 0 24.602 24.445 0 24.44
0.063 0.005 0.068 0.034 0.002 0.036 22.378 0.016 22.389 24.148 0 24.143 24.024 0 24.02
0.061 0.002 0.063 0.033 0.001 0.034 22.405 0.014 22.413 24.039 0 24.034 23.884 0 23.88
0.063 0.004 0.067 0.031 0.005 0.036 22.227 0.012 22.234 23.98 0 23.975 23.844 0 23.84
0.061 0.002 0.063 0.034 0.001 0.035 22.736 0.012 22.745 24.506 0 24.502 24.773 0 24.77
0.063 0.005 0.067 0.033 0.003 0.036 22.56 0.01 22.565 24.306 0.001 24.303 24.181 0 24.174
0.066 0.001 0.069 0.032 0.004 0.035 22.541 0.014 22.55 24.455 0 24.45 24.311 0 24.305
0.066 0.001 0.067 0.033 0.003 0.036 22.572 0.012 22.579 24.318 0 24.313 24.194 0 24.188
0.065 0.006 0.071 0.033 0.003 0.036 22.799 0.01 22.804 24.533 0 24.528 24.35 0 24.344
0.063 0.004 0.067 0.033 0.002 0.035 22.467 0.018 22.48 24.194 0 24.189 24.055 0 24.05
0.061 0.007 0.068 0.034 0.002 0.035 22.917 0.014 22.926 24.28 0 24.275 24.605 0 24.599
0.061 0.007 0.068 0.034 0.002 0.036 22.967 0.01 22.971 24.735 0 24.73 24.618 0 24.613
0.062 0.006 0.068 0.032 0.004 0.036 22.511 0.01 22.516 24.253 0 24.248 24.102 0 24.096
0.063 0.005 0.068 0.032 0.004 0.035 23.524 0.01 23.53 25.294 0 25.288 25.184 0 25.179
0.066 0.003 0.069 0.031 0.005 0.036 22.893 0.012 22.9 24.544 0 24.539 24.464 0 24.459
0.065 0.004 0.069 0.032 0.003 0.036 22.617 0.014 22.624 24.364 0 24.359 24.211 0 24.206
0.068 0 0.068 0.033 0.003 0.036 22.435 0.014 22.444 24.135 0.001 24.131 24.004 0 23.998
0.057 0.005 0.062 0.033 0.002 0.035 21.795 0.014 21.804 23.938 0 23.932 24.046 0 24.04
0.063 0.004 0.067 0.033 0.003 0.035 22.648 0.012 22.655 24.396 0.001 24.392 24.253 0 24.247
0.066 0.003 0.07 0.034 0.002 0.036 22.881 0.009 22.884 24.624 0 24.62 24.49 0 24.485
0.066 0.00199999999999999 0.068 0.032 0.004 0.035 22.725 0.021 22.74 24.104 0 24.1 24.365 0 24.36
0.066 0.003 0.068 0.036 0 0.036 22.778 0.011 22.785 24.55 0 24.545 24.474 0 24.467
0.065 0.003 0.068 0.034 0.00199999999999999 0.036 22.48 0.016 22.491 24.243 0 24.238 24.12 0 24.114
0.065 0.003 0.068 0.034 0.002 0.036 22.677 0.015 22.687 24.061 0 24.056 23.906 0 23.899
0.0649999999999999 0.004 0.112 0.034 0.002 0.0350000000000001 22.558 0.009 22.562 24.392 0 24.388 24.27 0 24.263
0.067 0.003 0.073 0.034 0.00199999999999999 0.036 22.752 0.018 22.763 24.574 0 24.57 24.419 0 24.412
0.062 0.006 0.068 0.031 0.00600000000000001 0.036 22.416 0.018 22.429 24.316 0 24.311 24.187 0 24.181
0.058 0.011 0.114 0.03 0.00599999999999999 0.036 22.985 0.016 22.997 24.742 0 24.736 24.679 0 24.675
0.063 0.00600000000000001 0.068 0.034 0.002 0.036 23.618 0.013 23.626 25.413 0.001 25.409 25.306 0 25.301
0.061 0.009 0.069 0.031 0.005 0.036 22.679 0.016 22.69 24.232 0 24.228 23.966 0 23.96
0.065 0.003 0.091 0.035 0.001 0.036 23.132 0.013 23.139 24.708 0 24.702 24.636 0 24.632
0.063 0.007 0.071 0.032 0.004 0.035 22.719 0.009 22.723 24.483 0 24.478 24.381 0 24.376
0.059 0.009 0.067 0.031 0.005 0.035 22.507 0.00800000000000001 22.51 24.238 0 24.233 24.097 0 24.091
0.063 0.005 0.068 0.034 0.001 0.036 22.579 0.012 22.585 24.389 0 24.384 24.262 0 24.257
0.06 0.007 0.068 0.034 0.002 0.036 23.38 0.017 23.393 24.76 0.001 24.758 24.721 0 24.717
0.065 0.003 0.0680000000000001 0.031 0.005 0.0349999999999999 22.667 0.016 22.679 24.367 0 24.362 24.275 0 24.268
0.059 0.005 0.063 0.031 0.003 0.035 22.891 0.016 22.901 24.799 0 24.794 24.683 0 24.678
0.067 0.005 0.102 0.036 0 0.036 23.113 0.01 23.118 24.859 0 24.854 24.709 0 24.704
0.061 0.007 0.068 0.033 0.003 0.036 23.679 0.009 23.683 25.342 0 25.336 25.231 0 25.226
0.064 0.005 0.068 0.033 0.003 0.036 22.958 0.013 22.966 24.65 0 24.646 24.614 0 24.609
0.066 0.003 0.069 0.035 0.001 0.036 22.917 0.016 22.927 24.634 0 24.629 24.521 0 24.516
0.066 0.00199999999999999 0.068 0.035 0.001 0.036 22.83 0.012 22.835 24.713 0 24.708 24.614 0 24.609
0.066 0.002 0.068 0.036 0 0.036 22.996 0.017 23.007 24.737 0 24.732 24.598 0 24.593
0.068 0.003 0.071 0.035 0.001 0.036 22.757 0.011 22.763 24.466 0 24.461 24.369 0 24.363
0.056 0.007 0.063 0.033 0.001 0.035 22.472 0.012 22.478 24.268 0 24.263 24.594 0 24.588
0.066 0.001 0.067 0.035 0.001 0.035 22.154 0.018 22.168 23.922 0 23.916 23.771 0 23.765
0.06 0.003 0.063 0.031 0.003 0.034 21.63 0.013 21.638 23.594 0 23.588 23.749 0 23.745
0.068 0.001 0.069 0.034 0.002 0.035 22.793 0.012 22.801 24.456 0 24.45 24.339 0 24.334
0.059 0.008 0.067 0.033 0.00199999999999999 0.036 22.542 0.014 22.55 24.323 0 24.319 24.213 0 24.206
0.058 0.005 0.063 0.031 0.004 0.035 22.203 0.011 22.21 23.975 0 23.972 24.264 0 24.26
0.066 0.002 0.068 0.036 0 0.035 22.687 0.013 22.696 24.425 0 24.42 24.293 0 24.287
0.066 0.00199999999999999 0.068 0.032 0.004 0.037 23.663 0.008 23.664 24.946 0 24.942 25.324 0 25.317
0.0669999999999999 0.001 0.0710000000000001 0.031 0.005 0.0359999999999999 22.997 0.014 23.004 24.739 0 24.734 24.629 0 24.625
0.067 0.004 0.0910000000000001 0.035 0.001 0.0349999999999999 22.785 0.009 22.789 24.629 0 24.624 24.486 0 24.481
0.062 0.007 0.069 0.034 0.002 0.035 22.711 0.013 22.72 24.435 0 24.43 24.322 0 24.316
0.065 0.003 0.0720000000000001 0.035 0.001 0.0349999999999999 22.986 0.016 22.997 24.828 0 24.823 24.675 0 24.67
0.07 0.000999999999999994 0.071 0.035 0.002 0.037 22.947 0.01 22.952 24.769 0 24.764 24.63 0 24.625
0.059 0.00799999999999999 0.068 0.031 0.005 0.036 22.746 0.013 22.754 24.262 0 24.257 24.011 0 24.005
0.063 0.004 0.0990000000000001 0.035 0.001 0.0359999999999999 23.544 0.008 23.546 25.214 0 25.209 25.107 0 25.1
0.063 0.005 0.068 0.034 0.002 0.036 22.591 0.01 22.596 24.355 0 24.351 24.226 0 24.22
0.065 0.003 0.068 0.033 0.003 0.035 22.692 0.013 22.701 24.425 0 24.42 24.293 0 24.287
0.062 0.006 0.067 0.032 0.004 0.036 22.38 0.017 22.393 24.09 0 24.085 23.987 0 23.98
0.064 0.004 0.068 0.033 0.003 0.036 22.679 0.015 22.688 24.44 0 24.436 24.349 0 24.343
0.063 0.005 0.068 0.033 0.003 0.036 22.901 0.014 22.909 24.322 0 24.318 24.554 0 24.549
0.064 0.004 0.068 0.031 0.003 0.035 22.697 0.016 22.707 24.588 0 24.583 24.457 0 24.451
0.062 0.006 0.068 0.035 0.001 0.036 22.668 0.01 22.673 24.355 0 24.35 24.224 0 24.218
0.066 0.003 0.069 0.034 0.001 0.035 23.178 0.004 23.177 24.847 0.001 24.842 24.734 0 24.729
0.062 0.002 0.063 0.031 0.003 0.035 22.839 0.007 22.841 24.515 0 24.51 24.368 0 24.361
0.058 0.005 0.063 0.032 0.002 0.035 21.905 0.017 21.917 23.771 0 23.766 24.034 0 24.029
0.063 0.005 0.069 0.033 0.003 0.036 24.706 0.013 24.712 25.956 0 25.95 26.257 0 26.252
0.062 0.007 0.0679999999999999 0.034 0.001 0.036 24.719 0.014 24.726 26.125 0 26.127 25.704 0 25.709
0.065 0.003 0.067 0.032 0.004 0.036 22.569 0.015 22.579 24.327 0 24.322 24.192 0 24.188
0.062 0.006 0.068 0.032 0.003 0.036 23.724 0.013 23.731 25.5 0 25.495 25.343 0 25.336
0.057 0.006 0.062 0.031 0.003 0.034 21.981 0.011 21.987 23.9 0 23.895 24.144 0 24.138
0.064 0.003 0.066 0.033 0.00199999999999999 0.036 22.409 0.014 22.419 23.681 0 23.677 23.939 0 23.935
0.0620000000000001 0.007 0.07 0.033 0.002 0.036 22.267 0.011 22.272 23.955 0 23.951 23.627 0 23.63
0.06 0.004 0.063 0.031 0.004 0.034 22.671 0.00800000000000001 22.675 24.471 0 24.465 24.333 0 24.327
0.064 0.005 0.069 0.035 0.001 0.036 22.878 0.018 22.891 24.661 0 24.656 24.531 0 24.527
0.065 0.003 0.068 0.032 0.003 0.036 22.699 0.017 22.71 24.48 0 24.476 24.385 0 24.379
0.06 0.007 0.068 0.033 0.004 0.036 23.003 0.01 23.008 24.531 0 24.525 24.661 0 24.656
0.065 0.003 0.068 0.031 0.004 0.035 22.471 0.015 22.481 23.941 0 23.936 23.699 0 23.693
0.0679999999999999 0.001 0.071 0.034 0.002 0.036 23.066 0.014 23.076 24.904 0 24.898 24.846 0 24.841
0.062 0.00600000000000001 0.071 0.033 0.003 0.035 22.881 0.01 22.886 24.658 0 24.653 24.515 0 24.51
0.066 0.002 0.068 0.032 0.004 0.036 22.52 0.015 22.53 24.311 0 24.306 24.146 0 24.146
0.066 0.003 0.071 0.033 0.003 0.035 22.575 0.014 22.585 24.521 0 24.515 24.263 0 24.258
0.062 0.005 0.068 0.032 0.004 0.035 22.719 0.012 22.725 24.163 0 24.159 24.005 0 23.999
0.062 0.005 0.067 0.033 0.003 0.035 22.445 0.011 22.451 24.207 0 24.202 24.067 0 24.061
0.063 0.005 0.069 0.034 0.001 0.035 22.461 0.017 22.473 24.244 0 24.238 24.11 0 24.105
0.062 0.007 0.069 0.033 0.003 0.036 22.932 0.00899999999999999 22.936 24.668 0 24.663 24.549 0 24.544
0.066 0.001 0.067 0.033 0.002 0.036 22.602 0.015 22.611 24.305 0 24.301 24.191 0 24.184
0.064 0.004 0.068 0.033 0.003 0.036 22.56 0.015 22.57 24.367 0 24.362 24.243 0 24.237
0.06 0.007 0.066 0.032 0.004 0.036 22.641 0.00700000000000001 22.643 23.997 0 23.993 23.908 0 23.901
0.065 0.005 0.07 0.034 0.002 0.036 22.322 0.016 22.333 24.167 0 24.162 24.064 0 24.058
0.063 0.004 0.067 0.032 0.003 0.036 22.451 0.012 22.458 24.196 0 24.191 24.061 0 24.055
0.065 0.003 0.067 0.033 0.002 0.036 22.789 0.014 22.798 24.391 0 24.385 24.095 0 24.089
0.067 0.001 0.069 0.033 0.003 0.035 22.655 0.022 22.672 24.48 0 24.475 24.365 0 24.359
0.062 0.006 0.068 0.032 0.003 0.036 22.782 0.007 22.784 24.493 0 24.488 24.407 0 24.4
0.067 0.001 0.069 0.035 0.001 0.035 22.835 0.014 22.845 24.61 0 24.604 24.419 0 24.414
0.059 0.005 0.064 0.033 0.002 0.035 23.945 0.013 23.953 25.614 0 25.608 25.461 0 25.455
0.058 0.005 0.064 0.034 0.001 0.035 22.67 0.01 22.675 24.421 0 24.415 24.304 0 24.298
0.066 0.002 0.068 0.033 0.00199999999999999 0.035 22.992 0.022 23.009 24.805 0 24.8 24.711 0 24.707
0.065 0.005 0.07 0.033 0.002 0.036 22.704 0.013 22.711 24.444 0 24.438 24.33 0 24.324
0.06 0.008 0.068 0.035 0.001 0.037 22.74 0.015 22.748 24.394 0 24.39 24.316 0 24.31
0.066 0.002 0.068 0.032 0.004 0.036 22.686 0.014 22.695 24.462 0 24.457 24.34 0 24.334
0.062 0.005 0.068 0.032 0.004 0.036 22.579 0.018 22.592 24.194 0 24.189 24.062 0 24.057
0.067 0.005 0.09 0.033 0.002 0.036 22.813 0.014 22.822 24.615 0 24.611 24.491 0 24.485
0.058 0.005 0.063 0.034 0.001 0.035 21.936 0.015 21.946 24.004 0.001 24 24.13 0 24.124
0.06 0.003 0.063 0.029 0.005 0.035 22.557 0.014 22.577 24.353 0 24.362 24.669 0.001 24.68
0.064 0.003 0.0960000000000001 0.034 0.00199999999999999 0.0359999999999999 22.563 0.015 22.572 24.289 0 24.285 24.144 0 24.138
0.064 0.004 0.068 0.031 0.004 0.035 22.541 0.01 22.545 24.305 0 24.3 24.143 0 24.137
0.061 0.007 0.067 0.034 0.001 0.036 22.574 0.01 22.578 24.322 0 24.318 24.202 0 24.196
0.068 0.003 0.072 0.034 0.002 0.036 23.487 0.017 23.497 25.218 0 25.214 25.195 0 25.189
0.065 0.003 0.068 0.034 0.002 0.035 22.769 0.017 22.781 24.469 0 24.464 24.337 0 24.331
0.065 0.003 0.0920000000000001 0.031 0.005 0.0359999999999999 22.872 0.012 22.878 24.615 0.001 24.612 24.438 0 24.441
0.07 0.005 0.0840000000000001 0.035 0.002 0.0359999999999999 22.853 0.017 22.866 24.685 0 24.679 24.525 0 24.52
0.065 0.004 0.0950000000000001 0.035 0.001 0.0369999999999999 23.031 0.008 23.033 24.944 0 24.94 24.761 0 24.756
0.064 0.004 0.068 0.032 0.004 0.036 22.621 0.011 22.626 24.407 0 24.403 24.268 0 24.261
0.061 0.006 0.067 0.033 0.002 0.035 22.626 0.012 22.631 24.168 0 24.163 23.814 0 23.809
0.063 0.003 0.067 0.033 0.003 0.035 22.59 0.016 22.601 24.287 0 24.282 24.171 0 24.165
0.066 0.002 0.068 0.034 0.00199999999999999 0.036 22.325 0.017 22.337 24.061 0 24.056 23.94 0 23.934
0.062 0.006 0.067 0.034 0.002 0.036 22.667 0.012 22.673 24.43 0 24.425 24.31 0 24.304
0.066 0.00199999999999999 0.068 0.034 0.002 0.036 22.519 0.014 22.528 24.23 0 24.225 24.121 0 24.115
0.064 0.004 0.068 0.033 0.002 0.035 22.624 0.013 22.632 24.328 0.001 24.324 24.186 0 24.18
0.065 0.00199999999999999 0.067 0.034 0.001 0.035 22.623 0.012 22.629 24.022 0.001 24.019 23.807 0 23.809
0.063 0.005 0.069 0.032 0.004 0.036 23.225 0.013 23.233 24.948 0 24.942 24.813 0 24.808
0.067 0.001 0.068 0.03 0.006 0.036 24.666 0.009 24.669 26.441 0 26.435 26.449 0 26.442
0.062 0.006 0.067 0.032 0.003 0.036 22.376 0.008 22.379 24.102 0 24.096 23.952 0 23.947
0.061 0.006 0.067 0.031 0.005 0.036 22.478 0.01 22.483 24.216 0 24.211 24.06 0 24.054
0.0659999999999999 0.004 0.0900000000000001 0.033 0.003 0.0359999999999999 25.204 0.012 25.209 26.741 0 26.737 26.545 0 26.546
0.061 0.00600000000000001 0.067 0.034 0.00199999999999999 0.036 22.562 0.016 22.572 24.308 0 24.304 24.154 0 24.148
0.067 0.001 0.067 0.033 0.002 0.036 22.589 0.017 22.601 24.366 0 24.36 24.209 0 24.204
0.063 0.005 0.068 0.034 0.00199999999999999 0.036 22.266 0.016 22.277 24.011 0 24.006 23.834 0 23.828
0.066 0.002 0.068 0.034 0.002 0.036 23.393 0.012 23.398 25.08 0 25.075 24.947 0 24.942
0.064 0.004 0.068 0.03 0.005 0.036 22.772 0.016 22.784 23.741 0 23.748 23.27 0 23.275
0.062 0.006 0.069 0.03 0.006 0.035 22.994 0.015 23.003 24.743 0 24.738 24.584 0 24.578
0.057 0.006 0.063 0.031 0.004 0.035 22.038 0.016 22.048 24.047 0 24.042 24.15 0 24.149
0.062 0.005 0.067 0.03 0.005 0.035 22.366 0.012 22.372 24.074 0 24.07 23.958 0 23.951
0.061 0.007 0.067 0.031 0.004 0.036 22.437 0.013 22.444 24.238 0 24.233 24.129 0 24.123
0.064 0.004 0.093 0.035 0.000999999999999994 0.035 22.814 0.008 22.818 24.524 0 24.518 24.447 0 24.441
0.065 0.004 0.068 0.032 0.004 0.036 23.793 0.016 23.804 25.589 0 25.584 25.465 0 25.459
0.064 0.005 0.069 0.034 0.002 0.036 22.877 0.007 22.879 24.561 0.001 24.557 24.438 0 24.433
0.067 0.003 0.07 0.033 0.003 0.037 23.443 0.009 23.446 25.231 0 25.225 25.153 0 25.147
0.062 0.006 0.067 0.032 0.004 0.036 23.494 0.007 23.495 25.289 0 25.284 25.203 0 25.198
0.066 0.001 0.0690000000000001 0.033 0.003 0.0359999999999999 23.226 0.009 23.229 25.007 0 25.002 24.817 0 24.812
0.066 0.005 0.0800000000000001 0.033 0.003 0.036 23.184 0.019 23.197 24.965 0 24.958 24.834 0 24.83
0.066 0.004 0.085 0.036 0 0.036 22.98 0.007 22.982 24.799 0 24.794 24.645 0 24.641
0.064 0.004 0.068 0.034 0.00199999999999999 0.036 22.639 0.008 22.642 24.422 0 24.417 24.316 0 24.309
0.064 0.003 0.067 0.03 0.006 0.036 22.676 0.016 22.687 23.899 0 23.901 23.2 0 23.202
0.0649999999999999 0.005 0.069 0.034 0.001 0.036 22.91 0.012 22.917 24.676 0 24.67 24.481 0 24.483
0.0659999999999999 0.004 0.071 0.032 0.004 0.036 22.456 0.01 22.461 24.223 0 24.218 24.099 0 24.094
0.063 0.00600000000000001 0.07 0.033 0.00199999999999999 0.035 22.496 0.009 22.499 24.201 0 24.196 24.078 0 24.072
0.062 0.00600000000000001 0.068 0.032 0.004 0.036 22.701 0.014 22.709 24.444 0 24.439 24.282 0 24.276
0.061 0.002 0.063 0.031 0.004 0.035 22.222 0.007 22.224 23.955 0 23.952 23.851 0 23.844
0.058 0.005 0.063 0.033 0.002 0.035 22.104 0.012 22.113 23.906 0 23.902 24.188 0 24.184
0.061 0.007 0.068 0.033 0.002 0.035 22.662 0.016 22.673 24.428 0 24.423 24.292 0 24.286
0.062 0.005 0.067 0.033 0.003 0.036 22.384 0.01 22.389 24.101 0 24.096 23.96 0 23.954
0.065 0.003 0.067 0.032 0.003 0.036 22.497 0.012 22.504 24.259 0 24.254 24.121 0 24.115
0.058 0.005 0.063 0.032 0.003 0.034 21.827 0.012 21.842 23.273 0 23.274 23.234 0 23.233
0.06 0.007 0.068 0.034 0.002 0.035 22.594 0.015 22.604 24.355 0 24.35 24.233 0 24.227
0.058 0.007 0.064 0.032 0.002 0.035 22.997 0.009 23.001 24.76 0 24.754 24.576 0 24.572
0.062 0.007 0.0900000000000001 0.029 0.006 0.0349999999999999 22.578 0.009 22.582 24.389 0 24.384 24.238 0 24.232
0.063 0.005 0.069 0.032 0.004 0.035 23.059 0.011 23.066 24.731 0 24.726 24.605 0 24.599
0.066 0.002 0.068 0.034 0.002 0.036 23.528 0.01 23.533 25.36 0 25.354 25.311 0 25.305
0.065 0.004 0.069 0.031 0.005 0.036 22.491 0.013 22.503 24.275 0 24.275 24.149 0 24.148
0.066 0.004 0.07 0.029 0.006 0.035 22.428 0.016 22.439 24.13 0 24.126 23.994 0 23.988
0.063 0.004 0.067 0.033 0.00199999999999999 0.035 22.615 0.015 22.625 24.028 0 24.023 24.243 0 24.238
0.066 0.00199999999999999 0.069 0.034 0.002 0.036 22.786 0.014 22.794 24.607 0 24.602 24.467 0 24.463
0.064 0.004 0.068 0.035 0.001 0.036 22.661 0.012 22.668 24.402 0 24.397 24.254 0 24.247
0.056 0.006 0.062 0.033 0.001 0.034 21.74 0.015 21.75 23.578 0 23.572 23.859 0 23.856
0.065 0.003 0.068 0.034 0.002 0.036 22.257 0.014 22.278 23.703 0 23.71 23.453 0 23.447
0.062 0.00600000000000001 0.068 0.033 0.003 0.036 23.292 0.013 23.3 24.894 0 24.889 24.677 0 24.683
0.064 0.005 0.088 0.031 0.005 0.035 22.789 0.012 22.795 24.627 0 24.622 24.432 0 24.427
0.067 0.004 0.093 0.035 0.002 0.036 23.165 0.01 23.17 24.942 0 24.937 24.37 0 24.375
0.065 0.004 0.089 0.032 0.004 0.036 22.81 0.012 22.816 24.645 0 24.64 24.463 0 24.46
0.062 0.006 0.067 0.035 0.001 0.036 22.662 0.014 22.671 24.504 0 24.5 24.384 0 24.378
0.065 0.003 0.069 0.032 0.004 0.035 22.761 0.018 22.774 24.601 0 24.596 24.427 0.001 24.422
0.062 0.005 0.067 0.032 0.003 0.035 22.356 0.013 22.363 24.129 0 24.124 23.998 0 23.992
0.06 0.008 0.068 0.033 0.003 0.035 22.398 0.011 22.405 24.15 0 24.145 24.014 0 24.008
0.061 0.006 0.067 0.033 0.003 0.036 22.467 0.009 22.471 24.244 0 24.239 24.115 0 24.109
0.062 0.006 0.068 0.031 0.005 0.036 22.373 0.016 22.386 23.786 0 23.782 24.03 0 24.026
0.055 0.008 0.063 0.034 0.001 0.034 22.245 0.012 22.252 23.981 0 23.977 23.856 0 23.85
0.063 0.005 0.068 0.033 0.004 0.036 22.872 0.009 22.876 24.797 0 24.792 24.659 0 24.653
0.063 0.004 0.068 0.033 0.003 0.036 22.554 0.015 22.564 24.321 0 24.316 24.186 0 24.18
0.063 0.005 0.068 0.032 0.003 0.035 22.282 0.013 22.289 24.039 0 24.035 23.888 0 23.882
0.059 0.008 0.067 0.035 0.001 0.036 22.365 0.015 22.375 23.725 0 23.72 23.632 0 23.626
0.065 0.003 0.068 0.033 0.002 0.035 22.509 0.018 22.522 23.827 0 23.828 23.079 0 23.083
0.063 0.004 0.067 0.034 0.001 0.035 22.209 0.012 22.216 24.018 0 24.013 23.867 0 23.861
0.066 0.004 0.0720000000000001 0.033 0.003 0.0359999999999999 22.835 0.017 22.846 24.675 0 24.67 24.569 0 24.564
0.063 0.005 0.068 0.034 0.002 0.035 23.339 0.011 23.344 25.168 0 25.164 25.119 0 25.113
0.069 0.000999999999999994 0.0710000000000001 0.031 0.004 0.0359999999999999 22.849 0.01 22.854 24.675 0 24.67 24.565 0 24.56
0.065 0.003 0.067 0.03 0.006 0.036 22.439 0.014 22.448 24.228 0 24.222 24.093 0 24.088
0.062 0.006 0.068 0.03 0.005 0.035 22.226 0.016 22.236 23.964 0 23.961 23.829 0 23.822
0.063 0.005 0.068 0.034 0.001 0.036 22.339 0.016 22.35 24.072 0 24.066 23.935 0 23.93
0.061 0.006 0.067 0.033 0.003 0.036 22.718 0.016 22.728 24.466 0 24.461 24.31 0 24.305
0.065 0.001 0.067 0.034 0.002 0.035 22.496 0.017 22.509 23.829 0 23.825 23.699 0 23.692
0.065 0.00700000000000001 0.073 0.032 0.004 0.035 22.38 0.016 22.392 24.142 0 24.137 24.001 0 23.995
0.063 0.006 0.068 0.032 0.004 0.036 22.164 0.013 22.172 23.925 0 23.921 23.79 0 23.783
0.071 0.005 0.077 0.034 0.002 0.036 23.804 0.01 23.808 25.406 0 25.401 25.389 0 25.386
0.064 0.004 0.069 0.033 0.003 0.036 22.937 0.012 22.944 24.622 0 24.616 24.443 0 24.439
0.061 0.003 0.063 0.033 0.001 0.035 22.415 0.014 22.424 24.266 0 24.261 24.569 0 24.563
0.062 0.005 0.068 0.031 0.004 0.035 22.084 0.01 22.089 23.837 0 23.831 23.712 0 23.707
0.06 0.003 0.063 0.032 0.002 0.034 22.245 0.014 22.254 24.185 0 24.18 24.391 0 24.384
0.063 0.006 0.098 0.035 0.001 0.035 23.237 0.019 23.251 25.187 0 25.181 24.983 0 24.977
0.067 0.004 0.094 0.03 0.006 0.036 22.937 0.012 22.942 24.791 0 24.785 24.628 0 24.624
0.066 0.003 0.099 0.032 0.004 0.035 22.762 0.014 22.772 24.568 0 24.563 24.393 0 24.388
0.065 0.003 0.068 0.032 0.004 0.036 22.791 0.018 22.803 24.597 0 24.591 24.457 0 24.452
0.063 0.005 0.069 0.035 0.001 0.035 22.633 0.012 22.641 24.062 0 24.064 23.555 0 23.558
0.067 0.001 0.068 0.035 0.001 0.036 22.596 0.016 22.608 24.411 0 24.405 24.276 0 24.269
0.066 0.003 0.069 0.032 0.003 0.035 22.514 0.015 22.525 24.258 0 24.252 24.143 0 24.138
0.061 0.007 0.067 0.032 0.003 0.036 22.323 0.012 22.331 24.063 0 24.058 23.93 0 23.924
0.06 0.003 0.063 0.032 0.003 0.035 22.014 0.022 22.049 23.871 0 23.869 24.136 0 24.131
0.066 0.004 0.09 0.035 0.000999999999999994 0.036 23.184 0.00600000000000001 23.185 24.961 0 24.956 24.885 0 24.88
0.062 0.00600000000000001 0.068 0.035 0 0.035 22.974 0.023 22.992 24.747 0 24.742 24.581 0 24.576
0.066 0.004 0.071 0.035 0.001 0.036 23.164 0.014 23.171 24.927 0 24.923 24.728 0 24.723
0.064 0.004 0.068 0.031 0.004 0.035 22.494 0.011 22.498 24.24 0 24.235 24.122 0 24.116
0.058 0.009 0.068 0.031 0.005 0.036 22.554 0.017 22.565 24.397 0 24.393 24.264 0 24.257
0.061 0.006 0.067 0.034 0.002 0.036 22.395 0.016 22.406 23.905 0 23.9 24.156 0 24.151
0.061 0.006 0.067 0.035 0.001 0.036 22.252 0.014 22.261 23.77 0 23.765 23.515 0 23.509
0.06 0.008 0.068 0.031 0.005 0.036 22.638 0.013 22.646 24.453 0 24.448 24.318 0 24.312
0.066 0.004 0.072 0.029 0.006 0.036 22.723 0.015 22.732 24.524 0 24.52 24.367 0 24.362
0.065 0.004 0.068 0.033 0.003 0.036 22.805 0.016 22.816 24.597 0 24.591 24.468 0 24.463
0.063 0.003 0.067 0.032 0.004 0.035 22.403 0.015 22.413 24.183 0 24.178 24.055 0 24.05
0.063 0.00600000000000001 0.069 0.031 0.004 0.035 23.057 0.008 23.058 24.746 0 24.742 24.593 0 24.589
0.064 0.005 0.069 0.032 0.003 0.035 22.877 0.035 22.938 24.741 0.001 24.739 24.589 0 24.584
0.069 0 0.068 0.033 0.004 0.037 22.894 0.015 22.904 24.58 0 24.574 24.484 0 24.479
0.065 0.003 0.068 0.032 0.004 0.035 22.739 0.012 22.747 24.166 0 24.161 24.436 0 24.43
0.062 0.005 0.067 0.034 0.002 0.036 22.71 0.008 22.713 24.448 0 24.443 24.336 0 24.33
0.067 0.001 0.068 0.033 0.003 0.036 22.616 0.012 22.624 24.388 0 24.382 24.249 0 24.243
0.063 0.005 0.068 0.03 0.005 0.036 23.077 0.01 23.081 24.403 0 24.398 24.316 0 24.31
0.064 0.004 0.068 0.031 0.004 0.036 22.522 0.019 22.534 24.371 0 24.367 24.209 0 24.203
0.061 0.006 0.07 0.035 0 0.036 23.65 0.011 23.654 25.506 0 25.501 25.386 0 25.381
0.068 0.003 0.072 0.034 0.002 0.036 22.894 0.013 22.902 24.744 0 24.738 24.587 0 24.582
0.066 0.003 0.071 0.035 0.000999999999999994 0.036 23.036 0.012 23.043 24.869 0.001 24.866 24.771 0 24.766
0.06 0.003 0.064 0.028 0.007 0.034 22.703 0.012 22.711 24.447 0 24.441 24.307 0 24.302
0.064 0.004 0.068 0.036 0 0.036 22.296 0.013 22.304 24.076 0 24.072 23.921 0 23.915
0.068 0.002 0.072 0.033 0.002 0.035 23.114 0.015 23.124 24.971 0.001 24.968 24.816 0.001 24.811
0.069 0.001 0.069 0.033 0.002 0.036 22.362 0.009 22.365 24.115 0 24.111 23.975 0 23.968
0.0659999999999999 0.004 0.07 0.034 0.002 0.036 22.588 0.012 22.595 24.375 0 24.369 24.211 0 24.206
0.065 0.003 0.068 0.032 0.003 0.035 22.425 0.02 22.44 24.186 0.001 24.182 24.065 0 24.06
0.069 0.00199999999999999 0.071 0.036 0.003 0.039 27.589 0.017 27.602 28.694 0 28.689 28.515 0 28.511
0.06 0.003 0.064 0.028 0.00700000000000001 0.034 22.742 0.017 22.755 24.752 0 24.746 24.677 0 24.672
0.063 0.005 0.067 0.034 0.001 0.036 22.869 0.02 22.883 24.598 0 24.593 24.379 0 24.373
0.069 0.004 0.073 0.034 0.001 0.035 22.37 0.018 22.382 24.164 0 24.159 24.011 0 24.005
0.063 0.005 0.068 0.034 0.001 0.035 22.62 0.017 22.632 24.341 0 24.336 24.21 0 24.204
0.063 0.005 0.068 0.035 0.001 0.036 24.907 0.009 24.909 26.596 0 26.59 26.527 0 26.521
0.061 0.00700000000000001 0.068 0.03 0.005 0.035 22.721 0.01 22.724 24.455 0 24.45 24.347 0 24.341
0.065 0.00199999999999999 0.068 0.033 0.003 0.035 22.799 0.009 22.803 24.559 0 24.555 24.424 0 24.417
0.06 0.003 0.063 0.034 0 0.034 21.994 0.01 21.999 23.886 0 23.881 24.156 0 24.15
0.064 0.006 0.07 0.034 0.002 0.036 22.749 0.019 22.762 24.49 0 24.485 24.39 0 24.384
0.0679999999999999 0.004 0.07 0.033 0.003 0.036 23.009 0.009 23.013 24.614 0 24.61 24.463 0 24.458
0.067 0.002 0.069 0.031 0.004 0.036 23.011 0.012 23.017 24.726 0 24.722 24.624 0 24.618
0.061 0.005 0.067 0.034 0.001 0.035 22.587 0.015 22.595 24.375 0 24.371 24.264 0 24.257
0.065 0.003 0.068 0.033 0.003 0.0359999999999999 22.238 0.01 22.243 24.017 0 24.012 23.812 0 23.812
0.068 0.002 0.07 0.033 0.003 0.035 23.671 0.007 23.674 25.261 0 25.255 25.112 0 25.107
0.059 0.004 0.063 0.034 0 0.034 22.118 0.014 22.127 23.978 0 23.974 24.266 0 24.261
0.064 0.004 0.068 0.033 0.002 0.036 22.878 0.01 22.883 24.601 0 24.595 24.472 0 24.467
0.063 0.005 0.067 0.031 0.004 0.036 22.419 0.015 22.429 23.793 0 23.788 24.045 0 24.039
0.065 0.004 0.089 0.033 0.003 0.036 22.922 0.015 22.932 24.704 0 24.699 24.629 0 24.623
0.066 0.003 0.089 0.033 0.003 0.035 23.247 0.01 23.252 25.04 0 25.035 24.941 0 24.935
0.066 0.002 0.0679999999999999 0.029 0.006 0.035 22.547 0.013 22.554 24.309 0 24.304 24.164 0 24.158
0.068 0.001 0.089 0.033 0.003 0.036 23.076 0.01 23.081 24.86 0 24.855 24.721 0 24.716
0.062 0.006 0.067 0.031 0.005 0.036 22.618 0.014 22.626 24.465 0 24.46 24.322 0 24.316
0.069 0.002 0.09 0.032 0.004 0.036 23.124 0.012 23.13 24.933 0 24.929 24.775 0 24.77
0.065 0.003 0.069 0.034 0.002 0.036 22.498 0.015 22.509 24.231 0 24.226 24.104 0 24.097
0.06 0.008 0.067 0.031 0.005 0.037 22.296 0.015 22.306 23.873 0 23.878 23.286 0 23.29
0.06 0.007 0.067 0.032 0.003 0.035 22.685 0.00900000000000001 22.688 24.304 0 24.3 24.179 0 24.173
0.061 0.006 0.068 0.032 0.003 0.035 22.225 0.015 22.234 23.867 0 23.864 23.74 0 23.733
0.06 0.007 0.067 0.029 0.006 0.035 22.579 0.01 22.586 23.953 0.001 23.949 24.195 0 24.192
0.065 0.003 0.068 0.036 0 0.036 23.605 0.012 23.612 24.913 0 24.908 24.802 0.001 24.798
0.059 0.005 0.063 0.032 0.002 0.035 22.742 0.008 22.744 24.539 0 24.534 24.429 0 24.424
0.067 0.001 0.068 0.033 0.00199999999999999 0.035 22.46 0.018 22.473 24.219 0 24.214 24.115 0 24.109
0.064 0.003 0.068 0.03 0.006 0.036 22.952 0.013 22.959 24.365 0 24.36 24.226 0 24.221
0.059 0.004 0.063 0.032 0.003 0.035 23.357 0.012 23.363 25.286 0 25.281 25.213 0 25.207
0.064 0.003 0.067 0.033 0.002 0.035 22.336 0.01 22.34 24.17 0 24.165 23.928 0 23.922
0.061 0.006 0.067 0.035 0.001 0.036 22.745 0.008 22.747 24.546 0.001 24.542 24.422 0 24.416
0.066 0.003 0.069 0.035 0.001 0.036 22.712 0.01 22.719 24.453 0.001 24.449 24.364 0 24.358
0.061 0.00600000000000001 0.067 0.033 0.003 0.036 22.668 0.014 22.677 24.479 0 24.474 24.331 0 24.325
0.061 0.007 0.068 0.034 0.002 0.036 22.91 0.015 22.92 24.642 0 24.637 24.53 0 24.526
0.064 0.004 0.067 0.032 0.003 0.036 22.375 0.01 22.379 24.129 0 24.124 24.011 0 24.005
0.066 0.005 0.07 0.033 0.003 0.036 22.467 0.013 22.475 24.249 0 24.244 24.127 0 24.12
0.063 0.004 0.067 0.03 0.005 0.036 22.283 0.013 22.29 24.026 0 24.022 23.89 0 23.883
0.066 0.004 0.071 0.034 0.00199999999999999 0.036 23.125 0.01 23.13 24.805 0 24.8 24.759 0 24.754
0.071 0 0.07 0.034 0.001 0.035 22.57 0.009 22.574 24.353 0 24.348 24.227 0 24.222
0.057 0.007 0.064 0.032 0.003 0.034 22.792 0.011 22.798 24.646 0 24.642 24.482 0 24.477
0.063 0.005 0.068 0.033 0.003 0.036 22.607 0.01 22.612 24.382 0 24.377 24.252 0 24.247
0.063 0.000999999999999994 0.064 0.032 0.002 0.034 22.346 0.017 22.358 24.139 0.001 24.135 24.419 0 24.413
0.069 0.001 0.0900000000000001 0.033 0.003 0.0359999999999998 23.04 0.009 23.043 24.77 0 24.765 24.632 0 24.626
0.069 0.004 0.091 0.033 0.003 0.036 23.176 0.009 23.179 24.982 0 24.977 24.845 0 24.839
0.065 0.003 0.068 0.034 0.001 0.035 22.617 0.009 22.62 24.34 0.001 24.336 24.205 0 24.199
0.065 0.005 0.0900000000000001 0.031 0.005 0.0359999999999998 22.66 0.013 22.669 24.48 0 24.474 24.34 0 24.335
0.065 0.007 0.072 0.033 0.004 0.037 22.692 0.02 22.707 24.429 0 24.422 24.283 0 24.278
0.067 0.003 0.0900000000000001 0.033 0.002 0.0359999999999998 22.644 0.01 22.648 24.431 0 24.425 24.326 0 24.321
0.066 0.004 0.0719999999999998 0.031 0.005 0.036 23.335 0.013 23.342 25.126 0 25.12 25 0 24.995
0.062 0.005 0.068 0.034 0.002 0.035 23.099 0.01 23.105 24.849 0 24.843 24.744 0 24.74
0.0570000000000001 0.011 0.068 0.035 0.00199999999999999 0.037 23.043 0.012 23.05 24.801 0.001 24.797 24.674 0 24.669
0.062 0.006 0.068 0.03 0.005 0.035 22.398 0.017 22.41 24.119 0 24.115 23.969 0 23.963
0.059 0.004 0.063 0.032 0.002 0.035 22.149 0.014 22.158 24.088 0 24.085 24.34 0 24.335
0.064 0.003 0.067 0.031 0.005 0.035 22.624 0.012 22.631 24.326 0 24.321 24.196 0 24.19
0.063 0.005 0.068 0.034 0.002 0.035 22.314 0.015 22.324 24.077 0 24.072 23.955 0 23.949
0.068 0 0.068 0.033 0.003 0.035 22.502 0.011 22.509 23.866 0 23.861 24.117 0 24.111
0.063 0.005 0.068 0.033 0.003 0.036 22.421 0.012 22.427 24.174 0 24.17 24.063 0 24.057
0.062 0.006 0.068 0.033 0.003 0.036 22.911 0.012 22.918 24.691 0 24.686 24.526 0 24.522
0.064 0.004 0.068 0.034 0.002 0.036 22.675 0.015 22.692 24.032 0 24.036 23.663 0.001 23.658
0.06 0.008 0.067 0.034 0.002 0.036 22.777 0.015 22.787 24.189 0 24.185 24.422 0 24.415
0.061 0.002 0.064 0.031 0.004 0.034 22.455 0.012 22.462 24.38 0 24.375 24.233 0 24.226
0.065 0.003 0.068 0.033 0.002 0.035 23.577 0.013 23.586 25.258 0 25.251 25.007 0 25.002
0.069 0.001 0.071 0.035 0.001 0.036 22.901 0.009 22.904 24.625 0 24.62 24.54 0 24.535
0.065 0.005 0.07 0.033 0.002 0.035 22.396 0.014 22.405 24.169 0 24.164 24.046 0 24.041
0.064 0.005 0.07 0.034 0.00199999999999999 0.036 23.66 0.01 23.664 25.408 0 25.403 25.298 0 25.291
0.065 0.00399999999999999 0.0840000000000001 0.032 0.004 0.036 22.687 0.015 22.698 24.453 0 24.448 24.306 0 24.3
0.065 0.003 0.0680000000000001 0.035 0.001 0.0359999999999999 23.055 0.016 23.065 24.803 0 24.798 24.701 0 24.696
0.0659999999999999 0.002 0.0910000000000001 0.035 0.001 0.036 22.862 0.017 22.874 24.656 0 24.65 24.495 0 24.49
0.063 0.005 0.068 0.032 0.003 0.036 22.714 0.012 22.72 24.409 0 24.404 24.293 0 24.289
0.059 0.008 0.067 0.034 0.002 0.036 22.683 0.012 22.689 24.055 0 24.051 23.919 0 23.913
0.062 0.00600000000000001 0.068 0.032 0.003 0.035 22.592 0.011 22.598 24.342 0 24.337 24.198 0 24.192
0.0659999999999999 0.003 0.069 0.033 0.003 0.036 22.501 0.008 22.505 24.221 0 24.215 24.065 0 24.059
0.061 0.007 0.069 0.032 0.004 0.036 23.524 0.013 23.532 25.258 0 25.252 25.22 0 25.216
0.065 0.002 0.068 0.034 0.003 0.036 23.201 0.014 23.212 24.519 0 24.515 24.365 0 24.362
0.063 0.008 0.069 0.034 0.002 0.036 22.559 0.02 22.58 24.309 0 24.309 24.184 0 24.182
0.065 0.005 0.07 0.032 0.004 0.036 22.539 0.009 22.543 24.33 0 24.325 24.21 0 24.204
0.058 0.005 0.0630000000000001 0.035 0 0.0349999999999999 22.559 0.012 22.566 24.395 0.001 24.391 24.238 0 24.231
0.065 0.003 0.0680000000000001 0.034 0.002 0.0359999999999999 22.708 0.011 22.714 24.482 0 24.477 24.389 0 24.383
0.067 0.003 0.094 0.033 0.003 0.035 22.816 0.00800000000000001 22.819 24.614 0 24.61 24.497 0 24.492
0.063 0.006 0.069 0.032 0.003 0.036 22.933 0.00600000000000001 22.934 24.698 0 24.692 24.585 0 24.58
0.059 0.004 0.063 0.029 0.005 0.034 22.223 0.01 22.228 24.026 0 24.021 24.225 0 24.219
0.065 0.003 0.068 0.03 0.006 0.036 23.571 0.014 23.58 25.313 0 25.307 25.268 0 25.264
0.063 0.005 0.067 0.031 0.004 0.036 22.585 0.013 22.593 24.278 0 24.273 24.026 0.001 24.027
0.066 0.002 0.067 0.031 0.004 0.036 22.438 0.018 22.45 24.181 0 24.176 24.054 0 24.049
0.06 0.007 0.067 0.034 0.002 0.036 22.627 0.014 22.634 24.371 0 24.366 24.243 0 24.237
0.06 0.003 0.064 0.032 0.003 0.034 22.327 0.014 22.337 24.148 0 24.145 24.398 0 24.394
0.058 0.00600000000000001 0.064 0.034 0.002 0.036 22.651 0.019 22.665 24.576 0 24.57 24.44 0 24.434
0.062 0.006 0.067 0.035 0 0.036 22.766 0.016 22.777 24.51 0 24.503 24.236 0 24.231
0.062 0.006 0.069 0.034 0.002 0.036 22.984 0.01 22.987 24.629 0 24.625 24.519 0 24.513
0.064 0.003 0.068 0.032 0.004 0.035 22.769 0.014 22.778 24.454 0 24.449 24.354 0 24.348
0.065 0.003 0.069 0.032 0.004 0.035 22.854 0.013 22.862 24.641 0 24.637 24.456 0 24.451
0.066 0.004 0.105 0.032 0.003 0.036 22.803 0.006 22.803 24.443 0 24.438 24.315 0 24.309
0.061 0.003 0.124 0.032 0.003 0.0349999999999999 22.582 0.013 22.59 24.579 0 24.574 24.394 0 24.388
0.063 0.004 0.067 0.033 0.003 0.036 22.342 0.016 22.353 24.106 0 24.101 23.964 0 23.958
0.062 0.005 0.108 0.036 0 0.036 22.561 0.01 22.566 24.343 0 24.338 24.157 0 24.15
0.064 0.004 0.068 0.033 0.003 0.036 22.718 0.009 22.723 24.313 0 24.316 23.787 0 23.794
0.066 0.003 0.068 0.034 0.001 0.035 23.512 0.03 23.576 25.138 0.025 25.194 25.042 0.025 25.12
0.063 0.004 0.067 0.035 0.001 0.037 22.717 0.011 22.722 24.472 0 24.466 24.358 0 24.352
0.06 0.007 0.067 0.034 0.002 0.036 22.559 0.009 22.563 24.266 0 24.261 24.156 0.001 24.151
0.064 0.003 0.067 0.033 0.002 0.035 22.415 0.014 22.425 23.854 0 23.85 24.123 0.001 24.117
0.059 0.004 0.063 0.032 0.003 0.035 22.338 0.011 22.343 24.088 0 24.084 23.957 0 23.95
0.064 0.002 0.066 0.033 0.002 0.036 22.462 0.021 22.477 24.28 0 24.276 24.137 0 24.131
0.066 0.004 0.071 0.033 0.003 0.036 24.856 0.00800000000000001 24.858 26.634 0 26.629 26.558 0 26.552
0.061 0.007 0.068 0.032 0.003 0.036 22.43 0.011 22.435 24.252 0 24.247 24.087 0 24.081
0.065 0.004 0.069 0.033 0.003 0.036 23.047 0.013 23.056 24.756 0 24.75 24.624 0 24.619
0.066 0.003 0.069 0.033 0.003 0.036 22.818 0.01 22.823 24.586 0 24.581 24.434 0 24.427
0.065 0.002 0.067 0.035 0.001 0.036 22.697 0.014 22.706 24.318 0 24.32 23.751 0 23.753
0.067 0.003 0.07 0.03 0.005 0.036 22.59 0.011 22.595 24.344 0.001 24.34 24.24 0 24.234
0.061 0.006 0.067 0.031 0.005 0.036 22.429 0.017 22.441 24.12 0 24.115 23.986 0 23.98
0.065 0.002 0.067 0.033 0.003 0.035 22.569 0.013 22.579 23.954 0.001 23.951 24.213 0 24.209
0.065 0.005 0.0720000000000001 0.033 0.00199999999999999 0.0349999999999999 23.621 0.015 23.631 25.274 0 25.269 25.181 0 25.177
0.063 0.005 0.068 0.033 0.003 0.036 22.977 0.015 22.987 24.73 0 24.725 24.575 0 24.57
0.065 0.003 0.068 0.032 0.004 0.036 22.632 0.011 22.638 24.399 0 24.394 24.249 0 24.243
0.065 0.004 0.0950000000000001 0.033 0.003 0.0359999999999999 22.924 0.014 22.933 24.773 0 24.768 24.604 0 24.598
0.064 0.004 0.068 0.034 0.002 0.036 22.365 0.011 22.371 23.619 0 23.628 23.194 0 23.196
0.065 0.003 0.068 0.03 0.006 0.035 22.61 0.011 22.617 24.379 0 24.373 24.001 0 24.004
0.067 0.002 0.0950000000000001 0.034 0.001 0.0349999999999999 22.444 0.013 22.452 24.183 0 24.178 24.021 0 24.016
0.058 0.005 0.063 0.033 0.002 0.034 21.969 0.009 21.983 23.731 0 23.735 23.444 0 23.437
0.066 0.004 0.0730000000000001 0.033 0.003 0.0349999999999999 22.768 0.012 22.775 24.555 0 24.55 24.401 0 24.397
0.062 0 0.062 0.031 0.004 0.035 21.685 0.014 21.694 23.565 0 23.559 23.846 0 23.842
0.059 0.004 0.064 0.031 0.004 0.034 23.599 0.011 23.605 25.256 0 25.252 25.174 0 25.168
0.064 0.004 0.068 0.034 0.002 0.036 22.763 0.007 22.765 24.128 0 24.123 23.993 0 23.987
0.062 0.005 0.067 0.031 0.004 0.035 22.479 0.012 22.487 23.861 0 23.856 24.102 0 24.096
0.066 0.003 0.069 0.03 0.00700000000000001 0.037 23.244 0.02 23.259 24.591 0 24.593 23.883 0 23.884
0.067 0.003 0.07 0.032 0.003 0.035 22.711 0.009 22.715 24.428 0 24.422 24.238 0 24.24
0.065 0.003 0.068 0.03 0.006 0.036 23.439 0.016 23.449 25.243 0 25.238 25.079 0 25.074
0.062 0.005 0.067 0.033 0.003 0.035 22.338 0.016 22.348 24.098 0 24.093 23.959 0 23.954
0.065 0.002 0.068 0.032 0.003 0.035 22.559 0.007 22.561 24.323 0 24.318 24.186 0 24.179
0.067 0.001 0.068 0.033 0.00199999999999999 0.035 22.607 0.015 22.617 24.31 0 24.304 24.177 0 24.171
0.064 0.005 0.0990000000000001 0.035 0.002 0.0369999999999999 22.945 0.013 22.953 24.671 0 24.666 24.544 0 24.539
0.066 0.00199999999999999 0.067 0.032 0.003 0.035 22.4 0.012 22.407 24.237 0 24.232 24.09 0 24.084
0.062 0.005 0.067 0.031 0.005 0.036 22.606 0.018 22.619 24.356 0 24.35 24.281 0 24.275
0.061 0.007 0.068 0.03 0.00600000000000001 0.036 23.544 0.014 23.552 25.22 0 25.215 25.098 0 25.092
0.064 0.004 0.069 0.034 0.002 0.035 23.083 0.013 23.09 25.016 0 25.011 24.903 0 24.898
0.063 0.004 0.068 0.031 0.005 0.036 22.778 0.022 22.794 24.531 0 24.525 24.416 0 24.41
0.064 0.004 0.067 0.031 0.004 0.036 22.824 0.013 22.831 24.554 0 24.55 24.41 0 24.404
0.061 0.006 0.068 0.035 0.001 0.035 22.384 0.011 22.39 23.818 0 23.813 24.004 0 23.999
0.055 0.008 0.063 0.033 0.001 0.034 21.967 0.013 21.975 23.785 0 23.78 23.991 0 23.985
0.059 0.004 0.063 0.031 0.003 0.034 22.167 0.014 22.177 24.022 0 24.019 24.26 0 24.256
0.064 0.004 0.107 0.035 0.001 0.0359999999999999 22.866 0.013 22.873 24.833 0 24.828 24.698 0 24.693
0.056 0.008 0.122 0.029 0.005 0.0339999999999999 22.362 0.014 22.371 24.213 0 24.208 24.04 0 24.034
0.057 0.00600000000000001 0.064 0.031 0.004 0.034 22.588 0.013 22.595 24.246 0 24.243 24.074 0 24.067
0.062 0.00600000000000001 0.068 0.034 0.002 0.035 22.68 0.02 22.696 24.511 0 24.506 24.433 0 24.427
0.0649999999999999 0.005 0.112 0.033 0.003 0.0349999999999999 23.126 0.011 23.131 24.89 0 24.891 24.416 0 24.414
0.063 0.005 0.068 0.036 0 0.036 23.485 0.015 23.494 25.255 0 25.25 25.173 0 25.168
0.058 0.005 0.063 0.034 0.001 0.035 22.737 0.017 22.749 24.145 0 24.14 24.332 0 24.326
0.066 0.00199999999999999 0.068 0.033 0.002 0.035 22.403 0.016 22.414 24.157 0 24.151 24.044 0 24.039
0.065 0.005 0.121 0.035 0.000999999999999994 0.036 22.969 0.016 22.98 24.744 0 24.739 24.603 0 24.599
0.064 0.005 0.069 0.031 0.004 0.036 23.147 0.016 23.157 24.847 0 24.842 24.752 0 24.747
0.067 0.001 0.068 0.031 0.005 0.036 22.796 0.012 22.802 24.498 0 24.493 24.362 0 24.356
0.067 0.001 0.068 0.034 0.002 0.036 22.742 0.013 22.749 24.238 0 24.234 24.097 0 24.091
0.066 0.002 0.068 0.035 0.001 0.035 22.992 0.011 22.998 24.445 0.001 24.44 24.306 0 24.3
0.065 0.003 0.068 0.031 0.003 0.034 22.446 0.016 22.457 24.194 0 24.19 24.058 0 24.051
0.065 0.003 0.068 0.033 0.002 0.035 22.715 0.017 22.727 24.196 0 24.192 24.439 0 24.433
0.063 0.005 0.068 0.033 0.003 0.036 22.631 0.013 22.639 24.348 0 24.343 24.244 0 24.238
0.065 0.003 0.068 0.036 0 0.036 22.689 0.015 22.698 24.458 0 24.453 24.34 0 24.334
0.065 0.00700000000000001 0.072 0.032 0.004 0.036 22.913 0.015 22.923 24.9 0 24.894 24.751 0 24.747
0.065 0.003 0.068 0.032 0.004 0.036 22.676 0.015 22.685 24.187 0 24.182 24.076 0 24.071
0.066 0.002 0.068 0.032 0.004 0.036 22.531 0.011 22.537 24.316 0 24.311 24.236 0 24.23
0.06 0.005 0.0680000000000001 0.034 0.002 0.036 23.643 0.011 23.648 25.383 0 25.378 25.298 0 25.292
0.063 0.005 0.069 0.032 0.004 0.035 22.777 0.01 22.781 24.475 0 24.47 24.374 0 24.368
0.061 0.003 0.0810000000000001 0.031 0.004 0.0349999999999999 22.489 0.013 22.497 24.348 0 24.342 24.195 0 24.189
0.061 0.002 0.063 0.033 0.00199999999999999 0.034 22.354 0.014 22.363 24.105 0 24.1 23.97 0 23.965
0.062 0.00600000000000001 0.068 0.032 0.004 0.035 22.441 0.012 22.448 24.175 0 24.17 24.034 0 24.028
0.067 0.003 0.07 0.032 0.004 0.037 22.44 0.013 22.448 24.239 0 24.234 24.098 0 24.092
0.065 0.005 0.07 0.035 0.000999999999999994 0.036 22.56 0.01 22.565 24.299 0 24.294 24.16 0 24.154
0.065 0.001 0.067 0.033 0.003 0.036 22.199 0.011 22.204 23.645 0 23.642 23.497 0.001 23.492
0.066 0.002 0.0680000000000001 0.033 0.002 0.0349999999999999 22.339 0.016 22.35 24.062 0 24.057 23.929 0 23.924
0.066 0.00199999999999999 0.068 0.032 0.003 0.036 22.152 0.017 22.162 23.955 0 23.951 23.791 0 23.785
0.068 0.001 0.069 0.03 0.005 0.035 22.266 0.017 22.278 24.001 0 23.997 23.874 0 23.868
0.065 0.003 0.067 0.035 0.001 0.036 22.53 0.018 22.543 24.311 0 24.306 24.175 0 24.17
0.067 0.003 0.091 0.034 0.001 0.035 22.785 0.011 22.79 24.659 0 24.654 24.521 0 24.516
0.066 0.003 0.095 0.032 0.004 0.036 22.994 0.013 23.002 24.661 0 24.655 24.605 0 24.601
0.063 0.005 0.068 0.033 0.003 0.036 22.904 0.012 22.91 24.74 0 24.735 24.578 0 24.573
0.06 0.003 0.062 0.031 0.003 0.034 21.814 0.018 21.827 23.639 0 23.634 23.908 0 23.902
0.066 0.003 0.094 0.033 0.003 0.036 23.03 0.011 23.035 24.737 0 24.733 24.612 0 24.605
0.067 0.007 0.073 0.031 0.004 0.036 23.152 0.019 23.165 24.853 0 24.848 24.694 0 24.689
0.061 0.002 0.063 0.032 0.002 0.035 21.865 0.015 21.874 23.761 0 23.757 24.046 0 24.039
0.063 0.004 0.067 0.03 0.005 0.035 22.579 0.011 22.585 24.342 0 24.336 24.195 0 24.19
0.06 0.008 0.0679999999999999 0.032 0.003 0.036 23.436 0.013 23.443 25.239 0 25.234 25.185 0 25.179
0.064 0.005 0.093 0.033 0.003 0.036 23.158 0.012 23.164 25.21 0 25.204 25.08 0 25.076
0.065 0.004 0.069 0.032 0.004 0.036 23.245 0.013 23.253 24.955 0 24.95 24.863 0 24.857
0.064 0.006 0.07 0.035 0.001 0.035 22.468 0.013 22.476 24.23 0 24.224 24.106 0.001 24.101
0.065 0.003 0.069 0.031 0.005 0.036 22.958 0.009 22.96 24.727 0 24.722 24.573 0 24.569
0.064 0.004 0.067 0.033 0.003 0.036 22.911 0.007 22.913 24.657 0 24.652 24.52 0 24.515
0.064 0.004 0.068 0.031 0.004 0.035 22.188 0.011 22.194 23.998 0 23.994 23.863 0 23.857
0.057 0.006 0.063 0.034 0.001 0.034 22.019 0.007 22.023 23.873 0 23.87 24.133 0 24.128
0.063 0.005 0.068 0.034 0.002 0.036 22.477 0.014 22.486 24.286 0 24.281 24.139 0 24.134
0.062 0.006 0.068 0.031 0.005 0.036 23.075 0.015 23.084 24.83 0 24.825 24.732 0 24.726
0.064 0.003 0.067 0.032 0.003 0.034 22.183 0.009 22.188 23.848 0.001 23.843 23.689 0 23.684
0.07 0.001 0.071 0.039 0 0.039 27.693 0.014 27.7 29.401 0 29.395 29.243 0 29.236
0.066 0.002 0.068 0.033 0.002 0.035 22.565 0.011 22.571 23.981 0 23.976 23.797 0 23.791
0.061 0.003 0.065 0.031 0.004 0.034 22.792 0.013 22.8 24.499 0.001 24.499 23.879 0 23.883
0.067 0.003 0.103 0.033 0.003 0.036 24.834 0.015 24.843 26.597 0 26.591 26.471 0 26.465
0.064 0.004 0.068 0.033 0.003 0.036 22.523 0.007 22.525 24.336 0 24.331 24.203 0 24.197
0.066 0.004 0.101 0.034 0.000999999999999994 0.035 22.774 0.009 22.777 24.521 0 24.516 24.406 0 24.4
0.063 0.004 0.067 0.031 0.005 0.036 22.484 0.014 22.492 24.17 0 24.165 24.068 0 24.063
0.067 0.002 0.07 0.034 0.002 0.036 22.371 0.011 22.376 24.261 0 24.257 24.12 0 24.114
0.066 0.006 0.072 0.033 0.002 0.035 22.62 0.015 22.631 24.366 0.001 24.362 24.24 0 24.234
0.062 0.005 0.068 0.032 0.004 0.035 22.45 0.012 22.457 24.237 0 24.233 24.101 0 24.095
0.061 0.00600000000000001 0.067 0.035 0.001 0.036 22.603 0.012 22.609 24.008 0 24.003 24.238 0 24.233
0.065 0.004 0.068 0.034 0.001 0.035 22.505 0.012 22.513 24.315 0 24.309 24.145 0 24.139
0.064 0.004 0.068 0.03 0.006 0.036 22.983 0.013 22.99 24.819 0 24.814 24.69 0 24.685
0.063 0.005 0.126 0.035 0.001 0.0359999999999999 22.604 0.019 22.617 24.449 0 24.444 24.306 0 24.301
0.063 0.005 0.068 0.032 0.003 0.036 22.522 0.009 22.525 24.299 0 24.294 24.131 0 24.126
0.064 0.005 0.068 0.035 0.000999999999999994 0.036 23.102 0.01 23.107 24.502 0 24.507 23.906 0 23.916
0.063 0.005 0.068 0.033 0.003 0.036 23.109 0.009 23.112 24.921 0 24.917 24.769 0 24.762
0.063 0.005 0.127 0.031 0.005 0.0359999999999999 22.741 0.013 22.749 24.491 0 24.486 24.352 0 24.347
0.062 0.008 0.124 0.033 0.00199999999999999 0.0349999999999999 22.719 0.011 22.726 24.528 0 24.522 24.094 0 24.096
0.062 0.006 0.128 0.034 0.001 0.0349999999999999 22.457 0.014 22.465 24.281 0 24.278 24.193 0 24.187
0.063 0.005 0.068 0.03 0.006 0.035 22.768 0.011 22.775 24.506 0 24.501 24.374 0 24.368
0.06 0.009 0.069 0.033 0.003 0.036 22.934 0.014 22.943 24.635 0 24.63 24.549 0 24.544
0.068 0 0.0679999999999999 0.034 0.002 0.035 22.425 0.016 22.443 23.638 0.001 23.639 23.413 0 23.42
0.061 0.007 0.068 0.033 0.002 0.036 23.139 0.011 23.146 24.601 0 24.596 24.199 0 24.204
0.063 0.006 0.069 0.034 0.002 0.036 22.715 0.015 22.725 24.433 0 24.428 24.307 0 24.301
0.062 0.006 0.068 0.031 0.005 0.035 24.612 0.011 24.619 26.338 0 26.331 26.116 0 26.111
0.064 0.003 0.067 0.032 0.004 0.035 22.424 0.017 22.437 23.628 0.001 23.634 23.017 0 23.024
0.063 0.005 0.068 0.034 0.002 0.036 22.808 0.011 22.814 24.565 0 24.56 24.423 0 24.416
0.065 0.003 0.068 0.034 0.001 0.036 22.49 0.005 22.49 24.27 0 24.265 24.13 0 24.124
0.066 0.004 0.07 0.033 0.003 0.036 22.121 0.014 22.13 23.944 0 23.939 24.165 0 24.16
0.063 0.006 0.068 0.032 0.003 0.035 22.336 0.016 22.347 24.088 0 24.083 23.995 0 23.989
0.062 0.005 0.067 0.03 0.006 0.036 22.597 0.018 22.61 24.391 0 24.386 24.281 0 24.275
0.063 0.005 0.067 0.035 0.000999999999999994 0.036 22.714 0.011 22.719 24.454 0 24.449 24.349 0 24.343
0.066 0.00199999999999999 0.068 0.034 0.001 0.035 22.376 0.007 22.378 24.109 0 24.104 23.976 0 23.97
0.065 0.003 0.068 0.034 0.002 0.035 22.94 0.016 22.951 24.57 0 24.565 24.742 0 24.737
0.064 0.003 0.067 0.033 0.003 0.036 22.711 0.01 22.716 24.401 0 24.396 24.285 0 24.279
0.062 0.007 0.093 0.032 0.003 0.036 22.736 0.021 22.752 24.509 0 24.503 24.413 0 24.408
0.061 0.00600000000000001 0.067 0.033 0.003 0.035 22.582 0.013 22.591 24.332 0 24.325 24.238 0 24.232
0.063 0.00600000000000001 0.093 0.031 0.005 0.036 24.816 0.015 24.825 26.503 0 26.497 26.516 0 26.51
0.064 0.004 0.067 0.03 0.005 0.036 22.129 0.008 22.132 23.96 0 23.954 23.818 0 23.814
0.065 0.003 0.068 0.036 0 0.036 23.704 0.016 23.714 25.362 0 25.355 25.123 0 25.119
0.065 0.003 0.0679999999999999 0.03 0.005 0.035 22.408 0.008 22.411 24.17 0 24.165 24.034 0 24.029
0.06 0.003 0.063 0.033 0.002 0.034 22.287 0.02 22.302 24.069 0 24.066 23.992 0 23.985
0.06 0.004 0.063 0.032 0.002 0.035 22.975 0.011 22.983 24.935 0 24.93 25.275 0 25.271
0.063 0.00600000000000001 0.104 0.035 0.001 0.035 22.75 0.00899999999999999 22.755 24.492 0 24.486 24.384 0 24.379
0.066 0.002 0.068 0.031 0.005 0.036 23.574 0.009 23.576 25.305 0 25.301 25.201 0 25.194
0.066 0.001 0.067 0.032 0.004 0.036 22.513 0.01 22.518 24.209 0 24.204 24.118 0 24.112
0.068 0.002 0.106 0.033 0.003 0.036 22.841 0.013 22.849 24.503 0.001 24.5 24.297 0 24.291
0.065 0.003 0.068 0.029 0.006 0.036 22.664 0.018 22.675 24.47 0 24.466 24.351 0 24.346
0.063 0.004 0.068 0.031 0.005 0.036 22.812 0.012 22.817 24.309 0 24.305 24.105 0 24.099
0.067 0.000999999999999994 0.068 0.034 0.002 0.036 22.916 0.016 22.927 24.66 0 24.655 24.577 0 24.572
0.063 0.004 0.067 0.033 0.003 0.035 22.278 0.014 22.288 24.061 0 24.056 23.898 0 23.893
0.064 0.004 0.107 0.034 0.003 0.036 22.51 0.014 22.519 24.325 0 24.32 24.173 0 24.169
0.062 0.005 0.067 0.033 0.003 0.036 22.626 0.018 22.639 24.416 0 24.411 24.257 0 24.251
0.066 0.005 0.07 0.035 0.001 0.036 22.961 0.013 22.97 24.676 0 24.67 24.528 0 24.522
0.059 0.008 0.067 0.034 0.002 0.036 23.021 0.013 23.028 24.789 0 24.784 24.591 0 24.586
0.058 0.005 0.063 0.033 0.002 0.034 23.054 0.014 23.064 25.126 0 25.121 25.254 0 25.248
0.063 0.007 0.07 0.031 0.004 0.035 22.762 0.01 22.768 24.472 0 24.467 24.352 0 24.346
0.066 0.001 0.067 0.034 0.003 0.037 22.786 0.011 22.792 24.545 0 24.54 24.431 0 24.425
0.062 0.006 0.067 0.033 0.002 0.036 22.555 0.014 22.564 24.004 0 24 24.168 0 24.162
0.063 0.005 0.0670000000000001 0.034 0.001 0.0359999999999999 22.601 0.013 22.609 24.343 0 24.338 24 0 24.002
0.067 0.001 0.067 0.033 0.002 0.036 22.639 0.018 22.651 24.46 0 24.454 24.3 0 24.294
0.066 0.001 0.068 0.033 0.003 0.035 22.662 0.015 22.672 24.416 0 24.412 24.281 0 24.274
0.064 0.004 0.067 0.035 0 0.036 22.416 0.014 22.424 24.221 0 24.217 24.095 0 24.089
0.064 0.004 0.068 0.034 0.00199999999999999 0.035 22.424 0.012 22.432 24.219 0 24.215 24.1 0 24.093
0.065 0.004 0.0890000000000001 0.033 0.003 0.0359999999999999 22.702 0.01 22.707 24.489 0 24.484 24.331 0 24.325
0.058 0.011 0.068 0.035 0 0.036 22.843 0.015 22.852 24.666 0 24.661 24.508 0 24.503
0.063 0.005 0.068 0.031 0.004 0.035 22.534 0.011 22.541 24.287 0 24.282 24.15 0 24.144
0.066 0.001 0.066 0.034 0.001 0.035 22.493 0.013 22.501 24.127 0 24.123 23.981 0 23.975
0.063 0.005 0.068 0.032 0.003 0.036 22.556 0.013 22.564 24.352 0 24.347 24.16 0 24.154
0.065 0.003 0.068 0.036 0 0.036 23.1 0.019 23.114 24.734 0 24.729 24.343 0 24.338
0.062 0.002 0.064 0.031 0.004 0.034 22.572 0.015 22.582 24.344 0 24.34 24.218 0 24.212
0.062 0.005 0.068 0.029 0.007 0.035 22.712 0.011 22.719 24.14 0 24.137 23.948 0 23.944
0.063 0.005 0.067 0.033 0.002 0.036 22.626 0.011 22.631 24.356 0 24.351 24.23 0 24.225
0.058 0.006 0.063 0.033 0.003 0.036 22.586 0.015 22.597 24.477 0 24.472 24.434 0 24.427
0.061 0.00600000000000001 0.089 0.029 0.006 0.035 22.523 0.007 22.524 24.304 0 24.3 24.175 0 24.17
0.065 0.005 0.09 0.034 0.002 0.035 22.976 0.011 22.985 24.647 0 24.644 24.497 0 24.496
0.066 0.005 0.071 0.034 0.002 0.036 22.488 0.021 22.503 24.393 0 24.389 24.274 0 24.268
0.059 0.009 0.068 0.032 0.004 0.035 23.454 0.013 23.462 25.116 0 25.111 25.142 0 25.138
0.066 0.003 0.068 0.034 0.002 0.036 23.529 0.017 23.542 25.261 0 25.255 25.205 0 25.199
0.064 0.004 0.068 0.034 0.002 0.036 22.885 0.00899999999999999 22.89 24.603 0 24.598 24.49 0 24.485
0.061 0.00600000000000001 0.0700000000000001 0.03 0.006 0.0349999999999999 22.711 0.009 22.714 24.559 0 24.554 24.46 0 24.454
0.066 0.003 0.069 0.033 0.003 0.036 23.003 0.014 23.011 24.814 0 24.808 24.668 0 24.663
0.061 0.003 0.064 0.031 0.004 0.035 22.705 0.011 22.71 24.554 0 24.549 24.443 0 24.436
0.064 0.004 0.068 0.034 0.001 0.035 22.376 0.012 22.383 24.13 0.001 24.127 24.016 0 24.01
0.062 0.006 0.068 0.034 0.00199999999999999 0.036 22.732 0.021 22.748 24.503 0 24.498 24.392 0 24.386
0.067 0.004 0.073 0.034 0.002 0.036 23.094 0.013 23.103 24.802 0 24.797 24.683 0 24.677
0.061 0.008 0.068 0.031 0.005 0.036 23.854 0.00799999999999999 23.857 25.33 0 25.33 24.705 0 24.711
0.061 0.008 0.0900000000000001 0.035 0.001 0.0359999999999999 22.728 0.016 22.74 24.476 0 24.47 24.398 0 24.392
0.066 0.003 0.069 0.034 0.002 0.036 23.854 0.014 23.863 25.009 0 25.012 24.525 0 24.527
0.06 0.00899999999999999 0.069 0.035 0.001 0.035 24.648 0.022 24.663 26.359 0 26.353 26.203 0 26.203
0.058 0.005 0.064 0.03 0.004 0.034 22.255 0.016 22.266 24.323 0 24.318 24.389 0 24.383
0.066 0.004 0.069 0.03 0.005 0.035 22.533 0.018 22.547 24.271 0 24.265 24.164 0 24.158
0.062 0.005 0.067 0.031 0.005 0.036 22.426 0.00600000000000001 22.427 24.085 0 24.079 23.978 0 23.974
0.061 0.002 0.063 0.03 0.004 0.035 21.848 0.016 21.859 23.694 0 23.69 23.947 0 23.944
0.067 0.003 0.071 0.035 0.001 0.036 22.609 0.013 22.617 24.371 0 24.366 24.24 0 24.234
0.058 0.005 0.064 0.032 0.003 0.034 22.563 0.009 22.567 24.56 0 24.555 24.68 0 24.673
0.064 0.003 0.066 0.032 0.003 0.035 22.6 0.019 22.614 24.278 0 24.274 24.135 0 24.129
0.064 0.003 0.067 0.033 0.003 0.035 22.331 0.02 22.347 24.147 0 24.141 24.003 0 23.998
0.063 0.005 0.067 0.034 0.00199999999999999 0.036 22.523 0.012 22.53 24.284 0 24.279 24.155 0 24.148
0.062 0.006 0.068 0.034 0.001 0.035 22.602 0.011 22.607 24.374 0 24.369 24.228 0 24.222
0.058 0.005 0.063 0.031 0.003 0.034 22.556 0.02 22.571 24.329 0.001 24.325 24.193 0 24.187
0.068 0.004 0.071 0.034 0.00199999999999999 0.036 22.555 0.011 22.561 24.349 0 24.344 24.222 0 24.217
0.065 0.002 0.067 0.034 0.001 0.035 22.27 0.013 22.277 24.022 0 24.018 23.889 0 23.883
0.061 0.007 0.068 0.034 0.002 0.037 22.286 0.016 22.296 24.055 0 24.05 23.906 0 23.9
0.062 0.006 0.068 0.033 0.003 0.035 22.953 0.023 22.971 24.531 0 24.526 23.732 0 23.74
0.064 0.003 0.067 0.031 0.004 0.036 22.352 0.017 22.364 24.096 0 24.091 23.969 0 23.964
0.061 0.008 0.069 0.034 0.001 0.035 22.946 0.016 22.956 24.678 0 24.674 24.552 0 24.547
0.063 0.004 0.067 0.031 0.004 0.035 22.274 0.01 22.28 23.674 0 23.67 23.878 0 23.872
0.062 0.003 0.0669999999999999 0.033 0.002 0.035 22.779 0.01 22.785 24.515 0 24.51 24.362 0 24.355
0.062 0.005 0.067 0.033 0.003 0.036 22.337 0.015 22.347 24.121 0 24.116 23.993 0 23.988
0.057 0.007 0.063 0.033 0.001 0.034 22.372 0.016 22.384 24.116 0 24.113 23.475 0 23.475
0.069 0 0.07 0.035 0.001 0.036 22.876 0.008 22.879 24.658 0 24.653 24.555 0 24.549
0.066 0.00199999999999999 0.068 0.031 0.005 0.036 22.875 0.017 22.887 24.608 0 24.603 24.514 0 24.509
0.065 0.002 0.067 0.034 0.001 0.036 22.515 0.012 22.521 24.265 0 24.261 24.163 0 24.156
0.064 0.003 0.067 0.035 0.001 0.036 22.633 0.012 22.64 24.388 0 24.383 24.256 0 24.25
0.065 0.003 0.068 0.035 0.001 0.035 22.53 0.01 22.536 24.321 0 24.316 24.18 0 24.174
0.066 0.001 0.0700000000000001 0.034 0.002 0.0359999999999999 22.446 0.012 22.453 24.209 0 24.204 24.055 0 24.048
0.067 0.001 0.067 0.034 0.002 0.036 22.668 0.011 22.674 24.473 0 24.467 24.337 0.001 24.332
0.065 0.003 0.067 0.033 0.002 0.036 22.996 0.009 22.999 24.579 0.001 24.575 24.236 0 24.23
0.068 0.003 0.071 0.033 0.003 0.035 23.012 0.015 23.023 24.328 0 24.325 24.194 0 24.19
0.063 0.00600000000000001 0.069 0.03 0.006 0.036 23.105 0.019 23.117 24.818 0 24.813 24.715 0 24.711
0.063 0.005 0.068 0.031 0.004 0.036 23.042 0.011 23.047 24.742 0 24.737 24.596 0 24.59
0.059 0.004 0.063 0.03 0.005 0.034 22.222 0.006 22.224 24.181 0 24.175 24.326 0 24.32
0.063 0.00600000000000001 0.069 0.035 0.001 0.036 23.267 0.014 23.276 24.945 0 24.94 24.854 0 24.849
0.065 0.002 0.068 0.033 0.003 0.035 22.816 0.02 22.831 24.478 0 24.473 24.378 0 24.374
0.065 0.003 0.095 0.033 0.003 0.035 22.639 0.009 22.642 24.404 0 24.399 24.356 0 24.35
0.064 0.004 0.068 0.034 0.002 0.036 22.5 0.016 22.511 24.223 0 24.218 24.098 0 24.093
0.064 0.004 0.069 0.034 0.00199999999999999 0.035 22.837 0.011 22.844 24.534 0 24.528 24.454 0 24.448
0.065 0.00199999999999999 0.067 0.034 0.002 0.036 22.342 0.012 22.348 24.116 0 24.111 23.967 0 23.962
0.062 0.007 0.068 0.031 0.005 0.036 23.255 0.018 23.268 24.996 0 24.992 24.896 0 24.889
0.064 0.003 0.068 0.032 0.004 0.035 22.77 0.012 22.776 24.438 0.001 24.435 24.396 0 24.39
0.061 0.007 0.068 0.033 0.003 0.036 23.587 0.018 23.598 25.4 0 25.395 25.44 0 25.435
0.063 0.006 0.068 0.031 0.004 0.036 22.641 0.016 22.651 24.435 0 24.431 24.298 0 24.292
0.062 0.002 0.064 0.034 0.001 0.035 22.711 0.015 22.722 24.742 0 24.736 24.926 0 24.922
0.062 0.005 0.0669999999999999 0.035 0.001 0.036 22.552 0.014 22.56 24.334 0 24.33 24.181 0 24.174
0.067 0.002 0.069 0.03 0.005 0.035 22.831 0.017 22.843 24.595 0 24.59 24.507 0 24.502
0.061 0.00600000000000001 0.068 0.035 0.000999999999999994 0.036 22.656 0.012 22.662 24.487 0 24.483 24.362 0 24.357
0.062 0.002 0.064 0.033 0.002 0.035 23.667 0.016 23.678 25.363 0.001 25.359 25.46 0 25.454
0.065 0.003 0.067 0.032 0.003 0.035 22.196 0.013 22.205 23.972 0 23.966 23.841 0 23.836
0.056 0.006 0.063 0.034 0.001 0.034 21.915 0.01 21.92 23.951 0 23.946 24.051 0 24.045
0.062 0.005 0.067 0.033 0.00199999999999999 0.035 22.423 0.019 22.436 23.995 0 23.99 23.718 0 23.714
0.059 0.008 0.067 0.034 0.001 0.035 22.552 0.008 22.555 24.239 0 24.234 24.173 0 24.167
0.065 0.003 0.068 0.033 0.003 0.036 22.804 0.018 22.817 24.557 0 24.552 24.402 0 24.397
0.06 0.002 0.062 0.033 0.002 0.035 21.901 0.012 21.911 23.594 0 23.59 23.871 0 23.868
0.065 0.001 0.0660000000000001 0.03 0.005 0.0359999999999999 22.333 0.00899999999999999 22.336 24.081 0 24.077 23.922 0 23.916
0.063 0.005 0.068 0.033 0.002 0.035 23.387 0.013 23.395 24.785 0 24.78 24.673 0 24.668
0.061 0.008 0.087 0.031 0.005 0.036 23.043 0.00599999999999999 23.043 24.884 0 24.879 24.741 0 24.735
0.065 0.003 0.089 0.035 0.000999999999999994 0.036 22.882 0.00800000000000001 22.885 24.679 0 24.673 24.534 0 24.53
0.065 0.003 0.068 0.034 0.00199999999999999 0.036 22.936 0.012 22.943 24.751 0 24.747 24.58 0 24.574
0.067 0.002 0.069 0.034 0.002 0.035 23.597 0.013 23.605 25.332 0 25.327 25.236 0 25.23
0.059 0.00800000000000001 0.068 0.032 0.003 0.035 22.429 0.02 22.444 24.195 0 24.19 24.061 0 24.055
0.062 0.006 0.0860000000000001 0.034 0.001 0.0349999999999999 22.665 0.012 22.672 24.447 0 24.442 24.363 0 24.357
0.06 0.008 0.068 0.033 0.003 0.036 23.34 0.016 23.351 25.141 0 25.135 24.989 0 24.984
0.066 0.002 0.068 0.033 0.003 0.035 24.697 0.015 24.707 26.123 0 26.117 25.828 0 25.822
0.056 0.007 0.063 0.034 0 0.034 21.866 0.013 21.873 23.703 0 23.699 23.966 0 23.961
0.064 0.003 0.067 0.033 0.004 0.036 22.744 0.018 22.757 24.13 0 24.126 24.369 0 24.363
0.057 0.007 0.088 0.033 0.002 0.034 23.023 0.013 23.031 24.765 0 24.76 24.633 0 24.628
0.06 0.003 0.063 0.033 0.002 0.035 22.904 0.009 22.908 24.644 0 24.639 24.495 0 24.49
0.061 0.00199999999999999 0.063 0.031 0.004 0.035 22.763 0.014 22.772 24.527 0 24.522 24.38 0 24.373
0.061 0.007 0.068 0.035 0 0.035 22.856 0.009 22.859 24.706 0 24.701 24.613 0 24.608
0.063 0.004 0.068 0.033 0.003 0.035 22.536 0.015 22.546 24.34 0 24.335 24.189 0 24.183
0.061 0.00600000000000001 0.068 0.034 0.002 0.036 22.685 0.012 22.691 24.355 0 24.357 23.751 0 23.753
0.063 0.005 0.068 0.034 0.003 0.037 23.054 0.01 23.058 24.785 0 24.78 24.643 0 24.638
0.065 0.003 0.0679999999999999 0.033 0.003 0.035 22.255 0.008 22.258 24.016 0 24.011 23.869 0 23.864
0.061 0.007 0.0710000000000001 0.033 0.002 0.036 22.713 0.012 22.72 24.455 0 24.449 24.315 0 24.309
0.056 0.00799999999999999 0.063 0.03 0.004 0.035 22.326 0.01 22.331 24.229 0 24.224 24.077 0 24.071
0.063 0.005 0.067 0.033 0.003 0.036 22.753 0.013 22.762 24.487 0 24.482 24.275 0 24.269
0.061 0.00600000000000001 0.068 0.032 0.004 0.035 22.863 0.009 22.868 24.553 0 24.547 24.408 0 24.403
0.064 0.005 0.068 0.034 0.001 0.036 22.771 0.012 22.778 24.485 0 24.48 24.352 0 24.345
0.066 0.002 0.067 0.033 0.002 0.036 22.47 0.008 22.473 23.82 0 23.822 23.331 0 23.338
0.063 0.004 0.067 0.033 0.003 0.035 22.461 0.012 22.468 23.833 0 23.829 24.119 0 24.114
0.063 0.005 0.067 0.031 0.004 0.036 22.461 0.015 22.471 23.844 0 23.842 24.131 0 24.126
0.059 0.004 0.062 0.031 0.004 0.035 22.485 0.00900000000000001 22.494 23.869 0.03 23.907 23.376 0.075 23.456
0.062 0.006 0.068 0.034 0.001 0.035 22.898 0.015 22.908 24.765 0 24.759 24.218 0 24.22
0.068 0.002 0.07 0.035 0.001 0.036 22.49 0.012 22.496 24.256 0 24.251 24.122 0 24.116
0.068 0.003 0.071 0.032 0.003 0.035 22.306 0.012 22.313 24.06 0 24.056 23.972 0 23.966
0.067 0.001 0.068 0.032 0.004 0.035 22.72 0.012 22.726 24.477 0 24.471 24.32 0 24.314
0.063 0.00600000000000001 0.0980000000000001 0.034 0.00199999999999999 0.0359999999999999 22.666 0.00900000000000001 22.67 24.427 0 24.423 24.266 0 24.26
0.068 0.003 0.072 0.032 0.003 0.036 22.761 0.014 22.769 24.533 0 24.527 24.386 0 24.381
0.062 0.007 0.072 0.034 0.002 0.036 22.77 0.013 22.776 24.513 0 24.509 24.381 0 24.374
0.06 0.007 0.067 0.033 0.003 0.036 22.617 0.014 22.626 24 0 24.002 23.498 0 23.504
0.071 0.001 0.072 0.033 0.00199999999999999 0.035 22.251 0.01 22.255 24.051 0 24.047 23.897 0 23.891
0.058 0.005 0.064 0.034 0.001 0.034 22.588 0.01 22.593 24.408 0 24.402 24.312 0 24.306
0.062 0.006 0.0700000000000001 0.033 0.003 0.0359999999999999 23.139 0.01 23.143 24.895 0 24.891 24.778 0 24.772
0.066 0.005 0.075 0.033 0.003 0.036 23.3 0.008 23.302 25.085 0.001 25.08 24.924 0 24.92
0.063 0.005 0.068 0.035 0.000999999999999994 0.036 22.475 0.019 22.49 23.792 0 23.794 23.367 0 23.371
0.063 0.003 0.066 0.029 0.007 0.036 22.571 0.017 22.583 23.953 0.001 23.95 23.781 0 23.774
0.061 0.00600000000000001 0.067 0.031 0.004 0.035 22.422 0.014 22.431 23.883 0 23.878 23.733 0 23.727
0.063 0.005 0.088 0.034 0.002 0.036 22.467 0.013 22.476 24.264 0 24.259 24.114 0 24.107
0.063 0.003 0.066 0.034 0.002 0.036 22.691 0.007 22.692 24.493 0 24.489 24.344 0 24.338
0.066 0.003 0.068 0.033 0.002 0.036 23.536 0.016 23.546 25.163 0 25.157 25.069 0 25.064
0.0679999999999999 0.00199999999999999 0.0700000000000001 0.037 0 0.0359999999999999 22.98 0.016 22.991 24.774 0 24.769 24.647 0 24.641
0.065 0.003 0.068 0.035 0.002 0.037 22.596 0.007 22.597 24.39 0 24.385 24.253 0 24.247
0.058 0.006 0.063 0.032 0.003 0.035 22.778 0.01 22.782 24.576 0 24.571 24.4 0 24.394
0.06 0.003 0.063 0.032 0.003 0.035 22.68 0.012 22.688 24.469 0 24.463 24.317 0 24.311
0.066 0.001 0.068 0.033 0.003 0.036 22.799 0.011 22.804 24.496 0 24.491 24.369 0 24.363
0.059 0.004 0.063 0.034 0.001 0.035 22.305 0.013 22.313 23.952 0 23.947 23.814 0 23.809
0.062 0.007 0.068 0.033 0.003 0.037 22.943 0.016 22.952 24.706 0 24.702 24.554 0 24.548
0.063 0.004 0.067 0.032 0.004 0.036 22.576 0.017 22.588 24.402 0 24.397 24.28 0 24.274
0.065 0.004 0.069 0.032 0.004 0.035 23.039 0.013 23.047 24.798 0 24.793 24.694 0 24.689
0.067 0.003 0.069 0.032 0.003 0.036 22.746 0.01 22.75 24.425 0 24.42 24.299 0 24.294
0.065 0.006 0.071 0.032 0.003 0.036 22.381 0.012 22.387 24.128 0 24.124 23.99 0 23.985
0.062 0.004 0.066 0.032 0.004 0.036 22.346 0.011 22.352 24.142 0 24.137 24.023 0 24.018
0.062 0.001 0.063 0.029 0.005 0.034 22.441 0.018 22.454 24.284 0 24.279 24.572 0 24.566
0.061 0.003 0.064 0.032 0.00199999999999999 0.034 24.224 0.035 24.284 25.905 0.04 25.968 26.288 0.017 26.336
0.06 0.003 0.063 0.031 0.004 0.035 22.266 0.015 22.276 24.245 0 24.24 24.12 0 24.113
0.061 0.006 0.067 0.035 0.001 0.035 22.736 0.019 22.75 24.424 0 24.419 24.153 0 24.147
0.063 0.005 0.068 0.035 0.001 0.035 22.451 0.01 22.457 24.168 0 24.163 24.042 0 24.035
0.0659999999999999 0.00199999999999999 0.068 0.03 0.00600000000000001 0.036 22.915 0.018 22.928 24.669 0 24.664 24.513 0 24.509
0.062 0.007 0.069 0.035 0.001 0.036 24.602 0.013 24.609 26.458 0.001 26.453 26.285 0 26.281
0.066 0.00199999999999999 0.068 0.034 0.002 0.036 22.898 0.011 22.904 24.654 0 24.649 24.58 0 24.575
0.068 0.003 0.0730000000000001 0.035 0.001 0.0349999999999999 22.945 0.015 22.956 24.587 0.000999999999999987 24.583 24.449 0 24.444
0.0649999999999999 0.006 0.0730000000000001 0.032 0.003 0.0349999999999999 22.478 0.01 22.483 24.241 0 24.235 24.097 0 24.093
0.065 0.003 0.088 0.033 0.003 0.036 22.319 0.014 22.328 24.164 0 24.159 24.038 0 24.032
0.069 0.004 0.072 0.035 0.001 0.037 22.376 0.014 22.384 24.402 0 24.398 24.448 0 24.441
0.058 0.005 0.063 0.028 0.00600000000000001 0.034 22.398 0.01 22.403 24.183 0 24.178 24.053 0 24.048
0.063 0.004 0.067 0.03 0.006 0.036 22.425 0.017 22.437 23.891 0 23.887 24.109 0 24.102
0.064 0.004 0.068 0.03 0.005 0.036 23.426 0.018 23.438 24.881 0 24.876 25.008 0 25.002
0.062 0.006 0.068 0.035 0.001 0.035 22.853 0.011 22.859 24.629 0 24.623 24.475 0 24.471
0.064 0.004 0.068 0.032 0.004 0.036 22.624 0.007 22.626 24.346 0 24.341 24.199 0 24.193
0.065 0.003 0.069 0.033 0.003 0.036 24.574 0.009 24.577 26.313 0 26.307 26.194 0 26.188
0.066 0.002 0.068 0.034 0.002 0.036 23.02 0.01 23.024 24.784 0 24.779 24.653 0 24.648
0.06 0.004 0.064 0.032 0.003 0.035 22.697 0.012 22.704 24.817 0 24.812 24.678 0 24.673
0.064 0.004 0.067 0.031 0.005 0.036 22.334 0.02 22.349 24.155 0 24.151 24.032 0 24.025
0.065 0.004 0.069 0.034 0.003 0.036 22.976 0.009 22.98 24.706 0 24.701 24.625 0 24.619
0.062 0.006 0.068 0.032 0.003 0.036 22.727 0.01 22.731 24.543 0 24.538 24.355 0 24.349
0.064 0.005 0.093 0.033 0.003 0.036 22.683 0.013 22.691 24.506 0 24.502 24.355 0 24.348
0.066 0.003 0.112 0.033 0.002 0.035 22.54 0.016 22.55 24.328 0 24.323 24.178 0 24.172
0.058 0.006 0.064 0.033 0.002 0.035 22.44 0.012 22.447 24.333 0 24.329 24.208 0.001 24.203
0.06 0.007 0.067 0.034 0.002 0.036 22.504 0.01 22.51 23.824 0 23.819 23.681 0 23.675
0.067 0.002 0.068 0.033 0.003 0.036 22.691 0.012 22.7 24.164 0 24.16 23.983 0 23.978
0.063 0.005 0.068 0.033 0.002 0.036 22.717 0.012 22.722 24.463 0 24.458 24.34 0 24.334
0.067 0.002 0.068 0.031 0.004 0.036 22.44 0.012 22.446 24.149 0 24.144 24.021 0 24.015
0.066 0.001 0.068 0.033 0.003 0.036 22.901 0.007 22.902 24.472 0 24.467 24.393 0 24.386
0.068 0.001 0.069 0.033 0.002 0.036 22.838 0.016 22.848 24.601 0 24.596 24.453 0 24.448
0.061 0.007 0.068 0.033 0.00199999999999999 0.035 22.27 0.015 22.28 24.017 0 24.012 23.877 0 23.872
0.058 0.005 0.064 0.033 0.002 0.034 22.381 0.014 22.39 24.323 0 24.319 24.182 0 24.174
0.066 0.003 0.069 0.035 0.001 0.036 22.736 0.01 22.741 24.463 0 24.457 24.232 0 24.226
0.069 0.002 0.071 0.033 0.003 0.036 23.077 0.01 23.082 24.732 0 24.727 24.671 0 24.665
0.067 0.003 0.07 0.033 0.002 0.035 22.355 0.013 22.363 24.062 0 24.056 23.947 0 23.942
0.064 0.004 0.067 0.032 0.003 0.036 22.47 0.014 22.479 24.226 0 24.22 24.084 0 24.079
0.063 0.005 0.068 0.032 0.004 0.036 23.38 0.015 23.391 25.194 0 25.189 25.111 0 25.106
0.062 0.00600000000000001 0.068 0.032 0.003 0.035 22.073 0.015 22.09 23.365 0 23.364 22.98 0 22.982
0.063 0.004 0.067 0.032 0.003 0.036 22.493 0.008 22.494 24.227 0 24.223 23.929 0 23.926
0.062 0.005 0.0670000000000001 0.033 0.002 0.0349999999999999 22.475 0.017 22.487 24.262 0 24.256 24.132 0.001 24.127
0.064 0.004 0.0679999999999999 0.035 0.001 0.035 23.046 0.013 23.055 24.731 0 24.726 24.585 0 24.579
0.062 0.005 0.067 0.032 0.004 0.035 22.4 0.00900000000000001 22.404 24.132 0 24.128 24.027 0 24.02
0.059 0.004 0.063 0.028 0.00600000000000001 0.034 21.898 0.018 21.911 23.609 0 23.603 23.928 0 23.924
0.06 0.003 0.062 0.035 0 0.035 22.096 0.021 22.114 23.952 0 23.948 24.264 0 24.26
0.06 0.007 0.068 0.032 0.004 0.036 22.566 0.011 22.571 24.334 0 24.329 24.22 0 24.215
0.0659999999999999 0.002 0.069 0.034 0.002 0.036 22.734 0.017 22.745 24.552 0 24.546 24.368 0 24.363
0.059 0.008 0.068 0.033 0.003 0.036 23.616 0.013 23.622 25.322 0 25.318 25.158 0 25.151
0.064 0.004 0.068 0.031 0.005 0.036 22.375 0.013 22.383 24.153 0 24.149 24.002 0 23.996
