0.06 0.007 0.068 0.034 0.00199999999999999 0.036 22.422 0.012 22.433 23.531 0 23.531 23.042 0.001 23.048
0.063 0.006 0.07 0.032 0.003 0.035 22.97 0.015 22.979 24.698 0 24.693 24.382 0 24.384
0.061 0.00600000000000001 0.067 0.033 0.003 0.036 22.344 0.012 22.352 24.102 0 24.098 23.968 0 23.962
0.066 0.002 0.069 0.034 0.00199999999999999 0.0359999999999999 24.607 0.016 24.624 25.308 0.001 25.309 24.971 0 24.97
0.065 0.004 0.068 0.034 0.00199999999999999 0.036 23.004 0.009 23.007 24.744 0 24.738 24.459 0 24.46
0.063 0.007 0.071 0.033 0.003 0.035 23.629 0.013 23.636 25.287 0 25.281 25.25 0 25.244
0.061 0.003 0.064 0.033 0.002 0.035 22.232 0.007 22.233 24.073 0 24.069 24.233 0 24.226
0.059 0.006 0.065 0.029 0.006 0.036 22.41 0.013 22.417 24.162 0 24.159 24.04 0 24.034
0.056 0.009 0.065 0.034 0.002 0.035 22.308 0.013 22.316 24.076 0 24.071 23.954 0 23.948
0.063 0.005 0.068 0.031 0.005 0.036 22.728 0.008 22.731 24.489 0 24.484 24.339 0 24.332
0.057 0.006 0.063 0.035 0 0.035 22.517 0.016 22.528 24.25 0 24.245 24.098 0 24.092
0.064 0.004 0.068 0.03 0.005 0.0359999999999999 23.028 0.008 23.03 24.781 0 24.775 24.685 0 24.68
0.062 0.006 0.069 0.035 0.001 0.036 22.7 0.014 22.708 24.447 0.001 24.443 24.326 0 24.319
0.065 0.003 0.068 0.035 0.001 0.036 23.064 0.013 23.071 24.864 0 24.859 24.688 0 24.683
0.063 0.005 0.068 0.031 0.005 0.035 22.425 0.016 22.435 24.198 0 24.192 24.079 0 24.074
0.061 0.007 0.068 0.033 0.002 0.035 22.664 0.009 22.668 24.173 0 24.168 24.112 0 24.106
0.066 0.003 0.069 0.034 0.001 0.035 22.354 0.02 22.371 24.093 0 24.09 23.969 0 23.966
0.06 0.004 0.063 0.034 0 0.035 22.205 0.018 22.218 24.263 0 24.258 24.391 0 24.385
0.068 0.001 0.069 0.034 0.002 0.035 22.996 0.019 23.01 24.732 0 24.728 24.588 0 24.583
0.066 0.003 0.069 0.034 0.001 0.035 22.326 0.012 22.333 24.107 0 24.102 23.972 0 23.966
0.062 0.002 0.064 0.029 0.005 0.034 22.499 0.01 22.504 24.289 0 24.284 24.172 0 24.166
0.057 0.006 0.063 0.031 0.004 0.035 22.98 0.014 23.003 24.943 0 24.953 25.142 0.001 25.154
0.064 0.007 0.0700000000000001 0.034 0.002 0.0359999999999999 22.808 0.011 22.814 24.63 0.001 24.626 24.448 0 24.444
0.061 0.003 0.064 0.032 0.00199999999999999 0.034 22.601 0.015 22.611 24.326 0.001 24.322 24.247 0 24.241
0.061 0.006 0.067 0.033 0.003 0.035 22.26 0.014 22.269 23.822 0 23.817 23.526 0 23.52
0.061 0.002 0.063 0.034 0 0.034 22.002 0.02 22.016 23.817 0 23.812 23.692 0 23.685
0.063 0.005 0.068 0.034 0.002 0.036 24.822 0.015 24.831 26.515 0 26.509 26.018 0 26.026
0.063 0.005 0.068 0.032 0.004 0.036 22.596 0.015 22.606 24.385 0 24.381 24.238 0 24.232
0.064 0.004 0.068 0.033 0.002 0.036 23.621 0.011 23.625 25.239 0.001 25.236 25.151 0 25.145
0.062 0.005 0.067 0.031 0.004 0.035 22.313 0.01 22.318 23.754 0 23.75 23.944 0 23.939
0.061 0.005 0.066 0.031 0.005 0.036 22.367 0.071 22.565 24.164 0 24.159 24.012 0.001 24.012
0.064 0.003 0.067 0.033 0.003 0.036 22.631 0.012 22.638 24.199 0 24.194 24.032 0 24.027
0.06 0.004 0.063 0.033 0.00199999999999999 0.035 21.8 0.01 21.812 23.312 0 23.319 23.045 0 23.04
0.064 0.004 0.067 0.032 0.003 0.035 22.899 0.013 22.909 24.328 0 24.323 24.033 0 24.028
0.067 0.001 0.068 0.031 0.004 0.036 22.19 0.014 22.205 23.591 0 23.599 23.542 0 23.537
0.068 0.00199999999999999 0.07 0.036 0.003 0.039 27.658 0.02 27.672 29.333 0 29.325 29.223 0 29.218
0.063 0.004 0.068 0.033 0.003 0.036 23.505 0.013 23.513 25.026 0 25.02 24.792 0 24.788
0.064 0.004 0.068 0.029 0.007 0.036 22.744 0.012 22.75 24.506 0 24.501 24.358 0 24.352
0.0649999999999999 0.004 0.069 0.03 0.00600000000000001 0.036 22.56 0.015 22.57 24.367 0 24.362 24.215 0 24.209
0.062 0.005 0.066 0.033 0.003 0.036 22.703 0.015 22.713 24.459 0 24.46 24.091 0 24.095
0.065 0.003 0.067 0.034 0.002 0.036 22.486 0.00899999999999999 22.49 24.224 0 24.219 24.142 0 24.136
0.062 0.001 0.064 0.031 0.003 0.034 21.769 0.01 21.774 23.866 0 23.862 23.879 0 23.873
0.064 0.005 0.069 0.034 0.002 0.036 23.632 0.014 23.641 27.788 0 27.782 27.876 0 27.871
0.061 0.007 0.0690000000000001 0.035 0.001 0.0359999999999999 22.745 0.066 22.938 24.368 0.072 24.593 23.774 0.077 24.019
0.066 0.004 0.07 0.034 0.002 0.035 22.417 0.012 22.424 24.29 0 24.285 24.103 0 24.098
0.063 0.005 0.068 0.033 0.003 0.036 23.449 0.015 23.459 25.28 0 25.274 25.163 0 25.158
0.0639999999999999 0.004 0.068 0.032 0.004 0.036 23.061 0.006 23.061 24.831 0 24.826 24.724 0 24.719
0.064 0.004 0.069 0.032 0.004 0.036 22.793 0.00899999999999999 22.797 24.605 0 24.599 24.503 0 24.498
0.061 0.006 0.067 0.034 0.002 0.035 22.187 0.016 22.199 23.745 0 23.739 23.612 0 23.605
0.064 0.004 0.068 0.035 0 0.036 23 0.018 23.012 24.786 0 24.781 24.613 0 24.606
0.066 0.003 0.069 0.032 0.004 0.035 22.595 0.019 22.609 24.353 0 24.349 24.225 0 24.22
0.058 0.01 0.068 0.034 0.002 0.036 21.999 0.014 22.015 23.494 0 23.5 23.276 0 23.27
0.063 0.005 0.068 0.034 0.001 0.035 24.71 0.008 24.712 26.375 0 26.371 25.649 0 25.653
0.065 0.003 0.068 0.034 0.001 0.035 22.626 0.018 22.639 24.245 0 24.24 23.865 0 23.86
0.062 0.006 0.068 0.031 0.004 0.035 22.636 0.013 22.644 24.059 0 24.061 23.681 0 23.685
0.062 0.006 0.068 0.03 0.005 0.035 22.395 0.012 22.402 24.136 0 24.132 24.047 0 24.041
0.058 0.00600000000000001 0.063 0.029 0.005 0.035 22.481 0.017 22.493 24.453 0 24.448 24.616 0 24.611
0.065 0.003 0.067 0.033 0.002 0.036 22.376 0.017 22.388 24.119 0 24.113 23.999 0 23.993
0.061 0.006 0.068 0.035 0.001 0.035 22.539 0.014 22.549 24.272 0.002 24.271 24.153 0 24.148
0.06 0.00700000000000001 0.067 0.032 0.004 0.036 22.455 0.013 22.463 24.274 0 24.269 24.126 0 24.12
0.059 0.004 0.063 0.032 0.003 0.035 21.938 0.015 21.961 23.919 0 23.928 24.03 0 24.04
0.061 0.005 0.066 0.034 0.001 0.035 22.43 0.011 22.436 24.148 0 24.151 23.515 0 23.516
0.061 0.00600000000000001 0.068 0.034 0.000999999999999994 0.035 22.58 0.018 22.592 24.296 0 24.292 24.171 0 24.165
0.064 0.006 0.069 0.034 0.001 0.036 23.907 0.012 23.913 28.878 0 28.872 28.59 0.001 28.585
0.062 0.001 0.063 0.032 0.003 0.035 22.013 0.013 22.023 23.866 0.001 23.86 23.749 0 23.744
0.065 0.004 0.069 0.033 0.003 0.036 22.893 0.01 22.897 24.226 0 24.229 23.832 0 23.837
0.063 0.004 0.068 0.031 0.005 0.035 22.646 0.013 22.655 24.254 0.001 24.249 24.133 0 24.127
0.063 0.004 0.068 0.032 0.004 0.036 22.48 0.017 22.491 24.256 0 24.252 24.12 0 24.115
0.062 0.005 0.067 0.034 0.001 0.035 22.762 0.013 22.769 24.469 0 24.464 24.683 0 24.678
0.061 0.003 0.064 0.03 0.005 0.035 21.913 0.014 21.923 23.761 0.001 23.756 24.001 0 23.997
0.06 0.008 0.068 0.031 0.005 0.0359999999999999 23.036 0.013 23.042 24.81 0 24.806 24.706 0 24.701
0.078 0.003 0.081 0.037 0.001 0.038 25.312 0.016 25.322 27.167 0 27.163 26.993 0 26.988
0.067 0 0.067 0.032 0.004 0.036 22.535 0.013 22.543 24.068 0 24.064 23.773 0 23.768
0.06 0.004 0.064 0.032 0.002 0.034 22.438 0.012 22.444 24.3 0 24.295 24.471 0 24.464
0.065 0.003 0.0679999999999999 0.032 0.004 0.036 22.841 0.012 22.848 24.578 0 24.573 24.474 0 24.469
0.063 0.005 0.068 0.03 0.005 0.035 22.731 0.013 22.74 24.287 0 24.281 24.017 0 24.012
0.062 0.006 0.068 0.034 0.002 0.036 23.003 0.019 23.017 24.27 0 24.272 23.899 0 23.902
0.057 0.011 0.068 0.034 0.001 0.036 22.602 0.019 22.615 24.154 0 24.149 23.835 0 23.832
0.065 0.005 0.07 0.034 0.002 0.036 23.122 0.018 23.135 24.882 0 24.877 24.779 0 24.773
0.062 0.005 0.067 0.035 0.000999999999999994 0.036 22.339 0.013 22.347 24.115 0.001 24.111 23.987 0 23.98
0.068 0 0.068 0.032 0.003 0.036 22.199 0.022 22.216 23.981 0 23.976 23.866 0 23.86
0.063 0.006 0.069 0.034 0.002 0.036 22.934 0.012 22.941 24.748 0 24.743 24.567 0 24.562
0.0679999999999999 0.001 0.07 0.035 0.001 0.035 22.788 0.009 22.792 24.168 0.001 24.164 24.306 0 24.3
0.063 0.004 0.067 0.033 0.003 0.036 22.466 0.018 22.477 24.289 0 24.285 24.089 0 24.083
0.063 0.005 0.068 0.036 0.001 0.036 23.392 0.02 23.407 25.242 0 25.236 25.132 0 25.127
0.067 0.001 0.068 0.032 0.003 0.035 22.868 0.016 22.878 24.392 0 24.388 24.543 0 24.537
0.061 0.006 0.068 0.033 0.002 0.035 22.405 0.00799999999999999 22.408 24.102 0 24.095 24.124 0 24.119
0.064 0.005 0.069 0.034 0.002 0.036 22.794 0.016 22.804 24.516 0 24.51 24.359 0 24.354
0.065 0.005 0.07 0.033 0.00199999999999999 0.035 23.52 0.013 23.527 25.209 0 25.203 25.1 0 25.094
0.062 0.006 0.068 0.032 0.003 0.036 22.566 0.013 22.574 24.363 0 24.357 24.222 0 24.217
0.063 0.001 0.065 0.034 0.001 0.034 24.774 0.015 24.783 26.433 0 26.428 26.394 0 26.387
0.067 0.00199999999999999 0.068 0.034 0.001 0.036 24.595 0.01 24.598 26.41 0 26.404 26.227 0 26.221
0.062 0.002 0.064 0.029 0.006 0.035 22.311 0.014 22.32 24.099 0 24.095 23.976 0 23.969
0.059 0.004 0.063 0.032 0.002 0.034 22.103 0.011 22.108 23.954 0 23.948 23.82 0 23.815
0.064 0.004 0.069 0.033 0.003 0.036 22.506 0.093 22.765 23.752 0.1 24.024 23.325 0 23.331
0.065 0.004 0.068 0.036 0.001 0.037 22.834 0.016 22.845 24.726 0 24.721 24.581 0 24.576
0.059 0.004 0.062 0.032 0.002 0.035 22.332 0.013 22.339 24.094 0 24.09 23.964 0 23.958
0.063 0.005 0.068 0.032 0.004 0.036 23.368 0.01 23.373 24.546 0 24.541 24.39 0 24.385
0.067 0.001 0.067 0.031 0.004 0.036 22.671 0.00899999999999999 22.674 24.17 0 24.165 23.974 0 23.969
0.065 0.005 0.069 0.032 0.003 0.036 22.618 0.007 22.62 24.37 0 24.366 24.212 0 24.206
0.066 0.002 0.068 0.033 0.003 0.036 22.682 0.016 22.693 24.487 0 24.483 24.303 0 24.297
0.063 0.004 0.067 0.03 0.005 0.036 22.499 0.011 22.506 24.213 0.001 24.21 24.064 0 24.059
0.062 0.005 0.068 0.033 0.002 0.035 22.572 0.015 22.581 24.073 0 24.068 23.724 0 23.717
0.062 0.005 0.067 0.032 0.003 0.036 22.41 0.008 22.412 24.151 0 24.147 24.027 0 24.021
0.068 0.001 0.069 0.033 0.002 0.035 22.388 0.011 22.394 24.129 0 24.124 23.985 0 23.978
0.066 0.002 0.068 0.033 0.003 0.036 22.593 0.014 22.602 24.381 0 24.376 24.262 0 24.256
0.062 0.005 0.0669999999999999 0.035 0.001 0.036 22.148 0.008 22.15 23.899 0 23.894 23.743 0 23.737
0.066 0.000999999999999994 0.067 0.034 0.001 0.036 22.523 0.009 22.525 24.363 0 24.358 24.275 0 24.27
0.067 0.002 0.069 0.032 0.003 0.035 22.743 0.014 22.751 24.536 0 24.531 24.378 0 24.372
0.076 0.005 0.081 0.034 0.004 0.0379999999999999 27.311 0.011 27.317 29.242 0 29.234 29.258 0 29.254
0.066 0.002 0.067 0.032 0.004 0.036 22.692 0.012 22.699 24.024 0 24.026 23.697 0 23.701
0.067 0.001 0.069 0.033 0.003 0.036 23.221 0.00900000000000001 23.224 24.428 0 24.429 24.178 0 24.18
0.063 0.00600000000000001 0.069 0.036 0.00199999999999999 0.038 27.371 0.01 27.376 29.004 0 28.996 28.897 0 28.891
0.059 0.009 0.068 0.034 0.001 0.036 22.69 0.016 22.7 24.441 0 24.436 24.307 0 24.301
0.063 0.005 0.068 0.033 0.002 0.035 22.693 0.01 22.698 24.39 0 24.385 24.235 0 24.229
0.061 0.006 0.068 0.035 0.00199999999999999 0.036 22.846 0.00700000000000001 22.848 24.603 0 24.599 24.493 0 24.488
0.061 0.006 0.068 0.034 0.002 0.035 22.489 0.014 22.498 24.236 0 24.231 24.1 0 24.096
0.056 0.007 0.063 0.032 0.00199999999999999 0.035 22.109 0.01 22.113 23.922 0 23.917 24.156 0 24.15
0.063 0.005 0.069 0.035 0.001 0.036 22.746 0.006 22.746 24.529 0 24.524 24.418 0.001 24.413
0.062 0.006 0.067 0.032 0.004 0.036 22.953 0.011 22.959 24.743 0 24.738 24.638 0 24.632
0.062 0.000999999999999994 0.063 0.029 0.00600000000000001 0.035 22.145 0.008 22.147 23.966 0 23.962 24.204 0 24.198
0.065 0.004 0.069 0.032 0.004 0.036 23.117 0.013 23.124 24.882 0 24.876 24.763 0 24.758
0.065 0.00199999999999999 0.067 0.032 0.004 0.035 22.516 0.02 22.532 24.326 0 24.32 24.212 0 24.206
0.06 0.003 0.064 0.03 0.005 0.034 21.924 0.013 21.931 24.002 0 23.997 24.109 0 24.104
0.064 0.001 0.089 0.035 0 0.034 23.365 0.019 23.378 25.182 0 25.176 25.037 0 25.032
0.056 0.007 0.063 0.031 0.003 0.035 22.198 0.011 22.203 23.959 0 23.955 23.823 0 23.818
0.063 0.004 0.067 0.032 0.003 0.035 22.445 0.012 22.452 24.019 0 24.013 23.94 0 23.935
0.058 0.006 0.063 0.031 0.003 0.034 22.001 0.01 22.006 23.806 0 23.801 23.692 0 23.685
0.066 0.002 0.068 0.033 0.003 0.036 22.693 0.005 22.693 23.773 0 23.779 23.605 0 23.607
0.064 0.003 0.068 0.034 0.00199999999999999 0.035 22.448 0.017 22.461 24.19 0 24.185 23.968 0 23.965
0.064 0.004 0.069 0.035 0.000999999999999994 0.036 22.855 0.011 22.86 24.598 0 24.594 24.475 0 24.469
0.062 0.006 0.069 0.035 0.001 0.036 23.389 0.012 23.395 25.26 0 25.255 25.089 0 25.085
0.064 0.005 0.068 0.034 0.002 0.036 24.673 0.013 24.679 26.417 0 26.411 26.311 0 26.306
0.064 0.003 0.068 0.034 0.002 0.035 22.457 0.015 22.467 23.929 0 23.924 24.095 0 24.09
0.059 0.005 0.064 0.033 0.002 0.035 22.66 0.014 22.67 24.453 0.001 24.452 24.303 0 24.298
0.066 0.002 0.068 0.034 0.002 0.035 22.721 0.017 22.734 24.514 0 24.51 24.386 0 24.38
0.066 0.003 0.069 0.032 0.004 0.036 23.736 0.01 23.74 25.388 0 25.384 25.256 0 25.252
0.062 0.005 0.067 0.033 0.003 0.036 22.527 0.013 22.535 24.123 0 24.117 23.767 0 23.76
0.066 0.002 0.068 0.035 0.001 0.036 22.577 0.012 22.584 24.368 0 24.363 24.232 0 24.226
0.064 0.006 0.071 0.033 0.003 0.035 22.613 0.014 22.622 24.438 0 24.433 24.345 0 24.339
0.062 0.005 0.067 0.031 0.005 0.036 22.313 0.009 22.317 24.027 0 24.022 23.897 0 23.891
0.061 0.007 0.068 0.033 0.003 0.036 22.97 0.011 22.976 24.404 0 24.399 24.223 0 24.217
0.061 0.007 0.068 0.032 0.003 0.035 22.388 0.012 22.395 24.132 0 24.127 24.03 0 24.024
0.066 0.001 0.0679999999999999 0.028 0.007 0.036 22.61 0.011 22.615 24.369 0 24.364 24.229 0 24.224
0.062 0.006 0.068 0.033 0.00199999999999999 0.036 22.729 0.014 22.737 24.53 0 24.526 24.415 0 24.408
0.066 0.006 0.072 0.035 0.003 0.038 22.842 0.016 22.853 24.568 0 24.563 24.518 0 24.513
0.063 0 0.064 0.032 0.003 0.035 22.452 0.014 22.459 24.211 0 24.207 24.069 0 24.062
0.063 0.005 0.069 0.031 0.005 0.036 23.624 0.012 23.631 25.266 0 25.259 25.181 0 25.176
0.066 0.002 0.0680000000000001 0.033 0.00199999999999999 0.0349999999999999 25.644 0.02 25.658 27.466 0 27.461 27.297 0 27.291
0.065 0.003 0.069 0.031 0.00600000000000001 0.036 23.705 0.009 23.709 24.838 0 24.839 24.262 0 24.269
0.058 0.006 0.064 0.033 0.001 0.035 22.246 0.015 22.255 24.003 0 23.998 23.895 0 23.889
0.065 0.002 0.067 0.03 0.005 0.035 22.162 0.015 22.172 23.942 0 23.937 23.809 0 23.803
0.062 0.005 0.068 0.034 0.002 0.035 22.638 0.011 22.645 24.319 0 24.314 24.212 0 24.205
0.066 0.003 0.069 0.032 0.003 0.036 22.44 0.012 22.447 24.145 0 24.14 24.006 0 24.001
0.06 0.008 0.068 0.034 0.002 0.036 22.645 0.011 22.65 24.458 0 24.453 24.333 0 24.327
0.061 0.007 0.069 0.032 0.003 0.035 22.536 0.012 22.542 24.228 0 24.222 24.092 0 24.087
0.062 0.005 0.067 0.035 0.002 0.037 22.612 0.012 22.618 24.374 0.001 24.37 24.239 0 24.232
0.056 0.007 0.063 0.031 0.003 0.034 21.817 0.013 21.825 23.821 0 23.816 23.954 0 23.948
0.064 0.004 0.069 0.034 0.003 0.036 22.809 0.019 22.823 24.541 0 24.536 24.417 0 24.41
0.064 0.004 0.068 0.034 0.002 0.036 24.616 0.009 24.62 26.329 0 26.324 26.138 0 26.132
0.058 0.006 0.064 0.032 0.002 0.035 22.918 0.017 22.928 24.598 0 24.6 23.932 0 23.935
0.059 0.004 0.064 0.034 0.001 0.034 22.354 0.011 22.36 24.582 0 24.576 24.052 0 24.046
0.066 0.004 0.07 0.035 0.001 0.036 23.03 0.013 23.037 24.764 0 24.76 24.629 0 24.624
0.069 0.002 0.071 0.033 0.003 0.035 23.017 0.014 23.027 24.709 0 24.703 24.564 0 24.559
0.066 0.003 0.069 0.029 0.007 0.036 23.239 0.013 23.247 24.955 0 24.948 24.861 0 24.856
0.067 0.001 0.068 0.03 0.005 0.035 23.327 0.016 23.337 25.178 0 25.174 25.053 0 25.048
0.061 0.006 0.068 0.034 0.002 0.035 22.296 0.015 22.305 24.079 0 24.074 23.976 0 23.971
0.058 0.005 0.063 0.033 0.002 0.035 21.963 0.013 21.971 23.796 0 23.791 24.101 0 24.096
0.067 0.001 0.069 0.032 0.004 0.036 22.342 0.013 22.349 24.14 0 24.136 24.022 0 24.016
0.062 0.005 0.067 0.033 0.002 0.035 22.508 0.02 22.523 24.245 0 24.24 24.123 0 24.118
0.064 0.005 0.068 0.035 0 0.036 23.552 0.013 23.56 25.195 0 25.191 25.014 0 25.009
0.062 0.005 0.068 0.034 0.002 0.036 23.437 0.008 23.439 24.946 0 24.939 24.678 0 24.673
0.066 0.003 0.067 0.032 0.004 0.036 23.08 0.012 23.087 24.81 0 24.805 24.7 0 24.696
0.068 0.00199999999999999 0.069 0.03 0.005 0.036 22.976 0.018 22.989 24.69 0 24.685 24.619 0 24.613
0.067 0.000999999999999994 0.067 0.032 0.003 0.036 22.547 0.014 22.556 24.266 0 24.262 24.112 0 24.106
0.061 0.003 0.064 0.03 0.005 0.035 22.897 0.016 22.907 24.682 0 24.677 24.565 0 24.56
0.057 0.006 0.063 0.033 0.001 0.035 22.293 0.012 22.3 24.141 0 24.135 23.97 0 23.964
0.057 0.007 0.063 0.031 0.003 0.035 22.383 0.016 22.393 24.253 0 24.249 24.519 0 24.513
0.063 0.005 0.068 0.032 0.003 0.036 22.508 0.016 22.518 24.332 0 24.326 24.209 0 24.204
0.062 0.005 0.067 0.032 0.00199999999999999 0.034 22.267 0.011 22.273 24.139 0 24.134 23.992 0.001 23.987
0.065 0.003 0.068 0.034 0.00199999999999999 0.035 23.543 0.017 23.555 24.88 0 24.875 25.094 0 25.089
0.06 0.007 0.067 0.034 0.002 0.036 22.487 0.014 22.495 24.101 0 24.102 23.471 0 23.476
0.067 0.002 0.068 0.032 0.004 0.036 22.873 0.00899999999999999 22.876 24.641 0 24.637 24.487 0 24.482
0.068 0.005 0.073 0.033 0.003 0.037 22.767 0.007 22.767 24.533 0 24.528 24.343 0 24.336
0.064 0.004 0.069 0.03 0.006 0.036 22.811 0.105 23.114 24.564 0.032 24.68 24.325 0.002 24.323
0.076 0.003 0.08 0.037 0.00199999999999999 0.0379999999999999 25.044 0.013 25.052 26.9 0.001 26.895 26.524 0 26.52
0.063 0.004 0.068 0.033 0.003 0.035 22.45 0.016 22.461 24.181 0 24.176 23.853 0 23.846
0.063 0.004 0.068 0.034 0.002 0.035 22.227 0.008 22.231 23.802 0 23.797 23.712 0 23.707
0.058 0.006 0.064 0.036 0 0.035 23.845 0.017 23.863 25.402 0 25.408 25.073 0 25.068
0.066 0.003 0.069 0.035 0.001 0.037 23.354 0.008 23.356 25.06 0 25.055 24.92 0 24.914
0.062 0.002 0.064 0.03 0.005 0.034 22.705 0.012 22.712 24.43 0 24.425 24.277 0.001 24.272
0.066 0.003 0.069 0.033 0.00199999999999999 0.036 22.677 0.012 22.683 24.412 0 24.407 24.287 0 24.281
0.064 0.00600000000000001 0.07 0.034 0.001 0.035 22.387 0.006 22.388 24.101 0 24.096 24.013 0 24.006
0.066 0.002 0.068 0.031 0.004 0.035 23.484 0.013 23.491 25.177 0 25.173 25.119 0 25.112
0.063 0.005 0.068 0.033 0.003 0.035 22.415 0.005 22.416 23.84 0 23.836 23.636 0 23.63
0.064 0.004 0.068 0.031 0.005 0.036 22.368 0.013 22.375 24.16 0 24.155 24.056 0 24.05
0.066 0.002 0.068 0.031 0.004 0.035 22.526 0.014 22.535 24.346 0 24.342 24.251 0 24.245
0.065 0.004 0.068 0.03 0.006 0.036 22.664 0.013 22.673 24.415 0 24.409 24.27 0 24.264
0.065 0.003 0.067 0.033 0.003 0.036 22.508 0.015 22.518 24.351 0 24.346 24.2 0 24.194
0.065 0.003 0.069 0.034 0.002 0.036 22.967 0.017 22.978 24.712 0 24.706 24.563 0 24.559
0.065 0.003 0.068 0.032 0.004 0.036 22.508 0.012 22.513 24.28 0 24.277 24.131 0 24.124
0.062 0.004 0.0669999999999999 0.033 0.003 0.035 22.261 0.012 22.268 23.965 0 23.961 23.808 0 23.802
0.063 0.005 0.067 0.03 0.005 0.036 22.469 0.012 22.476 24.251 0 24.246 24.158 0 24.153
0.065 0.003 0.068 0.035 0 0.035 22.624 0.011 22.63 24.341 0 24.337 24.211 0 24.205
0.064 0.003 0.067 0.034 0.001 0.036 22.258 0.009 22.262 23.953 0 23.95 23.846 0 23.84
0.063 0.005 0.067 0.033 0.002 0.036 22.666 0.014 22.675 24.369 0 24.364 24.267 0 24.261
0.057 0.006 0.063 0.033 0.001 0.035 21.975 0.01 21.979 23.863 0 23.859 24.13 0 24.122
0.063 0.004 0.067 0.029 0.007 0.036 22.372 0.011 22.377 24.125 0 24.12 23.968 0 23.963
0.0669999999999999 0.00199999999999999 0.069 0.034 0.002 0.036 23.133 0.012 23.14 24.89 0 24.885 24.756 0 24.751
0.062 0.00199999999999999 0.063 0.028 0.00600000000000001 0.035 21.722 0.017 21.734 23.576 0 23.57 23.808 0 23.803
0.064 0.005 0.068 0.035 0.001 0.036 22.241 0.013 22.249 24.104 0 24.1 23.97 0 23.963
0.065 0.003 0.067 0.032 0.003 0.036 22.608 0.014 22.615 24.39 0 24.386 24.25 0 24.244
0.063 0.005 0.068 0.031 0.005 0.035 23.481 0.01 23.485 25.23 0 25.224 25.167 0 25.162
0.06 0.007 0.068 0.031 0.005 0.035 22.338 0.012 22.346 24.16 0 24.155 24.021 0 24.015
0.062 0.006 0.069 0.034 0.002 0.035 22.781 0.016 22.793 24.585 0 24.581 24.45 0.001 24.444
0.079 0.006 0.086 0.0339999999999999 0.00600000000000001 0.04 25.097 0.01 25.102 26.913 0 26.908 27.065 0 27.059
0.062 0.005 0.067 0.033 0.003 0.036 22.49 0.012 22.497 23.909 0 23.904 24.002 0 23.996
0.059 0.008 0.067 0.034 0.000999999999999994 0.035 22.553 0.016 22.564 24.283 0 24.279 24.157 0 24.151
0.058 0.005 0.063 0.032 0.003 0.035 22.721 0.014 22.73 24.429 0 24.424 24.309 0 24.303
0.059 0.005 0.064 0.033 0.001 0.034 22.7 0.016 22.711 24.328 0.001 24.325 24.169 0 24.163
0.06 0.003 0.063 0.031 0.004 0.035 22.422 0.012 22.429 23.868 0 23.863 23.735 0 23.73
0.061 0.003 0.064 0.03 0.005 0.036 22.821 0.004 22.82 24.639 0 24.635 24.512 0 24.507
0.066 0.00199999999999999 0.068 0.03 0.005 0.035 22.592 0.009 22.596 24.464 0 24.459 24.324 0 24.318
0.062 0.006 0.068 0.032 0.004 0.036 22.748 0.01 22.754 24.468 0 24.462 24.334 0 24.329
0.065 0.004 0.069 0.034 0.002 0.036 22.829 0.009 22.832 24.585 0 24.581 24.455 0 24.449
0.066 0.001 0.068 0.034 0.002 0.036 22.383 0.016 22.394 24.147 0 24.141 23.982 0 23.975
0.065 0.003 0.067 0.034 0.001 0.036 22.318 0.021 22.334 24.091 0 24.086 23.971 0 23.965
0.066 0.004 0.07 0.029 0.007 0.036 22.843 0.00600000000000001 22.844 24.58 0 24.574 24.47 0 24.465
0.065 0.003 0.068 0.032 0.003 0.036 22.589 0.018 22.6 24.382 0 24.377 24.286 0 24.281
0.06 0.008 0.069 0.031 0.004 0.035 22.563 0.017 22.574 24.358 0 24.353 24.275 0 24.269
0.061 0.004 0.064 0.035 0 0.035 22.832 0.01 22.837 24.649 0 24.645 24.511 0 24.507
0.066 0.003 0.07 0.031 0.005 0.036 22.915 0.012 22.922 24.477 0 24.472 24.398 0 24.392
0.067 0.004 0.071 0.031 0.005 0.036 22.883 0.014 22.892 24.629 0 24.626 24.509 0 24.505
0.065 0.003 0.068 0.034 0.002 0.035 23.078 0.018 23.09 24.844 0 24.839 24.745 0 24.74
0.059 0.005 0.064 0.032 0.003 0.035 22.749 0.011 22.754 24.394 0 24.389 24.314 0 24.308
0.066 0.002 0.068 0.036 0.001 0.036 22.737 0.013 22.745 24.49 0 24.485 24.381 0 24.375
0.063 0.005 0.0680000000000001 0.035 0.000999999999999994 0.0349999999999999 22.758 0.013 22.767 24.485 0 24.48 24.318 0 24.312
0.061 0.008 0.069 0.036 0 0.037 22.632 0.015 22.642 24.435 0 24.429 24.291 0 24.285
0.062 0.005 0.067 0.033 0.003 0.036 22.542 0.021 22.557 24.306 0 24.302 24.144 0 24.138
0.073 0.000999999999999994 0.075 0.033 0.003 0.036 23.335 0.105 23.658 25.046 0.106 25.374 24.922 0.067 25.166
0.061 0.007 0.068 0.033 0.003 0.035 22.981 0.011 22.986 24.692 0 24.688 24.528 0 24.522
0.067 0.001 0.068 0.034 0.002 0.035 23.438 0.019 23.453 25.043 0 25.038 24.972 0.001 24.967
0.061 0.007 0.068 0.032 0.003 0.036 22.675 0.012 22.682 24.449 0 24.444 24.323 0 24.317
0.074 0.007 0.0810000000000001 0.035 0.003 0.0379999999999999 25.862 0.019 25.877 27.893 0 27.887 27.547 0 27.54
0.064 0.005 0.069 0.031 0.005 0.036 22.867 0.014 22.876 24.616 0 24.611 24.533 0 24.528
0.064 0.004 0.067 0.032 0.003 0.035 22.381 0.02 22.396 24.134 0 24.129 24.012 0 24.007
0.061 0.003 0.064 0.033 0.00199999999999999 0.035 22.779 0.018 22.791 24.619 0 24.614 24.424 0 24.418
0.06 0.004 0.064 0.032 0.00199999999999999 0.034 22.473 0.016 22.484 24.262 0 24.257 24.27 0 24.264
0.069 0.005 0.074 0.034 0.002 0.036 22.559 0.014 22.568 24.341 0 24.336 24.19 0 24.184
0.066 0.002 0.069 0.035 0.001 0.035 23.546 0.013 23.554 25.287 0 25.281 25.194 0 25.189
0.069 0.003 0.072 0.031 0.005 0.036 22.932 0.017 22.944 24.616 0.001 24.612 24.473 0 24.469
0.064 0.004 0.068 0.034 0.001 0.035 22.549 0.014 22.557 24.297 0 24.293 24.161 0 24.155
0.064 0.004 0.068 0.033 0.002 0.036 22.375 0.014 22.384 24.062 0 24.057 23.944 0 23.937
0.062 0.006 0.067 0.034 0.001 0.036 22.661 0.018 22.674 24.362 0 24.357 24.287 0 24.281
0.061 0.003 0.064 0.032 0.002 0.035 22.919 0.014 22.928 24.776 0 24.77 24.692 0 24.688
0.067 0.001 0.0679999999999999 0.035 0.001 0.036 22.589 0.018 22.6 24.334 0 24.329 24.205 0 24.199
0.063 0.001 0.064 0.033 0.002 0.035 23.071 0.013 23.079 24.875 0 24.869 24.694 0 24.689
0.059 0.004 0.063 0.031 0.004 0.035 22.458 0.016 22.469 24.291 0 24.287 24.137 0.001 24.131
0.06 0.00700000000000001 0.067 0.036 0 0.036 23.284 0.01 23.289 24.955 0 24.95 24.935 0 24.93
0.061 0.00600000000000001 0.067 0.031 0.005 0.036 22.121 0.016 22.133 23.893 0 23.888 23.76 0 23.755
0.064 0.004 0.068 0.031 0.005 0.036 22.704 0.013 22.714 24.501 0 24.497 24.357 0 24.353
0.064 0.005 0.069 0.033 0.002 0.035 22.438 0.016 22.449 24.141 0 24.137 24.023 0 24.018
0.063 0.005 0.068 0.035 0.001 0.036 22.463 0.015 22.474 24.117 0 24.113 23.975 0 23.97
0.076 0.003 0.079 0.037 0 0.0369999999999999 24.126 0.014 24.135 26.601 0 26.596 26.439 0 26.434
0.065 0.003 0.0680000000000001 0.034 0.002 0.0359999999999999 23.024 0.011 23.029 24.661 0 24.656 24.541 0 24.537
0.065 0.004 0.068 0.032 0.003 0.036 22.676 0.015 22.685 24.413 0.001 24.409 24.295 0 24.289
0.063 0.00600000000000001 0.068 0.033 0.00199999999999999 0.036 22.366 0.015 22.376 24.107 0.001 24.103 23.98 0 23.973
0.067 0.003 0.072 0.032 0.004 0.036 22.756 0.013 22.762 24.41 0 24.405 24.315 0 24.31
0.068 0.003 0.072 0.031 0.005 0.036 22.898 0.011 22.902 24.576 0 24.572 24.483 0 24.479
0.064 0.004 0.068 0.033 0.003 0.036 22.9 0.014 22.907 24.618 0 24.614 24.434 0 24.428
0.062 0.006 0.068 0.034 0.002 0.036 23.503 0.012 23.51 25.357 0 25.352 25.138 0 25.132
0.065 0.004 0.069 0.035 0.002 0.037 23.917 0.106 24.239 25.743 0.14 26.107 25.574 0.101 25.905
0.063 0.005 0.068 0.031 0.006 0.036 22.895 0.01 22.901 24.83 0 24.825 24.656 0 24.651
0.067 0.002 0.069 0.034 0.00199999999999999 0.036 25.14 0.011 25.146 26.789 0 26.783 26.655 0 26.649
0.058 0.005 0.063 0.033 0.002 0.035 22.853 0.013 22.861 24.653 0 24.648 24.476 0 24.472
0.064 0.005 0.069 0.032 0.003 0.035 22.889 0.014 22.899 24.591 0.001 24.586 24.486 0 24.483
0.066 0.00199999999999999 0.069 0.035 0.001 0.035 22.503 0.016 22.514 24.232 0 24.229 24.098 0 24.091
0.063 0.006 0.069 0.033 0.002 0.035 23.03 0.016 23.041 24.7 0 24.695 24.589 0 24.584
0.063 0.005 0.068 0.032 0.003 0.036 22.573 0.011 22.579 24.387 0 24.384 24.249 0 24.243
0.076 0.004 0.0800000000000001 0.036 0.003 0.0379999999999999 24.462 0.012 24.47 26.331 0.000999999999999987 26.328 26.252 0 26.247
0.058 0.006 0.063 0.032 0.002 0.035 22.55 0.008 22.553 24.306 0 24.3 24.155 0 24.149
0.063 0.005 0.068 0.03 0.006 0.035 22.811 0.012 22.819 24.544 0 24.538 24.402 0 24.397
0.059 0.004 0.063 0.031 0.004 0.035 22.295 0.013 22.302 24.05 0 24.045 23.947 0 23.941
0.063 0.004 0.0669999999999999 0.033 0.002 0.035 21.982 0.016 21.993 23.785 0 23.78 23.66 0 23.654
0.058 0.00700000000000001 0.064 0.031 0.004 0.035 22.59 0.017 22.605 23.96 0 23.96 23.584 0 23.59
0.056 0.007 0.0640000000000001 0.035 0 0.0339999999999999 22.289 0.011 22.295 24.131 0 24.127 23.966 0 23.96
0.065 0.003 0.0680000000000001 0.032 0.004 0.0359999999999999 23.494 0.017 23.506 25.228 0 25.222 25.138 0 25.133
0.066 0.002 0.068 0.033 0.002 0.036 22.177 0.015 22.187 23.896 0 23.896 23.301 0 23.303
0.063 0.006 0.069 0.033 0.003 0.036 23.535 0.018 23.548 25.119 0 25.114 25.03 0 25.026
0.065 0.00199999999999999 0.068 0.034 0.002 0.035 24.692 0.019 24.707 26.472 0 26.465 26.219 0 26.214
0.06 0.008 0.068 0.033 0.002 0.035 22.335 0.013 22.344 24.051 0 24.047 23.921 0 23.916
0.08 0.006 0.086 0.0359999999999999 0.004 0.041 25.09 0.015 25.099 27.037 0 27.036 26.388 0 26.382
0.065 0.003 0.068 0.036 0 0.035 23.045 0.015 23.055 24.827 0 24.821 24.73 0 24.725
0.063 0.004 0.0670000000000001 0.032 0.003 0.0349999999999999 22.635 0.00900000000000001 22.64 24.29 0 24.286 24.14 0 24.133
0.061 0.006 0.067 0.034 0.002 0.036 22.492 0.016 22.503 24.307 0 24.302 24.176 0 24.17
0.065 0.003 0.0679999999999999 0.032 0.003 0.036 22.41 0.005 22.409 24.073 0 24.068 23.998 0 23.992
0.059 0.005 0.064 0.031 0.004 0.034 22.595 0.012 22.602 24.466 0 24.462 24.286 0 24.28
0.062 0.006 0.068 0.034 0.002 0.036 23.495 0.013 23.502 25.302 0 25.297 25.113 0 25.107
0.066 0.002 0.068 0.031 0.005 0.035 23.38 0.02 23.396 25.102 0 25.098 24.967 0 24.962
0.061 0.006 0.068 0.032 0.004 0.036 22.57 0.013 22.577 24.302 0 24.298 24.174 0 24.168
0.066 0.001 0.067 0.031 0.004 0.035 22.432 0.00899999999999999 22.436 24.17 0 24.166 24.069 0 24.063
0.0669999999999999 0.002 0.069 0.032 0.004 0.036 22.774 0.018 22.788 24.488 0 24.484 24.378 0 24.372
0.075 0.005 0.079 0.033 0.004 0.0379999999999999 25.256 0.012 25.262 26.992 0 26.988 24.606 0 24.606
0.058 0.005 0.064 0.03 0.004 0.034 22.433 0.015 22.443 24.288 0 24.289 23.561 0 23.562
0.062 0.002 0.063 0.032 0.00199999999999999 0.035 22.469 0.016 22.48 24.408 0 24.403 24.241 0 24.236
0.063 0.004 0.067 0.034 0.002 0.036 22.49 0.011 22.495 24.233 0 24.228 24.082 0 24.076
0.064 0.005 0.069 0.033 0.003 0.036 22.652 0.017 22.664 24.473 0 24.469 24.359 0.001 24.354
0.063 0.004 0.0669999999999999 0.034 0.00199999999999999 0.036 22.541 0.011 22.547 24.283 0 24.279 24.158 0 24.152
0.063 0.006 0.069 0.032 0.003 0.035 22.879 0.01 22.883 24.57 0 24.565 24.456 0 24.451
0.065 0.002 0.067 0.035 0 0.035 22.509 0.011 22.515 24.261 0 24.256 24.123 0 24.117
0.067 0.001 0.068 0.031 0.005 0.036 23.164 0.02 23.179 24.965 0 24.961 24.827 0 24.823
0.061 0.007 0.068 0.035 0 0.036 23.081 0.011 23.087 24.738 0 24.732 24.602 0 24.598
0.064 0.005 0.069 0.035 0.001 0.035 22.676 0.01 22.683 24.379 0.001 24.375 24.262 0 24.258
0.057 0.006 0.0629999999999999 0.031 0.004 0.035 22.552 0.021 22.567 24.331 0 24.328 24.219 0 24.213
0.061 0.00199999999999999 0.063 0.032 0.002 0.034 22.346 0.012 22.353 24.124 0 24.119 23.971 0 23.965
0.063 0.005 0.069 0.033 0.003 0.035 22.503 0.017 22.516 24.203 0 24.198 24.076 0 24.07
0.059 0.004 0.064 0.033 0.002 0.034 22.723 0.007 22.726 24.415 0 24.41 24.3 0 24.293
0.065 0.003 0.068 0.031 0.005 0.035 22.613 0.015 22.624 24.34 0 24.334 24.232 0 24.227
0.066 0.001 0.0670000000000001 0.03 0.00600000000000001 0.0359999999999999 22.407 0.008 22.409 24.134 0 24.129 24.008 0 24.002
0.063 0.004 0.068 0.034 0.002 0.035 22.374 0.015 22.384 23.981 0.001 23.976 23.835 0 23.829
0.064 0.004 0.068 0.033 0.003 0.035 22.458 0.012 22.466 24.27 0 24.264 24.155 0 24.15
0.091 0.00600000000000001 0.0979999999999999 0.0459999999999999 0.003 0.05 30.743 0.012 30.792 33.195 0 33.235 33.041 0 33.081
0.078 0.003 0.0810000000000001 0.037 0.000999999999999994 0.0379999999999999 25.493 0.013 25.501 27.493 0 27.487 26.787 0 26.782
0.06 0.009 0.087 0.034 0.002 0.036 22.614 0.014 22.623 24.385 0 24.381 24.253 0 24.247
0.063 0.004 0.0670000000000001 0.033 0.003 0.0359999999999999 22.511 0.018 22.531 24.354 0.001 24.355 24.272 0 24.266
0.065 0.002 0.067 0.032 0.004 0.035 22.521 0.011 22.528 24.26 0 24.254 24.14 0 24.135
0.067 0.00199999999999999 0.0900000000000001 0.034 0.002 0.036 23.027 0.01 23.033 24.737 0 24.731 24.581 0 24.576
0.059 0.005 0.063 0.028 0.00600000000000001 0.035 22.464 0.013 22.471 24.313 0 24.308 24.192 0 24.186
0.065 0.003 0.067 0.032 0.003 0.036 22.726 0.011 22.73 24.592 0 24.588 24.468 0 24.461
0.067 0.001 0.069 0.029 0.007 0.036 22.545 0.015 22.554 24.266 0 24.261 24.138 0 24.132
0.063 0.004 0.068 0.035 0.001 0.035 22.512 0.017 22.525 24.285 0 24.28 24.158 0 24.153
0.066 0.002 0.068 0.033 0.00199999999999999 0.036 23.354 0.013 23.36 24.941 0 24.945 24.316 0 24.325
0.06 0.00700000000000001 0.067 0.033 0.001 0.035 22.705 0.00899999999999999 22.709 24.531 0 24.525 24.392 0 24.386
0.067 0.002 0.069 0.035 0 0.036 22.844 0.014 22.852 24.605 0 24.6 24.452 0 24.448
0.085 0.00499999999999999 0.0910000000000001 0.041 0.00700000000000001 0.0479999999999999 30.416 0.01 30.461 32.839 0 32.88 32.669 0 32.708
0.083 0.004 0.087 0.0369999999999999 0.003 0.04 24.963 0.013 24.972 26.88 0 26.874 25.567 0 25.562
0.058 0.009 0.068 0.033 0.003 0.035 23.078 0.012 23.086 24.744 0 24.738 24.638 0 24.634
0.063 0.004 0.067 0.035 0.001 0.036 22.693 0.014 22.701 24.419 0 24.414 24.344 0 24.338
0.063 0.001 0.063 0.032 0.003 0.035 22.968 0.012 22.983 24.297 0 24.303 24.2 0 24.194
0.066 0.007 0.074 0.034 0.002 0.036 22.504 0.017 22.517 24.295 0 24.29 24.174 0 24.169
0.06 0.003 0.062 0.033 0.001 0.035 22.512 0.012 22.518 24.187 0 24.182 24.098 0 24.092
0.064 0.004 0.068 0.034 0.000999999999999994 0.035 22.57 0.003 22.568 24.323 0 24.319 24.218 0 24.212
0.055 0.008 0.063 0.031 0.003 0.034 22.511 0.016 22.521 24.231 0 24.226 24.126 0 24.12
0.065 0.003 0.068 0.034 0.002 0.036 22.79 0.009 22.793 24.497 0 24.492 24.411 0 24.405
0.065 0.003 0.068 0.032 0.003 0.035 22.394 0.013 22.402 24.152 0 24.147 24.003 0 23.997
0.091 0.005 0.0960000000000001 0.045 0.004 0.0489999999999999 31.054 0.019 31.109 33.494 0 33.535 33.304 0 33.344
0.078 0.009 0.087 0.0409999999999999 0 0.041 24.744 0.011 24.749 26.938 0 26.933 26.495 0 26.49
0.065 0.004 0.103 0.031 0.005 0.0350000000000001 22.832 0.013 22.841 24.613 0 24.608 24.463 0 24.457
0.065 0.004 0.068 0.035 0 0.035 24.733 0.014 24.741 26.334 0 26.328 26.112 0 26.108
0.065 0.002 0.067 0.03 0.006 0.036 22.52 0.014 22.529 24.268 0 24.263 24.134 0 24.129
0.063 0 0.063 0.033 0.002 0.034 22.272 0.014 22.281 24.103 0 24.099 23.968 0 23.962
0.06 0.004 0.063 0.03 0.004 0.035 22.582 0.011 22.587 24.353 0 24.348 24.281 0 24.275
0.059 0.005 0.063 0.031 0.003 0.035 23.005 0.01 23.009 24.702 0 24.697 24.599 0 24.594
0.059 0.005 0.063 0.031 0.003 0.035 22.544 0.014 22.554 24.327 0 24.322 24.186 0 24.181
0.063 0.005 0.0679999999999999 0.031 0.005 0.036 24.634 0.015 24.643 26.468 0 26.462 26.346 0 26.34
0.059 0.005 0.063 0.033 0.001 0.035 22.415 0.011 22.42 24.223 0 24.218 24.127 0 24.121
0.057 0.006 0.063 0.031 0.004 0.034 22.445 0.014 22.455 24.271 0 24.267 24.065 0 24.059
0.073 0.005 0.0780000000000001 0.038 0 0.0369999999999999 22.143 0.012 22.158 23.566 0.001 23.57 23.303 0 23.3
0.066 0.003 0.0880000000000001 0.033 0.003 0.0349999999999999 22.967 0.015 22.976 24.743 0 24.738 24.656 0 24.652
0.061 0.003 0.064 0.035 0 0.035 22.577 0.012 22.584 24.328 0 24.322 24.209 0 24.204
0.066 0.002 0.068 0.028 0.007 0.035 22.417 0.012 22.424 24.124 0 24.119 24.04 0 24.034
0.066 0.003 0.068 0.032 0.003 0.036 23.431 0.012 23.437 25.133 0 25.128 24.983 0 24.979
0.089 0.00599999999999999 0.096 0.047 0.002 0.049 30.702 0.018 30.757 33.206 0.001 33.247 32.971 0 33.01
0.064 0.004 0.068 0.036 0.001 0.037 23.532 0.012 23.539 25.272 0 25.267 24.862 0 24.857
0.061 0.003 0.064 0.028 0.00600000000000001 0.034 22.658 0.018 22.671 24.526 0 24.521 24.376 0 24.37
0.065 0.002 0.067 0.031 0.005 0.036 22.75 0.00600000000000001 22.75 24.476 0 24.471 24.28 0 24.274
0.056 0.007 0.063 0.031 0.004 0.034 22.252 0.014 22.261 24.119 0 24.114 24.206 0 24.2
0.065 0.00199999999999999 0.067 0.035 0.001 0.036 22.323 0.011 22.328 24.049 0 24.044 23.939 0 23.933
0.064 0.005 0.069 0.034 0.002 0.036 22.811 0.013 22.819 24.494 0 24.489 24.358 0 24.352
0.064 0.004 0.068 0.032 0.004 0.036 22.827 0.015 22.838 24.539 0 24.534 24.417 0 24.41
0.062 0.00600000000000001 0.068 0.035 0.001 0.036 23.401 0.013 23.409 25.083 0 25.078 25.064 0 25.06
0.061 0.003 0.064 0.032 0.003 0.035 23.667 0.013 23.674 25.358 0 25.353 25.287 0 25.282
0.061 0.00600000000000001 0.068 0.034 0.00199999999999999 0.035 22.449 0.015 22.46 24.298 0 24.292 24.148 0 24.142
0.06 0.003 0.063 0.032 0.004 0.036 22.125 0.008 22.129 24 0 23.995 23.814 0 23.808
0.06 0.003 0.064 0.034 0.001 0.035 22.449 0.018 22.462 24.381 0 24.376 24.587 0 24.58
0.064 0.003 0.067 0.031 0.004 0.035 22.054 0.01 22.059 23.91 0 23.905 23.746 0 23.74
0.065 0.003 0.067 0.033 0.003 0.036 22.339 0.007 22.341 24.122 0 24.117 23.976 0 23.97
0.088 0.00700000000000001 0.0940000000000001 0.046 0.00299999999999999 0.0489999999999999 30.56 0.022 30.619 32.989 0 33.029 32.817 0 32.857
0.062 0.006 0.067 0.033 0.002 0.036 22.744 0.016 22.754 24.382 0 24.378 24.053 0 24.048
0.064 0.004 0.095 0.03 0.006 0.036 22.576 0.013 22.584 24.354 0 24.349 24.221 0 24.215
0.065 0.002 0.067 0.034 0.002 0.036 22.465 0.011 22.47 24.245 0.001 24.241 24.103 0 24.098
0.063 0.004 0.067 0.031 0.005 0.036 22.389 0.01 22.395 23.806 0 23.801 23.579 0 23.574
0.063 0.005 0.0679999999999999 0.03 0.005 0.035 22.456 0.012 22.463 24.226 0 24.221 24.106 0 24.099
0.065 0.004 0.068 0.034 0.002 0.036 22.761 0.012 22.768 24.593 0 24.589 24.481 0 24.475
0.061 0.006 0.067 0.036 0 0.035 22.461 0.01 22.466 24.252 0 24.248 24.125 0 24.118
0.061 0.007 0.067 0.033 0.002 0.036 22.513 0.01 22.517 24.24 0 24.236 24.132 0 24.126
0.066 0.002 0.067 0.029 0.006 0.036 22.351 0.014 22.36 24.106 0 24.101 23.96 0 23.954
0.065 0.002 0.067 0.036 0 0.036 22.492 0.012 22.499 24.238 0 24.233 24.111 0 24.105
0.066 0.002 0.068 0.031 0.004 0.035 22.299 0.011 22.304 24.048 0 24.044 23.937 0 23.931
0.062 0.00600000000000001 0.0669999999999999 0.03 0.006 0.036 22.655 0.011 22.661 24.327 0 24.323 24.197 0 24.192
0.064 0.005 0.068 0.034 0.001 0.035 22.648 0.011 22.654 24.393 0 24.387 24.295 0.001 24.29
0.058 0.00600000000000001 0.063 0.028 0.006 0.035 22.549 0.014 22.557 24.253 0 24.25 24.15 0 24.144
0.067 0.001 0.067 0.035 0 0.036 22.763 0.008 22.766 24.466 0 24.459 24.348 0 24.343
0.064 0.005 0.069 0.032 0.004 0.036 22.915 0.012 22.922 24.646 0 24.64 24.536 0 24.531
0.058 0.004 0.062 0.031 0.004 0.035 22.001 0.012 22.008 24.034 0.001 24.029 24.087 0 24.081
0.061 0.00199999999999999 0.063 0.032 0.002 0.035 21.685 0.02 21.7 23.591 0 23.585 23.807 0 23.802
0.067 0.000999999999999994 0.068 0.032 0.003 0.035 22.427 0.007 22.429 24.111 0 24.107 24.01 0 24.003
0.066 0.002 0.0679999999999999 0.033 0.003 0.036 22.455 0.017 22.466 24.232 0 24.228 24.122 0 24.116
0.087 0.003 0.0910000000000001 0.047 0.00199999999999999 0.0489999999999999 30.489 0.017 30.543 32.903 0 32.942 32.768 0 32.807
0.062 0.005 0.067 0.033 0.003 0.035 22.458 0.011 22.465 24.144 0 24.14 23.755 0 23.748
0.065 0.004 0.0920000000000001 0.03 0.005 0.0349999999999999 22.551 0.013 22.559 24.084 0 24.079 23.939 0 23.934
0.062 0.006 0.068 0.034 0.001 0.036 23.492 0.013 23.5 25.255 0 25.248 25.208 0 25.203
0.063 0.003 0.067 0.035 0.001 0.035 22.27 0.015 22.28 23.566 0 23.563 23.767 0 23.76
0.0649999999999999 0.003 0.068 0.033 0.00199999999999999 0.036 22.845 0.015 22.853 24.641 0 24.637 24.488 0 24.482
0.065 0.003 0.0690000000000001 0.035 0.001 0.0359999999999999 22.772 0.011 22.778 24.547 0 24.542 24.432 0 24.426
0.063 0.001 0.064 0.032 0.003 0.035 22.125 0.014 22.134 23.952 0 23.947 23.831 0 23.825
0.062 0.001 0.063 0.031 0.004 0.035 22.325 0.014 22.334 24.114 0 24.109 23.997 0 23.991
0.059 0.005 0.064 0.034 0 0.034 23.354 0.018 23.367 25.251 0 25.246 25.17 0 25.165
0.061 0.007 0.067 0.033 0.002 0.036 22.479 0.015 22.496 23.817 0 23.817 23.46 0 23.46
0.065 0.003 0.068 0.035 0.001 0.036 22.498 0.016 22.51 24.389 0 24.384 24.239 0 24.232
0.063 0.005 0.068 0.032 0.004 0.036 22.484 0.009 22.488 24.202 0 24.197 24.06 0 24.055
0.068 0.002 0.069 0.032 0.004 0.036 24.84 0.01 24.844 25.982 0 25.977 25.812 0 25.806
0.07 0.003 0.074 0.035 0.004 0.039 27.749 0.019 27.761 29.45 0 29.443 29.334 0 29.329
0.063 0.006 0.068 0.034 0.002 0.036 23.627 0.013 23.635 25.341 0 25.335 25.155 0 25.15
0.059 0.005 0.063 0.032 0.00199999999999999 0.035 22.922 0.009 22.924 24.826 0 24.822 24.69 0 24.685
0.065 0.003 0.068 0.034 0.001 0.035 23.413 0.013 23.421 25.122 0 25.116 24.889 0 24.883
0.058 0.005 0.063 0.032 0.002 0.034 22.467 0.009 22.471 24.483 0 24.478 24.591 0 24.584
0.064 0.004 0.068 0.031 0.004 0.035 22.514 0.016 22.525 24.317 0 24.312 24.205 0 24.199
0.064 0.002 0.065 0.03 0.004 0.035 22.797 0.015 22.806 24.595 0 24.589 24.496 0 24.491
0.084 0.011 0.0950000000000001 0.043 0.00600000000000001 0.0489999999999999 30.372 0.02 30.428 32.823 0 32.863 32.696 0 32.736
0.061 0.00600000000000001 0.067 0.033 0.00199999999999999 0.036 22.479 0.008 22.482 24.076 0 24.07 23.747 0 23.743
0.0659999999999999 0.003 0.095 0.031 0.004 0.036 22.625 0.014 22.633 24.324 0.001 24.319 24.184 0 24.178
0.059 0.004 0.063 0.034 0.001 0.035 22.5 0.014 22.509 24.293 0 24.288 24.178 0 24.172
0.058 0.00600000000000001 0.064 0.034 0.000999999999999994 0.035 23.069 0.009 23.074 24.877 0 24.872 25.143 0 25.137
0.062 0.006 0.068 0.033 0.003 0.036 22.911 0.012 22.916 24.653 0 24.648 24.566 0 24.561
0.061 0.003 0.063 0.032 0.00199999999999999 0.035 24.47 0.011 24.474 26.064 0 26.06 25.983 0 25.977
0.06 0.003 0.063 0.03 0.006 0.034 22.29 0.012 22.299 24.105 0 24.099 23.955 0 23.949
0.062 0.00600000000000001 0.068 0.034 0.00199999999999999 0.036 23.546 0.013 23.554 25.332 0 25.326 25.19 0 25.185
0.069 0.004 0.072 0.033 0.003 0.036 22.539 0.015 22.55 24.341 0 24.336 24.206 0 24.201
0.066 0.002 0.069 0.034 0.002 0.036 22.963 0.014 22.972 24.75 0 24.744 24.583 0 24.579
0.064 0.003 0.067 0.034 0.00199999999999999 0.035 22.383 0.012 22.391 24.138 0 24.133 23.762 0 23.764
0.065 0.002 0.067 0.035 0.000999999999999994 0.035 22.301 0.012 22.309 24.094 0 24.089 23.948 0 23.942
0.065 0.003 0.067 0.032 0.003 0.036 22.568 0.013 22.576 24.034 0 24.03 24.192 0 24.186
0.059 0.005 0.065 0.034 0.001 0.035 23.486 0.017 23.497 25.246 0 25.241 25.232 0 25.227
0.062 0.005 0.067 0.032 0.003 0.035 22.548 0.012 22.555 24.246 0.000999999999999987 24.242 24.099 0 24.093
0.067 0.003 0.07 0.033 0.003 0.036 22.758 0.015 22.769 24.519 0 24.513 24.361 0 24.354
0.066 0.005 0.071 0.035 0.000999999999999994 0.035 22.544 0.016 22.555 24.281 0 24.277 24.134 0 24.128
0.062 0.00700000000000001 0.068 0.03 0.006 0.036 22.667 0.02 22.689 24.453 0.002 24.461 24.276 0 24.27
0.055 0.00800000000000001 0.063 0.032 0.00199999999999999 0.034 22.218 0.012 22.225 23.993 0 23.988 23.868 0 23.862
0.057 0.01 0.068 0.034 0.002 0.036 22.772 0.012 22.779 24.495 0 24.489 24.397 0 24.391
0.062 0.005 0.067 0.032 0.004 0.036 22.576 0.017 22.588 24.145 0 24.141 23.985 0 23.979
0.063 0.005 0.067 0.034 0.002 0.036 22.557 0.018 22.569 24.433 0 24.428 24.349 0 24.342
0.087 0.00800000000000001 0.0950000000000001 0.045 0.00299999999999999 0.0489999999999999 30.546 0.021 30.603 32.911 0 32.951 32.701 0 32.74
0.061 0.006 0.089 0.033 0.003 0.0349999999999999 22.739 0.01 22.744 24.459 0 24.453 24.411 0 24.405
0.065 0.002 0.067 0.035 0.000999999999999994 0.036 22.218 0.009 22.223 23.782 0 23.776 23.689 0 23.683
0.063 0.004 0.067 0.035 0.001 0.036 22.454 0.011 22.46 24.27 0 24.265 24.143 0 24.136
0.061 0.007 0.068 0.034 0.002 0.036 22.291 0.01 22.296 24.132 0 24.128 24.012 0 24.006
0.063 0.005 0.069 0.032 0.004 0.035 22.942 0.014 22.952 24.78 0 24.775 24.663 0 24.658
0.061 0.008 0.068 0.033 0.002 0.036 22.685 0.012 22.692 24.506 0 24.501 24.36 0 24.354
0.063 0.005 0.068 0.033 0.003 0.036 22.293 0.011 22.297 24.24 0 24.235 24.065 0 24.059
0.061 0.006 0.068 0.032 0.004 0.035 22.261 0.012 22.268 24.079 0 24.075 23.92 0 23.916
0.066 0.004 0.068 0.033 0.003 0.036 22.805 0.02 22.82 24.595 0 24.59 24.446 0 24.44
0.06 0.007 0.0679999999999999 0.034 0.002 0.036 22.607 0.01 22.611 24.411 0 24.407 24.316 0 24.309
0.063 0.006 0.068 0.031 0.004 0.036 22.88 0.009 22.884 24.649 0 24.643 24.497 0 24.493
0.058 0.005 0.063 0.034 0 0.035 22.146 0.01 22.151 24.001 0 23.996 24.271 0 24.266
0.06 0.003 0.063 0.031 0.004 0.034 22.401 0.01 22.406 24.434 0 24.429 24.261 0 24.255
0.064 0.003 0.067 0.03 0.005 0.036 22.392 0.011 22.398 24.129 0 24.123 23.857 0 23.851
0.063 0.005 0.068 0.035 0.001 0.036 22.837 0.011 22.842 24.562 0 24.556 24.465 0 24.461
0.065 0.005 0.07 0.033 0.003 0.035 23.502 0.012 23.51 25.23 0 25.225 25.134 0 25.128
0.062 0.006 0.068 0.031 0.004 0.035 22.617 0.00900000000000001 22.621 24.358 0 24.353 24.214 0 24.209
0.065 0.003 0.068 0.033 0.003 0.036 23.079 0.014 23.098 24.374 0 24.378 24.056 0 24.056
0.063 0.005 0.067 0.034 0.00199999999999999 0.036 22.665 0.011 22.67 24.361 0 24.357 24.256 0 24.25
0.064 0.005 0.068 0.031 0.004 0.036 22.649 0.01 22.654 24.431 0 24.425 24.257 0 24.252
0.059 0.008 0.068 0.035 0.001 0.035 22.739 0.016 22.75 24.18 0 24.175 24.002 0 23.997
0.065 0.002 0.067 0.032 0.004 0.036 22.79 0.011 22.795 24.611 0 24.606 24.293 0 24.295
0.06 0.004 0.064 0.033 0.001 0.034 22.352 0.011 22.358 24.172 0 24.167 24.051 0 24.045
0.059 0.008 0.067 0.033 0.002 0.035 22.614 0.007 22.616 24.352 0 24.346 24.143 0 24.138
0.061 0.002 0.063 0.033 0.002 0.034 22.07 0.015 22.081 23.938 0 23.933 23.803 0 23.796
0.064 0.005 0.068 0.034 0.00199999999999999 0.035 22.153 0.008 22.158 23.86 0 23.854 23.73 0 23.724
0.064 0.004 0.068 0.033 0.00199999999999999 0.035 22.237 0.015 22.247 23.484 0 23.49 22.917 0 22.921
0.062 0.005 0.067 0.03 0.005 0.036 22.538 0.013 22.545 24.226 0 24.223 24.143 0 24.136
0.088 0.00699999999999999 0.095 0.044 0.004 0.049 30.229 0.019 30.284 32.683 0 32.722 32.485 0 32.524
0.065 0.003 0.091 0.031 0.005 0.036 23.057 0.011 23.063 24.874 0 24.868 24.722 0 24.717
0.058 0.006 0.064 0.031 0.003 0.034 22.714 0.015 22.724 24.5 0.001 24.496 24.369 0 24.362
0.065 0.003 0.067 0.031 0.004 0.036 22.326 0.01 22.331 24.096 0 24.091 23.937 0 23.93
0.067 0.002 0.068 0.032 0.003 0.036 22.926 0.014 22.934 24.73 0 24.726 24.633 0 24.627
0.061 0.00600000000000001 0.068 0.03 0.006 0.035 22.215 0.015 22.226 24.045 0 24.041 23.94 0 23.934
0.063 0.005 0.069 0.034 0.00199999999999999 0.035 23.093 0.014 23.101 24.871 0 24.866 24.537 0 24.543
0.061 0.006 0.067 0.032 0.004 0.036 22.519 0.015 22.529 24.396 0 24.391 24.24 0 24.234
0.059 0.005 0.064 0.033 0.002 0.034 22.96 0.012 22.967 24.727 0 24.723 24.618 0 24.612
0.059 0.008 0.067 0.035 0.001 0.036 22.398 0.015 22.408 24.16 0 24.156 24.03 0 24.025
0.061 0.00199999999999999 0.064 0.031 0.004 0.035 22.864 0.012 22.871 24.582 0 24.577 24.458 0 24.452
0.056 0.00600000000000001 0.063 0.032 0.003 0.035 22.147 0.008 22.149 24.005 0 24.001 24.299 0 24.293
0.058 0.005 0.063 0.03 0.005 0.035 22.657 0.01 22.662 24.594 0 24.589 24.434 0 24.428
0.064 0.004 0.067 0.034 0.00199999999999999 0.036 22.519 0.012 22.526 24.253 0 24.248 24.001 0 23.995
0.063 0.005 0.067 0.034 0.001 0.036 22.493 0.013 22.501 24.221 0 24.215 24.11 0 24.104
0.0679999999999999 0 0.068 0.032 0.003 0.036 22.611 0.007 22.613 24.338 0 24.332 24.198 0 24.193
0.06 0.008 0.0679999999999999 0.031 0.004 0.036 22.867 0.014 22.875 24.758 0 24.753 24.619 0 24.614
0.065 0.003 0.07 0.035 0.000999999999999987 0.035 22.782 0.015 22.791 24.385 0 24.381 24.258 0 24.251
0.062 0.005 0.067 0.031 0.005 0.035 22.491 0.019 22.506 24.327 0 24.322 24.167 0 24.161
0.068 0.001 0.101 0.031 0.005 0.036 23.148 0.012 23.154 24.823 0 24.818 24.223 0 24.231
0.062 0.006 0.0679999999999999 0.034 0.001 0.035 22.72 0.009 22.724 24.486 0 24.481 24.342 0 24.336
0.065 0.003 0.068 0.033 0.003 0.036 22.608 0.018 22.621 24.384 0 24.379 24.236 0 24.23
0.065 0.002 0.067 0.033 0.00199999999999999 0.036 22.558 0.01 22.563 23.988 0 23.982 24.209 0 24.204
0.066 0.003 0.068 0.035 0.001 0.036 22.782 0.01 22.786 24.521 0 24.516 24.375 0 24.369
0.061 0.006 0.067 0.034 0.001 0.035 24.303 0.015 24.319 25.66 0 25.668 25.47 0 25.465
0.065 0.004 0.068 0.034 0.00199999999999999 0.035 22.598 0.00700000000000001 22.601 24.334 0 24.329 24.182 0 24.175
0.065 0.003 0.0679999999999999 0.031 0.004 0.035 22.177 0.014 22.186 23.962 0 23.957 23.869 0 23.863
0.063 0.005 0.068 0.033 0.003 0.036 23.13 0.013 23.138 24.917 0 24.911 24.764 0 24.759
0.062 0.006 0.068 0.033 0.002 0.035 22.553 0.00899999999999999 22.557 24.262 0 24.257 24.134 0 24.129
0.063 0.004 0.067 0.034 0.00199999999999999 0.036 22.611 0.018 22.624 24.363 0 24.359 24.242 0 24.235
0.064 0.005 0.068 0.035 0.001 0.036 22.879 0.012 22.886 24.656 0 24.652 24.524 0 24.518
0.063 0.004 0.067 0.031 0.005 0.036 22.323 0.014 22.333 24.11 0 24.106 23.991 0 23.986
0.093 0.001 0.0950000000000001 0.046 0.003 0.0479999999999999 30.477 0.017 30.531 32.939 0 32.978 32.71 0 32.75
0.064 0.003 0.066 0.031 0.005 0.036 22.67 0.014 22.679 24.085 0 24.08 23.908 0 23.903
0.063 0.004 0.229 0.033 0.001 0.0349999999999999 22.446 0.02 22.461 24.21 0 24.205 24.086 0 24.081
0.059 0.009 0.068 0.033 0.002 0.035 22.753 0.014 22.762 24.475 0 24.471 24.286 0 24.28
0.064 0.003 0.068 0.03 0.006 0.035 22.498 0.011 22.521 24.212 0.001 24.226 24.081 0 24.092
0.062 0.008 0.07 0.034 0.002 0.036 22.699 0.013 22.707 24.442 0 24.438 24.309 0 24.302
0.06 0.004 0.064 0.031 0.004 0.035 23.43 0.014 23.438 25.203 0.001 25.207 24.661 0 24.661
0.06 0.007 0.068 0.032 0.004 0.036 22.869 0.01 22.873 24.607 0 24.602 24.237 0 24.238
0.066 0.003 0.07 0.033 0.003 0.036 22.506 0.014 22.515 24.275 0 24.27 24.161 0 24.155
0.069 0.002 0.071 0.033 0.003 0.036 22.321 0.012 22.327 24.124 0 24.12 23.968 0 23.962
0.065 0.004 0.0700000000000001 0.033 0.00299999999999999 0.0349999999999999 22.758 0.013 22.766 24.615 0 24.61 24.473 0 24.466
0.063 0.005 0.09 0.034 0.002 0.036 22.594 0.00899999999999999 22.598 24.458 0 24.453 24.197 0 24.191
0.068 0.004 0.073 0.033 0.003 0.036 22.6 0.011 22.606 24.367 0 24.362 24.226 0 24.219
0.06 0.003 0.063 0.033 0.001 0.034 22.626 0.014 22.635 24.483 0 24.478 24.356 0 24.349
0.062 0.005 0.066 0.033 0.00199999999999999 0.036 22.028 0.017 22.039 23.823 0.001 23.82 23.627 0 23.621
0.064 0.003 0.067 0.034 0.002 0.036 22.634 0.013 22.642 24.372 0 24.368 24.233 0 24.226
0.058 0.005 0.064 0.032 0.003 0.035 22.263 0.018 22.276 24.04 0 24.035 23.939 0 23.933
0.062 0.001 0.064 0.032 0.003 0.034 22.549 0.015 22.558 24.301 0 24.298 24.207 0.001 24.202
0.063 0.005 0.067 0.034 0.001 0.035 22.308 0.012 22.315 24.031 0 24.027 23.918 0 23.912
0.064 0.004 0.068 0.032 0.003 0.036 22.729 0.02 22.743 24.433 0 24.429 24.299 0 24.292
0.063 0.005 0.068 0.034 0.001 0.035 22.306 0.01 22.311 24.037 0 24.032 23.92 0 23.914
0.066 0.002 0.068 0.036 0 0.036 23.338 0.011 23.343 25.113 0 25.108 25.033 0 25.028
0.058 0.005 0.063 0.033 0.002 0.034 22.435 0.01 22.44 24.237 0 24.232 24.088 0 24.082
0.0649999999999999 0.003 0.068 0.034 0.002 0.036 22.877 0.014 22.886 24.685 0 24.681 24.536 0 24.531
0.088 0.00700000000000001 0.096 0.043 0.00600000000000001 0.048 31.204 0.021 31.263 33.652 0 33.692 33.557 0 33.599
0.064 0.004 0.089 0.032 0.003 0.036 22.678 0.00800000000000001 22.681 24.427 0 24.421 24.347 0 24.342
0.067 0.001 0.068 0.033 0.003 0.036 23.118 0.011 23.123 24.926 0 24.921 24.845 0 24.84
0.062 0.003 0.065 0.032 0.003 0.035 22.274 0.011 22.28 24.314 0 24.308 24.152 0 24.146
0.065 0.003 0.067 0.031 0.004 0.036 22.102 0.011 22.108 23.851 0 23.846 23.6 0 23.594
0.064 0.003 0.068 0.034 0.001 0.035 22.604 0.02 22.619 24.376 0 24.371 24.278 0 24.272
0.063 0.006 0.069 0.031 0.004 0.036 22.293 0.013 22.3 23.981 0 23.976 23.849 0 23.845
0.066 0.00399999999999999 0.079 0.033 0.002 0.0350000000000001 22.811 0.013 22.818 24.58 0 24.575 24.439 0 24.433
0.065 0.004 0.1 0.033 0.002 0.0350000000000001 22.624 0.014 22.633 24.408 0 24.403 24.264 0 24.258
0.062 0.004 0.066 0.032 0.003 0.035 22.719 0.015 22.728 24.536 0 24.531 24.43 0 24.425
0.061 0.006 0.067 0.036 0 0.036 22.589 0.016 22.6 24.288 0 24.284 24.099 0 24.093
0.065 0.004 0.069 0.034 0.002 0.036 22.853 0.011 22.859 24.539 0 24.533 24.486 0 24.482
0.065 0.004 0.069 0.035 0 0.036 22.585 0.016 22.596 24.363 0 24.357 24.23 0 24.226
0.06 0.008 0.068 0.031 0.004 0.036 23.503 0.019 23.517 25.138 0 25.132 25.038 0 25.033
0.063 0.004 0.067 0.035 0.000999999999999994 0.036 22.655 0.014 22.662 24.403 0 24.399 24.29 0 24.285
0.063 0.004 0.067 0.033 0.003 0.035 22.275 0.014 22.284 24.068 0 24.063 23.95 0 23.945
0.062 0.00600000000000001 0.068 0.035 0.001 0.036 24.513 0.016 24.524 26.202 0.001 26.203 25.629 0 25.631
0.064 0.004 0.068 0.034 0.002 0.036 22.566 0.014 22.574 24.339 0.001 24.335 24.244 0 24.239
0.09 0.004 0.0950000000000001 0.045 0.00399999999999999 0.0479999999999999 30.161 0.015 30.212 32.371 0 32.412 32.482 0.001 32.522
0.067 0.001 0.088 0.032 0.004 0.036 22.478 0.015 22.488 24.261 0 24.256 24.128 0 24.122
0.057 0.007 0.064 0.03 0.004 0.034 22.382 0.02 22.405 24.243 0 24.238 24.112 0 24.106
0.06 0.003 0.063 0.03 0.005 0.034 22.49 0.009 22.495 24.226 0.001 24.221 24.143 0 24.137
0.063 0.004 0.067 0.033 0.003 0.036 22.531 0.016 22.542 24.462 0 24.457 24.351 0 24.345
0.059 0.004 0.063 0.033 0.00199999999999999 0.034 22.046 0.016 22.057 23.87 0 23.866 24.073 0 24.066
0.06 0.004 0.065 0.03 0.004 0.034 22.64 0.011 22.646 24.321 0.001 24.317 24.215 0 24.209
0.066 0.001 0.067 0.031 0.005 0.035 22.309 0.009 22.314 24.017 0 24.011 23.821 0 23.816
0.064 0.004 0.067 0.03 0.005 0.036 22.321 0.021 22.337 24.053 0 24.048 23.977 0 23.971
0.084 0.011 0.0950000000000001 0.046 0.003 0.0489999999999999 30.488 0.02 30.543 32.767 0 32.806 32.839 0 32.876
0.064 0.004 0.106 0.035 0.001 0.0359999999999999 25.047 0.01 25.05 26.805 0 26.799 26.68 0 26.675
0.065 0.004 0.103 0.034 0.001 0.0349999999999999 22.9 0.013 22.907 24.704 0 24.699 24.571 0 24.567
0.064 0 0.064 0.03 0.004 0.034 22.528 0.013 22.536 24.162 0 24.158 24.044 0 24.038
0.066 0.00199999999999999 0.0680000000000001 0.034 0.002 0.0359999999999999 23.68 0.015 23.689 25.421 0 25.415 25.304 0 25.3
0.062 0.007 0.123 0.032 0.004 0.036 22.743 0.014 22.752 24.5 0 24.494 24.364 0 24.358
0.067 0.002 0.069 0.033 0.003 0.036 24.65 0.016 24.659 26.456 0 26.45 26.456 0 26.45
0.066 0.002 0.068 0.033 0.003 0.036 22.499 0.011 22.505 24.274 0 24.269 24.126 0 24.12
0.062 0.006 0.068 0.033 0.003 0.036 22.582 0.007 22.584 24.335 0 24.331 24.201 0 24.196
0.063 0.005 0.068 0.035 0.001 0.036 23.021 0.014 23.029 24.798 0.001 24.795 24.66 0 24.654
0.066 0.003 0.121 0.03 0.006 0.036 22.714 0.013 22.722 24.51 0 24.505 24.35 0 24.344
0.064 0.004 0.068 0.036 0 0.035 22.433 0.019 22.448 24.191 0 24.186 24.086 0 24.08
0.06 0.007 0.067 0.032 0.003 0.035 22.497 0.008 22.501 24.282 0 24.276 24.138 0 24.132
0.062 0.005 0.067 0.031 0.005 0.036 22.929 0.014 22.938 24.636 0 24.63 24.452 0 24.447
0.062 0.006 0.069 0.033 0.003 0.035 23.441 0.017 23.453 25.17 0 25.165 25.033 0 25.029
0.063 0.004 0.067 0.032 0.003 0.036 22.399 0.00599999999999999 22.399 24.09 0 24.086 24.153 0 24.146
0.06 0.007 0.068 0.034 0.002 0.035 22.531 0.016 22.541 24.283 0 24.278 24.161 0 24.155
0.066 0.003 0.069 0.033 0.00199999999999999 0.035 22.614 0.017 22.625 24.297 0 24.293 24.196 0 24.19
0.067 0.000999999999999994 0.0680000000000001 0.034 0.002 0.0359999999999999 24.313 0.014 24.322 26.172 0 26.167 26.052 0 26.047
0.063 0.005 0.068 0.034 0.001 0.035 22.333 0.00899999999999999 22.337 24.078 0 24.073 23.982 0 23.977
0.061 0.006 0.067 0.032 0.003 0.036 22.563 0.01 22.567 24.302 0.002 24.3 24.165 0 24.159
0.065 0.00199999999999999 0.0670000000000001 0.034 0.002 0.0349999999999999 22.655 0.011 22.661 24.313 0 24.31 24.21 0 24.204
0.064 0.003 0.067 0.03 0.005 0.035 22.493 0.015 22.503 24.055 0 24.05 23.707 0 23.702
0.062 0.006 0.068 0.033 0.003 0.036 22.832 0.014 22.84 24.56 0 24.555 24.433 0.000999999999999987 24.429
0.066 0.00199999999999999 0.0690000000000001 0.031 0.005 0.0359999999999999 23.679 0.017 23.691 25.431 0 25.425 25.335 0 25.33
0.06 0.004 0.065 0.034 0.001 0.034 22.573 0.023 22.602 24.461 0.00599999999999999 24.466 24.324 0 24.319
0.065 0.003 0.067 0.033 0.002 0.036 22.532 0.011 22.538 24.241 0 24.236 24.048 0 24.042
0.067 0.002 0.069 0.032 0.003 0.035 24.564 0.019 24.577 26.424 0 26.418 26.232 0 26.226
0.066 0.003 0.09 0.029 0.00699999999999999 0.036 22.877 0.013 22.884 24.661 0 24.656 24.491 0 24.486
0.066 0.00199999999999999 0.068 0.034 0.002 0.035 24.557 0.01 24.562 26.348 0 26.342 26.105 0 26.099
0.059 0.004 0.064 0.032 0.003 0.035 22.755 0.016 22.765 24.391 0.001 24.396 23.83 0 23.836
0.067 0.001 0.068 0.032 0.004 0.036 23.456 0.013 23.464 25.227 0 25.221 25.158 0 25.153
0.065 0.003 0.0680000000000001 0.034 0.002 0.0349999999999999 22.708 0.012 22.715 24.525 0 24.52 24.375 0 24.368
0.065 0.004 0.068 0.034 0.002 0.035 22.348 0.014 22.358 24.119 0 24.115 24.007 0 24.001
0.064 0.004 0.068 0.034 0.001 0.035 23.493 0.014 23.502 25.181 0 25.175 24.956 0 24.951
0.061 0.002 0.063 0.033 0.002 0.034 22.48 0.015 22.49 24.263 0 24.258 24.143 0 24.137
0.063 0.004 0.067 0.033 0.003 0.035 22.649 0.014 22.658 24.447 0 24.442 24.303 0 24.297
0.062 0.007 0.07 0.033 0.003 0.035 22.683 0.017 22.695 24.467 0.001 24.463 24.352 0 24.346
0.06 0.003 0.063 0.032 0.00199999999999999 0.035 22.074 0.01 22.078 24.076 0.002 24.072 24.173 0 24.167
0.062 0.007 0.068 0.036 0 0.036 22.222 0.008 22.226 23.706 0 23.71 23.197 0 23.198
0.064 0.004 0.067 0.034 0.001 0.035 22.118 0.013 22.126 23.934 0 23.93 23.793 0 23.788
0.059 0.004 0.063 0.031 0.004 0.035 22.4 0.012 22.407 24.166 0 24.162 24.02 0 24.014
0.059 0.004 0.063 0.032 0.002 0.034 22.417 0.014 22.426 24.312 0 24.307 24.164 0 24.158
0.063 0.005 0.067 0.034 0.000999999999999994 0.036 22.682 0.021 22.696 24.392 0 24.389 24.298 0 24.292
0.063 0.004 0.067 0.032 0.004 0.036 22.625 0.012 22.632 24.191 0 24.186 23.88 0 23.876
0.057 0.006 0.063 0.032 0.003 0.035 22.357 0.013 22.364 24.152 0 24.148 23.999 0 23.993
0.061 0.007 0.068 0.034 0.002 0.036 22.423 0.011 22.429 24.154 0 24.149 24.037 0 24.031
0.065 0.005 0.0920000000000001 0.035 0.000999999999999994 0.0359999999999998 23.148 0.013 23.155 24.875 0 24.87 24.765 0 24.759
0.064 0.004 0.067 0.031 0.004 0.036 22.414 0.016 22.424 24.225 0 24.221 24.053 0 24.046
0.058 0.005 0.063 0.032 0.002 0.034 22.314 0.013 22.322 24.14 0 24.135 24.033 0 24.027
0.058 0.006 0.064 0.033 0.002 0.035 22.412 0.012 22.419 24.242 0.001 24.239 24.084 0 24.079
0.067 0.000999999999999994 0.068 0.033 0.003 0.036 24.797 0.009 24.8 26.485 0 26.479 26.393 0 26.387
0.062 0.005 0.067 0.033 0.002 0.035 22.467 0.012 22.473 24.243 0 24.239 24.081 0 24.074
0.064 0.003 0.068 0.035 0.001 0.036 22.455 0.015 22.464 24.337 0.001 24.333 24.18 0 24.174
0.062 0.005 0.068 0.032 0.003 0.035 22.178 0.012 22.185 23.937 0 23.932 23.798 0 23.792
0.059 0.005 0.064 0.032 0.003 0.035 22.591 0.015 22.602 24.438 0 24.432 24.254 0 24.248
0.06 0.007 0.067 0.03 0.005 0.036 22.611 0.014 22.619 24.311 0 24.306 24.113 0 24.108
0.058 0.005 0.062 0.031 0.004 0.035 22.365 0.008 22.368 24.375 0 24.37 24.245 0 24.239
0.061 0.007 0.068 0.033 0.002 0.035 22.325 0.011 22.331 24.098 0 24.093 23.842 0 23.836
0.061 0.008 0.069 0.032 0.004 0.036 22.374 0.012 22.38 24.104 0 24.099 23.982 0 23.977
0.069 0.002 0.07 0.034 0.002 0.036 22.683 0.012 22.691 24.42 0 24.416 24.257 0 24.25
0.064 0.003 0.067 0.03 0.005 0.036 22.189 0.016 22.199 23.953 0 23.95 23.799 0 23.792
0.064 0.005 0.069 0.032 0.004 0.036 23.444 0.016 23.454 25.21 0 25.205 25.177 0 25.172
0.064 0.004 0.068 0.032 0.005 0.036 22.27 0.013 22.278 24.042 0 24.037 23.893 0 23.887
0.063 0.005 0.069 0.03 0.005 0.035 22.603 0.013 22.611 24.279 0 24.275 24.134 0 24.129
0.063 0.004 0.067 0.034 0.00199999999999999 0.036 22.822 0.015 22.832 24.681 0 24.677 24.51 0 24.505
0.063 0.004 0.068 0.029 0.006 0.035 22.543 0.011 22.548 24.293 0 24.29 24.148 0 24.142
0.064 0.004 0.069 0.032 0.004 0.035 24.562 0.014 24.57 26.513 0.002 26.509 26.328 0 26.323
0.068 0.001 0.069 0.032 0.004 0.035 24.712 0.014 24.72 26.295 0.001 26.29 26.234 0 26.229
0.062 0.003 0.0679999999999998 0.028 0.00700000000000001 0.0350000000000001 22.536 0.013 22.544 24.243 0 24.282 24.16 0 24.155
0.061 0.009 0.095 0.033 0.002 0.036 23.591 0.013 23.597 25.357 0 25.352 25.308 0 25.303
0.061 0.008 0.069 0.036 0 0.035 24.731 0.013 24.738 26.227 0 26.222 26.2 0 26.194
0.064 0.004 0.068 0.034 0.002 0.036 22.598 0.016 22.609 24.418 0.001 24.414 24.285 0 24.279
0.064 0.004 0.069 0.034 0.002 0.035 23.552 0.012 23.559 25.125 0 25.12 25.044 0 25.04
0.065 0.003 0.067 0.03 0.004 0.035 22.87 0.009 22.874 24.658 0 24.653 24.221 0.001 24.224
0.063 0.001 0.063 0.033 0.00199999999999999 0.035 22.788 0.013 22.796 24.554 0 24.549 24.414 0 24.408
0.058 0.005 0.064 0.032 0.003 0.035 23.09 0.013 23.098 24.792 0 24.787 24.663 0 24.657
0.067 0.001 0.068 0.031 0.005 0.035 22.517 0.013 22.525 24.268 0 24.264 24.162 0 24.156
0.063 0.003 0.066 0.03 0.006 0.036 22.626 0.016 22.649 24.394 0 24.388 24.248 0 24.242
0.061 0.003 0.064 0.03 0.005 0.035 22.217 0.013 22.225 24.023 0 24.018 23.891 0 23.885
0.061 0.003 0.064 0.032 0.003 0.035 22.946 0.02 22.96 24.723 0 24.718 24.622 0 24.616
0.062 0.007 0.069 0.034 0.002 0.036 22.746 0.018 22.758 24.578 0 24.574 24.422 0 24.416
0.062 0.005 0.067 0.033 0.002 0.035 22.404 0.017 22.415 24.176 0 24.171 24.019 0 24.013
0.062 0.006 0.068 0.031 0.004 0.035 22.557 0.013 22.565 24.312 0 24.307 24.197 0 24.191
0.064 0.004 0.068 0.034 0.002 0.036 22.962 0.015 22.973 24.572 0 24.568 24.533 0 24.528
0.064 0.004 0.068 0.034 0.001 0.036 22.333 0.013 22.341 24.09 0.001 24.086 23.951 0 23.946
0.06 0.007 0.067 0.034 0.000999999999999994 0.035 22.286 0.013 22.295 24.094 0 24.089 23.945 0 23.94
0.059 0.004 0.062 0.034 0 0.035 22.263 0.014 22.271 24.078 0 24.073 23.959 0 23.953
0.066 0.00199999999999999 0.067 0.03 0.005 0.035 22.4 0.011 22.406 24.039 0 24.034 23.92 0 23.914
0.056 0.007 0.062 0.032 0.003 0.035 22.18 0.009 22.184 24.24 0 24.235 24.299 0 24.292
0.059 0.005 0.063 0.033 0.001 0.034 24.266 0.013 24.273 26.067 0 26.061 26.183 0 26.178
0.066 0.002 0.067 0.036 0 0.036 22.499 0.014 22.507 24.439 0 24.434 24.346 0 24.34
0.06 0.00199999999999999 0.062 0.032 0.002 0.034 22.23 0.015 22.239 23.626 0 23.629 23.137 0 23.141
0.064 0.004 0.067 0.034 0.00199999999999999 0.036 22.259 0.014 22.269 24.028 0 24.023 23.919 0 23.913
0.064 0.003 0.068 0.033 0.002 0.035 22.343 0.013 22.351 24.138 0 24.134 23.986 0 23.98
0.063 0.005 0.067 0.032 0.003 0.036 22.638 0.007 22.639 24.402 0 24.397 24.253 0 24.247
0.062 0.005 0.067 0.031 0.005 0.036 22.154 0.012 22.16 23.904 0 23.899 23.769 0 23.763
0.06 0.003 0.063 0.034 0.000999999999999994 0.035 22.732 0.00800000000000001 22.735 24.521 0 24.516 24.378 0 24.373
0.063 0.004 0.097 0.032 0.004 0.036 22.28 0.012 22.287 24.025 0 24.02 23.914 0 24.02
0.062 0.00600000000000001 0.068 0.034 0.001 0.036 22.766 0.012 22.772 24.512 0.001 24.508 24.379 0 24.373
0.067 0.001 0.068 0.036 0 0.036 22.338 0.014 22.346 24.053 0 24.048 23.908 0 23.902
0.064 0.004 0.0680000000000001 0.032 0.004 0.0359999999999999 22.683 0.012 22.69 24.141 0 24.146 23.691 0 23.696
0.063 0.005 0.068 0.031 0.005 0.035 22.431 0.014 22.44 24.123 0 24.118 23.697 0 23.691
0.061 0.007 0.068 0.035 0.001 0.036 22.812 0.017 22.823 24.38 0 24.375 24.037 0 24.033
0.058 0.005 0.064 0.035 0 0.034 22.927 0.00799999999999999 22.93 24.71 0 24.705 24.589 0 24.583
0.058 0.01 0.068 0.034 0.002 0.036 22.351 0.01 22.355 24.103 0 24.099 23.946 0 23.942
0.056 0.007 0.063 0.034 0.001 0.035 21.944 0.009 21.949 24.042 0 24.037 24.112 0 24.106
0.061 0.003 0.063 0.032 0.002 0.035 22.682 0.012 22.689 24.415 0.000999999999999994 24.411 24.294 0 24.289
0.063 0.003 0.066 0.031 0.005 0.036 22.39 0.017 22.402 24.144 0 24.14 24.015 0 24.009
0.063 0.005 0.068 0.036 0 0.036 22.833 0.018 22.846 24.697 0 24.692 24.539 0 24.533
0.063 0.005 0.068 0.031 0.004 0.036 22.372 0.014 22.38 24.105 0 24.101 23.993 0 23.986
0.062 0.005 0.068 0.032 0.004 0.035 22.717 0.013 22.725 24.468 0 24.463 24.29 0 24.285
0.062 0.006 0.068 0.032 0.003 0.036 22.731 0.018 22.753 24.461 0.00699999999999999 24.479 24.393 0 24.388
0.064 0.004 0.068 0.034 0.002 0.036 22.643 0.014 22.652 24.335 0 24.33 24.22 0 24.214
0.066 0.001 0.067 0.035 0.001 0.036 22.457 0.01 22.462 24.229 0 24.225 24.069 0 24.063
0.062 0.005 0.068 0.035 0.001 0.036 22.674 0.012 22.681 24.456 0 24.45 24.334 0 24.329
0.057 0.005 0.063 0.034 0.000999999999999994 0.034 22.383 0.01 22.388 24.157 0.001 24.154 24.063 0 24.056
0.064 0.004 0.068 0.031 0.005 0.036 22.631 0.018 22.643 24.285 0 24.28 24.19 0 24.186
0.063 0.005 0.067 0.034 0.002 0.036 22.646 0.012 22.653 24.188 0 24.184 23.883 0 23.879
0.063 0.005 0.0679999999999999 0.032 0.004 0.036 22.733 0.014 22.742 24.875 0 24.87 24.717 0 24.713
0.062 0.005 0.102 0.036 0 0.036 22.452 0.012 22.459 24.239 0 24.233 24.083 0 24.078
0.063 0 0.064 0.034 0.000999999999999994 0.034 22.704 0.01 22.709 24.599 0 24.593 24.458 0 24.452
0.063 0.004 0.067 0.032 0.004 0.036 22.77 0.018 22.781 24.463 0 24.458 24.211 0 24.206
0.063 0.002 0.0650000000000001 0.032 0.003 0.0349999999999999 23.769 0.019 23.782 25.537 0 25.532 25.39 0 25.385
0.058 0.005 0.064 0.03 0.005 0.034 22.305 0.012 22.313 24.089 0 24.084 23.964 0 23.957
0.056 0.007 0.063 0.029 0.006 0.035 22.231 0.011 22.237 23.929 0 23.924 23.805 0 23.799
0.066 0.002 0.068 0.033 0.003 0.035 22.524 0.011 22.53 24.237 0 24.231 24.108 0 24.103
0.067 0.002 0.07 0.031 0.005 0.036 22.706 0.012 22.713 24.298 0 24.292 24.206 0 24.2
0.068 0.00199999999999999 0.07 0.033 0.003 0.036 23.028 0.007 23.03 24.746 0 24.741 24.603 0 24.598
0.064 0.004 0.068 0.034 0.002 0.036 23.107 0.014 23.115 24.817 0 24.812 24.724 0 24.719
0.058 0.004 0.063 0.029 0.006 0.034 22.323 0.009 22.328 24.064 0 24.059 23.927 0 23.92
0.064 0.003 0.067 0.035 0.001 0.036 22.332 0.017 22.344 24.373 0 24.368 24.276 0 24.271
0.06 0.004 0.064 0.032 0.003 0.035 23.172 0.017 23.183 24.943 0 24.938 24.859 0 24.854
0.062 0.005 0.066 0.032 0.004 0.036 22.326 0.01 22.331 24.156 0 24.151 24.009 0 24.003
0.063 0.004 0.067 0.033 0.003 0.036 22.423 0.006 22.424 24.21 0 24.205 24.01 0 24.011
0.066 0.002 0.068 0.034 0.002 0.035 22.635 0.015 22.645 24.379 0 24.374 24.271 0 24.266
0.065 0.003 0.068 0.033 0.003 0.035 22.381 0.01 22.386 24.184 0 24.179 24.038 0 24.033
0.056 0.007 0.063 0.031 0.003 0.035 22.25 0.018 22.262 24.016 0 24.011 23.911 0 23.905
0.062 0.005 0.068 0.032 0.005 0.036 22.966 0.014 22.975 24.762 0 24.757 24.642 0 24.637
0.064 0.004 0.068 0.036 0 0.035 22.515 0.013 22.523 24.366 0 24.362 24.208 0 24.203
0.065 0.003 0.068 0.033 0.002 0.035 22.365 0.01 22.37 24.235 0 24.231 24.108 0 24.102
0.062 0.004 0.065 0.029 0.005 0.035 22.182 0.016 22.193 23.973 0 23.968 23.834 0 23.828
0.061 0.003 0.064 0.032 0.003 0.034 22.631 0.012 22.638 24.407 0 24.402 24.274 0 24.269
0.063 0.00600000000000001 0.068 0.035 0.000999999999999994 0.036 22.927 0.013 22.936 24.678 0 24.673 24.581 0 24.576
0.064 0.003 0.068 0.032 0.004 0.036 22.674 0.015 22.683 24.202 0 24.206 23.665 0 23.669
0.061 0.006 0.067 0.035 0.001 0.036 22.401 0.009 22.405 24.139 0.001 24.135 24.032 0 24.027
0.059 0.005 0.064 0.032 0.003 0.035 23.515 0.01 23.52 25.314 0 25.308 25.195 0 25.19
0.058 0.006 0.064 0.033 0.001 0.035 22.867 0.009 22.87 24.682 0 24.678 24.618 0 24.611
0.064 0.003 0.067 0.034 0.001 0.035 22.411 0.007 22.413 24.143 0 24.138 23.903 0 23.897
0.065 0.004 0.069 0.037 0 0.037 22.435 0.014 22.443 24.178 0 24.173 24.057 0 24.051
0.0679999999999999 0.004 0.072 0.033 0.003 0.035 23.174 0.01 23.179 24.866 0 24.861 24.793 0 24.789
0.066 0.002 0.068 0.034 0.002 0.036 22.833 0.014 22.843 24.658 0 24.652 24.509 0 24.503
0.064 0.004 0.068 0.031 0.005 0.035 22.481 0.01 22.487 24.319 0 24.313 24.2 0 24.195
0.062 0.003 0.0870000000000002 0.033 0.00199999999999999 0.0349999999999999 22.782 0.014 22.791 24.496 0 24.491 24.393 0 24.388
0.061 0.00600000000000001 0.366 0.035 0 0.0350000000000001 22.725 0.012 22.733 24.528 0.001 24.523 24.37 0 24.366
0.061 0.006 0.067 0.034 0.002 0.036 22.713 0.013 22.722 24.494 0 24.489 24.275 0 24.27
0.059 0.005 0.064 0.032 0.003 0.035 22.214 0.01 22.22 24.176 0 24.172 24.144 0 24.138
0.061 0.006 0.068 0.031 0.005 0.035 22.429 0.014 22.439 24.157 0 24.16 23.481 0 23.481
0.066 0.002 0.067 0.032 0.003 0.036 22.7 0.013 22.707 24.484 0 24.479 24.325 0 24.32
0.063 0.004 0.067 0.03 0.005 0.036 22.378 0.011 22.383 24.242 0 24.238 24.097 0 24.09
0.065 0.008 0.073 0.035 0.00199999999999999 0.036 22.736 0.012 22.743 24.538 0 24.533 24.393 0 24.387
0.063 0.005 0.067 0.032 0.003 0.036 22.446 0.015 22.457 24.197 0 24.192 24.099 0 24.093
0.064 0.003 0.067 0.034 0.002 0.036 22.577 0.015 22.587 24.285 0 24.281 24.153 0 24.146
0.057 0.01 0.067 0.034 0.00199999999999999 0.035 22.451 0.013 22.458 24.294 0 24.29 24.153 0 24.148
0.064 0.004 0.067 0.034 0.001 0.036 22.557 0.021 22.573 24.324 0 24.319 24.177 0 24.172
0.059 0.004 0.063 0.03 0.004 0.035 22.157 0.013 22.165 23.989 0 23.984 23.813 0 23.808
0.063 0.006 0.069 0.032 0.004 0.036 22.974 0.021 22.989 24.711 0 24.707 24.601 0 24.596
0.062 0.005 0.068 0.031 0.005 0.035 22.354 0.016 22.365 24.146 0 24.142 24.015 0 24.009
0.061 0.003 0.064 0.033 0.000999999999999994 0.035 22.494 0.012 22.5 24.296 0 24.291 24.144 0 24.139
0.066 0.002 0.068 0.03 0.00600000000000001 0.036 22.477 0.011 22.483 24.229 0 24.224 24.082 0 24.076
0.059 0.005 0.064 0.033 0.002 0.035 24.663 0.016 24.673 26.368 0 26.362 26.154 0 26.149
0.061 0.006 0.067 0.033 0.003 0.036 22.507 0.015 22.517 24.385 0.001 24.381 24.224 0 24.218
0.059 0.005 0.064 0.034 0.000999999999999994 0.035 22.94 0.012 22.945 24.771 0.001 24.768 24.607 0 24.601
0.066 0.00199999999999999 0.068 0.035 0.001 0.036 22.936 0.013 22.944 24.73 0 24.726 24.658 0 24.652
0.066 0.002 0.067 0.032 0.003 0.036 22.251 0.02 22.275 24.116 0.005 24.128 23.928 0.00799999999999999 23.937
0.065 0.003 0.067 0.035 0 0.036 22.358 0.017 22.369 24.151 0 24.147 24.027 0 24.021
0.065 0.00199999999999999 0.067 0.033 0.003 0.036 22.365 0.012 22.372 24.123 0 24.118 24.001 0 23.995
0.054 0.009 0.063 0.035 0 0.034 22.532 0.011 22.539 24.39 0 24.385 24.256 0 24.25
0.062 0.005 0.068 0.032 0.004 0.035 23.406 0.016 23.416 25.305 0 25.299 24.997 0 24.993
0.062 0.00600000000000001 0.068 0.032 0.003 0.035 22.712 0.014 22.72 24.504 0 24.499 24.375 0 24.369
0.064 0.005 0.069 0.033 0.003 0.036 23.604 0.013 23.612 25.29 0 25.285 25.105 0 25.1
0.06 0.004 0.064 0.032 0.003 0.035 22.998 0.01 23.002 24.792 0 24.788 24.661 0 24.656
0.065 0.004 0.099 0.033 0.003 0.036 22.979 0.016 22.991 24.666 0 24.661 24.539 0 24.534
0.064 0.003 0.067 0.033 0.003 0.035 22.601 0.014 22.611 24.321 0 24.316 24.184 0 24.179
0.065 0.004 0.069 0.031 0.004 0.036 22.679 0.012 22.686 24.46 0 24.456 24.349 0 24.343
0.064 0.004 0.068 0.034 0.002 0.036 22.328 0.012 22.335 24.032 0 24.027 23.923 0 23.918
0.061 0.006 0.068 0.031 0.005 0.035 22.491 0.01 22.497 24.243 0 24.238 24.166 0 24.159
0.059 0.004 0.063 0.033 0.002 0.035 22.371 0.011 22.377 24.147 0 24.142 24.043 0 24.037
0.061 0.006 0.068 0.034 0.002 0.035 22.638 0.014 22.648 24.357 0 24.352 24.23 0 24.224
0.062 0.005 0.068 0.035 0.001 0.035 22.637 0.012 22.644 24.37 0 24.366 24.274 0 24.267
0.063 0.001 0.064 0.033 0.003 0.035 23.091 0.017 23.103 24.878 0 24.873 24.759 0 24.754
0.064 0.003 0.092 0.031 0.004 0.035 22.69 0.015 22.698 24.398 0 24.394 24.404 0 24.397
0.067 0.000999999999999994 0.068 0.035 0.001 0.036 22.518 0.011 22.524 24.276 0 24.271 24.156 0 24.15
0.057 0.005 0.062 0.033 0.00199999999999999 0.035 22.431 0.009 22.435 24.25 0 24.245 24.138 0 24.132
0.062 0.002 0.064 0.032 0.003 0.035 22.872 0.011 22.878 24.464 0 24.464 23.838 0 23.837
0.062 0.00199999999999999 0.064 0.034 0.001 0.035 23.553 0.00900000000000001 23.556 24.889 0 24.89 24.43 0 24.432
0.058 0.007 0.065 0.035 0 0.035 23.587 0.014 23.595 25.416 0 25.409 25.289 0 25.284
0.063 0.006 0.068 0.03 0.005 0.036 22.665 0.009 22.668 24.439 0 24.434 24.339 0 24.333
0.062 0.005 0.068 0.031 0.005 0.036 22.507 0.011 22.513 24.26 0 24.255 24.145 0 24.138
0.065 0.005 0.104 0.033 0.003 0.036 23.009 0.011 23.015 24.938 0 24.959 24.407 0 24.413
0.066 0.00199999999999999 0.068 0.033 0.002 0.035 22.559 0.008 22.562 24.277 0 24.273 24.147 0 24.14
0.061 0.008 0.068 0.035 0 0.036 22.386 0.015 22.405 23.784 0 23.792 23.461 0 23.457
0.063 0.004 0.068 0.032 0.003 0.035 22.416 0.013 22.424 24.2 0 24.195 24.079 0 24.073
0.063 0.005 0.068 0.032 0.003 0.035 22.571 0.015 22.581 24.332 0 24.327 24.179 0 24.173
0.061 0.007 0.067 0.032 0.003 0.036 21.999 0.013 22.017 23.454 0 23.458 23.161 0 23.156
0.064 0.004 0.068 0.033 0.003 0.036 23.655 0.02 23.669 25.238 0 25.233 25.109 0 25.104
0.06 0.002 0.063 0.031 0.003 0.034 21.744 0.011 21.749 23.663 0 23.658 23.823 0 23.818
0.063 0.004 0.067 0.034 0.002 0.036 22.475 0.012 22.482 24.259 0 24.254 24.129 0 24.124
0.058 0.005 0.063 0.033 0.002 0.035 22.404 0.011 22.41 24.362 0 24.356 24.258 0 24.252
0.065 0.003 0.067 0.033 0.00199999999999999 0.036 22.8 0.009 22.803 24.56 0 24.555 24.262 0 24.255
0.065 0.004 0.069 0.032 0.003 0.035 23.015 0.014 23.023 24.739 0 24.735 24.626 0 24.619
0.064 0.004 0.067 0.034 0.002 0.036 23.402 0.019 23.417 25.122 0 25.116 24.928 0 24.924
0.064 0.00199999999999999 0.105 0.034 0.002 0.036 22.639 0.00600000000000001 22.639 24.432 0 24.426 24.321 0 24.316
0.063 0.004 0.067 0.031 0.005 0.035 22.408 0.012 22.415 24.21 0 24.205 24.066 0 24.061
0.061 0.003 0.064 0.029 0.005 0.034 22.652 0.01 22.657 24.402 0 24.397 24.282 0 24.275
0.064 0.004 0.068 0.034 0.002 0.036 22.254 0.02 22.269 23.975 0 23.971 23.874 0 23.868
0.059 0.004 0.063 0.033 0.002 0.035 22.582 0.011 22.588 24.324 0 24.319 24.211 0 24.205
0.066 0.004 0.068 0.034 0.00199999999999999 0.036 22.912 0.014 22.921 24.701 0 24.696 24.58 0 24.575
0.064 0.004 0.068 0.032 0.004 0.036 22.886 0.013 22.894 24.38 0 24.375 24.135 0 24.129
0.067 0.003 0.069 0.032 0.003 0.036 22.647 0.013 22.655 24.431 0 24.426 24.291 0 24.284
0.061 0.007 0.069 0.034 0.002 0.036 23.33 0.013 23.337 25.153 0 25.148 25.019 0 25.014
0.062 0.006 0.069 0.033 0.002 0.035 22.649 0.019 22.662 24.385 0 24.38 24.295 0 24.29
0.058 0.005 0.064 0.034 0.001 0.034 22.461 0.022 22.478 24.248 0 24.243 24.106 0 24.101
0.063 0.006 0.098 0.033 0.002 0.035 24.844 0.011 24.849 26.356 0 26.351 26.196 0 26.19
0.066 0.002 0.067 0.03 0.005 0.036 22.197 0.016 22.206 24.04 0 24.037 23.884 0 23.878
0.065 0.003 0.068 0.033 0.003 0.036 22.413 0.013 22.42 24.206 0 24.202 24.047 0 24.039
0.063 0.005 0.068 0.033 0.003 0.036 22.468 0.013 22.477 24.298 0 24.293 24.184 0 24.176
0.059 0.005 0.064 0.034 0.002 0.035 22.448 0.009 22.453 24.164 0 24.158 24.027 0 24.023
0.059 0.009 0.068 0.033 0.003 0.035 23.021 0.017 23.033 24.84 0 24.836 24.654 0 24.647
0.058 0.009 0.067 0.03 0.006 0.036 22.835 0.012 22.842 24.463 0 24.458 24.352 0 24.346
0.061 0.00199999999999999 0.063 0.031 0.004 0.035 23.036 0.015 23.046 25.116 0 25.11 25.208 0 25.203
0.065 0.003 0.069 0.03 0.00600000000000001 0.036 23.084 0.013 23.091 24.895 0 24.889 24.772 0 24.767
0.059 0.004 0.063 0.033 0.002 0.035 22.346 0.015 22.356 24.138 0 24.133 23.978 0 23.973
0.066 0.003 0.102 0.032 0.004 0.0359999999999999 22.959 0.00900000000000001 22.963 24.807 0 24.803 24.642 0 24.637
0.062 0.006 0.068 0.033 0.003 0.036 22.852 0.019 22.866 24.606 0 24.601 24.52 0 24.516
0.062 0.002 0.063 0.034 0.001 0.036 23.585 0.017 23.596 25.172 0 25.167 25.062 0 25.057
0.057 0.00700000000000001 0.063 0.032 0.003 0.035 22.651 0.016 22.661 24.481 0 24.476 24.345 0 24.341
0.064 0.004 0.0670000000000001 0.034 0.002 0.0359999999999999 22.576 0.017 22.587 24.384 0 24.379 24.258 0 24.252
0.062 0.006 0.068 0.033 0.003 0.036 23.706 0.012 23.714 25.302 0 25.296 25.162 0 25.156
0.059 0.005 0.064 0.033 0.00199999999999999 0.035 22.461 0.014 22.47 24.366 0 24.361 24.613 0 24.605
0.065 0.003 0.109 0.032 0.004 0.0349999999999999 22.723 0.016 22.733 24.454 0 24.45 24.339 0 24.333
0.063 0.004 0.067 0.032 0.003 0.035 22.244 0.014 22.253 23.855 0 23.85 23.501 0 23.496
0.068 0 0.068 0.034 0.001 0.035 23.095 0.018 23.106 24.481 0 24.477 24.335 0 24.33
0.062 0.004 0.067 0.035 0.001 0.036 22.704 0.015 22.713 24.484 0 24.479 24.366 0 24.36
0.059 0.009 0.068 0.035 0.001 0.035 22.491 0.014 22.501 24.271 0 24.266 24.142 0 24.136
0.067 0.001 0.087 0.033 0.002 0.036 22.447 0.014 22.455 24.214 0 24.21 24.096 0 24.089
0.063 0 0.063 0.033 0.00199999999999999 0.035 22.47 0.013 22.478 24.257 0 24.252 24.116 0 24.11
0.064 0.003 0.068 0.033 0.003 0.036 22.528 0.00900000000000001 22.531 24.268 0 24.264 24.034 0 24.036
0.064 0.004 0.067 0.034 0.001 0.036 22.393 0.014 22.402 24.144 0 24.139 24.019 0 24.013
0.065 0.003 0.0679999999999999 0.034 0.002 0.036 23.169 0.013 23.177 24.957 0 24.952 24.811 0 24.806
0.063 0.004 0.0679999999999999 0.034 0.00199999999999999 0.035 22.451 0.012 22.457 24.214 0 24.209 24.086 0 24.079
0.063 0.004 0.068 0.035 0.001 0.035 22.228 0.011 22.234 24.029 0 24.025 23.896 0 23.89
0.064 0.004 0.068 0.034 0.00199999999999999 0.035 22.213 0.012 22.22 24.088 0 24.085 23.959 0 23.953
0.056 0.007 0.064 0.031 0.003 0.034 22.365 0.013 22.372 24.101 0 24.097 23.954 0 23.947
0.057 0.007 0.064 0.033 0.001 0.035 22.451 0.016 22.461 24.498 0 24.492 24.665 0 24.66
0.069 0.005 0.074 0.038 0.001 0.039 28.137 0.018 28.149 29.719 0.001 29.713 29.597 0 29.591
0.063 0.005 0.107 0.032 0.004 0.0349999999999999 22.453 0.00700000000000001 22.455 24.268 0 24.263 24.126 0 24.121
0.077 0.004 0.0830000000000001 0.0399999999999999 0.002 0.0429999999999999 25.359 0.167 25.911 25.019 0 25.013 24.89 0.000999999999999973 24.886
0.067 0.004 0.094 0.032 0.003 0.0359999999999999 22.75 0.012 22.756 24.627 0 24.623 24.548 0 24.542
0.062 0.005 0.0679999999999999 0.032 0.003 0.035 23.525 0.00899999999999999 23.529 25.324 0 25.318 25.092 0 25.086
0.062 0.006 0.067 0.032 0.004 0.036 22.293 0.012 22.299 24.117 0 24.113 23.97 0 23.963
0.058 0.006 0.063 0.033 0.001 0.034 23.399 0.004 23.397 25.105 0 25.101 25.02 0 25.014
0.06 0.004 0.064 0.033 0.001 0.034 22.483 0.019 22.496 24.235 0 24.23 24.083 0 24.077
0.066 0.00199999999999999 0.068 0.033 0.003 0.036 22.816 0.02 22.831 24.589 0 24.584 24.441 0 24.435
0.066 0.00199999999999999 0.068 0.035 0.001 0.036 22.961 0.017 22.974 24.715 0 24.709 24.602 0 24.597
0.063 0.005 0.068 0.035 0.000999999999999994 0.036 23.05 0.009 23.054 24.779 0 24.773 24.664 0 24.659
0.057 0.006 0.062 0.032 0.002 0.035 22.068 0.00900000000000001 22.071 24.052 0 24.047 24.261 0 24.254
0.06 0.007 0.067 0.033 0.002 0.036 22.787 0.015 22.796 24.39 0.001 24.387 24.167 0 24.161
0.064 0.004 0.087 0.032 0.003 0.036 22.384 0.011 22.39 24.251 0 24.245 24.185 0 24.178
0.064 0.004 0.068 0.032 0.004 0.035 22.728 0.012 22.735 24.35 0 24.346 23.965 0 23.959
0.062 0.005 0.068 0.032 0.004 0.036 22.376 0.009 22.379 24.092 0 24.087 23.961 0 23.956
0.067 0.002 0.071 0.032 0.003 0.035 22.934 0.009 22.939 24.622 0 24.616 24.487 0.001 24.484
0.064 0.003 0.068 0.034 0.00199999999999999 0.035 22.379 0.01 22.383 24.129 0 24.125 23.972 0 23.966
0.065 0.004 0.068 0.034 0.002 0.036 22.797 0.01 22.803 24.561 0 24.556 24.467 0.000999999999999987 24.462
0.065 0.003 0.068 0.031 0.004 0.035 22.292 0.013 22.299 24.054 0 24.049 23.919 0 23.912
0.065 0.003 0.068 0.034 0.001 0.036 22.486 0.012 22.491 24.313 0 24.308 24.181 0 24.175
0.06 0.008 0.068 0.035 0.000999999999999994 0.035 23.711 0.015 23.721 25.023 0 25.018 24.833 0 24.826
0.061 0.005 0.066 0.031 0.005 0.035 22.452 0.017 22.465 24.209 0 24.203 24.08 0 24.075
0.065 0.003 0.068 0.031 0.004 0.036 22.373 0.013 22.382 24.108 0 24.103 23.962 0 23.956
0.061 0.002 0.063 0.033 0.002 0.036 22.373 0.011 22.378 24.217 0 24.212 24.061 0 24.055
0.0679999999999999 0.002 0.07 0.029 0.007 0.037 22.796 0.014 22.804 24.663 0 24.658 24.496 0 24.492
0.063 0.005 0.067 0.032 0.003 0.036 22.354 0.007 22.356 24.149 0 24.144 23.983 0 23.977
0.066 0.004 0.092 0.032 0.004 0.035 22.849 0.00899999999999999 22.852 24.636 0 24.631 24.485 0 24.48
0.064 0.004 0.068 0.034 0.002 0.036 22.902 0.01 22.907 24.611 0 24.606 24.511 0 24.506
0.062 0.000999999999999994 0.063 0.033 0.002 0.035 21.924 0.01 21.929 23.888 0 23.883 24.04 0 24.034
0.06 0.002 0.063 0.032 0.003 0.034 22.096 0.015 22.106 24.02 0 24.016 24.235 0 24.229
0.066 0.004 0.073 0.036 0.001 0.036 23.076 0.006 23.076 24.847 0 24.843 24.738 0 24.732
0.064 0.006 0.0980000000000001 0.032 0.005 0.0369999999999999 22.938 0.009 22.942 24.748 0 24.743 24.604 0 24.599
0.063 0.005 0.068 0.031 0.004 0.035 23.644 0.012 23.65 25.289 0 25.283 25.167 0 25.162
0.066 0.002 0.068 0.033 0.00199999999999999 0.036 22.739 0.013 22.745 24.503 0 24.498 24.378 0.001 24.374
0.068 0.004 0.072 0.035 0 0.035 22.636 0.013 22.644 24.417 0 24.412 24.254 0 24.248
0.058 0.004 0.062 0.028 0.007 0.035 22.062 0.015 22.078 23.551 0.001 23.562 23.268 0 23.262
0.061 0.003 0.063 0.03 0.004 0.035 22.6 0.013 22.607 24.384 0 24.38 24.26 0 24.254
0.064 0.004 0.067 0.032 0.003 0.036 22.273 0.005 22.271 24.091 0 24.087 23.964 0 23.958
0.059 0.004 0.063 0.034 0.001 0.034 22.393 0.017 22.414 24.228 0 24.224 24.096 0 24.09
0.058 0.007 0.065 0.033 0.003 0.035 24.231 0.012 24.238 26.121 0 26.114 26.212 0 26.21
0.061 0.006 0.068 0.033 0.003 0.036 22.529 0.019 22.542 24.09 0 24.086 23.813 0 23.807
0.067 0.004 0.085 0.034 0.00199999999999999 0.036 23.09 0.011 23.097 24.938 0 24.931 24.826 0 24.821
0.061 0.006 0.067 0.034 0.002 0.036 22.407 0.015 22.417 23.935 0 23.93 24.049 0 24.043
0.068 0.003 0.07 0.033 0.003 0.036 23.697 0.016 23.708 25.452 0.002 25.449 25.417 0 25.411
0.0610000000000001 0.007 0.069 0.03 0.006 0.036 22.774 0.013 22.781 24.464 0 24.459 24.269 0 24.263
0.063 0.005 0.091 0.032 0.004 0.036 23.024 0.018 23.035 24.892 0 24.887 24.759 0 24.754
0.061 0.003 0.063 0.033 0.001 0.035 22.431 0.013 22.439 24.222 0 24.216 24.092 0 24.086
0.065 0.002 0.067 0.033 0.003 0.036 22.765 0.014 22.773 24.551 0 24.546 24.387 0 24.381
0.066 0.006 0.072 0.036 0.003 0.039 27.456 0.01 27.459 29.161 0 29.153 29.008 0 29.001
0.058 0.005 0.063 0.03 0.004 0.035 22.247 0.014 22.255 24.014 0 24.01 23.87 0 23.863
0.063 0.004 0.068 0.031 0.005 0.035 22.403 0.01 22.409 24.154 0 24.149 24 0.001 23.995
0.061 0.007 0.069 0.034 0.002 0.035 22.908 0.016 22.919 23.84 0 23.848 23.454 0 23.459
0.064 0.004 0.068 0.033 0.003 0.036 22.804 0.00599999999999999 22.805 24.573 0.001 24.569 24.315 0 24.311
0.064 0.004 0.068 0.033 0.002 0.036 22.997 0.015 23.006 24.744 0 24.739 24.638 0 24.633
0.064 0.004 0.068 0.033 0.002 0.035 22.704 0.016 22.715 24.559 0 24.554 24.421 0 24.415
0.063 0.005 0.068 0.035 0 0.035 22.637 0.01 22.641 24.392 0 24.387 24.234 0 24.228
0.066 0.002 0.067 0.033 0.00199999999999999 0.036 22.333 0.009 22.337 24.131 0 24.126 24.003 0 23.996
0.058 0.00600000000000001 0.063 0.033 0.00199999999999999 0.035 22.586 0.011 22.592 24.349 0 24.345 24.21 0 24.204
0.066 0.00199999999999999 0.069 0.033 0.003 0.035 22.697 0.013 22.706 24.428 0 24.423 24.27 0 24.263
0.067 0.001 0.067 0.032 0.004 0.036 22.906 0.016 22.918 24.679 0.001 24.674 24.638 0 24.632
0.068 0.001 0.107 0.032 0.003 0.035 22.405 0.01 22.41 24.234 0 24.228 24.122 0 24.117
0.061 0.007 0.068 0.032 0.005 0.036 22.583 0.016 22.593 24.028 0 24.024 23.835 0 23.829
0.063 0.005 0.067 0.031 0.004 0.035 22.238 0.009 22.243 24.051 0 24.045 23.923 0 23.917
0.061 0.005 0.067 0.035 0.001 0.035 22.471 0.011 22.478 24.205 0.001 24.2 24.062 0 24.057
0.063 0.005 0.067 0.033 0.00199999999999999 0.036 22.575 0.015 22.585 24.316 0 24.311 24.193 0 24.187
0.064 0.00600000000000001 0.07 0.031 0.00499999999999999 0.036 22.5 0.011 22.506 24.319 0 24.313 24.167 0 24.161
0.07 0.001 0.104 0.036 0.001 0.0359999999999999 23.347 0.01 23.353 25.505 0 25.5 25.449 0 25.443
0.062 0.00600000000000001 0.07 0.031 0.004 0.036 22.764 0.013 22.77 24.486 0 24.481 24.356 0 24.351
0.065 0.002 0.067 0.033 0.003 0.036 22.61 0.015 22.619 24.429 0 24.426 24.319 0 24.312
0.065 0.003 0.067 0.034 0.002 0.036 23.339 0.01 23.344 25.13 0 25.123 25.057 0 25.052
0.064 0.001 0.065 0.034 0.001 0.035 21.606 0.007 21.621 23.243 0 23.248 23.239 0 23.234
0.063 0.00600000000000001 0.105 0.033 0.002 0.0359999999999999 22.462 0.01 22.467 24.196 0 24.192 24.097 0 24.09
0.064 0.006 0.092 0.031 0.004 0.036 22.48 0.01 22.485 24.291 0 24.286 24.166 0 24.161
0.057 0.005 0.063 0.032 0.004 0.034 21.82 0.011 21.828 23.736 0 23.73 23.929 0 23.924
0.066 0.004 0.07 0.034 0.002 0.036 22.489 0.013 22.497 24.297 0 24.292 24.142 0 24.136
0.058 0.007 0.064 0.03 0.004 0.035 22.61 0.012 22.616 24.347 0 24.342 24.2 0 24.194
0.064 0.005 0.091 0.031 0.004 0.035 22.905 0.00899999999999999 22.908 24.625 0 24.62 24.502 0 24.498
0.065 0.003 0.0680000000000001 0.031 0.004 0.0359999999999999 22.948 0.012 22.954 24.676 0 24.671 24.539 0 24.534
0.065 0.003 0.068 0.033 0.00199999999999999 0.036 22.272 0.00600000000000001 22.272 24.056 0 24.051 23.92 0 23.914
0.064 0.005 0.069 0.033 0.003 0.035 23.665 0.017 23.677 25.34 0 25.335 25.177 0 25.172
0.065 0.003 0.068 0.034 0.000999999999999994 0.036 22.539 0.017 22.55 24.277 0 24.271 24.126 0 24.118
0.06 0.008 0.069 0.033 0.003 0.035 22.564 0.014 22.572 24.397 0 24.393 24.229 0 24.222
0.062 0.005 0.067 0.032 0.003 0.036 22.388 0.014 22.396 24.168 0 24.163 24.24 0 24.233
0.059 0.011 0.071 0.031 0.004 0.035 22.65 0.011 22.656 24.416 0 24.411 24.293 0 24.286
0.064 0.004 0.068 0.033 0.003 0.036 22.855 0.013 22.863 24.546 0 24.54 24.378 0 24.373
0.062 0.001 0.063 0.032 0.002 0.034 21.957 0.02 21.972 23.849 0 23.845 24.076 0 24.07
0.063 0.002 0.0950000000000001 0.031 0.004 0.0339999999999999 23.461 0.009 23.465 25.135 0 25.131 25.004 0 24.999
0.064 0.004 0.067 0.031 0.004 0.035 22.324 0.017 22.345 24.099 0.00799999999999999 24.116 23.989 0.00600000000000001 23.997
0.061 0.00600000000000001 0.067 0.033 0.003 0.036 22.343 0.014 22.352 24.174 0 24.17 24.022 0 24.016
0.056 0.007 0.063 0.03 0.004 0.035 22.47 0.013 22.477 24.277 0 24.273 24.123 0 24.118
0.064 0.004 0.068 0.029 0.007 0.036 22.851 0.016 22.862 24.49 0 24.489 23.936 0 23.945
0.062 0.005 0.067 0.035 0.000999999999999994 0.035 22.455 0.016 22.466 24.323 0 24.319 24.238 0 24.232
0.056 0.007 0.063 0.03 0.005 0.035 22.56 0.01 22.564 24.328 0 24.323 24.187 0 24.181
0.063 0.004 0.067 0.035 0 0.036 22.848 0.015 22.858 24.557 0 24.552 24.394 0 24.388
0.064 0.003 0.068 0.034 0.002 0.035 23.647 0.01 23.651 25.301 0 25.296 24.893 0 24.889
0.061 0.006 0.0700000000000001 0.033 0.003 0.0349999999999999 22.739 0.01 22.745 24.588 0 24.583 24.54 0 24.535
0.065 0.002 0.067 0.035 0.000999999999999994 0.036 22.282 0.012 22.29 24.111 0 24.105 23.97 0 23.965
0.063 0.003 0.067 0.034 0.002 0.036 22.607 0.016 22.618 24.347 0 24.342 24.225 0 24.219
0.065 0.003 0.068 0.034 0.001 0.035 22.467 0.015 22.477 24.193 0 24.188 24.075 0 24.07
0.064 0.004 0.068 0.033 0.004 0.037 23.011 0.013 23.018 24.407 0 24.402 24.222 0 24.216
0.067 0.004 0.088 0.031 0.004 0.035 22.79 0.014 22.8 24.555 0 24.549 24.441 0 24.435
0.065 0.00599999999999999 0.072 0.034 0.003 0.036 24.046 0.014 24.055 25.733 0 25.727 25.625 0 25.618
0.063 0.00499999999999999 0.07 0.033 0.003 0.036 23.373 0.00600000000000001 23.372 25.107 0 25.102 25.044 0 25.039
0.064 0.004 0.069 0.029 0.007 0.035 23.608 0.01 23.622 24.871 0 24.881 24.508 0 24.505
0.065 0.004 0.068 0.034 0.002 0.035 23.676 0.013 23.683 25.421 0 25.416 25.258 0 25.252
0.067 0.003 0.129 0.035 0.001 0.036 23.009 0.014 23.018 24.767 0 24.762 24.666 0 24.659
0.067 0.001 0.067 0.035 0 0.036 22.57 0.015 22.578 24.307 0 24.302 24.172 0 24.166
0.064 0.004 0.068 0.034 0.00199999999999999 0.036 22.864 0.012 22.871 24.558 0 24.553 24.401 0 24.395
0.064 0.004 0.068 0.034 0.002 0.036 22.834 0.014 22.843 24.558 0 24.553 24.394 0 24.388
0.061 0.004 0.064 0.034 0.001 0.034 22.587 0.00799999999999999 22.591 24.328 0 24.322 24.188 0 24.181
0.061 0.006 0.067 0.034 0.002 0.036 22.551 0.01 22.556 24.222 0 24.217 24.116 0.001 24.111
0.058 0.005 0.063 0.032 0.002 0.035 22.477 0.012 22.484 24.313 0 24.307 24.562 0 24.556
0.054 0.009 0.062 0.034 0 0.034 22.195 0.012 22.203 24.087 0 24.081 24.307 0 24.301
0.065 0.004 0.0960000000000001 0.032 0.004 0.0359999999999999 22.874 0.012 22.88 24.589 0 24.584 24.433 0 24.429
0.067 0.004 0.0830000000000001 0.034 0.002 0.0359999999999999 24.06 0.01 24.064 25.664 0 25.659 25.59 0 25.585
0.06 0.008 0.0870000000000001 0.03 0.005 0.0349999999999999 22.256 0.01 22.262 24.084 0 24.079 23.953 0 23.948
0.067 0.001 0.0669999999999999 0.034 0.000999999999999994 0.036 22.505 0.015 22.515 23.932 0 23.938 23.432 0 23.438
0.061 0.007 0.068 0.033 0.002 0.036 22.719 0.02 22.734 24.52 0 24.515 24.376 0 24.369
0.065 0.002 0.068 0.034 0.002 0.035 22.469 0.011 22.475 24.155 0 24.15 24.039 0 24.033
0.061 0.006 0.067 0.032 0.004 0.036 22.599 0.014 22.608 24.177 0 24.173 24.089 0 24.083
0.065 0.004 0.068 0.033 0.003 0.036 22.873 0.022 22.891 24.681 0 24.676 24.533 0 24.528
0.064 0.004 0.068 0.034 0.002 0.035 22.317 0.013 22.325 24.056 0 24.051 23.956 0 23.95
0.065 0.007 0.072 0.033 0.003 0.036 22.49 0.00900000000000001 22.493 24.267 0 24.261 24.126 0 24.12
0.065 0.002 0.068 0.034 0.00199999999999999 0.036 22.824 0.011 22.829 24.271 0 24.266 24.144 0 24.138
0.064 0.003 0.068 0.034 0.002 0.035 22.653 0.011 22.66 24.332 0 24.328 24.226 0 24.219
0.064 0.004 0.069 0.033 0.003 0.035 22.903 0.017 22.915 24.594 0 24.589 24.452 0 24.448
0.065 0.002 0.067 0.033 0.003 0.036 22.235 0.018 22.248 24.044 0 24.04 23.926 0 23.92
0.063 0.006 0.069 0.032 0.004 0.035 22.627 0.009 22.63 24.307 0 24.302 24.142 0 24.137
0.0659999999999999 0.001 0.067 0.032 0.003 0.035 22.113 0.011 22.119 23.812 0 23.808 23.681 0 23.675
0.064 0.003 0.067 0.033 0.003 0.036 24.701 0.013 24.708 26.08 0 26.075 26.282 0 26.276
0.063 0.005 0.068 0.033 0.003 0.036 22.888 0.012 22.895 24.648 0 24.643 24.492 0 24.488
0.066 0.003 0.069 0.034 0.002 0.036 22.908 0.017 22.92 24.58 0 24.575 24.449 0 24.444
0.063 0.005 0.068 0.034 0.001 0.036 22.542 0.014 22.55 24.288 0 24.282 24 0 24.001
0.064 0.004 0.068 0.033 0.002 0.035 22.589 0.011 22.595 24.381 0 24.376 24.244 0 24.238
0.062 0.01 0.072 0.033 0.003 0.036 23.282 0.014 23.291 25.068 0 25.063 24.944 0 24.939
0.064 0.003 0.067 0.033 0.003 0.036 22.46 0.009 22.464 24.23 0 24.225 24.076 0 24.074
0.065 0.003 0.0669999999999999 0.034 0.001 0.036 22.285 0.014 22.294 24.107 0 24.102 23.956 0 23.95
0.062 0.005 0.067 0.032 0.004 0.036 22.706 0.014 22.715 24.226 0 24.221 23.93 0 23.924
0.068 0.003 0.071 0.034 0.002 0.036 22.988 0.015 22.998 24.577 0 24.58 24.014 0 24.013
0.069 0.004 0.2 0.033 0.002 0.036 23.367 0.00900000000000001 23.371 25.1 0.000999999999999987 25.204 25.007 0 25.029
0.061 0.007 0.0679999999999999 0.031 0.005 0.036 22.52 0.015 22.531 24.296 0 24.29 24.17 0 24.164
0.061 0.003 0.064 0.032 0.003 0.035 22.76 0.017 22.772 24.486 0 24.481 24.346 0 24.34
0.068 0.00199999999999999 0.112 0.031 0.005 0.0359999999999999 22.671 0.007 22.673 24.405 0 24.4 24.284 0 24.279
0.059 0.00600000000000001 0.064 0.032 0.00199999999999999 0.035 22.675 0.012 22.682 24.443 0 24.437 24.738 0 24.732
0.062 0.006 0.0690000000000001 0.034 0.001 0.0349999999999999 22.943 0.017 22.955 24.68 0 24.675 24.575 0 24.57
0.064 0.003 0.0679999999999999 0.033 0.003 0.035 22.52 0.008 22.523 24.231 0 24.228 24.147 0 24.14
0.063 0.003 0.104 0.031 0.004 0.035 22.271 0.00700000000000001 22.272 24.033 0 24.029 23.903 0 23.897
0.064 0.004 0.105 0.035 0.001 0.035 22.739 0.008 22.743 24.444 0 24.439 24.312 0 24.306
0.065 0.004 0.1 0.034 0.002 0.035 22.493 0.00700000000000001 22.495 24.095 0 24.101 23.549 0 23.55
0.067 0.001 0.068 0.036 0 0.036 22.752 0.014 22.761 24.439 0 24.434 24.322 0 24.316
0.057 0.006 0.064 0.035 0 0.034 23.422 0.01 23.428 25.244 0 25.237 25.118 0 25.114
0.065 0.003 0.067 0.035 0.001 0.036 22.253 0.013 22.262 24.055 0 24.05 23.901 0 23.895
0.062 0.007 0.068 0.034 0.001 0.035 22.733 0.013 22.74 24.448 0 24.444 24.297 0 24.292
0.061 0.007 0.068 0.032 0.004 0.036 22.886 0.014 22.894 24.682 0 24.677 24.575 0 24.57
0.062 0.006 0.068 0.033 0.003 0.036 22.51 0.017 22.52 24.205 0 24.202 24.113 0 24.107
0.063 0.004 0.068 0.033 0.003 0.035 22.772 0.012 22.778 24.593 0 24.588 24.43 0 24.423
0.064 0.004 0.0680000000000001 0.032 0.003 0.0349999999999999 23.502 0.01 23.506 25.211 0 25.207 25.339 0 25.332
0.062 0.005 0.066 0.03 0.005 0.035 22.631 0.016 22.641 24.348 0 24.344 24.238 0 24.231
0.067 0.001 0.069 0.034 0.00199999999999999 0.035 22.704 0.016 22.714 24.468 0 24.465 24.327 0 24.32
0.063 0.004 0.067 0.033 0.003 0.036 22.638 0.014 22.647 24.387 0 24.387 23.759 0 23.757
0.066 0.003 0.068 0.033 0.002 0.036 22.84 0.006 22.841 24.602 0 24.596 24.446 0 24.449
0.065 0.003 0.068 0.03 0.005 0.035 22.98 0.011 22.986 24.763 0.001 24.759 24.599 0 24.593
0.059 0.004 0.063 0.034 0 0.035 22.334 0.014 22.342 24.246 0 24.242 24.464 0 24.458
0.064 0.00600000000000001 0.1 0.031 0.004 0.0359999999999999 23.82 0.009 23.822 25.543 0 25.537 25.462 0 25.457
0.059 0.005 0.064 0.03 0.004 0.035 22.624 0.009 22.628 24.381 0 24.376 24.623 0 24.616
0.067 0.001 0.068 0.035 0.001 0.036 22.277 0.012 22.285 24.065 0 24.059 23.926 0.001 23.921
0.064 0.004 0.068 0.033 0.003 0.036 22.745 0.016 22.756 24.505 0 24.5 24.323 0 24.319
0.06 0.004 0.064 0.033 0.002 0.035 22.629 0.016 22.639 24.384 0 24.379 24.272 0 24.265
0.065 0.003 0.068 0.035 0.001 0.036 22.66 0.016 22.671 24.376 0 24.37 24.229 0 24.223
0.06 0.00600000000000001 0.067 0.034 0.000999999999999994 0.035 22.017 0.014 22.025 23.677 0 23.674 23.295 0 23.288
0.07 0.001 0.071 0.033 0.003 0.036 23.208 0.015 23.219 25.089 0 25.082 24.917 0 24.912
0.063 0.005 0.068 0.03 0.00600000000000001 0.036 22.723 0.015 22.733 24.392 0 24.387 24.297 0 24.291
0.061 0.003 0.063 0.033 0.000999999999999994 0.034 22.602 0.012 22.61 24.39 0 24.384 24.229 0 24.223
0.059 0.008 0.067 0.033 0.003 0.036 22.514 0.012 22.521 23.823 0 23.819 23.993 0 23.987
0.067 0.001 0.092 0.028 0.008 0.036 22.367 0.017 22.379 24.163 0 24.158 24.021 0 24.015
0.066 0.00599999999999999 0.107 0.033 0.003 0.036 23.436 0.013 23.443 25.104 0 25.128 24.954 0 24.949
0.066 0.004 0.117 0.029 0.00599999999999999 0.035 23.561 0.011 23.568 25.346 0 25.341 25.267 0 25.26
0.066 0.005 0.071 0.033 0.003 0.036 23.794 0.014 23.803 25.533 0 25.527 25.411 0 25.405
0.066 0.00199999999999999 0.0700000000000001 0.034 0.002 0.0359999999999999 22.719 0.017 22.731 24.532 0 24.526 24.397 0 24.391
0.066 0.002 0.069 0.033 0.003 0.035 22.409 0.013 22.417 23.931 0 23.927 23.742 0 23.736
0.067 0.002 0.151 0.036 0 0.0359999999999999 22.512 0.014 22.521 24.132 0 24.127 24.049 0 24.043
0.065 0.00700000000000001 0.158 0.031 0.00399999999999999 0.0349999999999999 22.336 0.00700000000000001 22.338 24.072 0.002 24.15 23.948 0 23.942
0.065 0.003 0.068 0.034 0.001 0.036 22.447 0.013 22.453 24.218 0 24.214 24.095 0 24.089
0.066 0.002 0.068 0.034 0.002 0.036 22.998 0.011 23.004 24.713 0 24.707 24.652 0 24.646
0.059 0.005 0.063 0.029 0.006 0.035 23.399 0.00900000000000001 23.403 25.205 0 25.2 25.04 0 25.035
0.064 0.004 0.068 0.034 0.001 0.035 22.971 0.007 22.974 24.362 0 24.356 24.207 0 24.201
0.062 0.00199999999999999 0.064 0.031 0.004 0.034 22.813 0.013 22.821 24.576 0 24.572 24.465 0 24.46
0.065 0.003 0.068 0.03 0.006 0.035 22.472 0.016 22.484 24.225 0 24.22 24.114 0.000999999999999987 24.11
0.063 0.00600000000000001 0.069 0.035 0.001 0.036 23.597 0.013 23.605 25.45 0 25.444 25.238 0 25.232
0.062 0.005 0.067 0.032 0.003 0.035 22.387 0.011 22.393 24.133 0 24.128 24.014 0 24.008
