0.059 0.006 0.064 0.034 0 0.035 22.951 0.01 22.956 24.962 0 24.956 24.786 0 24.78
0.06 0.007 0.067 0.035 0.001 0.035 22.708 0.012 22.716 24.462 0 24.457 24.23 0 24.224
0.063 0.007 0.07 0.034 0.002 0.036 22.628 0.015 22.639 24.38 0 24.374 24.289 0 24.283
0.063 0.004 0.067 0.032 0.004 0.035 22.853 0.009 22.857 24.665 0 24.661 24.522 0 24.517
0.064 0.004 0.067 0.032 0.003 0.0359999999999999 22.721 0.013 22.729 24.423 0 24.417 24.289 0 24.283
0.067 0.001 0.0670000000000001 0.033 0.00199999999999999 0.0349999999999999 22.392 0.01 22.398 24.136 0 24.13 24.015 0 24.009
0.066 0.001 0.067 0.029 0.007 0.036 22.415 0.014 22.424 24.165 0 24.16 24.027 0 24.022
0.059 0.005 0.065 0.033 0.002 0.035 22.905 0.016 22.915 24.652 0 24.646 24.521 0 24.516
0.064 0.004 0.0690000000000001 0.034 0.002 0.0349999999999999 24.529 0.009 24.533 25.869 0 25.862 26.095 0 26.09
0.068 0.004 0.072 0.032 0.004 0.036 22.435 0.016 22.446 24.201 0 24.196 24.076 0 24.07
0.062 0.006 0.068 0.031 0.005 0.035 22.915 0.016 22.926 24.766 0 24.762 24.601 0 24.595
0.066 0.003 0.069 0.034 0.002 0.035 22.609 0.016 22.62 24.432 0 24.428 24.319 0 24.313
0.063 0.005 0.068 0.032 0.004 0.036 22.781 0.014 22.789 24.549 0 24.545 24.387 0 24.38
0.064 0.004 0.068 0.035 0.001 0.036 22.756 0.013 22.764 24.48 0 24.475 24.35 0 24.344
0.062 0.006 0.068 0.034 0.002 0.035 22.781 0.013 22.789 24.537 0 24.531 24.426 0 24.421
0.064 0.004 0.068 0.033 0.003 0.036 23.009 0.01 23.015 24.72 0 24.714 24.607 0 24.602
0.063 0.006 0.068 0.035 0.001 0.036 22.69 0.01 22.696 24.433 0 24.428 24.287 0 24.28
0.066 0.002 0.068 0.032 0.004 0.0359999999999999 22.917 0.015 22.927 24.656 0 24.651 24.523 0 24.519
0.065 0.005 0.07 0.032 0.003 0.036 22.363 0.007 22.365 24.116 0 24.109 23.974 0 23.968
0.0669999999999999 0.004 0.071 0.031 0.005 0.036 22.535 0.014 22.544 24.313 0 24.308 24.177 0 24.17
0.066 0.002 0.068 0.032 0.003 0.035 22.499 0.007 22.501 24.238 0 24.233 24.111 0 24.105
0.063 0.006 0.069 0.034 0.002 0.036 23.662 0.024 23.68 25.415 0 25.409 25.388 0 25.383
0.061 0.007 0.069 0.035 0.001 0.035 23.015 0.02 23.03 24.8 0 24.795 24.675 0 24.669
0.063 0.005 0.068 0.035 0.001 0.036 22.512 0.014 22.521 24.332 0 24.328 24.212 0 24.205
0.059 0.004 0.062 0.032 0.002 0.035 21.779 0.008 21.781 23.737 0 23.732 23.811 0 23.806
0.063 0.005 0.069 0.035 0.001 0.035 22.818 0.01 22.823 24.538 0 24.533 24.391 0 24.384
0.063 0.00199999999999999 0.066 0.031 0.004 0.034 22.726 0.012 22.734 24.545 0 24.54 24.373 0 24.368
0.062 0.005 0.068 0.036 0 0.035 22.651 0.013 22.659 24.414 0 24.408 24.275 0 24.269
0.063 0.004 0.068 0.032 0.004 0.035 22.996 0.011 23.003 24.793 0 24.786 24.585 0 24.58
0.066 0.002 0.067 0.032 0.003 0.036 22.348 0.014 22.356 24.097 0 24.092 23.954 0 23.948
0.067 0.001 0.068 0.032 0.004 0.036 22.723 0.015 22.733 24.458 0 24.453 24.297 0 24.291
0.063 0.004 0.067 0.032 0.003 0.035 22.484 0.015 22.493 24.207 0 24.202 24.075 0 24.07
0.063 0.005 0.068 0.032 0.003 0.036 22.763 0.017 22.774 24.572 0 24.568 24.419 0 24.413
0.058 0.00899999999999999 0.068 0.033 0.003 0.035 22.203 0.011 22.21 23.981 0 23.975 23.831 0 23.825
0.06 0.007 0.067 0.032 0.004 0.036 22.643 0.01 22.648 24.373 0 24.368 24.222 0 24.215
0.062 0.005 0.0680000000000001 0.036 0 0.036 22.668 0.011 22.674 24.423 0 24.418 24.279 0 24.273
0.062 0.005 0.068 0.034 0.002 0.035 22.881 0.012 22.888 24.61 0 24.605 24.486 0 24.481
0.063 0.004 0.0670000000000001 0.035 0 0.0349999999999999 22.085 0.014 22.094 23.719 0 23.714 23.967 0 23.961
0.064 0.006 0.07 0.032 0.004 0.036 22.87 0.018 22.882 24.569 0 24.565 24.476 0 24.47
0.06 0.007 0.068 0.035 0.001 0.035 22.617 0.014 22.625 24.319 0 24.314 24.176 0 24.171
0.063 0.005 0.068 0.031 0.004 0.035 22.812 0.011 22.817 24.586 0 24.58 24.432 0 24.427
0.065 0.003 0.068 0.031 0.005 0.035 22.661 0.008 22.664 24.464 0 24.459 24.287 0 24.281
0.06 0.003 0.064 0.032 0.003 0.035 22.744 0.007 22.744 24.552 0 24.548 24.403 0 24.395
0.062 0.006 0.067 0.033 0.003 0.036 22.479 0.012 22.486 24.138 0 24.133 23.969 0 23.963
0.062 0.005 0.067 0.033 0.003 0.036 22.599 0.008 22.601 24.028 0 24.023 24.18 0 24.174
0.067 0.001 0.067 0.031 0.004 0.036 22.549 0.012 22.555 24.185 0 24.18 24.06 0 24.054
0.061 0.006 0.067 0.032 0.004 0.035 22.559 0.015 22.569 24.33 0 24.325 24.197 0 24.191
0.066 0.002 0.068 0.032 0.003 0.035 22.445 0.012 22.452 24.23 0 24.225 24.103 0 24.097
0.065 0.003 0.068 0.035 0.001 0.035 22.948 0.012 22.956 24.464 0 24.459 24.347 0 24.341
0.066 0.002 0.067 0.031 0.005 0.036 22.671 0.023 22.689 24.411 0 24.406 24.28 0 24.274
0.062 0.006 0.068 0.033 0.003 0.035 22.461 0.015 22.471 24.272 0 24.266 24.126 0 24.121
0.064 0.003 0.067 0.034 0.002 0.035 22.315 0.01 22.321 24.03 0 24.024 23.904 0 23.898
0.066 0.002 0.068 0.034 0.002 0.036 23.084 0.013 23.091 24.783 0 24.779 24.655 0 24.649
0.063 0.005 0.068 0.033 0.003 0.036 22.987 0.012 22.994 24.779 0 24.774 24.656 0 24.651
0.065 0.003 0.068 0.029 0.00600000000000001 0.035 22.523 0.021 22.538 24.286 0 24.281 24.127 0 24.121
0.064 0.004 0.0680000000000001 0.033 0.002 0.0359999999999999 22.977 0.016 22.987 24.833 0 24.828 24.694 0 24.689
0.064 0.002 0.067 0.035 0.001 0.035 22.241 0.014 22.25 23.763 0.001 23.759 23.863 0 23.857
0.062 0.006 0.068 0.031 0.004 0.036 22.673 0.014 22.682 24.366 0 24.36 24.277 0 24.27
0.061 0.00600000000000001 0.067 0.03 0.006 0.036 22.415 0.006 22.416 23.919 0 23.921 23.408 0 23.408
0.061 0.007 0.068 0.034 0.002 0.036 22.698 0.014 22.706 24.501 0 24.497 24.319 0 24.313
0.063 0.004 0.068 0.031 0.005 0.035 22.654 0.011 22.66 24.396 0 24.391 24.271 0 24.265
0.07 0.004 0.074 0.034 0.002 0.036 22.769 0.014 22.776 24.595 0 24.59 24.429 0 24.423
0.059 0.005 0.064 0.031 0.004 0.034 22.377 0.014 22.387 24.121 0 24.116 23.981 0 23.975
0.061 0.006 0.068 0.031 0.004 0.035 22.254 0.006 22.255 24.061 0 24.055 24.14 0 24.134
0.065 0.004 0.068 0.033 0.002 0.035 22.579 0.016 22.591 24.326 0 24.321 24.184 0 24.178
0.065 0.003 0.067 0.031 0.004 0.035 22.565 0.01 22.569 24.299 0 24.296 24.17 0 24.164
0.064 0.006 0.069 0.033 0.004 0.037 27.665 0.014 27.673 29.291 0 29.285 29.165 0 29.159
0.064 0.004 0.068 0.032 0.003 0.035 22.667 0.015 22.677 24.378 0 24.372 24.248 0 24.243
0.064 0.004 0.067 0.033 0.003 0.036 22.35 0.009 22.354 24.086 0 24.082 23.96 0 23.954
0.064 0.004 0.068 0.034 0.001 0.035 22.555 0.011 22.561 24.336 0 24.332 24.237 0 24.23
0.063 0.005 0.068 0.032 0.004 0.036 23.582 0.013 23.59 25.309 0 25.304 25.213 0 25.207
0.067 0.00199999999999999 0.069 0.034 0.002 0.036 22.761 0.016 22.771 24.342 0 24.337 24.016 0 24.01
0.067 0.00199999999999999 0.069 0.034 0.002 0.036 22.514 0.014 22.523 24.223 0 24.218 24.095 0 24.089
0.061 0.003 0.064 0.032 0.003 0.035 22.787 0.009 22.791 24.575 0 24.57 24.433 0 24.427
0.064 0.005 0.07 0.033 0.003 0.035 22.786 0.016 22.798 24.502 0.001 24.498 24.361 0 24.354
0.063 0.004 0.068 0.033 0.003 0.036 22.946 0.011 22.951 24.641 0 24.635 24.54 0 24.535
0.065 0.003 0.068 0.033 0.003 0.036 23.439 0.013 23.448 25.234 0 25.227 25.143 0 25.138
0.064 0.005 0.068 0.034 0.001 0.036 23.004 0.011 23.008 24.665 0 24.661 24.597 0 24.592
0.065 0.002 0.067 0.032 0.003 0.035 22.362 0.017 22.374 24.103 0 24.098 23.981 0 23.976
0.063 0.005 0.067 0.031 0.004 0.036 22.554 0.007 22.555 24.295 0 24.29 24.216 0 24.209
0.057 0.007 0.064 0.032 0.003 0.035 22.486 0.009 22.49 24.503 0 24.498 24.355 0 24.348
0.065 0.003 0.068 0.035 0.001 0.036 23.71 0.011 23.715 25.267 0 25.261 25.003 0 24.999
0.063 0.004 0.067 0.034 0.001 0.036 22.943 0.011 22.947 24.71 0 24.705 24.56 0 24.555
0.064 0.005 0.069 0.031 0.004 0.035 23.03 0.011 23.037 24.656 0 24.65 24.547 0 24.541
0.055 0.007 0.063 0.032 0.003 0.034 22.679 0.014 22.687 24.408 0 24.403 24.28 0 24.274
0.064 0.004 0.068 0.036 0 0.036 22.604 0.016 22.615 24.363 0 24.358 24.276 0 24.27
0.06 0.003 0.063 0.032 0.002 0.034 22.8 0.013 22.809 24.518 0 24.512 24.354 0 24.349
0.066 0.00199999999999999 0.068 0.034 0.002 0.036 23.019 0.013 23.026 24.77 0 24.765 24.697 0 24.692
0.061 0.00600000000000001 0.067 0.029 0.006 0.035 22.477 0.009 22.482 24.204 0 24.199 24.098 0 24.091
0.062 0.003 0.064 0.032 0.003 0.035 23.614 0.014 23.623 25.484 0 25.479 25.492 0 25.486
0.064 0.00600000000000001 0.07 0.035 0.000999999999999994 0.037 22.467 0.017 22.478 24.318 0 24.313 24.161 0 24.154
0.063 0.004 0.067 0.032 0.004 0.036 22.728 0.011 22.734 24.459 0 24.454 24.349 0 24.343
0.063 0.005 0.069 0.033 0.003 0.035 22.93 0.013 22.938 24.736 0 24.732 24.635 0 24.63
0.062 0.006 0.068 0.035 0.001 0.035 23.663 0.00900000000000001 23.667 25.278 0 25.272 25.116 0 25.11
0.064 0.004 0.068 0.033 0.002 0.036 22.962 0.018 22.975 24.764 0 24.758 24.662 0 24.658
0.063 0.005 0.068 0.031 0.005 0.035 22.929 0.014 22.938 24.724 0 24.719 24.62 0 24.614
0.064 0.004 0.068 0.031 0.004 0.035 22.364 0.016 22.374 24.109 0 24.104 23.96 0 23.955
0.066 0.002 0.068 0.032 0.004 0.036 22.618 0.014 22.628 24.321 0 24.315 24.1 0 24.097
0.061 0.006 0.067 0.032 0.004 0.035 22.451 0.009 22.455 24.24 0 24.235 24.129 0.001 24.124
0.061 0.00600000000000001 0.067 0.033 0.003 0.036 22.634 0.005 22.634 24.399 0 24.394 24.243 0 24.237
0.056 0.008 0.063 0.033 0.001 0.034 21.946 0.013 21.964 23.833 0.000999999999999994 23.828 24.088 0 24.082
0.06 0.004 0.063 0.034 0 0.035 22.933 0.016 22.943 24.687 0 24.682 24.584 0 24.578
0.064 0.004 0.068 0.031 0.005 0.036 22.692 0.013 22.7 24.46 0.001 24.456 24.319 0 24.313
0.065 0.003 0.068 0.032 0.003 0.035 22.393 0.011 22.399 24.191 0 24.185 24.029 0 24.023
0.066 0.001 0.067 0.034 0.002 0.036 22.732 0.012 22.738 24.479 0 24.474 24.343 0 24.337
0.062 0.005 0.0679999999999999 0.033 0.003 0.035 22.422 0.007 22.425 24.208 0 24.202 24.039 0.001 24.034
0.066 0.003 0.069 0.03 0.006 0.036 23.564 0.016 23.575 25.378 0 25.372 25.19 0 25.185
0.061 0.007 0.068 0.031 0.005 0.036 22.632 0.012 22.639 24.367 0 24.362 24.239 0 24.233
0.063 0.005 0.068 0.035 0.001 0.036 22.559 0.011 22.565 24.349 0 24.343 24.202 0 24.197
0.066 0.001 0.067 0.034 0.002 0.036 22.931 0.015 22.94 24.389 0.001 24.385 24.519 0 24.513
0.06 0.007 0.067 0.034 0.001 0.036 22.804 0.009 22.807 24.495 0 24.49 24.34 0 24.334
0.066 0.003 0.068 0.029 0.006 0.036 22.363 0.015 22.372 24.111 0 24.107 23.981 0 23.975
0.062 0.006 0.0690000000000001 0.033 0.003 0.0359999999999999 22.79 0.016 22.8 24.549 0 24.545 24.458 0 24.452
0.063 0.004 0.067 0.033 0.002 0.036 22.453 0.015 22.462 24.247 0.001 24.243 24.112 0 24.107
0.065 0.003 0.068 0.03 0.006 0.035 22.325 0.018 22.338 24.077 0 24.072 23.937 0 23.932
0.066 0.003 0.067 0.031 0.004 0.036 22.352 0.01 22.357 24.181 0 24.176 23.967 0 23.966
0.059 0.008 0.068 0.033 0.003 0.035 22.473 0.011 22.479 24.231 0 24.227 24.082 0 24.077
0.064 0.004 0.0680000000000001 0.033 0.003 0.0359999999999999 23.581 0.013 23.589 25.366 0 25.359 25.19 0 25.185
0.064 0.003 0.068 0.03 0.006 0.036 22.601 0.013 22.607 24.436 0 24.432 24.299 0 24.292
0.089 0.005 0.095 0.048 0.001 0.049 30.441 0.016 30.492 32.954 0 32.993 32.798 0.001 32.838
0.088 0.007 0.0950000000000001 0.044 0.005 0.0489999999999999 30.864 0.015 30.916 33.287 0 33.328 33.113 0 33.152
0.062 0.005 0.068 0.03 0.005 0.035 22.238 0.017 22.25 23.719 0 23.714 23.573 0 23.567
0.065 0.003 0.0679999999999999 0.036 0 0.035 23.176 0.011 23.182 24.921 0 24.916 24.797 0 24.791
0.065 0.003 0.068 0.036 0 0.036 23.578 0.01 23.583 25.133 0 25.135 24.518 0 24.526
0.062 0.00600000000000001 0.067 0.034 0.00199999999999999 0.036 22.566 0.013 22.575 24.216 0 24.212 24.124 0 24.118
0.063 0.005 0.069 0.035 0.001 0.035 22.687 0.009 22.691 24.43 0 24.426 24.299 0 24.292
0.062 0.001 0.064 0.031 0.004 0.035 23.269 0.016 23.279 25.085 0 25.081 24.95 0 24.945
0.063 0.004 0.067 0.035 0.001 0.036 22.537 0.018 22.55 24.253 0 24.248 24.164 0 24.158
0.066 0.002 0.067 0.035 0.001 0.036 22.54 0.012 22.547 24.299 0 24.295 24.215 0 24.209
0.06 0.003 0.064 0.034 0.000999999999999994 0.035 23.472 0.012 23.478 25.107 0 25.11 24.508 0 24.512
0.062 0.005 0.067 0.033 0.002 0.035 22.145 0.015 22.155 23.907 0 23.902 23.574 0 23.575
0.067 0.002 0.068 0.031 0.005 0.036 23.055 0.016 23.067 24.691 0 24.686 24.555 0 24.55
0.064 0.005 0.07 0.036 0 0.035 22.639 0.014 22.648 24.384 0.001 24.38 24.271 0 24.266
0.066 0.00199999999999999 0.068 0.032 0.004 0.035 22.302 0.012 22.31 24.109 0 24.103 23.973 0 23.967
0.062 0.00600000000000001 0.068 0.032 0.004 0.036 22.328 0.012 22.335 24.099 0 24.094 23.959 0 23.953
0.068 0.003 0.071 0.032 0.004 0.035 22.781 0.016 22.793 24.501 0 24.496 24.406 0 24.4
0.058 0.01 0.068 0.035 0.001 0.036 23.056 0.012 23.063 24.755 0 24.75 24.709 0 24.704
0.062 0.006 0.068 0.033 0.003 0.036 22.766 0.00899999999999999 22.77 24.505 0 24.501 24.384 0 24.377
0.064 0.004 0.067 0.034 0.001 0.036 22.478 0.013 22.485 24.254 0 24.249 24.144 0 24.139
0.058 0.005 0.063 0.033 0.001 0.035 23.611 0.015 23.62 25.402 0 25.396 25.375 0 25.37
0.06 0.009 0.068 0.032 0.003 0.036 23.367 0.015 23.376 25.162 0.001 25.157 25.097 0 25.092
0.064 0.004 0.067 0.034 0.002 0.036 22.412 0.017 22.424 24.185 0 24.18 24.045 0 24.039
0.063 0.005 0.068 0.032 0.003 0.036 22.643 0.013 22.65 24.479 0.001 24.476 24.339 0 24.333
0.094 0.001 0.0950000000000001 0.047 0.001 0.0489999999999999 31.021 0.02 31.077 33.509 0 33.548 33.327 0 33.367
0.089 0.00599999999999999 0.0950000000000001 0.046 0.003 0.0489999999999999 30.876 0.013 30.925 33.379 0 33.42 33.201 0 33.241
0.062 0.006 0.069 0.031 0.005 0.035 22.879 0.00800000000000001 22.882 24.621 0 24.615 24.5 0 24.495
0.059 0.00899999999999999 0.068 0.033 0.003 0.036 22.851 0.014 22.86 24.617 0 24.612 24.48 0 24.475
0.062 0.005 0.067 0.034 0.002 0.036 22.637 0.008 22.64 24.237 0 24.238 23.696 0 23.695
0.056 0.008 0.064 0.034 0.001 0.034 22.625 0.011 22.631 24.372 0 24.367 24.242 0 24.236
0.067 0.004 0.07 0.034 0.001 0.036 22.522 0.017 22.533 24.289 0 24.284 24.152 0 24.147
0.064 0.003 0.067 0.035 0 0.035 22.617 0.011 22.622 24.427 0 24.422 24.248 0 24.243
0.063 0.005 0.068 0.034 0.001 0.036 22.367 0.019 22.381 24.087 0 24.082 23.976 0 23.97
0.065 0.003 0.068 0.035 0.001 0.036 22.873 0.009 22.877 24.64 0 24.635 24.518 0 24.513
0.065 0.003 0.068 0.035 0.001 0.035 23.451 0.018 23.464 25.341 0 25.336 25.212 0 25.207
0.065 0.002 0.067 0.034 0.000999999999999994 0.035 22.592 0.01 22.596 24.333 0 24.328 24.245 0 24.24
0.066 0.002 0.068 0.034 0.002 0.036 22.701 0.014 22.709 24.439 0 24.433 24.296 0 24.291
0.064 0.003 0.067 0.032 0.003 0.035 22.233 0.008 22.236 23.983 0 23.978 23.85 0 23.844
0.067 0.006 0.073 0.038 0.001 0.039 27.905 0.015 27.914 29.544 0.002 29.54 29.432 0 29.425
0.064 0.004 0.067 0.033 0.002 0.036 22.713 0.019 22.727 24.555 0 24.549 24.392 0 24.386
0.064 0.003 0.067 0.034 0.001 0.035 22.272 0.019 22.287 24.052 0 24.047 23.908 0 23.901
0.065 0.002 0.067 0.031 0.005 0.036 22.459 0.019 22.472 24.293 0.000999999999999987 24.288 24.13 0 24.125
0.065 0.003 0.068 0.034 0.002 0.036 22.238 0.01 22.243 24.071 0.001 24.067 23.946 0 23.94
0.063 0.005 0.068 0.034 0.002 0.036 22.805 0.024 22.837 24.613 0.018 24.633 24.465 0.00800000000000001 24.483
0.066 0.002 0.068 0.034 0.000999999999999994 0.036 22.839 0.019 22.852 24.564 0 24.558 24.438 0 24.432
0.061 0.006 0.068 0.032 0.004 0.035 22.501 0.016 22.512 24.236 0 24.231 24.103 0 24.098
0.066 0.005 0.072 0.035 0.001 0.036 22.699 0.00900000000000001 22.703 24.469 0 24.464 24.358 0 24.352
0.063 0.004 0.067 0.029 0.007 0.035 22.479 0.007 22.481 24.199 0.001 24.194 24.09 0 24.086
0.061 0.00600000000000001 0.066 0.031 0.004 0.036 22.545 0.007 22.546 24.309 0 24.303 24.189 0 24.185
0.066 0.001 0.069 0.034 0.002 0.036 22.669 0.018 22.68 24.351 0 24.348 24.213 0 24.206
0.066 0.003 0.069 0.035 0 0.035 22.931 0.011 22.937 24.717 0 24.711 24.547 0 24.542
0.064 0.004 0.067 0.033 0.002 0.036 22.659 0.012 22.665 24.489 0 24.483 24.327 0 24.321
0.066 0.00199999999999999 0.068 0.031 0.005 0.036 22.618 0.008 22.621 24.351 0 24.345 24.203 0 24.201
0.065 0.003 0.067 0.034 0.001 0.036 22.408 0.00800000000000001 22.411 24.153 0 24.147 24.003 0 23.997
0.066 0.003 0.069 0.03 0.005 0.036 24.657 0.01 24.66 26.371 0 26.367 26.324 0 26.318
0.063 0.001 0.064 0.033 0.001 0.035 22.61 0.009 22.614 24.473 0 24.467 24.35 0 24.344
0.06 0.005 0.065 0.033 0.00199999999999999 0.035 23.698 0.012 23.704 25.294 0 25.289 25.194 0 25.189
0.091 0.005 0.0960000000000001 0.0429999999999999 0.005 0.0479999999999999 30.648 0.017 30.7 33.089 0 33.128 32.873 0 32.913
0.068 0.003 0.071 0.031 0.004 0.035 22.372 0.016 22.383 23.972 0 23.967 23.834 0 23.828
0.061 0.007 0.068 0.033 0.003 0.036 22.66 0.015 22.67 24.462 0.001 24.458 23.995 0 23.997
0.061 0.006 0.067 0.031 0.004 0.035 22.558 0.012 22.565 24.306 0 24.3 24.184 0.002 24.181
0.063 0.004 0.067 0.034 0.002 0.036 22.389 0.011 22.395 24.131 0 24.126 23.982 0 23.976
0.065 0.003 0.068 0.034 0.002 0.035 22.814 0.015 22.825 24.653 0 24.647 24.484 0 24.479
0.063 0.005 0.068 0.035 0.001 0.036 23 0.011 23.005 24.801 0 24.796 24.663 0 24.657
0.0659999999999999 0.004 0.07 0.036 0 0.036 24.744 0.013 24.751 26.439 0 26.433 26.397 0 26.392
0.066 0.000999999999999994 0.068 0.033 0.003 0.036 22.528 0.017 22.539 24.266 0 24.262 24.126 0 24.12
0.066 0.002 0.068 0.032 0.003 0.036 22.686 0.019 22.699 24.453 0 24.447 24.288 0 24.282
0.064 0.006 0.069 0.033 0.003 0.036 22.807 0.013 22.815 24.641 0 24.635 24.469 0 24.464
0.064 0.003 0.068 0.031 0.005 0.036 22.992 0.01 22.997 24.826 0 24.819 24.686 0 24.681
0.064 0.007 0.071 0.033 0.003 0.036 22.665 0.016 22.676 24.446 0 24.441 24.406 0.003 24.405
0.061 0.007 0.067 0.033 0.002 0.036 22.27 0.007 22.272 24 0 23.994 23.869 0.002 23.869
0.066 0.002 0.068 0.032 0.003 0.035 22.484 0.01 22.489 24.238 0 24.233 24.11 0 24.104
0.063 0.005 0.068 0.029 0.006 0.035 22.668 0.015 22.678 24.385 0 24.38 24.285 0 24.279
0.062 0.006 0.068 0.034 0.001 0.036 22.761 0.013 22.768 24.517 0 24.512 24.407 0 24.4
0.063 0.005 0.068 0.029 0.00600000000000001 0.036 22.444 0.011 22.45 24.214 0.001 24.21 24.073 0 24.066
0.065 0.003 0.068 0.032 0.003 0.036 24.635 0.00899999999999999 24.638 26.415 0 26.409 26.118 0 26.111
0.066 0.00199999999999999 0.068 0.034 0.002 0.036 22.863 0.011 22.867 24.615 0 24.61 24.486 0 24.481
0.066 0.002 0.068 0.034 0.002 0.036 23.065 0.00899999999999999 23.068 24.77 0 24.765 24.63 0 24.624
0.065 0.003 0.068 0.033 0.003 0.036 23.046 0.015 23.056 24.755 0 24.749 24.687 0 24.683
0.067 0.002 0.069 0.031 0.005 0.036 23.691 0.017 23.703 25.4 0 25.394 25.262 0 25.258
0.064 0.004 0.067 0.032 0.003 0.036 22.432 0.01 22.436 24.235 0 24.229 24.122 0 24.117
0.06 0.008 0.069 0.033 0.003 0.035 23.043 0.013 23.051 24.801 0 24.795 24.599 0 24.593
0.082 0.012 0.0940000000000001 0.045 0.00399999999999999 0.0489999999999999 30.324 0.013 30.373 32.807 0 32.846 32.617 0 32.655
0.063 0.005 0.067 0.033 0.003 0.036 22.377 0.018 22.39 24.169 0 24.165 24.039 0 24.032
0.056 0.006 0.063 0.033 0.003 0.036 22.221 0.008 22.223 23.954 0 23.95 23.844 0 23.837
0.063 0.005 0.068 0.034 0.002 0.036 23.586 0.003 23.583 25.331 0 25.326 25.229 0 25.223
0.061 0.00600000000000001 0.067 0.033 0.00199999999999999 0.036 22.556 0.007 22.558 24.27 0 24.264 24.123 0 24.116
0.064 0.004 0.069 0.034 0.002 0.036 23.05 0.012 23.057 24.76 0 24.755 24.675 0 24.669
0.06 0.003 0.063 0.033 0.002 0.035 22.5 0.012 22.507 24.299 0 24.294 24.164 0 24.158
0.061 0.006 0.068 0.034 0.002 0.036 22.594 0.012 22.601 24.471 0 24.465 24.363 0 24.358
0.065 0.002 0.067 0.035 0.001 0.036 22.706 0.019 22.72 24.495 0 24.49 24.368 0 24.362
0.065 0.004 0.069 0.033 0.003 0.036 22.89 0.008 22.891 24.597 0.001 24.593 24.453 0 24.447
0.065 0.003 0.068 0.035 0 0.036 22.546 0.013 22.553 24.272 0 24.266 24.183 0 24.178
0.066 0.001 0.068 0.032 0.004 0.035 23.586 0.018 23.598 25.191 0 25.186 25.019 0 25.013
0.065 0.003 0.068 0.034 0.002 0.036 22.71 0.01 22.714 24.47 0 24.465 24.318 0 24.311
0.06 0.008 0.067 0.036 0 0.036 22.967 0.015 22.977 24.761 0 24.756 24.623 0 24.618
0.063 0.005 0.068 0.032 0.003 0.035 22.638 0.013 22.645 24.39 0 24.385 24.268 0 24.262
0.063 0.005 0.067 0.034 0.001 0.036 22.558 0.009 22.564 24.32 0 24.318 24.17 0 24.166
0.064 0.004 0.068 0.034 0.002 0.036 23.029 0.018 23.042 24.774 0 24.769 24.609 0 24.604
0.06 0.00700000000000001 0.067 0.033 0.00199999999999999 0.036 22.397 0.02 22.411 24.106 0 24.101 23.98 0 23.975
0.063 0.004 0.068 0.034 0.002 0.035 22.662 0.015 22.673 24.416 0 24.41 24.267 0 24.261
0.064 0.005 0.069 0.031 0.004 0.035 24.687 0.016 24.697 26.496 0 26.49 26.409 0 26.403
0.061 0.007 0.067 0.033 0.002 0.036 22.508 0.014 22.515 24.209 0 24.205 24.083 0 24.077
0.063 0.004 0.068 0.033 0.003 0.036 22.367 0.016 22.377 24.126 0 24.121 24.015 0 24.009
0.061 0.006 0.068 0.033 0.003 0.035 22.762 0.017 22.774 24.478 0 24.474 24.393 0 24.387
0.065 0.003 0.068 0.035 0.001 0.036 22.84 0.015 22.85 24.676 0.001 24.671 24.52 0 24.515
0.057 0.007 0.064 0.034 0.001 0.034 22.431 0.017 22.443 24.205 0 24.201 24.07 0 24.064
0.063 0.005 0.068 0.036 0 0.036 22.671 0.012 22.679 24.423 0 24.417 24.305 0 24.299
0.065 0.003 0.068 0.034 0.002 0.036 22.782 0.008 22.785 24.586 0 24.581 24.462 0 24.455
0.053 0.011 0.063 0.032 0.002 0.034 22.402 0.009 22.406 24.138 0 24.134 24.014 0 24.008
0.064 0.003 0.067 0.033 0.003 0.035 22.582 0.008 22.586 24.339 0 24.334 24.218 0 24.212
0.086 0.00600000000000001 0.0930000000000001 0.049 0 0.0479999999999999 30.421 0.017 30.474 32.896 0 32.934 32.713 0 32.753
0.064 0.005 0.069 0.034 0.00199999999999999 0.036 22.481 0.005 22.482 24.27 0 24.264 24.147 0 24.141
0.062 0.005 0.066 0.034 0.001 0.036 22.341 0.015 22.35 24.111 0 24.105 23.981 0 23.975
0.065 0.003 0.068 0.03 0.005 0.036 22.515 0.014 22.524 24.312 0 24.306 24.174 0 24.168
0.06 0.003 0.063 0.031 0.003 0.034 22.552 0.012 22.559 24.299 0 24.295 24.175 0 24.168
0.057 0.009 0.067 0.029 0.006 0.035 22.034 0.016 22.045 23.802 0 23.797 23.649 0 23.643
0.061 0.002 0.063 0.034 0.001 0.035 22.539 0.012 22.545 24.275 0.001 24.271 24.135 0 24.129
0.065 0.003 0.068 0.036 0 0.036 22.34 0.016 22.351 24.106 0 24.102 23.971 0 23.964
0.065 0.005 0.07 0.035 0.001 0.035 22.645 0.012 22.652 24.364 0 24.359 24.2 0 24.195
0.062 0.00600000000000001 0.068 0.031 0.005 0.035 22.319 0.01 22.325 24.1 0 24.094 24.003 0 23.997
0.064 0.004 0.068 0.034 0.002 0.036 22.762 0.021 22.827 24.598 0.03 24.67 24.398 0.00900000000000001 24.407
0.068 0 0.068 0.032 0.004 0.036 22.844 0.015 22.854 24.648 0 24.642 24.515 0 24.51
0.068 0.00199999999999999 0.069 0.036 0 0.037 22.859 0.017 22.87 24.637 0 24.631 24.535 0 24.531
0.065 0.003 0.068 0.031 0.004 0.036 22.802 0.013 22.809 24.462 0 24.457 24.371 0 24.366
0.061 0.009 0.071 0.036 0 0.036 22.526 0.015 22.544 24.285 0.039 24.325 24.154 0.00799999999999999 24.176
0.064 0.004 0.067 0.032 0.003 0.036 23.458 0.012 23.465 25.221 0.000999999999999994 25.216 25.101 0 25.095
0.061 0.003 0.064 0.029 0.006 0.035 22.583 0.014 22.592 24.389 0 24.384 24.262 0 24.256
0.063 0.005 0.068 0.034 0.001 0.035 23.486 0.00900000000000001 23.49 25.245 0 25.239 25.134 0 25.129
0.063 0.005 0.067 0.034 0.002 0.036 22.577 0.007 22.579 24.303 0 24.298 24.185 0 24.179
0.064 0.003 0.068 0.034 0.002 0.035 22.384 0.015 22.395 24.159 0 24.154 24.006 0 24
0.062 0.006 0.067 0.029 0.00600000000000001 0.035 22.264 0.011 22.27 24.008 0 24.003 23.857 0 23.851
0.064 0.005 0.069 0.032 0.003 0.036 22.666 0.009 22.67 24.408 0 24.403 24.294 0 24.287
0.065 0.002 0.067 0.032 0.004 0.036 22.733 0.01 22.738 24.505 0 24.5 24.372 0 24.366
0.066 0.004 0.07 0.032 0.004 0.035 23.079 0.016 23.09 24.784 0 24.78 24.649 0 24.642
0.06 0.007 0.067 0.033 0.003 0.036 22.241 0.013 22.249 24.035 0 24.03 23.887 0 23.881
0.063 0.005 0.067 0.032 0.003 0.036 22.935 0.012 22.941 24.637 0 24.633 24.484 0.001 24.479
0.064 0.003 0.067 0.034 0.001 0.036 22.908 0.016 22.917 24.497 0 24.492 24.292 0 24.286
0.066 0.002 0.068 0.031 0.006 0.036 22.578 0.012 22.585 24.327 0 24.323 24.195 0 24.188
0.064 0.003 0.067 0.032 0.004 0.035 22.615 0.012 22.623 24.351 0 24.345 24.255 0 24.25
0.064 0.004 0.068 0.036 0 0.036 23.04 0.016 23.051 24.736 0 24.731 24.63 0 24.624
0.065 0.003 0.068 0.034 0.002 0.036 22.726 0.013 22.734 24.569 0 24.563 24.412 0 24.406
0.062 0.00600000000000001 0.067 0.035 0.000999999999999994 0.037 22.347 0.00900000000000001 22.35 24.089 0 24.084 23.956 0 23.949
0.089 0.00599999999999999 0.0950000000000001 0.046 0.002 0.0489999999999999 30.67 0.02 30.725 33.097 0 33.136 32.892 0 32.931
0.06 0.007 0.067 0.035 0.001 0.036 22.803 0.016 22.813 24.537 0 24.532 24.368 0 24.362
0.066 0.003 0.069 0.032 0.003 0.035 22.436 0.011 22.442 24.223 0 24.218 24.085 0 24.079
0.066 0.002 0.068 0.035 0.001 0.035 22.834 0.01 22.839 24.595 0 24.591 24.444 0 24.44
0.063 0.004 0.068 0.033 0.003 0.035 22.441 0.013 22.45 24.2 0 24.194 24.092 0 24.086
0.06 0.009 0.069 0.032 0.004 0.036 22.79 0.008 22.793 24.484 0 24.48 24.355 0 24.348
0.063 0.005 0.0680000000000001 0.034 0.002 0.0359999999999999 22.449 0.019 22.462 24.045 0 24.04 23.925 0 23.919
0.064 0.004 0.067 0.034 0.001 0.036 22.885 0.012 22.892 24.676 0 24.671 24.582 0 24.576
0.059 0.004 0.064 0.03 0.005 0.035 22.902 0.013 22.91 24.724 0 24.718 24.576 0 24.571
0.061 0.007 0.0679999999999999 0.035 0.001 0.035 22.308 0.017 22.321 24.037 0 24.032 23.885 0 23.879
0.067 0.005 0.072 0.038 0.001 0.039 27.579 0.013 27.585 29.268 0 29.262 29.132 0 29.126
0.065 0.003 0.068 0.034 0.002 0.036 22.404 0.018 22.417 24.3 0 24.294 24.135 0 24.13
0.063 0.004 0.067 0.032 0.004 0.036 22.824 0.014 22.833 24.608 0 24.603 24.441 0.001 24.437
0.058 0.007 0.066 0.035 0.001 0.036 22.713 0.017 22.725 24.453 0 24.448 24.296 0 24.289
0.066 0.001 0.067 0.033 0.002 0.035 22.325 0.015 22.335 24.098 0 24.093 23.969 0 23.963
0.067 0 0.067 0.034 0.00199999999999999 0.036 22.543 0.016 22.553 24.251 0 24.247 24.158 0 24.152
0.065 0.00199999999999999 0.067 0.032 0.003 0.035 22.449 0.017 22.461 24.034 0 24.029 23.911 0 23.904
0.065 0.003 0.0679999999999999 0.034 0.002 0.036 22.683 0.008 22.686 24.457 0 24.452 24.322 0 24.315
0.06 0.004 0.063 0.028 0.006 0.035 22.694 0.012 22.701 24.405 0 24.398 24.315 0 24.31
0.067 0.001 0.068 0.031 0.004 0.035 22.434 0.015 22.444 24.19 0 24.184 23.731 0 23.736
0.062 0.006 0.067 0.032 0.003 0.036 22.447 0.00900000000000001 22.451 24.172 0 24.167 24.045 0.001 24.04
0.065 0.002 0.068 0.036 0 0.036 22.705 0.008 22.706 24.473 0.001 24.469 24.389 0 24.384
0.065 0.003 0.069 0.035 0.001 0.035 22.621 0.012 22.628 24.351 0 24.345 24.221 0 24.216
0.061 0.007 0.068 0.035 0.001 0.035 22.84 0.009 22.845 24.625 0 24.618 24.489 0 24.484
0.066 0.002 0.068 0.035 0.001 0.036 22.993 0.015 23.002 24.824 0 24.819 24.67 0 24.665
0.064 0.005 0.069 0.029 0.00600000000000001 0.035 22.628 0.008 22.631 24.366 0.002 24.365 24.204 0 24.198
0.066 0.004 0.07 0.033 0.003 0.036 22.608 0.012 22.616 24.336 0.001 24.334 24.157 0 24.151
0.061 0.007 0.067 0.033 0.002 0.036 22.554 0.013 22.562 24.269 0 24.263 24.17 0 24.165
0.059 0.004 0.064 0.029 0.005 0.034 22.503 0.011 22.509 24.223 0 24.217 24.111 0 24.106
0.06 0.004 0.063 0.031 0.003 0.035 22.594 0.014 22.602 24.385 0 24.38 24.26 0 24.253
0.065 0.003 0.068 0.031 0.005 0.036 22.695 0.011 22.701 24.5 0 24.495 24.402 0 24.396
0.089 0.005 0.0950000000000001 0.048 0.001 0.0489999999999999 30.919 0.018 30.973 33.543 0 33.582 33.31 0 33.35
0.065 0.003 0.068 0.032 0.003 0.036 22.835 0.008 22.837 24.576 0 24.571 24.474 0 24.469
0.063 0.005 0.068 0.032 0.004 0.036 22.591 0.014 22.599 24.402 0 24.397 24.324 0 24.319
0.065 0.005 0.07 0.032 0.004 0.036 23.063 0.015 23.073 24.702 0 24.697 24.549 0 24.543
0.063 0.004 0.067 0.03 0.006 0.036 22.438 0.01 22.443 24.101 0 24.096 24.011 0 24.004
0.064 0.004 0.068 0.032 0.004 0.036 22.462 0.016 22.473 24.207 0 24.202 24.073 0 24.068
0.064 0.004 0.068 0.033 0.003 0.036 22.802 0.013 22.81 24.613 0.001 24.609 24.452 0 24.448
0.066 0.002 0.067 0.029 0.006 0.036 22.394 0.015 22.403 24.22 0 24.215 24.102 0 24.096
0.064 0.003 0.068 0.035 0.001 0.035 22.493 0.008 22.496 24.255 0 24.25 24.119 0 24.113
0.067 0.001 0.068 0.035 0.000999999999999994 0.035 22.997 0.013 23.006 24.826 0 24.821 24.676 0 24.669
0.062 0.001 0.063 0.031 0.004 0.034 22.571 0.014 22.579 24.314 0.001 24.311 24.159 0 24.153
0.064 0.004 0.068 0.033 0.002 0.035 22.018 0.016 22.039 23.498 0 23.503 23.175 0 23.171
0.063 0.003 0.066 0.034 0.002 0.036 22.591 0.011 22.597 24.422 0 24.417 24.006 0 24.007
0.064 0.004 0.068 0.032 0.003 0.036 22.752 0.014 22.761 24.47 0 24.466 24.372 0 24.365
0.061 0.006 0.068 0.032 0.004 0.035 23.449 0.00800000000000001 23.453 25.253 0 25.246 25.118 0 25.113
0.065 0.003 0.068 0.033 0.003 0.036 23.062 0.015 23.072 24.873 0 24.868 24.727 0 24.721
0.067 0.00199999999999999 0.068 0.031 0.005 0.035 22.467 0.013 22.476 24.198 0 24.193 24.066 0 24.06
0.064 0.007 0.072 0.032 0.004 0.036 22.68 0.014 22.689 24.264 0 24.258 24.116 0 24.11
0.065 0.003 0.068 0.033 0.003 0.036 23.032 0.014 23.042 24.778 0 24.773 24.648 0 24.642
0.063 0.005 0.068 0.029 0.006 0.036 22.398 0.016 22.409 24.175 0.001 24.171 24.026 0 24.024
0.062 0.005 0.0669999999999999 0.034 0.00199999999999999 0.036 22.445 0.014 22.454 24.16 0 24.155 24.046 0.001 24.041
0.062 0.005 0.068 0.034 0.002 0.035 22.828 0.017 22.839 24.593 0 24.589 24.431 0 24.426
0.065 0.004 0.069 0.033 0.00199999999999999 0.035 23.014 0.012 23.021 24.685 0 24.68 24.529 0 24.524
0.07 0.002 0.072 0.034 0.005 0.04 27.701 0.011 27.713 28.776 0 28.78 28.088 0.001 28.087
0.063 0.005 0.067 0.03 0.005 0.036 22.515 0.011 22.52 24.314 0.001 24.31 24.101 0 24.098
0.07 0.002 0.072 0.036 0.001 0.037 22.663 0.014 22.676 24.481 0 24.481 24.318 0 24.316
0.07 0.001 0.071 0.033 0.002 0.035 22.673 0.013 22.681 24.371 0 24.366 24.258 0 24.252
0.056 0.007 0.063 0.03 0.004 0.034 22.365 0.011 22.371 23.935 0 23.93 23.797 0 23.793
0.061 0.007 0.067 0.032 0.003 0.036 22.844 0.011 22.849 24.572 0 24.567 24.418 0 24.411
0.064 0.005 0.068 0.034 0.002 0.035 22.557 0.012 22.565 24.259 0 24.254 24.119 0 24.113
0.062 0.006 0.068 0.034 0.002 0.036 23.568 0.011 23.573 25.398 0 25.393 25.212 0 25.208
0.061 0.007 0.068 0.033 0.002 0.035 22.442 0.015 22.452 24.185 0 24.179 24.039 0 24.034
0.065 0.004 0.068 0.035 0 0.035 22.692 0.017 22.704 24.175 0 24.171 24.381 0 24.374
0.059 0.004 0.063 0.033 0.002 0.034 22.073 0.012 22.08 23.924 0 23.919 23.754 0 23.748
0.062 0.006 0.068 0.033 0.002 0.035 22.585 0.012 22.592 24.346 0 24.341 24.249 0 24.243
0.066 0.00199999999999999 0.068 0.034 0.002 0.036 22.994 0.018 23.007 24.667 0.001 24.664 24.049 0 24.052
0.067 0.003 0.07 0.033 0.002 0.035 22.33 0.013 22.343 23.588 0 23.589 23.166 0 23.168
0.064 0.005 0.068 0.034 0.003 0.037 22.855 0.015 22.866 24.583 0 24.577 24.225 0 24.228
0.06 0.008 0.068 0.032 0.004 0.036 22.689 0.011 22.695 24.492 0 24.486 24.352 0 24.346
0.061 0.00700000000000001 0.068 0.031 0.005 0.036 22.945 0.013 22.952 24.755 0 24.75 24.599 0 24.594
0.062 0.008 0.07 0.032 0.004 0.036 22.703 0.015 22.713 24.44 0 24.435 24.262 0 24.256
0.061 0.007 0.068 0.032 0.003 0.036 23.068 0.016 23.077 24.818 0 24.813 24.652 0 24.647
0.061 0.006 0.068 0.035 0.001 0.035 22.372 0.008 22.374 24.139 0 24.135 23.985 0 23.98
0.065 0.003 0.069 0.035 0.000999999999999994 0.036 22.664 0.009 22.668 24.419 0 24.413 24.273 0 24.268
0.063 0.004 0.068 0.033 0.003 0.036 22.648 0.006 22.649 24.447 0 24.442 24.331 0 24.325
0.059 0.005 0.064 0.031 0.003 0.034 22.75 0.016 22.761 24.476 0 24.471 24.344 0 24.338
0.061 0.00199999999999999 0.064 0.034 0.001 0.034 22.267 0.015 22.276 23.927 0 23.932 23.57 0 23.576
0.062 0.005 0.068 0.03 0.00600000000000001 0.035 22.486 0.017 22.498 24.216 0 24.211 24.114 0 24.108
0.061 0.00199999999999999 0.064 0.031 0.004 0.034 22.971 0.015 22.981 24.686 0.000999999999999987 24.683 24.76 0 24.754
0.064 0.003 0.067 0.033 0.002 0.035 22.391 0.014 22.4 24.126 0 24.121 23.98 0 23.974
0.062 0.007 0.069 0.031 0.004 0.035 22.904 0.013 22.912 24.628 0 24.623 24.548 0 24.543
0.064 0.003 0.067 0.033 0.003 0.036 22.429 0.01 22.434 24.249 0 24.244 24.104 0 24.099
0.0679999999999999 0 0.068 0.035 0.000999999999999994 0.036 22.388 0.024 22.406 24.159 0 24.154 24.04 0 24.034
0.065 0.004 0.068 0.032 0.004 0.036 22.751 0.015 22.762 24.488 0 24.483 24.362 0 24.356
0.063 0.005 0.069 0.034 0.00199999999999999 0.036 22.762 0.017 22.773 24.642 0 24.637 24.527 0 24.52
0.062 0.005 0.067 0.034 0.002 0.035 22.568 0.009 22.572 24.316 0 24.311 24.186 0 24.179
0.062 0.005 0.068 0.032 0.004 0.035 23.035 0.016 23.046 24.847 0 24.841 24.729 0 24.724
0.059 0.009 0.068 0.031 0.005 0.036 22.501 0.013 22.516 23.708 0 23.709 23.318 0 23.324
0.061 0.006 0.068 0.033 0.003 0.035 22.747 0.012 22.753 24.564 0 24.559 24.397 0 24.391
0.066 0.001 0.068 0.034 0.002 0.035 21.769 0.012 21.787 23.339 0 23.343 23.169 0 23.167
0.066 0.005 0.07 0.035 0.001 0.036 22.807 0.011 22.814 24.86 0.001 24.857 24.333 0 24.332
0.068 0.002 0.069 0.033 0.00199999999999999 0.036 22.615 0.012 22.622 24.373 0.001 24.369 24.254 0.001 24.249
0.061 0.008 0.068 0.034 0.002 0.037 23.848 0.015 23.858 25.616 0 25.61 25.528 0 25.522
0.065 0.003 0.068 0.033 0.003 0.035 22.674 0.015 22.689 23.946 0 23.95 23.602 0 23.602
0.065 0.003 0.067 0.033 0.003 0.036 22.605 0.00900000000000001 22.608 24.311 0 24.307 24.203 0 24.197
0.058 0.005 0.064 0.033 0.00199999999999999 0.034 22.687 0.013 22.695 24.476 0 24.471 24.231 0 24.234
0.063 0.005 0.068 0.03 0.00600000000000001 0.036 22.759 0.01 22.764 24.464 0.002 24.462 24.352 0 24.345
0.062 0.005 0.068 0.036 0 0.035 22.446 0.012 22.453 24.212 0 24.207 24.086 0 24.081
0.064 0.004 0.067 0.028 0.00700000000000001 0.036 22.292 0.007 22.294 23.89 0 23.892 23.042 0 23.042
0.064 0.004 0.068 0.029 0.007 0.036 23.043 0.011 23.048 24.74 0.001 24.736 24.62 0 24.614
0.065 0.002 0.068 0.034 0.001 0.035 22.475 0.016 22.485 24.233 0 24.228 24.135 0 24.129
0.063 0.00600000000000001 0.068 0.034 0.000999999999999994 0.036 23.206 0.013 23.212 24.939 0 24.935 24.835 0 24.831
0.063 0.005 0.068 0.034 0.002 0.036 22.583 0.013 22.592 24.38 0 24.373 24.263 0 24.257
0.061 0.006 0.067 0.034 0.001 0.035 22.398 0.009 22.402 24.126 0 24.121 24.011 0 24.006
0.063 0.003 0.066 0.034 0.001 0.035 23.673 0.017 23.683 25.286 0 25.282 25.128 0 25.121
0.062 0.005 0.067 0.035 0.001 0.035 22.966 0.015 22.975 24.59 0 24.586 24.452 0 24.446
0.065 0.005 0.07 0.034 0.002 0.036 23.07 0.00899999999999999 23.074 24.899 0 24.894 24.731 0 24.726
0.062 0.006 0.068 0.034 0.002 0.036 22.661 0.01 22.664 24.417 0 24.413 24.299 0 24.293
0.067 0.002 0.068 0.033 0.003 0.036 22.822 0.016 22.833 24.562 0 24.557 24.431 0 24.425
0.052 0.011 0.063 0.031 0.003 0.034 22.413 0.011 22.419 24.243 0 24.238 24.499 0 24.493
0.059 0.009 0.068 0.032 0.003 0.035 23.46 0.016 23.471 25.217 0 25.212 25.224 0 25.218
0.056 0.008 0.064 0.033 0.001 0.034 22.601 0.013 22.609 24.515 0 24.51 24.363 0 24.357
0.067 0 0.067 0.033 0.003 0.036 22.556 0.015 22.566 24.283 0 24.279 24.058 0 24.051
0.063 0.005 0.068 0.03 0.005 0.035 22.186 0.02 22.201 23.933 0 23.928 23.795 0 23.79
0.065 0.005 0.07 0.034 0.001 0.035 22.482 0.014 22.491 24.222 0 24.217 24.096 0 24.09
0.065 0.003 0.069 0.032 0.003 0.035 22.746 0.009 22.748 24.577 0 24.573 24.422 0 24.416
0.067 0.000999999999999994 0.067 0.034 0.001 0.035 22.257 0.01 22.262 23.705 0 23.7 23.891 0 23.885
0.067 0.001 0.068 0.036 0 0.035 23.651 0.011 23.657 25.315 0 25.309 25.199 0 25.193
0.064 0.003 0.067 0.035 0.001 0.036 22.985 0.014 22.994 24.849 0 24.843 24.67 0 24.665
0.06 0.007 0.067 0.033 0.003 0.036 23.605 0.01 23.608 25.266 0 25.262 25.149 0 25.144
0.065 0.00199999999999999 0.067 0.031 0.004 0.036 22.365 0.015 22.374 24.166 0 24.161 24.029 0 24.024
0.06 0.007 0.067 0.036 0 0.035 22.5 0.015 22.51 24.194 0 24.189 24.09 0 24.084
0.063 0.006 0.068 0.034 0.002 0.036 22.538 0.00600000000000001 22.539 24.283 0 24.278 24.111 0 24.104
0.063 0.005 0.068 0.029 0.006 0.035 22.327 0.01 22.332 24.069 0 24.064 23.929 0 23.922
0.066 0.005 0.071 0.039 0 0.039 27.589 0.005 27.588 29.257 0 29.249 29.11 0 29.104
0.063 0.005 0.068 0.031 0.005 0.035 22.412 0.01 22.418 24.192 0 24.187 23.838 0 23.841
0.063 0.004 0.067 0.03 0.006 0.036 22.724 0.013 22.732 24.441 0 24.436 24.269 0 24.263
0.062 0.00600000000000001 0.069 0.031 0.005 0.036 22.747 0.011 22.751 24.557 0 24.552 24.434 0 24.429
0.065 0.003 0.068 0.034 0.002 0.035 23.068 0.016 23.079 24.864 0 24.859 24.665 0 24.66
0.066 0.003 0.067 0.031 0.004 0.036 22.449 0.013 22.457 24.185 0 24.179 24.059 0 24.052
0.066 0.00199999999999999 0.067 0.031 0.005 0.036 23.026 0.012 23.033 24.464 0 24.459 24.629 0 24.623
0.063 0.00600000000000001 0.069 0.034 0.00199999999999999 0.036 22.704 0.016 22.715 24.416 0 24.412 24.298 0 24.291
0.062 0.00600000000000001 0.068 0.034 0.002 0.036 23.496 0.014 23.505 25.366 0 25.36 25.33 0 25.325
0.063 0.005 0.068 0.032 0.003 0.035 22.316 0.019 22.33 24.125 0 24.12 24.017 0 24.011
0.063 0.004 0.067 0.033 0.002 0.036 22.302 0.013 22.309 23.831 0 23.827 23.944 0 23.938
0.063 0.001 0.064 0.032 0.002 0.034 22.898 0.01 22.902 24.705 0 24.7 24.608 0 24.603
0.065 0.003 0.068 0.034 0.002 0.036 22.783 0.008 22.786 24.548 0 24.543 24.424 0 24.418
0.067 0.002 0.0690000000000001 0.035 0 0.0359999999999999 22.469 0.014 22.477 24.21 0 24.205 24.067 0 24.061
0.066 0.004 0.07 0.035 0.001 0.036 22.864 0.013 22.872 24.498 0 24.493 24.358 0 24.352
0.062 0.003 0.065 0.035 0.001 0.035 22.283 0.009 22.297 23.64 0 23.642 23.263 0 23.268
0.062 0.002 0.0630000000000001 0.034 0.001 0.0349999999999999 22.403 0.012 22.41 24.177 0 24.173 23.935 0 23.938
0.056 0.00600000000000001 0.062 0.03 0.004 0.034 21.871 0.014 21.88 23.629 0 23.623 23.72 0 23.715
0.063 0.004 0.067 0.033 0.004 0.035 22.146 0.007 22.148 23.676 0 23.672 23.847 0 23.842
0.067 0.007 0.073 0.031 0.004 0.036 22.558 0.013 22.566 24.375 0 24.369 24.248 0 24.242
0.064 0.005 0.069 0.033 0.002 0.036 23.532 0.012 23.538 25.227 0 25.221 25.234 0 25.228
0.065 0.003 0.068 0.035 0.001 0.036 23.506 0.00899999999999999 23.51 25.254 0 25.248 25.066 0 25.062
0.063 0.004 0.067 0.033 0.003 0.036 22.565 0.015 22.575 24.327 0 24.322 24.228 0 24.223
0.065 0.004 0.069 0.033 0.003 0.035 22.662 0.011 22.669 24.381 0 24.376 24.245 0 24.239
0.065 0.002 0.067 0.03 0.005 0.036 22.517 0.011 22.522 24.265 0 24.261 24.122 0 24.115
0.066 0.002 0.068 0.034 0.002 0.036 22.578 0.014 22.586 24.329 0 24.324 24.196 0 24.19
0.062 0.005 0.068 0.035 0.001 0.035 22.21 0.013 22.218 23.959 0 23.954 23.834 0 23.828
0.065 0.003 0.067 0.033 0.00199999999999999 0.036 22.267 0.015 22.276 24.081 0 24.077 23.937 0 23.931
0.067 0.001 0.068 0.033 0.003 0.036 22.641 0.00799999999999999 22.644 24.214 0 24.208 24.495 0 24.489
0.067 0.001 0.068 0.031 0.004 0.035 22.782 0.015 22.792 24.575 0 24.569 24.419 0 24.413
0.059 0.00899999999999999 0.068 0.032 0.004 0.035 22.585 0.015 22.596 24.326 0 24.32 24.232 0 24.226
0.065 0.003 0.068 0.035 0.001 0.036 23.013 0.013 23.02 24.837 0 24.832 24.714 0 24.708
0.066 0.003 0.068 0.032 0.003 0.036 23.751 0.016 23.761 25.376 0 25.37 25.236 0 25.23
0.062 0.005 0.067 0.033 0.00199999999999999 0.035 22.334 0.009 22.338 23.955 0 23.95 24.058 0 24.052
0.063 0.004 0.067 0.033 0.003 0.036 22.351 0.016 22.362 24.132 0 24.126 24.018 0 24.012
0.064 0.004 0.068 0.035 0.001 0.035 22.699 0.011 22.705 24.575 0 24.57 24.455 0 24.449
0.065 0.003 0.068 0.034 0.002 0.036 22.635 0.01 22.64 24.207 0.000999999999999994 24.214 23.585 0 23.59
0.059 0.008 0.067 0.034 0.001 0.035 22.552 0.011 22.558 24.285 0 24.28 24.158 0 24.152
0.061 0.00600000000000001 0.067 0.031 0.005 0.036 22.415 0.012 22.422 24.178 0 24.173 24.043 0 24.037
0.057 0.01 0.068 0.034 0.002 0.035 22.323 0.018 22.337 24.129 0 24.123 23.973 0 23.967
0.064 0.003 0.068 0.035 0 0.035 22.375 0.018 22.387 23.876 0 23.872 23.695 0 23.689
0.066 0.000999999999999994 0.067 0.036 0 0.036 22.54 0.008 22.542 24.29 0 24.285 24.127 0 24.121
0.0669999999999999 0.001 0.068 0.032 0.004 0.036 22.646 0.014 22.655 24.409 0 24.402 24.271 0 24.265
0.062 0.005 0.067 0.033 0.002 0.036 22.622 0.011 22.626 24.361 0 24.356 24.254 0 24.248
0.063 0.004 0.067 0.031 0.004 0.036 22.538 0.011 22.543 24.318 0 24.312 24.171 0 24.165
0.065 0.002 0.067 0.033 0.00199999999999999 0.036 22.195 0.014 22.203 24.056 0 24.051 23.918 0 23.912
0.065 0.003 0.068 0.034 0.001 0.036 22.625 0.013 22.632 24.467 0 24.461 24.311 0 24.305
0.065 0.003 0.068 0.029 0.006 0.036 22.727 0.016 22.737 24.414 0 24.409 24.336 0 24.331
0.06 0.007 0.068 0.033 0.003 0.035 23.025 0.013 23.033 24.565 0 24.56 24.67 0 24.665
0.065 0.004 0.067 0.033 0.003 0.036 22.42 0.014 22.43 24.065 0 24.066 23.481 0 23.485
0.062 0.00199999999999999 0.064 0.033 0.002 0.035 23.437 0.016 23.447 25.375 0 25.37 25.285 0 25.28
0.066 0.00199999999999999 0.068 0.032 0.004 0.036 22.729 0.011 22.735 24.507 0 24.502 24.239 0 24.232
0.064 0.00600000000000001 0.07 0.032 0.004 0.036 22.528 0.00899999999999999 22.53 24.3 0 24.296 24.172 0 24.165
0.062 0.005 0.067 0.032 0.004 0.036 22.45 0.014 22.46 24.163 0 24.157 24.045 0 24.039
0.062 0.005 0.067 0.031 0.005 0.036 22.686 0.016 22.697 24.415 0 24.408 24.299 0 24.294
0.059 0.00600000000000001 0.065 0.029 0.005 0.034 22.961 0.012 22.968 24.796 0 24.791 24.686 0 24.681
0.065 0.00199999999999999 0.067 0.034 0.002 0.036 22.4 0.015 22.409 23.839 0 23.835 24.016 0 24.01
0.065 0.004 0.069 0.034 0.001 0.036 22.686 0.013 22.693 24.437 0 24.433 24.338 0 24.331
0.059 0.004 0.062 0.031 0.003 0.035 22.169 0.012 22.175 23.966 0 23.961 23.836 0 23.829
0.063 0.006 0.069 0.033 0.002 0.035 23.609 0.011 23.614 24.841 0 24.85 24.466 0 24.473
0.066 0.002 0.068 0.033 0.002 0.036 23.46 0.009 23.463 25.177 0 25.171 25.144 0 25.139
0.061 0.007 0.0669999999999999 0.032 0.003 0.036 22.561 0.015 22.571 24.328 0 24.323 24.202 0 24.196
0.06 0.005 0.065 0.03 0.005 0.034 22.916 0.014 22.933 24.281 0 24.281 23.89 0 23.892
0.065 0.003 0.068 0.033 0.003 0.036 22.703 0.011 22.709 24.454 0 24.448 24.329 0 24.323
0.061 0.006 0.067 0.029 0.00700000000000001 0.035 22.333 0.00799999999999999 22.336 24.111 0 24.106 23.987 0 23.981
0.064 0.003 0.067 0.032 0.004 0.035 22.638 0.016 22.65 24.357 0 24.351 24.256 0 24.251
0.065 0.003 0.068 0.03 0.005 0.036 22.679 0.011 22.684 24.341 0 24.336 24.218 0 24.212
0.062 0.005 0.067 0.034 0.002 0.036 22.432 0.017 22.444 24.144 0 24.139 24.028 0 24.022
0.066 0.003 0.069 0.033 0.003 0.036 23.624 0.00899999999999999 23.627 25.324 0 25.318 25.308 0 25.303
0.062 0.002 0.064 0.033 0.002 0.035 22.523 0.012 22.53 24.392 0 24.387 24.272 0 24.271
0.064 0.003 0.067 0.032 0.004 0.036 22.488 0.011 22.494 24.315 0 24.31 24.214 0.000999999999999994 24.208
0.066 0.003 0.069 0.033 0.003 0.036 24.849 0.00799999999999999 24.851 26.474 0 26.468 26.415 0 26.41
0.066 0.002 0.067 0.034 0.001 0.036 22.5 0.017 22.512 24.255 0 24.25 24.145 0 24.139
0.065 0.003 0.067 0.029 0.006 0.036 22.246 0.017 22.258 23.968 0 23.963 23.822 0 23.816
0.065 0.00199999999999999 0.066 0.032 0.003 0.036 22.49 0.011 22.496 24.266 0 24.26 24.137 0 24.131
0.059 0.005 0.064 0.032 0.003 0.035 22.459 0.011 22.464 24.16 0 24.161 23.569 0 23.57
0.064 0.005 0.068 0.033 0.00199999999999999 0.036 22.72 0.013 22.727 24.501 0 24.496 24.064 0 24.067
0.065 0.003 0.068 0.031 0.004 0.035 22.52 0.018 22.543 23.841 0.001 23.845 23.465 0 23.466
0.059 0.004 0.063 0.032 0.003 0.035 22.376 0.015 22.386 24.251 0 24.246 24.436 0 24.43
0.062 0.006 0.068 0.034 0.002 0.036 23.273 0.015 23.282 24.968 0 24.962 24.862 0 24.856
0.065 0.003 0.068 0.033 0.003 0.036 22.861 0.014 22.871 24.551 0 24.546 24.464 0 24.458
0.064 0.003 0.067 0.031 0.004 0.035 22.39 0.011 22.395 24.158 0 24.153 24.003 0 23.997
0.061 0.007 0.068 0.032 0.003 0.035 22.462 0.017 22.474 24.153 0 24.148 24.012 0 24.006
0.061 0.007 0.067 0.031 0.004 0.036 22.964 0.017 22.975 24.691 0 24.687 24.61 0 24.606
0.063 0.005 0.068 0.034 0.002 0.036 22.53 0.015 22.547 23.893 0.001 23.897 23.583 0 23.581
0.061 0.008 0.069 0.033 0.002 0.035 22.66 0.016 22.67 24.429 0 24.424 24.361 0 24.354
0.061 0.006 0.068 0.032 0.003 0.035 22.489 0.01 22.493 24.225 0 24.221 24.113 0 24.107
0.058 0.005 0.063 0.03 0.004 0.034 21.946 0.014 21.955 23.793 0 23.788 23.817 0 23.811
0.062 0.005 0.067 0.034 0.00199999999999999 0.035 22.389 0.013 22.398 24.18 0 24.175 24.032 0 24.025
0.061 0.003 0.063 0.033 0.002 0.035 22.331 0.016 22.342 24.061 0 24.057 23.913 0 23.907
0.064 0.005 0.068 0.031 0.004 0.036 22.973 0.013 22.981 24.721 0 24.715 24.616 0 24.612
0.067 0.001 0.067 0.035 0 0.036 22.336 0.016 22.346 24.123 0 24.118 23.965 0 23.959
0.061 0.006 0.067 0.034 0.001 0.036 22.509 0.009 22.512 23.977 0 23.972 24.202 0 24.196
0.063 0.005 0.068 0.033 0.002 0.035 22.59 0.00600000000000001 22.591 24.289 0 24.284 24.165 0 24.159
0.062 0.007 0.069 0.032 0.003 0.035 22.742 0.014 22.751 24.483 0 24.478 24.382 0 24.375
0.064 0.004 0.068 0.035 0 0.035 22.581 0.016 22.592 24.397 0 24.392 24.268 0 24.262
0.064 0.004 0.068 0.031 0.004 0.035 22.774 0.019 22.788 24.595 0 24.591 24.454 0 24.451
0.063 0.004 0.068 0.035 0.001 0.035 22.942 0.013 22.95 24.815 0 24.811 24.627 0 24.621
0.061 0.006 0.067 0.032 0.004 0.035 22.54 0.014 22.55 24.313 0 24.308 24.181 0 24.175
0.064 0.003 0.067 0.032 0.004 0.036 22.497 0.011 22.503 24.247 0 24.243 24.104 0 24.098
0.061 0.008 0.068 0.031 0.004 0.035 22.859 0.00600000000000001 22.86 24.553 0 24.549 24.428 0 24.421
0.064 0.003 0.067 0.034 0.002 0.035 22.373 0.01 22.379 24.19 0 24.185 24.079 0 24.073
0.064 0.003 0.068 0.033 0.003 0.036 22.748 0.011 22.753 24.537 0 24.533 24.401 0 24.395
0.063 0.005 0.068 0.035 0 0.035 22.5 0.015 22.509 24.116 0 24.112 24.367 0.001 24.361
0.063 0.005 0.068 0.036 0 0.036 23.156 0.012 23.163 24.857 0 24.851 24.752 0 24.748
0.063 0.004 0.068 0.033 0.003 0.035 22.567 0.014 22.576 23.986 0 23.981 23.966 0 23.961
0.063 0.005 0.068 0.032 0.004 0.036 22.615 0.014 22.623 24.373 0 24.368 24.225 0 24.219
0.065 0.002 0.067 0.031 0.005 0.036 22.477 0.00700000000000001 22.479 24.24 0 24.235 24.104 0 24.099
0.064 0.003 0.068 0.033 0.003 0.036 22.436 0.015 22.446 24.243 0 24.238 24.097 0 24.091
0.064 0.004 0.068 0.035 0 0.035 22.641 0.016 22.65 24.428 0 24.424 24.298 0 24.291
0.065 0.002 0.067 0.035 0 0.036 22.426 0.015 22.436 24.259 0 24.254 24.095 0 24.089
0.064 0.004 0.068 0.03 0.005 0.036 22.701 0.012 22.707 24.057 0 24.053 23.907 0 23.9
0.063 0.004 0.067 0.035 0.001 0.036 22.39 0.019 22.403 24.143 0 24.138 24.012 0 24.006
0.063 0.004 0.068 0.035 0.001 0.035 22.577 0.009 22.581 24.342 0 24.337 24.193 0 24.186
0.059 0.008 0.068 0.032 0.004 0.035 22.556 0.015 22.565 24.284 0 24.28 24.179 0 24.172
0.063 0.005 0.068 0.034 0.002 0.036 23.005 0.012 23.01 24.814 0.001 24.811 24.692 0 24.687
0.058 0.009 0.068 0.032 0.004 0.035 22.478 0.016 22.489 24.274 0 24.269 24.141 0 24.135
0.063 0.005 0.067 0.033 0.002 0.035 22.215 0.01 22.221 24.215 0 24.21 24.147 0 24.141
0.062 0.00600000000000001 0.068 0.034 0.00199999999999999 0.036 22.658 0.008 22.661 24.424 0 24.417 24.302 0 24.297
0.062 0.009 0.071 0.033 0.002 0.035 23.107 0.00799999999999999 23.109 24.769 0 24.765 24.626 0 24.621
0.062 0.006 0.067 0.033 0.00199999999999999 0.035 22.475 0.00900000000000001 22.479 24.242 0 24.237 24.142 0 24.136
0.057 0.006 0.063 0.034 0.001 0.035 22.682 0.013 22.691 24.422 0 24.416 24.296 0 24.291
0.066 0.00199999999999999 0.067 0.032 0.003 0.036 22.439 0.013 22.446 24.215 0 24.211 24.078 0 24.072
0.063 0.006 0.068 0.036 0 0.036 22.504 0.013 22.513 24.579 0 24.574 24.488 0 24.481
0.065 0.004 0.068 0.034 0.001 0.036 22.887 0.018 22.9 24.698 0 24.692 24.606 0 24.601
0.059 0.008 0.067 0.033 0.002 0.035 22.402 0.011 22.409 24.119 0 24.113 23.694 0 23.689
0.063 0.004 0.067 0.033 0.002 0.035 22.146 0.012 22.152 23.919 0 23.914 23.784 0 23.778
0.061 0.002 0.064 0.035 0 0.034 22.668 0.016 22.68 24.148 0 24.149 23.642 0 23.648
0.059 0.004 0.063 0.031 0.003 0.035 22.38 0.007 22.381 24.172 0 24.167 24.059 0 24.054
0.064 0.004 0.068 0.035 0 0.035 22.56 0.013 22.568 24.311 0 24.306 24.217 0 24.211
0.066 0.002 0.068 0.035 0.001 0.036 23.479 0.01 23.482 25.116 0 25.111 24.96 0 24.955
0.065 0.003 0.069 0.034 0.00199999999999999 0.035 23.061 0.02 23.075 24.809 0 24.804 24.794 0 24.789
0.064 0.003 0.067 0.034 0.002 0.036 22.409 0.016 22.422 24.194 0 24.192 24.05 0 24.047
0.063 0.00600000000000001 0.069 0.035 0.000999999999999994 0.036 23.692 0.01 23.697 25.351 0 25.345 25.297 0 25.292
0.057 0.00600000000000001 0.064 0.032 0.00199999999999999 0.034 22.904 0.01 22.91 24.577 0 24.571 24.468 0 24.463
0.061 0.007 0.069 0.035 0.000999999999999994 0.036 23.688 0.016 23.698 25.406 0 25.4 25.312 0 25.307
0.065 0.002 0.067 0.032 0.003 0.036 22.483 0.032 22.523 24.168 0.005 24.177 24.063 0.00399999999999999 24.069
0.062 0.001 0.064 0.033 0.00199999999999999 0.035 22.73 0.009 22.733 24.626 0 24.621 24.48 0 24.474
0.065 0.003 0.069 0.034 0.002 0.036 23.51 0.009 23.513 25.114 0 25.108 24.919 0 24.915
0.06 0.01 0.069 0.032 0.004 0.036 23.041 0.00800000000000001 23.043 24.758 0 24.754 24.591 0 24.586
0.068 0.003 0.071 0.035 0 0.036 24.698 0.014 24.706 26.372 0 26.366 26.248 0 26.242
0.062 0.005 0.068 0.032 0.004 0.035 22.564 0.00899999999999999 22.568 24.346 0 24.341 24.229 0 24.223
0.06 0.009 0.069 0.032 0.003 0.036 24.673 0.016 24.681 26.441 0 26.436 26.39 0 26.384
0.065 0.003 0.068 0.033 0.003 0.036 23.318 0.015 23.327 24.974 0 24.969 24.837 0 24.832
0.06 0.008 0.068 0.031 0.004 0.035 22.62 0.015 22.628 24.409 0 24.404 24.26 0 24.254
0.065 0.003 0.068 0.031 0.005 0.035 22.424 0.014 22.434 24.193 0 24.188 24.051 0 24.045
0.056 0.011 0.068 0.034 0.002 0.035 22.432 0.016 22.443 24.226 0 24.222 24.087 0 24.08
0.062 0.006 0.068 0.035 0.001 0.036 22.632 0.014 22.641 24.333 0 24.328 24.232 0 24.225
0.06 0.007 0.067 0.032 0.004 0.036 22.36 0.015 22.37 24.117 0 24.112 23.972 0 23.966
0.061 0.001 0.063 0.028 0.006 0.034 21.999 0.017 22.01 23.877 0 23.873 23.895 0 23.889
0.063 0.004 0.067 0.031 0.005 0.035 22.386 0.016 22.398 24.004 0 24.008 23.43 0 23.43
0.063 0.005 0.068 0.032 0.003 0.035 22.453 0.015 22.463 24.258 0 24.253 24.125 0 24.119
0.06 0.008 0.068 0.035 0.001 0.036 23.138 0.012 23.143 24.835 0 24.831 24.737 0 24.732
0.066 0.001 0.067 0.033 0.003 0.036 22.584 0.011 22.591 24.336 0.001 24.331 24.212 0 24.206
0.058 0.005 0.063 0.033 0.00199999999999999 0.034 22.377 0.00900000000000001 22.382 24.131 0 24.126 23.979 0 23.972
0.09 0.00700000000000001 0.0970000000000001 0.044 0.00499999999999999 0.0489999999999999 33.715 0.017 33.772 36.134 0 36.176 35.982 0 36.025
0.06 0.008 0.068 0.032 0.004 0.036 22.709 0.013 22.717 24.583 0 24.578 24.417 0 24.41
0.06 0.005 0.065 0.031 0.005 0.036 22.618 0.013 22.625 24.422 0 24.417 24.297 0 24.29
0.056 0.008 0.063 0.035 0 0.035 23.431 0.017 23.442 25.141 0 25.136 25.099 0 25.093
0.065 0.003 0.068 0.033 0.003 0.036 22.5 0.012 22.506 24.253 0 24.248 24.12 0 24.114
0.064 0.004 0.068 0.031 0.004 0.036 22.465 0.013 22.472 24.261 0 24.256 24.147 0 24.142
0.064 0.004 0.068 0.032 0.003 0.035 22.599 0.01 22.603 24.424 0 24.419 24.31 0 24.304
0.066 0.002 0.068 0.035 0 0.035 22.224 0.009 22.228 24.062 0 24.057 23.915 0 23.909
0.066 0.00199999999999999 0.068 0.03 0.005 0.035 22.403 0.013 22.41 24.032 0 24.027 24.259 0 24.254
0.054 0.009 0.063 0.034 0.00199999999999999 0.035 22.46 0.011 22.466 24.21 0 24.206 24.089 0 24.083
0.065 0.003 0.068 0.033 0.003 0.035 23.494 0.011 23.5 25.264 0 25.258 25.192 0 25.187
0.063 0.005 0.068 0.035 0.001 0.035 22.868 0.011 22.875 24.569 0 24.564 24.437 0 24.432
0.064 0.003 0.067 0.034 0.001 0.036 22.727 0.013 22.733 24.495 0 24.49 24.383 0 24.378
0.063 0.005 0.068 0.031 0.005 0.036 22.787 0.015 22.796 24.525 0 24.52 24.401 0 24.395
0.066 0.003 0.069 0.034 0.002 0.036 22.806 0.013 22.815 24.592 0 24.585 24.454 0 24.449
0.065 0.003 0.0679999999999999 0.035 0.001 0.036 22.711 0.018 22.723 24.423 0 24.417 24.285 0 24.28
0.061 0.006 0.067 0.032 0.003 0.035 22.218 0.017 22.228 24.005 0 24.001 23.854 0 23.848
0.066 0.002 0.068 0.034 0.002 0.035 23.049 0.019 23.063 24.808 0 24.803 24.675 0 24.67
0.063 0.004 0.067 0.035 0.001 0.036 22.371 0.016 22.382 23.758 0 23.753 23.803 0 23.797
0.065 0.002 0.067 0.035 0 0.035 22.002 0.011 22.01 23.802 0 23.801 23.68 0.001 23.677
0.061 0.007 0.067 0.034 0.001 0.036 22.315 0.018 22.327 23.861 0 23.866 23.288 0 23.295
0.063 0.005 0.068 0.03 0.005 0.035 22.642 0.022 22.659 24.33 0 24.325 24.231 0 24.224
0.061 0.00600000000000001 0.068 0.034 0.00199999999999999 0.036 22.278 0.00800000000000001 22.281 24.062 0 24.056 23.915 0 23.911
0.06 0.003 0.063 0.034 0.001 0.035 22.6 0.011 22.605 24.452 0 24.447 24.295 0 24.289
0.059 0.008 0.067 0.032 0.004 0.036 22.664 0.014 22.673 24.396 0 24.391 24.277 0.001 24.271
0.065 0.005 0.07 0.035 0.002 0.036 22.971 0.012 22.977 24.783 0 24.779 24.667 0 24.661
0.064 0.004 0.068 0.029 0.00600000000000001 0.035 22.675 0.012 22.682 24.453 0 24.448 24.316 0.001 24.311
0.062 0.00600000000000001 0.069 0.033 0.003 0.036 22.899 0.014 22.907 24.669 0 24.664 24.539 0 24.534
0.065 0.003 0.068 0.032 0.004 0.036 22.921 0.014 22.93 24.73 0 24.726 24.593 0 24.586
0.064 0.004 0.068 0.029 0.006 0.035 23.539 0.019 23.552 25.279 0 25.274 25.202 0 25.196
0.064 0.005 0.068 0.03 0.005 0.036 22.508 0.00700000000000001 22.509 24.138 0 24.134 24.014 0 24.007
0.065 0.003 0.068 0.032 0.004 0.036 22.777 0.022 22.793 24.479 0 24.474 24.649 0 24.644
0.062 0.005 0.067 0.03 0.006 0.036 22.627 0.012 22.633 24.382 0 24.377 24.223 0 24.217
0.065 0.003 0.068 0.036 0 0.036 23.066 0.011 23.071 24.707 0 24.708 24.135 0 24.144
0.067 0.008 0.074 0.031 0.004 0.036 22.629 0.017 22.641 24.246 0 24.24 24.143 0 24.137
0.09 0.005 0.0970000000000001 0.0449999999999999 0.004 0.0489999999999999 33.499 0.023 33.561 35.643 0 35.686 35.707 0 35.75
0.064 0.004 0.069 0.034 0.002 0.035 23.558 0.013 23.566 25.342 0 25.336 25.154 0 25.149
0.062 0.005 0.068 0.032 0.004 0.035 22.696 0.018 22.71 24.421 0 24.415 24.298 0 24.293
0.061 0.006 0.067 0.033 0.003 0.036 22.747 0.014 22.755 24.48 0 24.475 24.352 0 24.345
0.065 0.004 0.068 0.034 0.001 0.036 22.795 0.01 22.799 24.571 0 24.565 24.493 0 24.487
0.062 0.006 0.068 0.032 0.004 0.036 22.504 0.014 22.512 24.315 0 24.31 24.171 0 24.165
0.064 0.003 0.067 0.032 0.004 0.036 22.541 0.011 22.547 24.347 0 24.341 24.202 0 24.196
0.064 0.003 0.067 0.035 0 0.035 22.226 0.012 22.233 23.91 0 23.905 23.79 0 23.784
0.065 0.002 0.067 0.032 0.003 0.035 22.443 0.011 22.447 23.864 0 23.861 23.725 0 23.719
0.065 0.004 0.068 0.035 0.001 0.036 23.178 0.014 23.186 25.013 0 25.008 24.87 0 24.864
0.058 0.00899999999999999 0.067 0.033 0.003 0.036 22.558 0.011 22.564 24.421 0 24.416 24.26 0.001 24.255
0.065 0.003 0.068 0.033 0.003 0.036 23.01 0.01 23.015 24.742 0 24.737 24.516 0 24.519
0.066 0.003 0.068 0.029 0.006 0.036 22.904 0.015 22.914 24.649 0 24.643 24.499 0 24.494
0.062 0.005 0.067 0.032 0.004 0.036 22.744 0.014 22.754 24.467 0 24.461 24.315 0 24.31
0.064 0.003 0.067 0.035 0.001 0.036 22.655 0.011 22.661 24.449 0 24.444 24.29 0 24.284
0.065 0.004 0.068 0.032 0.003 0.036 22.204 0.012 22.211 23.986 0 23.98 23.858 0 23.853
0.062 0.006 0.068 0.034 0.002 0.036 22.91 0.017 22.921 24.623 0 24.617 24.508 0 24.503
0.062 0.006 0.068 0.032 0.004 0.035 22.969 0.015 22.979 24.708 0 24.704 24.617 0 24.612
0.055 0.00800000000000001 0.063 0.033 0.00199999999999999 0.034 22.562 0.009 22.567 24.373 0 24.368 24.284 0 24.278
0.065 0.003 0.068 0.03 0.005 0.035 22.548 0.009 22.552 24.271 0 24.266 24.139 0 24.134
0.059 0.004 0.063 0.033 0.002 0.036 22.569 0.017 22.58 24.303 0 24.298 24.192 0 24.186
0.063 0.004 0.067 0.031 0.003 0.035 22.323 0.013 22.331 24.084 0 24.079 23.959 0 23.953
0.061 0.007 0.068 0.031 0.004 0.036 22.944 0.018 22.957 24.594 0 24.587 24.465 0.001 24.461
0.066 0.003 0.068 0.034 0.001 0.036 22.943 0.013 22.95 24.71 0 24.704 24.573 0 24.569
0.063 0.004 0.068 0.035 0.001 0.036 22.326 0.012 22.332 24.081 0 24.075 23.93 0 23.925
0.063 0.004 0.067 0.033 0.003 0.035 22.368 0.011 22.375 24.121 0 24.115 23.998 0 23.992
0.067 0.00199999999999999 0.069 0.033 0.002 0.035 22.938 0.01 22.942 24.659 0 24.654 24.518 0 24.512
0.064 0.004 0.068 0.034 0.002 0.035 22.939 0.01 22.944 24.803 0 24.798 24.706 0 24.702
0.059 0.003 0.063 0.03 0.005 0.034 22.475 0.02 22.49 24.186 0 24.181 24.05 0 24.043
0.065 0.003 0.068 0.034 0.00199999999999999 0.036 22.387 0.01 22.392 24.175 0 24.17 24.051 0.001 24.046
0.061 0.006 0.068 0.032 0.003 0.035 22.387 0.008 22.39 24.112 0 24.106 24.001 0 23.995
0.065 0.003 0.067 0.033 0.003 0.036 22.678 0.009 22.682 24.411 0 24.406 24.269 0 24.264
0.063 0.001 0.064 0.031 0.004 0.035 23.521 0.022 23.537 25.176 0 25.172 25.158 0 25.152
0.089 0.00700000000000001 0.0960000000000001 0.043 0.00499999999999999 0.0489999999999999 31.239 0.019 31.294 33.704 0 33.743 33.465 0 33.506
0.067 0.004 0.071 0.031 0.005 0.036 22.552 0.014 22.56 24.242 0 24.238 24.131 0 24.125
0.064 0.003 0.068 0.031 0.005 0.036 24.65 0.014 24.658 26.378 0 26.371 26.075 0 26.07
0.064 0.004 0.068 0.033 0.003 0.036 22.355 0.016 22.365 24.181 0 24.176 24.033 0 24.026
0.061 0.00600000000000001 0.067 0.034 0.002 0.036 22.379 0.00599999999999999 22.38 24.091 0.001 24.087 23.973 0 23.967
0.065 0.003 0.067 0.034 0.002 0.036 22.821 0.017 22.833 24.575 0 24.568 24.456 0 24.451
0.06 0.008 0.068 0.033 0.003 0.036 22.487 0.022 22.504 24.367 0 24.361 24.237 0 24.232
0.063 0.00600000000000001 0.069 0.033 0.003 0.036 22.954 0.015 22.964 24.699 0 24.694 24.62 0 24.614
0.06 0.008 0.068 0.031 0.004 0.035 22.566 0.009 22.57 24.207 0 24.201 24.095 0 24.089
0.061 0.004 0.064 0.032 0.002 0.035 22.695 0.015 22.704 24.433 0 24.428 24.295 0 24.29
0.066 0.001 0.067 0.034 0.00199999999999999 0.036 22.213 0.016 22.224 23.875 0 23.87 23.775 0 23.77
0.06 0.004 0.063 0.031 0.003 0.035 23.466 0.012 23.471 25.333 0 25.329 25.218 0.001 25.213
0.059 0.005 0.063 0.031 0.004 0.035 22.837 0.012 22.844 24.64 0 24.636 24.565 0 24.559
0.062 0.005 0.068 0.035 0.001 0.035 22.553 0.012 22.561 24.287 0 24.28 24.164 0.001 24.161
0.062 0.00600000000000001 0.068 0.034 0.00199999999999999 0.036 23.45 0.007 23.451 25.194 0 25.189 25.12 0 25.114
0.059 0.004 0.062 0.031 0.003 0.035 21.974 0.015 21.983 23.84 0 23.835 23.821 0 23.825
0.061 0.007 0.068 0.033 0.003 0.036 23.084 0.016 23.093 24.735 0 24.731 24.625 0 24.619
0.058 0.005 0.063 0.029 0.005 0.034 22.433 0.015 22.443 24.213 0 24.208 24.099 0 24.093
0.065 0.003 0.067 0.032 0.003 0.036 22.701 0.006 22.701 24.439 0 24.434 24.299 0 24.293
0.065 0.003 0.068 0.035 0.001 0.036 22.66 0.02 22.674 24.417 0 24.411 24.258 0 24.253
0.062 0.006 0.068 0.034 0.002 0.036 22.818 0.01 22.823 24.613 0 24.608 24.453 0 24.448
0.064 0.005 0.068 0.035 0.001 0.036 23.247 0.012 23.254 24.936 0 24.93 24.777 0 24.774
0.064 0.004 0.068 0.035 0.001 0.035 22.43 0.017 22.443 24.138 0 24.133 23.996 0 23.989
0.062 0.00600000000000001 0.068 0.033 0.00199999999999999 0.036 23.464 0.012 23.469 25.104 0 25.099 24.866 0 24.862
0.063 0.004 0.067 0.033 0.00199999999999999 0.034 22.29 0.02 22.309 23.57 0 23.576 23.183 0 23.18
0.058 0.005 0.064 0.034 0.001 0.034 22.667 0.009 22.671 24.473 0 24.467 24.314 0 24.306
0.066 0.003 0.068 0.033 0.003 0.036 23.08 0.015 23.09 24.856 0 24.852 24.713 0 24.707
0.066 0.002 0.069 0.031 0.005 0.036 23.015 0.009 23.017 24.734 0 24.729 24.63 0 24.625
0.065 0.004 0.068 0.032 0.004 0.036 22.676 0.012 22.683 24.487 0 24.481 24.382 0 24.376
0.0649999999999999 0.003 0.068 0.031 0.004 0.035 22.331 0.013 22.339 24.069 0 24.064 23.936 0 23.931
0.064 0.004 0.068 0.034 0.002 0.036 24.58 0.015 24.589 26.461 0 26.455 26.271 0 26.265
0.062 0.006 0.068 0.034 0.002 0.036 23.052 0.014 23.06 24.797 0 24.792 24.645 0 24.64
0.064 0.003 0.067 0.032 0.003 0.036 22.19 0.017 22.208 23.297 0 23.296 23.236 0 23.24
0.064 0.003 0.067 0.033 0.003 0.036 22.511 0.009 22.515 24.26 0 24.255 23.999 0 24.002
0.063 0.005 0.068 0.031 0.004 0.036 22.372 0.017 22.383 24.098 0 24.094 23.973 0 23.967
0.063 0.006 0.069 0.035 0.001 0.036 22.535 0.013 22.543 24.302 0 24.298 24.19 0 24.183
0.061 0.006 0.068 0.035 0.001 0.035 22.962 0.01 22.968 24.659 0 24.653 24.522 0 24.516
0.063 0.005 0.067 0.034 0.001 0.035 22.477 0.012 22.485 23.52 0 23.523 23.197 0 23.197
0.067 0.001 0.068 0.032 0.004 0.036 23.63 0.01 23.635 25.591 0 25.586 25.42 0 25.413
0.06 0.008 0.067 0.033 0.00199999999999999 0.035 22.469 0.022 22.486 24.225 0 24.22 24.067 0 24.061
0.064 0.004 0.069 0.033 0.003 0.036 22.741 0.015 22.75 24.86 0 24.856 24.754 0 24.748
0.056 0.007 0.063 0.033 0.001 0.034 22.479 0.018 22.492 24.261 0 24.256 24.096 0 24.09
0.065 0.003 0.069 0.034 0.002 0.035 23.129 0.009 23.133 24.831 0 24.825 24.696 0 24.691
0.06 0.003 0.063 0.031 0.004 0.034 22.659 0.009 22.662 24.428 0 24.423 24.273 0 24.267
0.061 0.007 0.067 0.033 0.003 0.036 22.601 0.011 22.607 24.542 0 24.537 24.432 0 24.426
0.064 0.003 0.067 0.032 0.003 0.035 22.688 0.012 22.694 24.421 0 24.416 24.314 0 24.309
0.066 0.005 0.071 0.03 0.005 0.036 22.479 0.008 22.48 24.22 0 24.215 24.085 0 24.079
0.064 0.003 0.066 0.033 0.002 0.036 22.463 0.00899999999999999 22.467 24.223 0 24.218 24.067 0 24.06
0.054 0.009 0.064 0.03 0.005 0.034 22.413 0.007 22.414 24.197 0 24.193 24.04 0 24.032
0.062 0.006 0.067 0.033 0.003 0.036 22.39 0.011 22.396 24.193 0 24.188 24.064 0 24.059
0.063 0.001 0.063 0.034 0 0.035 22.308 0.02 22.321 24.156 0 24.151 24.03 0 24.024
0.06 0.007 0.067 0.03 0.005 0.035 22.387 0.009 22.391 24.093 0 24.088 23.975 0 23.97
0.065 0.003 0.0679999999999999 0.031 0.005 0.036 23.501 0.017 23.512 25.287 0 25.283 25.139 0 25.133
0.065 0.003 0.068 0.034 0.002 0.036 23.042 0.017 23.053 24.794 0 24.79 24.618 0 24.612
0.064 0.004 0.068 0.033 0.00199999999999999 0.035 22.395 0.014 22.404 24.148 0.001 24.143 23.989 0 23.983
0.059 0.004 0.063 0.033 0.002 0.035 22.383 0.012 22.39 24.21 0 24.205 24.402 0 24.397
0.063 0.004 0.067 0.033 0.003 0.036 23.04 0.014 23.056 24.167 0 24.17 24.329 0 24.326
0.06 0.00800000000000001 0.068 0.034 0.000999999999999994 0.035 22.455 0.014 22.464 24.223 0 24.218 23.739 0 23.743
0.066 0.003 0.069 0.033 0.003 0.036 23.219 0.011 23.224 24.915 0 24.91 24.824 0 24.819
0.062 0.005 0.068 0.032 0.003 0.035 22.48 0.011 22.485 24.194 0 24.19 24.062 0 24.055
0.067 0.001 0.068 0.032 0.003 0.036 22.781 0.014 22.795 23.747 0 23.747 23.324 0 23.327
0.061 0.006 0.067 0.033 0.003 0.035 22.396 0.018 22.409 24.193 0 24.187 24.032 0 24.026
0.066 0.003 0.068 0.034 0.00199999999999999 0.036 22.698 0.018 22.711 24.179 0 24.184 23.708 0 23.715
0.059 0.004 0.063 0.032 0.00199999999999999 0.035 22.39 0.014 22.397 24.139 0 24.135 24.002 0 23.997
0.061 0.00600000000000001 0.068 0.034 0.002 0.035 22.525 0.011 22.532 24.239 0 24.234 24.107 0 24.1
0.064 0.005 0.068 0.033 0.00199999999999999 0.036 23.024 0.018 23.036 24.838 0 24.833 24.68 0 24.675
0.064 0.004 0.068 0.033 0.003 0.036 22.634 0.02 22.649 24.437 0 24.432 24.299 0 24.293
0.064 0.003 0.067 0.032 0.004 0.036 22.495 0.014 22.504 24.217 0 24.212 24.11 0 24.104
0.066 0.002 0.068 0.035 0.001 0.036 23.752 0.011 23.758 25.47 0 25.465 25.362 0 25.357
0.064 0.00600000000000001 0.07 0.035 0.000999999999999994 0.036 22.849 0.011 22.856 24.654 0 24.648 24.514 0 24.509
0.064 0.004 0.068 0.034 0.001 0.036 22.996 0.017 23.007 24.649 0 24.643 24.489 0 24.484
0.063 0.006 0.068 0.033 0.003 0.035 22.526 0.01 22.532 24.215 0.001 24.211 24.103 0 24.097
0.063 0.006 0.069 0.032 0.003 0.035 22.795 0.013 22.803 24.534 0 24.529 24.435 0 24.429
0.063 0.004 0.067 0.031 0.005 0.036 22.34 0.014 22.349 24.124 0 24.118 23.997 0 23.991
0.065 0.002 0.067 0.034 0.002 0.036 22.468 0.058 22.529 24.197 0.00900000000000001 24.226 24.083 0.035 24.125
0.0659999999999999 0.003 0.069 0.032 0.003 0.036 22.507 0.008 22.51 24.248 0 24.243 24.152 0 24.146
0.065 0.003 0.068 0.028 0.008 0.036 22.619 0.01 22.624 24.379 0 24.374 24.268 0 24.263
0.06 0.00700000000000001 0.068 0.031 0.004 0.036 22.757 0.013 22.764 24.455 0 24.449 24.36 0 24.355
0.064 0.003 0.067 0.033 0.003 0.036 22.396 0.014 22.405 24.179 0 24.173 24.079 0 24.074
0.064 0.003 0.068 0.03 0.006 0.035 22.57 0.014 22.58 24.282 0 24.276 24.162 0 24.156
0.064 0.004 0.068 0.034 0.00199999999999999 0.036 22.954 0.012 22.96 24.738 0 24.731 24.552 0 24.547
0.064 0.004 0.068 0.03 0.005 0.035 22.329 0.017 22.341 24.089 0 24.084 23.944 0 23.938
0.063 0.005 0.068 0.032 0.004 0.036 22.469 0.014 22.478 24.19 0 24.185 24.064 0 24.058
0.063 0.004 0.068 0.033 0.003 0.035 22.375 0.01 22.379 24.13 0 24.125 24.022 0 24.016
0.065 0.003 0.067 0.032 0.003 0.036 22.938 0.014 22.947 24.742 0 24.737 24.608 0 24.603
0.063 0.004 0.067 0.033 0.002 0.035 22.473 0.011 22.479 24.322 0 24.318 24.202 0 24.195
0.066 0.002 0.068 0.034 0.002 0.036 22.776 0.02 22.791 24.539 0 24.534 24.396 0 24.39
0.067 0 0.067 0.032 0.003 0.036 22.522 0.018 22.535 24.273 0 24.268 24.131 0 24.124
0.061 0.00700000000000001 0.069 0.031 0.005 0.035 22.477 0.013 22.485 24.228 0 24.223 24.126 0 24.12
0.062 0.005 0.067 0.031 0.004 0.035 22.195 0.012 22.202 23.9 0 23.895 23.774 0 23.768
0.062 0.007 0.069 0.035 0.002 0.036 22.546 0.014 22.554 24.415 0.001 24.412 24.296 0 24.291
0.066 0.001 0.067 0.032 0.004 0.035 22.593 0.013 22.601 24.342 0 24.338 24.21 0 24.203
0.062 0.00600000000000001 0.068 0.031 0.005 0.035 22.557 0.014 22.567 24.302 0 24.297 24.155 0 24.149
0.066 0.00199999999999999 0.0679999999999999 0.034 0.001 0.035 23.47 0.015 23.479 25.175 0 25.17 25.016 0 25.01
0.062 0.005 0.067 0.033 0.002 0.035 22.494 0.012 22.501 24.285 0 24.279 24.156 0 24.15
0.065 0.003 0.068 0.032 0.004 0.035 23.53 0.01 23.535 25.296 0 25.29 25.158 0 25.153
0.065 0.003 0.068 0.034 0.001 0.036 23.531 0.009 23.535 25.153 0 25.148 25.108 0 25.103
0.064 0.007 0.072 0.035 0.001 0.035 22.83 0.011 22.836 24.578 0 24.574 24.423 0 24.417
0.065 0.003 0.067 0.035 0 0.036 22.445 0.01 22.449 24.24 0.001 24.236 24.115 0 24.11
0.063 0.005 0.068 0.032 0.004 0.036 22.514 0.013 22.521 24.186 0 24.182 24.089 0 24.084
0.058 0.005 0.064 0.032 0.003 0.035 22.61 0.01 22.613 24.397 0 24.392 24.242 0 24.236
0.056 0.007 0.062 0.03 0.004 0.034 22.002 0.022 22.02 23.898 0 23.893 23.983 0 23.976
0.063 0.006 0.069 0.033 0.003 0.036 22.94 0.01 22.944 24.784 0 24.78 24.62 0 24.613
0.06 0.003 0.063 0.032 0.003 0.035 23.109 0.01 23.113 24.857 0 24.853 24.747 0 24.741
0.065 0.003 0.068 0.032 0.004 0.036 23.186 0.015 23.196 24.854 0 24.849 24.774 0 24.768
0.06 0.003 0.064 0.033 0.001 0.034 22.185 0.015 22.194 23.951 0 23.947 23.814 0 23.807
0.063 0.004 0.068 0.03 0.006 0.035 22.597 0.012 22.603 24.347 0 24.343 24.233 0 24.226
0.068 0.002 0.07 0.032 0.004 0.036 22.687 0.014 22.696 24.439 0 24.434 24.309 0 24.303
0.063 0.005 0.068 0.034 0.002 0.036 22.682 0.016 22.692 24.419 0 24.415 24.258 0 24.253
0.066 0.003 0.069 0.034 0.002 0.036 22.565 0.011 22.571 24.325 0 24.32 24.133 0 24.13
0.067 0.003 0.07 0.031 0.004 0.035 22.358 0.018 22.371 23.959 0 23.954 23.85 0 23.844
0.068 0.000999999999999994 0.068 0.033 0.002 0.036 22.574 0.013 22.582 24.374 0 24.368 24.247 0 24.242
0.061 0.003 0.064 0.034 0.000999999999999994 0.034 23.016 0.015 23.027 24.707 0 24.702 24.628 0 24.623
0.066 0.00199999999999999 0.068 0.033 0.003 0.036 22.612 0.014 22.63 23.943 0.001 23.949 23.639 0 23.64
0.066 0.003 0.068 0.034 0.002 0.036 22.945 0.013 22.953 24.682 0 24.678 24.531 0 24.525
0.064 0.003 0.067 0.033 0.003 0.036 22.283 0.011 22.289 24.005 0 24 23.872 0 23.866
0.066 0.001 0.067 0.034 0.00199999999999999 0.036 22.395 0.014 22.408 23.809 0 23.817 23.339 0 23.341
0.064 0.003 0.068 0.032 0.004 0.035 22.074 0.015 22.084 23.656 0 23.652 23.888 0 23.881
0.06 0.004 0.063 0.03 0.004 0.035 22.412 0.011 22.418 24.159 0.001 24.156 24.045 0 24.039
0.061 0.00600000000000001 0.068 0.033 0.003 0.035 22.591 0.00800000000000001 22.596 24.302 0 24.296 24.157 0 24.153
0.065 0.004 0.069 0.033 0.003 0.036 23.095 0.023 23.113 24.243 0.001 24.249 23.794 0 23.797
0.066 0.001 0.067 0.034 0.002 0.036 22.449 0.013 22.457 24.175 0 24.17 24.018 0 24.014
0.055 0.00799999999999999 0.064 0.031 0.004 0.035 22.758 0.00899999999999999 22.761 24.499 0.001 24.494 24.374 0 24.369
0.062 0.005 0.067 0.032 0.004 0.036 22.763 0.01 22.767 24.525 0 24.52 24.358 0 24.351
0.063 0.005 0.067 0.033 0.00199999999999999 0.036 22.595 0.016 22.604 24.33 0 24.326 24.205 0 24.197
0.066 0.002 0.068 0.033 0.003 0.035 22.433 0.015 22.443 24.206 0 24.202 24.063 0 24.056
0.059 0.008 0.067 0.035 0.001 0.036 23.532 0.013 23.539 25.316 0 25.311 25.168 0 25.163
0.064 0.003 0.067 0.032 0.003 0.036 22.353 0.012 22.359 23.719 0 23.714 23.78 0 23.775
0.062 0.005 0.067 0.033 0.003 0.036 22.808 0.01 22.812 24.585 0 24.58 24.467 0 24.461
0.062 0.005 0.067 0.033 0.003 0.036 22.435 0.012 22.442 24.174 0 24.168 24.015 0 24.009
0.063 0.005 0.069 0.036 0 0.035 22.701 0.013 22.707 24.419 0 24.416 24.338 0 24.331
0.058 0.006 0.064 0.031 0.004 0.034 23.446 0.011 23.451 25.208 0 25.203 25.091 0 25.087
0.065 0.002 0.067 0.033 0.003 0.035 22.315 0.012 22.323 24.065 0.001 24.061 23.926 0 23.921
0.06 0.008 0.068 0.032 0.004 0.036 22.457 0.014 22.472 23.69 0 23.692 23.288 0 23.292
0.065 0.002 0.067 0.033 0.003 0.035 22.564 0.021 22.58 24.254 0 24.249 24 0 23.997
0.064 0.005 0.069 0.034 0.002 0.036 23.144 0.00800000000000001 23.146 24.936 0 24.931 24.826 0 24.821
0.057 0.006 0.064 0.03 0.005 0.034 22.313 0.026 22.346 24.125 0.001 24.125 23.972 0 23.967
0.067 0.002 0.068 0.033 0.00199999999999999 0.036 22.66 0.014 22.669 24.471 0 24.467 24.354 0 24.347
0.063 0.005 0.068 0.034 0.00199999999999999 0.035 22.491 0.016 22.503 24.071 0 24.066 23.916 0 23.909
0.063 0.004 0.067 0.031 0.003 0.035 22.606 0.015 22.615 24.373 0 24.367 24.249 0 24.243
0.064 0.004 0.067 0.031 0.005 0.036 22.696 0.014 22.704 24.483 0 24.478 24.323 0 24.317
0.062 0.006 0.067 0.032 0.003 0.035 22.183 0.014 22.192 23.779 0 23.775 24.033 0 24.027
0.06 0.008 0.068 0.033 0.003 0.036 22.847 0.012 22.854 24.636 0 24.631 24.498 0 24.493
0.062 0.005 0.068 0.035 0.001 0.036 23.03 0.015 23.04 24.715 0 24.71 24.599 0 24.595
0.067 0.002 0.068 0.036 0 0.036 23 0.008 23.008 24.137 0 24.138 23.804 0 23.806
0.059 0.008 0.068 0.033 0.003 0.035 22.721 0.011 22.726 24.458 0 24.453 24.212 0.001 24.214
0.063 0.005 0.068 0.032 0.004 0.036 22.679 0.013 22.686 24.361 0 24.356 24.245 0 24.239
0.062 0.005 0.068 0.033 0.003 0.036 22.439 0.014 22.447 24.162 0 24.158 23.539 0 23.543
0.064 0.004 0.0679999999999999 0.031 0.005 0.036 22.569 0.018 22.581 24.326 0 24.321 24.215 0 24.209
0.064 0.004 0.068 0.033 0.003 0.036 22.704 0.011 22.71 24.477 0 24.471 24.313 0 24.306
0.063 0.008 0.071 0.031 0.005 0.036 22.371 0.00700000000000001 22.372 24.109 0 24.105 23.991 0 23.985
0.067 0.004 0.07 0.034 0.001 0.035 22.778 0.013 22.785 24.159 0 24.154 24.031 0 24.025
0.064 0.004 0.068 0.034 0.002 0.036 23.032 0.003 23.029 24.803 0 24.798 24.663 0 24.657
0.066 0.002 0.068 0.032 0.004 0.036 22.905 0.015 22.915 24.691 0 24.685 24.545 0 24.54
0.062 0.005 0.068 0.034 0.002 0.036 22.864 0.016 22.875 24.655 0.004 24.657 24.496 0 24.49
0.062 0.005 0.067 0.031 0.005 0.036 22.307 0.015 22.317 24.148 0 24.143 24.02 0 24.014
0.06 0.003 0.064 0.032 0.003 0.034 22.606 0.012 22.614 24.344 0 24.339 24.213 0 24.206
0.058 0.009 0.068 0.034 0.00199999999999999 0.036 22.338 0.013 22.345 24.117 0 24.112 23.888 0 23.885
0.064 0.003 0.068 0.032 0.004 0.035 22.587 0.00900000000000001 22.59 23.829 0.001 23.839 23.399 0 23.403
0.066 0.003 0.068 0.034 0.00199999999999999 0.035 22.721 0.014 22.731 24.455 0 24.45 24.358 0 24.352
0.063 0.005 0.067 0.033 0.002 0.036 22.737 0.012 22.743 24.475 0 24.47 24.349 0 24.342
0.064 0.004 0.068 0.032 0.004 0.036 22.837 0.011 22.842 24.604 0 24.599 24.449 0 24.444
0.061 0.00700000000000001 0.068 0.035 0.001 0.036 22.728 0.014 22.737 24.418 0 24.414 24.325 0 24.319
0.059 0.006 0.064 0.033 0.001 0.035 22.483 0.01 22.488 24.212 0 24.206 24.078 0 24.072
0.066 0.00199999999999999 0.068 0.034 0.002 0.036 22.605 0.016 22.617 24.371 0 24.365 24.246 0 24.24
0.063 0.005 0.067 0.031 0.004 0.036 22.754 0.00800000000000001 22.755 24.388 0 24.384 24.276 0 24.27
0.061 0.00600000000000001 0.068 0.034 0.00199999999999999 0.035 22.584 0.015 22.594 24.325 0 24.32 24.182 0 24.176
0.062 0.006 0.068 0.034 0.001 0.036 22.684 0.019 22.697 24.42 0 24.415 24.284 0 24.277
0.062 0.005 0.068 0.035 0 0.035 22.659 0.01 22.664 24.474 0 24.469 24.351 0 24.345
0.064 0.003 0.067 0.033 0.003 0.036 22.644 0.018 22.657 24.336 0 24.33 24.256 0 24.251
0.066 0.003 0.069 0.031 0.004 0.036 22.563 0.012 22.569 24.368 0 24.364 24.273 0 24.267
0.059 0.005 0.064 0.032 0.00199999999999999 0.034 22.456 0.014 22.465 24.075 0 24.07 23.974 0 23.968
0.06 0.007 0.068 0.033 0.003 0.036 22.671 0.016 22.681 24.381 0 24.376 24.301 0 24.294
0.064 0.003 0.068 0.032 0.004 0.036 22.666 0.018 22.679 24.453 0 24.448 24.329 0 24.323
0.064 0.004 0.067 0.031 0.004 0.036 22.622 0.012 22.629 24.331 0 24.326 24.193 0 24.187
0.063 0.004 0.067 0.033 0.003 0.036 22.7 0.007 22.701 24.348 0 24.343 24.256 0 24.25
0.057 0.006 0.063 0.033 0.001 0.035 22.755 0.016 22.765 24.491 0 24.486 24.377 0 24.371
0.056 0.007 0.064 0.032 0.003 0.034 23.004 0.01 23.008 24.765 0 24.76 24.654 0 24.649
0.07 0.001 0.07 0.032 0.004 0.036 22.553 0.011 22.56 24.324 0 24.318 24.182 0 24.177
0.059 0.008 0.067 0.036 0 0.036 22.904 0.014 22.912 24.674 0 24.669 24.568 0 24.563
0.066 0.003 0.068 0.035 0.001 0.036 22.769 0.012 22.776 24.492 0 24.487 24.379 0 24.372
0.073 0.002 0.075 0.033 0.003 0.036 22.989 0.009 22.993 24.678 0 24.672 24.472 0 24.472
0.06 0.008 0.068 0.032 0.004 0.035 22.822 0.014 22.83 24.419 0 24.413 24.341 0 24.335
0.064 0.004 0.067 0.033 0.002 0.036 22.348 0.013 22.356 24.044 0 24.038 23.923 0 23.918
0.065 0.003 0.068 0.031 0.005 0.035 22.598 0.012 22.606 24.379 0 24.374 24.243 0 24.237
0.063 0.005 0.068 0.032 0.003 0.036 22.251 0.015 22.261 23.997 0 23.991 23.857 0 23.853
0.064 0.004 0.068 0.033 0.003 0.035 22.877 0.01 22.883 24.616 0 24.61 24.514 0 24.509
0.061 0.00199999999999999 0.064 0.029 0.00600000000000001 0.034 23.617 0.019 23.631 25.335 0 25.329 25.235 0 25.23
0.066 0.002 0.068 0.033 0.002 0.035 22.066 0.014 22.075 23.678 0 23.674 23.532 0 23.527
0.064 0.004 0.0679999999999999 0.034 0.001 0.035 22.555 0.012 22.562 24.347 0.001 24.343 24.213 0 24.207
0.066 0.002 0.068 0.03 0.005 0.035 22.588 0.014 22.597 24.342 0 24.337 24.237 0 24.231
0.065 0.003 0.069 0.035 0.001 0.036 23.015 0.015 23.024 24.85 0 24.845 24.676 0 24.67
0.063 0.005 0.068 0.033 0.002 0.035 22.399 0.013 22.406 24.101 0.000999999999999994 24.097 23.961 0 23.955
0.059 0.003 0.062 0.031 0.003 0.035 21.817 0.008 21.819 23.64 0 23.635 23.683 0 23.678
0.063 0.005 0.068 0.034 0.002 0.036 22.727 0.017 22.739 24.636 0 24.63 24.51 0 24.504
0.062 0.005 0.067 0.032 0.004 0.036 22.98 0.01 22.984 24.736 0 24.731 24.617 0 24.612
0.062 0.005 0.067 0.033 0.002 0.035 22.523 0.014 22.53 24.232 0 24.228 24.111 0 24.106
0.063 0.003 0.066 0.032 0.00199999999999999 0.034 22.689 0.01 22.694 24.457 0 24.453 24.328 0.001 24.322
0.066 0.002 0.068 0.034 0.002 0.035 22.847 0.013 22.855 24.562 0 24.556 24.48 0 24.476
0.062 0.005 0.068 0.033 0.003 0.036 23.534 0.008 23.537 25.205 0 25.198 25.229 0 25.224
0.066 0.006 0.071 0.033 0.003 0.036 22.892 0.019 22.905 24.583 0 24.579 24.489 0 24.483
0.063 0.005 0.067 0.032 0.004 0.036 22.842 0.015 22.852 24.539 0 24.533 24.431 0 24.426
0.066 0.001 0.067 0.034 0.002 0.036 22.662 0.004 22.66 24.391 0 24.386 24.254 0 24.248
0.061 0.00700000000000001 0.068 0.031 0.00499999999999999 0.036 23.537 0.00700000000000001 23.538 25.235 0 25.229 25.219 0 25.213
0.062 0.006 0.067 0.035 0.001 0.036 22.29 0.016 22.3 24.081 0 24.078 23.932 0 23.926
0.064 0.004 0.068 0.033 0.003 0.036 22.63 0.00899999999999999 22.633 24.459 0 24.453 24.291 0 24.285
0.063 0.005 0.068 0.035 0.001 0.035 22.715 0.012 22.721 24.453 0 24.449 24.312 0 24.306
0.065 0.008 0.073 0.033 0.004 0.037 23.032 0.012 23.037 24.871 0 24.867 24.7 0 24.696
0.064 0 0.064 0.031 0.003 0.034 22.88 0.013 22.888 24.521 0 24.516 24.35 0 24.344
0.0639999999999999 0.004 0.068 0.032 0.004 0.036 22.672 0.015 22.681 24.475 0 24.47 24.327 0 24.32
0.065 0.003 0.068 0.033 0.002 0.035 22.901 0.008 22.903 24.808 0 24.803 24.628 0 24.623
0.07 0.001 0.072 0.036 0.004 0.038 27.141 0.014 27.15 28.805 0.001 28.8 29.137 0 29.131
0.064 0.004 0.068 0.029 0.007 0.035 22.552 0.009 22.557 24.324 0 24.319 24.173 0 24.167
0.066 0.00199999999999999 0.068 0.033 0.002 0.035 22.473 0.014 22.482 24.18 0 24.175 24.043 0 24.036
0.069 0.002 0.07 0.032 0.003 0.036 22.67 0.017 22.68 24.471 0 24.466 24.344 0 24.339
0.063 0.006 0.069 0.034 0.002 0.036 24.652 0.013 24.659 26.573 0 26.567 26.338 0 26.332
0.062 0.004 0.066 0.033 0.002 0.035 22.012 0.017 22.023 23.636 0 23.631 23.5 0 23.494
0.064 0.004 0.068 0.032 0.004 0.035 22.748 0.012 22.756 24.395 0 24.39 24.29 0 24.284
0.056 0.007 0.064 0.033 0.001 0.034 22.438 0.014 22.446 24.161 0 24.157 24.028 0 24.02
0.06 0.007 0.067 0.035 0.000999999999999994 0.036 22.603 0.005 22.603 24.352 0 24.347 24.183 0 24.177
0.064 0.004 0.068 0.032 0.004 0.035 23.027 0.015 23.038 24.855 0 24.848 24.669 0 24.665
0.063 0.004 0.067 0.032 0.004 0.035 22.624 0.007 22.626 24.428 0 24.424 24.3 0 24.293
0.063 0.004 0.067 0.03 0.005 0.036 22.439 0.017 22.451 24.191 0 24.185 24.059 0 24.053
0.058 0.01 0.068 0.034 0.002 0.036 22.606 0.017 22.618 24.379 0 24.374 24.244 0 24.238
0.061 0.002 0.063 0.033 0.001 0.035 22.449 0.01 22.453 24.208 0 24.203 24.097 0 24.092
0.066 0.002 0.068 0.032 0.004 0.036 22.428 0.01 22.433 24.212 0 24.208 24.066 0 24.06
0.062 0.005 0.067 0.034 0.002 0.035 22.679 0.014 22.687 24.485 0 24.48 24.36 0 24.354
0.062 0.00700000000000001 0.069 0.033 0.00199999999999999 0.035 22.447 0.013 22.455 24.162 0 24.157 24.039 0.001 24.035
0.062 0.006 0.068 0.033 0.004 0.036 22.65 0.014 22.659 24.415 0 24.409 24.267 0 24.261
0.063 0.004 0.068 0.035 0.001 0.036 22.393 0.021 22.409 24.144 0 24.141 24.042 0 24.037
0.062 0.006 0.068 0.033 0.003 0.036 22.666 0.012 22.672 24.402 0 24.396 24.257 0 24.252
0.066 0.002 0.068 0.036 0 0.037 22.6 0.013 22.606 24.347 0 24.343 24.215 0 24.208
0.06 0.004 0.063 0.029 0.005 0.034 22.355 0.011 22.361 24.15 0 24.145 23.889 0 23.89
0.063 0.005 0.068 0.035 0.001 0.036 22.816 0.013 22.822 24.561 0 24.557 24.415 0 24.408
0.061 0.006 0.068 0.033 0.003 0.036 22.563 0.016 22.573 24.148 0 24.144 24.024 0 24.018
0.059 0.004 0.063 0.028 0.006 0.035 23.395 0.014 23.402 25.196 0 25.191 25.047 0 25.042
0.067 0.001 0.068 0.033 0.003 0.036 22.524 0.019 22.538 24.304 0 24.299 24.186 0 24.18
0.065 0.003 0.067 0.033 0.002 0.036 22.778 0.013 22.785 24.268 0 24.264 24.481 0 24.475
0.061 0.006 0.067 0.034 0.002 0.035 22.792 0.014 22.802 24.578 0 24.572 24.424 0 24.419
0.065 0.003 0.068 0.033 0.003 0.036 22.592 0.017 22.604 24.325 0 24.32 24.184 0 24.178
0.07 0.00199999999999999 0.072 0.037 0.002 0.039 27.696 0.014 27.704 29.5 0 29.493 29.326 0 29.32
0.066 0.002 0.068 0.034 0.002 0.036 22.699 0.01 22.704 24.525 0 24.519 24.417 0 24.412
0.065 0.002 0.067 0.028 0.007 0.036 22.585 0.012 22.591 24.281 0 24.277 24.142 0 24.135
0.063 0.004 0.068 0.034 0.002 0.035 22.737 0.014 22.747 24.466 0 24.46 24.307 0 24.301
0.061 0.00600000000000001 0.067 0.033 0.003 0.036 22.456 0.019 22.47 24.2 0 24.195 24.085 0 24.079
0.064 0.003 0.068 0.036 0 0.035 22.401 0.01 22.407 24.17 0 24.165 24.06 0 24.054
0.061 0.00199999999999999 0.064 0.032 0.003 0.034 22.536 0.009 22.54 24.301 0 24.297 24.178 0 24.172
0.062 0.006 0.068 0.03 0.005 0.035 22.62 0.014 22.629 24.394 0 24.389 24.258 0 24.252
0.064 0.004 0.068 0.033 0.003 0.036 22.685 0.02 22.7 24.387 0 24.383 24.265 0 24.259
0.069 0.003 0.072 0.033 0.003 0.036 23.319 0.015 23.329 25.061 0 25.056 25.076 0 25.07
0.063 0.004 0.067 0.035 0.000999999999999994 0.035 22.482 0.015 22.492 23.757 0 23.752 23.935 0 23.929
0.066 0.003 0.068 0.035 0.001 0.036 23.079 0.007 23.081 24.965 0 24.96 24.85 0 24.846
0.067 0.001 0.068 0.035 0 0.036 22.638 0.01 22.643 24.394 0 24.389 24.236 0 24.229
0.059 0.005 0.063 0.033 0.001 0.035 22.597 0.016 22.608 24.418 0 24.412 24.264 0 24.259
0.063 0.005 0.069 0.034 0.002 0.035 22.986 0.022 23.004 24.725 0 24.719 24.598 0 24.593
0.064 0.003 0.067 0.031 0.004 0.036 22.58 0.009 22.583 24.304 0 24.299 24.187 0 24.182
0.062 0.005 0.067 0.033 0.002 0.035 22.446 0.011 22.451 23.654 0 23.649 23.845 0 23.841
0.062 0.009 0.071 0.036 0.001 0.037 22.915 0.01 22.92 24.613 0 24.607 24.511 0 24.506
0.064 0.003 0.066 0.035 0.001 0.036 22.507 0.011 22.513 24.212 0 24.207 24.075 0 24.069
0.069 0.004 0.073 0.033 0.003 0.036 22.406 0.009 22.41 24.127 0.001 24.123 23.99 0 23.985
0.059 0.009 0.0679999999999999 0.03 0.005 0.036 23.369 0.015 23.379 25.071 0 25.066 24.963 0 24.958
0.059 0.005 0.063 0.032 0.003 0.035 22.592 0.01 22.597 24.402 0 24.396 24.251 0 24.245
0.063 0.004 0.067 0.032 0.004 0.036 22.202 0.015 22.212 24.002 0 23.997 23.849 0 23.843
0.065 0.003 0.069 0.035 0.001 0.036 23.61 0.017 23.62 25.427 0 25.42 25.38 0 25.375
0.064 0.003 0.068 0.032 0.003 0.035 22.536 0.008 22.539 24.338 0 24.333 24.206 0 24.2
0.06 0.007 0.067 0.034 0.001 0.035 22.378 0.018 22.391 23.844 0 23.839 24.006 0 24
0.061 0.006 0.068 0.033 0.003 0.035 22.153 0.013 22.161 23.895 0 23.889 23.789 0 23.783
0.063 0.005 0.068 0.031 0.004 0.036 22.551 0.014 22.559 24.321 0 24.316 24.189 0 24.184
0.061 0.005 0.067 0.03 0.006 0.035 22.379 0.014 22.387 24.086 0 24.081 23.96 0 23.955
0.061 0.006 0.067 0.035 0.001 0.036 22.406 0.008 22.41 24.239 0 24.233 24.099 0 24.093
0.065 0.003 0.069 0.032 0.004 0.036 23.691 0.018 23.702 25.307 0 25.302 25.298 0 25.292
0.066 0.004 0.069 0.033 0.003 0.037 23.562 0.01 23.565 25.253 0 25.249 25.162 0 25.157
0.063 0.005 0.068 0.031 0.004 0.035 22.929 0.017 22.94 24.505 0 24.5 24.386 0 24.381
0.066 0.002 0.068 0.035 0.001 0.036 22.484 0.014 22.502 23.909 0 23.922 23.615 0 23.61
0.063 0.005 0.067 0.032 0.003 0.036 22.365 0.011 22.371 24.085 0 24.081 23.959 0 23.953
0.06 0.00799999999999999 0.069 0.033 0.003 0.035 22.657 0.014 22.665 24.455 0 24.45 24.328 0.001 24.323
0.063 0.005 0.067 0.033 0.002 0.036 22.545 0.014 22.553 24.425 0 24.419 24.272 0 24.267
0.063 0.004 0.068 0.03 0.006 0.036 22.592 0.012 22.599 24.351 0 24.346 24.245 0 24.239
0.065 0.003 0.068 0.031 0.004 0.036 22.473 0.012 22.479 24.215 0 24.21 24.066 0 24.06
0.058 0.00700000000000001 0.066 0.033 0.001 0.034 22.963 0.004 22.961 24.723 0 24.718 24.606 0 24.601
0.063 0.005 0.067 0.031 0.004 0.036 22.556 0.014 22.565 24.134 0 24.128 24.27 0 24.264
0.063 0.005 0.068 0.034 0.002 0.035 22.672 0.013 22.68 24.478 0 24.473 24.355 0 24.349
0.065 0.00199999999999999 0.067 0.033 0.002 0.035 23.035 0.016 23.046 24.534 0 24.529 24.439 0 24.435
0.065 0.003 0.068 0.029 0.007 0.036 22.334 0.011 22.34 24.123 0 24.117 23.988 0 23.984
0.063 0.005 0.068 0.032 0.004 0.036 22.948 0.00899999999999999 22.951 24.77 0 24.766 24.649 0 24.642
0.059 0.008 0.066 0.032 0.003 0.036 21.947 0.018 21.959 23.958 0 23.954 23.8 0 23.794
0.063 0.005 0.068 0.033 0.003 0.036 22.611 0.012 22.616 24.358 0 24.354 24.224 0 24.216
0.063 0.005 0.067 0.034 0.001 0.036 22.703 0.019 22.715 24.427 0 24.423 24.289 0 24.283
0.064 0.004 0.068 0.032 0.003 0.035 22.294 0.017 22.306 23.771 0 23.766 23.939 0 23.933
0.064 0.004 0.068 0.033 0.003 0.035 22.476 0.015 22.487 24.225 0 24.22 24.09 0 24.082
0.061 0.00600000000000001 0.068 0.031 0.005 0.035 22.457 0.016 22.469 24.216 0 24.211 24.082 0 24.075
0.066 0.002 0.067 0.032 0.003 0.036 22.487 0.014 22.495 24.275 0 24.271 24.055 0 24.053
0.064 0.004 0.068 0.031 0.004 0.035 23.354 0.00800000000000001 23.356 25.203 0 25.199 25.099 0 25.093
0.067 0.002 0.068 0.031 0.004 0.036 22.727 0.017 22.737 24.505 0 24.5 24.369 0 24.364
0.064 0.004 0.068 0.033 0.003 0.036 22.918 0.013 22.926 24.693 0 24.688 24.572 0 24.566
0.062 0.007 0.068 0.034 0.001 0.035 22.529 0.012 22.536 24.291 0 24.287 24.146 0 24.14
0.06 0.007 0.068 0.032 0.004 0.035 22.871 0.019 22.885 24.606 0 24.601 24.461 0 24.457
0.059 0.008 0.067 0.035 0.001 0.036 22.704 0.015 22.714 24.408 0.002 24.405 24.262 0 24.256
0.065 0.004 0.068 0.033 0.002 0.036 24.743 0.012 24.748 26.42 0 26.415 26.231 0 26.225
0.062 0.006 0.069 0.033 0.003 0.036 22.821 0.015 22.83 24.525 0.001 24.522 24.397 0.001 24.392
0.066 0.003 0.068 0.034 0.002 0.036 22.852 0.013 22.861 24.566 0 24.56 24.447 0 24.442
0.06 0.004 0.064 0.033 0.002 0.034 22.846 0.014 22.855 24.609 0 24.604 24.471 0 24.466
0.067 0.000999999999999994 0.068 0.032 0.003 0.036 22.872 0.013 22.879 24.219 0 24.218 23.885 0 23.887
0.064 0.004 0.068 0.035 0.001 0.036 22.568 0.009 22.572 24.324 0 24.319 24.177 0 24.172
0.064 0.003 0.067 0.032 0.003 0.035 22.566 0.021 22.582 24.337 0 24.331 24.183 0 24.177
0.061 0.008 0.068 0.033 0.002 0.035 22.562 0.025 22.582 24.275 0 24.27 24.16 0 24.155
0.066 0.003 0.068 0.032 0.004 0.036 22.832 0.015 22.842 24.727 0 24.721 24.56 0 24.554
0.058 0.00600000000000001 0.064 0.033 0.000999999999999994 0.034 23.051 0.011 23.056 24.778 0 24.773 24.627 0 24.623
0.06 0.003 0.064 0.031 0.004 0.034 22.752 0.021 22.767 24.554 0 24.55 24.414 0 24.406
0.061 0.002 0.064 0.029 0.006 0.034 22.663 0.01 22.669 24.462 0 24.456 24.399 0 24.393
0.063 0.005 0.067 0.034 0.001 0.036 23.608 0.013 23.616 24.779 0 24.784 24.633 0 24.636
0.058 0.00600000000000001 0.064 0.034 0.001 0.034 23.523 0.012 23.53 25.113 0 25.108 25.171 0 25.164
0.058 0.01 0.068 0.033 0.002 0.035 22.632 0.018 22.644 24.393 0 24.389 24.238 0 24.232
0.061 0.00600000000000001 0.067 0.033 0.00199999999999999 0.035 22.408 0.013 22.416 24.173 0 24.168 24.026 0 24.02
0.061 0.007 0.067 0.032 0.004 0.036 22.498 0.012 22.504 24.303 0 24.299 24.18 0 24.173
0.063 0.005 0.068 0.033 0.003 0.035 23.578 0.015 23.587 25.383 0 25.378 25.141 0 25.136
0.069 0 0.069 0.034 0.00199999999999999 0.036 23.096 0.011 23.102 24.773 0 24.768 24.549 0 24.543
0.063 0.005 0.068 0.032 0.003 0.035 22.451 0.015 22.461 24.194 0.001 24.19 24.057 0 24.051
0.065 0.002 0.068 0.034 0.002 0.035 22.281 0.013 22.289 24.022 0 24.018 23.9 0 23.895
0.062 0.005 0.067 0.033 0.002 0.035 22.596 0.005 22.596 24.377 0 24.372 24.294 0 24.288
0.063 0.00600000000000001 0.069 0.032 0.004 0.036 22.454 0.013 22.462 23.773 0 23.775 23.399 0 23.403
0.063 0.005 0.069 0.034 0.002 0.035 22.77 0.02 22.786 24.506 0 24.501 24.414 0 24.408
0.061 0.003 0.064 0.029 0.005 0.035 22.403 0.006 22.403 24.128 0.001 24.125 24.028 0 24.021
0.063 0.005 0.068 0.032 0.004 0.036 22.762 0.016 22.773 24.514 0 24.509 24.412 0 24.407
0.062 0.005 0.068 0.033 0.003 0.035 22.383 0.014 22.392 24.202 0 24.197 24.055 0 24.049
0.063 0.002 0.064 0.033 0.000999999999999994 0.035 22.536 0.011 22.541 24.284 0 24.28 24.156 0.001 24.15
0.068 0.002 0.07 0.032 0.004 0.036 22.65 0.007 22.651 24.435 0 24.431 24.312 0 24.306
0.067 0.003 0.07 0.035 0.001 0.036 22.866 0.012 22.872 24.567 0 24.562 24.432 0 24.427
0.059 0.004 0.063 0.032 0.002 0.034 22.332 0.007 22.335 24.107 0 24.102 23.966 0 23.96
0.062 0.005 0.0669999999999999 0.031 0.005 0.036 22.59 0.012 22.596 24.374 0 24.368 24.218 0 24.213
0.064 0.003 0.067 0.027 0.008 0.036 22.334 0.01 22.338 23.314 0 23.321 23.157 0 23.159
0.064 0.003 0.068 0.034 0.00199999999999999 0.035 23.039 0.021 23.057 24.803 0 24.802 24.636 0 24.634
0.067 0.001 0.067 0.033 0.003 0.036 22.678 0.009 22.683 24.302 0 24.301 23.719 0 23.724
0.063 0.004 0.067 0.032 0.003 0.036 22.368 0.019 22.381 24.096 0 24.092 23.967 0 23.961
0.058 0.006 0.064 0.031 0.003 0.034 22.631 0.008 22.634 24.321 0 24.316 24.222 0 24.216
0.059 0.008 0.068 0.031 0.005 0.035 22.612 0.012 22.619 24.351 0.001 24.347 24.236 0 24.23
0.064 0.005 0.069 0.033 0.00199999999999999 0.035 22.411 0.017 22.423 24.149 0 24.144 24.076 0 24.07
0.065 0.003 0.068 0.031 0.005 0.036 22.524 0.00899999999999999 22.527 24.245 0 24.241 24.109 0 24.103
0.065 0.003 0.068 0.033 0.003 0.0359999999999999 22.816 0.00700000000000001 22.818 24.601 0 24.596 24.487 0 24.481
0.065 0.003 0.068 0.037 0 0.035 22.967 0.018 22.98 24.823 0 24.819 24.636 0 24.631
0.065 0.003 0.067 0.03 0.005 0.036 22.619 0.013 22.626 24.444 0 24.438 24.305 0 24.299
0.064 0.004 0.068 0.035 0.001 0.036 23.111 0.008 23.114 24.818 0 24.813 24.748 0 24.743
0.059 0.005 0.063 0.028 0.006 0.035 22.701 0.013 22.707 24.451 0 24.448 24.298 0 24.291
0.063 0.001 0.065 0.029 0.005 0.034 22.441 0.00900000000000001 22.444 24.066 0 24.061 23.92 0 23.916
0.065 0.003 0.068 0.032 0.003 0.035 22.433 0.011 22.439 24.19 0 24.186 24.075 0 24.069
0.061 0.00600000000000001 0.067 0.033 0.00199999999999999 0.036 21.94 0.013 21.955 23.074 0 23.074 23.009 0 23.009
0.061 0.003 0.063 0.032 0.002 0.035 23.005 0.011 23.011 24.789 0 24.783 24.686 0 24.681
0.06 0.008 0.069 0.033 0.003 0.035 22.31 0.016 22.321 24.156 0 24.151 23.982 0 23.976
0.066 0.001 0.066 0.031 0.004 0.036 22.553 0.012 22.56 24.376 0 24.371 24.118 0 24.116
0.065 0.004 0.069 0.032 0.004 0.036 22.775 0.009 22.778 24.867 0 24.861 24.737 0 24.732
0.065 0.003 0.068 0.033 0.003 0.036 24.675 0.013 24.681 26.188 0 26.183 26.568 0 26.562
0.066 0.00199999999999999 0.068 0.032 0.003 0.036 22.353 0.009 22.364 23.6 0 23.603 23.519 0 23.516
0.064 0.003 0.068 0.034 0.00199999999999999 0.035 22.407 0.014 22.415 24.124 0 24.119 24.002 0 23.996
0.066 0.002 0.068 0.035 0 0.035 22.572 0.019 22.586 24.322 0 24.317 24.165 0 24.159
0.067 0.000999999999999994 0.067 0.032 0.004 0.036 22.769 0.017 22.782 24.511 0 24.505 24.376 0 24.37
0.065 0.002 0.067 0.032 0.004 0.035 22.625 0.013 22.633 24.407 0 24.402 24.279 0 24.273
0.066 0.002 0.067 0.029 0.006 0.036 22.545 0.01 22.55 24.311 0 24.306 24.219 0 24.213
0.062 0.006 0.068 0.036 0 0.035 22.909 0.013 22.915 24.756 0 24.751 24.562 0 24.557
0.064 0.004 0.069 0.028 0.007 0.035 22.543 0.013 22.55 23.698 0 23.707 23.298 0 23.303
0.063 0.004 0.067 0.034 0.002 0.036 22.458 0.013 22.466 24.272 0 24.268 24.058 0 24.053
0.066 0.002 0.068 0.034 0.002 0.036 22.595 0.015 22.604 24.361 0 24.356 24.247 0 24.24
0.065 0.004 0.068 0.035 0.001 0.036 24.916 0.011 24.921 26.617 0 26.61 26.503 0 26.497
0.063 0.002 0.065 0.032 0.003 0.034 22.382 0.014 22.39 24.155 0 24.149 24.016 0 24.01
0.059 0.004 0.063 0.033 0.001 0.034 22.606 0.017 22.619 24.337 0 24.331 24.208 0 24.203
0.063 0.005 0.068 0.036 0 0.036 22.582 0.011 22.587 24.456 0 24.451 24.314 0 24.309
0.059 0.009 0.068 0.033 0.003 0.036 23.466 0.016 23.476 25.298 0 25.293 25.126 0 25.121
0.066 0.002 0.0669999999999999 0.035 0 0.036 22.526 0.011 22.531 24.321 0 24.315 24.178 0 24.173
0.063 0.004 0.068 0.032 0.004 0.035 22.633 0.012 22.639 23.571 0.00299999999999999 23.584 23.388 0 23.393
0.062 0.00600000000000001 0.068 0.033 0.00199999999999999 0.036 22.518 0.017 22.53 24.317 0 24.313 24.215 0 24.21
0.067 0.001 0.068 0.033 0.003 0.036 22.408 0.011 22.421 23.612 0 23.616 23.619 0 23.614
0.06 0.009 0.069 0.033 0.003 0.036 22.665 0.017 22.683 23.936 0 23.935 23.546 0 23.548
0.062 0.005 0.068 0.03 0.005 0.035 22.442 0.01 22.447 24.196 0 24.191 23.997 0 23.998
0.063 0.004 0.068 0.035 0.001 0.036 22.429 0.007 22.44 23.761 0 23.765 23.768 0 23.762
0.057 0.007 0.064 0.032 0.003 0.035 23.007 0.017 23.019 24.773 0 24.767 24.668 0 24.663
0.064 0.003 0.068 0.036 0 0.035 23.476 0.008 23.479 25.154 0 25.149 25.137 0 25.131
0.063 0.005 0.068 0.032 0.004 0.036 22.703 0.015 22.712 24.522 0 24.517 24.387 0 24.381
0.061 0.002 0.063 0.033 0.002 0.034 22.409 0.02 22.424 24.191 0 24.185 24.058 0 24.053
0.063 0.004 0.067 0.032 0.004 0.036 22.413 0.012 22.42 24.171 0 24.166 24.032 0 24.026
0.065 0.002 0.068 0.032 0.004 0.035 22.229 0.015 22.239 23.956 0 23.952 23.816 0 23.812
0.065 0.004 0.069 0.034 0.001 0.035 22.428 0.013 22.435 23.778 0 23.782 23.228 0 23.238
0.064 0.003 0.068 0.034 0.00199999999999999 0.036 22.808 0.01 22.813 24.515 0.001 24.509 24.329 0 24.326
0.066 0.000999999999999994 0.067 0.034 0.002 0.036 22.197 0.011 22.203 23.161 0 23.171 22.854 0 22.858
0.064 0.004 0.068 0.031 0.004 0.036 22.508 0.008 22.521 23.917 0 23.923 23.611 0 23.608
0.062 0.005 0.067 0.03 0.005 0.035 22.127 0.012 22.142 23.224 0 23.226 23.038 0 23.038
0.064 0.003 0.067 0.034 0.002 0.036 22.459 0.012 22.466 24.192 0 24.187 24.07 0 24.064
0.064 0.004 0.068 0.034 0.002 0.036 22.949 0.013 22.956 24.547 0 24.542 24.485 0 24.48
0.061 0.003 0.064 0.031 0.004 0.035 22.759 0.011 22.764 24.619 0 24.613 24.453 0 24.447
0.061 0.00600000000000001 0.067 0.031 0.004 0.035 22.502 0.01 22.507 24.314 0 24.309 24.18 0 24.172
0.064 0.004 0.068 0.034 0.002 0.035 22.788 0.013 22.796 24.57 0 24.564 24.446 0 24.439
0.064 0.004 0.069 0.033 0.003 0.036 22.741 0.013 22.749 24.495 0 24.489 24.363 0 24.358
