0.066 0.002 0.0680000000000001 0.031 0.004 0.0349999999999999 22.47 0.016 22.481 24.218 0 24.213 24.072 0 24.066
0.066 0.003 0.069 0.033 0.002 0.035 23.038 0.014 23.046 24.411 0 24.406 24.241 0 24.234
0.065 0.003 0.067 0.033 0.00199999999999999 0.035 22.548 0.011 22.554 23.904 0 23.898 23.755 0 23.749
0.09 0.004 0.0950000000000001 0.045 0.004 0.0489999999999999 30.026 0.019 30.08 32.547 0 32.586 32.334 0 32.372
0.065 0.003 0.0679999999999999 0.03 0.006 0.036 22.465 0.018 22.478 24.257 0 24.252 24.134 0 24.128
0.064 0.004 0.067 0.033 0.003 0.036 22.469 0.012 22.475 24.233 0 24.228 24.115 0 24.109
0.059 0.005 0.064 0.031 0.003 0.035 22.485 0.014 22.493 24.441 0 24.436 24.307 0 24.301
0.0669999999999999 0 0.067 0.032 0.003 0.035 22.037 0.017 22.048 23.833 0 23.828 23.608 0 23.603
0.065 0.002 0.067 0.033 0.003 0.035 22.488 0.016 22.499 24.236 0 24.232 24.12 0 24.113
0.061 0.007 0.067 0.033 0.002 0.036 22.491 0.011 22.497 24.297 0 24.291 24.195 0 24.189
0.0679999999999999 0.001 0.099 0.033 0.003 0.036 23.321 0.01 23.325 25.049 0 25.044 24.949 0 24.943
0.063 0.008 0.0840000000000001 0.032 0.004 0.036 23.263 0.014 23.271 25.116 0 25.111 24.992 0 24.987
0.059 0.004 0.063 0.032 0.002 0.034 22.128 0.015 22.138 23.966 0 23.961 24.245 0 24.239
0.064 0.004 0.068 0.032 0.003 0.035 22.661 0.012 22.668 24.436 0 24.431 24.272 0 24.266
0.0610000000000001 0.007 0.068 0.034 0.00199999999999999 0.036 22.743 0.017 22.754 24.118 0 24.118 23.274 0 23.273
0.064 0.003 0.068 0.034 0.001 0.035 22.342 0.023 22.36 24.11 0 24.105 23.997 0 23.991
0.063 0.005 0.068 0.033 0.003 0.036 23.081 0.011 23.086 24.81 0 24.804 24.672 0 24.666
0.061 0.007 0.068 0.033 0.003 0.036 22.518 0.017 22.529 24.277 0 24.272 24.132 0 24.126
0.064 0.004 0.068 0.033 0.002 0.036 23.445 0.008 23.447 25.36 0 25.355 25.08 0 25.076
0.066 0.001 0.067 0.032 0.003 0.036 22.58 0.013 22.587 24.281 0 24.277 24.152 0 24.145
0.063 0.005 0.068 0.031 0.004 0.036 22.548 0.009 22.551 24.314 0 24.31 24.173 0 24.168
0.061 0.002 0.063 0.032 0.004 0.036 22.78 0.015 22.788 24.449 0.001 24.452 23.918 0 23.92
0.063 0.004 0.068 0.034 0.002 0.035 22.58 0.012 22.588 24.446 0 24.442 24.248 0 24.242
0.069 0.001 0.0720000000000001 0.032 0.004 0.036 23.296 0.013 23.303 25.065 0 25.06 24.901 0 24.896
0.064 0.005 0.069 0.034 0.002 0.035 24.655 0.014 24.663 26.09 0 26.084 26.458 0 26.453
0.061 0.007 0.068 0.035 0.001 0.036 22.689 0.016 22.699 24.438 0 24.434 24.286 0 24.28
0.064 0.004 0.069 0.034 0.002 0.035 24.804 0.012 24.811 26.647 0 26.641 26.353 0 26.347
0.065 0.00199999999999999 0.067 0.033 0.003 0.035 22.461 0.013 22.469 24.16 0 24.156 24.045 0.001 24.039
0.065 0.003 0.0680000000000001 0.032 0.003 0.0349999999999999 22.372 0.012 22.379 24.19 0 24.185 24.024 0 24.018
0.066 0.006 0.0750000000000001 0.041 0.004 0.045 26.543 0.211 27.377 28.791 0.228 29.741 24.499 0.012 24.546
0.064 0.004 0.068 0.034 0.00199999999999999 0.0359999999999999 23.63 0.011 23.635 25.301 0 25.296 25.192 0 25.186
0.0610000000000001 0.007 0.068 0.032 0.004 0.035 22.485 0.01 22.491 24.268 0 24.263 24.121 0 24.115
0.064 0.004 0.068 0.035 0 0.035 22.403 0.01 22.408 24.181 0 24.175 24.027 0 24.02
0.063 0.004 0.067 0.034 0.002 0.036 22.4 0.013 22.407 24.193 0 24.188 24.073 0 24.066
0.065 0.004 0.07 0.031 0.004 0.035 22.606 0.009 22.611 24.351 0 24.348 24.209 0 24.205
0.063 0.004 0.067 0.033 0.003 0.037 22.676 0.016 22.685 24.403 0 24.399 24.275 0 24.27
0.069 0.00199999999999999 0.073 0.032 0.004 0.036 23.585 0.01 23.59 25.174 0 25.169 25.081 0 25.077
0.069 0.003 0.12 0.029 0.007 0.0359999999999999 23.512 0.017 23.523 25.337 0 25.331 25.213 0 25.208
0.065 0.002 0.067 0.032 0.004 0.036 22.265 0.009 22.269 23.955 0 23.949 24.011 0 24.005
0.066 0.00600000000000001 0.072 0.033 0.003 0.037 23.072 0.016 23.082 24.768 0 24.764 24.503 0 24.507
0.063 0.005 0.068 0.034 0.001 0.036 22.751 0.015 22.76 24.444 0 24.438 24.333 0 24.328
0.065 0.003 0.068 0.034 0.002 0.036 22.572 0.016 22.582 24.317 0 24.312 24.195 0 24.189
0.06 0.005 0.064 0.03 0.004 0.035 22.473 0.012 22.48 24.238 0 24.232 24.101 0 24.095
0.065 0.003 0.0680000000000001 0.03 0.005 0.0349999999999999 22.657 0.019 22.671 24.509 0 24.504 24.344 0 24.338
0.06 0.008 0.068 0.033 0.002 0.035 22.298 0.01 22.304 24.037 0 24.032 23.926 0 23.92
0.067 0.007 0.347 0.034 0.00199999999999999 0.037 22.501 0.019 22.513 24.433 0.001 24.481 24.483 0 24.479
0.059 0.003 0.063 0.034 0.001 0.034 22.083 0.009 22.086 24.267 0 24.262 24.245 0 24.239
0.065 0.003 0.068 0.035 0.001 0.036 22.778 0.012 22.784 24.388 0 24.388 23.773 0 23.778
0.063 0.004 0.0670000000000001 0.031 0.004 0.0349999999999999 22.622 0.009 22.625 24.27 0 24.265 23.893 0 23.887
0.066 0.00199999999999999 0.068 0.033 0.003 0.036 22.378 0.014 22.387 24.134 0 24.13 24.008 0 24.002
0.062 0.006 0.068 0.031 0.004 0.035 22.725 0.013 22.733 24.47 0 24.465 24.328 0 24.321
0.064 0.004 0.068 0.033 0.002 0.035 24.802 0.009 24.805 26.157 0 26.151 26.277 0 26.271
0.067 0.005 0.098 0.033 0.003 0.037 23.611 0.013 23.618 25.495 0 25.49 25.359 0 25.354
0.069 0.002 0.07 0.036 0 0.035 22.983 0.017 22.997 24.771 0 24.766 24.721 0 24.717
0.087 0.00700000000000001 0.0950000000000001 0.042 0.00799999999999999 0.0499999999999999 30.16 0.018 30.213 32.669 0 32.708 32.475 0 32.514
0.064 0.004 0.0680000000000001 0.035 0.001 0.0349999999999999 22.593 0.016 22.605 24.408 0 24.403 24.274 0 24.268
0.063 0.004 0.067 0.034 0.002 0.036 23.529 0.021 23.544 25.284 0 25.278 25.123 0 25.119
0.066 0.003 0.069 0.034 0.002 0.036 22.812 0.011 22.817 24.584 0 24.579 24.427 0 24.42
0.063 0.006 0.068 0.032 0.004 0.036 22.815 0.03 22.866 24.47 0.019 24.516 24.379 0.002 24.376
0.065 0.005 0.069 0.033 0.002 0.035 22.558 0.011 22.564 24.296 0 24.291 24.182 0 24.176
0.063 0.004 0.068 0.035 0.001 0.036 22.583 0.011 22.588 24.297 0 24.293 24.178 0 24.172
0.064 0.004 0.068 0.033 0.003 0.036 23.04 0.014 23.049 24.791 0 24.785 24.731 0 24.727
0.06 0.004 0.064 0.031 0.003 0.035 22.399 0.017 22.41 24.022 0 24.017 23.886 0 23.88
0.064 0.005 0.0710000000000001 0.031 0.005 0.0359999999999999 22.957 0.016 22.967 24.764 0 24.759 24.626 0 24.62
0.064 0.004 0.067 0.033 0.00199999999999999 0.036 22.746 0.012 22.751 24.286 0 24.282 24.428 0 24.422
0.063 0.00199999999999999 0.064 0.033 0.001 0.035 24.609 0.015 24.618 26.491 0.001 26.489 26.204 0 26.2
0.065 0.002 0.067 0.033 0.00199999999999999 0.036 22.655 0.013 22.663 24.321 0.002 24.321 24.146 0 24.141
0.06 0.008 0.068 0.033 0.002 0.035 22.516 0.011 22.522 24.192 0.004 24.195 24.048 0 24.042
0.061 0.007 0.067 0.029 0.00600000000000001 0.036 22.517 0.014 22.524 24.494 0 24.49 24.375 0 24.368
0.081 0.003 0.0890000000000001 0.037 0.005 0.0419999999999999 23.973 0.113 24.332 24.183 0.001 24.179 24.043 0 24.039
0.066 0.002 0.068 0.03 0.005 0.036 23.061 0.011 23.066 24.75 0.001 24.746 24.618 0 24.613
0.065 0.00199999999999999 0.068 0.032 0.003 0.035 22.273 0.009 22.277 24.014 0 24.009 23.883 0 23.877
0.062 0.006 0.067 0.034 0.002 0.036 22.459 0.012 22.465 24.17 0 24.171 23.532 0 23.53
0.062 0.006 0.069 0.034 0.002 0.035 22.471 0.012 22.478 24.212 0 24.206 24.056 0 24.05
0.064 0.004 0.069 0.033 0.003 0.035 22.683 0.013 22.693 24.492 0 24.487 24.34 0 24.337
0.067 0.003 0.07 0.032 0.003 0.035 22.637 0.006 22.638 24.33 0 24.326 24.175 0 24.168
0.0610000000000001 0.006 0.07 0.033 0.003 0.036 23.522 0.014 23.53 25.255 0 25.25 25.105 0 25.099
0.067 0.005 0.117 0.032 0.003 0.035 22.625 0.01 22.63 24.43 0 24.424 24.286 0 24.28
0.061 0.006 0.068 0.034 0.002 0.036 22.892 0.015 22.902 24.296 0 24.291 24.524 0 24.517
0.065 0.005 0.069 0.031 0.005 0.036 25.031 0.011 25.036 26.678 0 26.672 26.529 0 26.523
0.066 0.002 0.068 0.034 0.001 0.035 22.519 0.014 22.528 24.218 0 24.212 24.055 0 24.05
0.063 0.005 0.068 0.033 0.003 0.035 22.228 0.01 22.233 23.99 0 23.985 23.856 0 23.849
0.064 0.003 0.068 0.033 0.003 0.035 23.084 0.018 23.096 24.798 0 24.793 24.632 0 24.626
0.066 0.00199999999999999 0.067 0.032 0.003 0.036 22.269 0.011 22.275 23.998 0 23.992 23.841 0 23.835
0.064 0.004 0.067 0.032 0.003 0.036 22.472 0.01 22.477 24.264 0 24.259 24.092 0 24.085
0.067 0.003 0.116 0.03 0.006 0.036 22.845 0.018 22.858 24.677 0 24.672 24.534 0 24.529
0.064 0.005 0.069 0.032 0.003 0.036 23.642 0.012 23.648 25.343 0 25.338 25.083 0 25.077
0.0649999999999999 0.003 0.067 0.034 0.001 0.036 22.715 0.01 22.719 24.413 0 24.408 24.257 0 24.251
0.065 0.002 0.067 0.033 0.003 0.036 23.537 0.015 23.547 25.353 0 25.347 25.206 0 25.2
0.063 0.005 0.067 0.033 0.002 0.036 22.484 0.016 22.493 24.246 0 24.241 24.137 0 24.132
0.064 0.005 0.071 0.034 0.002 0.035 23.019 0.015 23.03 24.814 0 24.807 24.673 0 24.668
0.064 0.003 0.068 0.035 0.001 0.036 22.944 0.008 22.946 24.419 0 24.415 24.317 0 24.31
0.062 0.001 0.063 0.03 0.004 0.035 22.436 0.017 22.447 24.225 0 24.22 24.087 0 24.081
0.056 0.007 0.064 0.034 0.001 0.035 22.477 0.008 22.48 24.333 0 24.328 24.192 0 24.186
0.065 0.004 0.0710000000000001 0.034 0.002 0.036 23.014 0.015 23.023 25.042 0 25.037 24.865 0 24.86
0.065 0.002 0.067 0.033 0.003 0.036 22.551 0.018 22.563 24.381 0 24.376 24.23 0 24.224
0.0679999999999999 0 0.0690000000000001 0.033 0.002 0.0359999999999999 22.596 0.016 22.607 24.354 0 24.349 24.204 0 24.198
0.067 0.001 0.0710000000000001 0.032 0.004 0.036 22.566 0.014 22.574 24.457 0 24.452 24.287 0 24.281
0.092 0.003 0.0950000000000001 0.0449999999999999 0.004 0.0489999999999999 30.826 0.016 30.878 33.131 0 33.17 32.97 0 33.009
0.067 0.002 0.069 0.032 0.004 0.036 22.599 0.016 22.61 24.347 0 24.341 24.238 0 24.232
0.064 0.003 0.067 0.033 0.00199999999999999 0.035 22.508 0.014 22.516 24.224 0 24.22 24.095 0 24.088
0.065 0.003 0.068 0.031 0.004 0.035 23.492 0.014 23.501 25.257 0 25.251 25.152 0 25.147
0.061 0.005 0.066 0.033 0.003 0.0359999999999999 22.933 0.012 22.956 24.692 0.001 24.705 24.579 0.000999999999999987 24.593
0.064 0.003 0.067 0.032 0.004 0.035 22.558 0.02 22.573 24.27 0 24.264 24.123 0 24.117
0.061 0.002 0.063 0.03 0.004 0.034 22.259 0.019 22.272 24.428 0 24.422 24.388 0 24.382
0.067 0.001 0.068 0.032 0.004 0.035 22.35 0.014 22.358 24.134 0 24.13 23.989 0 23.983
0.06 0.008 0.068 0.032 0.003 0.035 23.592 0.011 23.598 25.404 0 25.398 25.272 0 25.267
0.064 0.004 0.068 0.035 0.000999999999999994 0.036 22.734 0.01 22.739 24.497 0 24.492 24.34 0 24.334
0.06 0.004 0.065 0.033 0.003 0.036 22.991 0.011 22.996 24.708 0 24.703 24.593 0 24.588
0.064 0.005 0.069 0.031 0.004 0.035 22.622 0.011 22.628 24.322 0 24.317 24.188 0 24.182
0.066 0.001 0.067 0.028 0.008 0.036 22.486 0.009 22.491 24.255 0.001 24.251 24.124 0 24.118
0.062 0.00799999999999999 0.095 0.03 0.00600000000000001 0.036 23.148 0.013 23.156 24.937 0 24.932 24.785 0 24.779
0.066 0.003 0.105 0.033 0.003 0.035 22.741 0.00900000000000001 22.746 24.477 0 24.472 24.339 0 24.334
0.065 0.005 0.093 0.034 0.002 0.036 23.364 0.011 23.37 25.195 0 25.19 25.018 0 25.013
0.065 0.004 0.069 0.036 0 0.036 23.03 0.016 23.041 24.75 0 24.744 24.666 0 24.662
0.064 0.004 0.069 0.032 0.004 0.036 22.503 0.01 22.507 24.258 0 24.255 24.155 0 24.148
0.062 0.006 0.068 0.032 0.003 0.035 22.427 0.012 22.432 24.185 0 24.181 23.73 0 23.722
0.068 0.002 0.07 0.033 0.003 0.036 22.526 0.015 22.537 24.258 0 24.255 24.139 0 24.134
0.06 0.00700000000000001 0.067 0.032 0.004 0.035 22.535 0.016 22.547 24.264 0 24.259 24.123 0 24.117
0.067 0.003 0.096 0.033 0.003 0.036 22.793 0.019 22.806 24.629 0 24.624 24.506 0 24.501
0.0679999999999999 0.001 0.104 0.031 0.005 0.036 23.099 0.01 23.103 24.806 0 24.802 24.649 0 24.643
0.058 0.004 0.062 0.033 0.001 0.034 21.966 0.018 21.979 23.8 0 23.796 24.076 0 24.071
0.059 0.006 0.065 0.032 0.003 0.035 22.634 0.007 22.636 24.387 0 24.383 24.26 0 24.253
0.068 0.001 0.068 0.032 0.003 0.036 23.523 0.013 23.53 25.225 0 25.219 25.142 0 25.137
0.061 0.00600000000000001 0.067 0.029 0.007 0.036 22.863 0.018 22.875 24.582 0 24.577 24.458 0 24.453
0.064 0.004 0.068 0.032 0.004 0.035 23.582 0.01 23.586 25.226 0 25.222 25.146 0 25.139
0.061 0.004 0.066 0.035 0.000999999999999994 0.035 22.491 0.015 22.501 24.29 0 24.285 24.119 0 24.113
0.062 0.00600000000000001 0.069 0.034 0.002 0.035 22.809 0.005 22.809 24.559 0 24.554 24.453 0 24.447
0.071 0.007 0.081 0.032 0.003 0.035 22.815 0.013 22.823 24.611 0 24.606 24.458 0 24.453
0.065 0.003 0.068 0.034 0.00199999999999999 0.036 23.612 0.017 23.623 25.313 0.001 25.308 25.113 0 25.108
0.065 0.004 0.069 0.032 0.003 0.035 22.74 0.015 22.749 24.406 0 24.402 24.267 0 24.26
0.063 0.005 0.068 0.035 0.001 0.035 22.709 0.01 22.715 24.484 0 24.479 24.363 0 24.357
0.062 0.005 0.068 0.034 0.001 0.036 22.518 0.02 22.532 24.267 0 24.262 24.115 0 24.109
0.068 0.001 0.069 0.034 0.002 0.035 22.784 0.00899999999999999 22.789 24.498 0 24.493 24.402 0 24.397
0.069 0.001 0.085 0.032 0.004 0.035 22.543 0.015 22.552 24.414 0 24.41 24.224 0 24.217
0.066 0.00199999999999999 0.067 0.031 0.005 0.036 22.681 0.008 22.684 24.186 0 24.181 24.319 0 24.313
0.062 0.005 0.068 0.034 0.002 0.036 22.71 0.013 22.717 24.484 0 24.48 24.349 0 24.342
0.065 0.003 0.068 0.029 0.006 0.035 22.333 0.012 22.34 24.141 0 24.136 23.999 0 23.993
0.064 0.00600000000000001 0.07 0.035 0.001 0.036 22.639 0.012 22.645 24.29 0 24.285 24.12 0 24.114
0.064 0.004 0.0710000000000001 0.035 0.001 0.0359999999999999 22.746 0.015 22.755 24.541 0 24.536 24.412 0 24.405
0.063 0.005 0.068 0.033 0.003 0.036 22.594 0.014 22.603 24.562 0 24.558 24.404 0 24.398
0.064 0.004 0.087 0.032 0.004 0.036 22.684 0.011 22.689 24.417 0 24.413 24.313 0 24.307
0.065 0.005 0.07 0.035 0 0.035 23.078 0.012 23.086 24.64 0 24.642 24.041 0 24.044
0.064 0.003 0.067 0.032 0.004 0.036 22.507 0.014 22.516 24.264 0 24.259 24.127 0 24.121
0.06 0.003 0.063 0.031 0.004 0.035 22.768 0.012 22.775 24.549 0 24.544 24.381 0 24.375
0.067 0.004 0.07 0.032 0.003 0.036 22.479 0.014 22.487 24.186 0 24.181 24.07 0 24.063
0.063 0.005 0.068 0.035 0.001 0.036 22.729 0.014 22.737 24.48 0 24.474 24.326 0 24.32
0.066 0.00199999999999999 0.068 0.033 0.003 0.036 22.361 0.015 22.37 24.146 0 24.14 24.004 0 23.998
0.065 0.003 0.067 0.034 0.001 0.036 23.064 0.012 23.069 24.785 0.001 24.781 24.609 0 24.603
0.062 0.007 0.069 0.035 0.001 0.036 22.911 0.016 22.922 24.721 0 24.716 24.567 0 24.562
0.064 0.005 0.067 0.034 0.001 0.035 22.868 0.012 22.874 24.596 0 24.592 24.476 0 24.471
0.064 0.004 0.068 0.034 0.002 0.035 22.318 0.012 22.325 24.041 0 24.037 23.911 0 23.906
0.063 0.005 0.067 0.031 0.004 0.036 22.448 0.009 22.452 23.978 0 23.972 23.707 0.001 23.703
0.064 0.004 0.068 0.029 0.007 0.036 22.715 0.011 22.72 24.521 0 24.516 24.386 0 24.381
0.057 0.00600000000000001 0.063 0.032 0.003 0.035 22.177 0.015 22.187 24.17 0 24.166 24.296 0 24.289
0.064 0.003 0.067 0.033 0.001 0.034 22.882 0.012 22.889 24.72 0 24.715 24.589 0 24.584
0.062 0.00600000000000001 0.068 0.033 0.003 0.036 22.958 0.012 22.966 24.149 0 24.155 23.804 0 23.806
0.065 0.003 0.068 0.035 0.001 0.036 22.365 0.014 22.374 24.099 0 24.094 23.876 0 23.873
0.068 0.000999999999999994 0.069 0.031 0.004 0.035 22.382 0.004 22.381 24.103 0 24.098 23.985 0 23.979
0.062 0.006 0.067 0.034 0.002 0.036 23.073 0.017 23.084 24.857 0 24.852 24.752 0 24.747
0.063 0.00600000000000001 0.069 0.034 0.001 0.035 23.023 0.018 23.036 24.782 0 24.776 24.686 0 24.681
0.0679999999999999 0.001 0.101 0.034 0.002 0.0359999999999999 22.891 0.016 22.902 24.747 0 24.742 24.607 0 24.601
0.062 0.005 0.067 0.032 0.003 0.035 22.112 0.016 22.123 23.889 0 23.883 23.754 0 23.748
0.064 0.004 0.069 0.034 0.00199999999999999 0.036 22.639 0.01 22.646 24.373 0 24.368 24.22 0 24.217
0.065 0.003 0.067 0.034 0.000999999999999994 0.036 22.79 0.014 22.799 24.481 0 24.475 24.351 0 24.345
0.06 0.004 0.0640000000000001 0.031 0.004 0.0339999999999999 23.036 0.012 23.043 24.82 0 24.815 24.662 0 24.657
0.067 0.005 0.072 0.032 0.003 0.036 23.096 0.016 23.105 24.854 0 24.849 24.715 0 24.71
0.063 0.005 0.068 0.033 0.003 0.036 23.698 0.011 23.703 25.404 0 25.397 25.339 0 25.335
0.064 0.003 0.068 0.035 0.001 0.035 22.697 0.006 22.698 24.257 0.001 24.254 23.926 0 23.919
0.065 0.003 0.067 0.034 0.000999999999999994 0.036 22.43 0.011 22.435 24.152 0 24.146 24.017 0 24.011
0.067 0.003 0.0940000000000001 0.035 0.001 0.0349999999999999 22.828 0.015 22.839 24.669 0 24.664 24.539 0 24.534
0.066 0.002 0.067 0.032 0.003 0.035 22.351 0.012 22.359 24.11 0 24.105 23.981 0 23.975
0.064 0.004 0.068 0.033 0.003 0.036 22.435 0.016 22.446 24.222 0 24.217 24.101 0 24.095
0.06 0.007 0.066 0.034 0.002 0.036 22.491 0.016 22.502 24.228 0 24.222 24.107 0 24.101
0.068 0.004 0.072 0.035 0.004 0.039 27.65 0.016 27.66 29.414 0 29.407 29.32 0 29.314
0.066 0.00499999999999999 0.0700000000000001 0.031 0.005 0.0359999999999999 24.866 0.016 24.876 26.701 0.001 26.696 26.616 0 26.611
0.061 0.004 0.0649999999999999 0.035 0 0.036 22.449 0.016 22.46 24.16 0 24.155 24.036 0 24.03
0.063 0.005 0.068 0.032 0.003 0.035 22.618 0.013 22.626 24.298 0 24.293 24.165 0 24.16
0.064 0.006 0.072 0.03 0.00600000000000001 0.036 23.705 0.00599999999999999 23.706 25.558 0 25.552 25.411 0 25.405
0.061 0.006 0.067 0.034 0.002 0.036 22.293 0.009 22.297 24.05 0 24.045 23.934 0 23.928
0.063 0.004 0.067 0.032 0.004 0.035 22.345 0.015 22.355 24.109 0 24.105 23.978 0 23.972
0.067 0.001 0.068 0.03 0.005 0.035 22.433 0.014 22.442 24.275 0 24.27 24.144 0 24.137
0.065 0.003 0.068 0.036 0 0.036 23.118 0.014 23.126 24.773 0 24.768 24.659 0 24.653
0.065 0.005 0.07 0.033 0.003 0.036 22.434 0.012 22.439 24.159 0 24.154 24.05 0 24.043
0.062 0.006 0.067 0.034 0.002 0.035 22.558 0.00899999999999999 22.563 24.223 0.001 24.218 24.1 0 24.094
0.066 0.001 0.067 0.032 0.003 0.035 22.64 0.014 22.649 24.363 0 24.357 24.237 0 24.232
0.059 0.009 0.068 0.032 0.004 0.036 22.495 0.012 22.502 24.221 0 24.216 24.09 0 24.085
0.065 0.006 0.071 0.032 0.004 0.036 22.52 0.016 22.53 24.24 0 24.235 24.127 0 24.121
0.065 0.003 0.067 0.033 0.00199999999999999 0.035 22.487 0.008 22.49 24.187 0 24.182 24.045 0 24.039
0.063 0.005 0.068 0.034 0.002 0.035 22.925 0.009 22.929 24.707 0 24.702 24.563 0 24.558
0.066 0.002 0.068 0.033 0.002 0.036 22.415 0.011 22.42 24.185 0 24.181 24.036 0 24.03
0.063 0.005 0.068 0.035 0.001 0.036 23.569 0.014 23.577 25.391 0 25.387 25.143 0.00399999999999999 25.143
0.063 0.004 0.068 0.03 0.006 0.036 22.527 0.015 22.537 24.247 0 24.242 24.143 0.002 24.142
0.063 0.00600000000000001 0.069 0.034 0.00199999999999999 0.035 22.622 0.013 22.631 24.335 0 24.33 24.202 0.001 24.199
0.06 0.00800000000000001 0.068 0.035 0.000999999999999994 0.035 22.926 0.017 22.937 24.736 0 24.732 24.59 0 24.584
0.063 0.004 0.067 0.034 0.002 0.036 22.32 0.01 22.325 24.066 0 24.063 23.941 0 23.934
0.067 0.004 0.103 0.034 0.001 0.036 24.971 0.00899999999999999 24.974 26.825 0 26.819 26.589 0 26.583
0.071 0.003 0.073 0.038 0.001 0.04 27.397 0.00899999999999999 27.4 28.792 0 28.784 29.246 0 29.241
0.064 0.005 0.069 0.031 0.004 0.036 22.361 0.016 22.371 24.154 0 24.148 24 0 23.994
0.06 0.006 0.067 0.032 0.004 0.036 22.375 0.013 22.382 24.046 0 24.041 23.916 0.001 23.909
0.061 0.007 0.068 0.033 0.00199999999999999 0.035 22.671 0.017 22.684 24.376 0 24.372 24.208 0 24.204
0.063 0.004 0.068 0.033 0.003 0.035 22.926 0.013 22.934 24.638 0 24.633 24.472 0 24.466
0.058 0.005 0.063 0.034 0 0.034 22.217 0.012 22.224 24.219 0 24.214 24.233 0 24.231
0.065 0.004 0.095 0.032 0.004 0.036 22.547 0.012 22.554 24.362 0 24.356 24.194 0 24.188
0.058 0.01 0.07 0.031 0.005 0.036 22.541 0.00799999999999999 22.543 24.51 0 24.505 24.369 0 24.364
0.06 0.007 0.067 0.034 0.002 0.035 22.357 0.00799999999999999 22.361 24.122 0 24.117 23.991 0 23.985
0.065 0.003 0.0680000000000001 0.033 0.002 0.035 23.055 0.012 23.061 24.815 0 24.81 24.69 0 24.685
0.064 0.005 0.07 0.031 0.004 0.035 22.675 0.012 22.681 24.376 0 24.371 24.261 0.001 24.256
0.063 0.005 0.068 0.035 0.001 0.037 22.744 0.012 22.749 24.508 0 24.503 24.37 0.000999999999999994 24.365
0.066 0.004 0.086 0.035 0.001 0.036 22.91 0.013 22.918 24.76 0 24.754 24.607 0 24.602
0.066 0.003 0.068 0.032 0.004 0.036 23.044 0.01 23.049 24.863 0 24.858 24.676 0 24.671
0.064 0.004 0.068 0.033 0.003 0.036 23.238 0.01 23.242 24.726 0 24.721 24.401 0 24.396
0.061 0.004 0.064 0.034 0.001 0.035 23.116 0.019 23.13 24.965 0 24.961 24.806 0 24.801
0.065 0.002 0.066 0.034 0.002 0.036 22.359 0.01 22.365 23.772 0 23.771 23.046 0 23.052
0.065 0.003 0.069 0.034 0.002 0.035 22.142 0.008 22.159 23.695 0.001 23.702 23.422 0 23.417
0.067 0.003 0.0910000000000001 0.033 0.002 0.0349999999999999 23.398 0.013 23.406 25.234 0 25.229 25.151 0 25.145
0.066 0.003 0.0870000000000001 0.036 0 0.0359999999999999 22.646 0.014 22.654 24.415 0 24.411 24.303 0 24.296
0.063 0.004 0.067 0.034 0.002 0.036 22.569 0.012 22.575 24.266 0 24.261 24.149 0 24.143
0.063 0.005 0.068 0.028 0.007 0.035 22.755 0.015 22.765 24.508 0 24.502 24.35 0 24.345
0.065 0.005 0.07 0.033 0.002 0.036 22.964 0.015 22.973 24.784 0 24.778 24.597 0 24.592
0.065 0.004 0.07 0.033 0.003 0.035 22.555 0.016 22.566 24.259 0 24.253 24.109 0 24.102
0.064 0.004 0.068 0.033 0.002 0.035 22.615 0.005 22.615 24.348 0 24.343 24.261 0 24.255
0.062 0.008 0.07 0.034 0.002 0.036 22.852 0.00899999999999999 22.855 24.727 0 24.722 24.578 0 24.572
0.067 0.003 0.07 0.033 0.002 0.035 22.429 0.016 22.44 24.188 0 24.183 24.049 0 24.043
0.064 0.004 0.068 0.033 0.003 0.036 24.634 0.021 24.649 26.146 0 26.139 25.917 0 25.912
0.067 0.002 0.068 0.035 0 0.036 22.796 0.014 22.804 24.518 0 24.513 24.35 0 24.345
0.063 0.005 0.068 0.03 0.005 0.035 22.526 0.014 22.534 24.234 0 24.23 24.121 0 24.115
0.064 0.004 0.067 0.033 0.003 0.036 22.402 0.014 22.411 24.202 0 24.197 24.071 0 24.065
0.065 0.004 0.069 0.035 0.001 0.036 22.595 0.01 22.6 24.301 0 24.296 24.193 0 24.188
0.064 0.004 0.068 0.032 0.004 0.036 22.588 0.012 22.604 23.929 0 23.934 23.583 0 23.581
0.066 0.001 0.067 0.031 0.005 0.036 22.671 0.00800000000000001 22.674 24.409 0 24.404 24.293 0 24.287
0.061 0.009 0.0880000000000001 0.035 0.001 0.036 22.914 0.015 22.924 24.709 0 24.704 24.562 0 24.557
0.063 0.00600000000000001 0.093 0.036 0 0.036 23.062 0.013 23.071 24.851 0 24.846 24.688 0 24.683
0.062 0.003 0.065 0.032 0.004 0.035 23.032 0.016 23.042 24.781 0 24.777 24.726 0 24.72
0.066 0.002 0.068 0.033 0.003 0.035 22.6 0.009 22.605 24.351 0 24.346 24.197 0 24.191
0.064 0.004 0.069 0.034 0.002 0.035 22.072 0.012 22.079 23.781 0 23.776 23.658 0 23.653
0.068 0.003 0.071 0.034 0.002 0.036 22.936 0.012 22.942 24.65 0 24.644 24.425 0 24.42
0.063 0.005 0.069 0.033 0.003 0.035 24.781 0.02 24.811 26.321 0 26.333 26.246 0 26.257
0.06 0.008 0.068 0.033 0.003 0.036 23.032 0.015 23.042 24.778 0 24.773 24.715 0 24.71
0.064 0.005 0.068 0.032 0.003 0.036 22.734 0.016 22.744 24.495 0 24.491 24.355 0 24.349
0.062 0.003 0.108 0.034 0.001 0.0349999999999999 22.55 0.014 22.559 24.336 0 24.332 24.179 0 24.173
0.066 0.003 0.069 0.035 0.001 0.036 22.327 0.015 22.337 24.098 0 24.093 23.951 0 23.946
0.06 0.00700000000000001 0.067 0.034 0.00199999999999999 0.035 22.467 0.014 22.477 24.2 0 24.195 24.055 0 24.049
0.061 0.003 0.1 0.031 0.004 0.0349999999999999 22.776 0.015 22.785 24.548 0 24.543 24.402 0 24.397
0.063 0.005 0.068 0.032 0.004 0.035 22.795 0.015 22.806 24.505 0 24.499 24.337 0 24.332
0.0639999999999999 0.004 0.069 0.032 0.004 0.035 22.585 0.013 22.594 24.374 0 24.368 24.248 0 24.242
0.063 0.001 0.0649999999999999 0.035 0 0.035 22.828 0.013 22.835 24.636 0 24.63 24.463 0 24.459
0.067 0.000999999999999994 0.068 0.034 0.002 0.036 22.823 0.01 22.828 24.54 0 24.535 24.412 0 24.406
0.064 0.006 0.103 0.035 0.001 0.0359999999999999 23.349 0.007 23.35 25.12 0 25.115 24.999 0 24.994
0.064 0.00600000000000001 0.07 0.033 0.00199999999999999 0.035 22.611 0.023 22.645 24.428 0.031 24.471 24.28 0.013 24.299
0.065 0.003 0.068 0.032 0.004 0.036 23.041 0.014 23.049 24.731 0 24.726 24.556 0 24.551
0.063 0.005 0.068 0.032 0.004 0.036 24.764 0.017 24.776 26.406 0 26.399 26.215 0 26.209
0.068 0.002 0.07 0.032 0.003 0.035 22.893 0.013 22.902 24.703 0 24.697 24.535 0.001 24.531
0.061 0.007 0.068 0.033 0.003 0.036 23.12 0.012 23.127 24.861 0.001 24.856 24.745 0 24.74
0.06 0.007 0.067 0.029 0.007 0.036 22.553 0.012 22.56 24.361 0 24.355 24.195 0 24.19
0.065 0.003 0.068 0.032 0.003 0.036 23.364 0.018 23.377 25.206 0 25.2 25.079 0 25.074
0.062 0.007 0.0720000000000001 0.034 0.00199999999999999 0.036 22.859 0.00600000000000001 22.859 24.65 0 24.645 24.49 0 24.485
0.065 0.005 0.07 0.034 0.00199999999999999 0.036 22.835 0.01 22.84 24.623 0 24.62 24.458 0 24.453
0.06 0.003 0.064 0.032 0.003 0.034 23.545 0.014 23.554 25.391 0 25.385 25.226 0 25.221
0.065 0.00700000000000001 0.072 0.033 0.003 0.036 22.813 0.008 22.816 24.675 0 24.67 24.5 0 24.495
0.063 0.005 0.067 0.032 0.003 0.036 22.473 0.013 22.481 24.183 0 24.177 24.016 0 24.01
0.064 0.004 0.0670000000000001 0.033 0.002 0.0359999999999999 22.557 0.01 22.562 24.297 0 24.292 24.173 0 24.166
0.064 0.004 0.068 0.033 0.003 0.036 23.016 0.011 23.022 24.757 0 24.75 24.575 0 24.57
0.06 0.007 0.067 0.033 0.002 0.035 22.401 0.008 22.402 24.177 0 24.173 24.036 0 24.029
0.059 0.004 0.064 0.029 0.005 0.034 22.241 0.016 22.251 24.214 0 24.209 24.377 0 24.37
0.065 0.003 0.068 0.032 0.003 0.036 22.623 0.015 22.633 24.374 0 24.37 24.256 0 24.249
0.066 0.003 0.068 0.031 0.004 0.036 22.879 0.016 22.888 24.599 0.001 24.595 24.485 0 24.481
0.064 0.003 0.067 0.033 0.003 0.036 23.524 0.022 23.54 25.323 0 25.317 25.17 0 25.166
0.063 0.005 0.068 0.032 0.004 0.036 22.597 0.013 22.605 24.337 0 24.333 24.209 0 24.203
0.058 0.005 0.063 0.032 0.002 0.035 22.343 0.01 22.347 24.335 0 24.329 24.46 0 24.455
0.065 0.003 0.067 0.034 0.001 0.036 22.652 0.013 22.66 24.397 0 24.391 24.274 0 24.269
0.06 0.008 0.068 0.035 0.001 0.036 22.883 0.015 22.893 24.792 0 24.787 24.605 0 24.6
0.059 0.008 0.067 0.034 0.002 0.036 22.662 0.015 22.673 24.364 0 24.358 24.183 0 24.177
0.065 0.004 0.068 0.03 0.005 0.036 22.677 0.014 22.686 24.413 0 24.408 24.263 0 24.257
0.061 0.005 0.0670000000000001 0.03 0.005 0.0349999999999999 22.559 0.011 22.566 24.34 0 24.335 24.193 0 24.187
0.065 0.003 0.067 0.034 0.002 0.036 22.432 0.015 22.442 24.25 0 24.245 24.104 0 24.098
0.065 0.002 0.069 0.034 0.002 0.036 22.692 0.008 22.694 24.516 0 24.511 24.359 0 24.353
0.065 0.002 0.068 0.035 0.000999999999999994 0.035 22.266 0.016 22.277 24.044 0 24.04 23.906 0 23.901
0.067 0.004 0.101 0.034 0.002 0.0359999999999999 22.993 0.019 23.007 24.807 0 24.802 24.649 0 24.643
0.066 0.001 0.0679999999999999 0.035 0.001 0.035 22.412 0.017 22.425 24.248 0 24.242 24.113 0 24.108
0.064 0.003 0.067 0.036 0 0.036 22.639 0.015 22.648 24.182 0 24.177 23.896 0 23.889
0.063 0.005 0.068 0.032 0.004 0.036 22.444 0.015 22.468 24.227 0 24.238 24.088 0 24.098
0.062 0.008 0.071 0.033 0.00199999999999999 0.035 22.953 0.016 22.964 24.705 0 24.699 24.558 0 24.554
0.067 0.001 0.067 0.03 0.005 0.036 24.591 0.008 24.591 26.06 0.001 26.056 25.734 0 25.729
0.064 0.005 0.095 0.034 0.001 0.036 23.047 0.013 23.054 24.85 0 24.844 24.688 0 24.684
0.059 0.009 0.068 0.034 0.003 0.035 22.909 0.012 22.916 24.374 0 24.378 23.736 0 23.736
0.066 0.000999999999999994 0.067 0.032 0.004 0.0359999999999999 22.628 0.014 22.637 24.384 0 24.379 24.247 0 24.241
0.0649999999999999 0.003 0.068 0.035 0.000999999999999994 0.036 22.45 0.013 22.457 24.156 0 24.151 24.047 0 24.041
0.067 0.004 0.071 0.03 0.005 0.035 23.011 0.017 23.023 24.726 0 24.72 24.63 0 24.625
0.066 0.002 0.0700000000000001 0.033 0.00199999999999999 0.0349999999999999 22.293 0.014 22.302 24.017 0.001 24.013 23.907 0 23.903
0.066 0.002 0.067 0.033 0.003 0.037 22.78 0.011 22.785 24.469 0 24.464 24.306 0 24.299
0.064 0.004 0.068 0.031 0.004 0.036 22.521 0.017 22.531 24.268 0.002 24.265 24.163 0 24.157
0.065 0.006 0.071 0.035 0 0.035 24.731 0.016 24.741 26.364 0 26.359 26.145 0 26.139
0.065 0.002 0.068 0.033 0.004 0.036 22.497 0.013 22.505 24.42 0 24.414 24.288 0 24.284
0.065 0.004 0.069 0.035 0 0.035 22.557 0.012 22.564 24.359 0 24.354 24.257 0 24.251
0.062 0.005 0.0670000000000001 0.031 0.005 0.0359999999999999 22.669 0.013 22.677 24.483 0 24.479 24.349 0 24.342
0.065 0.004 0.069 0.034 0.002 0.036 24.889 0.018 24.901 26.536 0 26.529 26.372 0 26.367
0.063 0.005 0.068 0.034 0.001 0.036 22.617 0.013 22.632 23.982 0 23.99 23.603 0 23.603
0.063 0.006 0.069 0.034 0.003 0.036 23.137 0.011 23.142 24.9 0 24.895 24.793 0 24.788
0.061 0.007 0.068 0.035 0.001 0.036 22.664 0.011 22.669 24.126 0 24.132 23.555 0 23.56
0.0669999999999999 0.003 0.072 0.034 0.002 0.035 22.678 0.011 22.685 24.446 0 24.441 24.351 0 24.344
0.064 0.00600000000000001 0.094 0.033 0.003 0.036 22.754 0.007 22.756 24.571 0 24.567 24.407 0 24.402
0.061 0.00600000000000001 0.068 0.032 0.004 0.036 22.555 0.013 22.562 24.336 0 24.332 24.2 0 24.193
0.064 0.005 0.068 0.034 0.002 0.036 22.823 0.016 22.834 24.545 0 24.54 24.431 0 24.425
0.064 0.007 0.07 0.033 0.00199999999999999 0.036 22.613 0.014 22.621 24.389 0 24.383 24.251 0 24.245
0.064 0.004 0.068 0.034 0.000999999999999994 0.035 22.535 0.013 22.542 24.255 0 24.25 24.117 0 24.111
0.064 0.005 0.069 0.035 0.001 0.036 23.532 0.007 23.534 25.448 0 25.442 25.33 0 25.325
0.067 0.003 0.07 0.032 0.004 0.035 22.548 0.01 22.553 24.114 0 24.109 23.994 0 23.988
0.067 0.003 0.07 0.028 0.00700000000000001 0.036 22.348 0.014 22.356 23.875 0 23.87 23.745 0 23.74
0.066 0.002 0.068 0.035 0.001 0.035 22.506 0.018 22.526 23.706 0.001 23.708 23.323 0 23.325
0.066 0.003 0.068 0.032 0.003 0.036 22.553 0.009 22.557 24.322 0.001 24.318 24.166 0 24.16
0.063 0.005 0.068 0.033 0.00199999999999999 0.036 22.5 0.014 22.508 24.231 0 24.226 24.076 0 24.071
0.062 0.008 0.071 0.035 0.001 0.035 23.602 0.012 23.609 25.31 0 25.304 25.156 0 25.152
0.066 0.003 0.085 0.031 0.004 0.036 22.664 0.00600000000000001 22.664 24.361 0 24.356 24.208 0 24.202
0.062 0.006 0.067 0.033 0.002 0.036 22.374 0.015 22.384 24.085 0 24.08 23.946 0 23.94
0.066 0.004 0.071 0.033 0.003 0.036 23.095 0.015 23.104 24.886 0 24.881 24.839 0 24.834
0.065 0.002 0.0679999999999999 0.032 0.003 0.035 22.387 0.01 22.393 24.226 0 24.22 24.082 0 24.077
0.062 0.006 0.069 0.032 0.004 0.035 22.708 0.00900000000000001 22.712 24.042 0 24.047 23.569 0 23.571
0.063 0.005 0.088 0.035 0.002 0.036 23.084 0.009 23.089 24.826 0 24.82 24.672 0 24.668
0.063 0.006 0.068 0.032 0.003 0.036 23.132 0.015 23.142 24.931 0 24.925 24.784 0 24.779
0.063 0.007 0.07 0.032 0.003 0.036 23.241 0.014 23.25 25.007 0 25.003 24.873 0 24.869
0.066 0.002 0.068 0.031 0.005 0.036 22.657 0.01 22.662 24.545 0 24.54 24.382 0 24.376
0.067 0.003 0.07 0.033 0.003 0.036 22.868 0.00899999999999999 22.872 24.698 0 24.692 24.577 0 24.571
0.06 0.007 0.067 0.033 0.003 0.036 22.069 0.016 22.09 23.424 0 23.428 23.058 0 23.059
0.067 0.00199999999999999 0.069 0.034 0.001 0.036 23.175 0.014 23.183 24.87 0 24.865 24.797 0 24.792
0.065 0.005 0.098 0.033 0.003 0.036 23.295 0.014 23.303 25.113 0 25.108 24.999 0 24.994
0.066 0.005 0.071 0.036 0.003 0.039 27.586 0.012 27.601 28.671 0 28.677 28.245 0 28.242
0.068 0.004 0.099 0.032 0.003 0.036 23.221 0.013 23.227 25.105 0 25.101 24.905 0 24.9
0.0659999999999999 0.003 0.099 0.032 0.004 0.035 22.778 0.009 22.782 24.55 0 24.545 24.422 0 24.417
0.064 0.004 0.067 0.033 0.002 0.036 22.446 0.016 22.457 24.295 0 24.289 24.142 0 24.137
0.065 0.003 0.068 0.034 0.002 0.036 23.434 0.012 23.441 25.192 0 25.186 25.093 0 25.088
0.063 0.004 0.0680000000000001 0.035 0.001 0.0349999999999999 22.578 0.013 22.586 24.421 0 24.416 24.31 0 24.305
0.06 0.009 0.069 0.034 0.002 0.036 22.747 0.035 22.801 24.54 0.00800000000000001 24.558 24.47 0 24.464
0.06 0.00700000000000001 0.067 0.034 0.00199999999999999 0.036 22.722 0.011 22.728 24.485 0 24.479 24.381 0 24.374
0.063 0.006 0.068 0.035 0.001 0.036 22.622 0.014 22.632 24.344 0 24.338 24.208 0.001 24.203
0.064 0.003 0.068 0.032 0.004 0.035 22.803 0.015 22.813 24.486 0 24.482 24.413 0 24.407
0.065 0.004 0.103 0.034 0.002 0.036 22.57 0.013 22.578 24.456 0 24.451 24.315 0 24.309
0.062 0.006 0.068 0.033 0.003 0.036 22.557 0.012 22.563 24.402 0 24.398 24.28 0 24.273
0.062 0.007 0.07 0.034 0.002 0.035 22.568 0.015 22.577 24.276 0 24.271 24.163 0 24.159
0.057 0.00600000000000001 0.063 0.03 0.004 0.035 22.425 0.013 22.432 24.158 0 24.154 24.016 0 24.01
0.064 0.004 0.067 0.032 0.004 0.036 22.93 0.012 22.936 24.703 0 24.699 24.549 0 24.543
0.063 0.005 0.069 0.034 0.002 0.035 22.753 0.011 22.76 24.382 0 24.377 24.296 0 24.291
0.066 0.003 0.069 0.032 0.003 0.036 23.031 0.012 23.037 24.875 0 24.87 24.706 0 24.701
0.063 0.005 0.068 0.034 0.001 0.035 22.695 0.015 22.705 24.425 0 24.42 24.308 0 24.303
0.062 0.006 0.067 0.035 0 0.036 22.408 0.019 22.421 24.139 0 24.135 24.023 0 24.017
0.061 0.004 0.093 0.033 0.002 0.035 22.867 0.011 22.872 24.644 0 24.639 24.492 0 24.487
0.06 0.00799999999999999 0.068 0.034 0.001 0.035 22.473 0.017 22.484 24.206 0 24.201 24.078 0 24.072
0.066 0.00199999999999999 0.0700000000000001 0.035 0.001 0.0359999999999999 23.022 0.017 23.033 24.763 0 24.758 24.665 0.001 24.661
0.068 0.002 0.07 0.033 0.003 0.035 23.156 0.008 23.16 25.051 0 25.045 24.9 0 24.894
0.066 0.002 0.068 0.034 0.00199999999999999 0.036 23.646 0.015 23.655 25.361 0 25.356 25.127 0 25.122
0.0649999999999999 0.005 0.091 0.035 0 0.035 23.359 0.015 23.368 25.181 0 25.176 24.945 0 24.94
0.068 0.002 0.0940000000000001 0.033 0.003 0.0359999999999999 23.248 0.013 23.257 25.119 0 25.113 24.991 0 24.985
0.065 0.003 0.068 0.031 0.004 0.035 22.67 0.014 22.678 24.439 0 24.434 24.285 0 24.279
0.064 0.005 0.069 0.031 0.005 0.036 23.523 0.007 23.54 25.19 0 25.201 25.117 0 25.128
0.058 0.01 0.068 0.031 0.004 0.036 22.748 0.00899999999999999 22.751 24.471 0 24.466 24.351 0.001 24.346
0.066 0.003 0.068 0.032 0.003 0.036 22.492 0.013 22.499 24.277 0 24.272 24.126 0 24.12
0.064 0.005 0.069 0.032 0.003 0.035 22.778 0.015 22.788 24.545 0 24.54 24.398 0 24.392
0.068 0.008 0.104 0.039 0.00199999999999999 0.041 27.086 0.2 27.841 25.702 0 25.697 25.591 0 25.584
0.0639999999999999 0.004 0.068 0.033 0.002 0.036 22.721 0.006 22.721 24.526 0.001 24.522 24.39 0 24.383
0.07 0 0.0700000000000001 0.035 0.002 0.0369999999999999 22.448 0.017 22.46 24.341 0 24.335 24.136 0 24.131
0.064 0.004 0.0710000000000001 0.034 0.002 0.0359999999999999 22.986 0.013 22.993 24.808 0 24.803 24.637 0 24.633
0.063 0.006 0.1 0.034 0.002 0.036 22.843 0.012 22.85 24.655 0.001 24.651 24.62 0 24.615
0.066 0.001 0.068 0.031 0.005 0.035 22.583 0.014 22.593 24.394 0.001 24.389 24.256 0 24.25
0.065 0.002 0.067 0.031 0.005 0.036 22.513 0.012 22.52 24.299 0 24.294 24.152 0 24.146
0.066 0.002 0.067 0.03 0.005 0.036 22.693 0.011 22.699 24.44 0 24.434 24.294 0 24.289
0.065 0.001 0.066 0.033 0.003 0.036 22.322 0.016 22.333 24.055 0 24.051 23.906 0.001 23.901
0.065 0.002 0.068 0.035 0.001 0.035 22.365 0.013 22.373 24.104 0 24.099 23.957 0 23.951
0.062 0.00600000000000001 0.068 0.034 0.00199999999999999 0.035 22.695 0.01 22.701 24.495 0 24.49 24.334 0 24.327
0.066 0.002 0.068 0.033 0.003 0.036 22.216 0.017 22.228 23.942 0.00199999999999999 23.94 23.804 0 23.798
0.063 0.005 0.069 0.033 0.003 0.036 22.741 0.017 22.752 24.533 0 24.528 24.359 0 24.353
0.064 0.004 0.11 0.029 0.00600000000000001 0.0349999999999999 22.693 0.011 22.698 24.505 0 24.5 24.362 0 24.356
0.061 0.002 0.064 0.031 0.004 0.035 22.412 0.014 22.42 24.198 0 24.194 24.067 0 24.061
0.062 0.007 0.11 0.035 0.000999999999999994 0.0359999999999999 23.15 0.013 23.158 25.026 0 25.021 24.886 0 24.88
0.064 0.005 0.109 0.031 0.005 0.0359999999999999 23.766 0.011 23.772 25.59 0 25.585 25.44 0 25.435
0.065 0.007 0.073 0.035 0.001 0.036 24.683 0.013 24.688 26.49 0 26.486 26.223 0 26.216
0.065 0.003 0.068 0.036 0 0.036 22.622 0.014 22.63 24.431 0 24.426 24.277 0 24.271
0.065 0.003 0.107 0.033 0.003 0.0359999999999999 22.901 0.011 22.906 24.659 0 24.654 24.493 0 24.489
0.069 0 0.068 0.032 0.004 0.037 22.872 0.011 22.878 24.692 0 24.687 24.545 0 24.54
0.066 0.002 0.068 0.03 0.00600000000000001 0.036 22.655 0.00799999999999999 22.658 24.395 0 24.39 24.274 0 24.268
0.067 0.001 0.067 0.031 0.004 0.036 22.875 0.014 22.884 24.568 0 24.562 24.423 0 24.42
0.059 0.004 0.063 0.03 0.004 0.035 22.182 0.009 22.186 24.269 0 24.266 24.408 0 24.404
0.061 0.007 0.068 0.032 0.003 0.036 22.596 0.014 22.604 24.439 0 24.435 24.333 0 24.327
0.065 0.002 0.067 0.033 0.003 0.0359999999999999 22.705 0.015 22.715 24.384 0 24.38 24.282 0 24.276
0.063 0.004 0.067 0.035 0 0.036 22.577 0.014 22.585 24.335 0 24.331 24.209 0 24.202
0.069 0.001 0.105 0.034 0.00199999999999999 0.035 23.538 0.019 23.553 25.28 0 25.274 25.259 0 25.254
0.064 0.001 0.065 0.031 0.004 0.035 23.181 0.009 23.185 24.903 0 24.898 25.082 0.001 25.079
0.063 0.004 0.0679999999999999 0.034 0.002 0.036 22.806 0.011 22.811 24.584 0 24.578 24.445 0 24.438
0.063 0.005 0.069 0.033 0.003 0.036 23.567 0.018 23.579 25.106 0 25.104 24.508 0 24.516
0.061 0.005 0.066 0.032 0.004 0.035 22.143 0.019 22.159 23.618 0 23.613 23.343 0 23.338
0.067 0.003 0.07 0.034 0.00199999999999999 0.037 23.086 0.009 23.093 24.332 0 24.332 23.919 0 23.921
0.066 0.003 0.068 0.032 0.003 0.036 22.311 0.008 22.312 23.955 0 23.951 23.726 0 23.727
0.064 0.003 0.067 0.031 0.004 0.035 22.433 0.012 22.44 24.046 0 24.041 23.875 0 23.869
0.067 0.002 0.068 0.031 0.004 0.035 22.424 0.012 22.429 24.249 0 24.244 24.111 0 24.105
0.066 0.004 0.097 0.035 0.001 0.036 23.118 0.014 23.125 24.857 0 24.853 24.728 0 24.722
0.065 0.003 0.068 0.033 0.003 0.036 23.705 0.01 23.709 25.369 0 25.363 25.319 0 25.314
0.066 0.003 0.069 0.031 0.005 0.036 22.784 0.012 22.791 24.611 0 24.606 24.466 0 24.461
0.0649999999999999 0.003 0.071 0.033 0.004 0.036 22.902 0.014 22.911 24.591 0 24.586 24.506 0 24.5
0.068 0.003 0.07 0.035 0.001 0.036 22.997 0.012 23.003 24.82 0 24.816 24.677 0 24.672
0.062 0.007 0.096 0.032 0.004 0.035 22.6 0.011 22.607 24.391 0 24.386 24.281 0 24.274
0.064 0.004 0.068 0.033 0.003 0.036 22.368 0.016 22.378 23.711 0 23.714 23.21 0 23.217
0.064 0.003 0.067 0.032 0.003 0.035 22.574 0.018 22.588 24.35 0 24.344 24.193 0 24.188
0.062 0.008 0.104 0.034 0.002 0.036 22.985 0.011 22.993 24.843 0 24.837 24.727 0 24.721
0.064 0.004 0.068 0.033 0.003 0.036 22.73 0.007 22.732 24.434 0 24.429 24.282 0 24.276
0.063 0.005 0.068 0.032 0.003 0.036 22.358 0.014 22.366 24.193 0 24.187 24.066 0 24.059
0.064 0.003 0.068 0.034 0.002 0.036 22.646 0.006 22.645 24.429 0 24.424 24.284 0 24.278
0.066 0.003 0.0680000000000001 0.03 0.00599999999999999 0.0359999999999999 22.774 0.012 22.781 24.478 0 24.474 24.333 0 24.327
0.062 0.002 0.0659999999999999 0.029 0.005 0.034 22.378 0.014 22.387 24.16 0 24.155 24.011 0 24.005
0.065 0.004 0.106 0.032 0.004 0.036 23.027 0.01 23.032 24.827 0 24.823 24.685 0 24.678
0.063 0.005 0.0680000000000001 0.03 0.005 0.0349999999999999 22.529 0.01 22.535 24.28 0 24.276 23.697 0 23.697
0.063 0.00600000000000001 0.104 0.031 0.005 0.036 22.852 0.014 22.861 24.688 0 24.683 24.519 0 24.514
0.063 0.005 0.068 0.033 0.002 0.035 22.529 0.009 22.533 24.288 0 24.283 24.143 0 24.138
0.065 0.004 0.069 0.033 0.003 0.036 23.64 0.011 23.645 25.183 0 25.187 24.559 0 24.568
0.063 0.006 0.067 0.032 0.003 0.036 22.697 0.01 22.702 24.435 0 24.43 24.287 0 24.283
0.065 0.003 0.068 0.035 0.001 0.035 22.427 0.012 22.434 23.895 0 23.901 23.352 0.001 23.358
0.067 0.001 0.0679999999999999 0.034 0.002 0.036 22.795 0.016 22.806 24.499 0 24.494 24.265 0 24.266
0.065 0.00199999999999999 0.068 0.031 0.005 0.035 22.807 0.014 22.816 24.364 0 24.359 24.18 0 24.174
0.065 0.004 0.069 0.035 0.001 0.036 23.047 0.012 23.055 24.77 0 24.765 24.63 0 24.626
0.066 0.003 0.069 0.034 0.002 0.036 23.049 0.012 23.07 24.852 0 24.863 24.733 0 24.743
0.068 0.002 0.07 0.034 0.001 0.035 22.797 0.011 22.803 24.543 0 24.538 24.425 0 24.419
0.067 0.001 0.068 0.033 0.003 0.036 23.472 0.013 23.48 25.237 0 25.232 25.055 0 25.049
0.063 0.006 0.069 0.035 0.001 0.036 23.555 0.00900000000000001 23.558 25.311 0 25.305 25.216 0 25.21
0.062 0.005 0.067 0.033 0.002 0.035 22.465 0.011 22.47 24.222 0.001 24.219 24.105 0 24.099
0.064 0.005 0.069 0.033 0.002 0.036 22.698 0.019 22.711 24.453 0 24.449 24.315 0 24.309
0.061 0.006 0.068 0.035 0.001 0.035 22.556 0.011 22.562 24.307 0 24.303 24.169 0 24.163
0.065 0.005 0.0920000000000001 0.033 0.003 0.0359999999999999 23.324 0.015 23.334 25.163 0 25.157 25.002 0 24.998
0.065 0.004 0.068 0.032 0.004 0.036 24.595 0.011 24.6 26.471 0 26.465 26.259 0 26.253
0.067 0.001 0.0680000000000001 0.032 0.003 0.0359999999999999 22.38 0.016 22.389 24.097 0 24.092 23.955 0.001 23.951
0.067 0.004 0.0960000000000001 0.033 0.003 0.0359999999999999 23.07 0.013 23.077 24.846 0 24.841 24.671 0 24.666
0.066 0.004 0.0990000000000001 0.033 0.003 0.0359999999999999 23.28 0.013 23.287 25.05 0 25.048 24.425 0 24.435
0.058 0.005 0.063 0.028 0.006 0.035 22.088 0.012 22.095 23.795 0 23.796 23.433 0 23.436
0.061 0.006 0.067 0.034 0.002 0.036 22.098 0.019 22.117 23.341 0 23.341 22.957 0 22.962
0.061 0.007 0.067 0.035 0.001 0.036 22.532 0.011 22.538 24.257 0.001 24.253 23.963 0 23.964
0.062 0.005 0.067 0.031 0.005 0.035 22.44 0.012 22.451 23.525 0 23.526 23.377 0 23.379
0.065 0.002 0.067 0.034 0.00199999999999999 0.035 22.149 0.013 22.158 23.935 0 23.929 23.82 0 23.814
0.056 0.007 0.063 0.03 0.004 0.034 23.002 0.021 23.016 25.017 0 25.011 25.048 0 25.051
0.062 0.005 0.0830000000000001 0.032 0.004 0.0349999999999999 22.463 0.00800000000000001 22.466 24.225 0 24.221 24.079 0 24.072
0.061 0.007 0.068 0.033 0.003 0.036 22.564 0.017 22.575 24.304 0 24.299 24.171 0 24.164
0.062 0.006 0.067 0.036 0 0.036 22.406 0.008 22.41 24.274 0 24.269 24.151 0 24.145
0.0610000000000001 0.007 0.0820000000000001 0.032 0.005 0.0359999999999999 22.561 0.01 22.566 24.332 0 24.328 24.185 0 24.178
0.0669999999999999 0.001 0.068 0.033 0.002 0.035 22.618 0.012 22.625 24.554 0 24.549 24.414 0 24.409
0.06 0.006 0.0870000000000001 0.033 0.003 0.0359999999999999 22.864 0.018 22.876 24.631 0 24.627 24.46 0 24.454
0.0679999999999999 0.002 0.0800000000000001 0.034 0.00199999999999999 0.0359999999999999 23.054 0.009 23.058 24.873 0 24.87 24.245 0 24.246
0.063 0.005 0.068 0.034 0.002 0.036 22.957 0.012 22.963 24.229 0.001 24.235 23.66 0 23.669
0.061 0.002 0.063 0.032 0.003 0.035 21.824 0.032 21.857 23.839 0.033 23.881 24.016 0.024 24.042
0.065 0.003 0.068 0.033 0.003 0.036 22.569 0.016 22.581 24.398 0 24.392 24.274 0 24.268
0.065 0.003 0.102 0.028 0.00699999999999999 0.034 22.662 0.00900000000000001 22.666 24.433 0 24.428 24.313 0 24.307
0.064 0.003 0.068 0.033 0.003 0.036 22.721 0.012 22.728 24.409 0 24.402 24.305 0 24.3
0.067 0.001 0.068 0.035 0.001 0.036 22.797 0.012 22.804 24.165 0 24.165 23.494 0 23.494
0.059 0.007 0.066 0.032 0.003 0.035 22.087 0.012 22.094 23.631 0 23.626 23.328 0 23.323
0.065 0.004 0.068 0.036 0 0.037 23.03 0.016 23.04 24.913 0 24.907 24.733 0 24.728
0.057 0.00700000000000001 0.064 0.03 0.004 0.035 22.411 0.011 22.416 24.181 0 24.176 24.048 0 24.044
0.062 0.006 0.068 0.033 0.003 0.036 22.453 0.014 22.462 24.187 0 24.183 24.046 0 24.039
0.064 0.004 0.068 0.035 0.001 0.036 22.668 0.011 22.673 24.423 0 24.418 24.3 0 24.294
0.065 0.004 0.069 0.034 0.002 0.036 22.485 0.011 22.491 24.211 0.001 24.207 24.085 0 24.08
0.064 0.003 0.067 0.032 0.003 0.035 22.366 0.013 22.374 23.897 0 23.893 23.983 0 23.977
0.062 0.005 0.067 0.033 0.003 0.036 22.45 0.013 22.457 24.251 0 24.244 24.15 0 24.144
0.063 0.005 0.068 0.031 0.004 0.035 22.654 0.011 22.658 24.429 0 24.424 24.312 0 24.306
0.063 0.004 0.0669999999999999 0.036 0 0.036 22.393 0.009 22.397 24.173 0 24.168 24.044 0 24.038
0.062 0.005 0.068 0.034 0.00199999999999999 0.035 22.504 0.013 22.512 24.205 0 24.201 24.104 0 24.098
0.061 0.007 0.067 0.034 0.002 0.036 23.052 0.017 23.064 24.789 0 24.784 24.668 0 24.663
0.063 0.005 0.068 0.033 0.003 0.035 22.362 0.00700000000000001 22.364 24.063 0 24.059 23.939 0 23.932
0.066 0.003 0.103 0.033 0.003 0.036 22.836 0.016 22.847 24.59 0 24.585 24.459 0 24.454
0.065 0.004 0.068 0.036 0 0.036 22.244 0.013 22.251 24.017 0 24.013 23.865 0 23.86
0.064 0.004 0.068 0.034 0.000999999999999994 0.035 22.782 0.016 22.793 24.553 0 24.548 24.444 0 24.437
0.073 0.002 0.0930000000000001 0.038 0.006 0.0449999999999999 27.089 0.243 27.983 28.151 0.184 28.867 24.885 0.001 24.88
0.064 0.004 0.068 0.032 0.003 0.035 22.652 0.014 22.661 24.443 0 24.438 24.358 0 24.352
0.057 0.006 0.063 0.032 0.002 0.034 21.991 0.02 22.006 23.837 0 23.832 24.103 0 24.097
0.063 0.005 0.067 0.033 0.003 0.036 23.416 0.011 23.424 24.679 0 24.676 25.036 0 25.031
0.055 0.008 0.063 0.031 0.003 0.035 22.404 0.024 22.437 24.298 0.00600000000000001 24.313 24.162 0.01 24.183
0.064 0.004 0.067 0.034 0.000999999999999994 0.036 22.552 0.011 22.556 24.27 0 24.266 24.045 0 24.039
0.065 0.001 0.067 0.031 0.005 0.035 22.387 0.018 22.4 24.136 0 24.132 24.004 0 23.997
0.067 0.001 0.068 0.035 0.001 0.036 22.284 0.011 22.29 24.014 0 24.009 23.877 0 23.871
0.066 0.002 0.068 0.033 0.003 0.036 23.002 0.011 23.008 24.813 0 24.807 24.739 0 24.733
0.062 0.002 0.064 0.029 0.005 0.034 22.701 0.014 22.71 24.485 0 24.478 24.331 0 24.326
0.063 0.00600000000000001 0.069 0.034 0.001 0.035 24.76 0.011 24.765 26.522 0 26.516 26.372 0 26.366
0.061 0.00700000000000001 0.069 0.032 0.004 0.036 22.902 0.014 22.911 24.647 0 24.641 24.516 0 24.511
0.067 0.002 0.096 0.032 0.004 0.036 22.768 0.016 22.779 24.521 0 24.515 24.441 0 24.435
0.062 0.005 0.068 0.035 0.001 0.036 22.578 0.019 22.593 23.819 0 23.827 23.397 0 23.402
0.066 0.001 0.067 0.03 0.005 0.035 22.681 0.01 22.684 24.046 0 24.042 24.217 0 24.211
0.061 0.008 0.068 0.035 0.001 0.036 23.012 0.017 23.025 24.79 0 24.785 24.648 0 24.643
0.066 0.00199999999999999 0.067 0.032 0.004 0.036 22.824 0.015 22.834 24.192 0 24.187 24.476 0 24.47
0.066 0.004 0.093 0.034 0.001 0.035 22.685 0.013 22.693 24.389 0.001 24.385 24.216 0 24.21
0.065 0.003 0.069 0.031 0.006 0.036 22.693 0.014 22.702 24.506 0 24.501 24.364 0 24.359
0.066 0.002 0.068 0.034 0.003 0.036 22.813 0.018 22.826 24.542 0 24.537 24.399 0 24.393
0.0669999999999999 0.004 0.073 0.037 0.005 0.043 26.147 0.236 26.985 24.298 0 24.293 24.252 0 24.247
0.066 0.00199999999999999 0.067 0.032 0.003 0.036 22.372 0.011 22.376 24.197 0 24.192 24.02 0 24.013
0.061 0.003 0.064 0.033 0.001 0.034 22.565 0.023 22.583 24.298 0 24.293 24.169 0 24.162
0.065 0.003 0.068 0.033 0.002 0.035 22.447 0.012 22.453 24.206 0 24.201 24.057 0 24.052
0.063 0.006 0.068 0.032 0.004 0.036 23.514 0.009 23.518 25.289 0 25.284 25.23 0 25.224
0.065 0.002 0.067 0.03 0.005 0.036 22.59 0.015 22.6 24.071 0 24.065 24.385 0 24.38
0.063 0.005 0.068 0.033 0.004 0.036 23.221 0.014 23.231 24.979 0 24.974 24.82 0 24.814
0.064 0.004 0.068 0.029 0.007 0.036 23.043 0.01 23.046 24.793 0 24.788 24.641 0 24.637
0.067 0.003 0.069 0.035 0.001 0.036 22.729 0.011 22.735 24.488 0 24.483 24.337 0 24.332
0.065 0.003 0.068 0.033 0.002 0.036 22.978 0.018 22.991 24.461 0 24.458 24.635 0 24.632
0.065 0.005 0.069 0.034 0.00199999999999999 0.036 22.689 0.015 22.699 24.508 0 24.501 24.367 0 24.36
0.063 0.005 0.067 0.033 0.002 0.036 22.532 0.011 22.537 24.386 0 24.381 24.21 0 24.204
0.065 0.003 0.067 0.03 0.005 0.035 22.581 0.017 22.592 24.328 0 24.324 24.181 0 24.175
0.065 0.003 0.068 0.035 0.001 0.036 22.989 0.019 23.003 24.805 0 24.8 24.615 0 24.61
0.065 0.004 0.069 0.028 0.007 0.036 22.583 0.015 22.592 24.26 0 24.256 24.103 0 24.097
0.065 0.003 0.068 0.034 0.001 0.035 22.68 0.012 22.687 24.455 0 24.451 24.318 0 24.311
0.059 0.006 0.09 0.03 0.004 0.035 22.903 0.015 22.913 24.613 0 24.607 24.464 0 24.459
0.065 0.004 0.068 0.033 0.002 0.036 23.655 0.019 23.668 25.435 0 25.43 25.208 0 25.202
0.066 0.003 0.095 0.034 0.003 0.036 23.892 0.007 23.893 25.607 0 25.603 25.515 0 25.508
0.061 0.003 0.064 0.033 0.001 0.034 24.166 0.019 24.179 26.035 0 26.031 26.305 0 26.298
0.065 0.00199999999999999 0.067 0.031 0.004 0.036 22.493 0.009 22.496 23.849 0 23.845 23.978 0 23.971
0.059 0.009 0.068 0.034 0.001 0.035 22.806 0.013 22.813 24.57 0.001 24.567 24.383 0 24.376
0.063 0.004 0.066 0.033 0.002 0.036 22.424 0.016 22.434 23.844 0 23.84 24.048 0 24.042
0.057 0.006 0.063 0.031 0.005 0.035 22.628 0.019 22.642 24.418 0 24.413 24.27 0 24.263
0.063 0.005 0.068 0.031 0.004 0.036 22.718 0.019 22.73 24.459 0 24.454 24.305 0 24.299
0.059 0.004 0.063 0.031 0.003 0.034 22.679 0.016 22.69 24.469 0 24.464 24.315 0 24.309
0.06 0.008 0.068 0.036 0 0.035 23.47 0.017 23.483 25.311 0 25.306 25.201 0 25.195
0.065 0.004 0.0710000000000001 0.031 0.005 0.0359999999999999 22.88 0.014 22.889 24.622 0 24.617 24.5 0 24.495
0.065 0.003 0.068 0.035 0.001 0.036 23.064 0.017 23.075 24.884 0 24.879 24.769 0 24.764
0.064 0.003 0.068 0.031 0.005 0.035 22.425 0.016 22.436 24.225 0 24.22 24.092 0 24.086
0.067 0.002 0.0710000000000001 0.034 0.001 0.0359999999999999 23.018 0.011 23.022 24.818 0 24.814 24.663 0 24.657
0.064 0.004 0.068 0.032 0.005 0.036 23.038 0.009 23.042 24.666 0 24.661 24.441 0 24.436
0.065 0.003 0.068 0.032 0.004 0.036 23.174 0.009 23.177 24.904 0 24.898 24.752 0 24.748
0.059 0.009 0.067 0.033 0.002 0.036 22.889 0.011 22.894 24.677 0 24.672 24.54 0 24.535
0.061 0.00799999999999999 0.069 0.036 0 0.036 22.844 0.01 22.848 24.977 0 24.973 24.788 0 24.782
0.062 0.005 0.067 0.028 0.008 0.036 22.527 0.011 22.532 23.988 0 23.983 23.876 0 23.872
0.066 0.002 0.068 0.032 0.003 0.036 22.743 0.018 22.755 24.61 0 24.605 24.454 0 24.448
0.063 0.004 0.067 0.033 0.003 0.036 22.442 0.017 22.468 23.826 0 23.836 23.704 0.000999999999999987 23.714
0.06 0.007 0.068 0.035 0.001 0.035 22.437 0.016 22.449 24.181 0 24.176 24.06 0 24.053
0.064 0.005 0.103 0.033 0.003 0.0359999999999999 22.784 0.00900000000000001 22.788 24.484 0 24.478 24.358 0 24.352
0.061 0.006 0.067 0.031 0.004 0.035 22.397 0.014 22.406 24.153 0 24.148 24.038 0 24.033
0.087 0.004 0.0910000000000001 0.04 0.00799999999999999 0.0479999999999999 31.938 0.011 31.987 34.44 0 34.481 34.296 0 34.336
0.064 0.004 0.068 0.035 0.001 0.036 23.055 0.016 23.065 24.697 0 24.692 24.613 0 24.608
0.064 0.005 0.068 0.03 0.005 0.036 22.679 0.012 22.686 24.384 0 24.378 24.247 0 24.241
0.065 0.004 0.068 0.034 0.001 0.035 22.551 0.013 22.558 24.328 0 24.324 24.183 0 24.177
0.064 0.004 0.068 0.033 0.002 0.036 22.536 0.014 22.551 23.925 0 23.928 23.608 0.001 23.607
0.066 0.004 0.093 0.031 0.005 0.036 23.006 0.00900000000000001 23.011 24.866 0 24.86 24.723 0 24.717
0.053 0.011 0.064 0.031 0.003 0.034 23.009 0.01 23.014 24.756 0 24.75 24.607 0 24.602
0.062 0.00700000000000001 0.07 0.033 0.003 0.035 22.681 0.00899999999999999 22.686 24.487 0 24.482 24.353 0 24.347
0.058 0.005 0.064 0.032 0.002 0.034 22.35 0.017 22.361 24.32 0 24.315 24.542 0 24.536
0.059 0.004 0.063 0.033 0.002 0.035 23.002 0.01 23.005 24.809 0 24.803 24.638 0 24.632
0.065 0.003 0.068 0.034 0.002 0.035 22.398 0.015 22.409 24.172 0 24.167 24.037 0 24.031
0.056 0.007 0.063 0.032 0.002 0.034 22.01 0.012 22.017 23.925 0 23.921 24.153 0 24.146
0.0679999999999999 0.001 0.069 0.033 0.00199999999999999 0.036 22.677 0.00800000000000001 22.68 24.442 0 24.437 24.283 0 24.277
0.06 0.00199999999999999 0.062 0.029 0.005 0.034 21.86 0.016 21.872 23.56 0 23.556 23.77 0 23.766
0.067 0.002 0.094 0.033 0.003 0.035 22.642 0.016 22.654 24.458 0 24.453 24.318 0 24.312
0.065 0.003 0.067 0.033 0.002 0.036 22.568 0.012 22.574 24.33 0 24.326 24.191 0 24.184
0.064 0.00600000000000001 0.07 0.035 0.001 0.036 23.29 0.011 23.295 25.118 0 25.112 24.997 0 24.991
0.062 0.00600000000000001 0.068 0.032 0.004 0.036 23.055 0.018 23.068 24.865 0 24.86 24.727 0 24.722
0.066 0.00199999999999999 0.067 0.032 0.003 0.036 22.391 0.01 22.396 24.169 0 24.164 24.001 0 23.996
0.063 0.007 0.092 0.032 0.003 0.036 22.444 0.022 22.46 24.203 0 24.198 24.044 0 24.038
0.067 0.001 0.068 0.033 0.003 0.036 23.188 0.012 23.205 24.65 0 24.66 24.336 0 24.331
0.064 0.002 0.067 0.035 0.001 0.036 22.327 0.00799999999999999 22.339 23.466 0 23.472 23.298 0 23.296
0.063 0.005 0.092 0.034 0.001 0.035 22.648 0.015 22.658 24.507 0 24.502 24.358 0 24.352
0.064 0.004 0.068 0.033 0.002 0.035 23.399 0.012 23.404 24.88 0 24.875 24.72 0 24.716
0.063 0.004 0.067 0.034 0.002 0.036 23.238 0.018 23.25 25.003 0 24.997 24.821 0 24.816
0.066 0.002 0.068 0.03 0.005 0.035 22.415 0.013 22.422 24.137 0 24.132 23.996 0 23.992
0.061 0.006 0.068 0.034 0.002 0.035 22.395 0.016 22.407 24.156 0.000999999999999987 24.152 24.015 0 24.009
0.064 0.004 0.068 0.034 0.001 0.035 22.449 0.008 22.452 23.944 0 23.939 24.172 0 24.166
0.067 0.001 0.0679999999999999 0.031 0.005 0.036 22.632 0.011 22.639 24.33 0 24.324 24.173 0 24.168
0.066 0.003 0.069 0.035 0.001 0.036 22.75 0.008 22.753 24.496 0 24.491 24.323 0 24.317
0.066 0.003 0.07 0.035 0.001 0.035 22.699 0.008 22.702 24.433 0 24.428 24.268 0 24.262
0.065 0.00199999999999999 0.067 0.035 0.001 0.035 22.418 0.014 22.428 23.924 0 23.92 24.123 0 24.117
0.063 0.005 0.0679999999999999 0.033 0.003 0.036 22.69 0.013 22.697 24.416 0 24.41 24.255 0 24.248
0.063 0.006 0.069 0.03 0.005 0.035 22.659 0.016 22.677 24.035 0 24.035 23.648 0 23.648
0.066 0.00199999999999999 0.068 0.033 0.003 0.036 22.746 0.019 22.759 24.515 0 24.51 24.219 0 24.218
0.063 0.005 0.068 0.034 0.001 0.036 23.064 0.01 23.068 24.833 0 24.828 24.732 0 24.727
0.066 0.00199999999999999 0.069 0.033 0.003 0.036 23.466 0.02 23.479 25.042 0 25.037 25.273 0 25.269
0.074 0.004 0.081 0.035 0.001 0.036 22.867 0.013 22.874 24.688 0 24.684 24.539 0 24.534
0.064 0.004 0.068 0.03 0.005 0.036 22.468 0.014 22.475 24.241 0 24.236 24.114 0 24.108
0.062 0.008 0.095 0.032 0.003 0.0359999999999999 22.82 0.018 22.832 24.593 0 24.588 24.466 0 24.461
0.083 0.012 0.0950000000000001 0.038 0.01 0.0489999999999999 30.475 0.022 30.532 32.946 0.001 32.985 32.775 0 32.814
0.065 0.002 0.0670000000000001 0.031 0.005 0.0349999999999999 22.371 0.023 22.407 23.807 0.00600000000000001 23.825 23.619 0.003 23.634
0.06 0.008 0.068 0.034 0.002 0.036 23.481 0.014 23.49 25.314 0.001 25.309 25.166 0 25.161
0.064 0.003 0.067 0.03 0.00600000000000001 0.035 22.349 0.022 22.38 23.806 0.01 23.827 24.011 0 24.007
0.063 0.005 0.068 0.034 0.001 0.036 22.587 0.011 22.592 24.452 0 24.447 24.288 0 24.282
0.063 0.004 0.067 0.033 0.00199999999999999 0.036 22.604 0.016 22.616 24.372 0 24.365 24.225 0 24.219
0.062 0.007 0.098 0.03 0.00600000000000001 0.0359999999999999 22.913 0.023 22.931 24.681 0 24.676 24.51 0 24.504
0.063 0.004 0.068 0.031 0.005 0.035 22.63 0.013 22.638 24.428 0 24.423 24.302 0 24.296
0.068 0.00199999999999999 0.069 0.033 0.002 0.036 22.725 0.018 22.736 24.478 0 24.472 24.342 0 24.337
0.063 0.005 0.068 0.035 0.001 0.036 22.746 0.00900000000000001 22.75 24.499 0 24.494 24.351 0 24.345
0.064 0.004 0.068 0.033 0.002 0.035 22.434 0.013 22.442 24.234 0 24.229 24.099 0 24.093
0.057 0.006 0.063 0.034 0.001 0.035 22.618 0.018 22.63 24.433 0 24.428 24.253 0 24.248
0.06 0.007 0.067 0.033 0.003 0.036 22.52 0.009 22.524 24.299 0 24.294 24.141 0 24.135
0.063 0.005 0.069 0.034 0.002 0.035 22.502 0.00899999999999999 22.507 24.219 0 24.214 24.07 0 24.064
0.06 0.007 0.067 0.034 0.00199999999999999 0.036 22.557 0.018 22.57 24.116 0 24.112 24.267 0 24.26
0.066 0.003 0.095 0.036 0 0.036 23.051 0.018 23.063 24.85 0 24.846 24.682 0 24.677
0.061 0.002 0.063 0.035 0 0.034 22.507 0.01 22.513 24.3 0 24.294 24.163 0 24.157
0.065 0.005 0.07 0.031 0.005 0.035 23.454 0.013 23.463 25.285 0 25.279 25.127 0 25.122
0.062 0.006 0.067 0.032 0.003 0.035 22.427 0.013 22.436 24.201 0 24.195 24.09 0 24.084
0.064 0.004 0.069 0.03 0.006 0.036 22.799 0.012 22.806 24.549 0 24.544 24.4 0 24.394
0.064 0.003 0.068 0.031 0.004 0.035 23.49 0.01 23.493 25.268 0 25.264 25.038 0 25.033
0.066 0.001 0.068 0.034 0.002 0.036 22.604 0.017 22.615 24.374 0 24.37 24.255 0 24.248
0.063 0.005 0.067 0.033 0.002 0.036 22.839 0.016 22.849 24.404 0 24.399 24.291 0 24.286
0.064 0.004 0.068 0.034 0.002 0.036 22.999 0.011 23.005 24.718 0 24.712 24.615 0 24.61
0.066 0.004 0.07 0.031 0.004 0.035 22.691 0.014 22.7 24.378 0 24.374 24.262 0 24.256
0.065 0.005 0.069 0.033 0.002 0.036 22.431 0.01 22.439 23.914 0 23.909 24.026 0 24.022
0.066 0.004 0.07 0.033 0.003 0.036 22.833 0.01 22.837 24.579 0 24.573 24.447 0 24.442
0.0659999999999999 0.002 0.068 0.033 0.00199999999999999 0.035 22.583 0.011 22.589 24.341 0 24.336 24.243 0 24.237
0.06 0.00700000000000001 0.068 0.033 0.003 0.036 22.403 0.01 22.408 24.158 0 24.153 24.011 0 24.005
0.065 0.003 0.068 0.036 0.001 0.035 22.646 0.01 22.652 24.488 0.001 24.483 24.347 0 24.342
0.061 0.002 0.063 0.031 0.003 0.034 22.559 0.012 22.566 24.325 0 24.32 24.21 0 24.204
0.065 0.003 0.068 0.032 0.003 0.036 22.776 0.017 22.787 24.568 0 24.562 24.428 0 24.422
0.063 0 0.064 0.033 0.002 0.034 22.499 0.009 22.503 24.253 0 24.248 24.12 0 24.114
0.061 0.008 0.0950000000000001 0.037 0 0.0359999999999999 23.011 0.015 23.021 24.773 0 24.768 24.653 0 24.649
0.093 0.002 0.0950000000000001 0.046 0.003 0.0489999999999999 30.753 0.015 30.804 33.07 0 33.109 32.893 0 32.932
0.063 0.00199999999999999 0.066 0.032 0.003 0.035 23.338 0.012 23.345 25.22 0 25.214 25.148 0 25.142
0.064 0.004 0.068 0.035 0.000999999999999994 0.036 22.524 0.015 22.534 24.295 0 24.29 24.156 0 24.15
0.065 0.002 0.067 0.031 0.004 0.035 22.46 0.013 22.467 23.868 0 23.864 24.063 0 24.058
0.065 0.004 0.068 0.033 0.003 0.0359999999999999 23.04 0.012 23.047 24.738 0 24.733 24.67 0 24.665
0.068 0.002 0.0860000000000001 0.032 0.004 0.0359999999999999 22.675 0.012 22.683 24.412 0 24.406 24.265 0 24.259
0.064 0.004 0.067 0.035 0.001 0.036 22.752 0.013 22.76 24.594 0 24.589 24.43 0.004 24.432
0.064 0.004 0.068 0.032 0.004 0.036 22.959 0.015 22.969 24.603 0 24.597 24.494 0.002 24.494
0.064 0.004 0.068 0.031 0.005 0.036 22.556 0.014 22.564 24.303 0 24.299 24.189 0.002 24.188
0.0669999999999999 0.003 0.0850000000000001 0.033 0.003 0.0359999999999999 23.933 0.007 23.934 25.717 0 25.712 25.524 0 25.518
0.061 0.005 0.0880000000000001 0.031 0.005 0.036 22.446 0.00700000000000001 22.448 24.208 0 24.203 24.075 0 24.069
0.064 0.004 0.068 0.034 0.002 0.036 23.002 0.024 23.027 24.715 0 24.709 24.688 0 24.683
0.06 0.008 0.0690000000000001 0.034 0.00199999999999999 0.0359999999999999 22.54 0.016 22.551 24.348 0 24.342 24.201 0 24.197
0.061 0.003 0.063 0.033 0.002 0.035 22.6 0.013 22.609 24.469 0 24.463 24.316 0 24.309
0.062 0.004 0.067 0.033 0.003 0.035 22.435 0.013 22.443 24.225 0.001 24.221 24.015 0 24.008
0.058 0.004 0.063 0.033 0.002 0.034 21.826 0.009 21.83 23.831 0 23.826 23.979 0 23.973
0.062 0.005 0.067 0.033 0.002 0.035 22.223 0.019 22.256 23.661 0.036 23.715 23.907 0.042 24.009
0.0639999999999999 0.004 0.069 0.036 0 0.035 22.944 0.014 22.952 24.774 0 24.77 24.637 0 24.632
0.062 0.002 0.064 0.034 0.001 0.035 22.587 0.012 22.594 24.399 0 24.394 24.249 0 24.243
0.063 0.00599999999999999 0.097 0.031 0.004 0.036 22.82 0.016 22.83 24.662 0 24.656 24.494 0 24.489
0.065 0.003 0.068 0.035 0 0.035 22.599 0.011 22.604 24.318 0 24.314 23.754 0 23.758
0.061 0.007 0.067 0.032 0.004 0.036 23.066 0.017 23.079 24.879 0 24.874 24.715 0 24.708
0.064 0.004 0.068 0.033 0.003 0.036 22.707 0.013 22.715 24.528 0 24.522 24.365 0 24.359
0.061 0.006 0.0680000000000001 0.033 0.003 0.0359999999999999 22.806 0.014 22.814 24.533 0 24.528 24.379 0 24.373
0.065 0.003 0.068 0.032 0.004 0.036 22.706 0.013 22.714 24.509 0 24.504 24.377 0 24.372
0.06 0.006 0.1 0.03 0.005 0.035 22.761 0.00900000000000001 22.764 24.502 0 24.498 24.398 0 24.392
0.063 0.004 0.068 0.034 0.00199999999999999 0.036 22.566 0.01 22.571 24.338 0 24.333 24.181 0 24.175
0.062 0.005 0.067 0.032 0.004 0.035 22.957 0.015 22.967 24.492 0 24.487 24.211 0 24.205
0.063 0.004 0.067 0.033 0.003 0.036 22.485 0.013 22.493 24.239 0 24.234 24.084 0.001 24.079
0.062 0.005 0.067 0.035 0 0.036 23.108 0.019 23.12 24.88 0 24.875 24.644 0 24.639
0.062 0.006 0.068 0.032 0.003 0.035 22.441 0.014 22.451 24.157 0 24.151 23.997 0 23.991
0.064 0.004 0.068 0.032 0.004 0.036 23.026 0.01 23.03 24.784 0 24.779 24.615 0 24.611
0.064 0.004 0.068 0.03 0.006 0.036 23.657 0.013 23.664 25.354 0 25.349 25.138 0 25.133
0.063 0.004 0.067 0.034 0.00199999999999999 0.036 22.79 0.01 22.795 24.516 0 24.511 24.384 0 24.378
0.062 0.00700000000000001 0.068 0.033 0.00199999999999999 0.035 22.333 0.009 22.338 23.871 0 23.866 23.738 0 23.733
0.059 0.008 0.068 0.032 0.003 0.035 22.358 0.018 22.371 23.772 0 23.766 23.943 0 23.938
0.062 0.007 0.069 0.031 0.005 0.036 22.875 0.012 22.882 24.724 0 24.719 24.627 0 24.621
0.066 0.00199999999999999 0.0680000000000001 0.033 0.003 0.0369999999999999 22.895 0.02 22.91 24.181 0.001 24.184 23.745 0 23.749
0.064 0.005 0.085 0.033 0.003 0.035 22.756 0.01 22.762 24.571 0 24.565 24.435 0 24.43
0.063 0.005 0.087 0.033 0.00199999999999999 0.036 24.769 0.012 24.774 26.36 0 26.355 26.181 0 26.176
0.0669999999999999 0.004 0.071 0.034 0.003 0.037 22.319 0.009 22.323 24.128 0 24.123 23.996 0 23.99
0.063 0.005 0.068 0.033 0.003 0.035 22.179 0.013 22.188 23.945 0 23.941 23.809 0 23.802
0.087 0.00699999999999999 0.094 0.045 0.004 0.05 30.78 0.02 30.835 33.23 0 33.269 33.055 0 33.094
0.055 0.007 0.062 0.032 0.003 0.035 21.863 0.011 21.869 23.806 0 23.801 24.007 0 24.001
0.0649999999999999 0.003 0.068 0.034 0.002 0.035 22.751 0.014 22.759 24.525 0 24.52 24.396 0 24.391
0.066 0.003 0.083 0.035 0 0.036 22.502 0.017 22.514 24.245 0 24.241 24.097 0 24.091
0.065 0.003 0.068 0.035 0.001 0.035 22.685 0.012 22.706 24.268 0.001 24.279 24.347 0 24.356
0.061 0.008 0.068 0.034 0.002 0.036 23.026 0.014 23.036 24.738 0 24.733 24.663 0 24.657
0.066 0.002 0.068 0.033 0.002 0.036 22.778 0.02 22.792 24.538 0 24.533 24.411 0 24.405
0.065 0.00199999999999999 0.067 0.034 0.002 0.036 22.539 0.009 22.542 24.325 0 24.32 24.189 0 24.183
0.064 0.003 0.0680000000000001 0.035 0.001 0.0349999999999999 22.618 0.014 22.627 24.357 0 24.353 24.242 0 24.236
0.061 0.006 0.068 0.032 0.004 0.035 22.949 0.014 22.958 24.53 0 24.524 24.619 0 24.614
0.058 0.006 0.063 0.03 0.004 0.035 21.866 0.013 21.874 23.766 0 23.76 23.632 0 23.628
0.06 0.007 0.068 0.033 0.003 0.036 22.814 0.00899999999999999 22.816 24.547 0 24.542 24.402 0 24.396
0.061 0.006 0.067 0.031 0.005 0.036 22.366 0.01 22.371 23.76 0 23.756 23.49 0 23.484
0.058 0.005 0.063 0.033 0.00199999999999999 0.035 22.6 0.016 22.611 24.408 0 24.402 24.27 0 24.264
0.062 0.006 0.087 0.033 0.003 0.036 22.969 0.015 22.979 24.744 0 24.74 24.601 0 24.594
0.065 0.002 0.068 0.032 0.004 0.035 22.55 0.014 22.559 24.339 0 24.334 24.197 0 24.192
0.066 0.002 0.067 0.032 0.002 0.035 22.389 0.00899999999999999 22.393 24.16 0 24.155 24.034 0 24.028
0.059 0.009 0.067 0.031 0.004 0.036 22.486 0.018 22.499 24.254 0 24.248 24.11 0 24.104
0.064 0.005 0.068 0.034 0.002 0.036 22.81 0.012 22.818 24.481 0 24.476 24.341 0 24.335
0.063 0.005 0.068 0.033 0.00199999999999999 0.036 22.422 0.01 22.426 24.152 0.001 24.149 24.047 0.001 24.042
0.06 0.004 0.063 0.033 0.002 0.034 22.812 0.009 22.816 24.527 0 24.521 24.41 0 24.405
0.063 0.00600000000000001 0.069 0.031 0.004 0.035 23.035 0.02 23.05 24.795 0 24.79 24.727 0 24.722
0.064 0.004 0.07 0.032 0.003 0.036 22.536 0.015 22.545 24.298 0 24.294 24.176 0 24.169
0.06 0.007 0.067 0.033 0.003 0.036 22.496 0.019 22.514 23.94 0 23.935 24.003 0 23.997
0.063 0.005 0.069 0.03 0.006 0.035 22.72 0.016 22.731 24.458 0 24.453 24.319 0 24.313
0.063 0.005 0.069 0.031 0.005 0.035 22.686 0.01 22.692 24.395 0 24.39 24.248 0 24.241
0.064 0.004 0.068 0.033 0.002 0.035 22.505 0.019 22.519 24.252 0 24.247 24.131 0 24.125
0.061 0.00600000000000001 0.067 0.034 0.00199999999999999 0.036 22.434 0.014 22.443 24.183 0 24.178 24.087 0 24.081
0.065 0.00199999999999999 0.067 0.032 0.004 0.036 22.479 0.014 22.488 24.034 0 24.029 23.917 0 23.912
0.063 0.004 0.068 0.034 0.002 0.035 23.072 0.012 23.08 24.87 0 24.865 24.685 0 24.68
0.067 0.004 0.07 0.035 0.001 0.037 22.84 0.012 22.847 24.599 0 24.594 24.461 0 24.456
0.06 0.00700000000000001 0.068 0.035 0.000999999999999994 0.036 22.341 0.015 22.35 23.794 0 23.8 23.341 0 23.344
0.065 0.003 0.071 0.034 0.002 0.036 23.037 0.009 23.041 24.724 0 24.719 24.6 0 24.594
0.065 0.003 0.068 0.031 0.005 0.036 22.539 0.00800000000000001 22.541 24.353 0 24.349 24.215 0 24.208
0.059 0.009 0.068 0.033 0.003 0.036 22.662 0.007 22.662 24.422 0 24.418 24.244 0 24.237
0.059 0.008 0.068 0.029 0.007 0.036 22.762 0.012 22.769 24.536 0 24.531 24.391 0 24.385
0.057 0.006 0.063 0.029 0.005 0.034 22.237 0.015 22.247 24.11 0 24.105 24.295 0 24.289
0.065 0.003 0.081 0.034 0.003 0.036 22.894 0.00799999999999999 22.898 24.686 0 24.68 24.527 0 24.522
0.058 0.01 0.089 0.031 0.004 0.036 23.538 0.016 23.548 25.25 0 25.244 25.134 0 25.129
0.066 0.002 0.067 0.033 0.002 0.036 22.562 0.011 22.568 24.384 0 24.379 24.234 0 24.228
0.087 0.00899999999999999 0.0960000000000001 0.045 0.004 0.0489999999999999 30.822 0.023 30.881 33.261 0 33.3 33.057 0 33.096
0.062 0.005 0.068 0.035 0.001 0.035 22.48 0.012 22.488 24.279 0 24.274 24.187 0 24.187
0.068 0.001 0.069 0.033 0.003 0.035 23.06 0.012 23.066 24.757 0 24.752 24.518 0 24.521
0.063 0.004 0.067 0.034 0.001 0.035 22.58 0.00899999999999999 22.583 24.262 0 24.257 24.192 0 24.187
0.069 0.003 0.071 0.033 0.002 0.036 22.815 0.012 22.823 24.577 0 24.573 24.449 0 24.445
0.065 0.002 0.067 0.035 0.000999999999999994 0.036 22.73 0.017 22.741 24.414 0 24.409 24.324 0 24.318
0.07 0.00199999999999999 0.097 0.033 0.003 0.036 23.175 0.016 23.185 25.002 0 24.997 24.831 0 24.826
0.057 0.007 0.063 0.032 0.00199999999999999 0.035 22.753 0.018 22.765 24.538 0 24.534 24.375 0 24.369
0.063 0.004 0.068 0.03 0.006 0.035 22.284 0.00700000000000001 22.287 23.737 0 23.732 23.961 0 23.955
0.062 0.005 0.068 0.036 0 0.036 22.755 0.01 22.759 24.517 0 24.512 24.371 0 24.365
0.065 0.003 0.068 0.031 0.005 0.036 22.622 0.013 22.63 24.381 0 24.376 24.217 0 24.211
0.066 0.002 0.068 0.033 0.002 0.036 22.671 0.008 22.673 24.415 0 24.409 24.232 0 24.226
0.066 0.002 0.068 0.031 0.005 0.035 22.58 0.013 22.589 24.363 0 24.358 24.227 0 24.22
0.056 0.007 0.062 0.031 0.003 0.034 22.505 0.018 22.518 24.292 0 24.287 24.159 0 24.153
0.068 0.004 0.072 0.039 0 0.039 27.76 0.014 27.771 28.937 0.001 28.945 28.402 0 28.405
0.063 0.005 0.068 0.032 0.004 0.035 21.974 0.014 21.991 23.45 0 23.454 23.149 0 23.146
0.062 0.005 0.066 0.033 0.002 0.036 22.461 0.01 22.465 23.787 0 23.788 23.434 0 23.438
0.065 0.003 0.068 0.033 0.002 0.035 22.715 0.012 22.721 24.487 0 24.483 24.361 0 24.355
0.061 0.006 0.068 0.032 0.004 0.035 22.633 0.018 22.647 24.367 0 24.362 24.227 0 24.22
0.064 0.004 0.0700000000000001 0.033 0.003 0.036 22.787 0.008 22.79 24.586 0 24.58 24.425 0 24.42
0.063 0.00600000000000001 0.0679999999999999 0.033 0.003 0.036 22.97 0.015 22.981 24.702 0 24.696 24.533 0 24.528
0.063 0.005 0.068 0.034 0.002 0.036 22.779 0.014 22.788 24.599 0 24.593 24.486 0 24.481
0.064 0.004 0.069 0.033 0.003 0.036 23.06 0.012 23.066 24.784 0 24.778 24.681 0 24.677
0.061 0.006 0.067 0.033 0.002 0.036 22.426 0.005 22.426 23.843 0 23.838 23.629 0 23.623
0.0669999999999999 0.002 0.071 0.035 0.001 0.036 22.821 0.016 22.831 24.581 0 24.576 24.474 0 24.469
0.063 0.005 0.069 0.03 0.006 0.036 23.551 0.01 23.556 25.217 0 25.212 25.18 0 25.174
0.064 0.004 0.068 0.031 0.004 0.035 22.679 0.012 22.686 24.42 0 24.415 24.278 0 24.273
0.0659999999999999 0.003 0.071 0.036 0 0.036 22.771 0.016 22.78 24.64 0 24.636 24.484 0 24.479
0.057 0.006 0.063 0.033 0.002 0.035 22.376 0.013 22.384 24.238 0 24.233 24.099 0 24.093
0.063 0.004 0.067 0.035 0.001 0.036 22.827 0.015 22.835 24.104 0 24.107 23.852 0 23.859
0.063 0.005 0.069 0.033 0.00199999999999999 0.035 22.467 0.011 22.473 24.185 0 24.179 24.052 0 24.046
0.061 0.007 0.068 0.031 0.005 0.036 22.729 0.012 22.735 24.494 0 24.489 24.347 0 24.34
0.066 0.005 0.071 0.032 0.003 0.036 22.903 0.011 22.909 24.702 0 24.695 24.554 0 24.551
0.065 0.002 0.067 0.034 0.001 0.036 22.404 0.011 22.409 24.157 0 24.152 24.016 0 24.01
0.064 0.004 0.069 0.036 0 0.035 22.766 0.012 22.773 24.62 0 24.616 24.459 0 24.453
0.063 0.004 0.068 0.034 0.00199999999999999 0.035 22.538 0.013 22.545 24.294 0 24.289 24.163 0 24.158
0.063 0.004 0.068 0.034 0.00199999999999999 0.036 22.695 0.013 22.702 24.483 0 24.479 24.35 0 24.344
0.087 0.008 0.0950000000000001 0.0439999999999999 0.005 0.0489999999999999 31.655 0.027 31.719 34.137 0 34.179 33.838 0 33.878
0.063 0.004 0.067 0.032 0.004 0.036 22.666 0.01 22.671 23.798 0.001 23.801 23.568 0 23.573
0.055 0.008 0.063 0.029 0.005 0.034 21.778 0.017 21.79 23.639 0 23.633 23.527 0 23.523
0.068 0.004 0.0740000000000001 0.035 0.001 0.0369999999999999 22.81 0.01 22.814 24.614 0 24.608 24.612 0 24.607
0.066 0.002 0.07 0.032 0.003 0.035 22.404 0.028 22.435 24.101 0.00599999999999999 24.111 24.016 0.001 24.016
0.063 0.004 0.067 0.034 0.002 0.036 22.513 0.015 22.523 24.243 0 24.239 24.156 0.001 24.15
0.066 0.002 0.067 0.033 0.002 0.036 22.392 0.01 22.399 23.669 0 23.669 23.218 0 23.223
0.062 0.005 0.066 0.032 0.003 0.035 22.535 0.019 22.55 24.223 0 24.217 24.075 0 24.075
0.064 0.003 0.067 0.026 0.009 0.035 22.626 0.011 22.632 24.321 0 24.316 24.201 0 24.195
0.064 0.004 0.068 0.034 0.002 0.035 23.206 0.014 23.215 24.96 0 24.954 24.835 0 24.83
0.066 0.003 0.068 0.032 0.003 0.036 22.688 0.013 22.696 24.478 0 24.473 24.381 0 24.375
0.063 0.005 0.067 0.033 0.002 0.035 22.481 0.013 22.488 24.245 0 24.24 24.1 0 24.094
0.055 0.009 0.064 0.031 0.003 0.034 22.747 0.011 22.753 24.492 0 24.487 24.34 0 24.335
0.064 0.004 0.068 0.035 0.000999999999999994 0.035 22.711 0.017 22.722 24.475 0.001 24.472 24.322 0 24.315
0.065 0.003 0.068 0.034 0.002 0.036 22.924 0.012 22.93 24.681 0 24.676 24.572 0 24.567
0.061 0.006 0.067 0.032 0.003 0.035 22.527 0.014 22.536 23.645 0 23.646 23.351 0 23.354
0.067 0.001 0.067 0.033 0.002 0.036 22.495 0.012 22.501 24.264 0 24.26 24.082 0 24.076
0.064 0.005 0.068 0.034 0.002 0.036 22.745 0.015 22.763 23.877 0.000999999999999987 23.887 23.783 0 23.782
0.061 0.00700000000000001 0.068 0.035 0.001 0.036 22.403 0.013 22.417 23.572 0 23.578 23.514 0 23.511
0.063 0.005 0.069 0.034 0.002 0.036 23.163 0.019 23.176 24.882 0 24.876 24.341 0 24.347
0.063 0.005 0.068 0.033 0.003 0.036 23.425 0.016 23.435 25.162 0 25.157 25.035 0 25.03
0.061 0.008 0.0720000000000001 0.032 0.004 0.0359999999999999 23.098 0.014 23.107 24.864 0 24.859 24.784 0 24.779
0.06 0.008 0.068 0.034 0.002 0.036 23.687 0.015 23.696 25.357 0.000999999999999987 25.352 25.183 0 25.178
0.064 0.004 0.068 0.034 0.002 0.036 22.861 0.01 22.866 24.771 0.001 24.767 24.578 0 24.573
0.066 0.002 0.067 0.033 0.003 0.036 22.368 0.022 22.406 24.138 0 24.133 24.007 0 24.002
0.063 0.004 0.0680000000000001 0.033 0.003 0.035 22.616 0.01 22.622 24.238 0 24.232 24.109 0 24.103
0.06 0.003 0.0660000000000001 0.034 0.001 0.034 22.276 0.016 22.287 24.035 0 24.031 23.91 0 23.904
0.067 0.004 0.0720000000000001 0.036 0.001 0.037 23.026 0.011 23.032 24.909 0 24.904 24.885 0 24.88
0.059 0.005 0.064 0.031 0.003 0.034 22.903 0.00899999999999999 22.907 24.663 0 24.658 24.203 0 24.206
0.063 0.004 0.067 0.034 0.00199999999999999 0.035 22.076 0.014 22.085 23.813 0 23.81 23.695 0 23.689
0.062 0.005 0.067 0.032 0.003 0.035 22.513 0.011 22.519 24.235 0 24.23 24.113 0 24.107
0.063 0.005 0.068 0.033 0.003 0.036 22.668 0.00700000000000001 22.681 23.935 0 23.944 23.891 0 23.891
0.064 0.004 0.068 0.031 0.004 0.036 23.031 0.015 23.04 24.77 0 24.764 24.232 0 24.234
0.065 0.003 0.068 0.033 0.003 0.036 22.785 0.013 22.792 24.503 0 24.499 24.397 0 24.391
0.069 0 0.069 0.035 0.000999999999999994 0.036 23.438 0.017 23.466 25.286 0 25.295 25.051 0.001 25.062
0.063 0.004 0.068 0.03 0.005 0.035 22.967 0.013 22.974 24.74 0 24.736 24.561 0 24.556
0.062 0.006 0.068 0.032 0.004 0.035 22.57 0.016 22.581 24.395 0.001 24.39 24.249 0 24.243
0.059 0.008 0.067 0.031 0.005 0.036 22.721 0.008 22.723 24.453 0 24.448 24.316 0 24.31
0.059 0.004 0.063 0.031 0.003 0.035 22.416 0.014 22.424 24.209 0 24.205 24.075 0 24.069
0.058 0.008 0.065 0.03 0.004 0.035 22.753 0.011 22.757 24.486 0 24.481 24.342 0 24.336
0.061 0.003 0.063 0.034 0 0.035 22.598 0.02 22.611 24.39 0 24.386 24.237 0 24.232
0.091 0.005 0.0960000000000001 0.0469999999999999 0.002 0.0499999999999999 31.444 0.027 31.508 33.876 0 33.916 33.749 0.001 33.789
0.062 0.005 0.067 0.036 0 0.035 22.929 0.013 22.938 24.284 0 24.283 23.763 0 23.762
0.067 0.001 0.0690000000000001 0.035 0.00199999999999999 0.0359999999999999 22.997 0.015 23.008 24.797 0 24.793 24.643 0 24.639
0.065 0.003 0.067 0.032 0.003 0.035 22.465 0.007 22.468 24.233 0 24.227 24.089 0 24.084
0.062 0.005 0.067 0.036 0 0.036 22.555 0.013 22.563 24.346 0 24.341 24.219 0 24.213
0.067 0.00199999999999999 0.069 0.029 0.00600000000000001 0.035 24.783 0.007 24.784 25.994 0 25.999 25.563 0 25.568
0.067 0.003 0.0940000000000001 0.032 0.004 0.0349999999999999 22.907 0.012 22.915 24.675 0 24.67 24.466 0 24.461
0.066 0.001 0.067 0.033 0.002 0.036 22.487 0.015 22.496 24.11 0 24.105 23.967 0 23.962
0.0679999999999999 0.002 0.0900000000000001 0.034 0.002 0.036 23.219 0.007 23.222 25.076 0 25.071 24.89 0 24.885
0.061 0.007 0.069 0.034 0.002 0.036 23.123 0.013 23.129 24.865 0.001 24.86 24.746 0.001 24.916
0.065 0.003 0.068 0.032 0.004 0.036 22.364 0.017 22.375 24.215 0 24.211 24.059 0 24.053
0.062 0.005 0.068 0.034 0.002 0.036 22.317 0.012 22.323 24.065 0 24.06 23.924 0 23.92
0.064 0.00600000000000001 0.07 0.031 0.004 0.036 23.523 0.01 23.527 25.279 0 25.273 25.04 0 25.035
0.065 0.005 0.07 0.034 0.002 0.036 23.217 0.01 23.222 24.993 0 24.986 24.814 0 24.81
0.062 0.005 0.0690000000000001 0.032 0.004 0.0359999999999999 22.527 0.014 22.535 24.311 0 24.306 24.177 0 24.171
0.0610000000000001 0.007 0.068 0.032 0.003 0.035 22.409 0.012 22.416 24.166 0 24.16 24.037 0 24.032
0.064 0.004 0.068 0.033 0.00199999999999999 0.035 22.532 0.019 22.551 23.781 0 23.78 23.598 0 23.601
0.059 0.004 0.063 0.033 0.001 0.035 22.355 0.012 22.361 24.373 0 24.368 24.331 0 24.332
0.063 0.005 0.069 0.034 0.002 0.035 22.649 0.013 22.657 24.494 0 24.489 24.362 0.001 24.357
0.063 0.004 0.068 0.033 0.003 0.035 22.483 0.012 22.498 23.581 0.001 23.587 23.389 0 23.396
0.065 0.003 0.067 0.03 0.005 0.036 22.772 0.02 22.789 24.552 0 24.548 24.393 0 24.389
0.065 0.003 0.069 0.033 0.00199999999999999 0.035 22.576 0.008 22.578 24.273 0 24.269 24.155 0 24.149
0.065 0.003 0.068 0.035 0.001 0.036 22.643 0.013 22.651 24.446 0 24.441 24.397 0 24.39
0.061 0.002 0.063 0.033 0.00199999999999999 0.034 22.289 0.012 22.296 24.042 0 24.038 23.534 0 23.539
0.061 0.007 0.068 0.036 0 0.036 22.734 0.015 22.744 24.607 0 24.603 24.461 0 24.457
0.064 0.004 0.068 0.032 0.003 0.036 22.6 0.012 22.606 24.417 0 24.413 24.291 0 24.285
0.065 0.004 0.069 0.031 0.005 0.036 23.179 0.018 23.192 25.047 0 25.042 24.902 0 24.896
0.063 0.004 0.067 0.033 0.00199999999999999 0.035 22.403 0.013 22.411 23.894 0 23.896 23.113 0 23.111
0.065 0.003 0.068 0.028 0.008 0.035 22.415 0.01 22.421 23.973 0 23.968 23.659 0 23.653
0.067 0.00700000000000001 0.074 0.035 0.000999999999999994 0.036 22.937 0.011 22.943 24.741 0 24.737 24.616 0 24.611
0.063 0.007 0.07 0.035 0.001 0.036 22.586 0.008 22.589 24.332 0 24.328 24.18 0 24.174
0.065 0.003 0.068 0.033 0.003 0.036 24.66 0.013 24.667 26.408 0 26.402 26.026 0 26.021
0.062 0.00600000000000001 0.068 0.033 0.003 0.035 22.451 0.012 22.459 24.228 0 24.223 24.128 0 24.122
0.067 0.001 0.069 0.033 0.003 0.036 23.113 0.016 23.126 24.309 0 24.312 24.024 0 24.03
0.058 0.005 0.063 0.033 0.00199999999999999 0.035 22.058 0.017 22.07 23.945 0 23.94 23.805 0 23.8
0.061 0.00700000000000001 0.068 0.033 0.003 0.035 22.256 0.017 22.268 24.195 0 24.189 24.04 0 24.034
0.093 0.002 0.0950000000000001 0.041 0.00799999999999999 0.0489999999999999 30.516 0.017 30.568 32.985 0 33.023 32.751 0 32.791
0.056 0.007 0.063 0.034 0.001 0.036 22.476 0.016 22.497 24.243 0 24.238 24.1 0 24.094
0.064 0.004 0.067 0.03 0.005 0.036 22.549 0.011 22.553 24.274 0 24.271 24.14 0 24.133
0.062 0.006 0.068 0.033 0.003 0.036 22.798 0.013 22.807 23.852 0 23.858 23.641 0 23.654
0.062 0.006 0.068 0.035 0.001 0.036 23.503 0.012 23.51 25.317 0 25.313 25.191 0 25.186
0.066 0.003 0.0690000000000001 0.035 0.001 0.0359999999999998 22.792 0.018 22.805 24.677 0 24.671 24.548 0 24.543
0.064 0.005 0.0690000000000001 0.033 0.002 0.0359999999999999 23.151 0.014 23.159 25.061 0 25.054 24.807 0 24.802
0.067 0.001 0.089 0.031 0.005 0.036 22.471 0.013 22.478 24.238 0 24.234 24.099 0 24.093
0.067 0.001 0.068 0.033 0.003 0.036 22.554 0.009 22.557 24.242 0 24.237 24.117 0 24.111
0.063 0.005 0.089 0.032 0.004 0.036 22.369 0.017 22.381 24.1 0 24.095 23.961 0 23.955
0.063 0.005 0.068 0.032 0.004 0.036 22.454 0.013 22.462 24.236 0 24.231 24.063 0 24.056
0.065 0.003 0.068 0.032 0.004 0.036 22.527 0.012 22.534 24.247 0 24.242 24.1 0 24.094
0.065 0.00199999999999999 0.067 0.033 0.003 0.035 22.268 0.014 22.277 23.988 0 23.984 23.841 0 23.836
0.065 0.004 0.0710000000000001 0.03 0.005 0.035 22.759 0.014 22.767 24.697 0 24.692 24.45 0 24.445
0.064 0.00600000000000001 0.07 0.034 0.001 0.035 22.501 0.016 22.511 24.252 0 24.247 24.126 0 24.12
0.064 0.004 0.068 0.034 0.002 0.036 22.655 0.015 22.664 24.426 0 24.421 24.282 0 24.276
0.06 0.003 0.063 0.032 0.003 0.034 22.134 0.01 22.14 24.143 0 24.137 24.235 0 24.229
0.0659999999999999 0.003 0.068 0.033 0.003 0.037 23 0.017 23.012 24.846 0 24.841 24.702 0 24.697
0.06 0.003 0.063 0.03 0.004 0.034 22.085 0.013 22.093 24.022 0 24.017 24.211 0 24.205
0.061 0.006 0.068 0.035 0.001 0.035 22.456 0.024 22.475 24.256 0 24.251 24.11 0 24.105
0.063 0.005 0.067 0.031 0.004 0.036 23.38 0.013 23.39 24.291 0 24.3 24.236 0 24.241
0.06 0.002 0.062 0.032 0.003 0.035 22.18 0.01 22.185 23.998 0 23.993 24.202 0 24.199
0.065 0.002 0.067 0.035 0 0.036 23.019 0.011 23.026 24.697 0 24.693 24.564 0 24.561
0.065 0.00199999999999999 0.067 0.033 0.003 0.036 22.472 0.012 22.479 24.2 0 24.195 24.071 0 24.066
0.063 0.005 0.068 0.034 0.002 0.036 22.843 0.014 22.851 24.613 0.001 24.609 24.445 0 24.441
0.061 0.00600000000000001 0.067 0.034 0.00199999999999999 0.036 22.342 0.014 22.351 23.929 0 23.924 23.622 0 23.616
0.064 0.004 0.067 0.035 0 0.036 22.359 0.015 22.368 24.21 0 24.206 24.05 0 24.043
0.062 0.006 0.068 0.034 0.003 0.035 23.036 0.015 23.046 24.56 0 24.555 24.3 0 24.295
0.062 0.005 0.068 0.03 0.006 0.035 22.481 0.015 22.493 23.503 0 23.51 23.353 0 23.362
0.064 0.003 0.067 0.031 0.004 0.036 22.634 0.013 22.641 24.049 0 24.046 23.862 0 23.858
0.062 0.006 0.068 0.031 0.004 0.035 22.385 0.018 22.398 24.111 0 24.106 23.977 0 23.972
0.0649999999999999 0.003 0.0919999999999999 0.031 0.005 0.0350000000000001 22.758 0.01 22.764 24.552 0 24.546 24.355 0 24.349
0.067 0.001 0.068 0.034 0.002 0.036 22.719 0.01 22.723 24.519 0 24.514 24.398 0 24.392
0.067 0.001 0.0959999999999999 0.031 0.005 0.036 22.256 0.01 22.261 24.066 0 24.06 23.918 0 23.913
0.066 0.003 0.069 0.035 0.001 0.035 24.924 0.014 24.931 26.762 0 26.755 26.409 0 26.403
0.059 0.004 0.063 0.03 0.005 0.035 22.344 0.011 22.35 24.313 0 24.308 24.497 0 24.491
0.065 0.004 0.0899999999999999 0.032 0.003 0.0350000000000001 22.804 0.011 22.81 24.659 0 24.654 24.502 0 24.497
0.094 0.003 0.0960000000000001 0.0439999999999999 0.004 0.0489999999999999 31.977 0.022 32.036 34.547 0 34.589 34.271 0 34.312
0.06 0.007 0.067 0.032 0.004 0.036 22.976 0.011 22.981 24.753 0 24.749 24.607 0 24.603
0.061 0.006 0.0679999999999999 0.03 0.006 0.036 22.834 0.00800000000000001 22.836 24.547 0 24.542 24.455 0 24.449
0.063 0.005 0.067 0.033 0.003 0.036 22.64 0.015 22.65 24.387 0 24.382 24.277 0 24.271
0.061 0.007 0.068 0.033 0.003 0.036 22.449 0.012 22.456 24.252 0 24.246 24.113 0 24.108
0.061 0.007 0.068 0.028 0.007 0.035 22.436 0.01 22.441 24.223 0 24.218 24.078 0 24.072
0.065 0.003 0.068 0.031 0.004 0.036 22.868 0.011 22.872 24.039 0 24.045 23.819 0 23.83
0.058 0.005 0.063 0.032 0.003 0.035 22.061 0.011 22.08 24.064 0.001 24.076 24.17 0 24.18
0.064 0.004 0.068 0.028 0.00799999999999999 0.035 22.336 0.015 22.346 24.039 0 24.034 23.931 0 23.926
0.067 0.001 0.068 0.034 0.001 0.035 22.603 0.01 22.607 24.086 0 24.083 24.265 0 24.258
0.061 0.002 0.063 0.033 0.00199999999999999 0.035 22.355 0.009 22.359 24.208 0 24.202 24.081 0 24.077
0.067 0 0.067 0.033 0.003 0.036 22.371 0.01 22.376 24.097 0 24.092 23.882 0 23.876
0.059 0.004 0.062 0.031 0.004 0.035 22.042 0.015 22.052 24.027 0.001 24.024 24.183 0 24.176
0.06 0.003 0.064 0.033 0.001 0.034 22.184 0.013 22.192 24.05 0 24.045 23.895 0 23.889
0.069 0 0.068 0.032 0.004 0.035 22.841 0.015 22.853 24.106 0 24.112 23.829 0 23.837
0.066 0.001 0.067 0.033 0.00199999999999999 0.036 22.669 0.014 22.677 24.141 0 24.136 23.825 0 23.82
0.062 0.002 0.063 0.031 0.003 0.035 22.612 0.01 22.617 24.384 0 24.379 24.267 0 24.261
0.064 0.004 0.069 0.034 0.00199999999999999 0.035 23.158 0.015 23.167 24.66 0 24.655 24.369 0 24.365
0.063 0.004 0.067 0.032 0.004 0.036 22.559 0.008 22.562 24.333 0 24.328 24.183 0 24.177
0.063 0.005 0.068 0.035 0.001 0.036 22.785 0.015 22.795 24.501 0 24.496 24.355 0 24.349
0.063 0.005 0.068 0.035 0.001 0.036 22.812 0.012 22.818 23.89 0 23.896 23.699 0 23.711
0.058 0.005 0.063 0.027 0.007 0.034 22.092 0.014 22.1 23.911 0 23.908 24.168 0 24.163
0.065 0.003 0.068 0.033 0.00199999999999999 0.036 23.491 0.021 23.507 24.95 0 24.943 25.148 0 25.144
0.063 0.005 0.068 0.034 0.002 0.036 23.633 0.016 23.643 25.479 0 25.474 25.41 0 25.404
0.064 0.004 0.068 0.035 0 0.036 22.829 0.009 22.832 24.67 0 24.665 24.558 0 24.552
0.067 0.002 0.083 0.032 0.004 0.036 23.686 0.017 23.697 25.172 0.001 25.176 24.566 0 24.575
0.062 0.00600000000000001 0.068 0.034 0.002 0.035 22.699 0.013 22.707 24.49 0 24.484 24.353 0 24.348
0.063 0.005 0.085 0.035 0.001 0.0350000000000001 22.591 0.012 22.598 24.336 0.001 24.332 24.199 0 24.194
0.061 0.00600000000000001 0.067 0.032 0.004 0.035 22.564 0.013 22.572 24.323 0 24.318 24.181 0 24.175
0.063 0.005 0.069 0.032 0.004 0.035 22.524 0.014 22.533 24.365 0 24.36 24.214 0 24.208
0.064 0.004 0.068 0.033 0.003 0.035 23.04 0.017 23.052 24.767 0 24.762 24.61 0 24.604
0.066 0.001 0.067 0.035 0 0.035 22.251 0.01 22.256 23.736 0 23.732 23.947 0 23.941
0.063 0.005 0.093 0.032 0.004 0.036 22.462 0.015 22.472 24.282 0 24.277 24.129 0 24.124
0.058 0.005 0.063 0.031 0.003 0.034 22.073 0.012 22.08 24.018 0 24.013 24.186 0 24.18
0.065 0.004 0.069 0.035 0 0.035 24.711 0.015 24.72 26.424 0 26.418 26.139 0 26.134
0.064 0.004 0.068 0.034 0.002 0.036 23.007 0.016 23.017 24.848 0.001 24.845 24.745 0 24.74
0.06 0.003 0.064 0.032 0.002 0.034 22.355 0.011 22.369 23.825 0 23.83 23.467 0 23.462
0.064 0.003 0.068 0.036 0 0.036 22.769 0.011 22.776 23.824 0 23.83 23.326 0 23.339
0.066 0.001 0.067 0.032 0.003 0.036 22.276 0.017 22.287 23.714 0 23.71 23.567 0 23.563
0.067 0.003 0.07 0.031 0.004 0.035 22.482 0.015 22.506 24.221 0 24.233 24.061 0 24.071
0.064 0.003 0.068 0.034 0.002 0.036 22.337 0.017 22.349 24.126 0 24.122 23.989 0 23.983
0.056 0.008 0.064 0.032 0.003 0.035 22.716 0.01 22.721 24.59 0 24.585 24.414 0 24.408
0.066 0.001 0.067 0.029 0.007 0.036 22.546 0.009 22.55 24.013 0 24.008 23.805 0 23.8
0.065 0.004 0.069 0.033 0.002 0.036 24.735 0.01 24.739 26.556 0 26.549 26.346 0 26.341
0.066 0.003 0.069 0.029 0.00600000000000001 0.0359999999999999 23.118 0.00899999999999999 23.12 24.534 0 24.529 24.381 0 24.376
0.061 0.00600000000000001 0.068 0.034 0.00199999999999999 0.035 22.506 0.01 22.51 24.309 0 24.304 24.146 0 24.14
0.066 0.002 0.068 0.033 0.00199999999999999 0.036 22.537 0.00700000000000001 22.537 24.281 0 24.277 24.16 0 24.153
0.063 0.006 0.069 0.036 0 0.035 22.796 0.013 22.804 24.56 0 24.555 24.446 0 24.439
0.066 0.003 0.069 0.033 0.003 0.036 22.602 0.017 22.614 24.391 0 24.386 24.271 0 24.265
0.063 0.004 0.067 0.034 0.002 0.036 22.257 0.016 22.268 24.072 0 24.067 23.95 0 23.944
0.064 0.005 0.069 0.035 0.000999999999999994 0.036 23.034 0.011 23.041 24.728 0 24.724 24.603 0 24.6
0.064 0.004 0.068 0.034 0.00199999999999999 0.036 22.812 0.014 22.82 24.553 0 24.549 24.451 0 24.446
0.066 0.005 0.0959999999999999 0.033 0.003 0.036 24.839 0.014 24.847 26.546 0 26.541 26.48 0 26.474
0.061 0.008 0.069 0.031 0.005 0.036 22.404 0.00900000000000001 22.417 23.816 0 23.824 23.469 0 23.465
0.069 0.001 0.095 0.032 0.003 0.036 24.938 0.011 24.943 26.703 0 26.696 26.371 0 26.365
0.063 0.005 0.068 0.03 0.006 0.036 22.974 0.018 22.987 24.7 0 24.694 24.575 0 24.571
0.061 0.00700000000000001 0.068 0.028 0.007 0.035 22.698 0.014 22.707 24.436 0 24.431 24.319 0 24.313
0.066 0.00199999999999999 0.068 0.033 0.002 0.036 22.695 0.014 22.703 24.436 0 24.431 24.321 0 24.316
0.058 0.005 0.064 0.028 0.006 0.034 22.648 0.015 22.658 24.499 0 24.494 24.713 0 24.707
0.069 0.002 0.119 0.034 0.00199999999999999 0.0359999999999998 23.543 0.015 23.552 25.276 0 25.271 25.153 0 25.147
0.069 0.000999999999999994 0.0960000000000001 0.032 0.004 0.036 24.028 0.014 24.036 25.789 0 25.783 25.718 0 25.714
0.062 0.005 0.067 0.033 0.002 0.036 22.669 0.011 22.675 24.433 0 24.428 24.278 0 24.273
0.056 0.008 0.063 0.032 0.002 0.035 22.401 0.013 22.409 24.437 0 24.432 24.581 0 24.574
0.061 0.007 0.068 0.032 0.003 0.035 22.35 0.016 22.361 24.043 0 24.037 23.914 0 23.909
0.056 0.007 0.063 0.03 0.005 0.035 22.449 0.014 22.459 24.352 0 24.346 24.549 0 24.544
0.064 0.004 0.068 0.031 0.004 0.035 22.329 0.014 22.337 24.203 0 24.199 24.096 0 24.09
0.066 0.002 0.067 0.031 0.004 0.036 22.459 0.014 22.467 24.199 0 24.195 24.067 0 24.062
0.063 0.005 0.067 0.032 0.003 0.035 22.764 0.016 22.775 24.442 0 24.437 24.289 0 24.283
0.065 0.004 0.068 0.032 0.003 0.036 22.414 0.015 22.438 24.156 0.001 24.168 24.044 0 24.053
0.062 0.00700000000000001 0.07 0.03 0.006 0.035 22.408 0.005 22.408 24.155 0 24.151 24.04 0 24.033
0.062 0.00600000000000001 0.067 0.033 0.00199999999999999 0.036 22.764 0.01 22.769 24.324 0 24.318 24.038 0 24.031
0.063 0.008 0.071 0.033 0.003 0.036 22.907 0.00900000000000001 22.91 24.648 0 24.643 24.499 0 24.494
0.062 0.007 0.068 0.033 0.002 0.036 22.677 0.007 22.678 24.42 0 24.415 24.235 0 24.229
0.067 0.000999999999999994 0.068 0.033 0.002 0.035 22.598 0.015 22.608 24.354 0 24.348 24.205 0 24.201
0.06 0.007 0.067 0.033 0.003 0.036 22.289 0.016 22.299 24.057 0 24.053 23.916 0 23.911
0.057 0.01 0.067 0.035 0.001 0.035 22.492 0.015 22.503 23.936 0 23.93 23.676 0 23.672
0.061 0.004 0.064 0.03 0.004 0.035 22.355 0.008 22.357 24.139 0 24.133 24.028 0 24.024
0.064 0.004 0.068 0.032 0.003 0.035 22.465 0.00799999999999999 22.468 24.21 0 24.205 24.074 0 24.068
0.063 0.004 0.067 0.032 0.004 0.036 22.578 0.006 22.579 24.115 0 24.11 23.871 0 23.865
0.062 0.006 0.068 0.034 0.002 0.036 23.232 0.013 23.24 24.998 0 24.993 24.809 0 24.804
0.074 0.003 0.087 0.034 0.001 0.036 22.506 0.014 22.515 24.46 0 24.455 24.314 0 24.307
0.065 0.005 0.0919999999999999 0.036 0 0.036 22.731 0.018 22.744 24.518 0 24.514 24.339 0 24.333
0.062 0.005 0.067 0.033 0.002 0.035 22.405 0.014 22.414 24.166 0 24.161 24.021 0 24.016
0.064 0.004 0.067 0.033 0.002 0.036 22.599 0.013 22.606 24.399 0 24.395 24.237 0 24.231
0.065 0.003 0.068 0.034 0.002 0.036 22.94 0.01 22.943 24.673 0 24.669 24.569 0 24.564
0.06 0.004 0.063 0.031 0.003 0.035 22.45 0.013 22.457 24.213 0 24.209 24.077 0 24.071
0.061 0.006 0.068 0.03 0.006 0.035 22.617 0.017 22.629 24.474 0 24.468 24.351 0 24.345
0.065 0.003 0.068 0.033 0.002 0.035 22.687 0.017 22.699 24.486 0 24.481 24.3 0 24.295
0.066 0.005 0.071 0.035 0.001 0.036 25.058 0.016 25.068 26.828 0 26.822 26.555 0 26.55
0.063 0.004 0.067 0.03 0.00600000000000001 0.036 23.48 0.011 23.487 25.091 0 25.086 24.913 0 24.91
0.066 0.002 0.068 0.033 0.003 0.036 22.794 0.015 22.804 24.558 0 24.553 24.431 0 24.426
0.06 0.007 0.0669999999999999 0.033 0.003 0.036 22.581 0.019 22.595 24.359 0 24.354 24.243 0 24.238
0.067 0.00199999999999999 0.09 0.03 0.005 0.035 22.404 0.011 22.41 24.037 0 24.032 23.903 0 23.898
0.068 0.001 0.088 0.031 0.005 0.036 23.065 0.016 23.075 24.956 0 24.952 24.825 0 24.82
0.064 0.004 0.067 0.033 0.003 0.036 22.529 0.013 22.537 23.926 0 23.93 23.47 0 23.477
0.066 0.002 0.068 0.033 0.002 0.036 22.809 0.01 22.813 24.532 0 24.528 24.373 0 24.367
0.061 0.00700000000000001 0.068 0.033 0.00199999999999999 0.035 22.947 0.01 22.951 24.671 0 24.666 24.457 0 24.452
0.061 0.007 0.068 0.03 0.005 0.035 22.701 0.013 22.71 24.48 0 24.475 24.368 0 24.362
0.065 0.003 0.068 0.03 0.005 0.035 22.491 0.007 22.497 23.756 0 23.763 23.369 0 23.371
0.063 0.005 0.067 0.033 0.002 0.036 22.37 0.016 22.381 24.143 0 24.138 24.005 0 24
0.065 0.002 0.068 0.031 0.005 0.035 22.725 0.011 22.73 24.508 0 24.503 24.324 0 24.318
0.063 0.006 0.068 0.028 0.008 0.036 22.645 0.011 22.652 24.407 0 24.402 24.237 0 24.23
0.069 0.002 0.071 0.03 0.006 0.036 22.977 0.009 22.98 24.7 0 24.695 24.554 0 24.55
0.061 0.006 0.067 0.034 0.001 0.036 22.404 0.012 22.41 24.099 0 24.094 23.964 0 23.958
0.063 0.005 0.067 0.031 0.004 0.036 22.529 0.01 22.533 24.443 0 24.438 24.3 0 24.294
0.065 0.004 0.069 0.033 0.002 0.036 22.815 0.012 22.821 24.571 0 24.567 24.39 0.001 24.386
0.065 0.004 0.068 0.033 0.003 0.036 22.864 0.01 22.87 24.658 0 24.655 24.524 0 24.521
0.063 0.004 0.066 0.033 0.002 0.036 22.435 0.009 22.438 24.165 0 24.161 24.03 0 24.024
0.066 0.004 0.07 0.034 0.00199999999999999 0.036 22.835 0.012 22.842 24.59 0 24.585 24.484 0 24.478
0.072 0.003 0.075 0.033 0.004 0.037 23.014 0.009 23.018 24.742 0 24.737 24.641 0 24.636
0.066 0.005 0.071 0.033 0.002 0.035 22.464 0.011 22.469 24.265 0 24.26 24.115 0 24.109
0.064 0.003 0.068 0.033 0.003 0.035 22.31 0.013 22.318 24.106 0 24.101 24.007 0 24.002
0.063 0.004 0.381 0.032 0.003 0.0349999999999999 22.896 0.019 22.91 24.77 0 24.765 24.616 0 24.611
0.066 0.001 0.067 0.032 0.004 0.036 22.242 0.011 22.248 23.949 0 23.944 23.793 0 23.787
0.065 0.00600000000000001 0.071 0.032 0.003 0.035 22.823 0.012 22.831 24.566 0 24.56 24.38 0 24.374
0.064 0.004 0.068 0.034 0.003 0.036 22.614 0.02 22.63 24.335 0 24.331 24.202 0 24.196
0.061 0.00700000000000001 0.099 0.032 0.003 0.0349999999999999 22.11 0.016 22.121 24.086 0 24.082 23.999 0 23.993
0.063 0.005 0.101 0.031 0.00399999999999999 0.0349999999999999 22.502 0.013 22.523 24.396 0.001 24.408 24.344 0 24.354
0.068 0.005 0.169 0.037 0.002 0.04 25.496 0.18 26.118 24.037 0 24.04 23.738 0 23.737
0.061 0.007 0.171 0.032 0.004 0.036 22.689 0.01 22.692 24.456 0 24.451 24.292 0 24.287
0.067 0.002 0.068 0.032 0.003 0.036 23.097 0.018 23.109 24.874 0 24.869 24.735 0 24.731
0.057 0.006 0.063 0.032 0.002 0.034 22.484 0.016 22.495 24.25 0 24.245 24.098 0 24.092
0.066 0.001 0.067 0.03 0.005 0.035 22.113 0.011 22.119 23.831 0 23.826 23.718 0 23.713
0.062 0.006 0.068 0.034 0.002 0.035 22.578 0.013 22.587 24.32 0 24.315 24.18 0 24.174
0.06 0.00800000000000001 0.067 0.035 0 0.036 22.986 0.011 22.991 24.817 0 24.813 24.646 0 24.641
0.057 0.007 0.065 0.032 0.003 0.035 22.736 0.017 22.747 24.551 0.001 24.548 24.41 0 24.405
0.063 0.005 0.067 0.034 0.001 0.036 22.472 0.01 22.476 24.177 0 24.173 24.068 0.001 24.063
0.064 0.006 0.0880000000000001 0.034 0.001 0.0359999999999999 22.405 0.014 22.414 24.255 0.001 24.252 24.095 0 24.089
0.064 0.004 0.0910000000000001 0.033 0.003 0.0359999999999999 22.319 0.012 22.326 24.143 0 24.138 24.001 0 23.996
0.063 0.005 0.068 0.032 0.004 0.035 22.627 0.014 22.637 23.977 0 23.972 24.245 0.001 24.239
0.061 0.002 0.064 0.032 0.003 0.034 22.701 0.011 22.708 24.388 0 24.383 24.216 0 24.209
0.065 0.004 0.069 0.03 0.005 0.035 22.391 0.015 22.401 24.166 0 24.161 24.023 0 24.018
0.063 0.004 0.067 0.031 0.004 0.036 22.576 0.013 22.583 24.296 0 24.291 24.166 0 24.161
0.063 0.00600000000000001 0.068 0.034 0.001 0.036 22.786 0.00899999999999999 22.79 24.514 0 24.509 24.375 0 24.368
0.064 0.002 0.067 0.034 0.002 0.035 22.536 0.01 22.541 24.179 0 24.174 24.052 0 24.047
0.065 0.002 0.068 0.032 0.004 0.036 23.055 0.008 23.057 24.809 0 24.804 24.651 0 24.645
0.066 0.002 0.068 0.033 0.003 0.036 22.744 0.011 22.749 24.579 0 24.574 24.403 0 24.397
0.065 0.005 0.07 0.032 0.005 0.036 22.48 0.013 22.489 24.228 0 24.223 24.065 0 24.059
0.064 0.004 0.0670000000000001 0.032 0.003 0.0349999999999999 22.759 0.011 22.765 24.493 0 24.488 24.305 0 24.299
0.065 0.003 0.068 0.031 0.005 0.036 22.942 0.014 22.952 24.736 0 24.733 24.569 0 24.565
0.06 0.007 0.067 0.032 0.004 0.035 22.724 0.014 22.733 24.471 0 24.466 24.342 0 24.336
0.059 0.009 0.0679999999999999 0.033 0.003 0.036 22.538 0.013 22.553 23.842 0 23.851 23.452 0 23.45
0.061 0.007 0.069 0.034 0.003 0.036 22.727 0.011 22.733 24.133 0 24.129 24.353 0 24.347
0.064 0.003 0.067 0.03 0.006 0.036 22.639 0.015 22.649 24.38 0 24.375 24.218 0 24.212
0.065 0.004 0.103 0.035 0.001 0.035 22.632 0.013 22.64 24.439 0 24.434 24.29 0 24.285
0.068 0.001 0.103 0.031 0.005 0.0359999999999999 22.66 0.015 22.67 24.431 0 24.426 23.861 0 23.867
0.064 0.00199999999999999 0.065 0.034 0.001 0.035 22.382 0.019 22.396 24.137 0 24.132 23.999 0 23.993
0.064 0.004 0.068 0.034 0.00199999999999999 0.036 22.469 0.012 22.475 24.191 0 24.186 24.044 0 24.038
0.062 0.006 0.069 0.035 0.001 0.036 23.076 0.017 23.088 24.804 0 24.798 24.702 0 24.697
0.063 0.004 0.067 0.034 0.002 0.036 22.351 0.018 22.365 24.226 0 24.222 24.06 0 24.055
0.062 0.006 0.067 0.034 0.001 0.036 22.651 0.014 22.659 24.415 0 24.41 24.246 0 24.241
0.064 0.004 0.0990000000000001 0.035 0.001 0.0349999999999999 22.989 0.012 22.996 24.673 0 24.668 24.609 0 24.606
0.064 0.004 0.068 0.031 0.004 0.036 22.527 0.015 22.536 24.311 0 24.306 24.172 0 24.166
0.066 0.002 0.067 0.032 0.003 0.035 22.209 0.012 22.217 23.537 0 23.531 23.426 0 23.42
0.064 0.003 0.067 0.031 0.004 0.035 22.48 0.011 22.486 24.108 0 24.103 23.945 0 23.939
0.059 0.004 0.063 0.033 0.002 0.034 22.008 0.011 22.014 23.853 0 23.848 23.693 0 23.689
0.065 0.003 0.068 0.032 0.003 0.035 22.363 0.015 22.372 24.143 0 24.138 23.989 0 23.983
0.068 0.003 0.0740000000000001 0.032 0.004 0.0359999999999999 22.975 0.01 22.979 24.767 0 24.762 24.628 0 24.622
0.062 0.002 0.064 0.031 0.003 0.035 22.457 0.01 22.461 24.222 0 24.217 24.087 0 24.081
0.062 0.006 0.068 0.033 0.003 0.036 22.472 0.015 22.482 24.428 0 24.423 24.279 0 24.274
0.062 0.007 0.0710000000000001 0.033 0.003 0.0359999999999999 23.126 0.00800000000000001 23.13 24.868 0 24.863 24.709 0 24.704
0.06 0.003 0.063 0.032 0.003 0.035 22.944 0.012 22.951 25.087 0 25.081 25.065 0 25.06
0.064 0.004 0.068 0.028 0.008 0.035 22.573 0.011 22.579 24.35 0.001 24.346 24.228 0 24.223
0.059 0.005 0.064 0.033 0.002 0.034 21.989 0.02 22.007 24.046 0 24.042 24.131 0 24.127
0.06 0.003 0.064 0.03 0.005 0.034 23.486 0.012 23.492 25.077 0 25.079 24.545 0 24.546
0.067 0.002 0.07 0.033 0.003 0.036 24.845 0.013 24.851 26.171 0 26.175 25.648 0 25.652
0.07 0.001 0.071 0.033 0.003 0.036 23.056 0.01 23.06 24.78 0 24.775 24.659 0 24.654
0.064 0.004 0.068 0.035 0.001 0.037 22.814 0.011 22.818 24.543 0.00199999999999999 24.541 24.458 0 24.452
